3.00 50000.00 4.00 100000.00 0.05 0.50 0.00 0.01 57.15 15.49 83.33 48.92 6.46 78.10 0.06 66.83 3.55 2.04 3.84e-05 8.40e-05 iris_0 
3.00 50000.00 4.00 100000.00 0.05 0.50 0.00 0.01 46.86 13.01 93.33 37.01 15.87 90.32 0.11 46.68 4.10 2.19 6.54e-05 1.59e-04 iris_1 
4.00 50000.00 4.00 100000.00 0.05 0.50 0.00 0.01 58.25 9.10 77.14 70.98 32.35 99.08 0.02 68.88 2.63 3.57 7.20e-05 1.62e-04 Ionosphere_0 
4.00 50000.00 4.00 100000.00 0.05 0.50 0.00 0.01 57.84 7.02 75.92 79.57 16.26 94.50 0.20 64.12 4.35 3.62 1.29e-05 3.40e-05 Ionosphere_1 
5.00 50000.00 4.00 100000.00 0.05 0.50 0.00 0.01 89.49 7.24 95.71 95.93 4.74 99.52 0.88 29.94 11.08 4.03 6.12e-05 1.58e-04 Cancer_0 
6.00 50000.00 4.00 100000.00 0.05 0.50 0.00 0.01 76.86 2.17 79.71 50.52 6.74 66.67 0.00 23.76 322.29 28.85 5.70e-05 2.39e-04 bank-additional_0 
6.00 50000.00 4.00 100000.00 0.05 0.50 0.00 0.01 79.08 0.34 79.81 78.42 0.39 79.40 0.12 7.56 131.26 43.11 3.09e-05 1.53e-04 bank-additional_1 
7.00 50000.00 4.00 100000.00 0.05 0.50 0.00 0.01 85.51 2.22 89.46 80.55 2.35 84.11 0.00 23.98 1246.60 58.36 3.93e-06 1.47e-05 PenDigit_0 
7.00 50000.00 4.00 100000.00 0.05 0.50 0.00 0.01 84.36 3.34 90.14 79.47 2.38 84.45 0.06 23.19 1042.21 57.86 2.32e-05 1.12e-04 PenDigit_1 
3.00 50000.00 4.00 100000.00 0.05 0.25 0.00 0.01 65.98 8.07 85.56 39.45 22.78 87.88 0.37 71.39 3.84 2.12 3.75e-05 1.07e-04 iris_2 
3.00 50000.00 4.00 100000.00 0.05 0.25 0.00 0.01 57.29 14.07 87.78 34.71 12.71 92.96 0.24 62.54 4.21 2.07 2.34e-05 7.45e-05 iris_3 
4.00 50000.00 4.00 100000.00 0.05 0.25 0.00 0.01 67.97 6.54 83.27 63.96 15.54 94.50 0.02 53.11 5.48 3.43 2.87e-05 3.54e-05 Ionosphere_2 
4.00 50000.00 4.00 100000.00 0.05 0.25 0.00 0.01 57.00 10.73 77.14 46.24 33.78 93.58 0.05 37.78 6.12 3.45 1.96e-05 2.93e-05 Ionosphere_3 
5.00 50000.00 4.00 100000.00 0.05 0.25 0.00 0.01 93.87 2.41 97.14 98.82 0.77 99.52 0.01 23.76 14.68 4.56 9.41e-05 3.73e-04 Cancer_2 
5.00 50000.00 4.00 100000.00 0.05 0.25 0.00 0.01 86.85 8.83 96.32 92.94 5.65 98.57 0.01 28.79 6.53 4.38 3.28e-05 1.42e-04 Cancer_3 
6.00 50000.00 4.00 100000.00 0.05 0.25 0.00 0.01 78.38 0.85 80.17 78.48 0.76 79.90 0.27 47.21 332.13 56.18 2.73e-06 1.19e-05 bank-additional_3 
7.00 50000.00 4.00 100000.00 0.05 0.25 0.00 0.01 83.97 4.27 91.66 80.27 3.82 86.76 0.00 30.57 1199.85 61.26 2.37e-05 1.64e-04 PenDigit_2 
7.00 50000.00 4.00 100000.00 0.05 0.25 0.00 0.01 80.58 1.42 83.43 75.16 1.42 79.22 0.26 34.43 1216.42 61.63 1.31e-05 1.08e-04 PenDigit_3 
8.00 50000.00 4.00 100000.00 0.05 0.25 0.00 0.01 81.51 16.55 100.00 83.12 15.79 100.00 0.00 51.50 4026.44 253.31 1.34e-06 3.58e-06 chess_2 
