1.615133660379797220e-04
9.321636753156781197e-05
1.766385503287892789e-05
6.539846799569204450e-05
1.110883458750322461e-04
1.768047659425064921e-04
2.262800808239262551e-05
1.027354119287338108e-05
2.432130349916405976e-05
2.170636253140401095e-05
2.095057243423070759e-05
4.681040081777609885e-06
9.605650120647624135e-06
3.867768555210204795e-06
1.691025317995809019e-05
1.833480746427085251e-05
2.005849273700732738e-05
2.835077975760214031e-05
1.918724592542275786e-05
4.166864528087899089e-06
5.065485311206430197e-06
1.375960800942266360e-05
1.704342321318108588e-05
1.138156585511751473e-05
1.592452463228255510e-05
2.136072544089984149e-05
2.359662903472781181e-05
4.258762783138081431e-05
4.354583143140189350e-05
4.638911559595726430e-05
1.228060500579886138e-05
3.341999035910703242e-05
7.199427636805921793e-05
5.791264629806391895e-05
3.840178032987751067e-05
3.550791007000952959e-05
1.453148342989152297e-06
1.419937234459212050e-06
1.080326637747930363e-05
3.326340447529219091e-05
1.606086152605712414e-05
1.508269974692666437e-06
1.373323129882919602e-06
1.604569433766300790e-06
6.033430963725550100e-06
9.391214007337111980e-06
1.156785128841875121e-05
8.880479072104208171e-07
2.698614025575807318e-06
5.826264969073235989e-04
