4.00 50000.00 2.00 5.00 0.05 0.20 0.00 0.01 51.11 10.03 76.73 22.86 23.27 88.07 0.00 77.27 125.51 10.98 658.00 2.99e-05 1.08e-04 Ionosphere_1 
4.00 50000.00 2.00 5.00 0.05 0.40 0.00 0.01 77.31 4.91 86.12 74.67 10.28 96.33 0.00 59.42 115.41 12.83 769.00 4.04e-05 7.83e-05 Ionosphere_2 
4.00 50000.00 2.00 5.00 0.05 0.60 0.00 0.01 50.99 9.37 72.65 45.75 30.69 93.58 0.00 81.89 125.18 12.69 761.00 2.10e-05 6.63e-05 Ionosphere_3 
4.00 50000.00 2.00 5.00 0.05 0.80 0.00 0.01 53.48 7.74 69.80 81.00 18.77 92.66 0.00 58.84 127.39 10.38 622.00 1.83e-05 4.45e-05 Ionosphere_4 
5.00 50000.00 2.00 5.00 0.05 0.20 0.00 0.01 95.63 0.61 96.73 98.78 0.45 99.52 0.00 71.91 185.06 13.58 814.00 5.95e-05 6.09e-05 Cancer_0 
5.00 50000.00 2.00 5.00 0.05 0.40 0.00 0.01 85.48 13.44 96.52 90.89 11.61 99.52 0.00 54.15 235.73 15.45 926.00 1.18e-04 4.90e-04 Cancer_1 
5.00 50000.00 2.00 5.00 0.05 0.60 0.00 0.01 94.03 1.55 96.93 98.97 0.56 99.52 0.00 37.73 195.24 14.79 887.00 2.45e-05 5.43e-05 Cancer_2 
5.00 50000.00 2.00 5.00 0.05 0.80 0.00 0.01 70.49 12.81 95.71 82.09 6.22 98.10 0.00 19.46 234.85 11.77 706.00 9.22e-05 3.73e-04 Cancer_3 
6.00 50000.00 2.00 5.00 0.05 0.20 0.00 0.01 72.78 9.30 79.36 73.10 9.48 79.50 0.00 54.95 3035.63 155.40 9324.00 4.10e-05 1.41e-04 bank-additional_0 
6.00 50000.00 2.00 5.00 0.05 0.40 0.00 0.01 79.07 0.35 80.19 78.12 0.38 79.26 0.00 25.84 3002.02 77.19 4631.00 1.37e-04 5.94e-04 bank-additional_1 
6.00 50000.00 2.00 5.00 0.05 0.60 0.00 0.01 77.64 0.59 78.95 77.82 0.49 79.22 0.00 24.15 3191.84 59.47 3567.00 2.10e-06 2.71e-06 bank-additional_2 
6.00 50000.00 2.00 5.00 0.05 0.80 0.00 0.01 75.91 1.25 78.45 75.79 1.00 77.48 0.00 10.17 3084.54 38.24 2294.00 1.49e-04 6.35e-04 bank-additional_3 
