-89.39750 -87.98900
-89.61870 -87.80420
-89.43070 -87.85670
-89.56720 -87.77730
-89.15630 -87.60950
-89.08540 -87.38880
-88.99010 -86.77480
-89.06490 -86.90600
-89.71800 -87.52810
-89.93740 -87.42060
-90.28790 -87.63370
-90.17140 -87.43290
-90.24640 -87.52010
-90.06410 -87.47500
-89.99800 -87.50910
-89.98400 -87.29990
-90.12750 -87.63130
-90.30700 -87.99110
-90.27420 -87.93080
-89.85370 -88.03350
-89.63070 -87.85000
-89.78330 -87.74350
-90.27700 -87.79040
-90.64570 -87.86680
-90.55180 -87.46480
-90.46500 -87.64050
-90.99740 -88.15200
-90.97670 -87.79410
-91.17740 -87.95190
-90.84640 -88.35880
-90.97590 -88.20240
-90.39110 -88.05580
-90.18020 -87.98690
-90.29670 -87.93770
-90.41540 -88.05470
-90.47350 -88.12030
-90.31620 -88.35630
-90.45880 -87.88280
-90.47900 -87.73950
-90.20230 -87.53910
-90.19120 -87.43650
-90.42220 -88.96560
-90.46100 -88.83640
-89.78720 -88.38900
-90.57500 -88.82690
-90.07040 -88.41790
-90.05180 -88.34590
-90.67450 -88.67980
-90.17320 -88.56660
-90.17840 -88.70140
-90.03020 -88.96870
-89.88880 -88.93740
-89.95330 -88.48010
-90.28400 -88.66250
-90.19140 -88.64810
-90.43600 -88.75750
-91.01430 -89.01210
-90.74040 -89.00530
-90.55670 -88.88000
-90.52970 -88.76410
-90.40180 -89.03940
-90.48720 -89.17370
-90.42320 -88.96170
-90.59920 -89.10890
-90.41720 -89.18840
-90.24570 -89.29550
-90.06040 -89.26960
-89.88940 -89.24900
-90.29300 -89.48160
-89.82590 -89.09740
-89.75780 -89.15050
-89.77350 -89.04600
-89.63130 -88.82460
-89.19140 -88.50980
-88.77400 -88.22130
-88.77910 -87.69740
-88.41350 -87.67420
-88.47240 -87.69940
-88.62570 -87.64330
-88.10880 -87.49370
-88.48070 -87.60560
-88.26170 -87.52400
-88.55350 -87.25240
-88.51590 -86.98270
-88.50870 -87.02130
-88.73490 -87.36030
-88.46180 -86.82190
-88.30230 -86.36080
-87.99540 -86.02390
-88.20800 -86.02360
-88.39310 -86.40550
-88.42040 -86.43510
-88.69340 -86.35330
-89.07240 -86.50180
-88.99320 -86.40230
-88.62560 -86.35280
-88.06320 -86.09150
-88.20970 -86.07980
-88.17670 -85.95880
-87.98150 -85.97610
-87.90420 -85.88480
-88.00330 -86.09720
-87.76950 -85.95030
-88.27260 -86.03720
-88.23890 -85.92160
-88.64400 -86.10750
-88.27930 -85.82770
-88.05870 -85.84890
-87.99720 -85.87170
-88.06300 -85.87440
-87.56970 -85.74290
-87.58330 -85.74970
-88.15410 -85.47380
-88.24580 -85.53180
-88.05970 -85.43820
-87.99880 -85.32670
-88.22710 -86.25380
-88.14830 -86.53080
-88.48640 -86.82550
-88.31300 -86.54120
-88.49290 -86.80170
-88.37690 -86.77840
-88.36200 -86.64080
-88.42090 -86.42550
-88.41450 -86.43630
-88.46690 -86.51060
-88.83620 -86.68230
-88.92590 -86.68300
-88.66790 -86.47020
-88.68190 -86.14370
-88.51500 -86.20910
-88.38150 -86.19910
-88.59670 -86.20410
-88.68240 -86.19000
-88.89930 -86.08740
-88.89270 -85.96370
-88.83320 -85.94260
-88.83480 -85.99120
-88.99750 -86.26860
-89.08930 -86.04690
-89.18730 -86.04470
-89.12430 -86.14600
-88.98390 -86.18920
-89.27470 -86.39840
-88.84300 -86.19580
-89.06190 -86.23770
-89.07760 -86.10940
-89.05770 -86.42530
-89.03000 -86.27200
-88.85690 -86.38970
-88.71540 -86.15680
-88.42400 -87.32690
-88.77440 -87.60800
-88.53840 -87.45100
-88.85920 -87.56000
-88.75050 -87.51890
-89.22170 -87.60190
-89.11710 -87.43050
-89.02330 -87.52480
-88.63120 -87.43400
-88.34740 -86.92400
-88.86580 -87.15500
-89.38800 -87.30530
-89.43040 -87.48670
-89.59390 -87.37640
-89.68860 -87.30880
-89.74530 -87.04430
-90.11360 -87.11080
-90.10970 -87.22440
-90.52980 -87.74320
-90.64800 -87.72190
-90.65940 -87.90480
-90.41120 -87.90360
-90.30790 -87.57190
-90.33780 -87.83680
-90.21610 -87.80420
-89.51470 -87.60570
-89.09230 -87.25190
-89.09220 -87.48010
-88.97030 -87.39690
-88.93780 -87.40650
-89.09550 -87.05970
-89.47980 -87.27010
-89.77000 -87.47600
-89.63100 -87.27410
-89.35030 -87.28890
-88.55490 -87.15100
-88.52040 -87.08850
-88.44890 -87.28620
-88.09300 -87.13460
-87.91110 -86.79420
-87.42370 -86.51760
-87.09520 -86.19940
-87.17750 -86.54210
-86.96210 -86.31230
-86.97360 -86.04340
-87.04670 -85.44260
-87.65920 -85.82780
-87.73610 -85.94530
-88.05580 -86.45660
-87.69560 -86.48770
-87.48690 -86.41090
-87.59520 -86.27480
-87.63000 -86.30650
-87.53430 -86.12680
-87.58250 -86.20140
-88.07290 -86.24700
-88.27610 -88.03150
-88.40440 -88.09680
-87.90980 -88.12670
-88.05910 -88.23230
-87.80830 -88.26500
-87.83520 -87.97200
-87.79360 -88.04890
-87.54570 -88.06120
-87.34160 -87.80020
-87.08050 -87.81360
-87.75360 -87.76180
-87.42490 -87.68570
-87.66190 -87.84120
-87.94600 -87.94760
-87.73070 -88.34910
-88.04740 -88.24030
-87.71600 -88.29230
-87.88470 -88.00640
-87.95110 -88.01990
-88.05120 -88.06110
-87.34030 -87.61810
-87.30840 -87.65660
-87.17890 -87.65700
-86.73040 -87.30240
-86.72900 -87.07190
-86.91580 -87.03760
-86.72330 -86.79080
-86.88230 -86.53280
-86.60960 -86.63910
-86.14120 -86.56100
-85.98620 -86.63770
-85.23720 -86.22370
-85.43050 -86.09600
-86.00020 -86.27620
-86.27080 -86.14260
-86.52900 -86.02800
-86.70790 -86.33730
-86.59820 -86.34900
-86.63990 -86.05070
-86.51030 -85.51030
-86.41650 -85.44260
-85.92970 -84.64620
-85.84430 -84.88930
-85.60150 -85.04410
-85.67970 -84.27910
-85.12880 -82.82350
-85.27180 -82.55530
-85.36500 -81.72770
-85.14340 -81.19180
-85.22690 -81.28080
-85.10520 -81.32810
-78.02460 -76.37270
-77.84790 -76.29870
-77.89270 -76.50270
-77.93840 -76.51660
-77.88840 -76.52570
-77.52980 -76.43110
-77.81210 -76.25260
-77.96390 -76.23950
-77.95100 -76.37920
-78.10510 -76.39490
-78.40780 -76.63560
-78.33290 -76.51550
-78.16870 -76.42760
-78.19570 -76.24450
-78.19340 -76.41780
-78.14470 -76.35740
-78.11960 -76.38200
-77.76130 -76.19610
-77.88370 -75.95970
-77.75030 -75.75580
-77.90320 -75.76680
-77.88050 -75.58160
-77.99270 -75.84110
-78.19910 -76.01670
-78.01310 -75.82000
-78.17980 -75.79500
-78.64460 -75.87230
-78.48330 -75.74650
-78.63420 -75.82850
-78.59240 -75.02440
-78.31030 -75.14480
-78.63060 -75.31440
-78.34480 -75.45320
-78.32380 -75.40130
-77.80800 -75.26080
-77.85090 -75.56760
-77.91410 -75.93780
-78.04510 -76.16850
-78.30050 -76.20850
-78.61080 -76.34880
-79.04810 -76.74780
-79.04650 -76.75450
-78.86520 -76.63350
-79.37840 -77.03940
-79.45740 -77.09750
-79.39500 -77.06810
-79.75090 -78.76590
-79.76420 -78.64110
-79.54700 -78.81800
-79.08990 -78.61020
-79.52540 -78.76500
-79.10960 -78.63420
-79.40280 -79.06930
-78.90280 -79.08590
-78.74780 -78.91290
-78.74790 -78.90270
-79.09030 -79.04780
-79.07120 -78.91210
-78.76990 -78.48600
-78.82650 -78.49080
-78.91610 -78.57330
-79.11520 -78.83840
-78.79940 -78.56340
-78.62580 -78.40520
-78.87380 -78.26520
-79.01510 -78.35050
-78.85530 -78.34420
-78.63780 -78.18140
-78.60450 -78.11800
-78.69990 -78.10140
-78.63190 -78.26160
-78.69000 -78.30280
-78.73880 -78.40280
-78.77420 -78.29890
-78.12720 -78.26310
-78.31210 -78.38390
-78.27730 -78.44280
-78.20710 -78.37750
-77.07330 -77.56690
-77.39560 -77.74340
-77.40230 -77.66440
-77.74890 -77.50930
-77.51600 -77.26370
-77.40090 -77.18370
-77.34680 -77.21060
-78.03550 -77.60580
-77.80400 -77.25640
-78.49500 -77.32430
-78.51200 -77.61290
-78.69460 -77.69070
-78.86050 -78.27620
-79.17710 -78.83330
-79.06890 -78.75850
-78.91520 -78.69870
-78.61370 -78.59020
-78.75990 -78.51830
-78.12320 -78.32560
-78.50210 -78.44740
-78.53140 -78.30460
-78.74860 -77.01530
-79.03840 -77.14530
-78.91020 -77.07500
-79.16340 -77.32600
-79.11350 -77.13500
-78.92370 -77.26170
-78.83960 -77.20150
-78.92610 -77.42370
-78.80800 -77.26460
-79.33740 -77.27650
-79.16740 -77.35320
-79.67640 -77.47420
-79.72470 -77.42760
-79.67370 -77.60020
-79.11360 -77.80380
-78.97790 -77.65250
-79.44310 -77.40730
-79.44330 -77.49320
-79.18470 -77.37230
-79.22060 -77.56120
-79.38880 -77.67600
-79.63320 -77.81720
-79.55990 -77.85730
-79.44960 -78.00260
-79.84930 -78.58630
-79.68240 -78.38100
-79.56840 -78.36110
-79.51520 -78.26940
-79.54560 -78.22330
-79.66560 -78.24490
-79.65860 -78.21720
-79.92340 -78.32700
-79.80260 -78.22250
-79.97690 -78.25530
-80.15200 -78.30160
-80.18070 -78.10970
-80.16330 -77.92730
-80.38980 -78.16510
-80.43960 -78.35110
-80.62840 -78.38080
-80.61480 -78.36270
-80.62970 -78.40250
-80.84550 -79.30600
-80.71230 -79.41260
-81.21870 -79.50090
-81.03510 -79.68250
-81.48130 -79.84990
-81.73140 -79.77530
-81.53060 -79.74460
-80.66650 -79.60370
-81.08440 -79.42580
-81.10540 -79.43150
-81.35210 -79.48810
-80.97880 -79.58880
-81.10060 -79.69280
-81.74260 -79.62460
-81.34240 -79.48670
-81.15240 -79.46930
-81.15060 -79.47420
-81.13170 -79.48860
-80.98600 -79.31060
-80.76340 -79.24630
-80.51660 -79.09510
-80.59580 -79.19920
-80.25240 -79.18690
-79.63770 -78.56270
-79.35840 -78.49690
-79.45630 -78.44150
-79.42580 -78.47890
-79.65880 -78.47840
-79.08780 -78.36970
-78.43440 -78.31800
-78.28720 -77.68000
-77.90320 -77.51680
-77.74010 -77.42490
-77.95060 -77.61500
-77.46570 -77.48510
-77.75520 -77.45010
-77.93170 -77.47760
-77.91650 -77.70010
-77.68170 -77.65370
-77.83720 -77.62960
-77.68120 -77.62450
-77.67490 -77.54820
-77.97500 -77.52540
-77.76320 -77.38960
-77.80610 -77.42550
-79.06380 -78.98760
-78.63480 -78.80900
-78.48970 -78.86160
-78.16070 -78.57110
-77.72500 -78.60420
-77.88610 -78.52980
-77.84490 -78.53450
-77.48600 -78.34840
-77.26260 -78.31460
-77.57220 -78.17370
-77.81410 -78.09550
-77.40230 -78.05080
-77.49620 -78.44030
-77.34450 -77.99290
-77.23320 -77.92600
-76.71940 -77.79530
-76.61450 -77.67460
-76.48330 -77.47720
-76.60670 -77.43230
-76.10680 -77.22420
-75.89580 -77.25530
-75.73690 -77.21480
-75.58740 -77.13560
-75.55080 -76.98660
-75.71490 -77.03590
-75.66980 -76.36820
-75.16210 -76.10490
-75.22730 -76.16490
-75.47330 -76.28460
-75.00100 -76.16320
-74.33540 -75.92250
-74.01650 -75.45840
-73.99050 -75.43660
-74.00820 -75.42590
-74.04600 -75.42110
-74.14100 -75.36800
-74.30850 -75.53310
-74.19720 -75.52790
-74.12650 -75.48180
-74.15350 -75.44900
-73.45110 -75.21830
-74.19680 -75.21810
-74.01560 -75.02930
-73.82730 -74.93170
-74.18340 -75.06840
-73.28950 -74.72620
-73.64330 -74.57970
-73.09820 -74.31670
-73.23600 -74.31640
-72.89310 -74.14520
-66.89440 -65.77860
-66.88810 -65.67700
-66.73430 -65.62720
-66.77110 -65.62630
-66.96360 -65.73440
-67.04040 -65.91560
-67.09180 -65.92960
-66.80650 -65.89300
-67.17860 -65.67220
-66.78900 -65.37300
-66.74220 -65.34090
-66.87670 -65.25700
-66.89520 -65.28710
-67.07770 -65.28170
-67.02640 -65.47830
-67.13340 -65.56900
-66.99900 -65.31990
-67.12550 -65.44320
-66.99620 -65.24490
-66.92930 -65.07670
-67.07190 -65.14340
-67.29490 -65.14900
-67.33180 -65.20040
-67.46690 -65.29860
-67.38910 -65.31800
-67.52050 -65.35010
-67.52000 -65.27300
-67.63000 -65.49320
-67.65960 -65.50300
-67.34090 -65.59010
-67.35210 -65.70900
-67.21040 -65.68150
-67.54420 -65.69350
-67.76350 -65.75070
-67.71110 -65.57610
-67.56970 -65.68650
-67.51430 -65.71930
-67.87600 -65.78930
-68.04400 -65.78770
-67.54560 -65.56820
-67.91000 -65.56140
-67.67530 -65.69230
-67.84320 -65.69730
-68.08940 -65.78440
-68.14440 -65.69010
-68.13890 -65.60180
-67.78880 -65.62870
-67.80410 -65.64360
-67.98660 -65.63170
-67.59140 -65.57470
-67.19080 -65.59620
-67.14580 -65.60400
-67.20030 -65.47560
-67.27630 -65.45630
-67.38180 -65.63230
-67.31730 -65.73750
-67.41420 -65.92990
-68.02560 -66.32470
-67.83080 -66.21260
-67.70980 -66.26710
-67.56280 -66.19100
-67.45420 -66.00690
-68.11180 -66.97500
-68.48480 -67.00200
-68.21030 -67.23430
-67.92760 -67.19690
-67.54990 -66.97080
-67.57710 -67.07520
-67.53420 -66.70260
-67.09730 -66.52600
-67.22380 -66.52600
-67.18500 -66.74410
-67.03310 -66.60140
-67.05530 -66.51260
-67.24170 -66.48350
-67.59630 -66.43810
-67.82080 -66.64630
-67.86860 -66.68760
-67.94430 -66.70010
-67.76040 -66.59080
-67.92500 -66.59310
-67.86670 -66.72620
-67.97880 -66.75860
-67.85780 -66.65970
-67.92210 -66.72960
-67.79600 -66.80020
-67.77220 -66.71460
-67.69030 -66.75190
-67.84710 -66.95510
-67.85620 -66.91300
-67.80530 -66.91440
-67.65590 -67.01000
-67.66250 -67.04490
-67.42130 -66.93320
-66.65190 -66.12070
-66.92030 -66.25420
-67.21030 -66.05420
-66.68050 -65.89350
-66.59720 -65.85200
-66.71610 -65.73400
-66.93990 -65.89220
-67.39190 -66.27190
-67.50940 -66.61370
-67.75740 -66.80910
-67.59670 -66.68390
-67.45310 -66.55240
-67.39100 -66.54790
-67.20050 -66.41670
-67.31130 -66.36550
-66.89980 -66.20710
-66.91960 -66.30650
-66.99420 -66.50550
-67.17440 -66.51820
-67.19740 -65.98800
-66.98280 -65.84620
-66.59650 -65.63580
-66.68570 -65.59610
-66.76360 -65.77020
-66.71950 -65.56150
-66.58400 -65.42580
-66.57060 -65.28660
-66.37590 -65.10380
-66.21760 -65.08700
-66.21560 -64.92410
-66.57290 -64.90610
-66.52760 -64.97420
-66.36190 -64.92180
-66.26500 -65.07180
-66.43660 -65.19040
-66.65420 -65.32160
-66.51880 -65.52530
-66.79440 -65.92770
-66.94200 -65.97070
-66.81850 -65.88440
-66.96710 -65.86640
-66.80750 -65.85800
-66.77760 -65.76980
-66.66000 -65.67050
-66.65690 -65.69820
-66.60990 -65.63510
-66.56700 -65.61740
-66.62370 -65.70920
-66.64420 -65.77830
-66.65630 -65.46920
-66.81660 -65.44930
-67.05840 -65.37040
-66.94020 -65.38940
-66.49720 -64.91940
-66.76740 -65.07000
-66.39480 -64.88990
-66.42840 -64.82870
-66.19190 -64.78180
-66.30250 -64.72060
-66.27580 -64.62190
-66.21780 -64.71210
-66.24160 -64.76520
-65.90050 -64.62810
-66.06430 -64.68500
-66.01770 -64.62480
-66.03800 -64.68520
-66.06390 -64.56120
-65.93820 -64.42970
-67.77720 -66.91610
-67.77100 -66.84750
-67.93790 -66.84320
-67.76750 -66.82370
-68.08550 -66.97220
-67.88740 -66.83580
-67.71700 -66.78800
-67.76460 -66.84020
-67.21400 -66.64580
-67.20820 -66.50020
-67.54540 -66.44990
-67.76270 -66.52000
-67.73150 -66.47900
-67.44510 -66.63940
-67.55900 -66.53830
-67.69200 -66.50200
-67.56490 -66.44850
-67.77920 -66.46160
-67.48440 -66.34480
-67.80100 -66.42780
-67.90320 -66.40690
-67.97370 -66.36080
-68.03870 -66.54280
-67.90930 -66.59940
-67.38560 -66.60430
-67.10210 -66.36630
-67.05160 -66.46400
-66.98490 -66.39490
-67.01810 -66.35430
-67.16670 -66.40450
-67.36210 -66.40290
-66.97500 -66.40710
-66.95990 -66.36490
-66.74850 -66.27770
-66.77560 -66.23960
-66.37660 -65.94490
-66.39630 -65.84930
-66.33380 -65.71130
-66.37450 -65.71620
-66.58080 -65.85650
-66.59170 -65.82280
-66.42200 -65.75520
-66.41500 -65.66320
-66.25560 -65.65500
-66.35380 -65.50440
-66.46210 -65.52510
-66.33040 -65.42920
-66.54120 -65.44390
-66.02760 -65.82700
-66.03320 -65.78460
-65.60810 -65.61580
-65.52480 -65.59280
-64.92740 -65.18470
-64.78960 -65.13810
-64.33320 -64.89300
-64.73470 -64.85760
-65.00600 -64.98640
-64.67740 -64.87970
-64.79030 -65.00460
-64.49010 -65.13640
-64.40600 -65.13450
-63.95120 -65.13030
-64.14890 -65.16060
-63.94970 -65.09930
-64.23720 -65.17830
-64.09230 -65.03700
-64.28930 -65.03440
-63.60110 -64.50590
-63.56200 -64.46170
-63.49510 -64.43180
-63.67610 -64.49950
-63.29010 -64.35900
-63.30690 -64.40420
-63.17310 -64.18470
-63.47310 -64.35370
-63.08450 -63.88200
-63.09010 -63.94260
-63.26410 -64.06810
-62.50040 -63.84730
-62.45960 -63.84100
-62.02340 -63.73270
-62.09220 -63.61180
-62.12650 -63.64290
-62.36880 -63.57540
-62.53540 -63.76550
-62.76550 -63.73630
-62.68290 -63.70020
-62.74510 -63.89290
-63.02340 -64.04940
-62.85680 -63.52040
-62.67530 -63.46020
-62.73320 -63.61670
-62.09700 -62.88410
-57.44520 -56.23670
-57.57390 -56.25280
-57.73450 -56.23210
-57.67140 -56.21390
-57.67640 -56.09040
-57.90640 -56.01660
-57.75830 -55.73550
-57.77890 -55.79130
-57.81990 -55.80340
-57.77020 -55.80810
-57.68360 -55.70980
-57.80400 -55.61340
-57.83490 -55.62090
-57.48670 -55.38130
-57.42100 -55.41070
-57.50070 -55.48120
-57.41990 -55.38540
-57.48920 -55.45420
-57.51120 -55.45500
-57.64300 -55.51700
-57.34660 -55.60850
-57.33520 -55.66750
-57.42780 -55.49480
-57.79520 -55.70440
-57.70000 -55.95740
-57.68850 -56.03860
-57.65160 -56.00610
-57.51270 -55.85130
-57.60930 -55.83750
-57.76520 -55.69500
-58.10710 -55.56950
-58.06260 -55.75850
-58.36800 -55.85030
-57.99470 -55.83070
-58.22790 -55.93390
-57.90730 -55.94290
-57.87100 -55.92260
-57.90090 -55.93680
-57.93610 -55.94610
-58.11220 -55.85390
-58.03650 -55.96460
-58.14950 -56.17280
-58.35660 -56.23100
-58.57460 -56.50780
-58.47310 -56.41540
-58.26670 -56.26650
-58.73110 -56.52260
-58.29380 -56.29400
-58.23450 -56.24830
-58.00740 -57.67780
-57.75250 -57.29150
-57.66080 -57.18400
-57.41910 -57.09290
-57.41170 -57.12870
-57.57610 -57.29650
-57.46630 -57.34710
-57.44250 -57.28810
-57.34340 -57.28140
-57.24370 -57.16840
-57.26380 -57.17930
-57.22320 -57.00810
-57.33060 -56.92680
-57.04520 -56.77230
-56.96790 -56.63620
-57.39810 -56.83250
-57.57500 -56.93940
-57.45270 -56.81570
-57.37830 -56.71860
-57.40150 -56.73510
-57.33200 -56.85020
-57.33010 -56.89220
-57.43720 -56.95100
-57.34540 -57.00830
-57.06740 -57.01860
-57.25140 -57.15680
-57.15980 -57.18640
-56.61150 -56.76440
-56.71520 -56.74910
-56.77030 -56.37380
-56.56730 -56.26590
-56.55360 -56.28170
-56.50450 -56.17810
-56.88810 -56.46830
-57.09650 -56.65540
-57.42900 -57.09570
-57.47450 -57.22960
-57.45890 -57.35990
-57.60330 -57.45350
-57.72900 -57.63420
-57.52180 -57.48270
-57.61850 -57.43890
-57.24860 -57.29660
-57.38080 -57.38670
-57.82530 -56.86440
-57.63200 -56.79970
-57.33930 -56.61050
-57.65330 -56.59470
-57.66910 -56.54430
-57.55720 -56.59600
-57.63850 -56.65770
-57.96440 -56.73440
-57.77660 -56.65060
-57.80540 -56.72730
-57.85810 -56.75760
-58.06600 -56.70570
-57.89150 -56.69540
-57.87340 -56.74020
-58.12050 -56.63110
-58.13850 -56.69160
-58.03030 -56.63670
-58.04780 -56.90470
-57.96710 -56.99060
-58.17510 -57.18730
-58.05930 -57.03410
-58.12510 -57.09470
-58.15050 -57.04010
-58.06400 -57.01940
-58.00330 -56.95250
-57.96210 -56.86590
-57.93870 -56.88760
-57.94160 -56.83530
-57.93750 -56.86310
-58.01330 -56.86670
-57.90360 -56.79320
-57.96630 -56.91330
-57.90250 -56.61120
-58.00600 -56.69180
-57.91340 -56.40570
-57.99940 -56.42570
-58.19320 -56.39980
-57.99650 -56.30790
-58.02340 -56.21960
-58.16620 -56.37390
-58.15990 -56.35070
-58.29390 -56.37480
-58.11590 -56.40360
-58.24090 -56.37700
-58.27980 -56.33560
-58.21970 -56.42110
-58.09970 -56.37480
-58.05580 -56.34060
-58.09670 -56.47920
-56.11100 -56.07000
-56.36180 -55.75670
-56.41780 -55.86200
-56.30310 -55.73990
-56.24520 -55.72130
-56.56600 -55.67700
-56.77470 -55.73460
-56.75620 -55.66150
-56.26970 -55.54980
-56.28720 -55.22300
-56.49460 -55.26370
-56.69700 -55.36650
-57.04570 -55.40570
-56.84230 -55.37920
-56.95090 -55.35950
-57.00160 -55.50890
-56.90780 -55.54800
-57.11660 -55.59700
-56.83190 -55.45160
-56.89050 -55.54720
-56.74670 -55.48590
-56.82650 -55.45100
-56.83660 -55.50110
-56.71740 -55.22190
-56.74380 -55.34230
-56.37010 -55.39980
-56.33780 -55.35670
-56.12720 -55.24440
-55.99660 -55.14970
-55.91460 -55.13070
-55.98210 -55.14890
-56.29240 -55.28580
-56.22330 -55.24700
-56.27200 -55.27650
-56.51010 -55.22750
-56.55610 -55.24780
-56.40310 -55.15700
-55.80610 -55.09270
-55.80520 -55.16950
-55.85400 -54.93530
-55.63520 -54.84680
-55.43080 -54.71360
-55.56590 -54.89070
-55.50840 -54.92930
-55.53830 -54.84040
-55.19120 -54.76980
-56.06650 -55.04250
-56.15790 -55.16220
-56.06400 -55.40770
-55.89400 -55.37770
-56.14130 -55.30330
-56.13870 -55.24240
-56.14030 -55.24870
-56.03880 -55.26530
-57.15370 -56.42410
-56.73090 -56.69700
-56.97520 -56.79410
-57.02470 -56.76300
-56.91250 -56.76100
-56.87720 -56.79380
-56.55440 -56.53130
-56.65360 -56.48160
-56.40990 -56.32630
-56.28560 -56.33800
-56.61480 -56.34790
-56.52810 -56.34150
-56.39950 -56.28690
-56.59390 -56.36500
-56.73320 -56.53320
-56.58080 -56.65350
-56.71830 -56.65940
-56.76780 -56.77910
-56.58770 -56.68960
-56.57490 -56.62430
-56.57560 -56.59780
-56.40400 -56.44210
-56.42570 -56.38030
-56.52580 -56.44480
-56.24550 -56.37710
-56.29780 -55.91200
-56.25360 -55.74120
-56.19810 -55.59510
-56.36700 -55.76290
-56.22910 -55.70070
-56.15200 -55.75420
-55.84760 -55.71280
-55.44950 -55.27610
-55.52170 -55.30910
-55.60260 -55.38910
-55.71200 -55.39820
-55.73450 -55.46770
-55.92460 -55.38030
-55.96020 -55.62190
-55.93480 -55.49540
-55.82750 -55.47580
-55.82510 -55.49780
-55.86290 -55.51280
-55.70720 -55.43550
-55.90670 -55.31540
-55.86080 -55.11080
-55.78630 -55.05740
-55.62810 -55.28550
-55.58780 -55.10500
-55.34990 -54.32380
-55.20000 -54.32820
-55.10380 -54.17600
-54.99380 -53.91970
-49.76330 -48.75150
-49.66180 -48.64940
-49.91760 -48.82180
-49.82450 -48.73630
-49.89940 -48.70530
-49.93480 -48.90900
-49.97670 -48.94790
-49.94740 -48.96360
-49.64770 -48.51310
-49.72960 -48.66530
-49.70130 -48.66130
-49.66910 -48.52290
-49.78520 -48.50360
-49.87290 -48.51630
-50.07590 -48.65130
-50.16680 -48.77110
-50.03020 -48.63210
-49.97920 -48.57000
-50.12380 -48.51810
-50.13070 -48.51110
-50.56210 -48.80300
-50.48750 -48.84390
-50.63180 -48.83200
-50.59990 -48.74640
-50.69910 -48.84610
-50.73290 -48.87320
-50.67610 -48.90620
-50.55710 -48.97420
-50.61430 -48.96390
-50.96340 -48.97620
-50.70250 -49.08760
-50.59560 -48.90600
-50.58690 -48.87110
-50.90110 -48.90820
-50.46340 -48.81320
-50.88760 -48.70610
-51.09660 -48.77560
-51.14230 -48.71610
-50.98360 -48.80720
-50.67060 -48.78930
-50.71930 -48.73460
-50.82740 -48.74830
-50.83450 -48.76550
-50.86780 -48.82340
-50.92350 -48.93160
-51.06390 -48.94870
-50.99640 -49.00970
-51.02720 -49.00720
-51.19340 -49.12410
-51.44290 -49.09210
-51.41500 -49.15030
-51.49450 -50.62130
-51.13110 -50.35450
-50.80140 -50.23270
-50.92690 -50.17230
-50.77740 -50.23960
-50.69250 -50.18460
-50.40190 -50.02720
-50.36960 -50.01690
-50.59240 -50.06910
-50.62610 -50.01110
-50.29610 -49.86300
-50.53930 -49.79240
-50.46500 -49.95180
-50.34740 -49.92360
-50.27750 -49.82640
-50.15200 -49.74870
-50.22720 -49.71720
-50.10660 -49.57450
-50.36880 -49.68870
-50.14430 -49.44650
-50.27720 -49.52230
-50.40340 -49.58490
-50.65350 -49.66960
-50.55780 -49.66760
-50.44330 -49.58230
-50.39700 -49.57200
-50.31910 -49.66070
-50.35380 -49.69060
-50.29220 -49.56500
-50.16850 -49.58120
-49.93770 -49.57770
-49.99700 -49.64830
-50.00020 -49.57250
-50.01990 -49.54700
-49.91310 -49.60100
-49.71950 -49.54450
-49.48810 -49.39150
-49.32900 -48.87540
-49.40120 -48.89210
-49.52540 -48.93010
-49.62830 -48.81040
-50.09290 -48.97600
-50.15710 -49.18110
-50.23120 -49.22000
-50.13320 -49.28670
-50.24320 -49.44600
-50.44090 -49.63330
-50.52320 -49.81410
-50.42450 -49.89020
-50.45040 -49.84590
-50.07040 -49.72080
-50.05290 -49.87620
-50.67170 -50.04960
-50.70350 -49.70630
-50.72100 -49.71870
-50.51610 -49.62620
-50.19540 -49.44980
-50.31070 -49.53400
-50.43060 -49.51150
-50.23750 -49.42300
-50.29270 -49.52190
-50.11460 -49.31940
-50.31660 -49.42060
-50.06660 -49.43810
-49.95400 -49.39760
-49.89670 -49.30690
-50.19230 -49.42820
-50.02860 -49.38460
-49.86850 -49.24060
-49.64870 -49.19170
-49.50110 -49.20280
-49.50990 -49.25460
-49.35640 -49.00360
-49.71190 -48.99180
-49.74100 -49.07770
-49.64760 -49.22330
-49.69180 -49.32650
-49.81580 -49.46580
-49.91230 -49.49590
-49.82340 -49.49010
-49.78280 -49.41620
-49.85040 -49.39390
-49.73710 -49.37610
-49.72020 -49.32170
-49.68140 -49.25810
-49.63020 -49.22610
-49.70750 -49.29190
-49.74290 -49.40020
-49.61260 -49.16700
-49.56040 -49.14090
-49.50780 -48.88020
-49.52190 -48.69230
-49.40770 -48.67520
-49.19310 -48.53860
-49.08480 -48.54480
-49.19280 -48.57740
-49.08560 -48.47750
-49.14200 -48.62440
-49.16200 -48.56130
-49.12370 -48.58530
-49.02780 -48.39410
-49.34440 -48.46960
-49.37110 -48.57360
-49.19800 -48.55730
-49.02810 -48.44990
-49.09900 -48.13330
-49.24910 -48.17010
-49.20490 -48.15890
-49.62890 -48.26200
-49.41900 -48.26790
-49.36960 -48.28910
-49.52460 -48.18960
-49.51350 -48.36540
-49.52650 -48.42480
-49.72020 -48.48540
-49.41710 -48.36280
-49.63240 -48.47990
-49.63320 -48.49520
-49.64260 -48.59190
-49.59380 -48.59810
-49.38120 -48.28110
-49.31500 -48.27210
-49.13250 -48.25780
-48.91330 -48.05920
-48.75080 -48.05630
-48.97690 -47.86380
-49.14390 -48.09370
-49.41770 -48.02140
-49.24620 -48.03140
-49.08850 -48.05850
-48.72740 -48.03050
-48.77020 -47.88840
-48.58290 -47.71350
-48.30730 -47.28510
-48.25320 -47.30510
-48.64260 -47.55460
-48.82780 -47.60670
-48.71680 -47.43620
-48.75330 -47.52560
-48.77400 -47.62960
-48.64830 -47.59670
-48.56380 -47.51030
-48.41920 -47.36370
-48.56010 -48.54260
-48.81350 -48.50400
-48.73580 -48.50450
-48.30760 -48.30420
-48.41040 -48.25060
-47.94120 -47.95430
-48.13430 -47.98860
-48.19490 -48.11490
-48.13970 -48.14440
-48.48630 -48.33950
-48.26610 -48.46470
-48.32530 -48.57310
-48.15970 -48.49080
-48.23590 -48.40450
-48.30100 -48.39680
-48.42730 -48.42790
-48.12060 -48.35120
-47.88550 -48.11810
-47.88840 -48.06620
-47.84560 -48.07210
-47.58960 -47.92330
-47.27020 -47.51060
-47.23430 -47.47760
-47.17780 -47.39570
-47.34030 -47.51650
-47.41940 -47.53760
-46.21570 -46.78260
-46.66040 -47.10270
-46.73370 -47.21300
-46.49530 -46.90440
-46.32230 -46.90930
-46.57080 -46.73380
-46.46760 -46.60220
-46.67180 -46.46990
-46.59640 -46.35620
-46.78240 -46.53260
-46.72570 -46.77450
-46.70950 -46.52220
-46.38080 -45.94140
-46.43900 -45.95460
-46.60750 -45.76940
-46.44700 -45.39000
-46.45140 -44.93890
-46.41300 -45.04140
-46.31630 -44.73710
-43.62850 -42.88180
-43.82780 -42.89650
-43.86800 -43.08000
-43.68730 -42.95020
-43.90820 -42.87860
-43.83140 -42.81150
-43.90840 -42.82540
-43.94760 -42.83590
-44.02840 -42.84470
-44.21020 -42.96540
-44.12880 -43.01830
-44.20540 -43.08590
-44.32560 -43.04680
-44.32610 -43.04680
-44.19660 -42.92800
-44.38790 -42.95560
-44.41300 -42.99620
-44.33540 -42.98680
-44.27600 -43.02060
-44.32860 -43.06510
-44.07360 -43.10850
-44.02160 -43.18680
-43.93920 -43.13560
-43.97320 -43.16530
-43.89780 -43.07580
-43.84180 -43.13150
-43.80280 -43.13920
-43.76340 -43.14920
-43.72660 -43.05740
-43.69220 -43.02630
-43.70120 -42.87850
-43.88750 -42.88840
-43.99280 -42.99930
-44.03810 -42.97920
-43.76260 -42.92860
-43.52690 -42.67840
-43.80980 -42.91240
-43.89630 -42.92710
-43.83180 -42.97850
-43.93210 -43.05200
-44.01670 -43.16510
-44.06780 -43.09660
-43.91100 -43.11560
-44.04900 -43.23630
-43.92290 -43.18380
-44.26130 -43.34600
-44.29960 -43.36260
-44.45410 -44.24880
-44.73640 -44.40150
-44.53080 -44.39490
-44.62520 -44.36650
-44.47650 -44.31140
-44.23560 -44.25580
-44.26980 -44.36810
-44.27070 -44.42030
-44.19850 -44.43650
-44.13860 -44.34760
-44.12160 -44.35210
-44.25160 -44.34180
-44.19520 -44.10570
-44.37400 -44.17120
-44.32560 -44.30030
-44.22940 -44.27660
-44.35190 -44.10630
-44.49180 -44.25590
-44.45040 -44.26180
-44.35810 -44.19590
-44.40640 -44.13850
-44.43940 -44.23560
-44.44750 -44.29600
-44.41710 -44.27650
-44.36310 -44.31740
-44.29980 -44.36680
-44.21280 -44.35390
-44.06610 -44.34900
-44.14910 -44.34100
-44.09700 -44.39080
-43.88750 -44.21850
-43.67010 -44.08940
-43.55510 -44.02920
-43.70730 -44.15480
-43.78440 -43.88960
-43.79670 -43.90870
-43.85120 -43.87770
-43.77130 -43.84750
-44.65250 -44.28550
-44.67820 -44.42140
-44.63070 -44.58570
-44.59000 -44.66780
-44.60140 -44.69590
-44.68580 -44.79340
-44.23840 -44.50140
-44.26560 -44.53150
-44.47160 -44.60440
-44.56560 -44.60400
-44.68160 -44.63020
-44.45130 -43.81830
-44.70060 -43.84230
-44.65690 -43.85990
-44.60600 -43.81000
-44.79950 -43.81450
-44.67190 -43.91820
-44.65300 -43.87990
-44.66510 -43.94340
-44.47990 -43.81600
-44.31470 -43.76050
-44.26210 -43.72320
-44.25290 -43.66170
-44.27190 -43.71850
-44.17370 -43.68220
-44.11790 -43.67360
-44.27050 -43.90800
-44.28790 -43.94060
-44.21140 -43.96740
-44.17600 -43.92840
-44.02220 -43.82320
-43.95790 -43.70550
-44.00180 -43.68620
-44.02180 -43.68990
-44.13250 -43.75710
-44.02570 -43.70290
-44.01910 -43.66910
-44.02830 -43.66370
-44.00730 -43.65750
-43.96860 -43.61580
-43.97340 -43.62010
-44.02780 -43.62160
-44.05240 -43.60790
-44.08980 -43.59660
-44.11860 -43.55300
-44.06980 -43.55110
-44.17780 -43.61890
-44.23290 -43.63900
-44.16870 -43.62050
-44.16520 -43.58620
-44.16260 -43.62700
-44.26830 -43.68830
-44.22500 -43.67530
-44.18520 -43.66870
-44.20440 -43.73340
-44.17980 -43.70760
-44.12580 -43.63110
-43.93820 -43.52770
-44.00060 -43.55330
-44.08080 -43.58340
-44.13200 -43.63060
-44.05990 -43.59240
-44.08710 -43.59710
-44.01010 -43.59290
-44.42640 -43.74100
-44.32410 -43.71920
-44.08930 -43.63180
-44.06330 -43.59600
-44.19280 -43.54740
-44.25080 -43.58090
-44.32150 -43.58400
-44.42070 -43.63120
-44.46170 -43.63480
-44.46900 -43.67130
-44.43220 -43.65000
-44.49630 -43.58460
-44.44290 -43.57220
-44.49720 -43.64050
-44.39990 -43.58330
-44.38130 -43.58570
-44.33950 -43.58680
-44.33840 -43.64030
-44.23390 -43.46250
-44.26550 -43.51480
-44.21980 -43.51130
-44.12540 -43.57130
-44.00480 -43.51180
-43.87260 -43.40610
-43.91110 -43.44910
-43.83250 -43.44790
-43.81970 -43.39730
-43.95650 -43.37250
-44.18670 -43.40690
-44.20700 -43.42160
-44.09890 -43.39030
-44.15720 -43.35240
-44.10140 -43.38380
-43.99750 -43.34790
-44.13040 -43.44860
-44.07310 -43.47280
-44.11920 -43.39970
-43.90500 -43.37830
-43.72650 -43.34690
-43.99930 -43.33150
-44.06060 -43.29890
-44.00840 -43.27250
-43.99050 -43.40560
-43.99870 -43.36600
-43.94350 -43.35170
-43.80910 -43.25550
-43.87080 -43.27630
-43.96900 -44.10920
-43.84090 -44.02810
-43.79560 -44.04990
-43.75720 -44.07000
-43.41890 -43.88060
-43.48080 -43.77260
-43.31270 -43.69020
-43.31230 -43.74870
-43.51480 -43.79130
-43.47530 -43.73540
-43.55440 -43.82110
-43.59580 -44.02790
-43.60150 -44.04440
-43.54700 -44.06070
-43.53440 -44.03000
-43.56530 -44.00040
-43.56400 -43.98410
-43.65040 -44.00540
-43.41790 -43.93580
-43.36950 -43.89270
-43.33920 -43.86170
-43.30570 -43.84260
-43.23140 -43.75500
-43.20260 -43.70850
-43.24280 -43.60410
-43.22030 -43.53190
-43.21050 -43.46270
-43.20840 -43.39190
-42.97460 -43.41000
-42.92190 -43.39920
-42.64440 -43.30740
-42.65960 -43.23410
-42.70650 -43.27920
-42.92720 -43.22480
-42.76640 -43.33850
-42.69830 -43.29880
-42.57660 -43.26260
-42.72800 -43.27030
-42.67730 -43.18880
-42.80060 -43.08910
-42.73780 -43.07360
-42.53130 -42.90220
-42.60850 -42.83330
-42.76220 -42.86090
-42.58860 -42.76650
-42.53460 -42.66800
-37.90930 -37.01610
-37.88190 -37.14240
-37.92210 -37.16700
-37.99440 -37.12620
-37.82660 -37.07480
-37.79600 -36.84760
-37.71700 -36.70770
-37.81970 -36.67910
-38.00790 -36.79030
-38.03630 -36.88860
-38.11730 -36.91730
-38.04330 -36.80740
-37.99960 -36.78050
-38.01480 -36.79060
-38.00260 -36.78050
-37.79380 -36.69440
-37.96880 -36.70030
-38.05410 -36.65070
-38.08640 -36.68670
-38.14040 -36.73760
-38.11130 -36.74990
-38.09160 -36.68240
-38.19860 -36.67100
-38.16540 -36.62330
-38.20930 -36.70440
-38.13570 -36.73240
-38.07160 -36.74400
-38.06780 -36.80510
-38.31600 -36.81700
-38.43780 -36.84740
-38.35340 -36.75120
-38.40050 -36.79380
-38.48430 -36.78110
-38.58060 -36.88690
-38.75390 -36.88520
-38.75590 -36.90540
-38.51410 -36.94890
-38.49690 -36.88490
-38.48600 -36.91350
-38.59600 -37.01310
-38.70790 -37.03350
-38.68440 -37.07560
-38.71060 -37.19290
-38.75710 -37.27730
-38.88200 -37.31330
-39.01720 -37.37490
-38.91020 -37.30340
-38.91340 -37.23730
-39.02400 -37.32180
-38.92820 -37.29080
-38.82100 -37.22960
-38.85790 -37.35360
-38.80560 -37.36500
-38.91360 -38.25440
-39.13410 -38.26190
-39.21320 -38.33650
-39.12270 -38.30500
-38.71490 -38.16290
-38.71440 -38.19230
-38.64050 -38.24340
-38.50770 -38.23370
-38.47390 -38.16240
-38.25300 -37.84930
-38.35170 -37.81650
-38.44770 -37.82860
-38.43650 -37.88390
-38.40780 -37.97130
-38.36920 -37.89290
-38.30100 -37.90680
-38.41410 -37.87180
-38.53560 -37.88930
-38.64840 -37.85860
-38.73470 -37.91640
-38.72740 -37.97040
-38.66570 -37.97770
-38.52400 -37.93640
-38.63210 -37.92290
-38.69010 -38.00030
-38.61730 -37.93280
-38.51290 -38.04980
-38.41420 -38.05370
-38.42840 -38.01540
-38.36950 -38.05690
-38.25310 -37.99340
-38.29230 -37.95410
-38.12410 -37.85590
-38.05570 -37.79440
-38.27600 -37.68480
-38.12410 -37.61970
-38.12780 -37.62700
-38.21690 -37.59160
-38.05530 -37.54070
-38.18800 -37.58340
-38.16090 -37.54880
-38.21510 -37.61730
-38.35320 -37.69900
-38.66010 -37.74260
-38.73960 -37.86020
-38.67610 -37.76830
-38.63200 -37.84690
-38.68260 -38.09430
-38.74260 -38.21920
-38.71830 -38.29510
-38.63000 -38.14240
-38.59760 -38.12110
-38.48960 -38.05860
-38.53200 -38.03170
-38.27500 -37.94260
-38.39410 -37.98900
-38.39170 -37.91900
-38.96650 -37.99530
-39.03430 -38.04060
-38.96830 -38.00240
-38.97720 -37.98550
-38.84330 -37.91680
-38.65340 -37.84170
-38.74590 -37.81870
-38.81360 -37.88880
-38.87120 -38.05550
-38.80890 -38.08940
-38.84040 -38.14760
-38.80130 -38.08100
-38.70220 -38.11100
-38.83010 -38.18110
-38.84480 -38.16780
-38.82980 -38.17640
-38.85460 -38.18890
-38.75120 -38.16940
-38.84510 -38.16050
-38.62040 -38.13300
-38.68130 -38.04260
-38.59790 -38.00880
-38.67380 -38.07250
-38.64490 -38.10950
-38.61130 -38.16040
-38.59630 -38.15730
-38.64570 -38.20540
-38.43260 -38.09560
-38.39690 -38.10470
-38.36400 -38.07390
-38.34390 -38.05030
-38.33150 -38.01320
-38.36490 -38.00640
-38.51710 -38.07270
-38.41010 -37.95110
-38.48290 -37.97290
-38.48480 -37.96930
-38.51520 -37.89820
-38.55300 -37.88800
-38.56050 -37.83910
-38.52520 -37.84130
-38.48480 -37.82740
-38.49140 -37.83220
-38.43140 -37.88440
-38.39850 -37.77270
-38.39730 -37.64420
-38.39290 -37.64310
-38.50060 -37.74810
-38.49100 -37.76520
-38.43950 -37.71210
-38.46510 -37.75920
-38.47490 -37.74360
-38.13470 -37.74040
-38.01300 -37.70660
-38.19030 -37.61420
-38.11560 -37.60900
-38.27630 -37.60850
-38.47620 -37.65130
-38.42510 -37.65630
-38.33670 -37.71280
-38.36010 -37.74600
-38.06530 -37.53040
-38.10980 -37.46650
-38.14960 -37.50410
-38.16290 -37.50970
-38.17960 -37.42160
-38.19500 -37.46510
-38.20810 -37.46830
-38.26220 -37.47380
-38.22680 -37.45470
-38.40170 -37.41640
-38.24030 -37.36270
-38.26520 -37.38600
-38.17910 -37.36160
-38.26840 -37.43570
-38.23710 -37.43770
-38.24420 -37.41410
-38.16660 -37.28830
-38.07930 -37.21890
-38.08390 -37.26500
-37.94960 -37.28100
-37.86500 -37.28080
-37.76540 -37.16040
-37.85050 -36.94190
-37.82620 -36.99050
-37.91680 -37.09260
-38.00120 -37.12980
-38.13550 -37.11780
-38.17960 -37.12090
-38.11360 -37.14540
-37.91070 -37.17670
-37.82730 -37.13370
-37.69700 -37.00760
-37.68660 -36.96320
-37.81980 -37.05510
-37.82770 -37.02980
-37.58870 -36.97830
-37.85320 -37.02770
-37.81630 -37.05620
-38.05560 -37.13550
-38.11650 -37.15170
-38.05680 -37.10800
-38.07280 -37.09960
-38.14890 -37.18570
-38.11850 -37.20110
-38.23400 -37.21920
-38.19250 -37.23560
-38.19140 -37.26480
-38.35770 -38.12530
-38.50890 -38.18780
-38.63460 -38.24570
-38.61610 -38.26200
-38.67690 -38.26530
-38.68620 -38.26080
-38.64660 -38.32380
-38.30440 -38.25930
-38.34140 -38.18170
-38.21660 -38.10260
-38.09180 -38.07290
-38.07250 -38.05580
-38.27230 -38.12270
-38.21150 -38.10960
-38.06930 -38.03570
-38.23350 -38.12520
-38.39140 -38.16510
-38.25800 -38.19810
-38.21210 -38.20590
-38.15270 -38.25140
-38.10060 -38.07630
-38.15410 -38.07450
-38.11800 -38.06670
-38.05590 -38.07810
-37.84990 -38.04360
-37.83370 -38.01820
-37.77460 -37.97360
-37.44160 -37.68230
-37.34750 -37.62660
-37.30140 -37.53740
-37.31880 -37.45430
-37.27420 -37.39440
-37.28380 -37.32290
-37.40060 -37.42860
-37.35790 -37.37920
-37.40130 -37.41120
-37.10750 -37.31000
-37.07930 -37.28740
-36.79510 -37.20760
-36.78250 -37.23840
-36.81270 -37.20610
-37.01680 -37.21130
-37.03020 -37.16660
-37.08100 -37.17690
-37.18970 -37.23000
-37.13950 -37.27110
-37.16560 -37.24730
-37.03370 -37.10800
-37.01220 -36.90730
-37.16270 -36.87230
-37.10220 -36.81270
-37.05450 -36.76620
-37.04400 -36.80880
-37.02030 -36.71500
-36.77630 -36.53730
-36.94050 -36.42360
-36.77730 -36.22900
-36.74740 -36.15500
-32.93820 -32.32460
-32.85440 -32.27130
-32.98970 -32.33580
-32.91650 -32.29670
-32.91360 -32.25220
-32.94240 -32.28120
-32.99270 -32.23540
-32.88320 -32.13700
-32.84460 -31.93050
-32.86550 -31.96130
-32.92850 -31.96820
-33.16810 -32.19520
-33.23050 -32.16230
-33.25900 -32.15210
-33.05140 -32.09030
-33.30280 -32.19400
-33.36110 -32.23290
-33.34510 -32.17050
-33.46540 -32.17410
-33.46250 -32.13260
-33.57740 -32.30350
-33.64310 -32.30600
-33.58740 -32.32340
-33.55340 -32.40490
-33.63260 -32.39010
-33.60200 -32.45270
-33.84120 -32.46960
-33.94980 -32.48810
-33.88150 -32.73230
-33.97340 -32.73210
-33.64300 -32.64310
-33.95180 -32.55650
-33.76950 -32.56690
-33.87680 -32.58570
-34.07960 -32.61490
-34.11030 -32.57300
-33.96710 -32.62650
-33.72560 -32.61120
-34.00330 -32.93060
-34.03290 -33.02070
-34.29200 -33.09290
-34.18070 -33.05510
-34.19310 -33.02960
-34.12400 -33.03800
-34.05150 -33.00490
-34.09970 -33.02230
-34.05310 -33.02340
-33.47590 -33.02710
-33.54400 -32.91430
-33.31230 -32.89540
-33.30130 -32.93660
-33.26010 -32.98080
-33.32870 -33.06770
-33.16570 -33.00840
-33.11010 -32.93900
-33.09690 -32.93930
-33.21810 -32.93640
-33.01110 -32.84520
-33.12630 -32.90940
-33.05870 -32.78900
-33.04540 -32.70940
-33.15650 -32.76880
-33.35390 -32.79630
-33.49540 -32.90300
-33.44970 -32.89210
-33.27280 -32.80150
-33.37550 -32.88030
-33.37050 -32.92190
-33.28880 -32.96410
-33.19970 -32.95550
-33.23000 -33.03200
-33.24920 -33.01230
-33.23700 -32.99520
-33.21200 -33.03510
-33.23140 -33.03240
-33.12130 -32.92640
-32.86350 -32.75420
-32.87410 -32.69110
-32.90830 -32.63620
-32.94430 -32.61310
-32.88860 -32.57790
-32.87280 -32.58330
-33.14320 -32.72130
-33.27850 -32.77510
-33.49710 -33.09860
-33.35550 -33.07350
-33.42350 -33.16170
-33.42070 -33.18260
-33.48010 -33.22100
-33.42340 -33.16760
-33.38620 -33.15420
-33.29270 -33.12200
-33.31080 -33.11940
-33.13950 -33.06860
-33.16440 -33.07960
-33.30250 -33.02250
-33.45060 -33.08040
-33.31200 -33.06910
-32.97930 -32.51860
-33.04170 -32.57300
-32.98900 -32.56010
-32.99920 -32.55400
-32.80290 -32.21040
-32.84340 -32.19860
-32.76790 -32.20350
-32.78840 -32.29030
-32.74340 -32.22840
-32.91810 -32.23490
-32.79560 -32.27860
-32.75000 -32.25660
-32.89080 -32.29700
-32.87780 -32.31000
-32.89440 -32.33080
-32.81240 -32.28560
-32.82600 -32.27580
-32.64760 -32.25860
-32.78190 -32.22780
-32.75650 -32.37420
-32.73380 -32.41910
-32.73210 -32.41270
-32.84090 -32.47970
-32.80150 -32.53610
-32.79230 -32.50360
-32.81540 -32.51120
-32.76090 -32.52100
-32.75230 -32.51490
-32.69520 -32.46720
-32.64550 -32.48260
-32.63280 -32.30660
-32.73390 -32.35890
-32.66030 -32.32230
-32.67840 -32.35490
-32.66800 -32.27250
-32.60660 -32.21420
-32.66420 -32.21920
-32.67810 -32.20400
-32.66110 -32.21510
-32.61500 -32.14740
-32.61290 -32.06200
-32.55070 -32.02830
-32.54760 -32.02560
-32.67790 -32.12950
-32.71680 -32.10830
-32.63910 -32.05030
-32.66400 -32.01940
-32.63450 -32.02130
-32.65980 -32.11020
-32.72900 -32.17640
-32.79570 -32.21000
-32.76160 -32.18470
-32.73930 -32.17870
-32.75000 -32.24910
-32.71680 -32.18290
-32.85930 -32.41510
-32.94660 -32.51790
-32.88630 -32.51360
-32.99550 -32.51140
-33.08100 -32.52690
-33.05790 -32.54820
-33.01000 -32.58140
-32.99440 -32.49880
-33.02970 -32.51710
-33.04560 -32.51690
-32.99360 -32.52000
-33.02180 -32.52560
-33.00290 -32.54300
-33.14230 -32.56310
-33.13070 -32.57320
-33.11940 -32.57360
-33.14700 -32.56500
-33.15880 -32.56300
-33.18320 -32.58800
-33.07340 -32.55340
-33.05020 -32.55390
-33.04940 -32.57230
-33.06200 -32.52270
-33.03430 -32.49010
-33.00420 -32.46960
-32.87190 -32.44170
-32.93200 -32.43210
-32.84330 -32.39040
-33.15260 -32.50380
-33.06870 -32.53910
-33.02490 -32.53200
-32.95900 -32.52500
-33.01090 -32.50420
-32.97880 -32.46950
-32.91020 -32.43990
-32.79900 -32.40690
-33.01700 -32.45830
-33.04060 -32.44830
-33.10290 -32.49430
-33.10270 -32.47160
-33.15100 -32.50530
-33.14220 -32.49080
-33.07190 -32.49580
-33.05770 -32.54090
-32.97600 -32.51010
-32.92290 -32.49900
-32.93960 -32.50310
-33.18400 -33.12160
-33.27580 -33.15280
-33.34310 -33.18430
-33.36560 -33.19380
-33.32620 -33.20600
-33.12750 -33.19320
-33.15940 -33.16980
-33.16580 -33.15370
-33.00030 -33.11720
-32.98710 -33.10010
-32.99330 -33.09720
-32.95310 -33.10310
-32.88920 -33.09200
-32.87280 -32.96610
-32.86460 -32.98470
-32.81410 -33.00190
-32.60170 -32.88780
-32.58740 -32.85790
-32.44260 -32.78260
-32.40470 -32.76330
-32.39200 -32.72210
-32.32300 -32.62530
-32.35020 -32.57680
-32.29480 -32.59190
-32.18590 -32.55740
-32.02050 -32.46980
-32.07780 -32.42670
-32.21210 -32.51420
-32.25710 -32.52120
-32.29590 -32.58120
-32.26850 -32.63020
-32.33950 -32.64110
-32.24050 -32.58350
-32.23060 -32.55010
-32.21130 -32.50590
-32.30190 -32.48240
-32.22330 -32.46460
-32.35570 -32.50650
-32.37500 -32.50480
-32.25640 -32.40560
-32.22660 -32.35990
-32.33090 -32.39910
-32.29250 -32.31320
-32.26180 -32.28180
-27.43350 -27.00870
-27.33930 -26.89740
-27.46790 -26.97300
-27.20420 -26.80770
-27.16100 -26.60280
-27.18400 -26.57890
-27.23540 -26.55880
-27.47510 -26.76720
-27.53050 -26.79560
-27.47500 -26.70710
-27.48340 -26.75160
-27.46780 -26.72690
-27.53410 -26.70320
-27.55150 -26.69220
-27.62750 -26.76590
-27.61820 -26.80640
-27.61100 -26.74540
-27.44200 -26.76870
-27.42660 -26.82140
-27.42060 -26.75410
-27.69090 -26.83500
-27.67990 -26.91580
-27.77050 -26.86300
-27.81810 -26.86170
-27.59210 -26.77330
-27.65320 -26.75290
-27.80520 -26.73140
-27.77010 -26.79370
-27.89110 -26.85520
-27.78500 -26.89340
-27.82230 -26.88250
-27.93750 -26.87180
-27.76680 -26.85480
-27.78650 -26.87910
-27.77290 -26.90130
-27.93720 -27.03390
-28.00500 -27.04000
-28.00470 -27.16710
-28.04460 -27.24480
-28.13190 -27.27990
-28.23310 -27.31440
-28.24330 -27.35870
-28.19290 -27.36370
-28.11450 -27.32130
-28.31490 -27.45120
-29.52280 -28.89410
-29.34100 -28.81390
-29.17610 -28.85720
-28.95640 -28.68010
-29.05290 -28.59460
-29.12560 -28.60110
-29.07280 -28.67490
-29.04510 -28.60950
-29.12940 -28.60730
-29.01720 -28.55340
-29.26090 -28.59240
-29.31850 -28.63470
-29.53550 -28.72680
-29.44060 -28.73370
-29.30840 -28.70530
-29.46000 -28.78050
-29.38660 -28.75260
-29.40390 -28.77660
-29.42480 -28.79810
-29.37740 -28.81710
-29.31060 -28.84030
-29.17520 -28.81940
-29.09720 -28.82470
-29.15000 -28.74840
-29.17350 -28.70800
-29.12480 -28.73270
-29.21490 -28.72110
-29.11570 -28.64650
-29.17280 -28.66750
-29.16870 -28.64810
-29.14000 -28.57890
-29.34230 -28.60780
-29.24610 -28.59860
-29.32070 -28.58060
-29.26790 -28.57880
-29.20990 -28.55720
-29.19550 -28.60870
-29.39780 -28.67160
-29.47860 -28.80880
-29.30580 -28.77990
-29.47570 -28.88930
-29.40610 -28.87100
-29.44250 -28.89620
-29.42130 -28.91750
-29.38810 -28.90100
-29.27800 -28.87160
-29.03920 -28.80250
-29.16200 -28.75810
-29.25490 -28.76450
-29.34430 -28.78330
-29.18660 -28.77580
-29.28600 -28.73670
-29.36610 -28.76220
-29.23960 -28.78370
-29.08050 -28.74910
-29.18560 -28.73170
-29.32500 -28.77370
-29.24800 -28.78450
-29.02780 -28.80040
-28.95370 -28.80410
-28.89870 -28.76820
-29.04010 -28.75630
-28.88800 -28.73330
-28.89780 -28.74030
-28.78040 -28.68380
-28.72910 -28.61660
-28.84910 -28.61000
-28.70500 -28.59340
-28.63410 -28.57970
-28.60830 -28.47250
-28.51340 -28.43120
-28.50740 -28.43460
-28.53120 -28.42390
-28.48110 -28.44170
-28.39550 -28.41200
-28.30180 -28.35630
-28.32980 -28.32720
-28.35240 -28.31480
-28.38810 -28.35120
-28.37900 -28.33090
-28.39470 -28.31610
-28.30280 -28.21200
-28.23980 -28.12650
-28.37940 -28.16710
-28.38000 -28.17680
-28.33190 -28.17450
-28.31680 -28.15650
-28.38850 -28.22870
-28.24820 -28.14890
-28.32030 -28.16530
-28.31260 -28.15750
-28.24040 -27.89090
-28.26940 -27.91960
-28.23280 -27.90910
-28.44700 -27.93140
-28.38880 -27.96750
-28.56060 -28.02750
-28.50680 -28.03120
-28.39380 -28.00930
-28.29720 -28.00710
-28.26330 -28.03350
-28.31990 -27.95300
-28.36650 -27.94310
-28.43640 -27.94260
-28.46440 -27.95130
-28.52420 -27.95090
-28.58890 -27.99800
-28.66080 -28.01000
-28.53560 -27.97150
-28.55850 -27.97790
-28.60110 -27.99430
-28.50600 -27.98290
-28.56240 -28.00530
-28.45100 -28.02750
-28.38370 -27.95120
-28.22840 -27.89610
-28.22280 -27.88400
-28.05820 -27.75580
-28.09870 -27.76220
-28.08620 -27.78950
-28.17800 -27.83780
-28.27150 -27.85700
-28.35150 -27.91650
-28.30770 -27.93490
-28.23600 -27.86500
-28.15740 -27.80770
-28.02380 -27.72060
-27.95750 -27.69630
-27.98310 -27.61610
-27.77490 -27.54190
-27.96490 -27.58940
-27.99430 -27.58050
-27.92220 -27.55750
-28.04980 -27.59870
-28.03080 -27.64100
-27.99140 -27.62550
-28.11360 -27.62800
-28.07010 -27.62240
-28.04860 -27.62270
-27.94770 -27.57770
-27.93980 -27.98130
-27.89750 -27.94790
-28.06360 -28.00660
-28.08850 -27.99160
-27.84640 -27.96430
-27.64420 -27.74090
-27.69780 -27.76340
-27.74140 -27.81260
-27.81940 -27.84040
-27.97910 -27.87950
-27.87800 -27.90240
-27.88110 -27.89450
-27.86420 -27.90820
-27.83220 -27.92250
-27.70420 -27.91210
-27.71780 -27.89530
-27.67620 -27.88150
-27.77090 -27.89470
-27.76750 -27.91230
-27.88100 -27.92150
-27.74290 -27.89970
-27.67230 -27.86270
-27.55710 -27.84230
-27.48910 -27.78510
-27.41420 -27.72090
-27.45020 -27.75040
-27.28080 -27.59460
-27.16560 -27.45650
-27.25670 -27.45920
-27.20710 -27.36930
-27.29870 -27.40080
-27.33810 -27.43390
-27.39300 -27.47980
-27.29510 -27.43720
-27.20420 -27.41830
-27.09110 -27.30090
-27.15370 -27.31800
-27.24790 -27.39450
-27.27210 -27.39200
-27.42000 -27.52610
-27.27970 -27.40830
-27.34390 -27.32500
-27.49220 -27.38410
-27.28550 -27.28400
-27.37980 -27.24980
-27.30410 -27.14300
-27.26540 -27.09640
-24.90650 -24.24190
-24.90090 -24.20610
-24.91080 -24.17130
-24.73090 -24.08090
-24.80710 -24.16000
-24.75680 -24.05960
-24.81510 -24.04190
-24.83990 -24.04290
-24.87220 -24.05920
-24.83170 -24.02360
-24.87100 -23.97920
-24.70990 -23.90440
-24.74800 -23.91830
-24.79140 -23.91510
-24.77290 -23.90250
-24.80860 -23.92660
-24.79180 -23.92750
-24.89140 -23.92550
-24.89580 -23.98300
-24.92190 -24.03660
-24.97610 -24.03280
-24.80220 -24.04770
-24.74920 -24.06300
-24.70090 -24.12090
-24.63700 -24.10050
-24.62010 -24.12110
-24.70620 -24.11810
-24.65000 -24.07780
-24.62980 -24.05900
-24.54650 -23.97380
-24.66650 -23.96930
-24.74440 -23.96880
-24.52400 -23.88250
-24.58910 -23.87140
-24.74210 -23.85190
-24.70480 -23.90410
-24.78470 -23.95870
-24.71250 -24.01550
-24.74780 -24.00820
-24.68690 -23.98490
-24.78310 -24.09390
-24.84640 -24.09430
-24.84340 -24.11100
-25.09550 -24.34630
-25.02960 -24.32060
-24.90440 -24.31890
-25.08100 -24.34020
-25.18320 -24.69830
-25.28460 -24.70060
-25.40360 -24.70410
-25.35880 -24.76760
-25.39920 -24.79860
-25.03020 -24.75640
-24.96600 -24.73910
-24.81560 -24.66940
-24.88790 -24.63990
-24.69820 -24.61710
-24.84690 -24.59980
-24.84360 -24.59590
-24.79910 -24.61130
-24.74320 -24.59170
-24.77010 -24.58630
-24.79400 -24.58680
-24.71970 -24.58350
-24.83370 -24.58280
-24.96800 -24.57880
-25.03620 -24.59980
-25.17120 -24.60500
-25.18200 -24.60160
-25.13490 -24.60110
-25.17670 -24.66570
-25.19160 -24.70240
-25.22810 -24.73400
-25.21850 -24.77220
-25.23890 -24.75190
-25.20680 -24.77020
-25.15070 -24.77340
-25.07850 -24.78490
-25.00570 -24.78210
-25.02930 -24.76970
-25.03210 -24.76480
-25.01650 -24.75670
-25.03260 -24.75100
-24.95530 -24.74000
-24.89490 -24.60870
-24.87370 -24.57800
-24.91720 -24.60160
-24.94850 -24.60950
-24.82400 -24.57830
-24.86320 -24.57680
-25.01270 -24.59390
-25.14990 -24.80150
-24.91290 -24.62160
-24.93230 -24.60910
-24.86760 -24.52330
-24.97140 -24.53410
-25.02080 -24.55100
-24.98770 -24.50500
-24.89010 -24.49320
-24.76420 -24.44280
-24.90850 -24.44720
-24.94710 -24.43190
-24.97650 -24.42080
-24.89850 -24.45510
-24.84230 -24.42180
-24.95640 -24.41150
-24.96470 -24.44460
-24.81820 -24.37810
-24.81120 -24.40080
-24.72060 -24.40750
-24.72930 -24.40630
-24.65110 -24.38150
-24.66180 -24.30000
-24.49050 -24.26190
-24.56440 -24.25150
-24.47920 -24.17930
-24.49240 -24.17290
-24.45190 -24.19870
-24.56000 -24.21210
-24.46670 -24.18100
-24.51370 -24.23980
-24.50690 -24.24080
-24.26980 -24.11140
-24.27520 -24.11570
-24.25470 -24.11030
-24.27500 -24.11570
-24.29550 -24.11480
-24.33040 -24.12940
-24.35870 -24.11950
-24.33360 -24.09790
-24.24910 -24.08880
-24.30560 -24.06520
-24.29950 -24.06470
-24.22590 -24.04040
-24.25770 -24.02010
-24.26480 -23.98670
-24.23300 -23.97190
-24.29810 -23.99770
-24.17810 -23.99240
-24.17630 -23.95420
-24.17410 -23.96120
-24.21560 -24.00550
-24.20640 -23.99990
-24.19430 -23.97560
-24.18400 -23.97100
-24.15820 -23.93080
-24.00870 -23.79930
-24.06690 -23.80580
-24.16050 -23.81870
-24.12650 -23.82320
-24.21460 -23.82180
-24.29850 -23.83280
-24.31450 -23.82560
-24.26610 -23.82340
-24.34140 -23.89310
-24.27070 -23.89450
-24.19980 -23.88230
-24.18940 -23.90990
-24.15930 -23.89690
-24.21560 -23.83970
-24.19620 -23.82550
-24.25980 -23.84080
-24.23060 -23.84030
-24.33960 -23.84970
-24.32740 -23.86600
-24.35980 -23.86670
-24.28540 -23.85390
-24.27940 -23.83850
-24.24310 -23.81720
-24.26860 -23.78330
-24.21820 -23.75580
-24.17470 -23.73130
-24.16810 -23.75320
-24.14640 -23.75210
-24.12330 -23.77840
-24.08400 -23.78430
-24.07010 -23.77740
-23.99950 -23.76340
-24.03460 -23.78180
-23.98880 -23.78180
-23.95600 -23.78090
-23.99180 -23.77310
-24.02240 -23.75200
-24.01650 -23.76420
-24.15660 -23.80020
-24.21560 -23.77490
-24.12220 -23.79760
-24.05880 -23.80090
-23.99280 -23.77810
-24.04780 -23.77230
-24.02360 -23.78470
-23.96640 -23.76790
-24.01190 -23.77060
-23.92890 -23.75020
-23.89910 -23.72860
-23.86150 -23.70590
-23.91770 -23.73950
-24.02900 -23.75100
-24.05370 -23.71740
-23.96440 -23.68600
-24.01420 -23.60620
-23.96480 -23.60760
-24.01000 -23.61640
-23.99590 -23.61270
-23.97670 -23.60580
-23.94230 -23.58980
-23.99030 -23.59610
-23.78730 -23.52850
-23.77470 -23.51180
-24.09930 -24.05230
-24.19190 -24.10700
-24.27950 -24.14750
-24.29810 -24.15870
-24.18440 -24.10020
-24.31910 -24.13610
-24.25380 -24.29460
-24.09180 -24.22380
-24.05370 -24.17370
-24.04110 -24.16230
-23.93100 -24.00760
-23.94740 -24.06600
-23.93330 -24.14650
-23.89070 -24.14010
-23.71980 -24.09600
-23.84170 -24.06650
-23.96120 -24.10530
-24.06130 -24.11600
-23.86140 -24.06160
-23.75740 -24.04960
-23.66980 -24.00470
-23.62890 -23.93750
-23.53360 -23.88490
-23.37860 -23.79350
-23.40980 -23.71570
-23.25750 -23.62610
-23.23700 -23.57640
-23.29670 -23.53070
-23.33280 -23.53880
-23.16640 -23.53330
-23.13860 -23.53150
-22.97780 -23.47840
-22.95370 -23.49550
-22.97840 -23.47730
-23.06290 -23.50940
-23.05940 -23.46110
-23.14010 -23.42520
-23.14220 -23.44630
-23.24840 -23.54910
-23.12230 -23.41200
-23.16830 -23.31970
-23.12680 -23.28150
-23.20610 -23.30000
-23.00300 -23.19740
-22.96940 -23.13130
-23.09050 -23.14500
-22.96770 -23.08240
-22.94830 -23.02720
-22.98760 -23.03430
-22.97070 -23.02850
-22.95230 -22.98920
-23.03120 -23.02060
