-100.0000 -100.0000
-335.9231 0.0000
-336.0792 0.0000
-335.9543 0.0000
-335.8595 0.0000
-336.0112 0.0000
-336.6793 0.0000
-337.0429 0.0000
-336.5558 0.0000
-337.1503 0.0000
-336.8257 0.0000
-336.6606 0.0000
-336.7811 0.0000
-336.2791 0.0000
-336.9168 0.0000
-336.5292 0.0000
-337.2008 0.0000
-337.3343 0.0000
-337.3515 0.0000
-336.5377 0.0000
-337.1477 0.0000
-337.1163 0.0000
-337.2583 0.0000
-336.9078 0.0000
-336.6488 0.0000
-336.2667 0.0000
-336.7118 0.0000
-336.9063 0.0000
-337.3329 0.0000
-337.6989 0.0000
-337.2822 0.0000
-337.5618 0.0000
-338.8915 0.0000
-339.2003 0.0000
-339.0329 0.0000
-338.0910 0.0000
-338.2458 0.0000
-337.9188 0.0000
-339.1010 0.0000
-338.4252 0.0000
-338.1947 0.0000
-338.1715 0.0000
-338.7161 0.0000
-338.5884 0.0000
-339.2629 0.0000
-338.3792 0.0000
-338.3697 0.0000
-338.2268 0.0000
-338.3578 0.0000
-338.5365 0.0000
-339.0997 0.0000
-339.4009 0.0000
-339.0807 0.0000
-339.9893 0.0000
-339.8340 0.0000
-340.5896 0.0000
-341.0013 0.0000
-340.8333 0.0000
-340.6057 0.0000
-340.6916 0.0000
-341.3133 0.0000
-341.1197 0.0000
-341.4668 0.0000
-341.1223 0.0000
-340.8749 0.0000
-341.1120 0.0000
-341.1976 0.0000
-341.7317 0.0000
-341.6107 0.0000
-340.6983 0.0000
-340.7055 0.0000
-340.8222 0.0000
-340.3191 0.0000
-340.2945 0.0000
-340.3406 0.0000
-340.1417 0.0000
-339.8244 0.0000
-339.4866 0.0000
-340.4866 0.0000
-340.2174 0.0000
-340.1116 0.0000
-340.2090 0.0000
-339.7639 0.0000
-340.4424 0.0000
-340.6259 0.0000
-341.4162 0.0000
-340.8751 0.0000
-340.7093 0.0000
-340.2459 0.0000
-340.3631 0.0000
-341.1039 0.0000
-340.9053 0.0000
-340.4422 0.0000
-339.9332 0.0000
-340.0883 0.0000
-340.3747 0.0000
-340.9021 0.0000
-340.8459 0.0000
-341.0074 0.0000
-341.3360 0.0000
-340.8642 0.0000
-340.4748 0.0000
-340.2287 0.0000
-340.4712 0.0000
-340.7809 0.0000
-340.4259 0.0000
-340.3157 0.0000
-340.0659 0.0000
-340.0734 0.0000
-339.8138 0.0000
-339.8299 0.0000
-340.2890 0.0000
-340.1459 0.0000
-340.6064 0.0000
-340.5806 0.0000
-341.0238 0.0000
-341.6057 0.0000
-341.4665 0.0000
-340.9218 0.0000
-341.2737 0.0000
-341.9308 0.0000
-341.9861 0.0000
-340.8492 0.0000
-340.5909 0.0000
-340.4286 0.0000
-340.2072 0.0000
-340.2736 0.0000
-340.2488 0.0000
-340.6259 0.0000
-340.5382 0.0000
-341.0259 0.0000
-340.3100 0.0000
-340.2089 0.0000
-340.4468 0.0000
-340.4688 0.0000
-339.9421 0.0000
-340.1986 0.0000
-339.8064 0.0000
-339.4496 0.0000
-339.4273 0.0000
-339.4059 0.0000
-339.1396 0.0000
-338.8562 0.0000
-339.1022 0.0000
-338.7976 0.0000
-339.0155 0.0000
-338.7804 0.0000
-338.5514 0.0000
-338.5953 0.0000
-339.2896 0.0000
-339.4662 0.0000
-338.3184 0.0000
-339.2201 0.0000
-338.8847 0.0000
-338.7897 0.0000
-338.9291 0.0000
-339.4660 0.0000
-338.7841 0.0000
-338.9705 0.0000
-338.9040 0.0000
-340.1299 0.0000
-340.3706 0.0000
-341.0509 0.0000
-341.3685 0.0000
-340.7935 0.0000
-340.4829 0.0000
-340.8216 0.0000
-340.7753 0.0000
-340.4590 0.0000
-340.0419 0.0000
-339.9331 0.0000
-339.6978 0.0000
-340.8017 0.0000
-341.6675 0.0000
-341.9513 0.0000
-341.3546 0.0000
-341.7677 0.0000
-341.0384 0.0000
-340.6013 0.0000
-340.4272 0.0000
-340.9891 0.0000
-341.7369 0.0000
-341.3438 0.0000
-341.1830 0.0000
-341.3127 0.0000
-341.1028 0.0000
-340.6892 0.0000
-341.6452 0.0000
-342.4347 0.0000
-342.7311 0.0000
-343.2456 0.0000
-342.9079 0.0000
-342.4457 0.0000
-342.7833 0.0000
-342.3245 0.0000
-342.1706 0.0000
-342.7708 0.0000
-342.9849 0.0000
-343.1294 0.0000
-344.1406 0.0000
-345.0742 0.0000
-344.2376 0.0000
-344.6899 0.0000
-345.4366 0.0000
-346.4233 0.0000
-345.2803 0.0000
-345.6796 0.0000
-345.2852 0.0000
-344.6137 0.0000
-345.2965 0.0000
-345.8988 0.0000
-345.0200 0.0000
-344.7416 0.0000
-345.3911 0.0000
-345.7038 0.0000
-346.1402 0.0000
-345.5830 0.0000
-345.3359 0.0000
-345.0237 0.0000
-344.6413 0.0000
-343.9764 0.0000
-343.8073 0.0000
-343.9833 0.0000
-343.7474 0.0000
-343.8552 0.0000
-344.4216 0.0000
-345.2985 0.0000
-345.1877 0.0000
-343.9496 0.0000
-343.8949 0.0000
-343.8069 0.0000
-343.0901 0.0000
-342.5510 0.0000
-343.2809 0.0000
-343.5831 0.0000
-343.8925 0.0000
-344.2096 0.0000
-343.8390 0.0000
-343.1210 0.0000
-343.3319 0.0000
-342.4978 0.0000
-342.7850 0.0000
-342.6002 0.0000
-342.9019 0.0000
-342.9309 0.0000
-342.2708 0.0000
-342.4224 0.0000
-342.5020 0.0000
-341.8591 0.0000
-341.4820 0.0000
-340.9873 0.0000
-341.0850 0.0000
-340.4738 0.0000
-339.9295 0.0000
-339.3932 0.0000
-339.8143 0.0000
-339.3634 0.0000
-339.8127 0.0000
-340.0366 0.0000
-339.3542 0.0000
-339.7516 0.0000
-339.9628 0.0000
-340.1483 0.0000
-340.3273 0.0000
-340.1036 0.0000
-339.9930 0.0000
-340.5488 0.0000
-340.4499 0.0000
-340.7834 0.0000
-340.1203 0.0000
-340.2274 0.0000
-340.3910 0.0000
-340.6590 0.0000
-340.3873 0.0000
-340.8811 0.0000
-340.5744 0.0000
-341.0666 0.0000
-340.7650 0.0000
-340.5408 0.0000
-340.5843 0.0000
-339.9949 0.0000
-339.0069 0.0000
-339.2366 0.0000
-339.6195 0.0000
-339.9289 0.0000
-340.1342 0.0000
-340.1680 0.0000
-340.3318 0.0000
-339.8782 0.0000
-340.4674 0.0000
-341.3219 0.0000
-341.0328 0.0000
-341.4947 0.0000
-341.6590 0.0000
-342.3947 0.0000
-342.2897 0.0000
-341.9516 0.0000
-341.6874 0.0000
-340.4792 0.0000
-340.2845 0.0000
-340.4549 0.0000
-340.5843 0.0000
-341.1477 0.0000
-341.4237 0.0000
-342.1974 0.0000
-342.0095 0.0000
-342.0910 0.0000
-342.5340 0.0000
-342.7047 0.0000
-342.5263 0.0000
-343.2460 0.0000
-343.3117 0.0000
-343.9321 0.0000
-342.9629 0.0000
-342.1799 0.0000
-342.3262 0.0000
-342.1759 0.0000
-342.2924 0.0000
-342.3979 0.0000
-342.5246 0.0000
-342.2017 0.0000
-342.5590 0.0000
-342.9924 0.0000
-343.3709 0.0000
-343.0665 0.0000
-343.3748 0.0000
-343.3979 0.0000
-343.8521 0.0000
-344.0318 0.0000
-344.6452 0.0000
-343.1279 0.0000
-343.2227 0.0000
-342.2452 0.0000
-343.8864 0.0000
-343.2377 0.0000
-343.1365 0.0000
-342.7255 0.0000
-342.3075 0.0000
-342.2975 0.0000
-342.8382 0.0000
-342.9362 0.0000
-342.8034 0.0000
-342.9054 0.0000
-343.5373 0.0000
-343.2114 0.0000
-343.4917 0.0000
-342.7764 0.0000
-342.9992 0.0000
-343.4093 0.0000
-342.2970 0.0000
-341.7346 0.0000
-341.2276 0.0000
-342.2298 0.0000
-342.3322 0.0000
-342.6827 0.0000
-341.9740 0.0000
-342.7562 0.0000
-343.1429 0.0000
-343.3281 0.0000
-343.4629 0.0000
-343.8676 0.0000
-344.2075 0.0000
-343.5935 0.0000
-344.8418 0.0000
-343.6514 0.0000
-344.5160 0.0000
-345.6168 0.0000
-344.5281 0.0000
-343.8872 0.0000
-343.6960 0.0000
-343.4317 0.0000
-343.9250 0.0000
-343.5189 0.0000
-343.4898 0.0000
-343.9049 0.0000
-343.6772 0.0000
-343.1864 0.0000
-343.2203 0.0000
-343.6317 0.0000
-343.9482 0.0000
-344.1294 0.0000
-344.2795 0.0000
-344.0117 0.0000
-344.2953 0.0000
-344.9372 0.0000
-345.3752 0.0000
-345.3831 0.0000
-344.8737 0.0000
-344.9669 0.0000
-344.8872 0.0000
-344.4029 0.0000
-344.7819 0.0000
-344.0511 0.0000
-344.5401 0.0000
-344.1233 0.0000
-344.0123 0.0000
-342.9078 0.0000
-342.9458 0.0000
-342.4610 0.0000
-343.2299 0.0000
-343.7622 0.0000
-344.0490 0.0000
-340.9314 0.0000
-340.6407 0.0000
-340.6858 0.0000
-339.8889 0.0000
-339.5622 0.0000
-339.4002 0.0000
-338.7315 0.0000
-339.1799 0.0000
-339.2419 0.0000
-338.8322 0.0000
-338.6423 0.0000
-338.8197 0.0000
-338.2629 0.0000
-338.5388 0.0000
-338.1579 0.0000
-338.5083 0.0000
-338.4092 0.0000
-337.9865 0.0000
-337.7745 0.0000
-337.7888 0.0000
-337.3461 0.0000
-337.3361 0.0000
-337.5712 0.0000
-338.1078 0.0000
-338.1255 0.0000
-338.0494 0.0000
-337.8253 0.0000
-337.4876 0.0000
-337.2053 0.0000
-337.8146 0.0000
-337.8440 0.0000
-337.3108 0.0000
-337.4145 0.0000
-337.1980 0.0000
-336.8824 0.0000
-337.1586 0.0000
-337.2156 0.0000
-337.3098 0.0000
-337.2286 0.0000
-337.0484 0.0000
-337.8253 0.0000
-337.1226 0.0000
-338.9023 0.0000
-337.7859 0.0000
-337.4385 0.0000
-337.2601 0.0000
-337.2422 0.0000
-337.6269 0.0000
-337.2761 0.0000
-337.4333 0.0000
-336.9725 0.0000
-336.2997 0.0000
-336.2110 0.0000
-335.6249 0.0000
-335.4126 0.0000
-335.6288 0.0000
-335.3483 0.0000
-335.1625 0.0000
-335.9712 0.0000
-336.0200 0.0000
-334.9934 0.0000
-334.9329 0.0000
-335.3056 0.0000
-334.5229 0.0000
-334.7545 0.0000
-334.0783 0.0000
-334.2812 0.0000
-334.7587 0.0000
-334.7880 0.0000
-335.2052 0.0000
-335.3404 0.0000
-335.0390 0.0000
-334.9831 0.0000
-334.3663 0.0000
-334.4516 0.0000
-334.5601 0.0000
-334.2653 0.0000
-333.6378 0.0000
-333.9458 0.0000
-334.2326 0.0000
-333.7220 0.0000
-333.1994 0.0000
-333.3225 0.0000
-333.3580 0.0000
-333.4804 0.0000
-333.3187 0.0000
-332.9554 0.0000
-332.8558 0.0000
-333.4833 0.0000
-333.1963 0.0000
-333.1909 0.0000
-334.0471 0.0000
-334.4946 0.0000
-334.0829 0.0000
-333.9679 0.0000
-333.6324 0.0000
-333.8975 0.0000
-333.6399 0.0000
