-100.0000 -100.0000
-335.9231 0.0000
-336.0792 0.0000
-335.9543 0.0000
-335.8595 0.0000
-336.0112 0.0000
-336.6793 0.0000
-336.3535 0.0000
-335.8573 0.0000
-336.4552 0.0000
-336.6983 0.0000
-336.5143 0.0000
-336.6921 0.0000
-336.0599 0.0000
-336.7035 0.0000
-336.3267 0.0000
-337.0535 0.0000
-337.2398 0.0000
-337.2870 0.0000
-336.4074 0.0000
-336.9439 0.0000
-336.9444 0.0000
-337.1124 0.0000
-336.8083 0.0000
-336.4984 0.0000
-336.0972 0.0000
-336.5193 0.0000
-336.7255 0.0000
-337.1670 0.0000
-337.5580 0.0000
-337.1048 0.0000
-337.3305 0.0000
-338.6343 0.0000
-337.7137 0.0000
-337.8934 0.0000
-336.8990 0.0000
-337.0093 0.0000
-336.7420 0.0000
-338.0192 0.0000
-336.1087 0.0000
-335.8582 0.0000
-335.8232 0.0000
-336.4029 0.0000
-335.6680 0.0000
-336.3457 0.0000
-336.1501 0.0000
-336.2174 0.0000
-336.1170 0.0000
-336.3588 0.0000
-336.6762 0.0000
-337.1840 0.0000
-337.3760 0.0000
-337.0606 0.0000
-337.8754 0.0000
-336.8478 0.0000
-337.7120 0.0000
-338.1329 0.0000
-337.9433 0.0000
-337.8075 0.0000
-337.9325 0.0000
-338.5141 0.0000
-338.2604 0.0000
-338.8233 0.0000
-338.4986 0.0000
-338.2621 0.0000
-338.4957 0.0000
-338.6212 0.0000
-339.1376 0.0000
-338.9496 0.0000
-337.9994 0.0000
-338.0025 0.0000
-338.1640 0.0000
-337.4416 0.0000
-337.3709 0.0000
-337.4323 0.0000
-337.1142 0.0000
-336.8501 0.0000
-336.5236 0.0000
-337.5710 0.0000
-337.3287 0.0000
-337.2349 0.0000
-337.2513 0.0000
-336.8007 0.0000
-337.6422 0.0000
-336.9627 0.0000
-337.8533 0.0000
-337.2763 0.0000
-337.0219 0.0000
-336.7742 0.0000
-336.9092 0.0000
-337.8608 0.0000
-337.5598 0.0000
-337.1895 0.0000
-336.6784 0.0000
-336.7736 0.0000
-336.9308 0.0000
-337.3726 0.0000
-337.3904 0.0000
-337.6097 0.0000
-337.9676 0.0000
-337.5953 0.0000
-337.3340 0.0000
-337.0513 0.0000
-337.3206 0.0000
-337.3584 0.0000
-337.0600 0.0000
-337.0517 0.0000
-336.9072 0.0000
-336.8898 0.0000
-336.5818 0.0000
-336.5402 0.0000
-337.0556 0.0000
-336.8762 0.0000
-337.2823 0.0000
-337.2379 0.0000
-337.5815 0.0000
-338.2173 0.0000
-338.1458 0.0000
-337.7659 0.0000
-338.0564 0.0000
-338.6476 0.0000
-337.9993 0.0000
-336.8009 0.0000
-336.5576 0.0000
-336.4624 0.0000
-336.1223 0.0000
-336.1406 0.0000
-336.0834 0.0000
-336.5667 0.0000
-336.6531 0.0000
-337.0472 0.0000
-336.0407 0.0000
-335.8008 0.0000
-335.8899 0.0000
-336.1481 0.0000
-335.7974 0.0000
-336.1381 0.0000
-335.9584 0.0000
-335.7091 0.0000
-336.0910 0.0000
-336.0873 0.0000
-336.1860 0.0000
-335.9590 0.0000
-336.2892 0.0000
-335.8519 0.0000
-336.1198 0.0000
-335.8626 0.0000
-335.9378 0.0000
-335.9984 0.0000
-336.6161 0.0000
-337.1122 0.0000
-334.9999 0.0000
-335.9125 0.0000
-335.4629 0.0000
-335.1734 0.0000
-335.2051 0.0000
-335.7789 0.0000
-335.2084 0.0000
-335.2404 0.0000
-335.2625 0.0000
-336.3434 0.0000
-335.4862 0.0000
-336.1507 0.0000
-336.4521 0.0000
-335.9389 0.0000
-336.0918 0.0000
-336.5468 0.0000
-336.8165 0.0000
-336.2492 0.0000
-335.8936 0.0000
-335.7365 0.0000
-335.6195 0.0000
-336.8750 0.0000
-337.7403 0.0000
-338.0142 0.0000
-337.0611 0.0000
-338.1427 0.0000
-337.5628 0.0000
-337.6005 0.0000
-338.0060 0.0000
-338.6114 0.0000
-339.3612 0.0000
-339.0730 0.0000
-338.8692 0.0000
-339.1699 0.0000
-339.1149 0.0000
-338.7931 0.0000
-339.2999 0.0000
-339.9785 0.0000
-340.4157 0.0000
-340.4053 0.0000
-339.9171 0.0000
-339.0657 0.0000
-339.9700 0.0000
-339.8986 0.0000
-339.9797 0.0000
-340.4255 0.0000
-340.8917 0.0000
-341.2823 0.0000
-342.7102 0.0000
-343.8023 0.0000
-343.1506 0.0000
-344.2821 0.0000
-345.3608 0.0000
-346.7949 0.0000
-345.8021 0.0000
-345.7633 0.0000
-345.3096 0.0000
-344.3917 0.0000
-345.7190 0.0000
-345.9040 0.0000
-344.2659 0.0000
-344.4857 0.0000
-346.0045 0.0000
-345.6812 0.0000
-346.2740 0.0000
-345.7863 0.0000
-345.4300 0.0000
-344.9302 0.0000
-344.6103 0.0000
-343.4973 0.0000
-343.0549 0.0000
-343.4425 0.0000
-343.3923 0.0000
-343.5814 0.0000
-344.1183 0.0000
-345.1121 0.0000
-344.9151 0.0000
-343.7108 0.0000
-343.8991 0.0000
-343.2618 0.0000
-341.7026 0.0000
-341.4342 0.0000
-341.7481 0.0000
-342.1836 0.0000
-342.4981 0.0000
-342.4882 0.0000
-342.2090 0.0000
-341.4507 0.0000
-342.3416 0.0000
-341.2615 0.0000
-341.1049 0.0000
-341.0799 0.0000
-341.2174 0.0000
-341.9376 0.0000
-340.8050 0.0000
-341.0687 0.0000
-341.1296 0.0000
-340.2409 0.0000
-340.0397 0.0000
-339.6751 0.0000
-339.4811 0.0000
-338.7359 0.0000
-337.8799 0.0000
-336.9323 0.0000
-337.2390 0.0000
-336.0398 0.0000
-336.0927 0.0000
-336.1696 0.0000
-335.7417 0.0000
-336.0240 0.0000
-336.2460 0.0000
-336.6216 0.0000
-336.3305 0.0000
-336.3867 0.0000
-336.0748 0.0000
-336.9280 0.0000
-336.7328 0.0000
-336.9872 0.0000
-336.4572 0.0000
-336.5929 0.0000
-336.5932 0.0000
-336.8412 0.0000
-336.5825 0.0000
-337.0722 0.0000
-336.6245 0.0000
-337.1810 0.0000
-336.5279 0.0000
-336.4628 0.0000
-336.6710 0.0000
-336.1684 0.0000
-335.4406 0.0000
-335.6171 0.0000
-336.0193 0.0000
-335.8010 0.0000
-336.2153 0.0000
-336.4297 0.0000
-336.0816 0.0000
-335.8304 0.0000
-336.4817 0.0000
-337.3360 0.0000
-336.0822 0.0000
-336.3845 0.0000
-336.0254 0.0000
-336.8104 0.0000
-336.9214 0.0000
-336.8818 0.0000
-336.5537 0.0000
-335.7210 0.0000
-335.4027 0.0000
-335.4081 0.0000
-335.4063 0.0000
-330.0331 0.0000
-330.0734 0.0000
-330.9719 0.0000
-330.7297 0.0000
-330.6539 0.0000
-331.4721 0.0000
-331.6213 0.0000
-331.6836 0.0000
-332.2980 0.0000
-331.8773 0.0000
-332.4122 0.0000
-332.5187 0.0000
-331.7074 0.0000
-331.9371 0.0000
-331.6870 0.0000
-331.9352 0.0000
-331.8061 0.0000
-332.2049 0.0000
-331.5406 0.0000
-331.9089 0.0000
-332.0121 0.0000
-332.1421 0.0000
-332.1028 0.0000
-331.7030 0.0000
-331.8017 0.0000
-332.2101 0.0000
-332.2957 0.0000
-333.4776 0.0000
-333.1977 0.0000
-332.9997 0.0000
-331.9413 0.0000
-333.9117 0.0000
-333.1498 0.0000
-332.6808 0.0000
-332.4019 0.0000
-332.1596 0.0000
-332.3139 0.0000
-332.3825 0.0000
-332.6820 0.0000
-332.8742 0.0000
-333.3170 0.0000
-333.7436 0.0000
-332.8987 0.0000
-333.2541 0.0000
-332.6207 0.0000
-333.3598 0.0000
-333.6518 0.0000
-332.5626 0.0000
-332.5317 0.0000
-331.7961 0.0000
-332.5719 0.0000
-332.5477 0.0000
-332.4937 0.0000
-332.1220 0.0000
-332.7347 0.0000
-333.3951 0.0000
-332.6621 0.0000
-332.9720 0.0000
-332.8897 0.0000
-333.0667 0.0000
-332.5875 0.0000
-333.7401 0.0000
-332.5256 0.0000
-333.7937 0.0000
-335.1018 0.0000
-335.6084 0.0000
-334.5440 0.0000
-334.8078 0.0000
-334.4447 0.0000
-335.1311 0.0000
-334.9484 0.0000
-335.2231 0.0000
-335.6496 0.0000
-335.3640 0.0000
-334.1708 0.0000
-334.1879 0.0000
-334.4038 0.0000
-334.2329 0.0000
-334.3991 0.0000
-335.0494 0.0000
-334.4878 0.0000
-335.1314 0.0000
-335.2531 0.0000
-335.6450 0.0000
-335.7505 0.0000
-335.1926 0.0000
-335.7047 0.0000
-336.3377 0.0000
-334.9198 0.0000
-335.1225 0.0000
-334.5469 0.0000
-335.5186 0.0000
-335.1807 0.0000
-335.1219 0.0000
-333.5806 0.0000
-335.0383 0.0000
-334.5970 0.0000
-335.4609 0.0000
-336.1283 0.0000
-335.3864 0.0000
-334.2597 0.0000
-334.8184 0.0000
-335.3075 0.0000
-334.5779 0.0000
-335.1373 0.0000
-334.9305 0.0000
-334.2183 0.0000
-334.7899 0.0000
-334.7232 0.0000
-334.7490 0.0000
-334.1614 0.0000
-334.3874 0.0000
-333.8452 0.0000
-334.3892 0.0000
-334.0955 0.0000
-334.3093 0.0000
-334.6919 0.0000
-334.3992 0.0000
-333.8685 0.0000
-333.7441 0.0000
-333.7059 0.0000
-333.9327 0.0000
-333.8939 0.0000
-334.7170 0.0000
-334.7236 0.0000
-334.7323 0.0000
-334.7943 0.0000
-334.4570 0.0000
-334.5066 0.0000
-334.5026 0.0000
-335.1996 0.0000
-335.2148 0.0000
-335.1822 0.0000
-335.3407 0.0000
-334.1543 0.0000
-334.2278 0.0000
-333.3525 0.0000
-333.2513 0.0000
-332.8130 0.0000
-333.2043 0.0000
-333.2874 0.0000
-332.8740 0.0000
-334.4911 0.0000
-334.6220 0.0000
-334.2613 0.0000
-335.1125 0.0000
-334.9741 0.0000
-335.6664 0.0000
-336.0526 0.0000
-336.2613 0.0000
-335.5387 0.0000
-335.3183 0.0000
-335.6236 0.0000
-335.1644 0.0000
-334.8607 0.0000
-334.9644 0.0000
-334.7210 0.0000
-334.2956 0.0000
-335.4407 0.0000
-335.2118 0.0000
-334.3335 0.0000
-334.6421 0.0000
-334.8766 0.0000
-334.4648 0.0000
-334.6812 0.0000
-334.1767 0.0000
-334.0280 0.0000
-334.3897 0.0000
-335.0247 0.0000
-335.2207 0.0000
-334.8691 0.0000
-335.0227 0.0000
-334.8576 0.0000
-334.0869 0.0000
-334.2299 0.0000
-334.5308 0.0000
-334.0832 0.0000
-334.1814 0.0000
-334.8497 0.0000
-334.6538 0.0000
-334.1529 0.0000
-334.0730 0.0000
-334.3763 0.0000
-334.5335 0.0000
-335.0535 0.0000
-335.1827 0.0000
-334.6473 0.0000
-335.8046 0.0000
-336.0705 0.0000
-334.4872 0.0000
-335.1436 0.0000
-336.1304 0.0000
-335.6909 0.0000
-335.7405 0.0000
-334.9076 0.0000
-334.5852 0.0000
-334.6282 0.0000
-334.4975 0.0000
