-100.0000 -100.0000
-335.9231 0.0000
-336.0792 0.0000
-335.9543 0.0000
-335.8595 0.0000
-336.0112 0.0000
-336.6793 0.0000
-336.3535 0.0000
-335.5243 0.0000
-336.1095 0.0000
-336.3638 0.0000
-336.1727 0.0000
-336.3386 0.0000
-335.9243 0.0000
-336.5742 0.0000
-335.5660 0.0000
-336.3102 0.0000
-335.7335 0.0000
-335.7853 0.0000
-334.9697 0.0000
-335.4817 0.0000
-334.9197 0.0000
-335.0999 0.0000
-334.9226 0.0000
-334.6411 0.0000
-334.2787 0.0000
-334.7056 0.0000
-334.5082 0.0000
-334.9997 0.0000
-335.4025 0.0000
-334.5587 0.0000
-334.8353 0.0000
-335.9322 0.0000
-334.8583 0.0000
-334.9678 0.0000
-333.9613 0.0000
-334.0528 0.0000
-333.6930 0.0000
-334.9755 0.0000
-334.3222 0.0000
-334.0672 0.0000
-334.0339 0.0000
-334.5716 0.0000
-334.3158 0.0000
-335.0054 0.0000
-334.1444 0.0000
-334.1509 0.0000
-334.0004 0.0000
-334.1516 0.0000
-334.3993 0.0000
-334.9779 0.0000
-335.2836 0.0000
-334.8939 0.0000
-335.7549 0.0000
-334.7275 0.0000
-335.6713 0.0000
-335.2197 0.0000
-335.0115 0.0000
-334.8595 0.0000
-335.0262 0.0000
-335.6482 0.0000
-334.7325 0.0000
-335.3605 0.0000
-335.1952 0.0000
-334.9201 0.0000
-335.2936 0.0000
-335.4526 0.0000
-336.2157 0.0000
-335.1978 0.0000
-334.3005 0.0000
-334.2751 0.0000
-334.5231 0.0000
-333.7473 0.0000
-333.8399 0.0000
-334.0195 0.0000
-333.5778 0.0000
-333.2304 0.0000
-332.9673 0.0000
-334.0109 0.0000
-332.5457 0.0000
-332.4959 0.0000
-332.5430 0.0000
-332.2143 0.0000
-333.0556 0.0000
-333.0441 0.0000
-333.9201 0.0000
-332.4525 0.0000
-332.2858 0.0000
-331.8710 0.0000
-331.9078 0.0000
-332.7901 0.0000
-331.7564 0.0000
-331.1961 0.0000
-330.6204 0.0000
-330.5166 0.0000
-330.5938 0.0000
-331.1802 0.0000
-331.1095 0.0000
-331.3639 0.0000
-331.8956 0.0000
-331.1343 0.0000
-330.7679 0.0000
-332.6547 0.0000
-332.7786 0.0000
-332.8095 0.0000
-332.3039 0.0000
-332.6184 0.0000
-332.2351 0.0000
-332.2637 0.0000
-331.7705 0.0000
-331.7219 0.0000
-332.0323 0.0000
-331.5352 0.0000
-332.3268 0.0000
-331.3816 0.0000
-332.1152 0.0000
-332.7750 0.0000
-332.4172 0.0000
-331.8556 0.0000
-332.2409 0.0000
-333.0422 0.0000
-333.0471 0.0000
-331.7051 0.0000
-331.5161 0.0000
-331.1902 0.0000
-330.8898 0.0000
-330.9423 0.0000
-330.8397 0.0000
-331.3168 0.0000
-330.6452 0.0000
-331.0675 0.0000
-329.9827 0.0000
-329.8576 0.0000
-330.3840 0.0000
-329.7807 0.0000
-329.2792 0.0000
-329.5483 0.0000
-329.2432 0.0000
-328.7659 0.0000
-328.7148 0.0000
-328.9278 0.0000
-328.4529 0.0000
-328.1240 0.0000
-328.4265 0.0000
-327.9811 0.0000
-328.5125 0.0000
-328.2264 0.0000
-328.0484 0.0000
-327.8456 0.0000
-328.7544 0.0000
-329.6995 0.0000
-328.8402 0.0000
-329.5379 0.0000
-328.3767 0.0000
-328.1107 0.0000
-328.5425 0.0000
-328.8030 0.0000
-328.4634 0.0000
-328.5727 0.0000
-328.5296 0.0000
-329.3995 0.0000
-329.4961 0.0000
-329.9001 0.0000
-329.7985 0.0000
-329.6517 0.0000
-329.2361 0.0000
-329.6948 0.0000
-329.7183 0.0000
-329.6016 0.0000
-329.3455 0.0000
-329.2343 0.0000
-329.0414 0.0000
-330.5479 0.0000
-331.1551 0.0000
-331.1470 0.0000
-330.5147 0.0000
-331.6314 0.0000
-330.5469 0.0000
-330.7255 0.0000
-330.8634 0.0000
-331.7374 0.0000
-331.7823 0.0000
-330.9782 0.0000
-331.0119 0.0000
-331.3229 0.0000
-331.1287 0.0000
-330.8585 0.0000
-331.7258 0.0000
-331.8266 0.0000
-331.7947 0.0000
-331.6324 0.0000
-331.3070 0.0000
-330.2571 0.0000
-331.0142 0.0000
-331.3480 0.0000
-331.4921 0.0000
-332.3249 0.0000
-332.7881 0.0000
-333.1676 0.0000
-333.3811 0.0000
-333.7833 0.0000
-331.8288 0.0000
-333.8942 0.0000
-333.9415 0.0000
-334.6682 0.0000
-334.2965 0.0000
-334.7340 0.0000
-334.7164 0.0000
-334.2038 0.0000
-335.3306 0.0000
-336.0582 0.0000
-335.1375 0.0000
-335.8129 0.0000
-336.0505 0.0000
-335.6199 0.0000
-336.2179 0.0000
-336.2302 0.0000
-335.4334 0.0000
-335.7188 0.0000
-335.4068 0.0000
-335.3340 0.0000
-335.3533 0.0000
-335.8968 0.0000
-335.6309 0.0000
-335.7028 0.0000
-336.1581 0.0000
-336.3934 0.0000
-335.5456 0.0000
-334.5354 0.0000
-335.9062 0.0000
-335.7355 0.0000
-334.5651 0.0000
-334.3994 0.0000
-334.7594 0.0000
-334.7507 0.0000
-335.0549 0.0000
-334.5916 0.0000
-334.0715 0.0000
-334.4022 0.0000
-334.1852 0.0000
-333.3243 0.0000
-333.0971 0.0000
-332.8427 0.0000
-332.7712 0.0000
-333.1067 0.0000
-332.6594 0.0000
-332.7421 0.0000
-332.6924 0.0000
-331.7537 0.0000
-332.4445 0.0000
-332.0530 0.0000
-331.6729 0.0000
-330.7505 0.0000
-329.9078 0.0000
-328.5830 0.0000
-328.8936 0.0000
-328.1364 0.0000
-327.9492 0.0000
-327.2742 0.0000
-327.3309 0.0000
-326.9284 0.0000
-327.6046 0.0000
-327.9303 0.0000
-327.3301 0.0000
-327.3642 0.0000
-327.0296 0.0000
-327.4610 0.0000
-327.5293 0.0000
-327.7304 0.0000
-327.0755 0.0000
-327.0205 0.0000
-327.3518 0.0000
-327.1960 0.0000
-326.6519 0.0000
-327.3185 0.0000
-327.1464 0.0000
-327.6433 0.0000
-326.8883 0.0000
-327.0839 0.0000
-326.8291 0.0000
-326.3822 0.0000
-325.6548 0.0000
-325.9804 0.0000
-326.5214 0.0000
-326.7967 0.0000
-326.7105 0.0000
-326.5456 0.0000
-326.9526 0.0000
-326.3808 0.0000
-327.0764 0.0000
-327.8007 0.0000
-327.6821 0.0000
-327.8515 0.0000
-328.1394 0.0000
-328.9818 0.0000
-329.0152 0.0000
-328.6939 0.0000
-328.5952 0.0000
-327.9842 0.0000
-328.0680 0.0000
-328.4260 0.0000
-328.7634 0.0000
-332.3628 0.0000
-331.7452 0.0000
-332.4517 0.0000
-331.7328 0.0000
-331.9085 0.0000
-332.1945 0.0000
-331.5516 0.0000
-331.5456 0.0000
-332.3108 0.0000
-331.6432 0.0000
-331.8929 0.0000
-332.3476 0.0000
-331.6300 0.0000
-331.8844 0.0000
-331.3713 0.0000
-331.5736 0.0000
-331.2947 0.0000
-331.3502 0.0000
-331.1597 0.0000
-331.5479 0.0000
-331.6921 0.0000
-332.2805 0.0000
-332.4042 0.0000
-331.6113 0.0000
-332.4277 0.0000
-332.5816 0.0000
-332.9992 0.0000
-333.4822 0.0000
-332.6170 0.0000
-332.4757 0.0000
-331.4330 0.0000
-332.3785 0.0000
-332.5355 0.0000
-332.4352 0.0000
-332.4979 0.0000
-332.2262 0.0000
-332.1264 0.0000
-332.0509 0.0000
-332.2075 0.0000
-332.4082 0.0000
-333.2172 0.0000
-333.4847 0.0000
-332.7357 0.0000
-332.5731 0.0000
-332.2021 0.0000
-333.0841 0.0000
-333.0541 0.0000
-332.1673 0.0000
-331.5426 0.0000
-330.7919 0.0000
-330.8055 0.0000
-330.8436 0.0000
-330.7714 0.0000
-330.6809 0.0000
-331.2942 0.0000
-331.7967 0.0000
-331.5210 0.0000
-331.9173 0.0000
-332.0651 0.0000
-332.2345 0.0000
-331.8369 0.0000
-333.0447 0.0000
-332.8833 0.0000
-334.3839 0.0000
-334.0216 0.0000
-334.0965 0.0000
-333.7759 0.0000
-334.0136 0.0000
-333.7164 0.0000
-334.0945 0.0000
-334.2966 0.0000
-334.6478 0.0000
-334.2637 0.0000
-333.9022 0.0000
-332.9118 0.0000
-332.7050 0.0000
-332.7448 0.0000
-332.6116 0.0000
-332.6588 0.0000
-333.4051 0.0000
-332.5697 0.0000
-333.0431 0.0000
-333.6791 0.0000
-333.1661 0.0000
-333.2884 0.0000
-332.7533 0.0000
-332.1814 0.0000
-333.3625 0.0000
-332.6487 0.0000
-332.4329 0.0000
-332.2831 0.0000
-332.8027 0.0000
-332.8255 0.0000
-333.0055 0.0000
-331.8126 0.0000
-332.6615 0.0000
-332.5642 0.0000
-332.9369 0.0000
-333.4432 0.0000
-333.4490 0.0000
-331.0576 0.0000
-330.6263 0.0000
-330.4295 0.0000
-329.5942 0.0000
-329.7152 0.0000
-329.2778 0.0000
-328.4691 0.0000
-328.9165 0.0000
-328.2635 0.0000
-327.9036 0.0000
-327.4536 0.0000
-327.7559 0.0000
-327.1952 0.0000
-327.7228 0.0000
-327.4208 0.0000
-327.8713 0.0000
-327.9539 0.0000
-327.3860 0.0000
-327.0892 0.0000
-326.9289 0.0000
-326.6368 0.0000
-326.2568 0.0000
-326.3713 0.0000
-326.7811 0.0000
-326.3022 0.0000
-326.2247 0.0000
-326.2007 0.0000
-325.7886 0.0000
-325.3311 0.0000
-325.7564 0.0000
-325.3737 0.0000
-324.7721 0.0000
-324.8469 0.0000
-324.5470 0.0000
-324.1517 0.0000
-324.5299 0.0000
-324.3476 0.0000
-324.5637 0.0000
-324.0551 0.0000
-323.9402 0.0000
-324.9671 0.0000
-323.6285 0.0000
-325.5921 0.0000
-324.4365 0.0000
-324.1633 0.0000
-324.2723 0.0000
-323.8954 0.0000
-324.5933 0.0000
-324.2894 0.0000
-324.1811 0.0000
-323.3513 0.0000
-324.0311 0.0000
-324.3839 0.0000
-323.8953 0.0000
-323.5624 0.0000
-323.7882 0.0000
-324.0409 0.0000
-323.9564 0.0000
-324.9459 0.0000
-325.4214 0.0000
-324.6356 0.0000
-324.8892 0.0000
-325.3318 0.0000
-324.3416 0.0000
-324.5630 0.0000
-323.8041 0.0000
-324.0192 0.0000
-324.3163 0.0000
-324.7487 0.0000
-324.7187 0.0000
-323.9641 0.0000
-323.9728 0.0000
-324.0211 0.0000
-323.0799 0.0000
-323.3671 0.0000
-323.1803 0.0000
-323.2060 0.0000
-322.4958 0.0000
-323.0433 0.0000
-323.3051 0.0000
-322.4634 0.0000
-321.9988 0.0000
-321.8800 0.0000
-322.4455 0.0000
-322.7170 0.0000
-322.9675 0.0000
-322.6992 0.0000
-322.3404 0.0000
-322.8074 0.0000
-322.3905 0.0000
-322.4416 0.0000
-323.5442 0.0000
-324.2372 0.0000
-324.3727 0.0000
-324.1361 0.0000
-323.7615 0.0000
-324.2063 0.0000
-323.9498 0.0000
