-100.0000 -100.0000
-335.9231 0.0000
-336.0792 0.0000
-335.9543 0.0000
-335.8595 0.0000
-336.0112 0.0000
-336.6793 0.0000
-337.0429 0.0000
-336.2017 0.0000
-336.7854 0.0000
-337.0539 0.0000
-336.5909 0.0000
-336.7360 0.0000
-336.2395 0.0000
-336.9114 0.0000
-335.8397 0.0000
-336.5499 0.0000
-335.9695 0.0000
-336.0047 0.0000
-335.1768 0.0000
-335.7206 0.0000
-335.6873 0.0000
-335.8855 0.0000
-335.5941 0.0000
-335.2987 0.0000
-334.9347 0.0000
-335.3983 0.0000
-335.1941 0.0000
-335.6322 0.0000
-335.9804 0.0000
-335.5798 0.0000
-335.8600 0.0000
-336.9325 0.0000
-337.1867 0.0000
-337.2941 0.0000
-336.2786 0.0000
-336.3486 0.0000
-336.0936 0.0000
-337.3490 0.0000
-336.6289 0.0000
-336.3566 0.0000
-336.3238 0.0000
-336.8258 0.0000
-336.6426 0.0000
-337.3344 0.0000
-336.4372 0.0000
-336.3875 0.0000
-336.2187 0.0000
-336.3462 0.0000
-336.5455 0.0000
-337.1228 0.0000
-336.9007 0.0000
-336.1780 0.0000
-337.1452 0.0000
-336.0566 0.0000
-336.8549 0.0000
-336.5590 0.0000
-336.2886 0.0000
-336.1046 0.0000
-336.3210 0.0000
-336.9291 0.0000
-335.9311 0.0000
-336.3299 0.0000
-336.1990 0.0000
-336.0079 0.0000
-336.3953 0.0000
-336.2165 0.0000
-336.9001 0.0000
-336.5483 0.0000
-335.8198 0.0000
-335.7451 0.0000
-335.8635 0.0000
-335.4011 0.0000
-335.4784 0.0000
-335.6729 0.0000
-335.4032 0.0000
-335.0932 0.0000
-334.8057 0.0000
-335.8155 0.0000
-334.3982 0.0000
-334.3482 0.0000
-334.4082 0.0000
-334.1742 0.0000
-334.9295 0.0000
-334.2157 0.0000
-334.9959 0.0000
-334.3508 0.0000
-334.1596 0.0000
-333.7478 0.0000
-333.7350 0.0000
-334.4200 0.0000
-333.5222 0.0000
-332.8467 0.0000
-332.3075 0.0000
-332.1171 0.0000
-332.1953 0.0000
-332.9309 0.0000
-332.8169 0.0000
-333.0884 0.0000
-333.6518 0.0000
-333.3923 0.0000
-332.9469 0.0000
-330.4164 0.0000
-330.6200 0.0000
-330.8152 0.0000
-330.4396 0.0000
-330.7294 0.0000
-330.6300 0.0000
-330.5963 0.0000
-330.1537 0.0000
-330.0424 0.0000
-330.3439 0.0000
-330.0937 0.0000
-330.7054 0.0000
-330.0590 0.0000
-330.6003 0.0000
-330.7896 0.0000
-329.7711 0.0000
-329.3737 0.0000
-330.2419 0.0000
-330.8788 0.0000
-330.6455 0.0000
-329.3907 0.0000
-329.0447 0.0000
-328.8652 0.0000
-328.6205 0.0000
-328.7555 0.0000
-328.7056 0.0000
-329.1949 0.0000
-329.1934 0.0000
-329.6253 0.0000
-329.1972 0.0000
-328.9680 0.0000
-329.1494 0.0000
-329.0806 0.0000
-328.4645 0.0000
-328.9568 0.0000
-328.9307 0.0000
-328.5194 0.0000
-328.8826 0.0000
-329.0896 0.0000
-329.0959 0.0000
-328.7888 0.0000
-328.9350 0.0000
-328.5939 0.0000
-329.1644 0.0000
-328.8897 0.0000
-328.8785 0.0000
-328.7626 0.0000
-329.5372 0.0000
-330.4698 0.0000
-329.6874 0.0000
-330.3404 0.0000
-328.9955 0.0000
-329.2730 0.0000
-329.8748 0.0000
-330.3501 0.0000
-329.5505 0.0000
-329.8054 0.0000
-329.8425 0.0000
-330.6160 0.0000
-330.0892 0.0000
-330.4809 0.0000
-330.2792 0.0000
-330.0827 0.0000
-329.7084 0.0000
-330.5596 0.0000
-330.2620 0.0000
-330.0972 0.0000
-330.0883 0.0000
-330.0389 0.0000
-330.0158 0.0000
-331.3224 0.0000
-332.0274 0.0000
-332.4888 0.0000
-331.0860 0.0000
-332.4333 0.0000
-331.1832 0.0000
-331.5910 0.0000
-331.7325 0.0000
-332.7054 0.0000
-332.5584 0.0000
-332.0512 0.0000
-331.8391 0.0000
-332.1995 0.0000
-331.7616 0.0000
-331.6277 0.0000
-332.5435 0.0000
-332.4146 0.0000
-332.2737 0.0000
-332.4922 0.0000
-332.6918 0.0000
-331.6833 0.0000
-332.3215 0.0000
-332.7693 0.0000
-332.7281 0.0000
-333.4940 0.0000
-333.6610 0.0000
-333.9941 0.0000
-333.9095 0.0000
-334.0694 0.0000
-332.6082 0.0000
-332.1965 0.0000
-332.2060 0.0000
-332.5457 0.0000
-331.2511 0.0000
-332.0371 0.0000
-331.7840 0.0000
-331.4624 0.0000
-332.4852 0.0000
-332.6785 0.0000
-330.9977 0.0000
-331.6789 0.0000
-332.0246 0.0000
-331.6778 0.0000
-332.2979 0.0000
-332.1890 0.0000
-331.4614 0.0000
-331.9725 0.0000
-331.5033 0.0000
-331.5713 0.0000
-331.3306 0.0000
-332.1177 0.0000
-331.3356 0.0000
-332.0605 0.0000
-332.5490 0.0000
-332.5367 0.0000
-331.4952 0.0000
-330.7460 0.0000
-332.1475 0.0000
-331.5916 0.0000
-330.4293 0.0000
-331.6539 0.0000
-332.2181 0.0000
-332.0492 0.0000
-332.2828 0.0000
-331.9045 0.0000
-331.2356 0.0000
-331.4760 0.0000
-331.6199 0.0000
-330.7136 0.0000
-331.7286 0.0000
-331.7799 0.0000
-332.0193 0.0000
-332.2780 0.0000
-331.3679 0.0000
-331.9154 0.0000
-331.9747 0.0000
-330.7608 0.0000
-331.7103 0.0000
-331.1347 0.0000
-331.5188 0.0000
-330.8956 0.0000
-331.1284 0.0000
-330.6073 0.0000
-332.3724 0.0000
-331.0132 0.0000
-331.6117 0.0000
-331.3002 0.0000
-331.7346 0.0000
-331.5321 0.0000
-332.2443 0.0000
-332.3459 0.0000
-330.6658 0.0000
-331.9901 0.0000
-331.4180 0.0000
-332.0520 0.0000
-331.6435 0.0000
-331.7567 0.0000
-330.9384 0.0000
-331.7971 0.0000
-332.1753 0.0000
-331.9831 0.0000
-331.4251 0.0000
-332.4235 0.0000
-331.5477 0.0000
-332.6805 0.0000
-331.7630 0.0000
-331.7720 0.0000
-331.6363 0.0000
-331.7152 0.0000
-331.3257 0.0000
-332.4441 0.0000
-332.1713 0.0000
-332.1857 0.0000
-332.0581 0.0000
-331.9146 0.0000
-331.9397 0.0000
-331.4136 0.0000
-332.4585 0.0000
-332.2376 0.0000
-331.9238 0.0000
-331.4959 0.0000
-331.9603 0.0000
-332.4985 0.0000
-332.4054 0.0000
-331.6143 0.0000
-331.7513 0.0000
-331.2618 0.0000
-331.8985 0.0000
-331.8544 0.0000
-332.0084 0.0000
-329.1889 0.0000
-328.6591 0.0000
-329.6184 0.0000
-328.8359 0.0000
-328.6323 0.0000
-329.1987 0.0000
-328.8788 0.0000
-328.6163 0.0000
-329.0835 0.0000
-328.8425 0.0000
-329.1014 0.0000
-329.4043 0.0000
-328.4580 0.0000
-328.7225 0.0000
-328.6254 0.0000
-328.7205 0.0000
-328.6735 0.0000
-328.8066 0.0000
-328.6508 0.0000
-328.9739 0.0000
-329.5233 0.0000
-329.9733 0.0000
-329.6118 0.0000
-329.3737 0.0000
-329.5378 0.0000
-329.9381 0.0000
-330.4346 0.0000
-331.2886 0.0000
-330.1836 0.0000
-330.2110 0.0000
-329.7919 0.0000
-331.3422 0.0000
-330.8140 0.0000
-330.9139 0.0000
-330.8534 0.0000
-330.9552 0.0000
-330.6285 0.0000
-330.9337 0.0000
-330.5885 0.0000
-330.5391 0.0000
-330.9657 0.0000
-331.3850 0.0000
-331.3386 0.0000
-331.4727 0.0000
-330.8786 0.0000
-331.2137 0.0000
-331.4444 0.0000
-329.6124 0.0000
-329.2271 0.0000
-328.8225 0.0000
-329.2764 0.0000
-328.4367 0.0000
-328.6300 0.0000
-327.7877 0.0000
-328.4135 0.0000
-327.9638 0.0000
-328.0254 0.0000
-328.1691 0.0000
-328.5093 0.0000
-328.9152 0.0000
-327.7345 0.0000
-329.0673 0.0000
-328.9018 0.0000
-329.9083 0.0000
-331.2215 0.0000
-329.8293 0.0000
-329.4297 0.0000
-329.7431 0.0000
-329.6129 0.0000
-330.1844 0.0000
-330.5371 0.0000
-330.6627 0.0000
-330.7340 0.0000
-330.5831 0.0000
-329.3208 0.0000
-329.1298 0.0000
-329.2671 0.0000
-329.2056 0.0000
-329.3303 0.0000
-329.8695 0.0000
-329.6549 0.0000
-330.3759 0.0000
-331.0162 0.0000
-331.3472 0.0000
-331.0823 0.0000
-330.5977 0.0000
-330.8296 0.0000
-330.9941 0.0000
-330.7327 0.0000
-330.8986 0.0000
-330.7366 0.0000
-331.6165 0.0000
-330.7134 0.0000
-331.2382 0.0000
-330.0196 0.0000
-331.1642 0.0000
-331.0413 0.0000
-331.4602 0.0000
-331.8191 0.0000
-332.0339 0.0000
-332.2373 0.0000
-332.6189 0.0000
-332.6466 0.0000
-332.7676 0.0000
-333.8635 0.0000
-332.7701 0.0000
-333.2407 0.0000
-334.0597 0.0000
-333.2343 0.0000
-333.4693 0.0000
-332.8440 0.0000
-333.7252 0.0000
-332.8267 0.0000
-334.2660 0.0000
-333.2652 0.0000
-333.4334 0.0000
-333.9407 0.0000
-333.3738 0.0000
-332.8053 0.0000
-332.4577 0.0000
-332.4759 0.0000
-332.8078 0.0000
-332.9875 0.0000
-333.3822 0.0000
-332.8842 0.0000
-332.8245 0.0000
-333.1215 0.0000
-332.6223 0.0000
-332.4055 0.0000
-332.4378 0.0000
-332.9478 0.0000
-332.1876 0.0000
-332.3214 0.0000
-332.1440 0.0000
-331.4400 0.0000
-331.5748 0.0000
-330.8301 0.0000
-331.0313 0.0000
-330.3286 0.0000
-330.8408 0.0000
-331.1445 0.0000
-330.5210 0.0000
-332.0274 0.0000
-330.3949 0.0000
-330.1033 0.0000
-330.5320 0.0000
-330.3273 0.0000
-330.6426 0.0000
-330.4482 0.0000
-330.8456 0.0000
-329.4472 0.0000
-329.4646 0.0000
-329.7057 0.0000
-329.3967 0.0000
-328.9775 0.0000
-329.0384 0.0000
-329.2377 0.0000
-329.0667 0.0000
-330.0268 0.0000
-330.1929 0.0000
-329.5545 0.0000
-330.0143 0.0000
-330.3649 0.0000
-329.7727 0.0000
-329.6759 0.0000
-328.9638 0.0000
-329.0677 0.0000
-329.6772 0.0000
-329.6928 0.0000
-329.2112 0.0000
-328.6454 0.0000
-328.5074 0.0000
-328.8109 0.0000
-327.7557 0.0000
-327.8815 0.0000
-328.1577 0.0000
-327.5695 0.0000
-327.1570 0.0000
-327.7423 0.0000
-328.1819 0.0000
-327.2659 0.0000
-327.2987 0.0000
-327.0345 0.0000
-327.5897 0.0000
-327.7481 0.0000
-328.0155 0.0000
-327.8128 0.0000
-327.9710 0.0000
-328.5674 0.0000
-327.3438 0.0000
-328.1883 0.0000
-329.1124 0.0000
-328.6837 0.0000
-328.1052 0.0000
-327.8116 0.0000
-327.7947 0.0000
-327.9537 0.0000
-327.4824 0.0000
