-100.0000 -100.0000
-335.9231 0.0000
-336.0792 0.0000
-335.9543 0.0000
-335.8595 0.0000
-336.0112 0.0000
-336.6793 0.0000
-337.0429 0.0000
-336.5558 0.0000
-337.1503 0.0000
-337.4077 0.0000
-337.2166 0.0000
-337.3679 0.0000
-336.8859 0.0000
-337.5252 0.0000
-337.1468 0.0000
-337.8511 0.0000
-338.0058 0.0000
-338.0394 0.0000
-337.2122 0.0000
-337.7884 0.0000
-337.7836 0.0000
-337.9381 0.0000
-337.6111 0.0000
-337.3377 0.0000
-336.9501 0.0000
-337.3834 0.0000
-337.5765 0.0000
-338.0116 0.0000
-338.3796 0.0000
-337.9623 0.0000
-338.2156 0.0000
-339.5294 0.0000
-339.8673 0.0000
-340.0052 0.0000
-339.0460 0.0000
-339.1758 0.0000
-338.8820 0.0000
-340.0905 0.0000
-338.1981 0.0000
-337.9442 0.0000
-337.9310 0.0000
-338.4666 0.0000
-337.7683 0.0000
-338.4576 0.0000
-338.2052 0.0000
-338.2269 0.0000
-338.1313 0.0000
-338.2521 0.0000
-338.5038 0.0000
-339.0884 0.0000
-339.3762 0.0000
-339.0582 0.0000
-339.9425 0.0000
-338.8674 0.0000
-339.6824 0.0000
-340.1028 0.0000
-339.9319 0.0000
-339.7239 0.0000
-339.8000 0.0000
-340.3690 0.0000
-340.1311 0.0000
-340.5832 0.0000
-340.2381 0.0000
-339.9931 0.0000
-340.2747 0.0000
-340.4259 0.0000
-340.9930 0.0000
-340.3178 0.0000
-339.3371 0.0000
-339.3323 0.0000
-339.4959 0.0000
-339.0353 0.0000
-339.0469 0.0000
-339.0819 0.0000
-338.7714 0.0000
-338.4298 0.0000
-338.1341 0.0000
-339.1969 0.0000
-338.9535 0.0000
-338.8578 0.0000
-338.9515 0.0000
-338.4892 0.0000
-339.2785 0.0000
-339.4738 0.0000
-340.3313 0.0000
-339.7932 0.0000
-339.5556 0.0000
-339.2304 0.0000
-339.3530 0.0000
-340.2585 0.0000
-340.0489 0.0000
-339.5403 0.0000
-339.0130 0.0000
-339.2156 0.0000
-339.2453 0.0000
-339.7248 0.0000
-339.6860 0.0000
-339.8801 0.0000
-340.1845 0.0000
-339.7298 0.0000
-339.4215 0.0000
-339.1515 0.0000
-339.4271 0.0000
-339.6829 0.0000
-339.3195 0.0000
-339.2145 0.0000
-338.9778 0.0000
-338.9766 0.0000
-338.7092 0.0000
-338.7026 0.0000
-339.1580 0.0000
-339.0843 0.0000
-339.4648 0.0000
-339.4323 0.0000
-339.8070 0.0000
-340.4989 0.0000
-340.4189 0.0000
-339.9145 0.0000
-340.3019 0.0000
-340.9349 0.0000
-340.9775 0.0000
-339.7631 0.0000
-339.5430 0.0000
-339.6007 0.0000
-339.3211 0.0000
-339.4133 0.0000
-339.4038 0.0000
-339.8571 0.0000
-339.8362 0.0000
-340.2669 0.0000
-339.6195 0.0000
-339.4864 0.0000
-339.7325 0.0000
-339.7783 0.0000
-339.3121 0.0000
-339.5241 0.0000
-339.2153 0.0000
-338.8935 0.0000
-338.9248 0.0000
-338.8282 0.0000
-338.6716 0.0000
-338.4636 0.0000
-338.6791 0.0000
-338.3767 0.0000
-338.5926 0.0000
-338.3879 0.0000
-338.2657 0.0000
-338.2480 0.0000
-338.8600 0.0000
-339.7523 0.0000
-338.6624 0.0000
-339.4819 0.0000
-339.1196 0.0000
-338.9527 0.0000
-339.0315 0.0000
-339.5279 0.0000
-338.9489 0.0000
-339.1886 0.0000
-339.1704 0.0000
-340.4091 0.0000
-339.3762 0.0000
-340.0314 0.0000
-340.4445 0.0000
-339.8815 0.0000
-339.6589 0.0000
-339.9509 0.0000
-339.7514 0.0000
-339.4698 0.0000
-338.8895 0.0000
-338.8389 0.0000
-338.6626 0.0000
-339.5851 0.0000
-340.3884 0.0000
-340.6099 0.0000
-339.7297 0.0000
-340.2601 0.0000
-339.9309 0.0000
-339.4859 0.0000
-339.2816 0.0000
-339.9018 0.0000
-340.6195 0.0000
-340.2785 0.0000
-340.1667 0.0000
-340.2897 0.0000
-340.1410 0.0000
-339.7831 0.0000
-340.3201 0.0000
-341.0577 0.0000
-340.6165 0.0000
-341.1895 0.0000
-340.9795 0.0000
-340.2611 0.0000
-340.4124 0.0000
-340.0856 0.0000
-339.9332 0.0000
-340.2749 0.0000
-340.5310 0.0000
-340.7509 0.0000
-341.7030 0.0000
-342.5306 0.0000
-341.8884 0.0000
-338.9142 0.0000
-339.7091 0.0000
-340.9107 0.0000
-341.1168 0.0000
-341.6098 0.0000
-341.1551 0.0000
-340.1348 0.0000
-341.4805 0.0000
-341.9511 0.0000
-339.7719 0.0000
-338.9908 0.0000
-339.6149 0.0000
-338.9902 0.0000
-339.7860 0.0000
-339.5322 0.0000
-339.1139 0.0000
-338.9382 0.0000
-338.6047 0.0000
-337.5988 0.0000
-336.9759 0.0000
-337.0533 0.0000
-336.6849 0.0000
-336.7985 0.0000
-337.5522 0.0000
-338.4985 0.0000
-338.3093 0.0000
-336.9261 0.0000
-337.1691 0.0000
-336.8488 0.0000
-335.3939 0.0000
-335.1257 0.0000
-335.2418 0.0000
-335.5129 0.0000
-336.0422 0.0000
-336.2595 0.0000
-335.7656 0.0000
-335.0751 0.0000
-334.8273 0.0000
-333.7667 0.0000
-333.5521 0.0000
-333.4969 0.0000
-333.5746 0.0000
-334.0960 0.0000
-333.5611 0.0000
-333.7026 0.0000
-333.7059 0.0000
-332.7749 0.0000
-332.6272 0.0000
-332.2058 0.0000
-331.9962 0.0000
-331.1081 0.0000
-330.4132 0.0000
-329.3577 0.0000
-329.6435 0.0000
-328.9262 0.0000
-329.6798 0.0000
-329.5862 0.0000
-329.1720 0.0000
-329.9999 0.0000
-329.9452 0.0000
-330.4298 0.0000
-329.9482 0.0000
-330.0065 0.0000
-329.6015 0.0000
-330.4090 0.0000
-330.2133 0.0000
-330.5139 0.0000
-329.9647 0.0000
-330.0757 0.0000
-330.1020 0.0000
-330.2705 0.0000
-329.9108 0.0000
-330.7496 0.0000
-330.3061 0.0000
-330.8269 0.0000
-330.5866 0.0000
-330.4271 0.0000
-330.4623 0.0000
-329.8957 0.0000
-329.0812 0.0000
-329.3059 0.0000
-329.5874 0.0000
-329.6057 0.0000
-330.0408 0.0000
-330.2355 0.0000
-330.1882 0.0000
-329.8092 0.0000
-330.3525 0.0000
-331.1474 0.0000
-330.7852 0.0000
-331.0371 0.0000
-331.1849 0.0000
-332.0844 0.0000
-330.9842 0.0000
-331.0234 0.0000
-330.6874 0.0000
-329.4745 0.0000
-329.3323 0.0000
-329.5949 0.0000
-329.2686 0.0000
-336.1426 0.0000
-336.3085 0.0000
-337.1384 0.0000
-335.9013 0.0000
-335.5576 0.0000
-336.5264 0.0000
-335.9764 0.0000
-335.9422 0.0000
-336.3915 0.0000
-336.2449 0.0000
-336.3933 0.0000
-335.8187 0.0000
-335.0901 0.0000
-335.3498 0.0000
-334.9524 0.0000
-334.9919 0.0000
-335.1034 0.0000
-335.1278 0.0000
-334.8039 0.0000
-335.1122 0.0000
-335.8558 0.0000
-336.3565 0.0000
-336.0899 0.0000
-335.7835 0.0000
-336.1860 0.0000
-336.7081 0.0000
-337.5353 0.0000
-338.7056 0.0000
-338.3187 0.0000
-338.2630 0.0000
-337.3079 0.0000
-338.1918 0.0000
-337.3312 0.0000
-337.2145 0.0000
-336.6410 0.0000
-336.7828 0.0000
-336.8189 0.0000
-337.2033 0.0000
-337.1368 0.0000
-337.1465 0.0000
-337.0669 0.0000
-337.7542 0.0000
-337.5818 0.0000
-337.9320 0.0000
-337.0744 0.0000
-337.5038 0.0000
-337.4670 0.0000
-336.3844 0.0000
-335.5608 0.0000
-335.7024 0.0000
-336.6370 0.0000
-336.8093 0.0000
-337.0702 0.0000
-336.2297 0.0000
-337.0289 0.0000
-336.8662 0.0000
-337.3584 0.0000
-337.5497 0.0000
-337.8968 0.0000
-338.3496 0.0000
-337.9899 0.0000
-339.2183 0.0000
-338.9826 0.0000
-340.2455 0.0000
-340.4902 0.0000
-340.6386 0.0000
-340.1982 0.0000
-340.6165 0.0000
-340.3806 0.0000
-340.8625 0.0000
-340.9912 0.0000
-341.0486 0.0000
-341.0607 0.0000
-341.0646 0.0000
-340.1385 0.0000
-340.1295 0.0000
-340.3410 0.0000
-340.4600 0.0000
-340.9076 0.0000
-341.6031 0.0000
-340.1441 0.0000
-340.5252 0.0000
-341.5494 0.0000
-341.1919 0.0000
-341.4603 0.0000
-340.6716 0.0000
-341.3901 0.0000
-341.3267 0.0000
-340.7449 0.0000
-340.6436 0.0000
-340.4565 0.0000
-341.1308 0.0000
-340.7434 0.0000
-340.5229 0.0000
-339.2656 0.0000
-339.5958 0.0000
-339.4674 0.0000
-340.2575 0.0000
-339.9374 0.0000
-339.9804 0.0000
-339.3391 0.0000
-338.9487 0.0000
-339.2522 0.0000
-338.7500 0.0000
-338.4050 0.0000
-338.5479 0.0000
-337.6645 0.0000
-337.9688 0.0000
-338.1431 0.0000
-337.9781 0.0000
-337.7066 0.0000
-338.3276 0.0000
-337.7540 0.0000
-338.1242 0.0000
-337.8078 0.0000
-337.9799 0.0000
-338.0454 0.0000
-337.4486 0.0000
-337.2158 0.0000
-337.5067 0.0000
-337.0136 0.0000
-336.9966 0.0000
-336.5238 0.0000
-337.1057 0.0000
-337.0733 0.0000
-337.3228 0.0000
-337.1863 0.0000
-337.0447 0.0000
-337.3953 0.0000
-337.3476 0.0000
-337.4678 0.0000
-337.1011 0.0000
-337.3091 0.0000
-337.2726 0.0000
-336.3442 0.0000
-337.3392 0.0000
-336.1511 0.0000
-336.1224 0.0000
-336.3940 0.0000
-336.6336 0.0000
-337.4517 0.0000
-337.2065 0.0000
-338.0719 0.0000
-338.0635 0.0000
-337.6283 0.0000
-338.3677 0.0000
-338.1968 0.0000
-338.6177 0.0000
-338.7207 0.0000
-338.9282 0.0000
-338.8240 0.0000
-338.5528 0.0000
-338.9390 0.0000
-338.4224 0.0000
-338.2667 0.0000
-338.9322 0.0000
-339.0768 0.0000
-338.5056 0.0000
-339.1916 0.0000
-339.5031 0.0000
-338.3433 0.0000
-338.8865 0.0000
-338.5249 0.0000
-338.5720 0.0000
-338.3940 0.0000
-337.9501 0.0000
-337.6969 0.0000
-337.2672 0.0000
-337.4213 0.0000
-337.6886 0.0000
-337.3796 0.0000
-337.4929 0.0000
-336.9247 0.0000
-336.3944 0.0000
-337.1533 0.0000
-337.1841 0.0000
-337.0890 0.0000
-336.5265 0.0000
-336.9703 0.0000
-337.1541 0.0000
-336.7741 0.0000
-337.6029 0.0000
-337.6570 0.0000
-337.2191 0.0000
-337.9853 0.0000
-338.1903 0.0000
-337.3107 0.0000
-337.5073 0.0000
-338.2817 0.0000
-338.0235 0.0000
-338.4261 0.0000
-339.3447 0.0000
-338.5433 0.0000
-338.3518 0.0000
-337.2283 0.0000
-336.8485 0.0000
-336.9370 0.0000
-336.7648 0.0000
