-100.0000 -100.0000
-335.9231 0.0000
-335.4024 0.0000
-335.2846 0.0000
-335.1751 0.0000
-335.3594 0.0000
-336.0740 0.0000
-336.4570 0.0000
-335.9768 0.0000
-336.5575 0.0000
-336.2721 0.0000
-335.8039 0.0000
-335.8718 0.0000
-335.3152 0.0000
-335.9819 0.0000
-334.8940 0.0000
-335.5744 0.0000
-335.6715 0.0000
-335.6831 0.0000
-334.8641 0.0000
-335.4633 0.0000
-335.4239 0.0000
-335.6091 0.0000
-335.2631 0.0000
-334.9861 0.0000
-334.6190 0.0000
-335.0999 0.0000
-335.3333 0.0000
-335.7653 0.0000
-336.1229 0.0000
-335.7217 0.0000
-336.0093 0.0000
-337.0581 0.0000
-336.0180 0.0000
-336.1462 0.0000
-335.1376 0.0000
-335.2097 0.0000
-334.9170 0.0000
-336.1958 0.0000
-335.5306 0.0000
-335.3006 0.0000
-335.2176 0.0000
-335.8413 0.0000
-335.0192 0.0000
-335.7204 0.0000
-335.5558 0.0000
-335.5011 0.0000
-335.3527 0.0000
-335.4675 0.0000
-335.7226 0.0000
-336.2957 0.0000
-336.5535 0.0000
-336.1960 0.0000
-337.0805 0.0000
-335.9821 0.0000
-336.8635 0.0000
-336.4468 0.0000
-336.2228 0.0000
-336.0542 0.0000
-336.2421 0.0000
-336.9092 0.0000
-336.5890 0.0000
-337.0638 0.0000
-336.7900 0.0000
-336.5588 0.0000
-336.8858 0.0000
-337.0667 0.0000
-337.7432 0.0000
-337.4921 0.0000
-336.6515 0.0000
-336.6181 0.0000
-336.7699 0.0000
-336.1699 0.0000
-336.1969 0.0000
-336.3171 0.0000
-336.0299 0.0000
-335.7300 0.0000
-335.4056 0.0000
-336.4462 0.0000
-335.0549 0.0000
-334.9928 0.0000
-335.0455 0.0000
-334.7067 0.0000
-335.5305 0.0000
-335.6016 0.0000
-336.4457 0.0000
-334.9989 0.0000
-334.8226 0.0000
-334.4085 0.0000
-334.4607 0.0000
-335.2470 0.0000
-334.2247 0.0000
-333.6775 0.0000
-333.1520 0.0000
-333.0721 0.0000
-333.1602 0.0000
-333.8223 0.0000
-333.8058 0.0000
-334.1101 0.0000
-334.5679 0.0000
-334.2582 0.0000
-333.9173 0.0000
-334.5551 0.0000
-334.8498 0.0000
-334.7965 0.0000
-334.6689 0.0000
-334.6924 0.0000
-334.4882 0.0000
-334.3400 0.0000
-334.1483 0.0000
-334.1592 0.0000
-334.5429 0.0000
-334.3333 0.0000
-334.6097 0.0000
-334.6859 0.0000
-334.8841 0.0000
-335.3031 0.0000
-335.3376 0.0000
-335.0543 0.0000
-335.2816 0.0000
-335.8090 0.0000
-335.6295 0.0000
-334.5905 0.0000
-334.4250 0.0000
-334.2958 0.0000
-333.8539 0.0000
-334.0059 0.0000
-334.0089 0.0000
-334.5452 0.0000
-334.3021 0.0000
-334.7917 0.0000
-334.3242 0.0000
-333.9332 0.0000
-334.0105 0.0000
-334.4763 0.0000
-334.3087 0.0000
-334.7894 0.0000
-334.7697 0.0000
-334.4649 0.0000
-334.9428 0.0000
-334.9941 0.0000
-335.2690 0.0000
-335.1912 0.0000
-335.6420 0.0000
-335.0946 0.0000
-335.4063 0.0000
-335.1116 0.0000
-335.3325 0.0000
-335.1022 0.0000
-335.6467 0.0000
-336.8776 0.0000
-334.7801 0.0000
-335.5860 0.0000
-335.1282 0.0000
-334.7291 0.0000
-334.8602 0.0000
-335.3904 0.0000
-334.8979 0.0000
-334.9027 0.0000
-334.9218 0.0000
-335.9014 0.0000
-335.1473 0.0000
-335.6221 0.0000
-335.4520 0.0000
-334.6852 0.0000
-334.7777 0.0000
-335.1769 0.0000
-335.0481 0.0000
-334.8575 0.0000
-334.5062 0.0000
-334.3697 0.0000
-334.1163 0.0000
-335.6237 0.0000
-335.0907 0.0000
-335.3987 0.0000
-334.3446 0.0000
-335.5793 0.0000
-334.9274 0.0000
-334.4296 0.0000
-334.4856 0.0000
-335.1428 0.0000
-335.8599 0.0000
-335.0062 0.0000
-334.6457 0.0000
-334.8875 0.0000
-334.6465 0.0000
-334.3183 0.0000
-334.9378 0.0000
-335.6816 0.0000
-336.1726 0.0000
-336.2519 0.0000
-335.5029 0.0000
-334.7097 0.0000
-335.4316 0.0000
-335.6363 0.0000
-335.7722 0.0000
-336.4230 0.0000
-336.3015 0.0000
-336.1541 0.0000
-337.1030 0.0000
-337.0676 0.0000
-336.2057 0.0000
-334.4128 0.0000
-334.5801 0.0000
-334.7793 0.0000
-333.6485 0.0000
-334.3582 0.0000
-333.9475 0.0000
-333.4755 0.0000
-334.6969 0.0000
-334.9147 0.0000
-333.1993 0.0000
-333.8204 0.0000
-334.2910 0.0000
-334.0807 0.0000
-334.6619 0.0000
-334.3511 0.0000
-333.6896 0.0000
-333.9328 0.0000
-333.8027 0.0000
-333.4717 0.0000
-333.5711 0.0000
-334.4017 0.0000
-333.5453 0.0000
-333.7866 0.0000
-334.5112 0.0000
-335.2290 0.0000
-334.1270 0.0000
-332.9186 0.0000
-334.3996 0.0000
-334.0701 0.0000
-332.7249 0.0000
-332.5013 0.0000
-332.6896 0.0000
-333.0801 0.0000
-333.5023 0.0000
-333.6192 0.0000
-333.0957 0.0000
-332.6499 0.0000
-332.4901 0.0000
-331.3608 0.0000
-331.1214 0.0000
-331.4335 0.0000
-331.3183 0.0000
-331.5260 0.0000
-331.0832 0.0000
-331.3666 0.0000
-331.3729 0.0000
-330.4443 0.0000
-330.4294 0.0000
-329.8119 0.0000
-329.6237 0.0000
-328.8267 0.0000
-328.3339 0.0000
-327.6236 0.0000
-327.9791 0.0000
-327.5692 0.0000
-327.7023 0.0000
-327.4642 0.0000
-327.0366 0.0000
-327.8276 0.0000
-328.1776 0.0000
-328.5339 0.0000
-327.2377 0.0000
-328.2711 0.0000
-328.1510 0.0000
-328.8190 0.0000
-328.3729 0.0000
-328.6103 0.0000
-328.0901 0.0000
-328.2171 0.0000
-328.4735 0.0000
-328.6343 0.0000
-328.1298 0.0000
-328.8670 0.0000
-327.9126 0.0000
-328.4392 0.0000
-328.0216 0.0000
-327.9570 0.0000
-328.1131 0.0000
-327.3929 0.0000
-326.3650 0.0000
-327.4752 0.0000
-327.9286 0.0000
-328.1913 0.0000
-328.4513 0.0000
-328.7337 0.0000
-328.7984 0.0000
-328.2815 0.0000
-329.5381 0.0000
-330.5470 0.0000
-330.0817 0.0000
-330.8039 0.0000
-331.0160 0.0000
-331.7868 0.0000
-331.2361 0.0000
-330.9836 0.0000
-330.6824 0.0000
-329.9178 0.0000
-329.6435 0.0000
-330.0371 0.0000
-330.1756 0.0000
-330.6474 0.0000
-330.8705 0.0000
-331.4917 0.0000
-330.1953 0.0000
-330.0141 0.0000
-330.4842 0.0000
-330.7654 0.0000
-330.7753 0.0000
-331.0881 0.0000
-330.8368 0.0000
-331.2735 0.0000
-330.6338 0.0000
-329.8927 0.0000
-330.1438 0.0000
-330.3270 0.0000
-330.3284 0.0000
-330.3619 0.0000
-330.3727 0.0000
-330.1127 0.0000
-330.3051 0.0000
-330.8773 0.0000
-331.4693 0.0000
-331.3836 0.0000
-331.3991 0.0000
-331.4782 0.0000
-331.8790 0.0000
-331.9035 0.0000
-332.8845 0.0000
-331.5700 0.0000
-331.7064 0.0000
-330.8477 0.0000
-331.5211 0.0000
-331.0800 0.0000
-331.0602 0.0000
-330.5456 0.0000
-330.3421 0.0000
-330.3848 0.0000
-331.0654 0.0000
-331.1307 0.0000
-330.8106 0.0000
-330.8599 0.0000
-331.5932 0.0000
-331.2870 0.0000
-331.5964 0.0000
-330.7491 0.0000
-331.1008 0.0000
-331.4412 0.0000
-329.8464 0.0000
-329.0610 0.0000
-328.4936 0.0000
-329.0327 0.0000
-329.1355 0.0000
-329.1767 0.0000
-328.0129 0.0000
-329.2446 0.0000
-329.4559 0.0000
-329.5628 0.0000
-329.4627 0.0000
-329.6979 0.0000
-330.1933 0.0000
-329.3312 0.0000
-330.4746 0.0000
-329.3133 0.0000
-330.1686 0.0000
-331.4245 0.0000
-330.5172 0.0000
-329.6574 0.0000
-329.6560 0.0000
-329.8364 0.0000
-330.4209 0.0000
-330.0597 0.0000
-329.9689 0.0000
-330.3390 0.0000
-329.8683 0.0000
-328.9151 0.0000
-329.1794 0.0000
-329.2597 0.0000
-329.0321 0.0000
-329.3573 0.0000
-329.7859 0.0000
-329.4821 0.0000
-329.8852 0.0000
-330.7787 0.0000
-331.3961 0.0000
-331.6919 0.0000
-330.9327 0.0000
-331.0414 0.0000
-330.9251 0.0000
-330.6067 0.0000
-330.8613 0.0000
-330.2278 0.0000
-331.3194 0.0000
-330.3993 0.0000
-330.5699 0.0000
-329.0182 0.0000
-329.4451 0.0000
-329.0619 0.0000
-330.0027 0.0000
-330.2696 0.0000
-330.2849 0.0000
-330.6355 0.0000
-330.2504 0.0000
-330.5816 0.0000
-329.7337 0.0000
-329.6642 0.0000
-329.5621 0.0000
-328.7081 0.0000
-328.9176 0.0000
-329.1132 0.0000
-328.8961 0.0000
-328.3321 0.0000
-328.4516 0.0000
-328.2065 0.0000
-328.5463 0.0000
-328.2242 0.0000
-328.7250 0.0000
-328.8032 0.0000
-328.3218 0.0000
-328.2235 0.0000
-327.6777 0.0000
-327.1546 0.0000
-326.9221 0.0000
-326.5907 0.0000
-327.0739 0.0000
-327.1555 0.0000
-327.5655 0.0000
-327.1330 0.0000
-326.5995 0.0000
-326.4819 0.0000
-326.5480 0.0000
-326.2587 0.0000
-325.7642 0.0000
-325.5187 0.0000
-325.0041 0.0000
-324.1558 0.0000
-324.9572 0.0000
-324.7317 0.0000
-325.0241 0.0000
-325.0210 0.0000
-324.9135 0.0000
-325.9152 0.0000
-325.5690 0.0000
-326.8875 0.0000
-325.9387 0.0000
-325.9199 0.0000
-326.4653 0.0000
-326.6944 0.0000
-327.0129 0.0000
-326.2147 0.0000
-326.5599 0.0000
-326.2999 0.0000
-326.1199 0.0000
-326.7065 0.0000
-325.6413 0.0000
-325.4808 0.0000
-326.0011 0.0000
-325.7483 0.0000
-325.5392 0.0000
-326.2901 0.0000
-325.8762 0.0000
-324.4192 0.0000
-324.6391 0.0000
-324.8806 0.0000
-324.6946 0.0000
-324.7940 0.0000
-324.0702 0.0000
-324.1304 0.0000
-323.6327 0.0000
-323.4821 0.0000
-323.5991 0.0000
-322.8894 0.0000
-322.7999 0.0000
-322.4389 0.0000
-321.9997 0.0000
-322.0715 0.0000
-322.0431 0.0000
-322.2954 0.0000
-321.5917 0.0000
-322.4732 0.0000
-321.7912 0.0000
-321.0647 0.0000
-321.0160 0.0000
-320.6307 0.0000
-320.3611 0.0000
-320.7748 0.0000
-321.4322 0.0000
-320.5844 0.0000
-320.5017 0.0000
-320.9046 0.0000
-319.9291 0.0000
-320.1585 0.0000
-320.9780 0.0000
-320.4047 0.0000
-320.5539 0.0000
-319.5208 0.0000
-319.5231 0.0000
-319.1800 0.0000
-319.1229 0.0000
