-100.0000 -100.0000
-335.9231 0.0000
-336.0792 0.0000
-335.9543 0.0000
-335.8595 0.0000
-336.0112 0.0000
-336.6793 0.0000
-337.0429 0.0000
-336.5558 0.0000
-337.1503 0.0000
-337.4077 0.0000
-337.2166 0.0000
-337.3679 0.0000
-336.8859 0.0000
-337.5252 0.0000
-336.5118 0.0000
-337.2398 0.0000
-337.3774 0.0000
-337.4107 0.0000
-336.5865 0.0000
-337.1474 0.0000
-337.1321 0.0000
-337.3011 0.0000
-337.0090 0.0000
-336.7427 0.0000
-336.3671 0.0000
-336.8116 0.0000
-337.0085 0.0000
-337.4557 0.0000
-337.3973 0.0000
-336.9976 0.0000
-337.2796 0.0000
-338.5704 0.0000
-337.6263 0.0000
-337.4365 0.0000
-336.4796 0.0000
-336.6268 0.0000
-336.3211 0.0000
-337.5633 0.0000
-336.9183 0.0000
-336.6736 0.0000
-336.6583 0.0000
-337.2276 0.0000
-337.1031 0.0000
-337.7763 0.0000
-337.5956 0.0000
-337.6134 0.0000
-337.5113 0.0000
-337.7430 0.0000
-337.9794 0.0000
-338.4904 0.0000
-338.7437 0.0000
-338.4252 0.0000
-339.3179 0.0000
-339.1418 0.0000
-339.9602 0.0000
-340.3959 0.0000
-340.1862 0.0000
-340.0213 0.0000
-340.1287 0.0000
-340.7137 0.0000
-340.4743 0.0000
-340.9157 0.0000
-340.5698 0.0000
-340.3320 0.0000
-340.5434 0.0000
-340.6241 0.0000
-341.2318 0.0000
-340.4295 0.0000
-339.5064 0.0000
-339.5429 0.0000
-339.6932 0.0000
-339.1156 0.0000
-339.1083 0.0000
-339.1618 0.0000
-338.8842 0.0000
-338.5698 0.0000
-338.2481 0.0000
-339.3303 0.0000
-339.0951 0.0000
-338.9975 0.0000
-339.0296 0.0000
-338.5701 0.0000
-339.3557 0.0000
-338.7865 0.0000
-339.6566 0.0000
-339.0972 0.0000
-338.8691 0.0000
-338.5510 0.0000
-338.7000 0.0000
-339.6623 0.0000
-338.4332 0.0000
-338.0190 0.0000
-337.6107 0.0000
-337.6926 0.0000
-337.7886 0.0000
-338.3369 0.0000
-338.3530 0.0000
-338.5397 0.0000
-338.8237 0.0000
-338.0823 0.0000
-337.8248 0.0000
-337.5456 0.0000
-337.7794 0.0000
-337.8988 0.0000
-337.4908 0.0000
-337.4473 0.0000
-337.2040 0.0000
-337.2296 0.0000
-336.9054 0.0000
-336.8350 0.0000
-337.3110 0.0000
-337.1831 0.0000
-337.6248 0.0000
-337.5624 0.0000
-338.0149 0.0000
-338.7058 0.0000
-338.6457 0.0000
-338.2377 0.0000
-338.6255 0.0000
-339.3693 0.0000
-339.3449 0.0000
-338.1614 0.0000
-338.0155 0.0000
-337.8545 0.0000
-337.5259 0.0000
-337.6146 0.0000
-337.6086 0.0000
-337.9978 0.0000
-337.9917 0.0000
-338.3844 0.0000
-337.7224 0.0000
-337.5374 0.0000
-337.8172 0.0000
-337.9520 0.0000
-337.5569 0.0000
-337.6828 0.0000
-337.3806 0.0000
-337.0129 0.0000
-337.0453 0.0000
-336.9411 0.0000
-336.8683 0.0000
-336.6026 0.0000
-336.8753 0.0000
-336.5785 0.0000
-336.7853 0.0000
-336.4843 0.0000
-336.3688 0.0000
-336.3490 0.0000
-337.0087 0.0000
-337.9076 0.0000
-336.8811 0.0000
-337.7381 0.0000
-336.4718 0.0000
-336.2518 0.0000
-336.4159 0.0000
-336.8301 0.0000
-336.3402 0.0000
-336.5398 0.0000
-336.4770 0.0000
-337.5763 0.0000
-337.7818 0.0000
-338.3840 0.0000
-338.1985 0.0000
-337.7021 0.0000
-337.4736 0.0000
-337.6762 0.0000
-337.6516 0.0000
-337.3879 0.0000
-336.8635 0.0000
-336.7923 0.0000
-336.5957 0.0000
-337.5247 0.0000
-338.2856 0.0000
-338.5714 0.0000
-337.9236 0.0000
-338.4714 0.0000
-338.1571 0.0000
-337.7917 0.0000
-337.5336 0.0000
-338.1851 0.0000
-338.8404 0.0000
-338.5368 0.0000
-338.4834 0.0000
-338.7950 0.0000
-338.6748 0.0000
-338.3451 0.0000
-338.9292 0.0000
-339.6551 0.0000
-339.9011 0.0000
-340.4735 0.0000
-340.2119 0.0000
-339.5033 0.0000
-339.6324 0.0000
-339.2693 0.0000
-339.1527 0.0000
-339.4837 0.0000
-339.7290 0.0000
-340.0337 0.0000
-340.8886 0.0000
-341.5836 0.0000
-341.0439 0.0000
-341.4501 0.0000
-342.1481 0.0000
-343.0966 0.0000
-343.4084 0.0000
-343.3118 0.0000
-343.2044 0.0000
-342.5531 0.0000
-342.9314 0.0000
-343.3635 0.0000
-342.5395 0.0000
-342.0865 0.0000
-342.4917 0.0000
-342.6619 0.0000
-343.3137 0.0000
-343.6034 0.0000
-343.2999 0.0000
-342.6997 0.0000
-342.2979 0.0000
-341.9794 0.0000
-342.4851 0.0000
-342.3368 0.0000
-342.2755 0.0000
-342.3420 0.0000
-342.7741 0.0000
-343.6513 0.0000
-343.5415 0.0000
-342.3854 0.0000
-342.5716 0.0000
-342.3453 0.0000
-341.1950 0.0000
-340.8890 0.0000
-341.2587 0.0000
-341.4792 0.0000
-341.6728 0.0000
-341.9655 0.0000
-341.8278 0.0000
-341.2196 0.0000
-341.1973 0.0000
-340.3943 0.0000
-340.0147 0.0000
-339.8452 0.0000
-340.0123 0.0000
-340.3046 0.0000
-339.5942 0.0000
-340.1198 0.0000
-340.1204 0.0000
-339.3702 0.0000
-338.9939 0.0000
-338.5314 0.0000
-338.5063 0.0000
-337.8208 0.0000
-337.1675 0.0000
-336.4226 0.0000
-336.8988 0.0000
-336.2674 0.0000
-336.5093 0.0000
-336.6240 0.0000
-336.2624 0.0000
-336.3178 0.0000
-336.6667 0.0000
-336.7623 0.0000
-337.1755 0.0000
-336.9070 0.0000
-336.6317 0.0000
-336.9707 0.0000
-337.0883 0.0000
-337.3747 0.0000
-336.9518 0.0000
-337.1618 0.0000
-337.3268 0.0000
-337.6704 0.0000
-337.4879 0.0000
-338.0440 0.0000
-337.7003 0.0000
-338.1940 0.0000
-337.9980 0.0000
-337.9385 0.0000
-337.8428 0.0000
-337.2321 0.0000
-336.3823 0.0000
-336.5135 0.0000
-336.9219 0.0000
-337.1385 0.0000
-337.2757 0.0000
-337.2600 0.0000
-337.7048 0.0000
-337.2980 0.0000
-337.9666 0.0000
-338.8203 0.0000
-338.7310 0.0000
-339.0577 0.0000
-339.3260 0.0000
-339.8493 0.0000
-338.8778 0.0000
-338.2767 0.0000
-338.3249 0.0000
-337.3201 0.0000
-337.1550 0.0000
-337.3935 0.0000
-337.6463 0.0000
-337.2270 0.0000
-337.4652 0.0000
-338.1591 0.0000
-337.7822 0.0000
-337.7774 0.0000
-338.2526 0.0000
-338.4533 0.0000
-338.1568 0.0000
-338.4775 0.0000
-338.5603 0.0000
-339.0637 0.0000
-338.4556 0.0000
-337.8209 0.0000
-337.9264 0.0000
-338.1122 0.0000
-338.3714 0.0000
-338.5948 0.0000
-338.4922 0.0000
-338.1097 0.0000
-338.3747 0.0000
-339.0236 0.0000
-339.2916 0.0000
-338.7922 0.0000
-338.8430 0.0000
-338.8607 0.0000
-339.4718 0.0000
-340.2087 0.0000
-341.3368 0.0000
-340.8708 0.0000
-341.2059 0.0000
-340.2624 0.0000
-341.8519 0.0000
-341.8724 0.0000
-341.7968 0.0000
-341.2777 0.0000
-340.7872 0.0000
-340.7508 0.0000
-341.1742 0.0000
-340.9281 0.0000
-340.9452 0.0000
-340.5240 0.0000
-341.5733 0.0000
-340.4385 0.0000
-340.9665 0.0000
-340.0964 0.0000
-340.3082 0.0000
-340.6232 0.0000
-339.2329 0.0000
-338.4478 0.0000
-337.8595 0.0000
-338.3956 0.0000
-338.7469 0.0000
-338.8815 0.0000
-337.7029 0.0000
-338.6932 0.0000
-339.1374 0.0000
-339.7715 0.0000
-339.9228 0.0000
-340.3785 0.0000
-340.3964 0.0000
-340.1450 0.0000
-341.4576 0.0000
-340.3073 0.0000
-341.2367 0.0000
-341.5312 0.0000
-340.7237 0.0000
-340.1349 0.0000
-340.4298 0.0000
-340.7606 0.0000
-341.2540 0.0000
-341.3574 0.0000
-341.0682 0.0000
-340.9065 0.0000
-341.0918 0.0000
-340.3363 0.0000
-340.6369 0.0000
-340.7848 0.0000
-340.6320 0.0000
-341.3051 0.0000
-341.9895 0.0000
-341.4221 0.0000
-341.7244 0.0000
-342.6355 0.0000
-343.4288 0.0000
-342.8912 0.0000
-342.4880 0.0000
-343.0997 0.0000
-342.1044 0.0000
-341.5739 0.0000
-342.3077 0.0000
-342.1287 0.0000
-342.7839 0.0000
-342.6496 0.0000
-342.5327 0.0000
-341.0674 0.0000
-341.4619 0.0000
-340.8430 0.0000
-341.6978 0.0000
-340.8432 0.0000
-340.9008 0.0000
-340.3941 0.0000
-340.4142 0.0000
-341.4580 0.0000
-340.3978 0.0000
-340.5485 0.0000
-341.4212 0.0000
-339.6402 0.0000
-341.0663 0.0000
-340.8927 0.0000
-340.6944 0.0000
-340.2746 0.0000
-341.0929 0.0000
-340.9142 0.0000
-341.0590 0.0000
-341.0789 0.0000
-340.7504 0.0000
-340.9481 0.0000
-340.2608 0.0000
-340.1464 0.0000
-339.5345 0.0000
-339.2820 0.0000
-338.8361 0.0000
-338.0049 0.0000
-338.6377 0.0000
-338.7736 0.0000
-338.9423 0.0000
-338.8419 0.0000
-338.0651 0.0000
-337.8165 0.0000
-337.4710 0.0000
-337.7661 0.0000
-337.4747 0.0000
-336.9038 0.0000
-336.3275 0.0000
-335.0238 0.0000
-336.5587 0.0000
-336.2029 0.0000
-336.0277 0.0000
-336.6133 0.0000
-336.3543 0.0000
-336.8209 0.0000
-336.4779 0.0000
-337.2068 0.0000
-337.1228 0.0000
-336.4850 0.0000
-337.4887 0.0000
-337.2445 0.0000
-337.9483 0.0000
-337.5191 0.0000
-337.8802 0.0000
-338.0106 0.0000
-337.8269 0.0000
-338.3302 0.0000
-338.2419 0.0000
-338.2023 0.0000
-338.7936 0.0000
-338.8056 0.0000
-338.3867 0.0000
-339.4709 0.0000
-338.9664 0.0000
-337.2791 0.0000
-337.3414 0.0000
-337.1382 0.0000
-337.6286 0.0000
-337.2932 0.0000
-337.0115 0.0000
-336.7001 0.0000
-336.1726 0.0000
-336.3321 0.0000
-336.2585 0.0000
-335.6124 0.0000
-335.9344 0.0000
-335.7168 0.0000
-335.3251 0.0000
-335.3719 0.0000
-335.1382 0.0000
-335.1478 0.0000
-334.6214 0.0000
-335.1237 0.0000
-335.3122 0.0000
-334.7985 0.0000
-334.8638 0.0000
-334.5963 0.0000
-334.2977 0.0000
-334.6499 0.0000
-335.2589 0.0000
-334.9532 0.0000
-334.8820 0.0000
-335.2016 0.0000
-334.8067 0.0000
-335.3595 0.0000
-335.7898 0.0000
-336.0684 0.0000
-335.8876 0.0000
-334.9016 0.0000
-334.4616 0.0000
-334.6773 0.0000
-334.1768 0.0000
