-100.0000 -100.0000
-335.9231 0.0000
-335.4024 0.0000
-335.1314 0.0000
-335.0252 0.0000
-335.1989 0.0000
-335.8883 0.0000
-336.2674 0.0000
-335.7841 0.0000
-336.3839 0.0000
-336.6710 0.0000
-336.4836 0.0000
-336.5864 0.0000
-336.0746 0.0000
-336.7199 0.0000
-335.6781 0.0000
-336.4093 0.0000
-335.7982 0.0000
-335.8170 0.0000
-334.9841 0.0000
-335.5281 0.0000
-334.9674 0.0000
-335.1493 0.0000
-334.7073 0.0000
-334.3756 0.0000
-334.0124 0.0000
-334.4908 0.0000
-334.3068 0.0000
-334.4752 0.0000
-334.8677 0.0000
-334.4257 0.0000
-334.6745 0.0000
-336.0584 0.0000
-334.9766 0.0000
-335.1143 0.0000
-334.0610 0.0000
-334.1359 0.0000
-333.8658 0.0000
-335.1665 0.0000
-333.2194 0.0000
-333.0156 0.0000
-332.9657 0.0000
-333.5371 0.0000
-333.2811 0.0000
-333.9590 0.0000
-333.0841 0.0000
-333.1100 0.0000
-332.9812 0.0000
-333.1492 0.0000
-333.5164 0.0000
-334.0541 0.0000
-334.3377 0.0000
-333.9866 0.0000
-334.7800 0.0000
-333.7783 0.0000
-334.7341 0.0000
-335.1939 0.0000
-334.4622 0.0000
-334.2808 0.0000
-334.3954 0.0000
-335.0699 0.0000
-334.7392 0.0000
-335.4102 0.0000
-335.0929 0.0000
-334.8805 0.0000
-335.1945 0.0000
-335.1270 0.0000
-335.8760 0.0000
-335.6402 0.0000
-334.8213 0.0000
-334.8619 0.0000
-335.0192 0.0000
-334.6400 0.0000
-334.7307 0.0000
-334.7220 0.0000
-334.2862 0.0000
-333.9640 0.0000
-333.7890 0.0000
-334.9444 0.0000
-334.7482 0.0000
-334.7315 0.0000
-334.8101 0.0000
-334.3115 0.0000
-335.0920 0.0000
-334.6330 0.0000
-335.4924 0.0000
-334.9727 0.0000
-334.6077 0.0000
-334.5030 0.0000
-334.6268 0.0000
-335.6565 0.0000
-335.3391 0.0000
-334.8943 0.0000
-334.3477 0.0000
-334.4463 0.0000
-334.5894 0.0000
-334.9937 0.0000
-334.9016 0.0000
-335.0458 0.0000
-335.5226 0.0000
-335.1789 0.0000
-334.9305 0.0000
-333.6154 0.0000
-333.7967 0.0000
-333.9153 0.0000
-333.4537 0.0000
-333.3547 0.0000
-333.1536 0.0000
-333.1510 0.0000
-332.7300 0.0000
-333.0656 0.0000
-333.5665 0.0000
-333.4666 0.0000
-334.1124 0.0000
-333.9614 0.0000
-334.5058 0.0000
-335.1173 0.0000
-334.7927 0.0000
-334.2965 0.0000
-334.6626 0.0000
-335.3633 0.0000
-335.3397 0.0000
-333.9825 0.0000
-333.7896 0.0000
-333.5812 0.0000
-333.3064 0.0000
-333.3225 0.0000
-333.2409 0.0000
-333.7795 0.0000
-333.1403 0.0000
-333.7196 0.0000
-332.6204 0.0000
-333.2191 0.0000
-333.6778 0.0000
-333.1011 0.0000
-332.4632 0.0000
-332.6783 0.0000
-332.4159 0.0000
-331.9705 0.0000
-332.0027 0.0000
-332.0979 0.0000
-331.8687 0.0000
-331.6330 0.0000
-331.9093 0.0000
-331.7500 0.0000
-332.0436 0.0000
-331.8108 0.0000
-331.6913 0.0000
-331.5766 0.0000
-332.3663 0.0000
-332.4580 0.0000
-330.4753 0.0000
-331.3123 0.0000
-330.9143 0.0000
-330.8772 0.0000
-331.2628 0.0000
-331.6783 0.0000
-331.0946 0.0000
-331.2018 0.0000
-331.1316 0.0000
-332.0625 0.0000
-332.1185 0.0000
-332.7407 0.0000
-332.6987 0.0000
-332.4792 0.0000
-332.1158 0.0000
-332.5589 0.0000
-331.9999 0.0000
-331.8087 0.0000
-331.2271 0.0000
-330.7805 0.0000
-330.6612 0.0000
-331.8802 0.0000
-332.5523 0.0000
-332.3515 0.0000
-331.9114 0.0000
-332.7177 0.0000
-331.9050 0.0000
-331.5202 0.0000
-331.2139 0.0000
-331.6788 0.0000
-332.3463 0.0000
-332.0029 0.0000
-331.8478 0.0000
-331.7523 0.0000
-331.5721 0.0000
-331.2075 0.0000
-331.7620 0.0000
-332.5399 0.0000
-332.2672 0.0000
-332.7307 0.0000
-332.7552 0.0000
-331.9195 0.0000
-331.9909 0.0000
-331.9849 0.0000
-332.2314 0.0000
-332.9384 0.0000
-333.2663 0.0000
-333.4982 0.0000
-334.1379 0.0000
-335.1421 0.0000
-334.0401 0.0000
-336.5677 0.0000
-336.8396 0.0000
-337.2658 0.0000
-337.1930 0.0000
-337.6775 0.0000
-337.3308 0.0000
-336.5369 0.0000
-337.7736 0.0000
-337.9611 0.0000
-336.9114 0.0000
-336.3467 0.0000
-337.4181 0.0000
-336.8340 0.0000
-337.5949 0.0000
-337.4005 0.0000
-336.6041 0.0000
-336.2969 0.0000
-335.9201 0.0000
-335.6512 0.0000
-335.7945 0.0000
-335.8600 0.0000
-335.5620 0.0000
-335.7141 0.0000
-336.2391 0.0000
-337.0354 0.0000
-336.0545 0.0000
-334.7450 0.0000
-336.3241 0.0000
-335.8297 0.0000
-334.5031 0.0000
-334.2240 0.0000
-335.0524 0.0000
-335.2894 0.0000
-335.3435 0.0000
-335.4263 0.0000
-335.0465 0.0000
-334.6402 0.0000
-334.6075 0.0000
-333.6522 0.0000
-334.1404 0.0000
-334.2357 0.0000
-334.6549 0.0000
-334.4942 0.0000
-333.6107 0.0000
-333.8251 0.0000
-333.9561 0.0000
-333.0316 0.0000
-332.6729 0.0000
-332.0583 0.0000
-331.6988 0.0000
-330.9793 0.0000
-330.6185 0.0000
-329.9105 0.0000
-330.3822 0.0000
-329.8634 0.0000
-329.9852 0.0000
-329.8783 0.0000
-329.4600 0.0000
-330.0269 0.0000
-330.4124 0.0000
-330.7668 0.0000
-330.5393 0.0000
-330.4196 0.0000
-330.2808 0.0000
-330.9180 0.0000
-330.4978 0.0000
-330.8720 0.0000
-330.4355 0.0000
-330.6090 0.0000
-330.7740 0.0000
-331.0126 0.0000
-330.5766 0.0000
-331.4935 0.0000
-330.3928 0.0000
-330.5100 0.0000
-329.8696 0.0000
-329.7786 0.0000
-329.9130 0.0000
-328.9584 0.0000
-327.7125 0.0000
-327.7404 0.0000
-328.2004 0.0000
-328.0323 0.0000
-328.2201 0.0000
-328.5390 0.0000
-328.5284 0.0000
-328.0565 0.0000
-329.1222 0.0000
-329.9504 0.0000
-329.6755 0.0000
-330.2382 0.0000
-330.5017 0.0000
-330.9858 0.0000
-330.2986 0.0000
-329.6955 0.0000
-329.5305 0.0000
-328.5374 0.0000
-328.5086 0.0000
-329.0450 0.0000
-328.6724 0.0000
-329.1084 0.0000
-329.3101 0.0000
-329.9977 0.0000
-329.7820 0.0000
-329.6209 0.0000
-330.0792 0.0000
-330.2624 0.0000
-329.8608 0.0000
-330.4528 0.0000
-330.3621 0.0000
-330.8015 0.0000
-330.6503 0.0000
-329.6682 0.0000
-329.9573 0.0000
-329.7712 0.0000
-329.9486 0.0000
-329.7429 0.0000
-329.8808 0.0000
-329.6638 0.0000
-329.8397 0.0000
-330.2798 0.0000
-330.8746 0.0000
-330.7758 0.0000
-330.6607 0.0000
-330.9751 0.0000
-331.4639 0.0000
-332.0584 0.0000
-332.4427 0.0000
-332.1812 0.0000
-332.4125 0.0000
-331.4238 0.0000
-333.0801 0.0000
-332.7974 0.0000
-332.8318 0.0000
-332.5334 0.0000
-332.5446 0.0000
-332.8943 0.0000
-333.3164 0.0000
-333.0790 0.0000
-332.5678 0.0000
-333.3049 0.0000
-333.4346 0.0000
-332.5218 0.0000
-332.9479 0.0000
-332.2146 0.0000
-333.0740 0.0000
-333.7262 0.0000
-331.6745 0.0000
-331.1109 0.0000
-330.4703 0.0000
-330.8436 0.0000
-330.4278 0.0000
-330.4849 0.0000
-329.7705 0.0000
-330.4664 0.0000
-329.8724 0.0000
-329.7229 0.0000
-329.8833 0.0000
-330.1724 0.0000
-330.5963 0.0000
-330.0744 0.0000
-331.0319 0.0000
-330.8372 0.0000
-332.1273 0.0000
-332.1872 0.0000
-332.2512 0.0000
-331.6191 0.0000
-332.1789 0.0000
-332.0172 0.0000
-332.7759 0.0000
-332.5842 0.0000
-331.9912 0.0000
-332.5120 0.0000
-331.8343 0.0000
-331.1161 0.0000
-331.3413 0.0000
-331.2475 0.0000
-330.7352 0.0000
-331.5021 0.0000
-331.5130 0.0000
-331.1239 0.0000
-331.3019 0.0000
-332.0733 0.0000
-332.7243 0.0000
-332.8938 0.0000
-332.4311 0.0000
-332.9369 0.0000
-332.8394 0.0000
-332.5379 0.0000
-332.7850 0.0000
-332.5307 0.0000
-333.3978 0.0000
-332.3356 0.0000
-332.4445 0.0000
-331.1604 0.0000
-331.5224 0.0000
-331.0099 0.0000
-331.6577 0.0000
-331.9675 0.0000
-331.7917 0.0000
-329.3934 0.0000
-329.8947 0.0000
-330.4930 0.0000
-328.9535 0.0000
-328.7107 0.0000
-328.7042 0.0000
-327.7560 0.0000
-328.0741 0.0000
-328.1252 0.0000
-328.0124 0.0000
-327.6324 0.0000
-327.9318 0.0000
-327.6533 0.0000
-327.7990 0.0000
-327.6724 0.0000
-328.0297 0.0000
-327.8099 0.0000
-327.3793 0.0000
-327.1494 0.0000
-326.7753 0.0000
-326.4321 0.0000
-326.1503 0.0000
-326.1284 0.0000
-326.6632 0.0000
-326.5689 0.0000
-326.5482 0.0000
-326.4617 0.0000
-326.1095 0.0000
-326.1452 0.0000
-326.2455 0.0000
-326.0753 0.0000
-325.8276 0.0000
-326.1834 0.0000
-325.9873 0.0000
-325.1265 0.0000
-326.0120 0.0000
-325.6895 0.0000
-325.8403 0.0000
-325.9784 0.0000
-325.9389 0.0000
-327.0902 0.0000
-326.6626 0.0000
-327.9111 0.0000
-328.3648 0.0000
-328.3763 0.0000
-328.9210 0.0000
-328.4385 0.0000
-328.8548 0.0000
-328.7291 0.0000
-328.5535 0.0000
-328.2888 0.0000
-327.9405 0.0000
-328.5580 0.0000
-328.0321 0.0000
-328.0732 0.0000
-328.5236 0.0000
-328.4133 0.0000
-328.0053 0.0000
-328.7726 0.0000
-329.0028 0.0000
-327.9941 0.0000
-328.3026 0.0000
-328.2387 0.0000
-328.0013 0.0000
-327.9966 0.0000
-327.4659 0.0000
-327.3782 0.0000
-327.1673 0.0000
-327.2996 0.0000
-327.4282 0.0000
-326.9092 0.0000
-326.7717 0.0000
-326.5924 0.0000
-326.0142 0.0000
-326.4113 0.0000
-326.4156 0.0000
-326.3987 0.0000
-325.6397 0.0000
-326.2650 0.0000
-326.4431 0.0000
-325.8960 0.0000
-325.5160 0.0000
-325.1827 0.0000
-325.1038 0.0000
-325.5183 0.0000
-325.8214 0.0000
-325.4877 0.0000
-325.1254 0.0000
-325.5537 0.0000
-325.1658 0.0000
-325.3705 0.0000
-326.3372 0.0000
-325.8112 0.0000
-326.0049 0.0000
-325.2052 0.0000
-324.7443 0.0000
-324.7117 0.0000
-324.7075 0.0000
