-84.76870 -84.79180
-85.08920 -84.54150
-84.80460 -84.54910
-84.66070 -84.53600
-85.25520 -84.75590
-85.80280 -85.26050
-85.73200 -85.28730
-86.05300 -85.91310
-86.15540 -85.81880
-86.16560 -85.94760
-85.85360 -85.90830
-86.20680 -85.93290
-85.88970 -85.95160
-85.96460 -85.91750
-86.14620 -85.94630
-86.23170 -85.78360
-86.20290 -85.68470
-86.33850 -85.73310
-86.81330 -85.79190
-86.60510 -86.03550
-86.42670 -85.71660
-85.91490 -85.70050
-85.66380 -85.36100
-85.51560 -85.04740
-85.19100 -85.01960
-85.11090 -84.74670
-85.08620 -84.74290
-84.81230 -84.38890
-84.82690 -84.34840
-84.72930 -84.03530
-85.13150 -83.90110
-85.37580 -83.84960
-85.56260 -84.29010
-85.60960 -84.51190
-85.28940 -84.37520
-85.16640 -84.44270
-85.38790 -84.68500
-85.30080 -84.71850
-85.51250 -84.95270
-85.41260 -84.86160
-85.61160 -84.96530
-85.63950 -84.93910
-85.74030 -85.10670
-85.72800 -84.91430
-85.78760 -84.91730
-86.10800 -84.96010
-86.11240 -85.07600
-86.42280 -85.14250
-86.55820 -85.12600
-86.95320 -85.23290
-87.08670 -85.10470
-86.74460 -85.06150
-86.70180 -85.01830
-86.24400 -84.41490
-86.14670 -85.11760
-86.36020 -85.12710
-86.35950 -85.32030
-86.53860 -85.18530
-86.34520 -85.15980
-86.90150 -85.13480
-86.68880 -85.32850
-86.74730 -85.39030
-87.71900 -85.22500
-87.41350 -85.48880
-87.67220 -85.26960
-87.35620 -84.78100
-87.01160 -84.47340
-86.95880 -84.39390
-86.45640 -84.20120
-86.76120 -84.28460
-86.80980 -84.10930
-86.87330 -84.04550
-86.95250 -84.09000
-86.90090 -84.14510
-87.22350 -83.98310
-87.53500 -84.04300
-87.25740 -83.88220
-87.41910 -84.00700
-87.63650 -83.86160
-87.58190 -83.47420
-87.53470 -83.55060
-87.50760 -83.47290
-88.03410 -83.83070
-87.92950 -83.81720
-88.21090 -84.00210
-87.76120 -83.78610
-87.88230 -83.74180
-87.55780 -83.65880
-87.57040 -83.78480
-87.43050 -83.77370
-86.91230 -83.32260
-86.35890 -83.23220
-86.20540 -82.54810
-86.39300 -82.54640
-86.49290 -82.63340
-86.75470 -83.04110
-86.80220 -83.08480
-86.60930 -82.63520
-86.49200 -82.79810
-86.35400 -82.76700
-86.25200 -82.50520
-85.96830 -82.23140
-86.07170 -82.35900
-85.76870 -82.03270
-85.37340 -81.80190
-85.11160 -81.51980
-85.05470 -81.31330
-84.89880 -81.03280
-85.11840 -81.07350
-85.25740 -80.94390
-85.24520 -81.08790
-85.52550 -81.53310
-85.46690 -82.44380
-85.47230 -82.46740
-85.36650 -82.51060
-85.00900 -82.46400
-84.93900 -82.15950
-85.19410 -82.25500
-85.43440 -82.21490
-85.44710 -82.24440
-85.40000 -82.21470
-85.26220 -82.11120
-85.50050 -82.04560
-85.39530 -82.37170
-85.57430 -82.40330
-85.58060 -82.38280
-85.74930 -82.28920
-85.81510 -82.30710
-85.42640 -82.31210
-85.40590 -82.21540
-85.29840 -82.30550
-85.77100 -82.74930
-85.54220 -82.72590
-85.37640 -82.68100
-85.20120 -82.57400
-85.63880 -82.44390
-85.56130 -82.32420
-85.68840 -82.42160
-85.53560 -82.48320
-85.21330 -82.45660
-85.18320 -82.35880
-85.36840 -82.34750
-85.13840 -82.30930
-85.17660 -82.23060
-84.89810 -82.12690
-85.24230 -82.21700
-85.42980 -82.35810
-85.42590 -82.48930
-86.09890 -82.61990
-85.88230 -82.56350
-85.83590 -82.60740
-85.86560 -82.49020
-85.65240 -82.50090
-85.22400 -82.54560
-85.35590 -82.44770
-85.29430 -82.32820
-84.86010 -82.19620
-84.81430 -81.87160
-84.57330 -81.64510
-84.56430 -81.59020
-84.45910 -82.41210
-84.58030 -82.36590
-84.77740 -82.37490
-84.88800 -82.46910
-84.91940 -82.45880
-84.61730 -82.34180
-84.53200 -82.20720
-84.20500 -81.82520
-84.02280 -81.78630
-83.98760 -81.54160
-83.56110 -81.36560
-83.84360 -81.36270
-83.66520 -81.09890
-83.43730 -81.14710
-83.56790 -81.07430
-83.65370 -81.15150
-83.49480 -81.11570
-83.67750 -81.27070
-83.86550 -81.32990
-83.98970 -81.19560
-83.60470 -81.10540
-83.69230 -81.12860
-83.23280 -81.03480
-82.93260 -80.80410
-83.12850 -80.37680
-83.04150 -80.32640
-82.89150 -80.48670
-82.88220 -80.41270
-83.04540 -80.47440
-82.92710 -80.43870
-82.99070 -80.51000
-82.90940 -80.51820
-82.49920 -80.55450
-82.58220 -80.44380
-82.84250 -80.40180
-83.45660 -80.29570
-83.09620 -80.58200
-83.21580 -80.36970
-83.40440 -80.42450
-83.47420 -80.61960
-83.82380 -80.72180
-83.74510 -80.86680
-83.54640 -80.76090
-83.77480 -80.78930
-83.86530 -80.67890
-83.49440 -80.49670
-83.28690 -80.37870
-83.35690 -80.38320
-83.70070 -80.28280
-83.21870 -82.21760
-83.72670 -82.18510
-83.98550 -82.25570
-84.06360 -82.35710
-84.36740 -82.43610
-84.70430 -82.60900
-84.58940 -82.63780
-84.70330 -82.67820
-85.00160 -82.92150
-85.39320 -83.13560
-85.13140 -83.00230
-85.43360 -83.18110
-85.49580 -83.32450
-85.74240 -83.47900
-86.30840 -83.67700
-86.02080 -83.56980
-86.26780 -83.63530
-86.13020 -83.71890
-86.31400 -83.86460
-86.10190 -83.69540
-86.45420 -83.76960
-87.02180 -84.10490
-87.12530 -84.45960
-87.17860 -84.28360
-87.25330 -84.31910
-87.41100 -84.41620
-87.44720 -84.59380
-87.24170 -84.76960
-87.13510 -84.91660
-87.34880 -84.83390
-86.81890 -84.67130
-86.88870 -84.69810
-86.97960 -84.59950
-87.13680 -84.57250
-86.97760 -84.56370
-86.71710 -84.38680
-86.91810 -84.25350
-87.36070 -84.20280
-87.56790 -84.51340
-87.86150 -84.86430
-88.03350 -85.26220
-88.06280 -85.35280
-88.02840 -85.27520
-88.41170 -85.16070
-88.56150 -85.23610
-88.71210 -85.53720
-88.35360 -85.41540
-88.50230 -85.30070
-88.90010 -85.34340
-88.96950 -85.23560
-88.88730 -85.19480
-88.80780 -87.27470
-88.70400 -87.32060
-88.78930 -87.19150
-88.99830 -87.30460
-89.22940 -87.17180
-88.83010 -87.06530
-88.62970 -87.14420
-89.20710 -87.32400
-88.56230 -87.03730
-88.89780 -87.22680
-88.70060 -87.13670
-88.69020 -87.07490
-88.87280 -87.01150
-88.53980 -86.95400
-88.28070 -87.00980
-88.09310 -87.03640
-87.92950 -87.09630
-88.70090 -87.30980
-88.61060 -87.51300
-88.66190 -87.64770
-89.10580 -87.33110
-89.48520 -87.47720
-88.78000 -87.41720
-88.18010 -87.39930
-88.96670 -87.50280
-88.71680 -87.49210
-88.86080 -87.59350
-88.76950 -87.60930
-88.70600 -87.65200
-88.78900 -87.93710
-88.81270 -87.87110
-88.48460 -87.96190
-88.75340 -87.95930
-89.23180 -87.87040
-89.37590 -87.85240
-89.39720 -88.02620
-89.24510 -88.09920
-89.43530 -88.18160
-89.48460 -88.21630
-89.10860 -88.16190
-88.61780 -88.08610
-88.89420 -88.06920
-88.75570 -88.02580
-88.68240 -88.03910
-88.54050 -87.87330
-83.06700 -82.99220
-82.92050 -82.29340
-83.24590 -82.44130
-82.99550 -82.65360
-82.81330 -81.74980
-82.47600 -81.72600
-83.35110 -81.70940
-83.26130 -81.81980
-83.35580 -81.88360
-83.34540 -81.83310
-83.06560 -81.58940
-83.22280 -81.47920
-83.07430 -81.56090
-82.96570 -81.54110
-82.90390 -81.44190
-82.85290 -81.40470
-82.85980 -81.36920
-82.88060 -81.33790
-83.01980 -81.47880
-83.11370 -81.59920
-83.22390 -81.84730
-83.33940 -81.77100
-83.46810 -81.85800
-83.25370 -82.24890
-83.92550 -82.23690
-83.94550 -82.35550
-83.59580 -82.42970
-83.87010 -82.50090
-83.37890 -82.57530
-83.38560 -82.42670
-83.16540 -82.02690
-82.95690 -82.01160
-82.96750 -82.04880
-82.51050 -81.82900
-82.54440 -81.88200
-82.75170 -81.72960
-82.54760 -81.65920
-82.40350 -81.50280
-82.43800 -81.47440
-82.14440 -81.24900
-82.33200 -81.40960
-82.47920 -81.35580
-82.25020 -80.90350
-82.49630 -80.81330
-82.54760 -80.72420
-83.22790 -80.76480
-83.27150 -80.96680
-82.91760 -81.13060
-82.88090 -81.40950
-82.87500 -81.35330
-82.47570 -81.04230
-82.93230 -81.26160
-83.07120 -81.43870
-82.71330 -81.28610
-82.38510 -81.15510
-82.35100 -81.29460
-82.80940 -81.20520
-83.10320 -81.16620
-82.94440 -80.81410
-82.59290 -80.88910
-82.54480 -80.60990
-82.34680 -80.75400
-82.52070 -80.80110
-83.03360 -80.96770
-83.35840 -81.32440
-83.62280 -81.62920
-83.63520 -81.72050
-84.26750 -81.84580
-84.42720 -82.09760
-84.23170 -82.29550
-84.02500 -82.19060
-84.19230 -82.13130
-83.85010 -82.24590
-83.35690 -81.87720
-83.33020 -81.84220
-83.53460 -81.88640
-83.30080 -81.79840
-83.44120 -81.60990
-82.92200 -81.37470
-82.91740 -81.34390
-83.26570 -81.60610
-83.00680 -81.45770
-83.34800 -81.27630
-83.65050 -81.47230
-83.79110 -81.54110
-83.91850 -81.65490
-83.96330 -81.44270
-83.60820 -81.15690
-83.88910 -81.50950
-83.78560 -81.48720
-83.92320 -81.30910
-83.99500 -81.34710
-83.69360 -81.29790
-83.36260 -81.06480
-81.14590 -80.42450
-81.14590 -80.44060
-81.76900 -79.75020
-81.74710 -79.91370
-81.92920 -80.11580
-81.77450 -80.00830
-81.89310 -80.11460
-81.75760 -80.28280
-81.35010 -80.04710
-81.57360 -80.01060
-82.07370 -80.16430
-82.18700 -80.23880
-81.90370 -80.32220
-82.03760 -80.45020
-82.17260 -80.67600
-82.46640 -80.65770
-82.32730 -80.83950
-82.20410 -80.89530
-82.47660 -80.85930
-82.41960 -80.78980
-81.62990 -80.78380
-81.86670 -80.97810
-81.56990 -80.61800
-81.93140 -80.65930
-81.54140 -80.31510
-81.46400 -80.37660
-81.20810 -80.22920
-81.10980 -79.95620
-80.83880 -79.75230
-80.85900 -79.85550
-80.70500 -79.21610
-80.53600 -78.96560
-80.44430 -78.78730
-80.63090 -78.71710
-80.39170 -78.64770
-80.50500 -78.61580
-80.31080 -78.65480
-80.57370 -78.66160
-80.67540 -78.73690
-80.63320 -78.72010
-80.85470 -78.75910
-80.82760 -78.99940
-80.98190 -79.14570
-81.07590 -79.27900
-81.09120 -79.42180
-81.04630 -79.42170
-81.23830 -79.54520
-81.36700 -79.63550
-81.54970 -79.38320
-81.99710 -79.47940
-73.70750 -73.17000
-73.97810 -73.35920
-73.69330 -73.29960
-73.44620 -73.22520
-74.02450 -74.01070
-74.06090 -74.03840
-74.04550 -73.84560
-74.18020 -74.05350
-74.28440 -73.96650
-74.51470 -73.98480
-74.14490 -73.90350
-74.35140 -73.85320
-74.13060 -73.90210
-74.06820 -73.89720
-74.22510 -73.89780
-74.27130 -73.90160
-74.81330 -73.84650
-75.25980 -73.90900
-75.32460 -74.09900
-75.30500 -74.12330
-75.14470 -74.09060
-74.72020 -74.10350
-74.62120 -73.98280
-74.36750 -73.63070
-74.27890 -72.97450
-73.92120 -72.87640
-74.51440 -72.92960
-74.47880 -73.00060
-74.57140 -73.24870
-74.30440 -73.32810
-74.33450 -73.35430
-74.55010 -73.68480
-74.71320 -73.87890
-74.78840 -73.90820
-74.94240 -73.99060
-74.95740 -73.87380
-75.11560 -73.99180
-75.17240 -74.16490
-75.35530 -74.05330
-75.14520 -74.00940
-75.32870 -73.92190
-75.59450 -74.00570
-75.94490 -74.15710
-76.02450 -74.11360
-75.82930 -74.15950
-75.58520 -73.96580
-75.59570 -73.91010
-75.16070 -73.75770
-75.13320 -73.66820
-75.19960 -73.69330
-75.03150 -73.61580
-75.19490 -73.62290
-75.58270 -73.60330
-75.74230 -73.75610
-76.02560 -74.08760
-75.85170 -74.00330
-76.39310 -74.15170
-76.51690 -74.04540
-76.76160 -74.33460
-76.74300 -74.21140
-76.54100 -74.29250
-76.30680 -74.12100
-76.24040 -74.04720
-76.30350 -73.95910
-76.11600 -73.96920
-76.38280 -73.87900
-76.38870 -73.92140
-76.09300 -73.86640
-76.30230 -73.77780
-76.20150 -73.50640
-76.24040 -73.58120
-76.28250 -73.55210
-76.53060 -73.66300
-76.71780 -73.69480
-77.13050 -73.74760
-77.14080 -74.06890
-76.85030 -74.15740
-76.76500 -73.79390
-76.75800 -73.85260
-76.36610 -73.95480
-76.40000 -73.59370
-76.57560 -73.78570
-76.76700 -74.04180
-76.37350 -74.16390
-76.29030 -74.30780
-76.15630 -74.26330
-76.03410 -74.30600
-76.03130 -74.09830
-75.79420 -73.65770
-75.75600 -73.50880
-75.57190 -73.36480
-75.34430 -73.31360
-75.41410 -73.26980
-75.28530 -73.22710
-75.10690 -72.89250
-75.32120 -72.87750
-75.49020 -73.00720
-75.52100 -72.96590
-75.72270 -73.15880
-75.67170 -73.23480
-75.52660 -73.03620
-75.50540 -73.10030
-75.45460 -73.11710
-75.04870 -72.85060
-75.26420 -72.72920
-75.28880 -72.83820
-75.39970 -72.96980
-74.94350 -72.72090
-75.07140 -72.60480
-74.84500 -72.91410
-75.35870 -72.86360
-74.93130 -73.00310
-74.78280 -72.86420
-74.65970 -72.91790
-74.67350 -73.11590
-74.74360 -73.12630
-74.50080 -73.05390
-74.49930 -72.86810
-74.44920 -72.72970
-74.31340 -72.71220
-73.97230 -72.67780
-73.84490 -72.49180
-74.06820 -72.43340
-73.87010 -72.43800
-73.84050 -72.66740
-73.48330 -72.68010
-73.46800 -72.55200
-73.68340 -72.44210
-73.14570 -72.36720
-73.63000 -72.52640
-73.67210 -72.42540
-73.92020 -72.62480
-73.69860 -72.47530
-73.45170 -72.42440
-73.50640 -72.46540
-73.46640 -72.19090
-73.15370 -72.18190
-73.32910 -72.01870
-73.45500 -72.07210
-73.45040 -71.93670
-73.47630 -72.01820
-73.36560 -72.02690
-73.30480 -72.02450
-73.51590 -72.16730
-73.70460 -72.15100
-73.54040 -72.23230
-73.47810 -72.39740
-73.23500 -72.37770
-73.32350 -72.34480
-73.26870 -72.33220
-73.03280 -72.21760
-73.04460 -72.17770
-72.99720 -71.84390
-72.51080 -71.90400
-71.95200 -71.67220
-71.80940 -71.54380
-71.64030 -71.60260
-72.19580 -71.47300
-72.44880 -71.48970
-72.25270 -71.41440
-72.21000 -71.32150
-72.36210 -71.27550
-71.97430 -71.17440
-71.65430 -70.96770
-71.65290 -70.80450
-71.22270 -70.74490
-71.04600 -70.58380
-70.80300 -70.35720
-70.68570 -70.00320
-70.18310 -70.15160
-70.31610 -70.06720
-70.38100 -70.16830
-70.20980 -70.08390
-70.54630 -70.00690
-70.46260 -70.00370
-70.79730 -70.00010
-70.81780 -70.01490
-70.64790 -69.91580
-70.69780 -70.15090
-71.45630 -70.77360
-71.39550 -70.96740
-71.57230 -70.87220
-71.96230 -70.84770
-72.15160 -71.16920
-72.33940 -71.18640
-72.51680 -71.37250
-72.42630 -71.42520
-72.14970 -71.40820
-72.54780 -71.36330
-72.52100 -71.29040
-72.23860 -71.23580
-72.33700 -71.33250
-71.97470 -71.34790
-72.03450 -71.33660
-72.09420 -71.17820
-72.22480 -71.64090
-71.71040 -71.57820
-71.22980 -70.97300
-71.23780 -71.02410
-71.26730 -71.07930
-71.53810 -71.08690
-71.40210 -71.07670
-71.47010 -71.04210
-71.83400 -71.20380
-71.67250 -71.16460
-71.85330 -71.22610
-72.14820 -71.66380
-72.31630 -71.78120
-71.91420 -71.55830
-71.74720 -71.46830
-72.22970 -71.59030
-72.44850 -71.68270
-72.29760 -71.95630
-72.19390 -71.84840
-71.91310 -71.83900
-71.68310 -71.77350
-71.59590 -71.93380
-71.10860 -70.98030
-71.06110 -70.93570
-71.18960 -70.87110
-70.80510 -70.64920
-71.07030 -70.93210
-71.20460 -71.04550
-71.26130 -71.08310
-72.04210 -71.59400
-71.58760 -71.70630
-71.72530 -71.78180
-71.78530 -71.83080
-72.04140 -71.80630
-72.26730 -71.83810
-72.34220 -71.83000
-72.41010 -71.83140
-72.49940 -71.92140
-72.58090 -72.20230
-72.62910 -72.20540
-72.67970 -72.20050
-72.33350 -72.00260
-72.31090 -72.25260
-72.46340 -72.20960
-72.71520 -72.26900
-72.57450 -72.24720
-72.38530 -72.21250
-72.98130 -72.27620
-73.15510 -72.88150
-73.10670 -72.91950
-73.01060 -72.84930
-72.65540 -72.68530
-72.46540 -72.70190
-72.23100 -72.54270
-72.71760 -72.34700
-72.61880 -72.18630
-72.30400 -72.14190
-72.23390 -72.28080
-72.13030 -72.29360
-72.28190 -72.28160
-72.49330 -72.42440
-71.96390 -72.29140
-71.88030 -72.13430
-71.51090 -72.08600
-71.53660 -71.94410
-71.19450 -71.60410
-71.00600 -71.63200
-70.81040 -71.64190
-70.74440 -71.65080
-70.88130 -71.71890
-71.25880 -71.80650
-71.28290 -71.97010
-71.23500 -72.17570
-71.62600 -72.62820
-71.37960 -72.04650
-71.96660 -71.94520
-71.29460 -72.05250
-70.83980 -71.41340
-71.43730 -71.60860
-71.89100 -71.61760
-71.55330 -71.51480
-71.85750 -71.66160
-72.03030 -71.67920
-71.89190 -71.89790
-71.66390 -71.60730
-72.23470 -71.81850
-72.36730 -72.38780
-72.06610 -72.59640
-72.47540 -72.56350
-72.81130 -72.75190
-72.60740 -73.17870
-72.59110 -73.26080
-73.32500 -73.24240
-73.24060 -74.08840
-73.32320 -74.12750
-72.95590 -74.11720
-72.32740 -73.39990
-72.53350 -73.20890
-72.25730 -73.33440
-71.22460 -71.66720
-70.07820 -70.14920
-70.39200 -70.28020
-70.17890 -70.25110
-70.31690 -70.23390
-70.53410 -70.22170
-70.68810 -70.29420
-71.11990 -70.24740
-71.22650 -70.34350
-71.06410 -70.30170
-71.12920 -70.38640
-71.18550 -70.47240
-70.88440 -70.32140
-70.93150 -70.28420
-70.68810 -70.14420
-70.58020 -70.15610
-70.54180 -70.09320
-70.76410 -70.22430
-70.67760 -70.18240
-71.01450 -70.34680
-70.92170 -70.36130
-70.72500 -70.46790
-70.89290 -70.61810
-70.95100 -70.87560
-71.14530 -70.98290
-71.17410 -71.14640
-71.40740 -71.35370
-71.32870 -71.41370
-71.68990 -71.44730
-71.66030 -71.44150
-71.96130 -71.54400
-71.82090 -71.70820
-71.95030 -71.59940
-72.05420 -71.69390
-71.61180 -71.88980
-71.71680 -71.84680
-71.14360 -71.31580
-71.08520 -71.52350
-71.20140 -71.40260
-71.50120 -71.63840
-71.29310 -71.29490
-71.12100 -71.19170
-71.10090 -71.17270
-70.53900 -70.99880
-70.40270 -71.05120
-70.68510 -71.33420
-69.95030 -70.53150
-69.62270 -70.24380
-69.58740 -70.17340
-69.76240 -70.45140
-69.88330 -70.55530
-69.78160 -70.53150
-70.01130 -69.08690
-69.84900 -69.06240
-69.91090 -68.95730
-69.95850 -69.01190
-69.93410 -68.93260
-69.44190 -68.85880
-69.85950 -68.92930
-69.83530 -68.76430
-70.08450 -68.84030
-69.98310 -69.01440
-69.65800 -68.97420
-69.82590 -69.10260
-69.59430 -68.97680
-69.17470 -68.85450
-69.40430 -68.62270
-69.12670 -68.32920
-68.88230 -68.09340
-68.90620 -68.16750
-68.65480 -68.20880
-68.60890 -68.20150
-68.67250 -68.23690
-69.20340 -68.52050
-69.08730 -68.57430
-68.86720 -68.51220
-69.68270 -68.89550
-69.64460 -68.95740
-69.86970 -68.95750
-69.91230 -68.97760
-70.13080 -68.98840
-70.16870 -69.21850
-70.78050 -69.77740
-70.72700 -69.91000
-70.67960 -69.81990
-70.54240 -69.80130
-70.28290 -69.81930
-70.26480 -69.82020
-69.95670 -69.68720
-69.96770 -69.36750
-69.90270 -69.38480
-70.01850 -69.35070
-69.92680 -69.43260
-69.81980 -69.42100
-69.46880 -69.27280
-69.63960 -69.23570
-69.32140 -69.06420
-69.42860 -69.04230
-69.35320 -69.13160
-69.34290 -68.98300
-69.35050 -68.67870
-69.69160 -68.49910
-69.92620 -68.67280
-70.00460 -68.74680
-70.19610 -68.83210
-70.28310 -68.65350
-70.09750 -68.79310
-69.92610 -68.80000
-69.98950 -68.61790
-71.79690 -69.73160
-71.62200 -69.68520
-71.18740 -69.49590
-71.18790 -69.44220
-70.98370 -69.33420
-71.42410 -69.57720
-71.23980 -69.44920
-71.28800 -69.51370
-71.25080 -69.40180
-71.29740 -69.17860
-71.24390 -69.15240
-71.12730 -68.91060
-70.99230 -68.80620
-71.26070 -68.89170
-71.48490 -68.96170
-71.13380 -69.03920
-70.88480 -68.98870
-71.02550 -69.08980
-71.01670 -69.06660
-71.25950 -69.33410
-71.26130 -69.33000
-71.12200 -69.47840
-70.91000 -69.29070
-70.50550 -68.88500
-70.45390 -68.61650
-70.18730 -68.20110
-70.27480 -68.10510
-70.17790 -67.77640
-69.99140 -67.69070
-69.78790 -67.40220
-69.82670 -66.96460
-70.08860 -67.04590
-70.00930 -67.10290
-69.88210 -67.11650
-70.00200 -67.21500
-70.06570 -67.54260
-70.27140 -67.77890
-70.03510 -67.84330
-70.33880 -67.83000
-70.41380 -67.83220
-70.60740 -67.91100
-70.86560 -68.23010
-70.83250 -68.33950
-71.16960 -68.59480
-64.11450 -63.64970
-63.88000 -63.65150
-63.67650 -63.66390
-63.99670 -64.15670
-64.08800 -64.23610
-64.11230 -64.27210
-64.12380 -64.15050
-64.09310 -64.08990
-64.00500 -64.07940
-63.80820 -64.11950
-63.77440 -64.12390
-63.82130 -64.10140
-63.87890 -64.11920
-63.93770 -64.12360
-64.01540 -64.00510
-64.32620 -63.97730
-64.19280 -63.85600
-64.55960 -63.86220
-64.95760 -63.96000
-65.08790 -64.03420
-64.91810 -63.98970
-64.96240 -63.94400
-64.99210 -63.90860
-64.79950 -63.98520
-64.31440 -63.90970
-64.26820 -63.81750
-63.87970 -63.59450
-63.78100 -63.40100
-63.73800 -63.39140
-63.53850 -63.18590
-63.54560 -63.16250
-63.33050 -62.97820
-63.81100 -62.82660
-64.32220 -62.83050
-64.30080 -63.32090
-64.47690 -63.39300
-64.55870 -63.67170
-64.44520 -63.75110
-64.70290 -63.83630
-64.74910 -63.79260
-64.75160 -63.79240
-64.81030 -63.82710
-64.83350 -63.75030
-64.66270 -63.86610
-64.74150 -63.84300
-64.86440 -63.83780
-64.92790 -63.95610
-65.09190 -63.85840
-65.07160 -63.79940
-65.23540 -63.71000
-65.39190 -63.86140
-64.98390 -63.72100
-64.75100 -63.55820
-64.35690 -63.18110
-64.43180 -63.09030
-64.50250 -63.03450
-64.71540 -63.14230
-64.56350 -63.18190
-64.33870 -63.58570
-64.52650 -63.61340
-64.88230 -63.58020
-64.84600 -63.81870
-65.00950 -63.93340
-65.28110 -64.10180
-65.13790 -63.93570
-65.43260 -64.00210
-65.77420 -64.04010
-65.95990 -64.33500
-65.72040 -64.45550
-65.85650 -64.30240
-65.59430 -64.13080
-65.24450 -64.06530
-65.48900 -64.05570
-65.95420 -64.36380
-66.01760 -64.39270
-66.30130 -64.40460
-66.23800 -64.43280
-66.39970 -64.54540
-66.36840 -64.67000
-66.39950 -64.72150
-66.66950 -64.78720
-66.85860 -64.72500
-66.93010 -64.77070
-67.51100 -64.91990
-67.68040 -65.29930
-67.28060 -65.29820
-67.07030 -65.28930
-67.21190 -65.22660
-66.95420 -65.19030
-66.66440 -65.19230
-66.23530 -65.01850
-66.18510 -65.13550
-65.45080 -65.04550
-65.30780 -64.60440
-65.39110 -64.71130
-65.74160 -64.65840
-65.53230 -64.52140
-65.23440 -64.50070
-65.11810 -64.56540
-65.03060 -64.53650
-64.92270 -64.54200
-64.68010 -64.59840
-64.58110 -64.59050
-64.38890 -63.94640
-64.43230 -63.90560
-64.07540 -63.48570
-63.89910 -63.41210
-63.79650 -63.28750
-63.54160 -63.12320
-63.53180 -62.73750
-63.74150 -62.88140
-63.95990 -61.46400
-63.95130 -61.49610
-63.84850 -61.49670
-63.62570 -61.46250
-63.72260 -61.27890
-63.66590 -61.41040
-63.70770 -61.42720
-63.92640 -61.37500
-63.86770 -61.40190
-63.49570 -61.31400
-63.66070 -61.11420
-63.82550 -61.05680
-63.46220 -61.13890
-63.54040 -61.13050
-63.61080 -61.12300
-63.59750 -61.23530
-63.60950 -61.21940
-63.31380 -61.16830
-62.94050 -61.19960
-62.96100 -61.14280
-62.94780 -60.86550
-62.87740 -61.00890
-62.72470 -60.91830
-62.65090 -60.83830
-62.56840 -60.82120
-62.48490 -60.90740
-62.26540 -60.85810
-62.10770 -60.75360
-62.00240 -60.65070
-61.91580 -60.37270
-62.22410 -60.45180
-62.38000 -60.61440
-62.18010 -60.72970
-61.95390 -60.78820
-62.28340 -60.86080
-62.19380 -60.75350
-61.98770 -60.77800
-61.69210 -60.30310
-61.65610 -60.33060
-61.65470 -60.31020
-61.41060 -60.30160
-61.54790 -60.35670
-61.44060 -60.27980
-61.33490 -60.21180
-61.14950 -60.14730
-60.79060 -59.94610
-61.34300 -60.00840
-61.37690 -59.81250
-61.13730 -59.69620
-61.19300 -59.65190
-61.08600 -59.86310
-61.14710 -59.81950
-61.36850 -60.06560
-61.39800 -60.14460
-61.23160 -60.13600
-61.31430 -60.12410
-61.30270 -60.15520
-61.38320 -60.20480
-61.10320 -59.88600
-60.72390 -59.73650
-60.64230 -59.61730
-60.56580 -59.52600
-60.43280 -59.58600
-60.60450 -59.53580
-60.65670 -59.60130
-60.62310 -59.56280
-60.88540 -59.75280
-61.09140 -59.77210
-60.87450 -59.70630
-60.84030 -59.63730
-60.51820 -59.57610
-60.62780 -59.56690
-60.46880 -59.38690
-60.25390 -59.29680
-60.02390 -59.15320
-59.79440 -58.98250
-59.95700 -58.92390
-59.82680 -58.90280
-60.03330 -58.92950
-59.96980 -58.94600
-59.95980 -59.02810
-59.93900 -58.99390
-60.26830 -59.03780
-60.42670 -59.06270
-60.51010 -59.17270
-60.26820 -59.13420
-60.09030 -59.10370
-60.06030 -59.24600
-60.40940 -59.09220
-60.65390 -59.09340
-60.54290 -59.03320
-60.74700 -59.04620
-60.70180 -59.23520
-60.95330 -59.37010
-61.19460 -60.07230
-61.50270 -60.17690
-61.77080 -60.58060
-62.24350 -60.69800
-62.00550 -60.55850
-62.00100 -60.56890
-61.99910 -60.61090
-62.24270 -60.61120
-61.21200 -60.61310
-60.51530 -59.85380
-60.52180 -59.89430
-60.59390 -59.94040
-60.81370 -59.95330
-60.76470 -59.96600
-60.73310 -59.94430
-60.79420 -59.97980
-61.06710 -60.10770
-61.23000 -60.21040
-61.53290 -60.43250
-61.52800 -60.71480
-61.67440 -60.81170
-61.73300 -60.79620
-61.44680 -60.75510
-61.39520 -60.72620
-61.60240 -60.68440
-62.01990 -60.80470
-61.96470 -60.73610
-62.18850 -61.10130
-61.95170 -61.08530
-61.91820 -61.10480
-61.85250 -60.93280
-61.57060 -60.66700
-61.59040 -60.60640
-61.65650 -60.54830
-61.59220 -60.37760
-61.55870 -60.43430
-61.81990 -60.49020
-61.97760 -60.60060
-62.24500 -60.71630
-62.44840 -60.84790
-62.27430 -60.80430
-62.58670 -61.14360
-62.79620 -61.06860
-62.81850 -61.23320
-63.07360 -61.31170
-62.96390 -61.42710
-63.25060 -61.55450
-63.26440 -61.60770
-63.34900 -61.87620
-63.70970 -62.05200
-63.62180 -62.02970
-63.90820 -62.20760
-63.67820 -62.79620
-63.69670 -62.89580
-63.56340 -62.86290
-63.49200 -63.01840
-63.76030 -63.12630
-63.67540 -63.08430
-63.50620 -62.95340
-63.29630 -62.95510
-63.50560 -62.72100
-63.82780 -62.70390
-63.66950 -62.78020
-63.60760 -62.79280
-63.88100 -63.00430
-64.04670 -63.05890
-63.19970 -62.77830
-63.23270 -62.56610
-62.94210 -62.71600
-62.95660 -62.61930
-62.71090 -62.50340
-62.49750 -62.52840
-62.50850 -62.52390
-62.37280 -62.60870
-62.59440 -62.65920
-62.72600 -62.73510
-62.88940 -62.69600
-63.00370 -63.07750
-62.96820 -63.00220
-62.76720 -63.14650
-62.67000 -63.25010
-62.14990 -63.08820
-62.06780 -62.83680
-62.03840 -62.75090
-62.27830 -63.11770
-62.20190 -63.21860
-61.96240 -63.18380
-62.03370 -63.18510
-61.62160 -63.27200
-62.09180 -63.09720
-61.93090 -63.05100
-62.06280 -63.19000
-62.12850 -63.24970
-62.15470 -63.18880
-62.02080 -63.22830
-61.96820 -63.21650
-62.25310 -63.25390
-62.35150 -63.44820
-62.00620 -63.45260
-61.57570 -63.30600
-61.65730 -63.10410
-61.66080 -62.98820
-62.37350 -61.53840
-62.02150 -61.51410
-61.78940 -61.58710
-62.12250 -61.54770
-62.28720 -61.76460
-62.05040 -61.70640
-62.06770 -61.68920
-62.24540 -61.66060
-62.32770 -61.78900
-62.66660 -61.88100
-62.72120 -61.96830
-62.51370 -61.85130
-62.41340 -61.77820
-62.29390 -61.73730
-62.30410 -61.71150
-62.37360 -61.69730
-62.04300 -61.55740
-62.08060 -61.52600
-62.26140 -61.58810
-62.22680 -61.58060
-62.47220 -61.74810
-62.43600 -61.81730
-62.52160 -61.98000
-62.67990 -62.04320
-62.70600 -62.10800
-62.64500 -62.07330
-62.86690 -62.31850
-62.99210 -62.47880
-63.20180 -62.62530
-63.32750 -62.56960
-63.30940 -62.54490
-63.30110 -62.55620
-62.97340 -62.77700
-63.02680 -62.81870
-63.03990 -62.77920
-62.54970 -62.64790
-62.85660 -62.48150
-62.89930 -62.50390
-62.67930 -62.44370
-62.34540 -62.49950
-62.25930 -62.28810
-62.49560 -62.37770
-62.12390 -62.31000
-61.85540 -62.34710
-62.58170 -62.31150
-62.40840 -62.27840
-61.94750 -62.30160
-61.90380 -62.24300
-62.24900 -62.35950
-62.53760 -62.42730
-62.22850 -62.40060
-62.27890 -62.47270
-62.23450 -62.22430
-61.94690 -62.11520
-61.81430 -62.05720
-61.98040 -62.20470
-61.98490 -61.23050
-62.25320 -61.15040
-62.29700 -61.14880
-62.23870 -61.30470
-61.73970 -61.33560
-62.22250 -61.35850
-62.17740 -61.26820
-62.38030 -61.33400
-62.62020 -61.44730
-62.28810 -61.36140
-62.62310 -61.45090
-62.82190 -61.51990
-61.97920 -61.46160
-62.07540 -61.48760
-62.09220 -61.38270
-61.84790 -61.20540
-61.53720 -61.23960
-61.49560 -61.14400
-61.25930 -61.03000
-61.64770 -60.81970
-62.01550 -60.75610
-61.77630 -60.87080
-61.87520 -61.08050
-61.92240 -60.98960
-62.77190 -61.16080
-62.77040 -61.23360
-62.88680 -61.30350
-62.78560 -61.27270
-62.63030 -61.21550
-62.64750 -61.11380
-62.83400 -61.11030
-62.64140 -61.01970
-62.71810 -61.03180
-62.41070 -61.04900
-62.24460 -60.97570
-62.45600 -60.94900
-62.32540 -60.89800
-62.31410 -60.84990
-61.92670 -60.73880
-62.31550 -60.78700
-62.17510 -60.74910
-62.07490 -60.72510
-62.06840 -60.64180
-61.96580 -60.56640
-62.00580 -60.63310
-61.98510 -60.59200
-62.28450 -60.48620
-62.50050 -60.57840
-62.41310 -60.63790
-62.03680 -60.70210
-61.95020 -60.69540
-61.71660 -60.68680
-61.77910 -60.78460
-61.86950 -60.82010
-61.49690 -60.35030
-61.42060 -60.22830
-61.53270 -60.24390
-61.51890 -60.22500
-61.44770 -60.26950
-61.63310 -60.34870
-61.43700 -60.36130
-61.49890 -60.51510
-61.38260 -60.57080
-61.21410 -60.38810
-61.35230 -60.43160
-60.93710 -60.16130
-61.04730 -60.08990
-60.95280 -60.09130
-60.45600 -59.98400
-60.32940 -59.68090
-60.52800 -59.56040
-60.28750 -59.65530
-60.44480 -59.67980
-60.28360 -59.59270
-60.24730 -59.55310
-60.54190 -59.59390
-60.58630 -59.64750
-60.91450 -59.72130
-60.51130 -59.63090
-61.02240 -59.86700
-60.87100 -59.92650
-60.54350 -59.55120
-60.14360 -59.35920
-59.91570 -58.92320
-60.00900 -58.92850
-59.98600 -58.82360
-59.84380 -58.79600
-59.75660 -58.75220
-59.86930 -58.73530
-59.64950 -58.51530
-59.78650 -58.61660
-59.78020 -58.59670
-59.69290 -58.56580
-59.74910 -58.57670
-59.66960 -58.76170
-59.60280 -58.73550
-59.67250 -58.79350
-59.46070 -58.63060
-59.50000 -58.55100
-59.86750 -58.62900
-54.61820 -54.48280
-54.48440 -54.40460
-54.58360 -54.36150
-54.40740 -54.48060
-54.47390 -54.58850
-55.10070 -54.97980
-55.09510 -55.09260
-55.10660 -55.08760
-55.17950 -55.08110
-54.96450 -55.11130
-54.93480 -55.12340
-54.98100 -55.09650
-55.13080 -55.00300
-55.38610 -54.97560
-55.14530 -54.88950
-55.28510 -54.90670
-55.30940 -54.98610
-55.27950 -55.06420
-55.33280 -55.08230
-55.32370 -54.98320
-55.19400 -54.99260
-54.89180 -54.97440
-54.78100 -54.75640
-54.67140 -54.52820
-54.45940 -54.50700
-54.37900 -54.29720
-54.35590 -54.28890
-54.32460 -54.36940
-54.13650 -54.13220
-54.11370 -54.12940
-54.23740 -54.08850
-54.24280 -53.54420
-54.69220 -53.58070
-54.79890 -53.75190
-54.73300 -53.82560
-54.78830 -54.03550
-54.61620 -54.23010
-54.64460 -54.31900
-54.76630 -54.45700
-54.86890 -54.77030
-55.03470 -54.84330
-55.04790 -54.72760
-55.01690 -54.78340
-55.05630 -54.75630
-55.15230 -54.72690
-55.45210 -54.94550
-55.53110 -54.78650
-55.73830 -54.84250
-55.98480 -54.96380
-55.85150 -55.09110
-55.12770 -54.67730
-55.10650 -54.60260
-55.18280 -54.44780
-55.39290 -54.53020
-55.21030 -54.06540
-55.26130 -54.18900
-55.38710 -54.36950
-55.41520 -54.27830
-55.31160 -54.27780
-55.66290 -54.25380
-55.77570 -54.37010
-55.63890 -54.38970
-55.51490 -54.45010
-55.80150 -54.55100
-55.97200 -54.56140
-56.29810 -54.59080
-56.47350 -54.70400
-56.58710 -54.68370
-56.39500 -54.66660
-56.14950 -54.54590
-56.07890 -54.46940
-56.07410 -54.37640
-56.36870 -54.47600
-56.55390 -54.66720
-56.52970 -54.69830
-56.42470 -54.60910
-56.13150 -54.32310
-56.24240 -54.41980
-56.18270 -54.47050
-56.20090 -54.61360
-55.73050 -54.44410
-55.51000 -54.27720
-55.32190 -54.32360
-55.32300 -54.29060
-56.03270 -54.48090
-55.64660 -54.20700
-55.61820 -54.21790
-55.36530 -54.35470
-55.54840 -54.34420
-55.57510 -54.30030
-55.75720 -54.55450
-55.80270 -54.57800
-55.36330 -54.48370
-55.25040 -54.43510
-55.11040 -54.48010
-55.04010 -54.42620
-55.07440 -54.54140
-55.15890 -54.57460
-54.71310 -53.92790
-54.64590 -53.70240
-54.61430 -53.62930
-54.40830 -53.57370
-54.66310 -53.33910
-54.50820 -53.21550
-54.63240 -53.18840
-54.83980 -53.46130
-54.53300 -52.83980
-54.67420 -52.72000
-54.63350 -52.72550
-54.59160 -52.71540
-54.50650 -52.75260
-54.55750 -52.50500
-54.70860 -52.41300
-54.70320 -52.39770
-54.63810 -52.43660
-54.39680 -52.50550
-54.35100 -52.45920
-54.02920 -52.35830
-54.00590 -52.30790
-54.04120 -52.21550
-53.97920 -52.18900
-53.90570 -52.20330
-53.97410 -52.21480
-53.68600 -52.19020
-53.52250 -52.21000
-53.59390 -52.15960
-53.66740 -52.05820
-53.50050 -52.03750
-53.38420 -51.71990
-53.20390 -51.76280
-53.05950 -51.72450
-52.89640 -51.75740
-53.13450 -51.84760
-53.21560 -51.84380
-53.30770 -51.87210
-53.33340 -51.85330
-53.40840 -51.87130
-53.74440 -51.92580
-53.62720 -51.90060
-53.61390 -51.88220
-53.46070 -51.90820
-53.36350 -52.06260
-53.33130 -51.80080
-53.33090 -51.78170
-53.14800 -51.77260
-52.94970 -51.73030
-53.09360 -51.76160
-52.95640 -51.62550
-52.94680 -51.61860
-52.55940 -51.34150
-52.62250 -51.16410
-52.63870 -51.05780
-52.52810 -51.35080
-52.55260 -51.32690
-52.69550 -51.43980
-52.69150 -51.31750
-52.70080 -51.37340
-52.70540 -51.41850
-52.55010 -51.52160
-52.34640 -51.41430
-52.37700 -51.47490
-52.32470 -51.40460
-52.01370 -50.86670
-51.95240 -50.86900
-52.07730 -50.80410
-51.86270 -50.76260
-51.71860 -50.70780
-51.54050 -50.76850
-51.64420 -50.70180
-51.68880 -50.75310
-51.75590 -50.81330
-51.87960 -50.83860
-52.08030 -50.84050
-52.03420 -50.83740
-52.06390 -50.85620
-51.82790 -50.76440
-51.68030 -50.75310
-51.84640 -50.78790
-51.69360 -50.66840
-51.69540 -50.56280
-51.33810 -50.07920
-51.33350 -50.06180
-51.26420 -50.14960
-51.25610 -50.10700
-51.50080 -50.14750
-51.38030 -50.12260
-51.47400 -50.13290
-51.56290 -50.13660
-51.68260 -50.29180
-51.62300 -50.39370
-51.63200 -50.27810
-51.55820 -50.35200
-51.73450 -50.35810
-51.70850 -50.39520
-51.52840 -50.30740
-51.42250 -50.28720
-51.58760 -50.31670
-51.60630 -50.35200
-51.53180 -50.44350
-51.82200 -50.47930
-52.16660 -50.83710
-52.49500 -51.05760
-52.65310 -51.17140
-52.82410 -51.14080
-52.76040 -51.08730
-52.73470 -51.19590
-52.60340 -51.24720
-52.56870 -51.27140
-52.35670 -51.25260
-52.44970 -51.27500
-52.32930 -51.19510
-52.53260 -51.21320
-52.13840 -52.35760
-51.51620 -51.85570
-51.47760 -51.66730
-51.46880 -51.57120
-51.49120 -51.52530
-51.45060 -51.52710
-51.50770 -51.61130
-51.74280 -51.60370
-51.75290 -51.34040
-52.14250 -51.57140
-52.31650 -51.69300
-52.42870 -51.92900
-52.41710 -52.04520
-52.33160 -52.09940
-52.57230 -52.20810
-52.60110 -52.16230
-52.51830 -52.18580
-52.43920 -52.06830
-52.47410 -52.02440
-52.66580 -52.07850
-52.85520 -52.10290
-52.92150 -52.22140
-52.78830 -52.25860
-52.65010 -52.25790
-52.42950 -52.32030
-52.48380 -52.36230
-52.22830 -52.25140
-52.25510 -52.07860
-52.22150 -52.02640
-52.21460 -51.81860
-52.33330 -52.03020
-52.48210 -52.12340
-52.80330 -52.35620
-52.80260 -52.66880
-52.89650 -52.64890
-53.25320 -52.66550
-53.29560 -52.74960
-53.19210 -52.65960
-53.19610 -52.69750
-53.41150 -52.73820
-53.49540 -52.68010
-53.61630 -52.74250
-53.50020 -52.82840
-53.59310 -52.99470
-53.68420 -53.01590
-53.77290 -53.06040
-53.56270 -53.14750
-53.78480 -53.20280
-53.75790 -53.25350
-53.64020 -53.24650
-53.68850 -53.19670
-54.00250 -53.17720
-53.96720 -53.24930
-53.93140 -53.35960
-53.85790 -53.24350
-53.99360 -53.18570
-54.09040 -53.16210
-54.00250 -53.18720
-53.99960 -53.22230
-53.69730 -53.16870
-53.70520 -53.14920
-53.87350 -53.11680
-54.06050 -53.16360
-53.82300 -53.25510
-53.61440 -53.23190
-52.76620 -52.67730
-52.70460 -52.66480
-52.65580 -52.68890
-53.15700 -52.98670
-53.33560 -53.17500
-53.48420 -53.18510
-53.23820 -53.22910
-53.68630 -53.39570
-53.22080 -53.46660
-53.06590 -53.45190
-53.20700 -53.14890
-53.56130 -53.11840
-53.56530 -53.26530
-53.38740 -53.31860
-53.54230 -53.36420
-53.70380 -53.34530
-53.70310 -53.43950
-53.39900 -53.40360
-53.77360 -53.43430
-53.85470 -53.62430
-53.94340 -53.69410
-53.66350 -53.82570
-53.91480 -53.89700
-53.88790 -53.95480
-54.01530 -53.93760
-53.69880 -53.97530
-54.26400 -54.03430
-54.19240 -54.10410
-54.38210 -54.19390
-54.53110 -54.17930
-54.23040 -54.34440
-53.87300 -54.32150
-54.00940 -54.30900
-53.91610 -54.27470
-53.89230 -54.30340
-53.89040 -54.27450
-55.30070 -54.33510
-55.16640 -54.39180
-55.43350 -54.41620
-55.24060 -54.43050
-55.49540 -54.57660
-55.24720 -54.52200
-55.43790 -54.61460
-55.50430 -54.63290
-55.58650 -54.79040
-55.62550 -54.80860
-55.36340 -54.79900
-55.52170 -54.57560
-55.33700 -54.62340
-55.28850 -54.58020
-55.21900 -54.51980
-55.33600 -54.66470
-55.37730 -54.64110
-55.23770 -54.62370
-55.51510 -54.73570
-55.44740 -54.88020
-55.50380 -54.94020
-55.47410 -54.90210
-55.57710 -54.97100
-55.71660 -55.04720
-56.02520 -55.29130
-56.46630 -55.38090
-56.80700 -55.56320
-56.59650 -55.70150
-56.48130 -55.68080
-57.00880 -55.63500
-56.85140 -55.79050
-56.71610 -55.81150
-56.89780 -55.81900
-56.92030 -55.84370
-56.85760 -55.78460
-56.80160 -55.58660
-56.89630 -55.57050
-56.62190 -55.59110
-56.37490 -55.59920
-56.49690 -55.53090
-56.47700 -55.44940
-56.42630 -55.31380
-56.68790 -55.41750
-56.76400 -55.60460
-56.55830 -55.61840
-56.70840 -55.51990
-56.25460 -55.26810
-56.21120 -55.25990
-54.72650 -53.94390
-54.59380 -53.82890
-54.71550 -53.62350
-54.82420 -53.71440
-54.92260 -53.69510
-54.88270 -53.83160
-54.82390 -53.71660
-55.19130 -53.61670
-55.19410 -53.44660
-55.37720 -53.69720
-55.41050 -53.80100
-55.04280 -53.74520
-55.38960 -53.93570
-55.46270 -54.02710
-55.22740 -53.93300
-55.05980 -53.85860
-55.06790 -53.94120
-54.62690 -53.83140
-54.45970 -53.50010
-54.23700 -53.43580
-54.27770 -53.39320
-54.08920 -53.37410
-54.11530 -53.29840
-54.20160 -53.39230
-54.57320 -53.46440
-54.38250 -53.48570
-54.80890 -53.54510
-54.64840 -53.71660
-54.97830 -53.70650
-54.91070 -53.64620
-54.91970 -53.63240
-55.33030 -53.67060
-55.29050 -53.74580
-55.33610 -53.80740
-55.20310 -53.78260
-55.14080 -53.73310
-55.10460 -53.66460
-55.29160 -53.63470
-55.16920 -53.58810
-55.30650 -53.60830
-55.10390 -53.63490
-55.01860 -53.52550
-54.90370 -53.55500
-54.77160 -53.54840
-54.63830 -53.50520
-54.73960 -53.47290
-54.47800 -53.36560
-54.55960 -53.36910
-54.72210 -53.45480
-54.67280 -53.43480
-54.54160 -53.27820
-54.75780 -53.13280
-54.93730 -53.24780
-55.08970 -53.29230
-55.12530 -53.36370
-55.12330 -53.24910
-54.78140 -53.05940
-54.62110 -53.04760
-54.68110 -53.20710
-54.55410 -53.13890
-54.45780 -53.07780
-54.39250 -53.36230
-54.61120 -53.51620
-54.54470 -53.46100
-54.63050 -53.51130
-54.59860 -53.59630
-54.74380 -53.55350
-54.40950 -53.43600
-54.50680 -53.43650
-54.99660 -53.58510
-55.16110 -53.68750
-55.00050 -53.63330
-54.99810 -53.72530
-55.08680 -53.52440
-54.67380 -53.34660
-54.61620 -53.35230
-54.71540 -53.35530
-54.81280 -53.46440
-54.59850 -53.47260
-54.76460 -53.46630
-54.58860 -53.40140
-54.43860 -53.32510
-54.56940 -53.42090
-54.53780 -53.52850
-54.72190 -53.55210
-54.38040 -53.40780
-54.44730 -53.51430
-54.74960 -53.54180
-54.40230 -53.32270
-54.29190 -53.36300
-54.20040 -53.26790
-53.82000 -52.89080
-53.75060 -52.60150
-53.66650 -52.50630
-53.66360 -52.43260
-53.56070 -52.43350
-53.47990 -52.38850
-53.31920 -52.30950
-53.34680 -52.13000
-53.39420 -52.22210
-53.28320 -52.23370
-53.54250 -52.59250
-47.59770 -47.42650
-47.70220 -47.39170
-47.72660 -47.44630
-47.61940 -47.50230
-47.90150 -47.60660
-48.19440 -47.96470
-48.18050 -47.90860
-48.35700 -48.01430
-48.26630 -48.05890
-48.20200 -48.05460
-48.22520 -48.04710
-48.29000 -47.93920
-48.34810 -47.93360
-48.58740 -47.92420
-48.37600 -47.89090
-48.48750 -47.89350
-49.03210 -48.27920
-49.07020 -48.30810
-49.05870 -48.28570
-48.56540 -48.16980
-48.53000 -48.12020
-48.33980 -48.06320
-48.42910 -48.10220
-48.25040 -48.07630
-48.16830 -47.97220
-47.96820 -47.64000
-48.15910 -47.52310
-48.15660 -47.37570
-48.27020 -47.65310
-48.25800 -47.67840
-48.05280 -47.65300
-48.11110 -47.73350
-48.07650 -47.73500
-48.21930 -47.79070
-48.24120 -47.80910
-48.15050 -47.80290
-48.42290 -47.95030
-48.44740 -47.95370
-48.53380 -47.92970
-48.40280 -47.93400
-48.45150 -47.91100
-49.39350 -48.35700
-49.18740 -48.33240
-49.24060 -48.12580
-49.10900 -48.14440
-48.95290 -48.02690
-49.11270 -48.13260
-49.62120 -48.46770
-49.81650 -48.57330
-50.09630 -48.67390
-50.24350 -48.70750
-50.01700 -48.72680
-50.29540 -48.72490
-50.05090 -48.65590
-49.83850 -48.56350
-50.08100 -48.51900
-50.34260 -48.68150
-50.22000 -48.79500
-50.12340 -48.83010
-50.40420 -48.83230
-50.42270 -48.84050
-50.61740 -48.85620
-50.57330 -48.85820
-50.44180 -48.82770
-50.51310 -48.85170
-50.23790 -48.85800
-50.15660 -48.82750
-50.13130 -48.80410
-50.32210 -48.80050
-50.52380 -48.84850
-50.82170 -48.85230
-50.93590 -48.99990
-50.78910 -49.01920
-51.03070 -48.98850
-50.84370 -48.93800
-50.37670 -48.91600
-50.36200 -48.81470
-50.38940 -48.83130
-50.53670 -48.83740
-50.74420 -48.87190
-50.62170 -48.89170
-50.39100 -48.92250
-50.19020 -48.71060
-49.97120 -48.65930
-49.78480 -48.64740
-49.80040 -48.57780
-49.77030 -48.50710
-49.67690 -48.41820
-49.50370 -48.40460
-49.22320 -48.18270
-49.00840 -47.96970
-49.12600 -47.92500
-48.98000 -47.76980
-49.12390 -47.82050
-47.03080 -45.45170
-46.97840 -45.45630
-46.94300 -45.48870
-46.77470 -45.46020
-46.40540 -45.35630
-46.58050 -45.02800
-46.57900 -45.00640
-46.74350 -44.93980
-46.75790 -44.96230
-46.64920 -45.07670
-46.91550 -45.02690
-46.88160 -45.17540
-46.98330 -45.17040
-47.22160 -45.15130
-47.24250 -45.10160
-47.25650 -45.22420
-47.15520 -45.32210
-46.85420 -45.30390
-46.62710 -45.32340
-46.64820 -45.29000
-46.55250 -45.28940
-46.44750 -45.35590
-46.50120 -45.45920
-46.52120 -45.46880
-46.62410 -45.50120
-46.49450 -45.40170
-46.32450 -45.16990
-46.31190 -45.03720
-46.10630 -45.08900
-46.03560 -45.03490
-45.97160 -44.79800
-45.95710 -44.77380
-45.81600 -44.73480
-46.06700 -44.78940
-46.32640 -44.81980
-46.40910 -44.86580
-46.48740 -44.88620
-46.55140 -44.87010
-46.87300 -44.92580
-46.24930 -44.92930
-46.20020 -44.98130
-46.22000 -44.95240
-45.99940 -44.93330
-45.91920 -45.05610
-45.70740 -45.07390
-45.76680 -44.94810
-45.97130 -44.92090
-45.96620 -44.88570
-45.65690 -44.82800
-45.87060 -44.92610
-45.49080 -44.74900
-45.54750 -44.78340
-45.40390 -44.72300
-45.17710 -44.59960
-45.49590 -44.62340
-45.58930 -44.53170
-45.78150 -44.82750
-45.72950 -44.92220
-45.75540 -45.02930
-45.59640 -45.02490
-45.54960 -45.05920
-45.39980 -44.99390
-45.37370 -44.90360
-45.24200 -44.68650
-45.15660 -44.68700
-45.09380 -44.54610
-44.93140 -44.51580
-44.73420 -44.47740
-44.61430 -44.33240
-44.47400 -44.38310
-44.59510 -44.23670
-44.68380 -44.27200
-44.62150 -44.22430
-44.70680 -44.33630
-44.78810 -44.35940
-44.97220 -44.36550
-44.86240 -44.29200
-44.75770 -44.14270
-44.57280 -44.12960
-44.65830 -44.17610
-44.52670 -43.90990
-44.32720 -43.82740
-44.21750 -43.75520
-43.98500 -43.47330
-44.07300 -43.50950
-44.00210 -43.51230
-44.06290 -43.45160
-44.01080 -43.53990
-44.01470 -43.49190
-44.10740 -43.48580
-44.12660 -43.51010
-43.88150 -43.57780
-43.64650 -43.47990
-43.57030 -43.41220
-43.58990 -43.50330
-43.49300 -43.55300
-43.55950 -43.35420
-43.73410 -43.37810
-43.51120 -43.30040
-43.71480 -43.26810
-43.70360 -43.36240
-43.83980 -43.42900
-43.96120 -43.57750
-44.09460 -43.84670
-44.25580 -44.02680
-44.28970 -43.96440
-44.49690 -44.05950
-44.51370 -44.11530
-44.40180 -44.08860
-44.63230 -44.11420
-45.74630 -44.59630
-44.91410 -44.66480
-44.92510 -44.65630
-44.93220 -44.69160
-45.11630 -44.64690
-45.04440 -44.63720
-45.28950 -44.65860
-45.22700 -44.65110
-45.75420 -45.05700
-45.90970 -45.25090
-45.88600 -45.32480
-46.01930 -45.43120
-45.84780 -45.42840
-46.06010 -45.47730
-45.90920 -45.43940
-45.84530 -45.42700
-46.42890 -45.65720
-46.53470 -45.64810
-46.75010 -45.69690
-46.64350 -45.95530
-46.55700 -45.90950
-46.46520 -45.94370
-46.52940 -45.94460
-46.58970 -46.03990
-46.35410 -45.96030
-46.32450 -45.87130
-46.28950 -45.83210
-46.41540 -45.66050
-46.30280 -45.54110
-46.42070 -45.71680
-46.84220 -45.87860
-46.98090 -45.99770
-46.87830 -46.04450
-47.04670 -46.15860
-47.30380 -46.16410
-47.95380 -46.55550
-47.80050 -46.64270
-47.87930 -46.69370
-48.04890 -46.77430
-48.05650 -46.84050
-47.82950 -46.73420
-47.95780 -46.65220
-47.80210 -46.71280
-47.87590 -46.70530
-48.08520 -46.66050
-48.31380 -46.71770
-46.15900 -46.44900
-45.93920 -46.21660
-46.12940 -45.89740
-46.20170 -45.83070
-46.10600 -45.75660
-46.02570 -45.72830
-46.07390 -45.61060
-46.20090 -45.69320
-46.22650 -45.59300
-46.16670 -45.54540
-45.96870 -45.62380
-46.03380 -45.63540
-46.12810 -45.58700
-46.21220 -45.71670
-45.62890 -45.59960
-45.61280 -45.59500
-45.39200 -45.42940
-45.44620 -45.31850
-45.16070 -45.20070
-45.04440 -45.18040
-45.13400 -45.24900
-45.36020 -45.32940
-45.42930 -45.35060
-45.38870 -45.50370
-45.69640 -45.86670
-45.70600 -45.90100
-45.51180 -45.86110
-45.93870 -45.99020
-45.76560 -45.98130
-45.40800 -45.84020
-45.49200 -45.94540
-45.50360 -45.83920
-45.36970 -45.89290
-45.86250 -46.02870
-45.66880 -45.97220
-45.52240 -45.96290
-45.69000 -46.02390
-45.69200 -46.05600
-45.85790 -45.99610
-46.45480 -46.56150
-46.62590 -46.57520
-46.79320 -46.75150
-46.89530 -46.85050
-47.07300 -47.01240
-46.71180 -46.87890
-46.40410 -46.80520
-46.49850 -46.80880
-46.27260 -46.77640
-46.17690 -45.58170
-45.93230 -45.53210
-45.71360 -45.41090
-45.82120 -45.22580
-45.66470 -45.08220
-45.71700 -45.04310
-45.75970 -45.06550
-45.86380 -45.09340
-45.68990 -45.01490
-45.93580 -45.03860
-46.00640 -45.12990
-45.89920 -45.04800
-45.72120 -44.91560
-45.67660 -44.85120
-45.68950 -44.81540
-45.71930 -44.74590
-45.70580 -44.77950
-45.50530 -44.65610
-45.39080 -44.54210
-45.86460 -45.10420
-45.99880 -45.32880
-46.11650 -45.39770
-46.19290 -45.46270
-46.20650 -45.46340
-46.24470 -45.53510
-46.20860 -45.63560
-46.25220 -45.60100
-46.28160 -45.60040
-46.22870 -45.66670
-46.10060 -45.56220
-46.40530 -45.58010
-46.48050 -45.66990
-46.47170 -45.62870
-46.32960 -45.62590
-46.25760 -45.67960
-46.16540 -45.75760
-46.25580 -45.64530
-46.32260 -45.64280
-46.42670 -45.51170
-46.63370 -45.64960
-46.77050 -45.63210
-46.77080 -45.70310
-46.56190 -45.62130
-46.92400 -46.01630
-46.64760 -45.79210
-46.65640 -45.76400
-46.43210 -45.64350
-46.56880 -45.76690
-46.58890 -45.79760
-48.17470 -46.20830
-48.09590 -46.50810
-48.30580 -46.52780
-48.38570 -46.65840
-47.67230 -47.05430
-47.72020 -47.03460
-47.81210 -46.97870
-47.72810 -46.95060
-47.59610 -46.97480
-47.52530 -47.02630
-47.43850 -46.83120
-47.09430 -46.83120
-47.28830 -46.71160
-47.18320 -46.57060
-46.98650 -46.46600
-47.05990 -46.37640
-47.14800 -46.44060
-47.42550 -46.39910
-47.30700 -46.39090
-47.48060 -46.47160
-48.12010 -46.57590
-47.98490 -46.65240
-48.18930 -46.64300
-48.25770 -46.87300
-48.47810 -46.93170
-48.55650 -47.04570
-48.63340 -46.93760
-48.99210 -46.99150
-48.96960 -47.21670
-48.89050 -47.48960
-48.82670 -47.51650
-48.56460 -47.48330
-48.66320 -47.50640
-48.74300 -47.45360
-48.84070 -47.43450
-48.55310 -47.41790
-48.52590 -47.38040
-48.67400 -47.37520
-48.35700 -47.53360
-48.19210 -47.33140
-47.91000 -47.27950
-47.99070 -47.19330
-47.89730 -47.07020
-47.86300 -47.04050
-48.05110 -47.19630
-47.76640 -47.17190
-47.65040 -47.08720
-47.67840 -47.14010
-47.82010 -47.13760
-47.69650 -47.15120
-47.39130 -46.99160
-46.48010 -45.47440
-46.46760 -45.50030
-46.44020 -45.54490
-46.70550 -45.65830
-46.42970 -45.68280
-46.79220 -45.68410
-46.73620 -45.76610
-46.77300 -45.73050
-46.79440 -45.66090
-46.72620 -45.68170
-46.39440 -45.60630
-46.47870 -45.50000
-46.26380 -45.45250
-46.39620 -45.49930
-46.49180 -45.54020
-46.61600 -45.52440
-46.71670 -45.61110
-46.62570 -45.63150
-46.78820 -45.66750
-46.95750 -45.67400
-46.83520 -45.66420
-46.72490 -45.68270
-46.82950 -45.74890
-46.50050 -45.76460
-46.48830 -45.74050
-46.74670 -45.77080
-47.01760 -45.78170
-47.19020 -45.77680
-47.17930 -45.87720
-47.01760 -45.88430
-46.69430 -45.65080
-46.35900 -45.49990
-46.52300 -45.48690
-46.48360 -45.15790
-46.40760 -45.02700
-46.48810 -44.98240
-46.39680 -45.01400
-46.53110 -44.99420
-46.58360 -45.08730
-46.56010 -45.09130
-46.41470 -45.10200
-46.53890 -45.08350
-46.63590 -45.08270
-46.81820 -45.41170
-46.70620 -45.40250
-46.90830 -45.40880
-46.98650 -45.40030
-47.08110 -45.42120
-47.22430 -45.48220
-47.24310 -45.50390
-40.96550 -40.75300
-41.13990 -40.79470
-40.98200 -40.76970
-40.85120 -40.77420
-40.86540 -40.79900
-41.34790 -40.99510
-41.28740 -41.03230
-41.47840 -41.17750
-41.45290 -41.17240
-41.57920 -41.15900
-41.31560 -41.07660
-41.34420 -41.07720
-41.37210 -41.06890
-41.58180 -41.05760
-41.68170 -41.08140
-41.93220 -41.23600
-41.83230 -41.29580
-41.87020 -41.30330
-41.90470 -41.33420
-41.76460 -41.32880
-41.45190 -41.26310
-41.41580 -41.23230
-41.25450 -41.20080
-41.31440 -41.23970
-41.09680 -41.08300
-40.91520 -40.75390
-41.03280 -40.73050
-41.10750 -40.71330
-40.99950 -40.67880
-41.09650 -40.64010
-41.52750 -40.68810
-41.60770 -40.79920
-41.70640 -40.96950
-41.64820 -41.05350
-41.78770 -41.08740
-41.95350 -41.19950
-41.99240 -41.24510
-42.19540 -41.27490
-42.17650 -41.49340
-42.31340 -41.47410
-42.18320 -41.47930
-42.28090 -41.45840
-42.43480 -41.48570
-42.65940 -41.49190
-42.76770 -41.49410
-42.80170 -41.54760
-42.71110 -41.58790
-42.63100 -41.58390
-42.39030 -41.48670
-42.13380 -41.28760
-42.17620 -41.28360
-40.16730 -40.43070
-40.26920 -40.33360
-40.28210 -40.26750
-40.32650 -40.34250
-40.23850 -40.29090
-40.49160 -40.26000
-40.56620 -40.37150
-40.40820 -40.28890
-40.52400 -40.33440
-40.70010 -40.41920
-40.64490 -40.33770
-41.37350 -40.18500
-41.49880 -40.27770
-41.61590 -40.24960
-41.60170 -40.24340
-41.86920 -40.34910
-41.39450 -40.12780
-41.19490 -39.98220
-41.40160 -39.97640
-41.15810 -39.97120
-41.19450 -40.01940
-41.27500 -40.02930
-41.31970 -40.03550
-41.48460 -40.05160
-41.55840 -40.15320
-41.66660 -40.17310
-41.60330 -40.08510
-41.81320 -40.24330
-41.74090 -40.31600
-41.70920 -40.44270
-41.82890 -40.47530
-41.61670 -40.39450
-41.51560 -40.39060
-41.42920 -40.23650
-41.54560 -40.10960
-41.13250 -40.07920
-41.26440 -40.05450
-41.27130 -40.39160
-41.22920 -40.29180
-41.06100 -40.25810
-41.13750 -40.32720
-41.07730 -40.23900
-40.94250 -40.17630
-40.88640 -40.12260
-40.88490 -39.99960
-40.79690 -39.90020
-40.62360 -39.85540
-40.40200 -39.69550
-40.30820 -39.61940
-40.14250 -39.45000
-40.05860 -39.41860
-40.07960 -39.17210
-40.10080 -39.13120
-41.18860 -39.79950
-41.16660 -39.88880
-41.17810 -39.88940
-40.93270 -39.81640
-41.02110 -39.76540
-41.00680 -39.75600
-41.11980 -39.78340
-40.85660 -39.71930
-40.97550 -39.72350
-40.57330 -39.47300
-40.64310 -39.41950
-40.72160 -39.38710
-40.52610 -39.43910
-40.49410 -39.55220
-40.52680 -39.48920
-40.38950 -39.50980
-40.00270 -39.33150
-40.04080 -39.30240
-40.09980 -39.31700
-40.13370 -39.39470
-40.02960 -39.37430
-40.09210 -39.21850
-40.01410 -39.24340
-39.77930 -39.33140
-39.73230 -39.27500
-39.70050 -39.14700
-39.31640 -39.06300
-39.47700 -39.09350
-39.53800 -39.11970
-39.58310 -39.13820
-39.61400 -39.13320
-39.83340 -39.19420
-39.75320 -39.18290
-39.51570 -39.18030
-39.51590 -39.10530
-39.37410 -39.10740
-39.30360 -39.19580
-39.12770 -38.93890
-39.18270 -38.95600
-39.06230 -38.97790
-39.22350 -39.02520
-39.22700 -39.05880
-38.92900 -38.85280
-39.16940 -38.90410
-39.19090 -38.90750
-39.30700 -38.91560
-39.21300 -38.81520
-39.06070 -38.77030
-38.91170 -38.22310
-38.90980 -38.18580
-39.04410 -38.27180
-38.94700 -38.29620
-38.89860 -38.29980
-38.75970 -38.23810
-38.46510 -37.73330
-38.38090 -37.69040
-38.17730 -37.65990
-38.13210 -37.65160
-37.90240 -37.61580
-37.89220 -37.48260
-38.03450 -37.55230
-38.25260 -37.62490
-38.08810 -37.46950
-37.95990 -37.41010
-38.08090 -37.43980
-37.92380 -37.33800
-37.93570 -37.26800
-37.76800 -37.20600
-37.60870 -37.13670
-37.50380 -37.01080
-37.36930 -37.00870
-37.25520 -36.97470
-37.18260 -36.82670
-37.18120 -36.79580
-37.22790 -36.81810
-37.28170 -36.81070
-37.29820 -36.83400
-36.96780 -36.78220
-37.10190 -36.77900
-37.02020 -36.73460
-37.10380 -36.67810
-37.17050 -36.69520
-37.16640 -36.71160
-37.16680 -36.79090
-37.27640 -36.85990
-37.40020 -37.00080
-37.51220 -37.10780
-37.67430 -37.32740
-37.84050 -37.41010
-37.81640 -37.37120
-37.76090 -37.38620
-37.77980 -37.31480
-37.97920 -37.39160
-37.80760 -37.28780
-37.80320 -37.30130
-37.71940 -37.26750
-37.76390 -37.29870
-37.82210 -37.23180
-37.91070 -37.52850
-37.92640 -37.55760
-37.70690 -37.50440
-37.51540 -37.43980
-37.50800 -37.38460
-37.43960 -37.39370
-37.49980 -37.36620
-37.50030 -37.37750
-37.52330 -37.41110
-37.57070 -37.43630
-37.70120 -37.44420
-37.83830 -37.33150
-37.84430 -37.31700
-37.80170 -37.32270
-38.04860 -37.40690
-38.42820 -37.69180
-38.59020 -37.91920
-38.50870 -37.85550
-38.61930 -37.85850
-38.54740 -37.85660
-38.47540 -37.81830
-38.65100 -37.92960
-38.71150 -37.99760
-38.74520 -38.03030
-38.76680 -38.00880
-38.87570 -38.04990
-38.89470 -38.18560
-38.85630 -38.16700
-38.70760 -38.16130
-38.56720 -38.15440
-38.54280 -38.23680
-38.53660 -38.18530
-38.29760 -38.11450
-38.32280 -38.12890
-38.19200 -37.95640
-38.19770 -37.90730
-38.27450 -37.84000
-38.24810 -37.82640
-38.40250 -37.91090
-38.53990 -37.97300
-38.58530 -37.96730
-38.62340 -38.04680
-38.73040 -38.13640
-38.85220 -38.20510
-38.90620 -38.28640
-38.98860 -38.46260
-39.01610 -38.45480
-38.86370 -38.40160
-39.03170 -38.40270
-39.07350 -38.36610
-39.11820 -38.54260
-39.28790 -38.61930
-39.23940 -38.71970
-39.18160 -38.76560
-39.37710 -38.81870
-39.32640 -38.84170
-39.21870 -38.81810
-39.33670 -38.84670
-39.57380 -38.88520
-41.14710 -39.46110
-41.18400 -39.46760
-41.14200 -39.51910
-41.35060 -39.54140
-41.27010 -39.53960
-41.19860 -39.60220
-41.33750 -39.61650
-41.23660 -39.62190
-41.21960 -39.62410
-41.17190 -39.55830
-40.99660 -39.59480
-41.17240 -39.82940
-41.30080 -39.91690
-41.45010 -40.06090
-41.32370 -40.17320
-41.09370 -40.36370
-41.27700 -40.52560
-41.31650 -40.70110
-40.40190 -40.12650
-40.80630 -40.17430
-40.81680 -40.21970
-40.83730 -40.25090
-41.03080 -40.58340
-40.93450 -40.71180
-41.20000 -40.75960
-41.30630 -40.82760
-40.97800 -40.85210
-40.59820 -40.61360
-40.98160 -40.64340
-41.41810 -40.63370
-41.27740 -40.78610
-41.46560 -40.81100
-41.48920 -40.88210
-41.61750 -40.99910
-41.59260 -41.03650
-41.24920 -41.10500
-41.27920 -41.12810
-41.26740 -41.10940
-41.33730 -41.13580
-41.38390 -41.16160
-41.28260 -41.11550
-41.22690 -41.10450
-41.34400 -41.11190
-41.77240 -41.17290
-41.61500 -41.17870
-41.55670 -41.20170
-41.73530 -41.22480
-41.84820 -41.21580
-41.28100 -41.15070
-41.38390 -41.15090
-41.34140 -41.12970
-41.28800 -40.99250
-40.97500 -40.63940
-40.81490 -40.60670
-40.59300 -40.54680
-40.46090 -40.49310
-40.63520 -40.53520
-40.59660 -40.56830
-40.75990 -40.65270
-40.66550 -40.51880
-40.86310 -40.39830
-40.86840 -40.46870
-41.22630 -40.47750
-41.06230 -40.44740
-41.07400 -40.47120
-40.92650 -40.37340
-40.98140 -40.33260
-41.04250 -40.24850
-40.89240 -40.26780
-40.74850 -40.20570
-40.60520 -40.22960
-40.67820 -40.20040
-40.64320 -40.20210
-40.58870 -40.16970
-40.97900 -40.24130
-40.84720 -40.30160
-40.84980 -40.39800
-40.88920 -40.54170
-40.98410 -40.55370
-41.24620 -40.73660
-41.35750 -40.73660
-41.64020 -40.95530
-41.68260 -40.99980
-41.87380 -41.08160
-41.54850 -41.11090
-41.44860 -41.06240
-41.47600 -41.12420
-41.41660 -41.10900
-41.29490 -41.13430
-41.21260 -40.99510
-41.27360 -40.85470
-41.13280 -40.88550
-40.69760 -40.68700
-40.66580 -40.61890
-40.33020 -40.56400
-40.59960 -40.52320
-40.78340 -40.53520
-40.86950 -40.54650
-40.80420 -40.52320
-40.81850 -40.52650
-40.58850 -40.51980
-40.88660 -40.58510
-40.65130 -40.49180
-40.48360 -40.48970
-40.36910 -40.45360
-40.43310 -40.44190
-40.21500 -40.37400
-40.09210 -40.32850
-40.12860 -40.35560
-40.07270 -40.39420
-40.09890 -40.37520
-40.12770 -40.37480
-39.39570 -38.79400
-39.47620 -38.77830
-39.53400 -38.77260
-39.57460 -38.82710
-39.62940 -38.90250
-39.62080 -39.00850
-39.67160 -39.04270
-39.59300 -39.10130
-39.56420 -39.15020
-39.30830 -39.09290
-39.56160 -39.13480
-39.36460 -39.08690
-39.18780 -38.88280
-39.03690 -38.82900
-38.89050 -38.83200
-38.73980 -38.66180
-39.15240 -38.74430
-39.04650 -38.77410
-39.19760 -38.80110
-39.58260 -38.85800
-39.56680 -38.90540
-39.80480 -39.13450
-40.35110 -39.44160
-40.27830 -39.34210
-40.10380 -39.30950
-39.99960 -39.23260
-39.76310 -39.18890
-39.72910 -39.05660
-39.80060 -39.02690
-39.82430 -39.09070
-39.92310 -39.05390
-39.95060 -39.08910
-39.93880 -39.08830
-39.89340 -39.04090
-39.88600 -39.09930
-39.89570 -39.06100
-40.08500 -39.15860
-40.21200 -39.19910
-40.30640 -39.27180
-40.32930 -39.21290
-40.31930 -39.24000
-40.13420 -39.22000
-40.15690 -39.30090
-40.08460 -39.32440
-40.00300 -39.35770
-39.98950 -39.32770
-40.08760 -39.29050
-40.09630 -39.31850
-39.90760 -39.26900
-40.67370 -39.98760
-40.79700 -40.06230
-40.95990 -40.07910
-40.94830 -40.18850
-40.99230 -40.38420
-41.13400 -40.54500
-40.88160 -40.52280
-40.98550 -40.50930
-41.39510 -40.51380
-41.51930 -40.57250
-41.61080 -40.67140
-41.49130 -40.60770
-41.53770 -40.61640
-41.61600 -40.56260
-41.58240 -40.59630
-40.85640 -40.35210
-41.33830 -40.49980
-41.55100 -40.55410
-41.34360 -40.59910
-41.25340 -40.64750
-41.46950 -40.61560
-41.63510 -40.64260
-41.66220 -40.61960
-41.51010 -40.56720
-41.34250 -40.57840
-41.52510 -40.62330
-41.22450 -40.63030
-41.36040 -40.53830
-41.23260 -40.56800
-41.09010 -40.51250
-41.04250 -40.39630
-40.37860 -39.91030
-40.42050 -39.85710
-40.48200 -39.90670
-40.43120 -39.85300
-40.42300 -39.77320
-40.30240 -39.76880
-40.24150 -39.74330
-40.30260 -39.72650
-40.15090 -39.50840
-40.13930 -39.52250
-40.25350 -39.46390
-40.20360 -39.49310
-40.19520 -39.42150
-40.34690 -39.46670
-40.28720 -39.51580
-40.14190 -39.56280
-40.22500 -39.50780
-40.09270 -39.53560
-40.28660 -39.59410
-40.11580 -39.57680
-40.10610 -39.66380
-40.14350 -39.51080
-40.09950 -39.50050
-40.02410 -39.38740
-40.22050 -39.43730
-34.22370 -34.11640
-34.27400 -34.11360
-34.33100 -34.08660
-34.33710 -34.15660
-34.25650 -34.23650
-34.48980 -34.37740
-34.70510 -34.52280
-34.42720 -34.41180
-34.48570 -34.44060
-34.48500 -34.40330
-34.54130 -34.49060
-34.51680 -34.55660
-34.59700 -34.52700
-34.49260 -34.53560
-34.54010 -34.50960
-34.56450 -34.50340
-34.59460 -34.44350
-34.52420 -34.43130
-34.93720 -34.50410
-35.01610 -34.55120
-34.96580 -34.53520
-34.95270 -34.53100
-34.65690 -34.54830
-34.57890 -34.42500
-34.53240 -34.32010
-34.36970 -34.15520
-34.33700 -34.14530
-34.23840 -34.00390
-34.32750 -33.91670
-34.17190 -33.84850
-34.25040 -33.88030
-34.30590 -33.83280
-34.40740 -33.81280
-34.47990 -33.99130
-34.44200 -34.06160
-34.48180 -34.08230
-34.37370 -34.11470
-34.44290 -34.23920
-34.58800 -34.41940
-34.60950 -34.41580
-34.67190 -34.38850
-34.69460 -34.47290
-34.76960 -34.41760
-34.71270 -34.45260
-34.79240 -34.33790
-34.93340 -34.50230
-34.79700 -34.43910
-34.79380 -34.39480
-34.65860 -34.37540
-34.46850 -34.30920
-34.43140 -34.26480
-34.53740 -34.21380
-34.57520 -34.13860
-34.71480 -34.17660
-36.06020 -34.65620
-36.17460 -35.18400
-36.17570 -35.33170
-36.06880 -35.30830
-36.10700 -35.40290
-36.19000 -35.45140
-36.33260 -35.44120
-36.45890 -35.54750
-36.54560 -35.56610
-36.61430 -35.76170
-36.60060 -35.74640
-36.42020 -35.69180
-36.59390 -35.61180
-36.37230 -35.61920
-36.59660 -35.60700
-36.50680 -35.69190
-36.45040 -35.69770
-36.44030 -35.69100
-36.57430 -35.69620
-36.52910 -35.69460
-36.48580 -35.69290
-36.53460 -35.70220
-36.23580 -35.53310
-36.34830 -35.53900
-36.42110 -35.53240
-36.44670 -35.54310
-36.75060 -35.58950
-36.69630 -35.60140
-36.58340 -35.72810
-36.55280 -35.70840
-36.47520 -35.62580
-36.43290 -35.64940
-36.21000 -35.67700
-36.03810 -35.66560
-36.12470 -35.43940
-36.25950 -35.44870
-36.39650 -35.46840
-36.14790 -35.54570
-36.07860 -35.59430
-35.87780 -35.38290
-35.90530 -35.38260
-35.95070 -35.37610
-35.79440 -35.36960
-35.66480 -35.35530
-35.65330 -35.34560
-35.65700 -35.28890
-35.43120 -35.16620
-35.18810 -35.04210
-35.06530 -34.97790
-34.97280 -34.91880
-35.11760 -34.93000
-35.20570 -34.93580
-35.12330 -34.89800
-35.16160 -34.86460
-35.38210 -34.87360
-35.72110 -34.37240
-35.76170 -34.33690
-35.69780 -34.46320
-35.54120 -34.48080
-35.66240 -34.29230
-35.66090 -34.26080
-35.68050 -34.36490
-35.42990 -34.29380
-35.37420 -34.26960
-35.40330 -34.17960
-35.41570 -34.15100
-35.55940 -34.12990
-35.84660 -34.29450
-35.86730 -34.43890
-35.88100 -34.47920
-35.90220 -34.47400
-35.84010 -34.43430
-35.58100 -34.45920
-35.52810 -34.42310
-35.44680 -34.49270
-35.45620 -34.49770
-35.45790 -34.55360
-35.40090 -34.48790
-35.35550 -34.44350
-35.51890 -34.37220
-35.54170 -34.33760
-35.45440 -34.35160
-35.44920 -34.40540
-35.36370 -34.43820
-35.23760 -34.43390
-35.21700 -34.38780
-35.29140 -34.38570
-35.24480 -34.37110
-35.24410 -34.33830
-35.21420 -34.26490
-35.06580 -34.26660
-35.21240 -34.29910
-35.28500 -34.28100
-35.53760 -34.39940
-35.39970 -34.41580
-35.43690 -34.35370
-35.30910 -34.35560
-35.25790 -34.44920
-35.21830 -34.24720
-35.24640 -34.24030
-35.13160 -34.24110
-35.05260 -34.20710
-35.39730 -34.39690
-35.28060 -34.34990
-35.29710 -34.34320
-35.20500 -34.30810
-35.09950 -34.20240
-35.29730 -34.25390
-35.31380 -34.26000
-35.36500 -34.24220
-35.40460 -34.17750
-35.22910 -34.14510
-35.37900 -34.30040
-35.35530 -34.33240
-35.35670 -34.36350
-35.40200 -34.32800
-35.32690 -34.34820
-35.27930 -34.36520
-35.31950 -34.40070
-35.31490 -34.35200
-35.21070 -34.19240
-35.10240 -34.11100
-34.99460 -34.10300
-35.05190 -34.09450
-34.67100 -33.92620
-34.68800 -33.90280
-34.76320 -33.96240
-34.91890 -34.01950
-34.84200 -34.01860
-34.96380 -33.94550
-34.80060 -33.89180
-34.67630 -33.79600
-34.46720 -33.75250
-34.51150 -33.76990
-34.41870 -33.61590
-34.28700 -33.54620
-34.33060 -33.57250
-34.29110 -33.61210
-34.31390 -33.62560
-34.27880 -33.60720
-34.32720 -33.63940
-34.29750 -33.64010
-34.21500 -33.69130
-34.02180 -33.71600
-34.02710 -33.60690
-34.05330 -33.59580
-33.96120 -33.66000
-33.96080 -33.53430
-34.21600 -33.49950
-34.20440 -33.50790
-34.33860 -33.58150
-34.37830 -33.54460
-34.40900 -33.57550
-34.42410 -33.63970
-34.51400 -33.63290
-34.55290 -33.67680
-34.95110 -34.08670
-35.01950 -34.15650
-35.02460 -34.16160
-35.07650 -34.18870
-34.98190 -34.16480
-35.10490 -34.25920
-35.13270 -34.25640
-35.12380 -34.22690
-35.16190 -34.24550
-35.06790 -34.19710
-33.18850 -33.49610
-32.82900 -32.82150
-32.83600 -32.59490
-32.83040 -32.63430
-32.99760 -32.52530
-32.99340 -32.52460
-33.11830 -32.55490
-33.15070 -32.55810
-33.10820 -32.56500
-33.26040 -32.62940
-33.53510 -32.80320
-33.71720 -32.99380
-33.72660 -33.04530
-33.61120 -33.04340
-33.78400 -33.11230
-33.71840 -33.08670
-33.81650 -33.07290
-33.72520 -33.09290
-34.06850 -33.15400
-33.97280 -33.13130
-33.99430 -33.20820
-34.08090 -33.23830
-33.99790 -33.36290
-33.92780 -33.35500
-33.84050 -33.36400
-33.67860 -33.33860
-33.61660 -33.28910
-33.44140 -33.14040
-33.35910 -33.07460
-33.36860 -33.01230
-33.37720 -32.97020
-33.40360 -32.93160
-33.37880 -32.94630
-33.47790 -32.99880
-33.90690 -33.39860
-33.79680 -33.42300
-33.78910 -33.41180
-33.91430 -33.42420
-33.93510 -33.39940
-33.97960 -33.44470
-33.96560 -33.43490
-33.93700 -33.44260
-34.06000 -33.46520
-34.07920 -33.43670
-34.09660 -33.45440
-34.15220 -33.45730
-34.11020 -33.50150
-34.07120 -33.61190
-34.03390 -33.62130
-33.99000 -33.67310
-34.00850 -33.64820
-34.18590 -33.68570
-34.19720 -33.68780
-34.34710 -33.74120
-34.31070 -33.90550
-34.17720 -33.98460
-34.39950 -34.00960
-34.32410 -34.01940
-34.29790 -34.09930
-34.29820 -34.13950
-34.17220 -34.08110
-34.24060 -33.94190
-34.09690 -33.98100
-34.15850 -33.94070
-34.22330 -33.98070
-34.32010 -34.01130
-34.46830 -34.04880
-34.22870 -33.99330
-34.05720 -33.95830
-33.97060 -33.88720
-33.84620 -33.86760
-33.84270 -33.78590
-33.49490 -33.38710
-33.54700 -33.40850
-33.78740 -33.45550
-33.84010 -33.54660
-33.83460 -33.64520
-33.90250 -33.71350
-33.86630 -33.74840
-34.03400 -34.10330
-33.93650 -34.25500
-33.86640 -34.25310
-33.85010 -34.11980
-33.93840 -34.00800
-34.02880 -33.98850
-33.99220 -33.98680
-34.13860 -34.07460
-34.03850 -34.06810
-33.96080 -34.09740
-33.99350 -34.22480
-33.96640 -34.21260
-33.83360 -34.27690
-33.94750 -34.28260
-33.92500 -34.25530
-34.03120 -34.30790
-34.11980 -34.33460
-34.01550 -34.34660
-34.06340 -34.33730
-34.22300 -34.32320
-34.30820 -34.32030
-34.34350 -34.35240
-34.30640 -34.40390
-34.32450 -34.67030
-34.14940 -34.63230
-34.23030 -34.62860
-34.14020 -34.61200
-34.23820 -34.57030
-34.13590 -34.52250
-34.13580 -34.55910
-34.10460 -33.88210
-33.93450 -33.86430
-33.82020 -33.82930
-33.81740 -33.74490
-33.91550 -33.72030
-33.86830 -33.64950
-33.79420 -33.70460
-33.95700 -33.74070
-33.95460 -33.77380
-33.86190 -33.70410
-33.82600 -33.69570
-33.83890 -33.64580
-33.89250 -33.62090
-33.66960 -33.64880
-33.62100 -33.56480
-33.78820 -33.59730
-33.79040 -33.72210
-33.86430 -33.92790
-33.81230 -33.92240
-33.80250 -33.89140
-33.92770 -33.93460
-33.91610 -33.96130
-34.03040 -33.91710
-33.99450 -33.91120
-34.10840 -33.95630
-34.21240 -34.06360
-34.33450 -34.09900
-34.34430 -34.11070
-34.42930 -34.18850
-34.19310 -34.24300
-34.12190 -34.18600
-34.35250 -34.19700
-34.34580 -34.18960
-34.22320 -34.13630
-34.28380 -34.09730
-34.14030 -34.09340
-34.01420 -34.13090
-34.06520 -34.05130
-33.92190 -34.01010
-34.02630 -33.97090
-34.20790 -33.99480
-34.06580 -34.03670
-33.79530 -34.06100
-33.75650 -34.02230
-34.03040 -34.09570
-33.88210 -34.06860
-33.91260 -34.11550
-34.02840 -34.09210
-33.94800 -34.09680
-33.72490 -33.90930
-33.73360 -33.92110
-33.73050 -33.87290
-33.69930 -33.84520
-33.66120 -33.85250
-34.46430 -33.87780
-34.49880 -33.99280
-34.54170 -33.94310
-34.49270 -34.10830
-34.45050 -34.12410
-34.48260 -34.15130
-34.18000 -34.15140
-34.45360 -34.18580
-34.50980 -34.18680
-34.37750 -34.22640
-34.31620 -34.27800
-34.38570 -34.31080
-34.29730 -34.22440
-34.04520 -34.26200
-34.07650 -34.27660
-34.05640 -34.19490
-33.97680 -33.99420
-33.77920 -33.87560
-33.80630 -33.87280
-33.64300 -33.84370
-33.64190 -33.87320
-33.66690 -33.86670
-33.97250 -33.92070
-34.15850 -33.88680
-33.96620 -33.91670
-34.05390 -33.93770
-34.44640 -34.01080
-34.58280 -34.20740
-34.86600 -34.37390
-34.87000 -34.41010
-35.11950 -34.43520
-35.09670 -34.38260
-34.99500 -34.59730
-35.08410 -34.51670
-35.06690 -34.46080
-34.73280 -34.42960
-34.56030 -34.30950
-34.52860 -34.31090
-34.62680 -34.29740
-34.51530 -34.26620
-34.17500 -34.15140
-34.22510 -34.13030
-34.33980 -34.19220
-34.13920 -34.01110
-34.10390 -33.97940
-34.09510 -33.95310
-34.00260 -33.92300
-34.04410 -33.90810
-34.27250 -33.84520
-34.39740 -33.88480
-34.42150 -33.92090
-34.49410 -33.96710
-34.18360 -34.04860
-34.26980 -34.06430
-34.22370 -33.97680
-34.21920 -33.99330
-33.85950 -33.51090
-33.87670 -33.44130
-34.04730 -33.47160
-34.03100 -33.47460
-34.10720 -33.54450
-34.04500 -33.55530
-34.08840 -33.59100
-34.07700 -33.65570
-34.11210 -33.60370
-34.28580 -33.60120
-34.37320 -33.64030
-34.55590 -33.74030
-34.42030 -33.77240
-34.53070 -33.74270
-34.45600 -33.74840
-34.16940 -33.70550
-34.13040 -33.65580
-34.04400 -33.47320
-34.18950 -33.48360
-34.09810 -33.66600
-34.15090 -33.60010
-33.95610 -33.65290
-33.74670 -33.61080
-34.04560 -33.62450
-34.27240 -33.63750
-34.40140 -33.63340
-34.38510 -33.61660
-34.57990 -33.63980
-33.95580 -33.47660
-33.92070 -33.42000
-34.03330 -33.34840
-34.01180 -33.28550
-34.01050 -33.25940
-33.89980 -33.19380
-33.71970 -33.11620
-33.74250 -33.13380
-33.67700 -33.13420
-33.65370 -33.11740
-33.75750 -32.98490
-33.72850 -33.11940
-33.80050 -33.15830
-33.81130 -33.18090
-33.72730 -33.16480
-33.86940 -33.17690
-33.75370 -33.13070
-33.95190 -33.18910
-33.95000 -33.17250
-34.13620 -33.19920
-29.78440 -29.90670
-30.19280 -30.00330
-30.24260 -30.11980
-30.29700 -30.17300
-30.35070 -30.15570
-30.45450 -30.17040
-30.25370 -30.17490
-30.28140 -30.17700
-30.23830 -30.18480
-30.29240 -30.15350
-30.41590 -30.17310
-30.57270 -30.17920
-30.60070 -30.17520
-30.67080 -30.26190
-30.58410 -30.26480
-30.58190 -30.25920
-30.33630 -30.26030
-30.29330 -30.24760
-30.26880 -30.23830
-30.15970 -30.23740
-30.22800 -30.24600
-30.06450 -30.10300
-30.04520 -30.00990
-29.92640 -29.94180
-29.98720 -29.87900
-29.94210 -29.81540
-30.00240 -29.75790
-30.08260 -29.72790
-30.34160 -29.75720
-30.39670 -29.84230
-30.36220 -30.00470
-30.30660 -30.04190
-30.46670 -30.15930
-30.42160 -30.18550
-30.45990 -30.20790
-30.51690 -30.20530
-30.53520 -30.20570
-30.49040 -30.21370
-30.57110 -30.21620
-30.68970 -30.21950
-30.70740 -30.23230
-30.77620 -30.20120
-30.75080 -30.23440
-30.74570 -30.22940
-30.85100 -30.26320
-31.06130 -30.34380
-31.11530 -30.32440
-31.02950 -30.35980
-30.91510 -30.36320
-30.73160 -30.36740
-30.78730 -30.31440
-30.80240 -30.32770
-30.85860 -30.31710
-30.96740 -30.35800
-30.80260 -30.31170
-30.85220 -30.35360
-30.92840 -30.36850
-30.96100 -30.37740
-30.89740 -30.37810
-30.86550 -30.43630
-30.95010 -30.45900
-31.07950 -30.46210
-31.20190 -30.47140
-31.26690 -30.50980
-31.45360 -30.52100
-31.45910 -30.65900
-31.43370 -30.68490
-31.29840 -30.62740
-31.26310 -30.56210
-31.16610 -30.50590
-31.21140 -30.48790
-31.23470 -30.49360
-31.25740 -30.51080
-31.16640 -30.48910
-31.28360 -30.48990
-31.29120 -30.54560
-31.36770 -30.54550
-31.22530 -30.54040
-31.19920 -30.49550
-31.47960 -30.51220
-31.56010 -30.52640
-31.67020 -30.54650
-31.82020 -30.53090
-31.75830 -30.63610
-31.64260 -30.73390
-31.70260 -30.71900
-31.56230 -30.63270
-31.55400 -30.65150
-31.37780 -30.66990
-31.43320 -30.65330
-31.39510 -30.62260
-31.40050 -30.64410
-31.38630 -30.71520
-31.15370 -30.48390
-31.20000 -30.47660
-31.08710 -30.46090
-30.95790 -30.45570
-30.99530 -30.43580
-31.00360 -30.44070
-31.01970 -30.41090
-30.92930 -30.37450
-30.81500 -30.34850
-30.71670 -30.29590
-30.67870 -30.28090
-30.55460 -30.16670
-30.51590 -30.14420
-30.57890 -30.13850
-30.48490 -30.05610
-30.56730 -29.98140
-30.98400 -29.74320
-31.00910 -29.74050
-30.98860 -29.90260
-30.97370 -29.97790
-30.90770 -29.93140
-30.71830 -29.85430
-30.76970 -29.70170
-30.78390 -29.70820
-30.85710 -29.67290
-30.86960 -29.68640
-30.83980 -29.66290
-30.83510 -29.73850
-30.86640 -29.74720
-30.90510 -29.71890
-30.79380 -29.76440
-30.78500 -29.84450
-30.84670 -29.84550
-31.00630 -29.83400
-31.05500 -29.80060
-31.06730 -29.86040
-31.08230 -29.88830
-31.04260 -29.99480
-31.09300 -30.02760
-31.04310 -29.98900
-30.98760 -29.98620
-30.85580 -29.95730
-30.96170 -29.90010
-30.89430 -29.92650
-30.71240 -29.91990
-30.66910 -29.87050
-30.72770 -29.86390
-30.68710 -29.85780
-30.58550 -29.83490
-30.59790 -29.75280
-30.80990 -29.81450
-30.74950 -29.81160
-30.58420 -29.80430
-30.49180 -29.77610
-30.34920 -29.82880
-30.29350 -29.77860
-30.28660 -29.75590
-30.26580 -29.66650
-30.47110 -29.73860
-30.26730 -29.62190
-30.34510 -29.70110
-30.26250 -29.64330
-30.18370 -29.60470
-30.11710 -29.56500
-30.00240 -29.46810
-30.19270 -29.52250
-30.20630 -29.52460
-30.25300 -29.54630
-30.31460 -29.51110
-30.21590 -29.41340
-30.05490 -29.33830
-30.07370 -29.35080
-28.76830 -28.29780
-28.66510 -28.24390
-28.70630 -28.28120
-28.61380 -28.13710
-28.55430 -28.12120
-28.51700 -28.05010
-28.52260 -28.04710
-28.60290 -27.99840
-28.45460 -27.96990
-28.41910 -27.95280
-28.32560 -27.94830
-28.26150 -27.98110
-28.34300 -27.93850
-28.34630 -27.92400
-28.40440 -27.95830
-28.41970 -27.96770
-28.49700 -27.97560
-28.58720 -27.96730
-28.51180 -27.94440
-28.45020 -27.91320
-28.44660 -27.86350
-28.54920 -27.84190
-28.41210 -27.79520
-28.17830 -27.57270
-27.92730 -27.44040
-27.82620 -27.33590
-27.82750 -27.28650
-27.82190 -27.26800
-27.78260 -27.31330
-27.77320 -27.29570
-27.82420 -27.29860
-27.70190 -27.36820
-27.59150 -27.25240
-27.57960 -27.22530
-27.51050 -27.32200
-27.46670 -27.26480
-27.65620 -27.23510
-27.58380 -27.25270
-27.70310 -27.33770
-27.77030 -27.43470
-27.96790 -27.62070
-28.06450 -27.58980
-28.09520 -27.63670
-28.16400 -27.61720
-28.16310 -27.59510
-28.17670 -27.77090
-28.20770 -27.73810
-28.40790 -27.74610
-29.58110 -28.64930
-29.22850 -28.95270
-29.22740 -28.99280
-29.21990 -29.01930
-29.22230 -29.03540
-29.42000 -29.07520
-29.43610 -29.02910
-29.46070 -29.04750
-29.66880 -29.18370
-29.84060 -29.45900
-29.91510 -29.50990
-29.79210 -29.46150
-29.94570 -29.49760
-29.87950 -29.45210
-29.93810 -29.46360
-29.93130 -29.46480
-29.90950 -29.45850
-29.83490 -29.40930
-29.96450 -29.42450
-29.94420 -29.49380
-29.93700 -29.45350
-29.93530 -29.44630
-30.01270 -29.47200
-29.95340 -29.59400
-29.77040 -29.52020
-29.67350 -29.54770
-29.49060 -29.42190
-29.50860 -29.43890
-29.43660 -29.32400
-29.54720 -29.22760
-29.59420 -29.21490
-29.56560 -29.25010
-29.65030 -29.30000
-29.67090 -29.30110
-29.72310 -29.40780
-29.80340 -29.47800
-29.89850 -29.56150
-29.79860 -29.58320
-29.88120 -29.59730
-29.94790 -29.59350
-29.85770 -29.62560
-30.05690 -29.64660
-30.06170 -29.73140
-30.18670 -29.82530
-30.10300 -29.81930
-30.12880 -29.79890
-30.23680 -29.88080
-30.31180 -29.88450
-30.29590 -29.97180
-30.27790 -30.02000
-30.34430 -30.04460
-30.33520 -30.05720
-30.25530 -30.08270
-30.31850 -29.98100
-30.55370 -30.05030
-30.46340 -30.09450
-30.38660 -30.07840
-30.54580 -30.03420
-30.54590 -30.24400
-30.40660 -30.24190
-30.07840 -29.98320
-30.02070 -29.95220
-29.85110 -29.91560
-29.80810 -29.91320
-29.82580 -29.92320
-29.99450 -29.99900
-30.05500 -30.00740
-30.18600 -30.05480
-30.25780 -30.05550
-30.12970 -30.08890
-30.23640 -30.10220
-30.42820 -30.20480
-30.17120 -30.15540
-30.13740 -30.11180
-30.05410 -30.10510
-30.34040 -30.12100
-30.52470 -30.11700
-30.43070 -30.09230
-30.43780 -30.10790
-30.35430 -30.11560
-30.46140 -30.11800
-30.51910 -30.14390
-30.43240 -30.25710
-30.45140 -30.27440
-30.43420 -30.26160
-30.43700 -30.27660
-30.61400 -30.34330
-30.60870 -30.34310
-30.46040 -30.37850
-30.51840 -30.37870
-30.69710 -30.42900
-30.76120 -30.43100
-30.82520 -30.42950
-30.85660 -30.44090
-30.72160 -30.44400
-30.50180 -30.43590
-30.46730 -30.37950
-30.47670 -30.35260
-29.97420 -29.69280
-30.03930 -29.66590
-30.03720 -29.69810
-30.07060 -29.72860
-30.08310 -29.80950
-30.05790 -29.77880
-30.02230 -29.77900
-30.00900 -29.78530
-30.07940 -29.78020
-29.91100 -29.68670
-29.88460 -29.66140
-29.72080 -29.59530
-29.67960 -29.61030
-29.70170 -29.58510
-29.68990 -29.58970
-29.79090 -29.65770
-29.72410 -29.65760
-29.75060 -29.64310
-29.92460 -29.70330
-29.89990 -29.71290
-30.00340 -29.85340
-30.00110 -29.86430
-30.15410 -29.89710
-30.27350 -29.95600
-30.27120 -29.99450
-30.28120 -30.02010
-30.65270 -30.18630
-30.73510 -30.18730
-30.75940 -30.21350
-30.61180 -30.23740
-30.61900 -30.19660
-30.66990 -30.19020
-30.63290 -30.18910
-30.55830 -30.18560
-30.54020 -30.13500
-30.52980 -30.12020
-30.61210 -30.13800
-30.46000 -30.14280
-30.66670 -30.12540
-30.70900 -30.20400
-30.78940 -30.17760
-30.62240 -30.18100
-30.49740 -30.22000
-30.40220 -30.16360
-30.43330 -30.13910
-30.24510 -30.10640
-30.28020 -30.13830
-30.23270 -30.11980
-30.32610 -30.14990
-30.30390 -30.16170
-30.35590 -30.12090
-30.41960 -29.70230
-30.45690 -29.67860
-30.50130 -29.66180
-30.46720 -29.70510
-30.45100 -29.71380
-30.20350 -29.71670
-30.14030 -29.68240
-30.18850 -29.71240
-30.34040 -29.63620
-30.20150 -29.61410
-30.39620 -29.64970
-30.49740 -29.68590
-30.24970 -29.70540
-30.06280 -29.69690
-29.93760 -29.60700
-29.82870 -29.39300
-29.68500 -29.31490
-29.72490 -29.35930
-29.93140 -29.34810
-29.81020 -29.36270
-30.62010 -29.74430
-30.66040 -29.76650
-30.67900 -29.75720
-30.91340 -29.76850
-30.99000 -29.96710
-30.89010 -29.99630
-30.79160 -29.96270
-30.67550 -29.92890
-30.72110 -29.93650
-30.70450 -29.93640
-30.51600 -29.94750
-30.31080 -29.72450
-30.38850 -29.67250
-30.32890 -29.68690
-30.21280 -29.67890
-30.00440 -29.55850
-30.05320 -29.56470
-30.00360 -29.52720
-29.93900 -29.48590
-29.95650 -29.51320
-30.26670 -29.52260
-30.29160 -29.55130
-30.10670 -29.53450
-30.01440 -29.49050
-29.71330 -29.46680
-29.76490 -29.43510
-29.85020 -29.45140
-29.95990 -29.46860
-30.03960 -29.53770
-30.10320 -29.58350
-30.09540 -29.64280
-30.14240 -29.60130
-30.13400 -29.62340
-29.91330 -29.61160
-30.21450 -29.60340
-30.23440 -29.60170
-30.11310 -29.62780
-30.33230 -29.70750
-30.21940 -29.69370
-30.23400 -29.66890
-30.19280 -29.72870
-29.85380 -29.51340
-29.99400 -29.50950
-30.38780 -29.64190
-30.27990 -29.70340
-30.22330 -29.72220
-30.12800 -29.76560
-30.08970 -29.73290
-30.23350 -29.75390
-30.19700 -29.75870
-29.96260 -29.77500
-29.92130 -29.76870
-30.43920 -29.83700
-30.54610 -29.89360
-30.34330 -29.82950
-30.19910 -29.81080
-29.98960 -29.68120
-29.84480 -29.63960
-29.70650 -29.58420
-29.70640 -29.43990
-29.45270 -29.17810
-29.52250 -29.16970
-29.44850 -29.14030
-29.53840 -29.22880
-29.66190 -29.30700
-29.57910 -29.35290
-29.51320 -29.35970
-29.69170 -29.37880
-29.64220 -29.33770
-29.63090 -29.35420
-29.57850 -29.31170
-29.74380 -29.33730
-25.75090 -25.61830
-25.80660 -25.60840
-25.91260 -25.62250
-26.02440 -25.88460
-26.05740 -25.93140
-26.09070 -25.94920
-26.12530 -25.96220
-26.07350 -25.98180
-25.90960 -25.92110
-25.95690 -25.87440
-25.97260 -25.88150
-25.99430 -25.86500
-26.12390 -25.86320
-26.00690 -25.84870
-26.06870 -25.84670
-26.20570 -25.84540
-26.42850 -25.96780
-26.37800 -26.00700
-26.37400 -26.02380
-26.30120 -26.02960
-26.14100 -26.02440
-26.10820 -26.00880
-26.09160 -25.99970
-25.98690 -25.99110
-25.93910 -25.93790
-25.86340 -25.77950
-25.76630 -25.67120
-25.77270 -25.68900
-25.84170 -25.65590
-25.77350 -25.60430
-25.87360 -25.72760
-25.85390 -25.70580
-25.94200 -25.75200
-25.99440 -25.80350
-26.02110 -25.82040
-26.05530 -25.84710
-26.05030 -25.87070
-26.11710 -25.86630
-26.21460 -25.86650
-26.17690 -25.94710
-26.29200 -25.89800
-26.57530 -25.95210
-26.47040 -25.98400
-26.45260 -25.99050
-26.30720 -25.93290
-26.35870 -25.86440
-26.46050 -25.90780
-26.31190 -25.90690
-26.34300 -25.94280
-26.42170 -25.98900
-26.44470 -25.97140
-26.37410 -25.97370
-26.56780 -25.96380
-26.55370 -26.02900
-26.60960 -26.04740
-26.72920 -26.08060
-26.55950 -26.04150
-26.73780 -26.08930
-26.96830 -26.15240
-27.03450 -26.15540
-26.89740 -26.16000
-27.04900 -26.19630
-27.00860 -26.21830
-27.19770 -26.34730
-27.20020 -26.34920
-27.17290 -26.37960
-27.25670 -26.38920
-27.26850 -26.37800
-27.36710 -26.38780
-27.27300 -26.41560
-27.30680 -26.45020
-27.16720 -26.44310
-27.12430 -26.42650
-27.11010 -26.43760
-27.09240 -26.42800
-27.17960 -26.43570
-27.54670 -26.45170
-27.61340 -26.53100
-27.53080 -26.53910
-27.57140 -26.51470
-27.47690 -26.51610
-27.37870 -26.52230
-27.35870 -26.51220
-27.68250 -26.52250
-27.50870 -26.49470
-27.45350 -26.45590
-27.51980 -26.47250
-27.71680 -26.58090
-27.65740 -26.55790
-27.62130 -26.53130
-27.54830 -26.53540
-27.52320 -26.50400
-27.55720 -26.52210
-27.45600 -26.47910
-27.47320 -26.41370
-27.44430 -26.39390
-27.31530 -26.33550
-27.27500 -26.33980
-27.15760 -26.32720
-27.08090 -26.28420
-27.25240 -26.22240
-27.27700 -26.23970
-25.78680 -25.60980
-25.79330 -25.47810
-25.79030 -25.35950
-25.62370 -24.84210
-25.57660 -24.83100
-25.49530 -24.80200
-25.47110 -24.77820
-25.32680 -24.73130
-25.31340 -24.70260
-25.36290 -24.58220
-25.43390 -24.54570
-25.29360 -24.65280
-25.35030 -24.64960
-25.47260 -24.63840
-25.46890 -24.75310
-25.44480 -24.76630
-25.48210 -24.77030
-25.33510 -24.75760
-25.25310 -24.76810
-25.20050 -24.73590
-25.17290 -24.75930
-25.18480 -24.73350
-25.26290 -24.73620
-25.28980 -24.76570
-25.20140 -24.76790
-25.24680 -24.63430
-25.24390 -24.58220
-25.19080 -24.59540
-25.07440 -24.66400
-25.07710 -24.63300
-25.10760 -24.61300
-24.85430 -24.52970
-24.95690 -24.55810
-25.10640 -24.56940
-25.12990 -24.56960
-25.23040 -24.64420
-25.07950 -24.65760
-25.07730 -24.68070
-24.99180 -24.63050
-24.82240 -24.64880
-24.76940 -24.60980
-24.78710 -24.58270
-24.82890 -24.61690
-24.82320 -24.59140
-24.89190 -24.59810
-24.94570 -24.53810
-25.02290 -24.60540
-24.92720 -24.57050
-24.84960 -24.55950
-24.80850 -24.53720
-24.80340 -24.42860
-24.71000 -24.39560
-24.73600 -24.34370
-24.61700 -24.26380
-24.64400 -24.29400
-25.76760 -24.62160
-25.77940 -24.61730
-25.88370 -24.85410
-25.84930 -25.11450
-25.85910 -25.24360
-25.77820 -25.22880
-25.82370 -25.23410
-25.76140 -25.24360
-25.72430 -25.18810
-25.63350 -25.07250
-25.58450 -24.97800
-25.41250 -24.94130
-25.31280 -24.92010
-25.27070 -24.94350
-25.27380 -24.90060
-25.28270 -24.87340
-25.34050 -24.92760
-25.46200 -24.94920
-25.39220 -24.92030
-25.18050 -24.76290
-25.08590 -24.67790
-25.01010 -24.53370
-24.90090 -24.46950
-24.78750 -24.36920
-24.83240 -24.39990
-24.79180 -24.41630
-24.76000 -24.39720
-24.73030 -24.45020
-24.59150 -24.46770
-24.63890 -24.40590
-24.56500 -24.44920
-24.49760 -24.40250
-24.66320 -24.38760
-24.76740 -24.38630
-24.75620 -24.39500
-24.77600 -24.44340
-24.84820 -24.55520
-24.92360 -24.67080
-25.05710 -24.68290
-25.15880 -24.65640
-25.15310 -24.74060
-25.10780 -24.78120
-25.13930 -24.74030
-25.25210 -24.77960
-25.20770 -24.78440
-25.23890 -24.81220
-25.17100 -24.78320
-25.29030 -24.78070
-25.94020 -25.28040
-25.75490 -25.34170
-25.81490 -25.37880
-25.83040 -25.39680
-25.86440 -25.39780
-25.85270 -25.50620
-25.94760 -25.53250
-25.93960 -25.47030
-25.94970 -25.50990
-25.87880 -25.50730
-25.89560 -25.49870
-26.16660 -25.64890
-26.24340 -25.72930
-26.20290 -25.81200
-26.30250 -25.86360
-26.30140 -25.82980
-26.25860 -25.80690
-26.25260 -25.81040
-26.20270 -25.76890
-26.29880 -25.77530
-26.42800 -25.83350
-26.36100 -25.81470
-26.40230 -25.88450
-26.44260 -25.92650
-26.50540 -25.94950
-26.47260 -25.95390
-26.44360 -25.97110
-26.40160 -25.97590
-26.38000 -25.99410
-26.30670 -25.99700
-26.24820 -25.98940
-25.98500 -25.72720
-26.07660 -25.66240
-25.95670 -25.60760
-26.04610 -25.70200
-26.29460 -25.88930
-26.36610 -25.93510
-26.44840 -25.96640
-26.33410 -25.95090
-26.41520 -25.99930
-26.47500 -26.00400
-26.44680 -25.95360
-26.45500 -25.96260
-26.42320 -25.95200
-26.33690 -25.93100
-26.35070 -25.94270
-26.36920 -25.94290
-26.30110 -25.92550
-26.30090 -25.94200
-26.31420 -25.97100
-26.33150 -25.94920
-26.37330 -25.94200
-26.35100 -25.93940
-26.45400 -25.92970
-26.45600 -26.03360
-26.39010 -26.03920
-26.43620 -26.06270
-26.31900 -26.07700
-26.29640 -26.08890
-26.22690 -26.06800
-26.26290 -26.06180
-26.35980 -26.06260
-26.46320 -26.05170
-26.43090 -26.03770
-26.39570 -26.06050
-26.36980 -26.05590
-26.40460 -26.06310
-26.45200 -26.05280
-26.52620 -26.06860
-26.47530 -26.11080
-26.34410 -26.10090
-26.12510 -25.94600
-25.98190 -25.86590
-25.96240 -25.84240
-25.97460 -25.85750
-26.10660 -25.86270
-26.14530 -25.88640
-26.17320 -25.89330
-26.18410 -25.93250
-26.36780 -26.05990
-26.24690 -26.08690
-26.31940 -26.08810
-26.37770 -26.11290
-26.17590 -26.12320
-26.17590 -26.11700
-26.05900 -26.05490
-26.38790 -26.04830
-26.32130 -26.05870
-26.26730 -26.08430
-26.13650 -26.06900
-26.37500 -26.13570
-26.37880 -26.15720
-26.27500 -26.17120
-26.41810 -26.17770
-26.50550 -26.23170
-26.51290 -26.22540
-26.59920 -26.24390
-26.50830 -26.25780
-26.80690 -26.40920
-26.91680 -26.47400
-26.81970 -26.48680
-26.67950 -26.41830
-26.66110 -26.40990
-26.72880 -26.42280
-26.66400 -26.41240
-26.63800 -26.41610
-26.56400 -26.20230
-26.46050 -26.10300
-26.46220 -26.11380
-26.37800 -26.10560
-26.39190 -26.04840
-26.49360 -26.05530
-26.47760 -26.06170
-26.45030 -26.08940
-26.43100 -26.09140
-26.44910 -26.08930
-26.42540 -26.07850
-26.35710 -25.96060
-26.03420 -25.89820
-26.13530 -25.89550
-26.20020 -25.88010
-26.29000 -26.01330
-26.29600 -26.04000
-26.36640 -26.04770
-26.41470 -26.04850
-26.42600 -26.05960
-26.49070 -26.04890
-26.48360 -26.04860
-26.53550 -26.06480
-26.51560 -26.08200
-26.74050 -26.19130
-26.88030 -26.28010
-26.78920 -26.36580
-26.76210 -26.35290
-26.74160 -26.35470
-26.71450 -26.29280
-26.74230 -26.27490
-26.66000 -26.28290
-26.55520 -26.27270
-26.72140 -26.26720
-26.83730 -26.32110
-26.80170 -26.34130
-26.98440 -26.40240
-27.16170 -26.44590
-26.89270 -26.38800
-26.79540 -26.36610
-26.82940 -26.36290
-26.68630 -26.31950
-26.70360 -26.29430
-26.66570 -26.27750
-26.67330 -26.28200
-26.75090 -26.12580
-26.78210 -26.18850
-26.77180 -26.19120
-26.82960 -26.20030
-26.85660 -26.16750
-26.86570 -26.18850
-26.76410 -26.24740
-26.83850 -26.26150
-26.78330 -26.29730
-26.86440 -26.27320
-26.83430 -26.29260
-26.36820 -26.20230
-26.42220 -26.10530
-26.26780 -26.10040
-26.22520 -26.07910
-26.16690 -25.99860
-26.29640 -25.96580
-26.39890 -25.99350
-26.48420 -25.97220
-26.38570 -25.97390
-26.44010 -26.14030
-26.51920 -26.17420
-26.66180 -26.18520
-26.69010 -26.19310
-26.69720 -26.19090
-26.83800 -26.19530
-26.83810 -26.24560
-26.64340 -26.23810
-26.63330 -26.18910
-26.50660 -26.18270
-26.37400 -26.11870
-26.36660 -26.11190
-26.43310 -26.09790
-26.45530 -26.08900
-26.48320 -26.10700
-26.38700 -26.10380
-26.28200 -26.06750
-26.36000 -26.06020
-26.44540 -26.07660
-26.31320 -26.02860
-26.32200 -25.99540
-26.66370 -26.13550
-26.50510 -26.14810
-26.49560 -26.14790
-26.40450 -26.13170
-26.42240 -26.07240
-26.36620 -26.05380
-26.23350 -25.91830
-26.39110 -25.88840
-26.37970 -25.91590
-26.43590 -25.96990
-26.50020 -25.93980
-26.35160 -25.95170
-26.40550 -25.94880
-26.60400 -25.95880
-26.61840 -25.97230
-26.62410 -26.03530
-26.62380 -26.02960
-26.61120 -26.02650
-26.41900 -26.00560
-26.37730 -25.98770
-26.37570 -25.95830
-26.33070 -25.88750
-26.52440 -25.90280
-26.69530 -25.92970
-26.65170 -25.98730
-26.73040 -25.98540
-26.66450 -26.09260
-26.75240 -26.09290
-26.56030 -26.07030
-26.73510 -26.06840
-26.83350 -26.10360
-26.82050 -26.11050
-26.68200 -26.11350
-26.61730 -26.12760
-26.42650 -25.79820
-26.37430 -25.82320
-26.32030 -25.75570
-26.33340 -25.75150
-26.41720 -25.76290
-26.33130 -25.77200
-26.33520 -25.76620
-26.27310 -25.76250
-26.29050 -25.81080
-26.21610 -25.80630
-26.23300 -25.79480
-26.31300 -25.78400
-26.29230 -25.80050
-26.38130 -25.81380
-26.40970 -25.81650
-26.34700 -25.82540
-26.42540 -25.86450
-26.47120 -25.87940
-26.48700 -25.88940
-26.59920 -25.90520
-22.12420 -21.96880
-22.19180 -21.98260
-22.28700 -21.99020
-22.20850 -22.02120
-22.34460 -22.13650
-22.50090 -22.19420
-22.49150 -22.27040
-22.56500 -22.30130
-22.55910 -22.30680
-22.49750 -22.31230
-22.46140 -22.31840
-22.53880 -22.32750
-22.41330 -22.30330
-22.41760 -22.28800
-22.46120 -22.28030
-22.59220 -22.25770
-22.66070 -22.26150
-22.81340 -22.29920
-22.81560 -22.38640
-22.82850 -22.41550
-22.82670 -22.40560
-22.68280 -22.40410
-22.64810 -22.39220
-22.41290 -22.18470
-22.30940 -22.11890
-22.41460 -22.07650
-22.29740 -22.03470
-22.35670 -22.00890
-22.42180 -21.99150
-22.47340 -22.09820
-22.44210 -22.13820
-22.46930 -22.12780
-22.42380 -22.12270
-22.51960 -22.28030
-22.62950 -22.30950
-22.63340 -22.31730
-22.73380 -22.33310
-22.93710 -22.40920
-23.08180 -22.42650
-23.18660 -22.43750
-23.15860 -22.52010
-23.06220 -22.49750
-22.90120 -22.45740
-22.95680 -22.47660
-22.94690 -22.47620
-22.94110 -22.47850
-22.87850 -22.47930
-22.92570 -22.49940
-22.97710 -22.49610
-22.93110 -22.49180
-23.17080 -22.50830
-23.43460 -22.58570
-23.42600 -22.64830
-23.54900 -22.67650
-23.38220 -22.61820
-23.24320 -22.60450
-23.31030 -22.61350
-23.47350 -22.61970
-23.46940 -22.64990
-23.49670 -22.66210
-23.41910 -22.67430
-23.37030 -22.66550
-23.44460 -22.66890
-23.45000 -22.67090
-23.50500 -22.73600
-23.52200 -22.73090
-23.38520 -22.73000
-23.34490 -22.72640
-23.33380 -22.72910
-23.32420 -22.72330
-23.46240 -22.71300
-23.43470 -22.74780
-23.44020 -22.75890
-23.17170 -22.59530
-23.08110 -22.58540
-23.08330 -22.56930
-22.92830 -22.59790
-22.91730 -22.61360
-22.75500 -22.62250
-22.63330 -22.40610
-22.68710 -22.32970
-22.88680 -22.34440
-22.84010 -22.36280
-22.74710 -22.36580
-22.70210 -22.38700
-22.67550 -22.36920
-22.64310 -22.36410
-22.61670 -22.22340
-22.51560 -22.21280
-22.44520 -22.16000
-21.98940 -21.90510
-21.95590 -21.89490
-22.03750 -21.86120
-22.11750 -21.87200
-23.45320 -22.63000
-23.18450 -22.55690
-23.18960 -22.49920
-23.21570 -22.45050
-23.24850 -22.47550
-23.15370 -22.45930
-22.96030 -22.29010
-22.94270 -22.24630
-23.00420 -22.22560
-22.96050 -22.24390
-23.11550 -22.21060
-23.10700 -22.26590
-23.11180 -22.25460
-23.06160 -22.24980
-22.80990 -22.22220
-22.83600 -22.19690
-22.85770 -22.16190
-22.87890 -22.17920
-22.89060 -22.22320
-22.85930 -22.21210
-22.94420 -22.18140
-22.84580 -22.17200
-22.79990 -22.19550
-22.66210 -22.13130
-22.64590 -22.08340
-22.61610 -22.06730
-22.54470 -22.02140
-22.65480 -22.00070
-22.68880 -21.97750
-22.72550 -21.96790
-22.75440 -21.99380
-22.77590 -22.03120
-22.73410 -22.09210
-22.62580 -22.08310
-22.57940 -22.03350
-22.49040 -22.01420
-22.53200 -21.93920
-22.53760 -21.90180
-22.53880 -21.90940
-22.46170 -21.90940
-22.40940 -21.89640
-22.55950 -21.94780
-22.55990 -21.98300
-22.48210 -21.97690
-22.49830 -21.99260
-22.43920 -21.96610
-22.36310 -21.90650
-22.49850 -21.93510
-22.55900 -21.94130
-22.47510 -21.91810
-22.50000 -21.87600
-22.35850 -21.76710
-22.34030 -21.99260
-22.34530 -21.98420
-22.44380 -22.02930
-22.45400 -22.05340
-22.42130 -22.05280
-22.44160 -22.06410
-22.43320 -22.08650
-22.37440 -22.11110
-22.33010 -22.09310
-22.18040 -21.90530
-22.12540 -21.85480
-22.01640 -21.84300
-21.96570 -21.83720
-21.90410 -21.82610
-21.92400 -21.73310
-21.96900 -21.73350
-22.08840 -21.81350
-22.03050 -21.79460
-21.98430 -21.77500
-22.03530 -21.71470
-21.93010 -21.67870
-21.96830 -21.67540
-21.89960 -21.61940
-21.65670 -21.38950
-21.58450 -21.31400
-21.56420 -21.33860
-21.62600 -21.38080
-21.61270 -21.38010
-21.46350 -21.29850
-21.49910 -21.32830
-21.41200 -21.31890
-21.47170 -21.32560
-21.47810 -21.33210
-21.47980 -21.26570
-21.52010 -21.27750
-21.56530 -21.34400
-21.62010 -21.37700
-21.69740 -21.49280
-21.69810 -21.54860
-21.72380 -21.52460
-21.80310 -21.54350
-21.84470 -21.59280
-21.89960 -21.59840
-21.89070 -21.56380
-21.81710 -21.63680
-21.81680 -21.63080
-21.84110 -21.63000
-21.86220 -21.64010
-21.87640 -21.62820
-21.97040 -21.96560
-21.75640 -21.90200
-21.76620 -21.86270
-21.73860 -21.86430
-21.72190 -21.83360
-21.82020 -21.79380
-21.92400 -21.80100
-21.90780 -21.77740
-21.93500 -21.79060
-22.00360 -21.85350
-22.06570 -21.89280
-22.22600 -22.16460
-22.20970 -22.15130
-22.19790 -22.12260
-22.17400 -22.11730
-22.20420 -22.10280
-22.23170 -22.07290
-22.34560 -22.10640
-22.33030 -22.17540
-22.38210 -22.17220
-22.43990 -22.16840
-22.38830 -22.21350
-22.32360 -22.21100
-22.21700 -22.19850
-22.21210 -22.17470
-22.03450 -22.04860
-22.06980 -22.03280
-22.10350 -22.02070
-22.07530 -22.01990
-21.98660 -21.97450
-22.06910 -22.03870
-22.12900 -22.04250
-22.24120 -22.06280
-22.27430 -22.08330
-22.34280 -22.19790
-22.34400 -22.23370
-22.35840 -22.22640
-22.41050 -22.21580
-22.43770 -22.24930
-22.37250 -22.24000
-22.39010 -22.24500
-22.48700 -22.22720
-22.49930 -22.22870
-22.48100 -22.25590
-22.54990 -22.27810
-22.57970 -22.28980
-22.51090 -22.28460
-22.55280 -22.28350
-22.63780 -22.29630
-22.65470 -22.32070
-22.73050 -22.34320
-22.76860 -22.41180
-22.69890 -22.42290
-22.64720 -22.45130
-22.74510 -22.45960
-22.73420 -22.48120
-22.74350 -22.47680
-22.60470 -22.45520
-22.55500 -22.43600
-22.60130 -22.42360
-22.67520 -22.42950
-22.78350 -22.41900
-22.74280 -22.40600
-22.65530 -22.42990
-22.65740 -22.40370
-22.72270 -22.38490
-22.74750 -22.40580
-22.82650 -22.41440
-22.92610 -22.42170
-22.65320 -22.42870
-22.60430 -22.41890
-22.52470 -22.42640
-22.42460 -22.38610
-22.38880 -22.37110
-22.31780 -22.36070
-22.32880 -22.37300
-22.28070 -22.33590
-22.42490 -22.31930
-22.42460 -22.34460
-22.63580 -22.43670
-22.50960 -22.45950
-22.60590 -22.46030
-22.74790 -22.47500
-22.49540 -22.47920
-22.51460 -22.49190
-22.38650 -22.44790
-22.73870 -22.44000
-22.67270 -22.45590
-22.67900 -22.48060
-22.69430 -22.50630
-22.56340 -22.50280
-22.72780 -22.51350
-22.77140 -22.55500
-22.77540 -22.57080
-22.74350 -22.58340
-22.75900 -22.58800
-22.78000 -22.58830
-22.83790 -22.59720
-22.76780 -22.59250
-22.79600 -22.59630
-22.91940 -22.59460
-22.98140 -22.59750
-22.93230 -22.59780
-22.88250 -22.59340
-23.04430 -22.66200
-22.99310 -22.69680
-23.05030 -22.69860
-22.84280 -22.69820
-22.87250 -22.69980
-22.83030 -22.70040
-22.81550 -22.68770
-22.78190 -22.66640
-22.63200 -22.44530
-22.56000 -22.35190
-22.50790 -22.33720
-22.45890 -22.30940
-22.45980 -22.30100
-22.53020 -22.30900
-22.54330 -22.30650
-22.68430 -22.29390
-22.69620 -22.31990
-22.68450 -22.32160
-22.63670 -22.33430
-22.67080 -22.31950
-22.55010 -22.35310
-22.50160 -22.34600
-22.53160 -22.29860
-22.63000 -22.31560
-22.66340 -22.33600
-22.58190 -22.34000
-22.58910 -22.36370
-22.60930 -22.38020
-22.59190 -22.38900
-22.62240 -22.39310
-22.74300 -22.42720
-22.74600 -22.43800
-22.77080 -22.48260
-22.94790 -22.52740
-22.95880 -22.52340
-22.98020 -22.54170
-23.06010 -22.53660
-23.15110 -22.54400
-23.04490 -22.54470
-23.08980 -22.69610
-23.06720 -22.69430
-22.97640 -22.71240
-22.92770 -22.69300
-23.02240 -22.67280
-23.04330 -22.66490
-22.98910 -22.65120
-22.95980 -22.65830
-22.85190 -22.66540
-22.81760 -22.64760
-22.71750 -22.55260
-22.62150 -22.49990
-22.71930 -22.51170
-22.80950 -22.51100
-22.83580 -22.52430
-22.77450 -22.55800
-22.71180 -22.56280
-22.61480 -22.52240
-22.63310 -22.53300
-22.65520 -22.51570
-22.69340 -22.53740
-22.66150 -22.50910
-22.65510 -22.40510
-22.72170 -22.40160
-22.76680 -22.39430
-22.80560 -22.44860
-22.79780 -22.45600
-22.84080 -22.47700
-22.88460 -22.49210
-22.92650 -22.49370
-22.89090 -22.50310
-22.92660 -22.53220
-22.91920 -22.55500
-22.79710 -22.53320
-22.63600 -22.51430
-22.67960 -22.46490
-22.72930 -22.44290
-22.50940 -22.36990
-22.51140 -22.36730
-22.78630 -22.41060
-22.71380 -22.43480
-22.95100 -22.46100
-22.99430 -22.56640
-23.03780 -22.59660
-23.14130 -22.59580
-23.15350 -22.59040
-23.30230 -22.65110
-23.30390 -22.65600
-23.31850 -22.70760
-23.27780 -22.71690
-23.24160 -22.73430
-23.27690 -22.71840
-23.09540 -22.70130
-23.00110 -22.70470
-22.97110 -22.68890
-23.01050 -22.66630
-22.97260 -22.64960
-22.96550 -22.63350
-22.96080 -22.66910
-22.79240 -22.58560
-22.80190 -22.55080
-22.77450 -22.52650
-22.72670 -22.50700
-22.85720 -22.46260
-22.88390 -22.49640
-22.88870 -22.52130
-22.75300 -22.50120
-22.68720 -22.48490
-22.70700 -22.49700
-22.74520 -22.49220
-22.73640 -22.46410
-22.76150 -22.45940
-22.71810 -22.46000
-22.69680 -22.33540
-22.77420 -22.37710
-22.80430 -22.45220
-22.85500 -22.44850
-22.73440 -22.45270
-22.93670 -22.45990
-22.91910 -22.44960
-22.96820 -22.45430
-22.92070 -22.44610
-23.04760 -22.46590
-22.99190 -22.45340
-22.99610 -22.47430
-22.85230 -22.50000
-22.84260 -22.50140
-22.83840 -22.47000
-22.73710 -22.46680
-22.82300 -22.46010
-22.88540 -22.48290
-22.96900 -22.46660
-22.93770 -22.51630
-22.83680 -22.53920
-22.91950 -22.55450
-22.77060 -22.53980
-22.94150 -22.54750
-22.99410 -22.55490
-23.11630 -22.56870
-22.99240 -22.54090
-22.95140 -22.54290
-22.85700 -22.47530
-22.73760 -22.42250
-22.81220 -22.40460
-22.79410 -22.37290
-22.74120 -22.37390
-22.77000 -22.34960
-22.67800 -22.29830
-22.74390 -22.29270
-22.74920 -22.27590
-22.79530 -22.29090
-22.79820 -22.28560
-22.87710 -22.29600
-22.88110 -22.31290
-22.85940 -22.31850
-22.86110 -22.32440
-22.90320 -22.34330
-22.98410 -22.37010
-22.95610 -22.41810
-22.91040 -22.41390
-22.89240 -22.42840
-23.00540 -22.42580
-23.01380 -22.42660
