-106.40690 -106.12370
-106.44150 -106.26960
-106.74690 -106.39760
-106.72510 -106.45390
-107.10100 -107.22890
-106.71790 -107.03730
-106.84110 -107.04270
-106.87800 -107.01270
-107.27810 -107.35710
-106.80640 -107.23210
-106.45400 -107.09800
-106.66310 -107.04520
-106.47610 -106.78150
-106.22080 -106.37310
-105.62450 -106.24650
-106.41360 -106.44700
-106.71650 -106.95210
-106.32090 -106.78840
-106.17360 -106.69380
-105.90530 -106.79870
-106.02050 -106.84750
-105.69740 -106.66290
-105.14380 -106.55560
-105.34800 -106.22990
-105.95580 -106.08780
-106.33120 -106.58960
-106.22130 -106.73080
-106.56610 -106.86520
-106.49900 -106.72790
-106.77040 -106.73760
-107.06390 -107.02640
-107.22240 -107.20970
-107.05320 -107.33400
-107.20880 -107.57380
-107.09920 -107.42940
-107.27230 -107.42280
-107.39920 -107.57640
-107.50610 -107.60030
-107.63320 -107.41110
-107.90350 -107.58450
-107.27450 -107.31820
-107.38940 -107.40560
-107.53580 -107.49690
-107.39610 -106.73210
-107.93870 -106.73260
-107.81820 -106.66660
-107.60050 -106.58640
-107.30220 -106.23470
-107.07800 -106.25920
-106.97900 -105.86510
-106.86840 -105.85490
-107.08390 -105.67910
-106.91990 -105.63550
-106.91650 -105.65800
-106.84840 -105.52210
-106.91090 -105.41660
-107.05040 -105.39890
-106.93650 -105.28670
-107.13370 -105.28790
-107.23810 -105.33470
-107.22960 -105.31450
-107.14160 -105.29100
-107.47900 -105.14920
-107.42570 -105.22840
-107.27050 -105.18290
-107.25830 -105.26570
-107.64370 -105.31580
-107.77670 -105.32690
-107.82890 -105.28040
-108.04040 -105.36770
-107.64480 -105.23140
-107.87040 -105.35890
-107.75390 -105.54790
-107.59440 -105.54220
-107.17000 -105.19930
-107.01790 -104.90400
-107.78920 -105.51910
-107.90450 -105.91540
-107.80120 -105.88040
-107.84510 -105.93580
-107.61400 -105.74970
-107.62720 -105.69500
-107.76520 -105.59360
-107.57420 -105.27260
-107.66930 -105.20780
-107.74160 -105.06060
-107.64430 -104.92380
-107.60540 -105.07420
-107.65390 -105.10540
-107.89320 -105.07290
-108.21440 -105.37190
-108.28690 -105.40100
-108.28100 -105.56160
-108.00080 -105.69640
-107.86870 -105.75800
-108.02660 -105.66390
-106.80630 -106.57830
-106.43090 -106.26340
-106.24360 -106.02570
-106.00410 -105.68550
-106.25870 -105.82410
-105.91130 -105.28900
-105.55070 -104.53410
-105.41810 -104.32520
-105.35760 -104.30380
-105.30570 -104.24210
-104.81310 -103.95230
-104.52370 -103.49020
-104.27590 -103.33730
-104.61030 -103.50030
-104.55520 -103.46160
-104.57140 -103.61670
-104.54470 -103.62150
-104.74060 -103.69750
-104.68980 -103.60350
-104.97480 -103.83050
-105.02540 -103.93480
-105.04190 -104.10840
-105.26720 -104.20670
-105.77290 -104.47930
-106.06170 -104.57210
-106.06430 -104.93730
-105.43780 -104.46910
-105.74640 -104.56320
-105.22340 -104.23000
-104.59420 -104.18880
-104.42310 -103.89360
-103.87540 -103.51540
-103.98880 -103.56100
-104.13090 -103.68350
-104.23420 -103.74920
-104.47800 -103.75020
-104.63670 -103.73310
-104.79020 -103.66990
-105.13710 -104.39920
-105.29210 -104.58000
-105.12520 -104.69160
-105.23550 -104.58640
-105.00940 -104.42370
-105.09510 -104.53540
-104.51560 -104.16910
-104.23040 -104.00870
-103.80650 -103.78570
-104.14760 -103.61620
-103.77760 -103.46890
-103.68960 -103.26250
-103.61450 -103.25510
-103.80300 -103.44970
-104.19090 -103.57920
-104.16650 -103.48800
-104.25840 -103.46060
-104.11550 -103.40680
-104.17640 -103.32660
-104.12210 -103.42100
-104.33460 -103.36630
-104.02400 -103.48600
-103.63100 -103.28050
-103.50800 -103.35390
-103.66300 -103.50380
-102.91550 -103.11830
-102.98430 -103.04620
-102.76300 -103.09090
-102.93020 -103.03000
-103.66400 -103.64280
-104.57120 -103.82810
-103.55390 -103.61820
-103.88140 -103.57910
-104.16090 -103.62860
-103.72350 -103.60250
-103.70770 -103.78890
-103.27580 -103.43930
-103.25940 -103.37280
-103.17370 -102.85130
-103.28010 -102.81310
-103.00690 -102.70830
-102.88690 -102.75830
-102.39950 -102.81220
-103.28270 -103.22680
-103.17240 -103.39080
-102.64650 -103.18010
-102.43460 -102.90500
-102.23930 -102.76200
-102.18320 -102.53420
-101.60070 -101.92200
-102.46380 -102.10520
-101.85520 -102.06850
-99.64590 -100.52460
-99.92850 -100.50510
-99.81220 -100.20310
-99.73010 -100.26370
-99.66000 -100.10820
-99.55990 -100.15750
-100.03110 -100.22970
-100.06650 -100.11870
-99.92400 -100.32860
-99.81040 -99.94330
-100.12730 -100.07670
-100.34530 -100.19580
-100.24810 -100.06780
-100.60770 -100.31840
-100.66740 -100.43530
-100.82660 -100.43830
-100.54660 -100.29060
-100.89470 -100.69060
-100.92440 -100.72650
-100.75110 -100.40900
-100.89260 -100.30740
-100.82470 -100.20960
-100.93450 -100.36590
-101.18190 -100.61500
-100.73730 -100.55250
-100.90050 -100.69560
-100.79900 -100.47380
-100.70930 -100.35300
-100.62240 -100.28010
-100.82170 -100.08080
-101.05270 -99.83770
-101.34950 -100.00790
-101.64800 -100.13730
-101.52800 -99.90930
-101.45320 -99.97630
-101.32200 -99.09680
-101.60480 -99.88440
-101.64420 -99.47380
-101.83450 -99.62530
-102.06210 -99.74520
-102.26510 -100.09290
-102.18420 -100.00310
-102.22900 -100.52840
-102.14610 -100.45280
-101.96670 -100.45440
-101.85050 -99.71840
-102.14560 -99.83310
-102.48500 -100.42970
-102.91390 -101.29100
-103.16870 -101.67770
-103.00830 -101.34750
-102.98590 -101.30340
-102.92620 -101.33310
-102.42550 -100.68690
-102.41550 -100.54270
-102.36830 -100.59360
-102.28240 -100.10830
-102.14640 -101.26550
-102.44090 -101.21980
-102.21780 -101.28730
-102.46330 -101.38770
-102.65750 -101.42010
-102.91390 -101.51990
-102.52620 -101.57020
-102.26100 -101.51590
-102.24940 -101.28590
-102.00990 -101.22720
-102.36350 -101.49490
-102.54660 -101.77340
-102.43880 -101.49240
-102.68790 -101.65140
-102.86860 -101.75940
-102.81700 -101.97150
-102.46500 -101.95070
-102.81690 -102.14090
-101.89150 -101.69600
-102.05180 -101.85030
-101.90390 -101.79570
-101.78310 -101.44490
-101.83280 -101.46140
-101.96480 -101.66710
-101.96340 -101.80860
-101.83330 -101.87450
-101.55700 -101.26590
-101.92780 -101.34040
-102.03600 -101.30190
-102.38980 -101.57200
-102.58260 -101.71340
-102.43620 -101.76130
-102.30130 -101.36230
-102.70800 -101.51470
-102.78530 -101.71400
-102.93960 -101.54210
-103.07990 -101.57240
-103.16840 -101.93030
-103.21260 -101.85670
-103.60540 -102.03000
-103.20450 -101.95540
-103.55400 -102.21760
-103.53290 -102.17300
-103.45770 -102.21310
-103.42860 -102.22370
-103.01910 -102.19030
-101.19990 -100.29950
-100.88580 -100.26120
-100.87970 -99.61420
-101.08170 -98.95830
-100.90530 -99.00370
-101.22100 -98.92600
-101.42760 -99.14730
-101.64890 -98.96600
-101.54360 -99.13580
-101.30470 -98.92860
-101.46530 -99.04990
-101.92620 -99.12490
-102.33600 -99.16280
-102.20870 -99.60050
-102.19780 -99.58110
-102.23000 -99.54950
-102.48680 -99.68270
-102.58070 -99.67530
-102.22480 -99.62660
-102.53820 -99.59920
-102.45220 -99.55840
-102.14080 -99.62120
-101.88160 -99.48190
-102.05550 -99.40740
-102.11930 -99.41580
-101.82260 -99.17140
-101.79450 -98.86670
-102.19930 -98.91680
-101.91740 -98.83700
-101.88550 -98.85910
-101.79730 -98.95470
-101.67690 -99.02070
-101.80070 -98.88250
-102.01470 -98.95120
-102.12920 -98.86540
-102.25210 -98.98390
-102.65000 -99.20670
-102.86360 -99.38630
-102.59490 -99.24370
-102.75810 -99.35730
-102.86650 -99.40820
-102.89070 -99.67690
-102.98140 -99.50790
-103.23130 -99.68500
-102.94970 -99.50850
-103.30290 -99.49780
-103.41300 -99.76340
-103.52070 -99.74460
-103.29250 -99.63760
-103.09030 -100.44950
-103.09120 -100.34500
-103.15530 -100.34740
-103.04990 -100.28350
-103.07240 -100.39330
-102.96200 -100.28390
-102.98770 -100.28780
-102.53750 -100.13760
-102.65280 -100.14380
-102.58820 -99.95650
-102.86050 -100.20010
-103.07740 -100.36690
-103.21430 -100.58610
-103.04940 -100.51510
-103.52290 -100.73210
-103.72640 -100.87750
-103.56650 -100.94410
-103.73240 -101.30570
-103.59280 -101.36720
-103.21070 -101.25490
-103.17430 -101.16930
-103.61110 -101.29400
-103.69980 -101.32650
-104.01060 -101.49660
-103.62820 -101.42410
-103.55310 -101.26540
-103.49090 -101.22610
-103.37750 -101.25130
-103.40760 -101.29090
-103.19460 -101.08970
-103.27880 -101.17380
-103.55130 -101.28000
-103.57380 -101.08590
-103.28650 -101.28640
-103.26480 -100.94440
-102.97730 -100.73130
-103.34380 -100.90580
-103.31690 -100.89530
-103.53090 -100.96200
-103.49760 -101.04100
-103.35430 -101.05820
-103.19440 -101.10140
-103.13990 -100.99120
-103.07840 -100.97680
-102.95270 -101.00710
-102.97070 -100.84860
-102.90390 -100.83830
-102.71560 -100.95270
-102.91420 -100.99460
-102.58170 -99.30160
-102.60740 -99.29650
-102.66510 -99.30310
-102.72810 -99.38440
-102.56990 -99.21560
-102.55740 -99.16260
-102.48920 -99.56550
-102.21090 -99.41530
-102.42730 -99.30590
-102.20930 -99.20730
-102.09680 -99.31330
-102.12300 -99.33940
-102.44240 -99.47240
-102.37210 -99.39960
-102.23290 -99.34350
-102.34300 -99.28960
-102.53460 -99.32490
-102.37570 -99.40340
-102.12870 -99.36990
-102.11940 -99.24400
-102.09040 -99.26960
-102.50470 -99.27340
-102.72820 -99.44620
-101.74660 -99.10480
-101.60540 -99.03700
-101.33780 -98.98350
-101.52390 -98.98420
-101.55400 -98.99360
-101.48570 -98.85950
-101.59000 -98.78270
-101.51970 -98.71400
-101.29540 -98.63940
-101.06760 -98.60400
-101.35070 -98.74680
-101.24680 -98.59670
-101.13240 -98.41210
-100.93980 -98.46220
-100.77910 -98.40490
-100.77570 -98.58220
-100.70270 -98.64970
-100.72640 -98.62590
-100.43980 -98.56660
-100.26770 -98.64270
-100.46670 -98.81020
-100.28470 -98.33820
-99.19300 -97.70700
-98.83030 -97.04100
-98.58380 -96.98680
-98.46200 -96.89430
-98.61650 -96.96880
-98.37460 -96.78210
-98.15230 -96.48130
-96.99790 -95.85920
-96.85000 -95.77580
-91.48170 -91.44500
-91.54040 -91.44420
-91.86130 -91.83210
-91.99250 -91.88620
-92.09290 -91.96360
-92.17400 -92.03340
-92.50660 -92.23120
-92.42560 -92.33090
-92.46890 -92.36920
-92.11830 -92.31970
-92.23270 -92.34480
-92.38680 -92.34250
-92.79580 -92.44230
-92.22860 -92.46670
-91.92840 -92.41540
-92.06020 -92.50600
-92.11360 -92.46790
-92.09270 -92.30860
-91.95160 -92.26460
-91.68820 -92.17500
-91.76610 -92.04050
-91.89430 -92.05890
-91.63490 -92.05870
-91.54060 -92.11000
-91.29060 -92.02500
-91.66710 -92.02580
-91.55080 -91.98900
-91.17010 -91.96830
-90.89710 -91.31020
-91.35620 -91.54140
-91.27950 -91.74870
-91.41770 -91.88490
-91.66580 -91.92340
-91.57290 -91.94130
-91.72760 -91.89210
-91.65740 -91.88350
-92.09120 -92.16250
-92.17110 -92.19230
-92.32170 -92.24140
-92.12690 -92.34180
-92.36820 -92.35970
-92.38600 -92.38590
-92.25350 -92.42830
-92.18500 -92.36520
-92.08720 -92.35040
-92.18820 -92.31500
-92.12460 -92.43810
-92.21610 -92.44200
-92.16480 -92.45800
-92.01400 -92.36940
-92.61470 -92.50730
-92.32100 -92.51540
-92.83040 -92.64500
-92.57080 -92.73810
-92.52500 -91.95000
-92.29530 -91.92390
-92.35700 -91.88550
-92.05570 -91.58750
-91.69790 -91.27230
-91.53010 -91.09320
-91.35860 -90.85750
-91.27270 -90.92680
-91.50350 -90.68180
-91.32740 -90.55220
-91.37810 -90.45780
-91.46370 -90.43060
-91.09320 -90.18660
-91.14840 -90.19510
-91.33920 -90.22060
-91.29330 -90.20080
-91.34070 -90.14080
-91.45360 -89.78740
-91.66580 -89.92560
-91.87850 -90.04570
-92.06110 -90.08300
-91.95100 -90.22590
-91.34830 -89.75130
-91.18890 -89.45840
-91.50840 -89.76770
-91.46450 -89.85940
-91.97960 -90.27280
-91.90800 -90.22630
-91.87440 -90.20110
-91.76660 -90.00990
-91.89320 -89.86370
-91.93850 -89.96720
-91.84210 -89.89920
-91.73470 -89.79810
-91.63800 -89.91940
-91.54230 -89.82300
-91.59820 -89.87880
-91.77170 -90.13600
-91.51300 -90.07890
-91.56650 -90.10880
-91.41090 -90.28410
-91.21930 -90.02300
-92.28870 -91.08470
-92.60730 -91.34420
-92.41030 -91.33650
-92.25360 -91.31630
-92.07130 -91.06020
-92.23790 -90.97510
-92.23260 -90.99290
-91.33220 -90.53140
-91.33710 -90.50160
-91.15510 -90.39940
-91.26310 -90.42410
-91.16670 -90.39280
-91.17250 -90.36710
-91.37930 -90.40580
-91.50630 -90.42470
-91.26920 -90.39860
-91.18660 -90.22180
-91.93380 -90.38150
-92.37940 -90.42760
-92.71180 -90.42360
-92.61450 -90.38160
-91.94570 -90.72610
-91.64570 -90.72190
-92.02390 -90.70870
-92.29900 -90.89290
-92.24500 -90.96620
-91.93330 -90.96410
-91.56190 -90.91580
-91.61180 -90.63000
-91.16980 -90.49000
-91.21620 -90.47740
-91.35400 -90.52330
-91.36170 -90.56960
-91.43840 -90.16700
-91.53970 -90.11000
-91.44650 -89.92450
-91.32870 -89.77160
-91.49160 -89.81960
-91.79970 -89.80770
-92.08470 -90.27860
-91.92800 -89.97390
-92.00430 -90.33490
-91.65160 -90.12620
-91.77770 -89.93810
-91.72730 -89.64760
-88.35200 -89.16890
-88.55540 -88.47010
-88.64750 -88.22410
-88.73170 -88.19590
-88.79080 -88.30580
-88.76400 -88.23140
-88.65860 -88.15390
-88.49490 -88.03300
-88.26990 -87.58870
-88.42560 -87.61460
-88.61160 -87.51530
-88.56880 -87.37730
-88.64560 -86.85380
-88.85840 -86.89300
-88.82440 -86.51640
-88.51140 -86.32430
-88.37660 -86.19400
-88.37370 -86.87430
-88.12970 -86.50770
-87.87350 -86.01570
-87.75870 -85.92070
-87.82290 -85.81050
-87.84480 -86.09130
-87.66010 -85.56140
-87.57240 -85.27150
-87.55720 -85.58420
-87.42830 -85.42400
-87.31440 -85.16600
-86.98030 -84.98370
-86.63550 -84.27670
-86.47590 -83.87030
-86.77330 -83.73320
-86.58790 -83.51680
-86.28010 -83.02570
-86.55390 -83.64730
-86.33820 -83.32590
-86.14010 -83.73130
-86.13370 -83.68210
-86.15850 -83.55620
-86.07440 -83.80220
-86.03750 -84.29290
-85.70840 -83.82950
-85.54820 -83.58390
-85.53050 -83.52390
-85.44450 -83.13320
-85.44690 -82.29610
-85.57960 -82.54040
-85.61620 -82.47590
-85.31020 -82.25900
-85.31180 -82.12740
-87.61950 -86.72290
-87.27010 -86.92700
-87.20090 -87.12710
-86.87160 -86.77480
-87.64550 -87.07230
-87.53540 -87.07080
-87.15780 -86.92120
-87.44930 -86.96400
-87.18030 -87.05620
-87.51770 -87.11200
-87.35990 -86.95860
-87.53110 -87.12460
-87.27280 -86.88150
-87.24140 -86.96920
-87.40190 -87.31470
-87.24440 -87.01210
-87.37470 -87.08440
-87.18440 -86.86890
-87.27130 -87.00690
-87.28140 -86.93570
-87.39900 -87.09780
-87.45190 -87.02210
-87.29730 -87.05730
-87.16070 -86.92990
-87.61720 -87.07760
-87.36390 -86.98510
-87.36730 -87.12030
-87.43350 -87.13530
-87.21280 -86.96330
-87.45900 -87.08780
-87.44460 -87.11740
-87.30220 -87.14220
-87.35190 -87.01020
-87.07780 -86.91220
-87.50260 -87.15510
-87.19380 -86.93370
-87.17590 -87.02020
-87.15980 -86.86280
-87.64290 -86.92840
-87.23670 -87.02010
-86.96950 -86.88420
-87.12430 -86.81700
-87.10550 -86.74470
-86.97860 -86.65550
-86.63280 -86.39520
-86.57610 -86.37010
-86.47440 -86.30740
-86.06250 -85.56770
-86.28770 -85.67870
-86.44710 -85.78600
-86.58730 -85.88670
-86.28100 -85.88460
-86.28070 -85.98920
-85.75850 -85.70370
-85.64100 -85.64110
-85.80520 -85.52290
-85.76570 -85.45520
-85.92420 -85.53550
-86.25400 -85.65120
-86.79690 -86.04150
-86.75830 -86.00570
-86.89580 -86.37430
-86.96970 -86.46320
-86.95160 -86.39920
-86.89610 -86.53620
-86.94970 -86.51860
-86.92720 -86.44080
-86.53440 -86.42580
-86.36670 -86.38200
-86.57620 -86.49340
-86.32510 -86.45840
-86.47140 -86.40060
-86.33870 -86.27250
-86.48460 -86.33660
-86.48220 -86.24920
-86.26730 -86.13720
-86.35860 -86.31800
-86.07720 -86.13630
-86.40750 -86.16310
-86.01530 -86.01690
-85.98930 -85.97060
-86.23810 -86.07030
-86.71560 -86.30940
-86.84470 -86.40070
-86.86760 -86.50670
-86.70960 -86.48010
-86.74940 -86.49960
-86.75390 -86.41930
-87.01410 -86.65050
-87.11470 -86.67200
-86.93310 -86.68930
-87.03450 -86.54580
-86.95770 -86.45710
-87.02210 -86.31310
-86.93130 -86.26620
-86.86180 -86.43200
-86.88560 -86.49750
-88.32290 -85.74300
-88.33150 -86.06510
-88.21520 -86.09830
-88.12230 -86.10430
-88.42260 -86.23310
-88.04950 -86.25280
-87.69990 -86.15190
-87.95090 -86.22840
-88.31830 -86.38570
-88.54980 -86.46200
-88.62240 -86.44920
-88.84590 -86.35850
-88.71800 -86.31430
-88.70550 -86.29950
-88.70840 -86.24290
-88.78410 -86.27770
-89.12680 -86.27320
-89.28390 -86.27810
-89.18420 -86.22240
-89.21940 -86.55480
-89.12570 -86.37390
-88.76380 -86.49540
-88.94380 -86.27230
-88.81400 -86.19300
-89.13770 -86.25850
-89.38820 -86.28110
-89.56550 -86.23950
-89.42010 -86.11360
-89.74670 -86.16750
-89.54860 -86.16440
-89.31020 -86.42010
-89.07280 -86.35680
-88.77720 -86.24860
-88.95940 -85.89380
-88.98540 -85.89590
-89.09600 -85.93890
-88.90740 -85.91150
-88.63880 -85.77420
-88.66200 -85.71000
-88.57980 -85.66010
-88.53590 -85.57530
-88.37540 -85.57490
-88.60140 -85.56040
-88.27700 -85.33560
-88.39340 -85.33050
-88.50820 -85.27570
-88.66620 -85.51620
-88.82120 -85.47610
-88.68170 -85.49730
-88.64520 -85.42550
-88.61750 -85.27290
-88.29280 -85.13010
-88.42040 -85.85050
-88.16670 -85.55710
-87.94910 -85.50390
-88.11100 -85.42730
-87.98690 -85.41510
-87.95600 -85.29490
-87.99350 -85.10310
-88.15360 -85.05600
-88.21600 -84.98640
-87.86580 -84.77440
-88.00760 -84.71960
-87.76010 -84.82660
-87.78220 -84.98550
-87.67250 -84.62800
-87.66680 -84.61590
-87.97330 -84.87680
-88.14920 -85.12100
-87.77470 -84.61630
-87.65920 -84.52930
-87.64010 -84.78010
-87.50140 -84.57960
-87.68200 -84.52900
-87.71530 -84.51440
-87.53450 -84.33840
-87.63180 -84.14020
-87.95640 -84.53440
-88.07970 -84.61810
-87.95750 -84.33800
-88.17940 -84.52560
-88.10640 -84.61810
-87.85830 -84.13910
-87.67650 -83.42190
-87.99450 -84.09270
-88.17690 -84.20620
-88.18030 -83.90090
-88.13990 -83.65330
-88.11000 -83.61740
-88.15790 -83.75000
-88.18540 -84.00950
-87.95300 -83.03040
-88.00860 -83.03820
-87.77560 -82.84460
-87.57510 -81.86760
-87.73200 -82.72970
-87.86020 -83.30380
-87.26450 -81.38900
-87.46030 -80.85800
-87.30110 -80.54930
-87.04020 -78.43710
-87.20760 -78.10250
-87.22800 -78.16360
-87.16820 -76.53390
-87.06690 -75.99080
-87.18150 -75.49340
-87.42210 -74.92240
-87.39380 -75.12840
-87.37650 -75.56610
-87.51870 -75.56240
-87.82080 -76.04880
-87.56010 -76.05810
-88.14900 -86.31890
-88.35690 -86.45990
-88.47270 -86.59510
-88.27780 -86.68120
-88.27490 -86.46280
-88.08190 -86.38330
-88.36970 -86.48630
-88.24330 -86.45350
-88.47090 -86.55560
-88.11920 -86.31650
-88.24230 -86.39530
-88.22620 -86.28720
-88.28400 -86.35790
-88.05720 -86.30620
-88.40350 -86.45910
-88.15440 -86.27940
-88.50810 -86.38940
-88.01420 -86.27490
-88.31490 -86.36400
-88.13420 -86.24150
-88.23080 -86.25560
-88.34940 -86.21290
-88.38780 -86.42680
-88.27820 -86.34550
-88.47560 -86.53160
-88.43180 -86.44470
-88.29880 -86.48430
-88.05420 -86.37600
-88.10290 -86.36270
-88.21010 -86.31640
-88.09040 -86.31370
-88.23110 -86.29450
-88.06980 -86.23190
-87.85440 -86.14180
-88.34260 -86.27300
-88.17650 -86.26620
-88.22970 -86.38640
-88.05370 -86.21350
-88.39390 -86.43230
-88.28160 -86.38890
-88.07390 -86.30130
-87.85590 -86.09790
-77.46570 -78.11820
-77.49400 -78.11410
-77.82150 -78.14050
-77.75790 -77.98680
-78.01990 -77.95270
-77.92320 -77.83200
-77.98000 -77.84200
-78.05450 -77.80840
-78.22820 -77.99080
-78.23480 -78.18350
-78.08110 -78.03010
-78.05180 -77.97840
-78.27790 -78.17570
-78.29740 -78.23610
-78.41910 -78.28110
-77.82720 -77.96080
-77.88060 -77.88870
-77.86240 -77.83410
-77.73920 -77.81060
-77.55600 -77.55390
-77.67480 -77.55280
-77.41270 -77.45490
-77.11250 -77.51570
-77.36400 -77.64440
-77.70860 -77.75810
-77.28800 -77.79850
-77.58000 -77.78150
-76.60570 -77.22570
-77.00480 -77.32750
-77.69860 -77.61350
-77.78350 -77.73210
-77.84110 -77.82590
-77.99990 -77.98700
-78.07030 -77.93700
-78.21520 -77.92240
-78.34880 -77.98140
-78.52510 -78.38770
-78.49100 -78.38030
-78.70480 -78.42070
-78.38660 -78.51280
-78.38040 -78.54460
-78.57430 -78.58130
-78.70340 -78.64080
-78.86220 -78.56990
-78.88450 -78.57200
-79.22570 -78.61330
-79.30200 -78.70810
-79.04870 -78.38690
-79.10000 -78.35200
-79.28930 -78.34590
-79.01980 -78.16330
-79.09540 -78.14000
-78.71300 -77.71020
-78.63660 -77.50520
-78.55910 -77.55340
-78.66380 -77.52490
-78.62840 -77.39200
-78.61690 -77.41630
-78.55680 -77.30280
-78.58570 -77.21730
-78.69130 -77.20280
-78.66990 -77.10690
-78.76180 -77.09610
-78.84840 -76.55450
-79.15060 -76.67750
-79.22020 -76.70880
-78.98170 -76.68740
-79.19780 -76.74770
-78.77690 -76.46460
-78.45870 -76.12780
-78.53240 -76.02290
-78.47100 -76.12420
-78.63600 -76.28260
-78.65040 -76.21060
-78.73730 -76.20190
-78.75900 -76.25130
-78.87420 -76.29410
-78.71490 -76.07010
-78.71270 -76.01180
-78.91420 -76.01760
-78.85630 -76.26450
-78.90010 -76.24850
-78.85380 -76.18060
-78.72290 -76.13820
-78.60360 -76.02860
-78.45540 -76.15360
-78.27340 -76.16110
-78.59040 -76.46930
-78.48220 -76.46260
-78.56550 -76.33160
-78.80890 -76.57420
-78.05830 -77.60320
-78.12890 -77.65140
-77.92750 -77.55550
-77.93130 -77.31670
-78.00340 -77.32320
-77.35950 -76.79580
-77.25700 -76.72450
-77.27990 -76.67650
-76.85180 -76.19750
-76.59400 -75.98670
-76.69110 -76.00850
-76.85080 -76.10200
-76.86990 -76.09430
-76.94270 -76.06750
-76.88930 -75.98980
-77.01520 -76.07500
-77.20560 -76.21210
-77.30040 -76.29860
-77.43770 -76.38350
-77.57600 -76.43510
-77.32350 -76.41860
-77.33660 -76.28510
-77.64450 -76.52440
-77.58650 -76.53510
-77.54000 -76.61630
-77.71740 -76.66400
-76.94690 -76.03750
-77.33200 -76.23000
-77.16550 -76.00580
-76.95600 -75.97990
-76.90520 -75.64890
-76.57330 -75.62350
-76.60910 -75.46980
-76.63920 -75.25090
-76.31680 -74.88300
-76.41200 -74.91930
-76.30280 -74.57150
-76.44720 -74.51600
-76.39470 -74.46660
-76.50490 -74.65350
-76.44770 -74.97570
-76.34680 -74.32170
-76.44970 -74.59190
-76.16000 -74.11520
-76.17330 -73.98460
-76.20060 -73.62090
-76.05130 -73.49580
-76.03560 -73.37840
-78.61300 -76.91380
-78.37350 -76.78920
-78.86690 -77.42530
-78.80620 -77.60270
-79.18310 -77.80720
-79.24470 -77.59140
-79.40390 -77.65870
-79.20240 -78.59820
-79.09660 -78.50760
-78.92780 -78.38220
-79.33250 -78.55020
-79.33300 -78.46510
-79.14230 -78.53230
-79.46100 -78.49620
-79.26250 -78.46670
-79.17330 -78.38180
-79.37950 -78.40590
-79.30840 -78.51050
-79.12020 -78.53260
-79.46960 -78.69190
-79.26190 -78.65800
-79.07570 -78.68790
-79.36880 -78.71530
-79.40030 -78.75390
-79.23290 -78.74010
-79.81360 -79.02450
-79.87790 -79.20110
-80.43810 -79.31150
-80.27010 -79.37340
-80.46430 -79.52970
-80.27400 -79.54420
-80.20950 -79.62690
-79.94410 -79.61840
-79.76670 -79.41460
-79.44610 -79.30170
-79.34230 -79.18770
-79.79120 -79.04690
-79.58570 -78.91510
-79.53720 -78.95270
-79.38180 -78.95110
-79.95310 -79.07290
-79.89170 -79.24750
-79.81710 -79.25650
-79.38170 -79.24330
-79.21450 -79.06150
-79.10760 -78.83410
-78.88020 -78.61390
-78.78910 -78.58350
-79.31150 -78.71830
-78.97420 -78.70530
-76.38330 -75.77620
-76.40820 -75.85270
-76.28180 -75.79170
-76.06240 -75.79520
-76.01480 -75.77540
-75.82810 -75.70000
-75.88430 -75.81870
-75.90530 -75.65150
-76.05250 -75.70340
-76.05400 -75.62450
-75.93570 -75.76760
-76.19880 -75.87380
-76.23270 -75.95040
-76.37650 -76.02710
-76.51400 -75.97370
-76.35230 -76.01070
-76.45070 -76.05610
-76.49560 -76.01120
-76.58980 -76.09450
-76.65350 -76.14620
-76.46900 -75.98090
-76.66860 -76.21860
-76.43760 -76.17090
-76.52200 -76.22000
-76.82010 -76.26120
-76.84410 -76.38330
-76.57920 -76.32400
-76.67040 -76.36020
-76.69400 -76.31310
-76.64930 -76.21940
-76.68880 -76.19920
-76.76280 -76.16420
-76.93570 -76.20120
-76.85730 -76.29660
-77.05690 -76.28420
-77.02050 -76.29310
-77.15210 -76.41080
-76.99450 -76.47450
-77.43530 -76.69650
-77.49050 -76.60760
-77.55640 -76.65460
-77.76490 -76.73260
-77.82480 -76.84870
-77.92180 -76.83830
-77.80430 -76.74660
-77.93230 -76.86620
-77.64390 -76.81960
-77.80920 -76.93680
-77.90080 -76.88920
-77.93190 -76.91290
-77.70900 -77.01990
-77.77680 -77.16830
-77.80450 -77.23220
-77.74010 -77.20050
-77.43040 -77.03830
-77.47380 -77.01680
-77.72540 -77.08210
-77.44870 -77.00040
-77.30830 -76.77570
-77.16180 -76.76950
-77.19540 -76.98810
-77.28310 -77.03780
-77.37030 -77.13130
-77.58100 -77.25310
-77.56720 -77.31460
-77.25730 -77.24590
-77.08630 -77.14040
-77.02450 -77.11920
-77.17790 -77.14010
-77.08060 -77.04670
-77.06470 -77.03520
-77.08320 -77.00710
-77.44490 -77.14700
-77.40590 -77.13820
-77.37890 -77.13290
-77.78030 -77.25950
-77.95210 -77.30100
-77.91760 -77.25510
-77.87390 -77.46380
-78.08360 -77.69860
-78.01820 -77.77080
-77.93400 -77.89870
-77.73370 -77.85630
-78.01850 -77.88680
-77.61920 -77.74760
-77.37190 -77.67450
-77.59650 -77.76100
-77.70710 -77.77660
-77.39510 -77.52560
-77.76460 -77.65300
-77.57600 -77.66950
-77.36250 -77.63830
-77.25980 -77.67870
-77.24090 -77.65370
-77.45360 -77.65450
-77.77240 -77.65830
-77.96390 -77.82500
-77.85020 -77.74050
-77.70670 -77.59900
-77.61660 -77.64320
-77.58500 -77.62360
-77.51450 -77.73730
-78.11930 -77.77930
-78.05090 -77.79480
-78.11290 -77.85550
-77.89360 -77.92290
-77.76000 -76.64410
-77.68100 -76.59150
-77.60450 -76.49390
-77.52480 -76.36810
-77.66550 -76.43480
-77.51600 -76.44650
-77.37190 -76.47110
-76.98990 -76.28960
-77.09510 -76.32500
-77.48270 -76.36660
-77.41280 -76.20800
-77.79490 -76.35780
-77.69690 -76.39570
-77.76220 -76.43990
-77.63920 -76.58550
-77.96050 -76.56030
-77.99320 -76.54050
-77.71660 -76.49090
-77.91900 -76.65700
-77.67560 -76.52220
-77.55410 -76.41890
-77.61820 -76.49450
-77.89410 -76.56170
-78.04270 -76.58760
-77.81400 -76.82580
-78.12680 -76.71870
-78.13680 -76.61230
-78.42010 -76.65100
-77.61300 -76.50170
-77.47850 -76.49170
-77.37960 -76.42470
-77.38030 -76.37860
-77.47860 -76.41440
-77.34030 -76.47560
-77.39520 -76.42420
-77.62140 -76.47860
-77.70470 -76.58850
-77.45170 -76.49710
-77.21720 -76.37810
-77.14450 -76.28840
-77.06550 -76.14280
-77.15250 -76.11120
-77.23050 -76.19980
-76.92270 -76.05440
-77.15890 -76.02850
-77.14910 -76.11800
-77.34560 -76.07980
-77.49550 -76.10750
-77.66850 -76.27400
-77.61200 -76.41470
-77.78770 -76.52100
-77.71370 -76.57770
-77.58730 -76.56610
-77.83210 -76.64760
-77.46550 -76.47540
-77.22460 -76.24280
-77.14380 -75.33500
-76.95310 -75.05550
-76.70110 -74.72070
-76.80380 -74.69120
-76.80290 -74.73630
-76.46350 -74.62180
-76.53060 -74.58710
-76.48950 -74.64760
-76.72600 -74.66680
-76.92460 -74.79140
-77.00470 -74.95300
-77.24540 -75.22900
-77.27490 -75.41530
-77.38940 -75.66090
-77.51030 -75.74940
-77.20460 -75.70060
-77.37860 -75.52850
-77.48900 -75.62750
-77.42570 -75.60510
-77.31410 -75.48100
-77.34870 -75.49580
-77.32880 -75.58750
-77.14600 -75.40880
-77.01320 -75.21860
-77.04870 -75.17390
-77.05520 -75.03240
-77.14420 -74.97210
-77.30970 -74.99740
-77.29690 -75.04930
-77.39490 -75.20740
-77.50220 -75.44140
-77.23390 -75.21870
-77.07230 -75.11530
-77.21580 -75.12770
-77.13340 -75.16710
-76.89440 -75.17180
-76.64360 -74.96980
-76.57370 -74.85090
-76.45870 -74.66500
-76.50700 -74.60340
-76.42950 -74.54450
-76.59990 -74.63320
-76.65120 -74.69680
-76.76070 -74.71770
-76.63950 -74.75210
-76.73040 -74.94080
-76.66570 -74.98820
-76.50560 -74.89190
-76.72090 -75.02360
-76.76810 -74.98880
-76.97590 -75.14860
-77.09590 -75.33240
-77.00990 -75.29990
-77.18390 -75.46350
-76.87430 -75.35880
-77.02220 -75.37260
-77.11410 -75.42120
-77.14200 -75.44990
-77.18190 -75.46810
-77.20550 -75.61790
-76.97680 -75.48900
-77.02630 -75.48220
-76.88290 -75.48220
-76.78920 -75.32080
-76.89770 -75.28060
-76.85940 -75.17510
-76.93240 -75.13240
-77.04180 -75.16180
-76.91500 -75.04510
-76.62780 -74.90780
-76.70840 -74.93930
-76.50930 -74.89330
-76.60720 -74.80380
-76.39310 -74.73180
-76.29780 -74.67150
-76.32370 -74.59420
-76.38880 -74.58690
-76.32540 -74.46280
-76.29110 -74.41000
-76.49780 -74.54820
-76.60730 -74.59530
-76.60800 -74.58030
-76.63380 -74.61330
-76.82750 -74.74230
-76.74290 -74.81330
-76.67960 -74.87040
-76.61260 -74.83440
-76.32480 -74.66910
-76.22500 -74.37480
-76.09510 -74.34270
-75.93320 -74.24420
-75.96770 -74.18750
-76.01710 -74.23940
-75.95330 -74.14550
-75.77110 -74.09340
-75.93670 -74.22520
-75.98080 -74.30410
-75.88960 -74.23400
-75.88680 -74.24870
-75.62570 -74.08170
-75.57110 -74.11030
-75.67320 -74.09040
-67.59660 -66.99770
-67.63500 -66.96960
-67.87220 -67.05780
-67.85170 -67.31620
-68.01720 -67.88630
-68.07540 -67.84190
-68.23220 -68.03170
-68.07890 -68.12140
-68.07250 -68.11120
-68.26540 -68.13160
-68.46740 -68.17720
-68.44720 -68.22170
-68.08030 -68.18330
-68.00740 -67.95520
-67.71760 -67.89440
-67.85360 -67.73970
-67.63290 -67.67760
-67.37220 -67.68570
-67.69850 -67.99430
-67.67960 -67.99180
-67.51040 -67.85740
-66.62760 -67.37220
-67.16490 -67.55390
-67.32590 -67.53610
-67.56160 -67.56700
-67.54010 -67.57420
-67.66410 -67.53090
-67.74310 -67.51560
-67.73630 -67.56820
-67.99700 -67.87110
-67.95380 -67.95520
-68.05370 -67.92970
-68.15950 -67.96620
-68.26590 -67.99610
-68.60700 -68.27170
-68.50290 -68.28990
-68.55600 -68.34510
-68.72860 -68.37330
-68.62680 -68.43360
-68.65830 -68.43330
-68.61490 -68.43480
-68.53000 -68.43680
-68.73590 -68.45190
-68.70460 -68.50360
-68.88650 -68.52080
-68.87120 -68.52360
-68.66050 -68.52960
-68.47200 -68.13830
-68.49690 -68.10900
-68.50390 -68.13650
-68.65040 -68.17000
-68.58420 -68.11360
-68.53570 -68.06490
-68.43250 -68.02790
-68.53580 -68.03340
-68.46860 -68.04990
-68.15500 -67.81590
-68.25450 -67.67070
-68.10710 -67.60350
-68.13680 -67.39690
-68.16850 -67.24610
-68.01370 -67.12880
-67.93300 -67.09680
-68.10220 -67.11570
-68.09270 -67.09920
-68.10770 -67.04260
-68.09310 -66.84640
-68.27300 -66.83650
-68.27940 -66.81140
-68.24530 -66.81670
-68.18670 -66.78290
-68.14220 -66.81300
-68.34850 -66.85820
-68.42320 -66.86090
-68.57720 -66.99650
-68.49200 -67.32120
-68.39280 -67.33070
-68.21600 -67.25240
-67.99570 -66.92890
-67.88310 -66.65340
-68.08880 -66.69460
-68.25100 -67.00140
-68.55810 -67.09970
-68.56830 -67.33100
-68.50930 -67.33230
-68.65780 -67.43340
-68.63290 -67.39130
-68.80360 -67.39780
-68.85640 -67.48800
-68.84830 -67.50030
-68.46660 -67.41020
-68.41010 -67.35890
-68.50180 -67.38390
-68.69130 -67.46720
-68.61950 -67.44370
-68.67780 -67.46990
-68.61170 -67.52870
-68.72100 -67.51940
-68.86040 -67.62740
-68.70720 -67.65570
-68.46770 -67.82240
-68.47330 -67.87400
-68.62960 -68.04690
-68.31050 -67.92110
-67.94900 -67.58260
-68.04690 -67.54860
-67.95760 -67.46820
-67.90800 -67.37490
-67.79990 -67.36850
-67.67420 -67.00040
-67.57770 -66.90780
-67.39950 -66.92920
-67.21640 -66.82410
-67.19590 -66.79060
-67.00950 -66.75260
-67.11070 -66.71490
-67.10630 -66.66700
-67.13630 -66.64420
-67.19790 -66.61410
-67.37310 -66.61580
-67.38840 -66.67010
-67.35320 -66.67650
-67.46720 -66.74410
-67.65990 -66.85220
-67.40560 -66.79990
-67.40280 -66.76350
-67.87400 -66.90820
-68.00550 -67.02230
-67.84580 -67.07850
-67.88660 -67.10160
-67.63090 -67.10760
-67.42730 -66.99900
-67.28040 -66.96410
-67.33540 -66.75110
-67.21450 -66.82450
-67.34410 -66.78010
-67.05330 -66.78510
-66.84440 -66.43160
-66.56700 -66.37900
-66.74110 -66.42550
-66.78240 -66.44140
-66.65880 -66.31710
-66.82410 -66.37460
-66.90000 -66.37860
-66.80690 -66.29580
-67.00860 -66.37090
-66.75330 -66.23190
-66.88000 -66.25510
-67.05830 -66.44170
-67.11680 -66.52540
-66.74830 -66.48650
-66.68400 -66.41570
-66.53010 -66.38830
-66.32800 -66.00170
-66.32260 -66.04780
-66.40990 -66.08100
-66.39610 -66.13100
-66.31120 -66.09760
-65.98750 -65.90150
-66.07650 -65.91280
-66.25380 -66.05400
-66.12920 -65.90800
-66.11850 -65.87490
-66.06800 -65.91400
-66.24220 -65.88450
-66.20980 -65.86230
-66.30140 -65.79260
-66.19440 -65.76840
-66.15850 -65.85900
-66.20420 -65.87380
-66.37300 -65.97500
-65.92390 -65.85530
-65.93070 -65.81110
-65.78260 -65.82420
-65.80590 -65.85050
-65.79050 -65.82650
-65.90000 -65.79730
-65.82690 -65.77100
-65.89240 -65.73440
-65.97550 -65.85330
-65.88340 -65.83570
-66.50280 -65.94190
-66.46070 -65.84200
-66.66020 -66.04370
-66.46250 -66.24640
-66.23090 -66.21610
-65.75830 -65.87880
-65.86620 -65.64790
-65.82780 -65.56190
-65.20470 -65.49770
-65.30740 -65.53060
-65.39260 -65.52070
-65.77500 -65.76750
-65.72030 -65.79300
-65.74700 -65.85000
-65.21000 -65.37170
-64.94020 -65.14890
-65.41630 -65.26160
-65.18230 -65.30720
-65.22870 -65.32690
-65.34660 -65.36290
-65.29340 -65.30810
-67.40920 -66.68900
-67.42850 -66.89280
-67.09020 -66.98160
-67.25540 -67.07660
-66.92860 -67.09980
-66.59530 -66.95770
-66.93410 -67.05380
-66.98440 -67.13080
-67.14370 -67.23450
-67.02270 -67.18760
-67.24910 -67.33700
-67.49790 -67.29240
-67.69860 -67.33730
-67.64190 -67.38550
-67.85530 -67.64590
-67.75230 -67.63010
-67.88480 -67.81080
-67.89760 -67.75610
-67.67190 -67.75770
-67.98430 -67.88750
-67.68580 -67.83850
-67.78070 -67.85780
-68.00080 -67.88180
-68.13540 -67.94310
-67.96740 -67.82550
-67.99250 -67.78440
-67.91970 -67.73080
-68.24380 -67.82900
-68.24500 -67.77940
-68.30740 -67.79150
-68.44330 -67.82470
-68.46610 -67.87110
-68.60950 -67.88880
-68.58760 -67.98280
-68.21980 -68.03280
-68.08460 -68.05850
-68.33610 -67.99760
-68.53810 -68.03270
-68.53070 -68.04230
-68.52800 -68.01250
-68.76360 -68.25930
-68.87360 -68.25640
-68.80370 -68.37000
-68.83910 -68.36330
-68.56060 -68.22270
-68.69520 -68.27540
-68.68050 -68.27900
-68.82810 -68.30640
-68.45180 -68.18160
-68.64710 -68.19060
-68.45570 -68.19490
-68.46150 -68.20120
-68.54890 -67.94520
-68.40090 -68.01620
-68.29120 -68.02390
-68.52520 -68.03380
-68.67330 -68.18880
-68.38140 -68.15960
-68.21650 -68.10360
-68.17520 -67.87300
-68.13570 -67.80380
-68.25080 -67.80420
-68.39380 -67.95880
-68.27970 -67.93850
-68.58520 -68.00720
-68.51290 -68.02470
-68.61920 -68.10290
-68.71230 -68.22620
-68.81350 -68.40540
-68.80790 -68.48800
-68.66790 -68.48330
-68.61170 -68.27230
-68.34540 -68.16690
-68.53650 -68.12500
-68.45500 -68.06410
-68.31940 -68.07090
-68.14100 -68.02560
-68.15810 -67.96930
-68.37840 -67.91430
-68.80270 -68.13770
-68.76500 -68.08340
-68.77330 -68.22460
-68.46210 -68.18870
-68.46170 -68.14290
-68.68180 -68.19780
-68.75870 -68.18880
-68.81590 -68.17670
-68.92000 -68.17970
-68.83990 -68.19780
-68.90140 -68.19110
-69.11580 -68.21240
-68.97440 -68.24340
-69.35560 -68.36800
-68.95460 -68.28970
-69.07460 -68.37100
-69.13360 -68.39360
-69.08200 -68.38320
-68.94450 -68.37740
-69.15840 -68.44000
-69.13970 -68.42120
-68.98000 -67.64280
-68.82770 -67.62750
-68.77230 -67.34780
-69.10890 -67.40500
-69.27750 -67.56600
-69.28270 -67.65070
-69.51870 -67.70340
-69.37030 -67.69060
-69.61570 -67.95220
-69.81660 -67.95490
-69.90270 -67.95000
-69.93340 -67.88270
-69.97920 -67.94380
-70.10270 -67.99020
-70.37810 -67.98510
-70.50950 -67.99660
-70.65290 -67.98350
-70.54390 -67.88700
-70.33410 -68.11990
-70.54630 -68.07720
-70.80390 -68.19960
-70.84350 -68.21470
-70.70550 -68.12170
-70.82380 -68.13700
-70.90920 -68.24400
-71.05500 -68.44350
-71.00210 -68.43590
-70.80510 -68.45350
-70.77550 -68.45750
-70.51700 -68.40960
-70.40680 -68.45460
-70.25170 -68.45860
-70.15910 -68.48250
-70.45980 -68.24240
-70.23370 -68.16920
-70.13300 -68.17300
-70.06840 -68.18070
-70.18180 -68.19340
-70.39980 -68.25260
-70.50670 -68.28760
-70.43340 -68.25430
-70.29930 -68.24270
-70.41550 -68.22480
-70.53350 -68.28870
-70.71700 -68.37500
-70.73890 -68.46790
-70.85390 -68.40560
-70.92520 -68.44430
-71.05920 -68.44800
-71.11820 -68.52080
-71.15410 -68.51810
-71.21380 -68.50770
-71.63310 -68.76460
-71.52390 -68.81220
-71.65430 -68.89090
-71.68100 -68.86980
-71.70520 -68.81900
-71.48520 -68.78400
-68.07770 -67.48220
-67.87500 -67.28930
-67.69730 -66.99360
-67.81000 -67.16380
-68.00410 -66.09600
-68.11340 -66.15520
-68.02410 -66.17340
-67.96150 -66.09840
-68.08030 -66.10600
-68.05380 -66.16980
-67.93250 -66.23340
-68.06720 -66.31160
-68.16420 -66.43520
-68.41000 -66.66140
-68.50600 -66.82030
-68.34570 -66.83940
-68.29400 -66.71880
-68.28690 -66.70220
-68.72520 -66.78590
-68.82220 -66.82230
-68.72320 -66.79670
-68.86670 -66.88410
-68.75720 -66.91550
-68.71970 -67.00850
-68.47950 -66.83730
-68.71000 -66.94700
-68.50270 -66.89560
-68.42800 -66.89510
-68.41460 -66.89150
-68.14970 -66.64860
-68.17950 -66.73470
-68.15270 -66.71850
-68.38010 -66.73900
-68.12830 -66.73410
-68.24770 -66.64540
-68.44190 -66.81780
-68.20360 -66.65930
-67.96290 -66.58000
-67.89550 -66.47150
-68.12770 -66.60340
-68.10210 -66.54660
-68.21670 -66.57410
-68.20990 -66.48480
-68.28270 -66.64860
-68.41680 -66.71400
-68.21400 -66.58550
-68.09310 -66.54210
-68.00240 -66.55350
-68.10500 -66.50380
-68.14950 -66.49660
-67.92740 -66.47570
-68.03880 -66.49900
-68.09140 -66.51820
-68.10350 -66.54300
-68.24680 -66.65160
-68.26370 -66.68500
-68.31060 -66.65430
-68.44370 -66.72890
-68.53790 -66.93450
-68.34510 -66.82450
-68.48620 -66.88460
-68.32500 -66.87500
-68.37940 -66.92800
-68.55940 -66.98220
-68.50200 -66.97660
-68.24280 -66.86710
-68.16400 -66.86990
-68.46710 -66.89250
-68.42490 -66.92790
-68.36160 -66.78760
-68.33650 -66.75000
-68.33290 -66.71900
-68.44300 -66.78790
-68.25260 -66.65110
-68.35730 -66.67950
-68.17180 -66.67410
-68.22110 -66.68160
-68.21680 -66.58890
-68.17620 -66.59340
-68.39140 -66.71480
-68.27040 -66.57080
-68.39130 -66.60410
-68.55720 -66.76550
-68.37270 -66.71670
-68.29970 -66.72390
-68.06660 -66.66530
-67.92320 -66.56250
-67.75280 -66.52880
-67.77020 -66.55580
-67.46140 -66.42260
-67.40760 -66.37460
-67.35410 -66.11750
-67.19240 -66.02760
-67.13960 -65.85570
-67.25350 -65.92410
-67.18660 -65.89110
-67.18840 -65.86610
-66.79520 -65.66680
-66.43670 -65.50360
-66.52110 -65.46210
-66.34130 -65.45070
-66.51910 -65.47210
-66.61540 -65.60060
-58.69060 -58.43560
-58.87760 -58.45150
-58.84810 -58.49950
-59.01030 -58.51050
-59.00710 -58.51960
-58.91350 -58.48200
-58.98520 -58.46920
-59.02090 -58.48090
-59.06670 -58.46180
-59.22840 -58.49000
-59.18280 -58.49250
-59.15530 -58.49650
-59.17740 -58.51080
-58.98180 -58.46370
-59.04760 -58.49710
-59.06330 -58.52210
-59.20950 -58.53710
-59.32030 -58.58750
-59.34000 -58.60820
-59.29890 -58.64850
-59.00440 -58.62930
-58.81500 -58.63400
-58.88970 -58.64410
-58.91790 -58.63510
-58.86920 -58.55160
-58.67790 -58.54610
-58.72150 -58.52630
-58.60690 -58.51060
-58.58360 -58.37610
-58.72270 -58.44840
-58.69860 -58.44400
-58.65010 -58.46580
-58.58250 -58.48120
-58.52720 -58.35450
-58.35950 -58.39970
-58.42380 -58.41350
-58.24230 -58.38420
-57.94840 -58.33620
-58.08360 -58.20210
-58.23930 -58.15940
-58.43150 -58.09850
-58.39990 -58.17640
-58.51120 -58.11920
-58.55020 -58.21620
-58.62790 -58.21140
-58.76860 -58.33600
-58.83260 -58.39110
-58.79450 -58.37520
-58.87610 -58.45940
-58.91360 -58.50600
-59.08580 -58.50690
-59.06460 -58.61790
-58.95260 -58.70830
-59.28770 -58.73630
-59.16960 -58.75370
-59.19830 -58.77630
-59.10880 -58.78560
-59.28510 -58.79420
-59.43690 -58.80010
-59.24240 -58.81240
-59.16920 -58.46630
-59.18240 -58.59090
-59.02480 -58.44780
-59.00170 -58.31750
-58.95240 -58.31240
-59.11590 -58.24150
-59.07930 -58.24330
-59.03680 -58.17990
-58.99470 -58.17460
-59.08210 -58.16690
-59.11730 -58.19550
-59.11410 -58.18500
-58.97080 -58.16800
-59.16060 -58.12850
-59.16730 -58.09340
-59.10950 -58.09050
-59.03360 -58.07770
-59.39660 -58.21070
-59.48820 -58.27630
-59.35020 -58.23950
-59.18310 -58.34650
-59.02600 -58.10170
-58.94970 -58.10870
-58.94180 -57.95490
-58.91850 -58.00480
-59.16000 -58.11120
-59.46030 -58.15400
-59.58540 -58.52370
-59.68700 -58.53470
-59.63850 -58.52790
-59.76460 -58.65480
-59.76300 -58.52760
-59.68900 -58.63520
-59.78000 -58.56750
-59.79360 -58.64710
-59.47690 -58.57980
-59.50690 -58.53270
-59.63780 -58.55270
-59.62420 -58.58930
-59.62690 -58.66260
-59.36590 -58.63920
-59.07180 -58.77480
-58.92180 -58.73390
-58.76280 -58.37440
-58.52390 -58.30850
-58.46620 -58.19780
-58.37060 -57.92760
-58.27860 -57.87850
-58.30860 -57.82780
-58.38220 -57.81220
-58.34370 -57.77820
-58.33120 -57.80700
-58.34310 -57.81590
-58.34190 -57.78790
-58.51700 -57.81530
-58.71770 -57.98020
-58.73750 -57.99070
-58.79560 -58.06770
-58.86150 -58.14560
-58.93640 -58.21870
-59.11730 -58.26780
-59.03900 -58.38210
-58.96050 -58.38940
-59.02290 -58.46450
-58.52110 -58.17850
-58.79580 -58.22610
-58.60920 -58.19530
-58.80360 -58.25700
-58.96820 -58.28930
-58.85180 -58.28450
-58.75660 -58.17390
-58.57910 -58.15060
-58.47130 -58.10360
-58.50910 -58.08970
-58.49190 -58.05020
-58.41170 -58.07780
-58.21040 -58.01330
-58.47260 -58.00820
-58.29900 -57.88170
-58.26440 -57.91780
-58.33400 -57.91110
-58.45830 -57.88540
-58.67040 -57.99440
-58.74730 -58.08380
-58.67620 -58.15700
-58.74240 -58.22960
-58.43070 -57.95160
-58.38080 -57.90080
-58.42250 -58.03310
-58.35020 -57.94470
-58.39220 -57.86370
-58.44500 -57.87960
-58.55070 -57.87940
-58.56340 -57.85930
-58.49700 -57.86660
-58.54830 -57.93950
-58.53470 -57.91550
-58.41990 -57.83810
-58.28240 -57.79350
-58.26780 -57.80830
-58.35080 -57.92880
-58.36250 -57.90920
-58.35460 -57.87150
-58.39060 -57.87320
-57.89950 -57.53800
-57.74710 -57.44460
-57.91270 -57.45820
-57.76890 -57.50030
-57.51300 -57.46970
-57.61530 -57.44090
-57.55440 -57.38350
-57.65890 -57.33300
-57.88110 -57.47610
-57.93590 -57.60700
-58.42320 -57.70180
-58.33090 -57.62090
-58.39480 -57.68150
-58.42080 -57.60620
-58.58720 -57.65980
-58.59070 -57.81580
-58.46530 -57.80690
-58.48490 -57.96180
-58.26430 -57.90190
-58.15520 -57.85360
-58.14070 -57.83230
-58.09850 -57.56640
-58.01440 -57.47790
-58.04110 -57.50490
-57.93620 -57.51360
-57.93060 -57.58170
-58.02700 -57.55490
-58.13690 -57.63890
-58.16360 -57.67440
-57.93840 -57.57050
-57.91770 -57.48270
-57.65470 -57.33860
-57.50420 -57.09530
-57.73710 -57.13520
-57.80510 -57.15550
-57.59760 -57.13400
-57.70860 -57.15720
-57.60690 -57.19020
-57.85740 -57.46520
-57.93540 -57.48420
-57.98740 -57.69260
-57.88130 -57.72390
-58.01300 -57.77790
-57.99760 -57.80340
-57.94090 -57.75900
-57.80870 -57.71560
-57.74240 -57.81350
-58.19000 -57.79140
-58.28940 -57.74530
-58.16820 -57.77050
-58.19510 -57.81200
-58.23940 -57.88630
-58.11600 -57.79110
-58.27850 -57.90510
-58.27900 -57.85670
-58.17100 -57.84820
-58.31380 -57.90940
-58.29520 -57.99170
-58.42100 -58.08010
-58.35000 -58.03470
-58.54790 -58.09730
-58.52210 -58.09490
-58.71340 -58.18250
-58.70120 -58.23810
-58.75250 -58.35640
-58.37140 -58.21800
-58.50780 -58.29820
-58.63540 -58.31600
-58.72200 -58.36190
-58.78150 -58.45920
-58.73970 -58.41550
-58.83310 -58.45320
-58.80850 -58.43810
-58.76270 -58.37870
-58.82650 -58.38700
-58.98730 -58.41790
-58.88700 -58.35310
-58.80440 -58.31710
-58.94560 -58.41950
-59.09210 -58.57730
-59.12020 -58.58540
-58.96070 -58.50310
-58.98770 -58.49970
-58.91060 -58.41980
-57.98150 -57.71050
-57.91200 -57.65040
-57.90540 -57.67180
-58.06020 -57.71620
-57.91710 -57.74250
-57.97490 -57.67040
-58.18370 -57.69520
-58.24590 -57.73120
-58.28400 -57.84700
-57.97500 -57.80200
-58.04650 -57.63280
-58.30460 -57.87270
-58.26410 -57.86100
-58.24480 -57.85310
-58.53600 -57.94980
-58.66160 -57.99310
-58.69730 -58.07640
-58.72660 -58.03740
-58.67050 -58.01260
-58.73630 -58.21360
-58.60230 -58.32500
-58.51930 -58.28460
-58.88520 -58.32660
-58.71730 -58.33270
-58.57890 -58.29750
-58.74340 -58.34380
-58.88950 -58.35700
-58.88420 -58.37560
-58.59850 -58.25970
-58.83610 -58.29570
-58.85570 -58.26340
-58.90340 -58.38920
-58.51330 -58.29930
-58.43920 -58.31530
-58.44850 -58.25090
-58.58720 -58.23480
-58.64330 -58.24270
-58.91810 -58.31460
-58.85770 -58.37480
-58.79620 -58.37410
-58.49510 -58.33130
-58.61100 -58.21340
-58.63590 -58.18950
-58.71470 -58.28340
-58.82160 -58.35560
-58.68430 -58.34250
-58.90320 -58.38660
-59.04860 -58.36760
-58.78360 -58.26730
-58.93100 -58.33810
-59.02810 -58.42860
-58.87640 -58.46180
-58.72760 -58.54160
-58.78070 -58.52120
-58.48470 -57.37150
-58.34550 -57.37420
-58.24840 -57.46630
-58.39370 -57.43120
-58.23360 -57.30550
-58.50180 -57.31600
-58.81910 -57.32040
-58.94720 -57.41810
-58.99760 -57.38790
-59.10330 -57.68350
-59.06420 -57.64150
-59.34220 -57.63580
-59.39830 -57.60960
-59.47220 -57.82440
-59.40760 -57.74940
-59.34690 -57.79670
-59.44860 -57.83130
-59.50320 -57.92270
-59.42690 -57.84740
-59.25250 -57.85670
-59.40010 -57.80180
-59.46970 -57.78060
-59.68480 -57.73980
-59.72860 -57.74050
-59.46910 -57.77250
-59.40080 -57.71680
-59.25920 -57.68600
-59.20570 -57.56260
-59.13750 -57.54930
-59.22040 -57.56830
-59.42390 -57.74260
-58.99640 -57.58840
-58.99090 -57.53220
-58.80910 -57.25880
-58.78410 -57.23550
-58.91070 -57.30790
-58.81990 -57.18140
-58.83100 -57.23140
-59.04010 -57.19720
-59.05610 -57.28870
-59.03520 -57.35340
-58.85650 -57.36880
-59.10790 -57.48230
-58.83830 -57.32860
-58.76130 -57.27850
-58.75580 -57.10210
-58.48760 -56.95440
-58.18130 -56.93290
-61.46170 -58.42990
-61.32530 -59.51210
-61.11720 -59.51030
-61.35990 -59.52870
-61.31710 -59.57680
-61.33420 -59.51850
-61.24850 -59.56130
-61.32410 -59.54000
-61.29410 -59.50630
-61.31610 -59.56890
-61.56690 -59.65060
-61.34710 -59.69930
-61.38140 -59.63330
-61.17650 -59.61070
-61.40960 -59.62330
-61.25140 -59.51530
-61.35500 -59.46380
-61.51890 -59.63590
-61.08510 -59.50860
-61.37190 -59.64530
-61.11480 -59.44110
-61.46770 -59.59500
-61.26680 -59.50370
-61.19460 -59.47560
-61.21080 -59.44600
-61.19750 -59.45820
-61.22330 -59.46540
-61.07820 -59.37340
-60.98880 -59.37970
-61.01940 -59.36330
-61.02630 -59.37950
-61.09810 -59.41850
-61.17630 -59.54890
-61.14840 -59.59060
-60.91390 -59.50170
-61.01960 -59.45380
-60.67390 -59.33060
-60.48300 -59.22650
-60.50120 -59.30270
-60.50640 -59.30420
-60.62020 -59.25570
-60.44420 -59.15180
-60.50490 -59.16770
-60.63910 -59.14390
-60.59840 -59.12120
-60.43350 -58.99330
-60.33110 -58.94870
-60.25690 -58.97250
-60.15650 -58.91360
-60.27090 -58.92500
-60.21640 -58.90790
-60.35030 -58.77870
-60.45090 -58.74920
-60.32500 -58.71940
-60.23070 -58.71080
-60.37150 -58.70750
-59.16620 -58.29900
-59.10660 -58.29990
-59.11440 -58.30980
-59.08110 -57.86630
-59.24460 -57.83250
-59.28000 -57.92790
-59.18460 -57.86850
-59.15450 -57.87930
-59.30060 -57.95810
-59.08070 -57.95290
-59.21050 -57.96220
-59.29700 -57.98540
-59.37270 -58.05120
-59.25770 -58.03120
-59.02560 -57.92610
-59.30090 -57.91900
-59.02290 -57.98570
-58.97270 -57.92650
-58.88870 -57.90450
-58.81450 -57.92290
-58.84820 -57.73750
-58.64720 -57.53050
-58.45930 -57.44320
-58.26800 -57.47810
-58.21010 -57.48110
-58.43680 -57.44070
-58.22630 -57.17880
-58.18130 -57.07860
-58.27930 -57.16200
-58.29230 -57.18150
-58.23620 -57.12450
-58.31880 -57.26700
-58.51890 -57.35600
-58.42670 -57.41170
-58.44700 -57.39240
-57.84270 -56.98920
-57.87590 -56.98500
-57.75410 -56.91390
-57.67820 -56.73310
-57.68520 -56.80830
-57.61710 -56.75250
-57.41500 -56.71640
-57.50660 -56.80800
-57.46080 -56.85540
-57.49700 -56.92880
-57.38830 -56.75690
-57.03110 -56.56090
-56.84730 -56.33270
-56.80010 -56.25080
-50.43660 -50.21770
-50.55590 -50.27650
-50.47290 -50.29140
-50.48080 -50.36790
-50.51690 -50.38380
-50.51690 -50.39470
-50.58660 -50.38240
-50.71410 -50.38210
-50.80030 -50.39090
-50.71010 -50.42690
-50.38740 -50.20800
-50.39410 -50.21330
-50.32000 -50.19940
-50.20140 -50.14670
-50.11550 -50.12310
-49.93370 -50.13780
-50.14860 -50.11730
-50.04690 -50.11950
-49.88020 -50.08080
-49.98190 -50.06970
-50.02240 -50.03050
-49.98230 -49.99520
-49.83730 -50.03700
-49.35350 -49.81180
-49.77080 -49.79870
-50.07460 -49.85450
-50.03850 -49.87990
-50.13290 -49.86580
-50.15200 -49.94350
-50.22060 -49.94920
-50.33080 -50.04610
-50.28780 -50.06350
-50.30410 -50.08580
-50.49140 -50.17040
-50.58040 -50.23990
-50.66460 -50.21940
-50.73530 -50.23610
-50.63840 -50.26520
-50.66770 -50.33470
-50.37760 -50.36300
-50.48130 -50.31050
-50.51030 -50.24990
-50.59570 -50.27130
-50.50100 -50.27240
-50.50750 -50.27920
-50.55790 -50.26690
-50.80830 -50.30490
-50.63040 -50.31950
-50.70190 -50.34270
-50.77620 -50.33390
-50.75910 -50.26250
-50.64590 -50.20510
-50.64760 -50.18210
-50.87020 -50.24790
-50.84440 -50.21320
-50.74450 -50.16130
-50.82560 -50.17130
-50.80080 -50.18910
-50.69970 -50.18310
-50.79310 -50.13130
-50.71620 -49.94240
-50.59330 -49.87640
-50.63340 -49.87290
-50.65460 -49.88770
-50.59710 -49.68660
-50.49680 -49.63230
-50.64180 -49.63340
-50.66150 -49.61880
-50.65050 -49.62360
-50.89380 -49.72900
-51.00890 -49.81620
-50.86620 -49.75130
-50.92460 -49.80510
-50.90190 -49.90800
-50.56860 -49.58020
-50.49170 -49.57570
-50.49700 -49.50530
-50.52230 -49.46910
-50.75790 -49.78770
-50.80110 -49.82950
-50.90180 -49.90770
-50.81440 -49.82540
-50.81630 -49.80700
-50.93850 -49.80810
-50.92980 -49.76780
-50.93560 -49.76970
-50.97870 -49.76570
-50.99500 -49.71830
-50.67100 -49.65900
-50.72480 -49.66860
-50.65360 -49.71100
-50.55410 -49.72690
-50.77920 -49.85170
-50.77420 -49.85050
-50.72580 -49.89580
-50.91170 -49.97020
-50.64790 -50.03360
-50.73410 -49.98730
-50.43400 -50.32360
-50.15140 -50.25860
-50.17210 -50.28580
-49.97450 -49.99650
-49.97270 -49.71070
-49.90240 -49.70090
-49.84420 -49.62030
-49.77590 -49.57030
-49.74610 -49.55570
-49.71510 -49.51810
-49.50140 -49.39220
-49.34860 -49.21190
-49.31050 -49.08800
-49.17790 -49.06980
-49.22250 -49.03400
-49.36170 -49.06800
-49.48260 -49.19520
-49.56190 -49.27140
-49.65250 -49.43460
-50.35360 -49.68230
-50.38540 -49.87780
-50.02110 -49.72800
-50.15830 -49.76310
-50.27770 -49.87870
-50.23120 -49.94400
-50.13950 -49.88260
-49.80910 -49.81140
-49.43070 -49.43550
-49.50690 -49.45960
-49.33890 -49.36530
-49.57250 -49.37620
-49.70110 -49.40840
-49.89380 -49.49970
-49.87740 -49.51980
-49.89630 -49.62260
-49.78740 -49.59430
-49.64200 -49.52560
-49.57260 -49.42410
-49.43280 -49.34260
-49.26620 -49.05220
-49.27580 -48.95490
-49.30930 -48.97340
-49.46240 -48.96560
-49.47240 -48.95180
-49.45340 -49.08100
-49.36050 -49.03410
-49.27720 -48.98680
-49.36530 -49.02480
-49.54930 -49.08980
-49.52060 -49.09130
-49.54360 -49.08140
-49.63790 -49.09650
-49.48420 -49.06360
-49.44350 -49.08000
-49.34350 -49.04820
-49.46710 -49.05610
-49.39760 -49.09940
-49.29190 -49.10940
-49.51510 -49.22030
-49.32860 -49.16210
-49.08960 -49.06930
-49.21080 -49.00740
-49.30720 -49.03150
-49.35510 -49.13140
-49.78030 -49.33490
-49.88030 -49.35220
-49.82910 -49.35710
-49.76620 -49.31110
-49.75670 -49.38340
-49.56570 -49.21630
-49.43220 -49.15660
-49.38880 -49.10110
-49.58280 -49.07840
-49.53650 -49.03540
-49.25040 -48.91910
-49.26340 -49.02430
-49.32380 -49.01570
-49.46830 -49.01800
-49.70070 -49.08350
-49.77380 -49.18670
-49.78950 -49.31980
-49.71090 -49.25920
-49.60210 -49.26450
-49.89740 -49.33390
-49.71860 -49.32540
-49.75720 -49.32890
-49.63370 -49.33430
-48.80440 -49.14280
-48.87720 -49.14580
-48.99000 -48.98690
-49.02970 -48.97890
-48.92020 -48.89990
-48.91560 -48.93860
-48.85950 -48.97630
-49.07380 -49.02340
-48.94320 -48.99430
-48.93720 -48.97710
-48.75830 -48.90520
-48.96290 -48.77130
-49.08540 -48.88010
-49.07670 -48.96680
-49.31420 -49.08210
-49.53740 -49.16760
-49.63440 -49.11680
-49.68860 -49.23860
-49.60610 -49.26440
-49.33180 -49.29670
-49.48300 -49.28070
-49.58840 -49.34900
-49.58380 -49.22940
-49.56170 -49.18330
-49.66460 -49.25400
-49.60330 -49.18280
-49.61320 -49.12950
-49.72470 -49.29090
-49.66150 -49.32920
-49.69470 -49.30750
-49.71350 -49.29430
-49.49040 -49.21550
-49.51230 -49.24630
-49.59170 -49.26280
-49.65030 -49.26170
-49.84200 -49.36680
-49.78460 -49.34960
-49.86680 -49.40620
-50.08350 -49.44360
-50.15070 -49.51880
-50.11380 -49.48520
-50.13080 -49.60710
-49.98810 -49.59790
-49.94410 -49.55990
-50.13490 -49.55100
-50.13470 -49.54990
-50.09630 -49.65880
-50.14740 -49.72610
-50.11090 -49.70760
-49.96640 -49.54430
-49.84190 -49.46340
-49.72620 -49.50520
-50.21010 -49.83860
-50.12660 -50.04990
-50.28200 -50.00170
-50.23110 -49.97940
-50.36400 -49.98000
-50.43210 -49.99740
-50.41340 -50.00330
-50.18320 -50.00920
-50.12080 -49.98450
-49.96220 -49.96600
-50.00660 -49.96970
-50.03020 -49.97080
-50.09670 -49.97850
-50.23290 -50.03350
-50.32580 -50.05260
-50.52010 -50.15900
-50.51910 -50.16190
-50.51020 -50.18950
-50.55630 -50.17930
-50.55110 -50.17360
-50.63880 -50.20130
-50.78030 -50.22150
-50.76620 -50.35510
-50.99360 -50.39730
-50.87710 -50.49890
-50.93680 -50.47840
-50.83210 -50.48650
-50.61650 -50.49150
-50.69040 -50.50140
-50.63280 -50.42350
-50.71680 -50.41200
-50.82660 -50.42040
-50.55050 -50.39760
-50.62960 -50.40720
-50.66630 -50.39110
-50.78140 -50.38210
-50.80250 -50.39520
-50.89320 -50.40340
-51.03960 -50.41110
-51.01890 -50.40850
-51.19550 -50.51150
-50.95590 -50.56190
-50.93510 -50.54950
-51.20220 -50.55050
-51.34600 -50.57510
-51.35670 -50.60130
-51.48060 -50.60210
-51.38330 -50.61850
-51.46050 -50.58390
-51.37160 -50.57910
-51.57360 -50.60750
-51.70320 -50.65690
-51.72370 -50.62020
-51.85840 -50.81420
-51.74650 -50.80060
-51.72800 -50.77850
-51.69450 -50.33770
-51.65410 -50.26860
-51.92420 -50.30260
-51.64990 -50.31170
-51.78660 -50.33480
-52.01320 -50.34500
-51.93950 -50.50290
-52.10460 -50.56990
-52.03850 -50.54440
-52.07110 -50.47210
-51.95760 -50.48930
-52.00770 -50.49290
-52.11560 -50.46870
-52.13990 -50.51240
-52.23940 -50.63110
-52.10970 -50.59490
-52.24360 -50.57070
-52.34560 -50.59170
-52.21510 -50.57160
-52.08860 -50.55850
-51.99810 -50.49600
-52.05890 -50.51740
-51.98400 -50.50160
-51.93600 -50.43310
-51.98460 -50.47470
-52.02820 -50.41360
-52.02080 -50.36520
-52.06940 -50.42680
-51.90880 -50.36290
-51.81520 -50.31950
-51.71380 -50.28040
-51.73990 -50.28270
-51.86430 -50.30020
-51.78550 -50.26330
-51.80700 -50.26240
-51.93820 -50.29720
-52.11360 -50.31110
-51.96360 -50.29060
-51.79390 -50.25220
-51.77750 -50.26970
-51.70150 -50.25580
-51.55370 -50.23890
-51.61700 -50.20220
-51.57530 -50.15890
-51.43830 -50.11240
-51.57600 -50.08440
-51.73370 -50.12510
-51.79690 -50.17120
-52.10800 -50.36660
-51.95770 -50.35780
-51.98140 -50.37930
-51.97920 -50.34200
-51.73570 -50.27420
-51.70420 -50.26350
-51.60750 -50.21360
-51.56670 -50.12080
-51.29040 -49.96990
-51.25510 -49.88600
-51.25880 -49.87900
-51.28560 -49.81740
-51.28340 -49.80910
-51.03860 -49.66250
-50.99070 -49.67910
-51.07980 -49.71660
-51.19100 -49.73240
-51.19830 -49.73470
-51.24910 -49.92220
-51.32290 -49.86320
-51.22940 -49.87160
-51.38310 -49.98590
-51.50730 -50.01260
-51.37470 -49.97140
-51.30060 -49.98520
-51.28290 -49.90600
-51.72640 -50.05110
-51.88350 -50.15330
-51.71870 -50.14010
-51.56810 -50.05660
-51.56220 -50.02540
-51.39010 -49.77050
-51.48120 -49.82150
-51.39070 -49.74310
-51.14810 -49.64100
-51.14280 -49.53900
-50.99590 -49.51320
-50.82370 -49.23090
-50.79580 -49.12350
-50.79240 -49.15340
-50.72070 -49.26390
-50.69280 -49.22400
-50.80120 -49.14690
-50.69730 -49.12200
-50.73900 -49.16130
-50.67860 -49.16980
-50.56580 -49.14790
-50.70320 -49.21960
-50.66070 -49.18940
-50.63970 -49.16140
-50.61690 -49.18670
-51.88400 -50.04700
-51.76690 -50.00270
-51.91050 -50.38540
-51.69450 -50.46260
-51.90320 -50.48460
-52.02250 -50.59230
-52.11730 -50.66660
-52.06980 -50.72260
-51.87850 -50.67650
-51.91310 -50.68080
-52.03340 -50.68760
-52.12700 -50.72340
-52.16800 -50.73150
-52.30880 -50.83150
-52.27540 -50.80130
-52.16350 -50.80480
-52.20780 -50.78810
-52.17830 -50.76370
-52.21590 -50.77890
-52.28240 -50.77490
-51.91670 -50.75740
-51.85550 -50.73560
-52.00710 -50.71690
-51.91660 -50.64550
-51.74160 -50.57440
-51.58320 -50.57810
-51.50480 -50.58760
-51.43880 -50.59970
-51.64710 -50.60840
-51.59420 -50.57290
-51.59730 -50.56450
-51.51720 -50.58340
-51.56230 -50.55850
-51.66370 -50.62780
-51.61080 -50.65790
-51.74280 -50.63700
-51.75740 -50.63540
-51.54960 -50.59780
-51.29710 -50.51820
-51.21640 -50.47050
-51.16420 -50.28070
-51.10950 -50.23640
-50.78760 -50.03640
-50.71690 -49.99670
-50.57210 -49.87900
-50.69040 -49.91230
-50.65530 -49.94050
-50.68720 -50.00470
-50.61380 -49.98170
-50.59980 -49.93420
-50.30120 -49.80220
-50.22720 -49.57320
-42.94180 -42.95960
-43.13030 -42.98830
-43.11720 -42.99320
-43.24300 -43.00090
-43.17660 -43.01650
-43.22410 -43.02150
-43.25540 -43.03850
-43.28250 -43.01860
-43.26660 -43.06670
-43.27750 -43.02770
-43.32330 -43.04490
-43.23310 -43.08810
-43.35640 -43.11560
-42.99340 -43.06280
-43.09890 -42.99050
-43.06070 -42.98040
-43.00160 -42.96800
-42.90050 -42.94930
-42.86700 -42.94910
-42.91700 -42.84990
-42.86010 -42.85900
-42.80190 -42.83420
-42.60220 -42.82000
-42.73310 -42.64110
-42.70620 -42.68470
-42.77420 -42.65920
-42.82110 -42.63610
-42.79830 -42.67990
-42.87490 -42.75940
-42.95580 -42.79030
-42.99640 -42.82060
-42.96510 -42.83600
-43.19940 -43.02450
-43.34830 -43.04350
-43.28720 -43.07840
-43.39610 -43.08390
-43.41830 -43.09430
-43.30230 -43.10370
-43.51440 -43.16630
-43.44770 -43.18830
-43.40210 -43.21130
-43.54850 -43.21850
-43.58620 -43.25290
-43.68330 -43.25960
-43.67490 -43.27800
-43.54090 -43.28940
-43.74820 -43.36150
-43.74970 -43.37000
-43.85690 -43.39340
-43.90970 -43.43190
-43.93420 -43.43710
-43.69130 -43.19670
-43.78750 -43.13350
-43.73880 -43.12210
-43.71760 -43.13970
-43.68890 -43.08880
-43.78840 -43.05770
-43.65050 -42.98360
-43.66770 -42.99140
-43.78210 -42.99280
-43.84320 -42.96220
-43.75470 -42.92970
-43.83840 -42.99170
-43.82620 -43.00660
-43.87740 -43.02110
-43.89840 -43.01000
-43.72690 -42.97020
-43.77820 -42.99510
-43.87500 -43.01210
-43.38790 -42.75240
-43.43990 -42.70940
-43.36240 -42.71900
-43.29300 -42.64160
-43.27780 -42.59780
-43.25710 -42.68290
-43.35780 -42.77760
-43.43230 -42.81330
-43.47990 -42.78070
-43.49840 -42.80870
-43.45240 -42.77900
-43.41520 -42.71840
-43.37310 -42.58060
-43.41070 -42.60380
-43.22400 -42.56510
-43.15570 -42.56120
-43.19040 -42.59840
-43.21590 -42.61330
-43.19660 -42.66410
-43.28610 -42.65240
-43.38380 -42.76600
-43.11120 -42.82870
-43.07660 -42.84980
-43.14570 -42.80360
-43.16790 -42.83500
-43.14920 -42.76110
-42.45510 -42.12570
-42.53950 -42.14920
-42.56880 -42.13860
-42.49020 -42.10360
-42.48450 -42.13090
-42.47580 -42.13630
-42.46770 -42.11430
-42.59570 -42.13580
-42.60970 -42.11870
-42.88840 -42.38690
-42.78200 -42.38850
-43.02270 -42.41460
-42.87930 -42.40600
-42.88770 -42.42990
-43.10160 -42.46470
-42.77840 -42.32650
-42.66640 -42.30250
-42.78010 -42.32290
-42.89370 -42.34020
-42.91800 -42.30420
-42.92130 -42.32620
-42.80880 -42.29790
-42.76860 -42.33610
-42.68800 -42.23460
-42.24860 -41.97370
-42.35260 -41.98440
-42.23220 -41.94160
-42.25980 -41.94520
-42.32500 -41.96000
-42.42690 -41.97950
-42.59060 -42.05760
-42.71920 -42.23690
-42.69150 -42.24110
-42.62970 -42.23770
-42.63440 -42.14940
-42.50840 -42.12810
-42.40470 -42.10470
-42.29600 -42.03640
-42.31830 -41.97600
-42.32820 -41.93820
-42.34580 -42.02230
-42.48000 -42.04970
-42.50430 -42.17210
-42.47310 -42.15250
-42.44320 -42.10130
-42.33360 -42.03780
-42.28430 -42.00630
-42.41930 -42.06810
-42.40410 -42.06720
-42.35690 -42.02280
-42.19200 -41.97570
-42.20970 -41.98920
-42.23080 -41.91840
-42.07380 -41.84030
-42.19010 -41.87660
-42.17220 -41.89840
-42.31370 -41.90420
-42.16650 -41.85500
-42.09720 -41.79590
-42.06220 -41.75790
-42.04600 -41.70960
-42.14270 -41.82140
-42.17200 -41.84300
-42.18710 -41.93630
-42.13830 -41.94120
-42.55830 -41.99960
-42.54020 -41.94150
-42.54300 -41.98530
-42.55890 -41.92960
-42.66520 -42.35000
-42.51930 -42.33980
-42.46120 -42.23010
-42.11460 -41.89400
-42.22240 -41.97260
-41.98620 -41.99880
-42.31860 -41.99970
-42.06470 -41.93250
-41.96800 -41.86590
-41.82930 -41.73590
-41.80880 -41.69590
-41.99880 -41.79880
-42.02840 -41.82130
-42.75140 -42.39860
-42.71800 -42.41280
-42.67580 -42.43120
-42.70280 -42.44960
-42.69340 -42.50800
-42.75420 -42.55390
-42.79600 -42.64870
-42.73100 -42.68100
-42.52890 -42.58940
-42.66780 -42.64670
-42.75190 -42.69370
-42.81210 -42.73900
-42.82660 -42.79110
-42.89020 -42.76880
-42.88960 -42.80530
-42.90290 -42.85240
-42.91270 -42.83480
-42.97950 -42.85760
-43.05870 -42.87880
-43.10630 -42.90590
-43.07760 -42.88470
-43.28660 -42.92690
-43.13070 -43.00220
-43.19680 -43.03060
-43.24920 -43.05930
-43.07670 -42.94700
-43.20250 -42.96490
-43.26360 -42.99880
-43.36040 -43.08240
-43.51460 -43.14740
-43.51390 -43.16510
-43.51470 -43.19200
-43.48270 -43.18270
-43.37150 -43.15140
-43.44560 -43.15950
-43.69620 -43.20670
-43.71810 -43.25990
-43.75070 -43.27400
-43.83840 -43.29050
-43.83320 -43.28930
-43.88530 -43.31950
-43.78710 -43.30510
-43.88910 -43.33800
-43.91790 -43.34520
-44.02250 -43.40910
-43.95810 -43.39060
-44.00490 -43.37880
-43.98340 -43.33060
-43.98530 -43.34940
-43.94430 -43.35840
-43.82530 -43.30050
-43.94470 -43.31470
-43.71320 -43.24750
-43.71350 -43.24680
-43.33450 -43.10300
-43.33170 -43.11390
-43.35720 -43.11580
-43.39290 -43.16170
-43.32880 -43.10400
-43.26790 -42.95970
-43.43560 -42.99570
-43.10400 -42.90770
-43.11860 -42.86670
-43.17230 -42.84840
-43.20450 -42.87120
-43.09300 -42.90360
-43.30220 -42.88990
-43.30990 -42.87490
-43.34050 -42.89490
-43.32110 -42.89410
-43.39710 -43.02430
-43.35840 -43.02820
-43.50290 -43.02450
-43.52660 -43.03620
-43.51740 -43.04800
-43.38610 -43.04750
-43.45340 -43.02900
-43.45110 -43.01320
-43.51300 -42.98990
-43.47710 -42.98710
-43.41980 -43.01260
-43.45670 -43.00310
-43.33160 -42.99440
-43.24890 -42.95970
-43.26560 -42.95280
-43.32050 -42.97040
-43.35210 -42.99810
-43.55490 -43.01310
-43.65660 -43.02420
-43.60090 -43.07040
-43.60210 -43.07450
-43.61960 -43.11340
-43.41550 -43.08910
-43.50600 -43.06820
-43.51260 -43.04570
-43.54110 -43.10470
-43.54170 -43.14060
-43.58170 -43.11630
-43.73220 -43.14050
-43.69160 -43.14520
-43.79090 -43.17440
-43.65120 -43.16810
-42.89120 -42.72790
-42.63740 -42.35740
-42.65660 -42.25280
-42.80910 -42.23870
-42.92070 -42.27450
-42.84970 -42.28400
-42.60230 -42.32260
-43.11300 -42.36680
-43.09350 -42.40180
-43.17410 -42.58920
-43.29530 -42.59220
-43.49230 -42.59020
-43.51920 -42.59080
-43.41850 -42.60820
-43.46740 -42.63380
-43.54540 -42.70660
-43.38930 -42.67960
-43.34930 -42.66240
-43.32850 -42.69410
-43.50860 -42.69230
-43.55570 -42.69350
-43.81150 -42.74940
-43.78920 -42.78680
-43.88410 -42.82320
-43.99170 -42.90110
-43.92720 -42.91620
-43.79130 -42.86370
-43.63170 -42.82790
-43.59860 -42.77520
-43.64490 -42.78180
-43.62040 -42.76440
-43.85580 -42.82980
-43.76880 -42.94820
-43.82040 -42.94740
-43.76180 -42.94280
-43.82020 -42.94000
-43.67240 -42.93790
-43.87460 -42.93530
-43.99170 -42.92290
-44.02640 -42.93640
-44.10390 -43.08190
-44.42810 -43.14750
-44.37820 -43.14320
-44.43720 -43.17230
-44.46560 -43.17700
-44.25360 -43.10980
-44.36780 -43.16850
-44.32040 -43.09650
-44.15840 -43.02790
-43.95450 -42.92850
-43.86950 -42.86730
-43.91500 -42.89130
-43.91910 -42.89970
-43.88090 -42.84960
-43.90770 -42.85200
-43.68840 -42.79220
-43.68400 -42.68770
-43.60490 -42.63270
-43.60470 -42.64690
-43.79700 -42.75560
-43.82510 -42.91050
-43.65850 -42.85240
-43.70990 -42.88330
-43.56560 -42.83840
-43.65830 -42.90920
-43.79200 -42.93760
-43.88350 -42.95120
-43.63270 -42.90310
-43.52560 -42.80970
-43.67580 -42.89160
-43.79860 -42.90830
-43.72150 -42.96370
-43.81150 -42.91660
-43.62000 -42.79070
-43.77470 -42.89100
-43.75990 -42.84230
-43.77080 -42.91390
-43.60000 -42.88480
-43.67200 -42.85770
-43.47430 -42.76460
-43.48950 -42.76180
-43.34760 -42.69790
-43.37500 -42.76440
-43.39080 -42.75430
-43.42600 -42.58550
-43.42280 -42.60030
-43.42180 -42.57830
-43.11390 -42.41360
-42.98360 -42.26110
-42.99620 -42.17240
-42.98350 -42.13020
-43.03180 -42.14300
-43.09310 -42.17040
-43.12290 -42.01710
-43.26510 -42.04010
-43.30240 -42.08050
-43.13560 -42.02940
-43.12350 -42.03100
-43.25490 -42.12330
-43.14240 -42.15180
-42.98370 -42.01440
-42.99390 -41.98990
-42.79580 -41.99470
-42.89160 -41.95540
-42.93370 -42.00280
-42.89140 -41.98460
-42.72270 -41.92650
-42.92180 -41.92350
-42.94330 -41.97620
-42.80350 -41.95550
-42.72520 -41.93140
-42.72350 -41.88510
-42.67740 -41.85690
-42.74250 -41.85470
-42.71720 -41.78310
-42.82710 -41.79540
-42.59590 -41.71340
-42.64400 -41.72390
-42.53560 -41.70030
-42.53420 -41.63820
-42.39340 -41.46270
-42.53620 -41.60050
-42.49860 -41.56200
-42.43580 -41.54020
-42.51830 -41.60550
-42.43380 -41.61710
-42.46550 -41.66390
-42.38840 -41.67830
-42.16440 -41.63950
-42.26390 -41.64170
-42.01400 -41.55270
-41.89320 -41.53080
-41.89300 -41.44550
-41.66960 -41.05860
-41.68600 -41.03330
-41.60460 -41.02560
-41.48540 -41.01960
-41.22460 -40.85060
-41.12430 -40.81720
-40.90550 -40.69330
-40.93560 -40.55180
-36.90720 -36.81060
-37.04320 -36.87330
-37.13310 -36.91020
-37.07350 -36.93000
-37.16680 -36.94740
-37.22870 -37.01000
-37.11220 -37.01060
-37.10320 -37.00700
-37.22250 -36.97650
-37.29460 -36.97690
-37.30780 -37.01730
-37.16270 -37.05470
-36.93860 -36.93110
-37.01230 -36.90130
-36.87090 -36.80090
-36.89600 -36.80970
-36.91050 -36.89460
-36.79200 -36.87700
-36.86390 -36.86740
-36.83540 -36.82540
-36.64440 -36.78780
-36.34380 -36.69530
-36.74480 -36.67060
-36.87660 -36.69400
-36.85450 -36.69950
-36.92830 -36.67260
-37.00660 -36.88510
-37.09280 -36.89520
-37.06390 -36.89820
-37.09300 -36.90800
-37.17510 -36.90970
-37.22180 -36.92760
-37.27460 -36.95550
-37.43150 -37.07870
-37.37440 -37.10750
-37.45770 -37.09240
-37.52110 -37.09000
-37.56630 -37.09820
-37.62700 -37.11750
-37.81740 -37.25030
-37.68880 -37.25770
-37.72950 -37.27350
-37.71360 -37.31160
-37.60360 -37.32750
-37.17030 -37.03220
-37.17580 -36.99550
-37.26920 -36.96710
-37.34250 -36.95770
-37.29020 -36.89920
-37.33170 -36.85130
-37.31790 -36.86110
-37.17780 -36.71910
-37.08490 -36.48940
-37.12880 -36.47960
-37.02590 -36.41640
-37.01630 -36.40070
-37.04250 -36.41040
-37.09850 -36.41480
-37.11530 -36.42380
-37.13040 -36.39080
-37.00820 -36.24660
-37.12800 -36.24620
-37.15150 -36.23480
-37.12790 -36.23940
-37.08740 -36.21940
-37.07010 -36.23670
-37.13770 -36.24990
-37.20030 -36.29220
-37.08660 -36.23540
-37.13580 -36.26340
-37.22480 -36.34910
-37.12320 -36.32310
-36.99680 -36.23180
-37.01670 -36.20910
-36.95830 -36.22510
-36.97270 -36.18070
-36.91600 -36.14060
-36.97440 -36.19150
-37.09120 -36.25060
-37.27390 -36.30050
-37.26060 -36.30170
-37.32470 -36.33190
-37.34640 -36.39710
-37.34260 -36.38550
-37.38560 -36.38220
-37.38330 -36.37710
-37.40800 -36.39380
-37.47540 -36.43130
-37.52030 -36.44070
-37.45170 -36.42900
-37.56460 -36.63620
-37.54590 -36.61530
-37.56250 -36.60300
-37.53190 -36.58330
-37.48330 -36.56080
-37.53320 -36.58230
-37.41100 -36.54400
-37.36840 -36.54750
-37.29050 -36.52170
-37.31380 -36.54710
-37.25380 -36.58230
-37.21970 -36.46770
-37.18180 -36.52320
-37.26860 -36.46410
-37.36490 -36.53950
-37.25590 -36.48220
-37.19150 -36.45610
-37.13570 -36.50160
-37.23250 -36.40360
-36.82320 -36.67560
-36.63510 -36.64700
-36.64560 -36.65900
-36.57330 -36.60660
-36.49250 -36.53300
-36.38810 -36.11160
-36.42610 -36.13330
-36.30360 -35.97880
-36.26950 -35.95810
-36.11980 -35.89090
-36.00040 -35.79170
-36.04510 -35.79960
-36.03190 -35.77330
-35.94630 -35.71800
-35.99190 -35.71770
-35.95370 -35.68000
-36.16420 -35.78490
-36.17740 -35.78080
-36.26460 -35.86920
-36.34810 -35.89730
-36.22530 -35.89300
-36.19410 -35.85440
-36.47480 -35.93050
-36.56600 -36.01120
-36.52500 -36.03790
-36.54760 -36.05760
-36.62720 -36.07840
-36.50260 -36.07140
-36.43230 -36.01550
-36.32160 -36.02220
-36.40600 -36.02180
-36.47440 -36.05660
-36.57810 -36.07460
-36.56180 -36.11370
-36.49770 -36.07390
-36.58370 -36.05880
-36.51150 -36.06090
-36.41720 -36.02610
-36.36830 -35.99030
-36.39000 -35.98140
-36.39040 -35.98390
-36.42560 -36.00660
-36.45080 -36.00840
-36.54160 -36.06000
-36.66620 -36.08980
-36.67730 -36.14070
-36.66700 -36.14980
-36.68080 -36.17030
-36.73900 -36.20530
-36.68250 -36.27380
-36.69360 -36.27640
-36.63510 -36.27990
-36.48660 -36.21060
-36.39320 -36.19370
-36.41400 -36.21710
-36.36580 -36.15920
-36.35590 -36.13500
-36.33040 -36.10170
-36.31270 -36.31350
-36.14970 -36.05430
-36.34320 -36.06720
-36.36920 -36.07320
-36.32820 -36.11310
-36.12010 -35.92960
-36.23320 -35.99280
-36.16050 -35.98950
-36.23980 -36.03850
-36.41510 -36.10540
-36.41520 -36.14550
-36.43460 -36.18520
-36.40650 -36.16390
-36.47480 -36.12020
-36.44960 -36.10240
-36.28570 -36.10320
-36.44190 -36.17410
-36.29700 -36.12860
-36.16380 -36.10610
-36.20420 -36.08490
-36.10390 -36.05190
-36.02050 -35.94440
-36.00200 -35.87420
-36.33110 -36.00190
-36.30620 -36.09310
-36.33670 -36.27570
-36.19840 -36.26510
-36.14050 -36.22250
-36.14790 -36.21020
-36.00300 -36.16730
-36.08000 -36.03440
-36.01090 -35.97810
-35.85850 -35.83690
-35.75290 -35.82250
-35.66690 -35.86040
-36.09380 -35.93350
-36.06200 -35.95890
-35.99760 -35.97400
-36.03250 -36.02460
-35.81770 -35.92180
-35.75250 -35.82720
-35.67640 -35.67580
-35.75670 -35.79180
-35.78880 -35.81590
-35.86210 -35.81930
-36.25590 -35.92640
-36.30980 -35.92420
-36.38480 -36.00550
-36.42090 -36.06420
-36.35140 -36.09370
-36.29970 -36.13930
-36.42030 -36.19960
-36.32750 -36.18320
-36.40000 -36.22540
-36.35380 -36.20940
-36.26610 -36.18930
-36.24440 -36.24220
-36.09520 -36.17550
-36.24720 -36.23030
-36.25400 -36.32920
-36.36620 -36.37210
-36.61690 -36.43240
-36.53710 -36.45530
-36.57290 -36.49070
-36.58680 -36.45840
-36.63420 -36.50000
-36.67060 -36.48990
-36.63930 -36.46580
-36.68710 -36.45980
-36.62730 -36.48610
-36.73800 -36.51580
-36.89200 -36.58780
-36.75950 -36.55490
-36.80060 -36.57810
-36.86040 -36.59520
-36.74970 -36.53280
-36.75320 -36.51660
-36.75940 -36.46570
-36.82780 -36.51430
-36.91880 -36.53270
-36.89240 -36.52230
-36.92050 -36.54810
-36.91720 -36.54050
-36.98090 -36.60310
-36.91700 -36.58270
-36.97530 -36.61090
-37.05150 -36.62830
-37.07110 -36.68810
-37.05540 -36.72880
-37.23290 -36.84470
-37.27700 -36.90450
-37.25000 -36.91870
-37.20910 -36.89270
-37.23540 -36.88320
-37.22090 -36.88600
-37.31930 -36.93390
-37.29480 -36.90710
-37.32990 -36.90970
-37.32490 -36.86390
-37.35950 -36.89450
-37.29250 -36.93130
-37.27740 -36.94400
-37.19100 -36.92710
-37.29060 -36.91670
-37.20530 -36.88960
-37.15670 -36.88520
-37.20080 -36.85530
-36.50390 -36.41100
-36.47620 -36.45650
-36.48900 -36.45720
-36.53110 -36.46240
-36.61430 -36.50370
-36.49910 -36.52190
-36.40000 -36.49500
-36.57880 -36.52140
-36.64520 -36.54730
-36.38810 -36.36040
-36.43040 -36.39670
-36.50730 -36.39340
-36.51190 -36.47230
-36.68840 -36.52450
-36.73250 -36.60400
-36.69810 -36.60010
-36.86180 -36.71770
-36.86260 -36.75610
-36.73250 -36.72030
-36.73710 -36.71840
-36.66130 -36.72750
-36.68090 -36.71840
-36.78510 -36.72580
-36.55400 -36.65900
-36.61460 -36.63220
-36.74700 -36.67740
-36.61740 -36.66350
-36.46460 -36.63480
-36.47310 -36.62090
-36.55840 -36.62460
-36.62240 -36.60170
-36.72340 -36.61870
-36.76720 -36.63850
-36.82570 -36.73430
-36.80900 -36.72340
-36.56610 -36.70030
-36.65630 -36.65510
-36.71350 -36.68030
-36.90160 -36.71720
-36.97630 -36.70300
-36.91440 -36.74650
-37.01860 -36.79450
-37.19190 -36.48050
-37.29040 -36.48630
-37.33890 -36.49890
-37.48940 -36.59030
-37.47440 -36.62880
-37.33900 -36.62760
-37.40760 -36.64410
-37.34170 -36.64750
-37.46260 -36.70870
-37.56650 -36.70640
-37.50700 -36.71180
-37.58330 -36.69900
-37.61010 -36.70160
-37.64670 -36.73730
-37.70710 -36.69300
-37.63550 -36.66470
-37.51230 -36.63780
-37.51150 -36.63270
-37.59960 -36.63380
-37.69260 -36.61890
-37.54370 -36.62320
-37.48460 -36.60600
-37.53700 -36.62480
-37.64120 -36.62140
-37.69160 -36.60240
-37.65950 -36.59700
-37.82340 -36.60940
-37.83620 -36.60860
-37.79190 -36.61980
-37.76700 -36.61440
-37.76880 -36.61740
-37.65670 -36.60050
-37.63770 -36.59370
-37.60010 -36.59120
-37.54770 -36.60440
-37.46440 -36.59210
-37.46650 -36.59990
-37.48760 -36.60490
-37.45890 -36.62330
-37.45570 -36.62160
-37.53200 -36.62790
-37.57630 -36.64280
-37.41660 -36.61480
-37.43880 -36.62510
-37.49080 -36.60990
-37.54230 -36.65880
-37.60540 -36.66450
-37.67450 -36.68610
-37.50180 -36.65860
-37.60940 -36.67400
-37.67250 -36.72630
-37.72290 -36.74310
-38.00550 -36.78950
-38.03490 -36.87420
-37.96000 -36.90060
-37.96020 -36.88340
-37.80260 -36.87490
-37.63950 -36.87830
-37.73340 -36.85400
-37.66770 -36.83160
-37.59440 -36.79530
-37.63200 -36.80360
-37.55840 -36.70190
-37.54510 -36.70550
-37.55370 -36.62130
-37.58170 -36.63280
-37.56240 -36.59900
-37.60210 -36.59290
-37.37350 -36.54010
-37.39600 -36.52680
-37.42100 -36.55290
-37.47690 -36.59890
-37.39260 -36.50310
-37.58130 -36.58410
-37.63760 -36.67010
-37.63210 -36.68320
-37.48420 -36.67560
-37.54900 -36.68070
-37.48130 -36.67250
-37.56690 -36.68010
-37.58350 -36.65700
-37.54650 -36.63340
-37.71070 -36.70120
-37.64010 -36.68330
-37.53540 -36.67090
-37.63490 -36.68210
-37.63090 -36.70220
-37.61690 -36.70680
-37.74980 -36.72230
-37.71260 -36.71630
-37.71900 -36.76610
-37.72630 -36.79460
-37.68680 -36.81170
-37.72520 -36.85310
-37.82590 -36.86820
-37.88780 -36.87220
-37.87230 -36.87690
-37.89940 -36.90670
-37.77430 -36.87490
-37.93580 -36.94380
-37.85910 -36.98010
-37.88350 -36.96140
-37.88050 -37.00050
-37.96890 -37.01940
-37.81360 -37.03350
-37.53920 -36.87450
-37.61680 -36.83550
-37.54890 -36.78110
-37.52710 -36.79920
-37.64410 -36.79860
-37.70460 -36.80120
-37.63650 -36.83790
-37.68550 -36.86490
-37.70200 -36.90230
-37.75300 -36.92640
-37.89880 -36.96590
-37.95330 -36.95850
-37.93150 -37.06500
-37.89650 -37.08940
-37.90290 -37.07760
-37.99220 -37.09120
-37.91520 -37.07660
-37.96190 -37.07650
-37.98000 -37.10040
-37.92650 -37.10240
-37.91370 -37.10550
-37.93600 -37.11590
-37.71750 -37.07320
-37.69510 -37.05840
-37.73760 -36.99570
-37.69630 -36.96600
-37.67070 -36.89210
-37.67270 -36.86530
-37.39250 -36.77680
-37.43860 -36.77850
-37.33440 -36.72940
-37.40570 -36.56540
-37.39490 -36.55740
-37.43690 -36.52470
-37.51230 -36.52270
-37.61380 -36.63130
-37.61820 -36.64550
-37.75290 -36.70040
-37.71250 -36.71180
-37.62600 -36.73490
-37.75860 -36.78790
-37.74100 -36.80040
-37.81940 -36.81810
-37.75040 -36.82850
-37.68210 -36.85110
-37.51180 -36.82180
-37.45130 -36.82860
-37.46260 -36.78100
-37.40070 -36.73160
-37.21880 -36.44950
-37.24760 -36.47720
-37.05650 -36.41470
-37.16720 -36.46440
-37.09720 -36.39950
-37.04990 -36.37630
-36.87210 -36.22860
-36.85000 -36.25200
-36.91090 -36.23960
-37.04220 -36.31760
-31.76920 -31.59650
-31.87360 -31.60870
-31.96680 -31.73750
-31.91900 -31.73640
-31.98260 -31.73800
-32.00390 -31.73630
-31.98220 -31.77140
-31.88210 -31.75450
-31.88340 -31.72020
-31.97220 -31.70880
-31.94250 -31.70290
-32.00050 -31.71280
-31.94980 -31.74960
-31.79200 -31.74220
-31.72700 -31.69410
-31.68980 -31.59000
-31.63490 -31.56100
-31.65970 -31.56560
-31.43740 -31.53430
-31.57430 -31.58090
-31.48520 -31.57390
-31.54550 -31.54140
-31.55620 -31.52790
-31.44900 -31.50120
-31.39470 -31.38800
-31.44880 -31.38010
-31.54260 -31.50560
-31.67950 -31.55100
-31.78540 -31.56010
-31.74130 -31.60750
-31.65370 -31.66620
-31.66560 -31.66120
-31.71890 -31.65960
-31.75870 -31.60280
-31.78210 -31.63540
-31.74460 -31.64620
-31.71450 -31.64950
-31.85970 -31.71860
-31.91510 -31.72440
-31.97900 -31.71570
-31.96640 -31.71970
-32.00600 -31.71140
-31.94670 -31.72500
-31.92020 -31.73480
-31.91330 -31.66360
-31.80930 -31.57790
-31.73550 -31.58530
-31.75880 -31.57180
-31.73070 -31.50260
-31.74490 -31.46710
-31.79360 -31.42870
-31.77460 -31.43470
-31.77060 -31.36960
-31.69510 -31.33440
-31.65920 -31.32550
-31.72500 -31.31200
-31.72260 -31.19600
-31.65870 -31.16330
-31.61270 -31.12910
-31.59860 -31.13140
-31.76900 -31.16360
-31.71860 -31.17780
-31.79540 -31.20270
-31.76470 -31.24360
-31.49310 -30.92280
-31.57730 -30.96210
-31.57420 -30.96880
-31.56970 -31.02340
-31.54590 -31.06990
-31.60750 -31.11690
-31.60690 -31.09410
-31.62720 -31.08700
-31.66050 -31.10370
-31.69580 -31.11160
-31.69610 -31.08770
-31.70220 -31.07120
-31.72320 -31.07570
-31.73390 -31.04680
-31.72930 -31.05070
-31.61610 -31.01960
-31.57630 -31.01760
-31.58740 -30.98950
-31.59960 -31.05420
-31.55800 -31.05600
-31.67110 -31.19030
-31.56580 -31.23170
-31.43520 -31.23360
-31.94560 -31.48570
-31.82080 -31.47330
-31.82160 -31.47650
-31.80170 -31.51130
-31.73400 -31.46650
-31.67960 -31.44050
-31.63500 -31.44280
-31.59480 -31.38750
-31.63350 -31.41350
-31.57720 -31.39200
-31.59570 -31.33630
-31.49920 -31.22790
-31.43800 -31.22150
-31.35250 -31.17410
-31.23930 -31.09900
-31.35530 -31.07520
-31.33800 -31.07280
-31.34830 -31.06730
-31.35260 -31.05030
-31.40000 -31.07670
-31.48050 -31.09770
-31.56980 -31.18190
-31.59210 -31.23330
-31.66350 -31.25530
-31.64060 -31.30570
-31.61250 -31.29490
-31.84020 -31.34630
-31.96640 -31.37980
-31.88620 -31.49670
-31.88980 -31.49620
-31.79090 -31.44300
-31.71430 -31.44520
-31.81890 -31.45250
-31.88030 -31.45520
-31.96920 -31.47190
-31.72640 -31.43770
-31.57650 -31.39750
-31.58710 -31.38820
-31.52800 -31.34020
-31.45230 -31.26150
-31.47900 -31.28420
-31.48590 -31.27050
-31.39020 -31.23540
-31.55910 -31.22580
-31.65800 -31.21710
-31.68540 -31.25190
-31.70230 -31.26110
-31.70880 -31.40720
-31.65120 -31.37270
-31.53530 -31.21720
-31.45340 -31.22050
-31.47010 -31.20640
-31.41130 -31.13800
-31.40910 -31.11010
-31.39870 -31.28130
-31.34170 -31.14200
-31.31130 -31.13460
-31.43650 -31.14420
-31.46700 -31.14980
-31.48090 -31.19660
-31.34380 -31.13990
-31.29570 -31.08280
-31.34210 -31.13980
-31.45590 -31.18910
-31.47450 -31.17330
-31.42860 -31.15720
-31.46120 -31.13990
-31.48600 -31.14980
-31.40110 -31.14010
-31.39900 -31.13950
-31.42770 -31.11120
-31.39260 -31.09260
-31.28450 -31.04130
-31.36910 -31.07160
-31.37820 -31.08310
-31.31520 -31.11440
-31.25720 -31.05620
-31.20910 -31.01790
-31.19250 -30.97740
-31.26000 -31.06290
-31.28320 -31.05790
-31.30110 -31.05390
-31.25860 -31.07400
-31.54800 -31.13300
-31.51990 -31.09620
-31.67140 -31.26580
-31.57500 -31.31140
-31.40260 -31.04110
-31.22140 -31.03320
-31.45280 -31.07440
-31.42220 -31.13590
-31.40870 -31.13610
-31.42720 -31.17140
-31.24390 -31.08860
-31.18820 -31.02120
-31.16490 -31.01280
-31.08380 -30.93900
-31.06750 -30.91440
-31.12810 -30.92480
-31.23820 -30.96320
-31.12070 -30.93940
-30.63230 -30.84390
-30.69180 -30.84600
-30.73790 -30.86550
-30.70980 -30.81960
-30.63110 -30.59030
-30.64690 -30.60730
-30.71030 -30.64970
-30.63970 -30.62840
-30.65930 -30.67900
-30.68470 -30.63150
-30.70040 -30.74540
-30.81190 -30.81570
-30.94330 -30.86170
-31.01390 -30.88350
-31.04330 -30.91920
-31.01690 -30.89430
-30.99200 -30.91030
-31.23350 -30.96490
-31.23560 -30.98270
-31.09550 -30.95100
-31.20940 -31.03810
-31.20030 -31.00930
-31.29040 -31.05360
-31.36960 -31.17930
-31.32930 -31.22170
-31.35350 -31.25100
-31.27980 -31.20680
-31.21480 -31.20780
-31.31420 -31.25790
-31.30370 -31.21570
-31.39040 -31.21430
-31.46280 -31.24560
-31.56810 -31.36720
-31.62100 -31.45400
-31.46230 -31.38280
-31.46130 -31.32940
-31.54350 -31.33580
-31.48290 -31.29170
-31.43780 -31.34100
-31.52130 -31.34140
-31.51400 -31.37550
-31.33540 -31.24270
-31.38600 -31.20920
-31.87660 -31.25740
-31.92670 -31.43050
-31.92230 -31.52400
-31.85050 -31.62260
-31.94230 -31.65030
-31.88180 -31.68000
-31.92850 -31.56760
-31.99320 -31.61760
-31.98030 -31.62630
-31.99260 -31.63610
-32.18090 -31.72720
-32.18290 -31.71870
-32.22340 -31.76310
-32.22570 -31.73110
-32.32420 -31.87180
-32.25270 -31.88810
-32.37120 -31.91760
-32.28120 -31.88840
-32.30770 -31.88710
-32.29420 -31.89030
-32.22260 -31.89470
-32.29780 -31.90110
-32.23080 -31.84630
-32.22730 -31.81970
-32.14510 -31.79490
-32.13410 -31.82690
-32.07030 -31.82900
-32.01520 -31.80990
-31.96250 -31.80330
-31.97420 -31.79090
-31.96920 -31.80100
-32.03130 -31.82270
-32.05250 -31.82700
-32.13890 -31.80640
-32.32600 -31.85480
-32.27110 -31.89050
-32.29460 -31.90930
-32.10650 -31.87790
-32.12180 -31.84790
-32.20210 -31.88320
-32.25890 -31.90980
-32.21820 -31.90350
-32.19770 -31.91050
-32.38780 -31.92260
-32.41400 -31.92100
-32.45090 -31.97110
-32.38650 -31.96200
-32.45830 -31.96490
-32.52530 -31.96470
-32.36180 -31.95640
-32.32030 -31.67730
-32.26170 -31.63850
-32.23850 -31.60320
-32.32290 -31.61330
-32.37570 -31.61570
-32.45660 -31.63650
-32.41910 -31.64370
-32.79350 -31.91390
-32.76780 -31.92440
-32.82880 -31.91080
-33.01720 -31.95010
-32.92970 -31.98140
-32.78740 -31.91570
-32.76610 -31.91110
-32.84330 -31.90140
-32.80980 -31.87930
-32.86980 -31.88960
-32.63960 -31.89180
-32.64460 -31.89870
-32.59930 -31.87780
-32.63810 -31.80380
-32.71020 -31.76230
-32.70180 -31.75590
-32.79460 -31.77610
-32.73990 -31.80470
-32.71990 -31.81230
-32.74170 -31.82540
-32.59720 -31.79650
-32.65930 -31.77730
-32.57700 -31.75220
-32.55710 -31.76660
-32.56290 -31.76260
-32.33490 -31.71310
-32.34500 -31.71010
-32.25140 -31.56240
-32.33180 -31.56210
-32.44630 -31.61020
-32.43480 -31.57730
-32.53680 -31.60350
-32.55860 -31.61840
-32.46330 -31.69690
-32.56660 -31.69730
-32.74770 -31.76000
-32.69810 -31.76970
-32.79260 -31.79610
-32.66110 -31.78350
-32.69910 -31.73520
-33.02790 -31.88580
-32.95430 -31.83850
-32.89180 -31.83120
-32.82850 -31.80390
-32.84600 -31.78510
-32.77240 -31.77660
-32.70830 -31.73360
-32.66120 -31.75010
-32.71200 -31.81160
-32.61290 -31.76400
-32.60480 -31.77990
-32.66360 -31.80500
-32.63770 -31.80550
-32.81340 -31.86730
-32.84670 -31.96150
-32.90020 -31.90060
-32.94620 -31.94400
-32.92750 -31.93120
-32.81940 -31.97020
-32.88350 -32.02270
-32.97680 -32.01480
-32.94080 -31.99920
-32.97240 -32.01200
-33.04740 -31.98530
-33.27300 -32.16650
-33.18510 -32.24830
-33.05640 -32.17070
-33.05340 -32.15250
-33.00840 -32.10600
-33.00000 -32.05540
-33.00750 -32.04410
-32.99430 -31.95510
-33.03620 -31.95070
-33.06910 -31.95620
-32.92630 -31.89480
-32.96250 -31.96730
-32.86580 -31.85070
-32.76910 -31.80740
-32.76870 -31.85330
-32.85570 -31.82010
-32.85500 -31.82420
-32.86350 -31.82190
-32.90600 -31.87620
-32.80140 -31.88270
-32.84010 -31.89800
-32.80370 -31.86020
-32.77470 -31.84910
-32.69030 -31.80250
-32.65420 -31.71230
-32.70290 -31.70460
-32.64550 -31.68300
-32.70140 -31.71690
-32.64800 -31.73200
-32.70490 -31.94380
-32.66430 -31.94960
-32.68980 -31.96360
-32.58490 -31.91160
-32.74130 -31.95650
-32.76460 -31.99970
-32.72880 -31.98980
-32.78220 -32.03450
-32.92410 -32.11120
-32.91140 -32.06720
-32.96650 -32.06760
-33.00030 -32.08410
-32.86410 -32.08970
-32.72810 -32.03670
-32.75530 -31.99630
-32.80030 -31.98000
-32.86560 -31.98700
-32.66050 -31.88740
-32.48710 -31.83670
-32.47040 -31.83080
-32.54560 -31.82880
-32.43500 -31.78370
-32.43770 -31.75160
-32.43860 -31.68200
-32.45480 -31.69870
-32.58720 -31.74350
-32.43640 -31.66140
-32.47340 -31.63410
-32.46070 -31.63270
-32.57410 -31.68260
-32.48890 -31.74990
-32.42340 -31.74220
-32.31860 -31.73380
-32.24680 -31.66410
-32.20420 -31.63590
-32.16310 -31.61130
-32.15800 -31.63460
-31.88650 -31.34890
-31.88940 -31.32710
-31.86310 -31.35240
-31.84640 -31.29010
-31.78530 -31.28730
-31.79210 -31.28650
-31.73820 -31.26960
-31.40650 -30.96520
-31.46540 -30.94970
-31.55540 -31.02000
-27.20960 -27.09560
-27.21340 -27.11610
-27.28790 -27.12100
-27.36990 -27.19160
-27.30640 -27.19320
-27.41070 -27.20280
-27.27100 -27.15420
-27.29360 -27.13910
-27.27020 -27.14670
-27.23460 -27.14000
-27.15040 -27.14150
-27.17120 -27.13660
-27.12110 -27.13330
-27.02040 -27.13040
-27.10650 -27.11250
-27.15240 -27.12120
-27.14620 -27.12790
-27.12160 -27.12730
-27.05410 -27.12400
-27.11170 -27.10060
-27.04180 -27.06530
-26.95170 -27.04920
-26.81750 -27.03010
-27.03240 -26.93510
-27.01660 -26.96020
-27.09850 -26.96240
-27.08500 -26.99640
-27.12120 -27.00220
-27.18310 -27.04370
-27.20190 -27.07730
-27.24810 -27.09480
-27.28450 -27.09900
-27.38250 -27.21520
-27.38540 -27.22430
-27.40320 -27.26080
-27.31400 -27.26320
-27.38150 -27.24200
-27.46250 -27.23710
-27.46160 -27.26330
-27.45760 -27.26800
-27.48150 -27.27080
-27.43480 -27.27640
-27.45490 -27.29670
-27.54540 -27.28930
-27.44960 -27.25870
-27.45880 -27.20320
-27.40800 -27.19070
-27.42480 -27.16480
-27.39610 -27.16950
-27.32860 -27.09570
-27.26450 -27.10280
-27.32040 -27.05520
-27.28080 -26.90800
-27.17180 -26.85470
-27.17900 -26.85950
-27.23310 -26.81300
-27.18240 -26.77810
-27.23050 -26.75850
-27.24990 -26.72810
-27.23410 -26.73270
-27.20310 -26.72780
-27.29520 -26.74550
-27.29570 -26.75230
-27.18700 -26.74790
-27.23270 -26.76240
-27.29560 -26.78230
-27.14630 -26.75590
-27.12210 -26.69290
-27.10990 -26.63380
-27.20020 -26.66910
-27.20210 -26.67180
-27.37950 -26.87700
-27.44760 -26.97700
-27.45740 -26.96630
-27.49230 -26.98820
-27.51250 -27.00520
-27.55090 -27.03790
-27.55580 -27.03350
-27.49700 -26.99570
-27.62770 -27.00330
-27.60060 -27.03700
-27.57320 -27.00470
-27.56140 -26.99120
-27.57500 -26.99320
-27.40950 -26.96640
-27.39110 -26.94110
-27.49250 -27.03550
-27.48870 -27.06060
-27.42660 -27.04780
-27.43090 -27.07330
-27.37630 -27.09380
-27.25710 -27.08310
-27.51550 -27.19270
-27.52730 -27.20620
-27.48270 -27.17810
-27.52680 -27.17540
-27.44310 -27.14990
-27.39410 -27.12080
-27.34160 -27.05850
-27.37550 -27.07960
-27.33570 -27.05510
-27.29950 -26.97810
-27.27890 -26.96250
-27.21420 -26.97140
-27.13170 -26.93350
-27.12140 -26.91740
-27.00880 -26.90300
-27.09210 -26.82980
-27.02010 -26.78050
-27.01350 -26.78480
-26.98010 -26.76080
-26.95540 -26.74640
-27.01450 -26.76060
-27.00000 -26.74890
-27.04430 -26.76410
-27.12200 -26.78460
-27.19440 -26.79880
-27.11920 -26.79330
-27.08990 -26.76740
-27.09430 -26.75900
-27.28430 -26.81490
-27.39950 -26.84000
-27.33210 -26.95980
-27.23380 -26.92910
-27.15420 -26.92250
-27.30000 -26.95770
-27.24470 -26.93530
-27.19360 -26.94450
-27.24540 -26.95880
-27.18690 -26.92170
-27.01620 -26.88800
-26.94770 -26.80410
-26.88840 -26.74720
-26.80880 -26.72410
-26.87850 -26.72070
-26.79940 -26.66180
-26.83910 -26.63390
-26.86320 -26.67070
-26.84730 -26.64200
-26.90410 -26.64830
-26.97400 -26.64920
-26.99910 -26.67210
-27.01220 -26.85990
-27.00230 -26.85710
-26.99050 -26.84310
-26.93270 -26.81710
-26.99900 -26.79220
-26.90090 -26.79020
-26.83660 -26.75360
-26.88530 -26.73210
-26.79370 -26.70430
-26.76820 -26.65850
-26.67790 -26.62170
-26.60300 -26.56580
-26.67520 -26.59880
-26.64630 -26.61910
-26.79630 -26.60670
-26.87160 -26.61330
-26.87850 -26.64710
-26.77400 -26.63110
-26.76430 -26.60960
-26.72960 -26.58930
-26.68480 -26.53710
-26.73900 -26.58760
-26.76020 -26.63130
-26.85030 -26.66860
-26.84650 -26.64410
-26.87480 -26.63680
-26.82720 -26.62400
-26.86300 -26.60340
-26.83810 -26.63240
-26.82230 -26.59840
-26.72630 -26.55360
-26.82400 -26.58480
-26.78380 -26.61740
-26.71590 -26.60500
-26.74590 -26.63070
-26.68230 -26.58400
-26.71250 -26.51330
-26.75530 -26.59990
-26.78120 -26.60160
-27.02670 -26.71320
-26.98240 -26.74440
-27.13740 -26.81560
-27.06280 -26.84100
-26.96970 -26.84810
-26.86830 -26.85430
-26.83790 -26.82410
-26.73620 -26.75550
-26.84190 -26.65730
-26.79590 -26.63410
-26.85950 -26.64090
-26.78760 -26.62010
-26.65880 -26.59990
-26.81840 -26.62570
-26.83240 -26.72680
-26.81610 -26.75880
-26.66320 -26.64870
-26.63870 -26.58220
-26.53260 -26.49990
-26.49810 -26.47660
-26.75940 -26.52580
-26.62700 -26.49840
-26.70570 -26.52650
-26.55650 -26.34110
-26.70160 -26.35280
-26.65870 -26.31800
-26.61310 -26.31230
-26.56690 -26.33980
-26.50130 -26.32450
-26.55670 -26.37110
-26.54100 -26.35840
-26.52360 -26.40080
-26.62040 -26.43400
-26.61920 -26.45310
-26.67870 -26.43050
-26.72360 -26.44440
-26.74600 -26.41920
-26.68370 -26.42490
-26.71140 -26.44730
-26.77980 -26.51050
-26.76600 -26.49620
-26.85460 -26.55320
-26.84670 -26.53590
-26.80880 -26.53510
-26.82570 -26.55100
-26.96540 -26.59100
-26.85480 -26.59870
-26.89730 -26.60190
-26.94220 -26.67080
-26.93210 -26.63460
-26.94570 -26.60380
-26.95440 -26.57740
-26.96120 -26.59480
-27.01480 -26.66190
-27.09120 -26.66310
-27.06700 -26.67520
-27.06340 -26.68620
-27.09640 -26.68950
-27.07540 -26.69640
-26.95710 -26.67530
-27.03770 -26.72560
-27.00150 -26.70350
-27.14830 -26.72760
-27.20590 -26.79390
-27.22150 -26.78050
-27.28300 -26.82390
-27.32130 -26.88540
-27.33530 -26.91110
-27.29520 -26.87980
-27.30790 -26.83100
-27.42070 -26.86390
-27.41880 -26.87420
-27.38550 -26.87530
-27.38640 -26.94650
-27.46790 -26.99340
-27.43500 -26.99630
-27.46870 -27.04690
-27.48850 -27.03500
-27.42060 -27.01340
-27.50000 -27.03630
-27.36680 -27.02960
-27.36040 -26.99350
-27.38250 -27.00660
-27.49940 -27.18130
-27.66920 -27.29550
-27.61230 -27.29930
-27.54740 -27.29170
-27.59440 -27.29580
-27.49130 -27.30890
-27.40500 -27.22410
-27.69210 -27.32430
-27.75160 -27.35370
-27.76280 -27.38580
-27.76820 -27.40390
-27.79410 -27.40740
-27.88240 -27.40220
-27.78710 -27.45890
-27.71890 -27.47370
-27.76370 -27.47490
-27.76940 -27.46350
-27.68970 -27.42350
-27.64250 -27.42600
-27.73260 -27.40300
-27.74060 -27.40560
-27.83410 -27.40010
-27.76240 -27.39700
-27.81290 -27.41750
-27.83590 -27.41730
-27.95070 -27.43750
-28.03670 -27.44500
-28.05690 -27.54740
-28.04070 -27.57560
-28.06580 -27.56910
-28.06810 -27.56200
-27.90910 -27.56770
-27.93010 -27.56590
-28.06140 -27.54610
-28.08880 -27.56460
-28.07260 -27.57200
-28.14030 -27.57570
-28.10590 -27.57300
-28.10550 -27.58210
-28.21370 -27.58450
-28.25390 -27.58630
-28.30230 -27.59860
-28.33480 -27.65420
-28.39600 -27.68050
-28.28480 -27.50750
-28.19400 -27.46730
-28.23580 -27.45030
-28.30500 -27.45150
-28.25180 -27.48590
-28.28750 -27.46920
-28.37350 -27.48340
-28.52510 -27.51570
-28.51360 -27.53140
-28.54740 -27.58820
-28.55690 -27.62490
-28.66500 -27.61740
-28.69960 -27.63040
-28.61080 -27.62040
-28.58950 -27.62390
-28.53230 -27.62270
-28.47390 -27.61580
-28.44330 -27.61940
-28.45930 -27.55580
-28.47400 -27.53660
-28.56270 -27.53950
-28.59860 -27.54110
-28.46560 -27.53860
-28.46420 -27.49770
-28.48700 -27.53120
-28.44430 -27.51260
-28.42730 -27.49300
-28.39070 -27.49610
-28.36000 -27.47570
-28.38290 -27.47070
-28.29580 -27.46910
-28.28670 -27.44700
-28.31820 -27.45560
-28.06760 -27.34100
-27.99710 -27.34800
-28.01800 -27.31540
-27.92420 -27.32140
-28.06450 -27.32240
-28.21990 -27.36810
-28.27900 -27.39010
-28.28740 -27.39610
-28.45520 -27.46810
-28.35580 -27.48550
-28.44730 -27.49460
-28.33160 -27.51410
-28.22000 -27.51770
-27.84020 -27.18860
-27.89600 -27.16410
-27.85590 -27.15220
-27.82570 -27.12240
-27.81140 -27.13290
-27.79340 -27.10480
-27.87810 -27.10160
-27.94130 -27.09700
-27.92740 -27.09490
-27.76540 -27.05980
-27.77840 -27.04860
-27.84250 -27.05120
-27.88940 -27.07000
-27.89800 -27.07820
-27.98220 -27.16220
-28.00100 -27.17750
-27.99780 -27.20330
-27.90160 -27.23830
-27.83290 -27.21400
-27.90280 -27.22440
-27.83200 -27.18100
-27.79640 -27.18490
-27.83020 -27.18640
-27.86100 -27.08210
-27.99270 -27.14680
-27.97490 -27.14590
-27.91170 -27.09310
-28.00100 -27.10970
-27.95180 -27.11920
-27.87250 -27.07040
-27.99860 -27.09670
-27.88410 -27.03490
-27.88920 -27.03140
-27.84360 -27.03950
-27.89860 -27.03110
-27.76400 -26.97450
-27.79650 -26.98750
-27.72400 -26.97770
-27.68240 -26.92550
-27.64470 -26.88040
-27.63320 -26.91680
-27.70430 -26.89650
-27.69020 -26.90220
-27.69720 -26.87830
-27.75720 -26.91420
-27.63470 -26.86740
-27.55750 -26.80290
-27.58150 -26.80100
-27.54890 -26.72880
-27.60570 -26.69690
-27.53520 -26.68960
-27.62110 -26.72300
-27.69840 -26.75180
-27.67680 -26.81650
-27.62220 -26.81060
-27.61120 -26.79920
-27.53140 -26.76670
-27.69970 -26.80540
-27.73600 -26.88550
-27.71780 -26.86990
-27.68990 -26.85920
-27.69060 -26.86380
-27.76600 -26.90180
-27.83640 -26.90110
-27.85580 -26.91510
-27.89950 -26.92150
-27.96150 -26.92980
-28.01850 -26.96670
-28.05450 -27.04490
-27.89070 -27.04930
-27.93590 -27.03750
-27.97060 -27.00910
-28.02370 -27.02100
-27.72690 -26.91640
-27.71730 -26.92330
-27.67220 -26.88110
-27.67710 -26.85590
-27.73010 -26.82890
-27.76000 -26.81870
-27.76700 -26.83860
-27.76380 -26.83190
-27.76780 -26.81210
-27.80700 -26.85460
-27.80210 -26.87040
-27.78620 -26.86640
-27.65480 -26.85040
-27.70770 -26.86970
-27.74750 -26.91270
-27.68240 -26.92390
-27.65440 -26.92440
-27.68870 -26.91910
-27.60230 -26.88410
-27.52950 -26.86540
-27.40370 -26.78730
-27.37170 -26.75750
-27.32710 -26.73310
-27.28360 -26.61810
-27.19720 -26.53000
-27.23900 -26.49730
-27.24060 -26.46730
-27.23590 -26.47750
-27.13520 -26.52980
-27.11620 -26.53940
-26.86550 -26.37180
-26.86750 -26.28840
-26.84970 -26.24370
-26.96720 -26.31230
