0.00000 -62.97410
0.00000 -62.97040
0.00000 -62.99150
0.00000 -62.98970
0.00000 -63.07540
0.00000 -63.08110
0.00000 -63.04740
0.00000 -63.11390
0.00000 -63.17150
0.00000 -63.23300
0.00000 -63.21550
0.00000 -63.15760
0.00000 -63.31160
0.00000 -63.21000
0.00000 -63.21300
0.00000 -63.19970
0.00000 -63.20440
0.00000 -63.20150
0.00000 -63.24440
0.00000 -63.25030
0.00000 -63.15540
0.00000 -63.15850
0.00000 -63.11380
0.00000 -63.13400
0.00000 -63.13470
0.00000 -63.13840
0.00000 -52.52010
0.00000 -52.55470
0.00000 -52.53370
0.00000 -52.53440
0.00000 -52.49700
0.00000 -52.49560
0.00000 -52.52200
0.00000 -52.52540
0.00000 -52.52720
0.00000 -52.58080
0.00000 -52.53230
0.00000 -52.53920
0.00000 -52.53900
0.00000 -52.52510
0.00000 -52.52180
0.00000 -52.52400
0.00000 -52.53310
0.00000 -52.53350
0.00000 -52.52590
0.00000 -52.52770
0.00000 -52.53480
0.00000 -52.51780
0.00000 -52.49370
0.00000 -52.46730
0.00000 -52.44300
0.00000 -52.43690
0.00000 -52.40760
0.00000 -52.40640
0.00000 -51.24700
0.00000 -51.20650
0.00000 -51.22740
0.00000 -51.23610
0.00000 -51.20560
0.00000 -51.18780
0.00000 -51.19590
0.00000 -51.19580
0.00000 -51.19040
0.00000 -51.18920
0.00000 -51.18780
0.00000 -51.19150
0.00000 -51.19200
0.00000 -51.20160
0.00000 -51.20270
0.00000 -51.19410
0.00000 -51.18740
0.00000 -51.18010
0.00000 -51.19610
0.00000 -51.17160
0.00000 -51.17140
0.00000 -51.16490
0.00000 -51.17400
0.00000 -51.17690
0.00000 -51.14460
0.00000 -51.14490
0.00000 -51.17700
0.00000 -50.93980
0.00000 -51.01460
0.00000 -50.97490
0.00000 -50.99060
0.00000 -50.98180
0.00000 -51.03210
0.00000 -50.99340
0.00000 -50.97680
0.00000 -50.98720
0.00000 -50.93890
0.00000 -50.90100
0.00000 -50.89520
0.00000 -50.86090
0.00000 -50.85710
0.00000 -50.81550
0.00000 -50.80150
0.00000 -50.77680
0.00000 -50.79760
0.00000 -50.78000
0.00000 -50.82940
0.00000 -50.84360
0.00000 -50.90960
0.00000 -50.92830
0.00000 -50.93070
0.00000 -50.93740
0.00000 -50.94490
0.00000 -50.91740
0.00000 -50.93370
0.00000 -50.86200
0.00000 -50.85570
0.00000 -50.86320
0.00000 -50.86990
0.00000 -50.90060
0.00000 -50.96110
0.00000 -50.96420
0.00000 -50.97370
0.00000 -50.99300
0.00000 -51.00190
0.00000 -50.99960
0.00000 -50.99670
0.00000 -50.99260
0.00000 -51.03490
0.00000 -51.03760
0.00000 -51.02040
0.00000 -51.03000
0.00000 -50.99930
0.00000 -51.00990
0.00000 -51.02210
0.00000 -51.03620
0.00000 -51.04330
0.00000 -50.98590
0.00000 -50.99090
0.00000 -50.99400
0.00000 -51.01850
0.00000 -50.99250
0.00000 -51.00310
0.00000 -50.98890
0.00000 -50.97990
0.00000 -50.98340
0.00000 -50.98010
0.00000 -50.98290
0.00000 -50.98680
0.00000 -50.97860
0.00000 -50.97010
0.00000 -50.95530
0.00000 -50.94460
0.00000 -50.93530
0.00000 -50.91180
0.00000 -50.90340
0.00000 -50.90710
0.00000 -50.91440
0.00000 -50.92120
0.00000 -50.94540
0.00000 -50.95350
0.00000 -50.93970
0.00000 -50.95350
0.00000 -50.87800
0.00000 -50.85920
0.00000 -50.85050
0.00000 -50.82580
0.00000 -50.80960
0.00000 -50.87850
0.00000 -50.84030
0.00000 -50.82950
0.00000 -50.80750
0.00000 -50.80180
0.00000 -50.80550
0.00000 -50.81200
0.00000 -50.80020
0.00000 -50.80750
0.00000 -50.80790
0.00000 -50.80140
0.00000 -50.79360
0.00000 -50.78570
0.00000 -50.79900
0.00000 -50.78360
0.00000 -50.80110
0.00000 -50.78470
0.00000 -50.78030
0.00000 -50.78060
0.00000 -50.77960
0.00000 -50.79740
0.00000 -50.80030
0.00000 -50.79960
0.00000 -50.79730
0.00000 -50.71260
0.00000 -50.70630
0.00000 -50.65460
0.00000 -50.65590
0.00000 -50.66300
0.00000 -50.66260
0.00000 -50.68760
0.00000 -50.70160
0.00000 -50.68470
0.00000 -50.71540
0.00000 -50.72350
0.00000 -50.71500
0.00000 -50.71770
0.00000 -50.71570
0.00000 -50.73020
0.00000 -50.71440
0.00000 -50.73530
0.00000 -50.73080
0.00000 -50.68550
0.00000 -50.68730
0.00000 -50.66470
0.00000 -50.65050
0.00000 -50.64990
0.00000 -50.65320
0.00000 -50.65640
0.00000 -50.64990
0.00000 -50.66140
0.00000 -50.65650
0.00000 -50.66060
0.00000 -50.67250
0.00000 -50.67700
0.00000 -50.62550
0.00000 -50.61460
0.00000 -50.70200
0.00000 -50.69390
0.00000 -50.71690
0.00000 -50.72020
0.00000 -50.71610
0.00000 -50.71710
0.00000 -50.71490
0.00000 -50.73320
0.00000 -50.73850
0.00000 -50.73790
0.00000 -50.74250
0.00000 -50.68210
0.00000 -50.68730
0.00000 -50.68990
0.00000 -50.69120
0.00000 -50.66150
0.00000 -50.65890
0.00000 -50.66810
0.00000 -50.68400
0.00000 -50.69500
0.00000 -50.63590
0.00000 -50.62760
0.00000 -50.64700
0.00000 -50.65830
0.00000 -50.68550
0.00000 -50.69130
0.00000 -50.68290
0.00000 -50.68840
0.00000 -50.68330
0.00000 -50.69160
0.00000 -50.67240
0.00000 -50.67730
0.00000 -50.64960
0.00000 -50.62680
0.00000 -50.72040
0.00000 -50.71410
0.00000 -50.69230
0.00000 -50.70270
0.00000 -50.72570
0.00000 -50.72560
0.00000 -50.72480
0.00000 -50.70970
0.00000 -50.70780
0.00000 -50.68760
0.00000 -50.68530
0.00000 -50.70540
0.00000 -50.68300
0.00000 -50.68940
0.00000 -50.69380
0.00000 -50.70390
0.00000 -50.70490
0.00000 -50.69130
0.00000 -50.72100
0.00000 -50.72880
0.00000 -50.72350
0.00000 -50.72020
0.00000 -50.74410
0.00000 -50.73510
0.00000 -50.75140
0.00000 -50.74600
0.00000 -50.79760
0.00000 -50.81100
0.00000 -50.81310
0.00000 -50.79890
0.00000 -50.80490
0.00000 -50.81230
0.00000 -50.80340
0.00000 -50.79520
0.00000 -50.76980
0.00000 -50.77850
0.00000 -50.77190
0.00000 -50.73210
0.00000 -50.73890
0.00000 -50.70740
0.00000 -50.69560
0.00000 -50.70380
0.00000 -50.73890
0.00000 -50.71600
0.00000 -50.70690
0.00000 -50.71090
0.00000 -50.70950
0.00000 -50.71210
0.00000 -50.72290
0.00000 -50.71840
0.00000 -50.73410
0.00000 -50.73840
0.00000 -50.73720
0.00000 -50.73060
0.00000 -50.72790
0.00000 -50.73360
0.00000 -50.77420
0.00000 -50.77490
0.00000 -50.80200
0.00000 -50.79210
0.00000 -50.80610
0.00000 -50.80210
0.00000 -50.81700
0.00000 -50.82140
0.00000 -50.80710
0.00000 -50.84720
0.00000 -50.79140
0.00000 -50.83350
0.00000 -50.81730
0.00000 -50.80840
0.00000 -50.81140
0.00000 -50.80530
0.00000 -50.81370
0.00000 -50.80320
0.00000 -50.79500
0.00000 -50.79040
0.00000 -50.79870
0.00000 -50.80100
0.00000 -50.75140
0.00000 -50.72170
0.00000 -50.72190
0.00000 -50.73750
0.00000 -50.74590
0.00000 -50.73160
0.00000 -50.73040
0.00000 -50.72310
0.00000 -50.72430
0.00000 -50.73080
0.00000 -50.76600
0.00000 -50.73530
0.00000 -50.69520
0.00000 -50.67440
0.00000 -50.66240
0.00000 -50.66260
0.00000 -50.66770
0.00000 -50.66980
0.00000 -50.64660
0.00000 -50.64360
0.00000 -50.63460
0.00000 -50.63120
0.00000 -50.62760
0.00000 -50.62300
0.00000 -50.62430
0.00000 -50.59630
0.00000 -50.58230
0.00000 -50.58270
0.00000 -50.58990
0.00000 -50.57470
0.00000 -50.59180
0.00000 -50.58760
0.00000 -50.59110
0.00000 -50.60160
0.00000 -50.61550
0.00000 -50.60430
0.00000 -50.59700
0.00000 -50.58190
0.00000 -50.57300
0.00000 -50.55800
0.00000 -50.54950
0.00000 -50.55300
0.00000 -50.53140
0.00000 -50.53050
0.00000 -50.60880
0.00000 -50.61500
0.00000 -50.60670
0.00000 -50.57540
0.00000 -50.61820
0.00000 -50.62450
0.00000 -50.59460
0.00000 -50.57930
0.00000 -50.57670
0.00000 -50.57860
0.00000 -50.59400
0.00000 -50.58170
0.00000 -50.58290
0.00000 -50.58280
0.00000 -50.57820
0.00000 -50.55730
0.00000 -50.58160
0.00000 -50.59790
0.00000 -50.58200
0.00000 -50.56980
0.00000 -50.57920
0.00000 -50.58350
0.00000 -50.58090
0.00000 -50.58070
0.00000 -50.64050
0.00000 -50.58810
0.00000 -50.54330
0.00000 -50.55300
0.00000 -50.55440
0.00000 -50.56960
0.00000 -50.57690
0.00000 -50.58340
0.00000 -50.58860
0.00000 -50.57400
0.00000 -50.57400
0.00000 -50.56610
0.00000 -50.57130
0.00000 -50.57210
0.00000 -50.57590
0.00000 -50.62990
0.00000 -50.62530
0.00000 -50.59830
0.00000 -50.58590
0.00000 -50.58090
0.00000 -50.57940
0.00000 -50.59180
0.00000 -50.60220
0.00000 -50.61370
0.00000 -50.61700
0.00000 -50.56950
0.00000 -50.54880
0.00000 -50.52660
0.00000 -50.51390
0.00000 -50.53540
0.00000 -50.54310
0.00000 -50.54680
0.00000 -50.51600
0.00000 -50.49680
0.00000 -50.50080
0.00000 -50.52260
0.00000 -50.49840
0.00000 -50.50470
0.00000 -50.49430
0.00000 -50.49040
0.00000 -50.48360
0.00000 -50.47970
0.00000 -50.51270
0.00000 -50.51160
0.00000 -50.51720
0.00000 -50.51570
0.00000 -50.52540
0.00000 -50.54430
0.00000 -50.54050
0.00000 -50.54430
0.00000 -50.53620
0.00000 -50.54830
0.00000 -50.55500
0.00000 -50.55070
0.00000 -50.53760
0.00000 -50.53910
0.00000 -50.53000
0.00000 -50.53010
0.00000 -50.52600
0.00000 -50.52520
0.00000 -50.52520
0.00000 -50.53840
0.00000 -50.53780
0.00000 -50.52510
0.00000 -50.50730
0.00000 -50.49760
0.00000 -50.49720
0.00000 -50.50060
0.00000 -50.49390
0.00000 -50.48000
0.00000 -50.46100
0.00000 -50.46660
0.00000 -50.44730
0.00000 -50.45310
0.00000 -50.43200
0.00000 -50.45870
0.00000 -50.43250
0.00000 -50.43380
0.00000 -50.41560
0.00000 -50.42360
0.00000 -50.43230
0.00000 -50.42860
0.00000 -50.56260
0.00000 -50.58380
0.00000 -50.56180
0.00000 -50.53320
0.00000 -50.54380
0.00000 -50.55610
0.00000 -50.59730
0.00000 -50.58450
0.00000 -50.56640
0.00000 -50.57560
0.00000 -50.57800
0.00000 -50.59880
0.00000 -50.58310
0.00000 -50.55900
0.00000 -50.55640
0.00000 -50.56340
0.00000 -50.55410
0.00000 -50.55920
0.00000 -50.55520
0.00000 -54.05220
0.00000 -54.08180
0.00000 -54.03710
0.00000 -54.01670
0.00000 -54.03130
0.00000 -54.06630
0.00000 -54.09550
0.00000 -54.06310
0.00000 -54.07320
0.00000 -54.07190
0.00000 -54.09180
0.00000 -54.11900
0.00000 -54.10280
0.00000 -54.11380
0.00000 -54.13780
0.00000 -54.17280
0.00000 -54.14430
0.00000 -54.20440
0.00000 -54.19360
0.00000 -54.16920
0.00000 -54.21620
0.00000 -54.24830
0.00000 -54.21330
0.00000 -54.24720
0.00000 -54.23030
0.00000 -54.26370
0.00000 -54.24120
0.00000 -44.94650
0.00000 -44.94930
0.00000 -44.96420
0.00000 -44.96270
0.00000 -44.96130
0.00000 -44.97760
0.00000 -44.98050
0.00000 -44.94940
0.00000 -44.99150
0.00000 -44.99340
0.00000 -44.99130
0.00000 -44.98490
0.00000 -44.96760
0.00000 -44.95720
0.00000 -44.94450
0.00000 -44.94150
0.00000 -44.94220
0.00000 -44.90780
0.00000 -44.91900
0.00000 -44.94090
0.00000 -44.93030
0.00000 -44.95230
0.00000 -43.71170
0.00000 -43.69250
0.00000 -43.70100
0.00000 -43.70250
0.00000 -43.70350
0.00000 -43.71500
0.00000 -43.71530
0.00000 -43.71440
0.00000 -43.71060
0.00000 -43.71060
0.00000 -43.73900
0.00000 -43.68190
0.00000 -43.68280
0.00000 -43.68900
0.00000 -43.69250
0.00000 -43.71960
0.00000 -43.70920
0.00000 -43.65310
0.00000 -43.64710
0.00000 -43.65680
0.00000 -43.55970
0.00000 -43.52750
0.00000 -43.44390
0.00000 -43.41780
0.00000 -43.44520
0.00000 -43.44780
0.00000 -43.39440
0.00000 -43.38050
0.00000 -43.38070
0.00000 -43.36340
0.00000 -43.33960
0.00000 -43.32740
0.00000 -43.34910
0.00000 -43.37030
0.00000 -43.38020
0.00000 -43.38430
0.00000 -43.40200
0.00000 -43.35610
0.00000 -43.33450
0.00000 -43.35920
0.00000 -43.37920
0.00000 -43.31650
0.00000 -43.30230
0.00000 -43.30150
0.00000 -43.32260
0.00000 -43.32170
0.00000 -43.28720
0.00000 -43.28680
0.00000 -43.29400
0.00000 -43.57280
0.00000 -43.53980
0.00000 -43.54870
0.00000 -43.55360
0.00000 -43.53420
0.00000 -43.53630
0.00000 -43.54660
0.00000 -43.53980
0.00000 -43.53400
0.00000 -43.52850
0.00000 -43.53580
0.00000 -43.50870
0.00000 -43.51960
0.00000 -43.54270
0.00000 -43.51500
0.00000 -43.49390
0.00000 -43.47090
0.00000 -43.52070
0.00000 -43.52290
0.00000 -43.50080
0.00000 -43.49350
0.00000 -43.49370
0.00000 -43.48590
0.00000 -43.39140
0.00000 -43.38740
0.00000 -43.36260
0.00000 -43.37090
0.00000 -43.37510
0.00000 -43.39260
0.00000 -43.37750
0.00000 -43.38330
0.00000 -43.40810
0.00000 -43.36730
0.00000 -43.36790
0.00000 -43.39720
0.00000 -43.40790
0.00000 -43.39910
0.00000 -43.38980
0.00000 -43.39190
0.00000 -43.39440
0.00000 -43.38300
0.00000 -43.39010
0.00000 -43.38020
0.00000 -43.38270
0.00000 -43.41080
0.00000 -43.38090
0.00000 -43.38760
0.00000 -43.32800
0.00000 -43.33570
0.00000 -43.33740
0.00000 -43.33580
0.00000 -43.56970
0.00000 -43.54080
0.00000 -43.56490
0.00000 -43.57120
0.00000 -43.53550
0.00000 -43.53830
0.00000 -43.56270
0.00000 -43.56230
0.00000 -43.57010
0.00000 -43.58530
0.00000 -43.56980
0.00000 -43.56770
0.00000 -43.55870
0.00000 -43.54730
0.00000 -43.55070
0.00000 -43.55400
0.00000 -43.54730
0.00000 -43.53940
0.00000 -43.55460
0.00000 -43.54960
0.00000 -43.55020
0.00000 -43.54950
0.00000 -43.51200
0.00000 -43.48590
0.00000 -43.48630
0.00000 -43.46610
0.00000 -43.48200
0.00000 -43.48560
0.00000 -43.49410
0.00000 -43.51810
0.00000 -43.42000
0.00000 -43.40920
0.00000 -43.40820
0.00000 -43.41290
0.00000 -43.42360
0.00000 -43.42490
0.00000 -43.43390
0.00000 -43.42940
0.00000 -43.41170
0.00000 -43.41470
0.00000 -43.40510
0.00000 -43.39520
0.00000 -43.38820
0.00000 -43.38310
0.00000 -43.35370
0.00000 -43.36040
0.00000 -43.36370
0.00000 -43.33600
0.00000 -43.33000
0.00000 -43.32900
0.00000 -43.32040
0.00000 -43.28580
0.00000 -43.33030
0.00000 -43.32860
0.00000 -43.31930
0.00000 -43.34970
0.00000 -43.35880
0.00000 -43.33540
0.00000 -43.33060
0.00000 -43.32830
0.00000 -43.33190
0.00000 -43.33060
0.00000 -43.29680
0.00000 -43.29350
0.00000 -43.29520
0.00000 -43.30580
0.00000 -43.29360
0.00000 -43.28160
0.00000 -43.29850
0.00000 -43.33270
0.00000 -43.31980
0.00000 -43.32380
0.00000 -43.36490
0.00000 -43.35770
0.00000 -43.38250
0.00000 -43.38390
0.00000 -43.39380
0.00000 -43.53830
0.00000 -43.52510
0.00000 -43.53070
0.00000 -43.53100
0.00000 -43.49520
0.00000 -43.50100
0.00000 -43.50640
0.00000 -43.50010
0.00000 -43.50800
0.00000 -43.58940
0.00000 -43.55630
0.00000 -43.56590
0.00000 -43.55340
0.00000 -43.48890
0.00000 -43.39100
0.00000 -43.38810
0.00000 -43.39290
0.00000 -43.37400
0.00000 -43.35750
0.00000 -43.33210
0.00000 -43.33670
0.00000 -43.32490
0.00000 -43.33380
0.00000 -43.43670
0.00000 -43.43750
0.00000 -43.45010
0.00000 -43.42580
0.00000 -43.40340
0.00000 -43.40140
0.00000 -43.39640
0.00000 -43.38180
0.00000 -43.39800
0.00000 -43.42820
0.00000 -43.42100
0.00000 -43.45560
0.00000 -43.41140
0.00000 -43.40850
0.00000 -43.39500
0.00000 -43.40120
0.00000 -43.40370
0.00000 -43.37970
0.00000 -43.37890
0.00000 -43.31180
0.00000 -43.34310
0.00000 -43.34560
0.00000 -43.34730
0.00000 -43.34040
0.00000 -43.27070
0.00000 -43.27400
0.00000 -43.31450
0.00000 -43.33450
0.00000 -43.32610
0.00000 -43.32680
0.00000 -43.32610
0.00000 -43.32260
0.00000 -43.34690
0.00000 -43.35280
0.00000 -43.34000
0.00000 -43.28990
0.00000 -43.30110
0.00000 -43.29350
0.00000 -43.26940
0.00000 -43.27080
0.00000 -43.26150
0.00000 -43.25740
0.00000 -43.24450
0.00000 -43.25880
0.00000 -43.27450
0.00000 -43.27280
0.00000 -43.43150
0.00000 -43.46620
0.00000 -43.45500
0.00000 -43.42720
0.00000 -43.43330
0.00000 -43.44110
0.00000 -43.46010
0.00000 -43.45340
0.00000 -43.42440
0.00000 -43.43620
0.00000 -43.42480
0.00000 -43.42240
0.00000 -43.38650
0.00000 -43.38390
0.00000 -43.39230
0.00000 -43.39940
0.00000 -43.39640
0.00000 -43.39580
0.00000 -43.39040
0.00000 -43.40460
0.00000 -43.40950
0.00000 -43.41630
0.00000 -43.41660
0.00000 -43.40580
0.00000 -43.41220
0.00000 -43.44790
0.00000 -43.44650
0.00000 -43.40560
0.00000 -43.53270
0.00000 -43.53550
0.00000 -43.53200
0.00000 -43.52340
0.00000 -43.52060
0.00000 -43.51640
0.00000 -43.52480
0.00000 -43.51590
0.00000 -43.52850
0.00000 -43.53860
0.00000 -43.55000
0.00000 -43.57320
0.00000 -43.57840
0.00000 -43.57670
0.00000 -43.58370
0.00000 -43.59150
0.00000 -43.60200
0.00000 -43.60840
0.00000 -43.63370
0.00000 -43.64470
0.00000 -43.61390
0.00000 -43.60950
0.00000 -43.61860
0.00000 -43.57360
0.00000 -43.58680
0.00000 -43.58760
0.00000 -43.62070
0.00000 -43.57980
0.00000 -43.55300
0.00000 -43.56790
0.00000 -43.58170
0.00000 -43.58500
0.00000 -43.57380
0.00000 -43.56780
0.00000 -43.56870
0.00000 -43.56650
0.00000 -43.56960
0.00000 -43.54010
0.00000 -43.54660
0.00000 -43.57350
0.00000 -43.58360
0.00000 -43.52120
0.00000 -43.50090
0.00000 -43.50200
0.00000 -43.39020
0.00000 -43.36930
0.00000 -43.38150
0.00000 -43.41250
0.00000 -43.39390
0.00000 -43.37960
0.00000 -43.36770
0.00000 -43.41450
0.00000 -43.41690
0.00000 -43.41430
0.00000 -43.27760
0.00000 -43.24420
0.00000 -43.25010
0.00000 -43.24880
0.00000 -43.22870
0.00000 -43.21590
0.00000 -43.22270
0.00000 -43.22150
0.00000 -43.23620
0.00000 -43.23350
0.00000 -43.22290
0.00000 -43.21180
0.00000 -43.22150
0.00000 -43.26550
0.00000 -43.24930
0.00000 -43.23500
0.00000 -43.22510
0.00000 -43.22380
0.00000 -43.22120
0.00000 -43.23010
0.00000 -43.18740
0.00000 -43.19130
0.00000 -43.26620
0.00000 -43.26800
0.00000 -43.28890
0.00000 -43.27760
0.00000 -43.27390
0.00000 -43.25650
0.00000 -43.25140
0.00000 -43.23600
0.00000 -43.26380
0.00000 -43.27150
0.00000 -43.26980
0.00000 -43.26900
0.00000 -43.24270
0.00000 -43.24340
0.00000 -43.24200
0.00000 -43.22150
0.00000 -43.20280
0.00000 -43.21890
0.00000 -43.22980
0.00000 -43.21740
0.00000 -43.19440
0.00000 -43.19240
0.00000 -43.36200
0.00000 -43.36890
0.00000 -43.35220
0.00000 -43.33110
0.00000 -43.31860
0.00000 -43.31020
0.00000 -43.30420
0.00000 -43.33190
0.00000 -43.29820
0.00000 -43.30120
0.00000 -43.29890
0.00000 -43.29450
0.00000 -43.27710
0.00000 -43.27000
0.00000 -43.27170
0.00000 -43.30690
0.00000 -43.30730
0.00000 -43.29160
0.00000 -43.29010
0.00000 -43.29410
0.00000 -43.27530
0.00000 -43.27780
0.00000 -43.27060
0.00000 -43.27650
0.00000 -43.33130
0.00000 -43.33120
0.00000 -43.33280
0.00000 -43.33860
0.00000 -43.34310
0.00000 -43.33520
0.00000 -43.32230
0.00000 -43.32780
0.00000 -43.31010
0.00000 -43.30050
0.00000 -43.30780
0.00000 -43.31790
0.00000 -43.33840
0.00000 -43.33740
0.00000 -43.30040
0.00000 -43.30690
0.00000 -43.31050
0.00000 -43.30270
0.00000 -43.30090
0.00000 -43.31640
0.00000 -43.32000
0.00000 -43.30880
0.00000 -43.30480
0.00000 -43.30220
0.00000 -46.32010
0.00000 -46.38460
0.00000 -46.24910
0.00000 -46.29960
0.00000 -46.30050
0.00000 -46.28320
0.00000 -46.27740
0.00000 -46.32690
0.00000 -46.31050
0.00000 -46.32190
0.00000 -46.29600
0.00000 -46.30280
0.00000 -46.28160
0.00000 -46.24020
0.00000 -46.23450
0.00000 -46.23340
0.00000 -46.23680
0.00000 -46.24930
0.00000 -46.31360
0.00000 -46.31860
0.00000 -46.27970
0.00000 -38.38480
0.00000 -38.37790
0.00000 -38.37280
0.00000 -38.38660
0.00000 -38.38960
0.00000 -38.38550
0.00000 -38.38980
0.00000 -38.37590
0.00000 -38.37520
0.00000 -38.37810
0.00000 -38.37970
0.00000 -38.37580
0.00000 -38.38700
0.00000 -38.39830
0.00000 -38.40420
0.00000 -38.40540
0.00000 -38.41600
0.00000 -38.41770
0.00000 -38.41970
0.00000 -38.41650
0.00000 -38.42990
0.00000 -38.44770
0.00000 -38.44960
0.00000 -38.45040
0.00000 -38.43850
0.00000 -38.42670
0.00000 -37.60270
0.00000 -37.59470
0.00000 -37.59800
0.00000 -37.58820
0.00000 -37.58250
0.00000 -37.59700
0.00000 -37.59700
0.00000 -37.56720
0.00000 -37.56260
0.00000 -37.55250
0.00000 -37.56240
0.00000 -37.56810
0.00000 -37.55530
0.00000 -37.55700
0.00000 -37.56930
0.00000 -37.55900
0.00000 -37.55990
0.00000 -37.53080
0.00000 -37.54990
0.00000 -37.23890
0.00000 -37.23930
0.00000 -37.24330
0.00000 -37.24970
0.00000 -37.25700
0.00000 -37.24140
0.00000 -37.23240
0.00000 -37.20980
0.00000 -37.19040
0.00000 -37.19420
0.00000 -37.19600
0.00000 -37.20120
0.00000 -37.16280
0.00000 -37.17690
0.00000 -37.18500
0.00000 -37.19900
0.00000 -37.19700
0.00000 -37.19760
0.00000 -37.19080
0.00000 -37.17570
0.00000 -37.15530
0.00000 -37.15370
0.00000 -37.19340
0.00000 -37.17590
0.00000 -37.16560
0.00000 -37.16810
0.00000 -37.17050
0.00000 -37.15850
0.00000 -37.16910
0.00000 -37.39200
0.00000 -37.39080
0.00000 -37.39750
0.00000 -37.40510
0.00000 -37.38760
0.00000 -37.38290
0.00000 -37.37490
0.00000 -37.35900
0.00000 -37.34840
0.00000 -37.30940
0.00000 -37.30030
0.00000 -37.29840
0.00000 -37.30790
0.00000 -37.27350
0.00000 -37.28330
0.00000 -37.30270
0.00000 -37.27420
0.00000 -37.27990
0.00000 -37.24690
0.00000 -37.29420
0.00000 -37.33690
0.00000 -37.29840
0.00000 -37.25480
0.00000 -37.25670
0.00000 -37.27610
0.00000 -37.27200
0.00000 -37.27560
0.00000 -37.26710
0.00000 -37.25550
0.00000 -37.25040
0.00000 -37.26590
0.00000 -37.26470
0.00000 -37.28150
0.00000 -37.29540
0.00000 -37.23320
0.00000 -37.19140
0.00000 -37.18310
0.00000 -37.17290
0.00000 -37.17500
0.00000 -37.17510
0.00000 -37.17540
0.00000 -37.19940
0.00000 -37.20090
0.00000 -37.20110
0.00000 -37.20370
0.00000 -37.20290
0.00000 -37.20070
0.00000 -37.21700
0.00000 -37.33360
0.00000 -37.34480
0.00000 -37.39170
0.00000 -37.40530
0.00000 -37.37340
0.00000 -37.39860
0.00000 -37.38690
0.00000 -37.37160
0.00000 -37.33720
0.00000 -37.37940
0.00000 -37.39270
0.00000 -37.38760
0.00000 -37.40080
0.00000 -37.37690
0.00000 -37.40080
0.00000 -37.40950
0.00000 -37.41610
0.00000 -37.40450
0.00000 -37.37460
0.00000 -37.33700
0.00000 -37.34250
0.00000 -37.33860
0.00000 -37.35080
0.00000 -37.35450
0.00000 -37.44500
0.00000 -37.46070
0.00000 -37.45590
0.00000 -37.42980
0.00000 -37.43350
0.00000 -37.43910
0.00000 -37.44070
0.00000 -37.44510
0.00000 -37.50580
0.00000 -37.49390
0.00000 -37.47760
0.00000 -37.45870
0.00000 -37.44800
0.00000 -37.44490
0.00000 -37.44040
0.00000 -37.44470
0.00000 -37.44550
0.00000 -37.45030
0.00000 -37.46430
0.00000 -37.48360
0.00000 -37.49770
0.00000 -37.50150
0.00000 -37.50800
0.00000 -37.50910
0.00000 -37.51310
0.00000 -37.52700
0.00000 -37.52120
0.00000 -37.52790
0.00000 -37.53980
0.00000 -37.54020
0.00000 -37.58520
0.00000 -37.60010
0.00000 -37.60160
0.00000 -37.59240
0.00000 -37.58610
0.00000 -37.42790
0.00000 -37.38540
0.00000 -37.36820
0.00000 -37.36700
0.00000 -37.37120
0.00000 -37.36730
0.00000 -37.39970
0.00000 -37.37620
0.00000 -37.35790
0.00000 -37.38200
0.00000 -37.37600
0.00000 -37.38490
0.00000 -37.38580
0.00000 -37.35770
0.00000 -37.34810
0.00000 -37.34570
0.00000 -37.35270
0.00000 -37.37080
0.00000 -37.37640
0.00000 -37.37240
0.00000 -37.36940
0.00000 -37.37110
0.00000 -37.37390
0.00000 -37.37530
0.00000 -37.38010
0.00000 -37.34040
0.00000 -37.31100
0.00000 -37.30980
0.00000 -37.30770
0.00000 -37.30940
0.00000 -37.31330
0.00000 -37.31800
0.00000 -37.34260
0.00000 -37.33200
0.00000 -37.33170
0.00000 -37.29850
0.00000 -37.19790
0.00000 -37.18670
0.00000 -37.19200
0.00000 -37.19550
0.00000 -37.19620
0.00000 -37.20470
0.00000 -37.19080
0.00000 -37.18360
0.00000 -37.17990
0.00000 -37.17170
0.00000 -37.16860
0.00000 -37.17350
0.00000 -37.16900
0.00000 -37.18190
0.00000 -37.14160
0.00000 -37.14390
0.00000 -37.14030
0.00000 -37.13110
0.00000 -37.08160
0.00000 -37.08320
0.00000 -37.09620
0.00000 -37.08990
0.00000 -37.07950
0.00000 -37.08230
0.00000 -37.10800
0.00000 -37.11570
0.00000 -37.11970
0.00000 -37.10960
0.00000 -37.09760
0.00000 -37.09050
0.00000 -37.09660
0.00000 -37.09730
0.00000 -37.10310
0.00000 -37.10080
0.00000 -37.11980
0.00000 -37.12500
0.00000 -37.13590
0.00000 -37.14290
0.00000 -37.25330
0.00000 -37.24100
0.00000 -37.23290
0.00000 -37.21180
0.00000 -37.19930
0.00000 -37.20230
0.00000 -37.16280
0.00000 -37.18980
0.00000 -37.19380
0.00000 -37.19040
0.00000 -37.19550
0.00000 -37.17930
0.00000 -37.19720
0.00000 -37.20390
0.00000 -37.19620
0.00000 -37.19620
0.00000 -37.18890
0.00000 -37.16920
0.00000 -37.14320
0.00000 -37.14050
0.00000 -37.14400
0.00000 -37.14500
0.00000 -37.14240
0.00000 -37.13370
0.00000 -37.15470
0.00000 -37.16280
0.00000 -37.16220
0.00000 -37.16150
0.00000 -37.15790
0.00000 -37.14590
0.00000 -37.21470
0.00000 -37.21700
0.00000 -37.22820
0.00000 -37.22840
0.00000 -37.22060
0.00000 -37.21300
0.00000 -37.21840
0.00000 -37.21620
0.00000 -37.21280
0.00000 -37.21190
0.00000 -37.24820
0.00000 -37.23820
0.00000 -37.24060
0.00000 -37.23420
0.00000 -37.23350
0.00000 -37.26780
0.00000 -37.24530
0.00000 -37.21930
0.00000 -37.22060
0.00000 -37.22690
0.00000 -37.23030
0.00000 -37.26250
0.00000 -37.26250
0.00000 -37.26310
0.00000 -37.25590
0.00000 -37.24280
0.00000 -37.24880
0.00000 -37.21220
0.00000 -37.25280
0.00000 -37.23930
0.00000 -37.21590
0.00000 -37.21890
0.00000 -37.21500
0.00000 -37.21250
0.00000 -37.16070
0.00000 -37.15650
0.00000 -37.13320
0.00000 -37.16080
0.00000 -37.17360
0.00000 -37.15380
0.00000 -37.14760
0.00000 -37.15380
0.00000 -37.16590
0.00000 -37.16390
0.00000 -37.16940
0.00000 -37.17170
0.00000 -37.19460
0.00000 -37.20070
0.00000 -37.19920
0.00000 -37.20500
0.00000 -37.21370
0.00000 -37.20610
0.00000 -37.20690
0.00000 -37.19780
0.00000 -37.20840
0.00000 -37.19490
0.00000 -37.15440
0.00000 -37.14340
0.00000 -37.10240
0.00000 -37.11550
0.00000 -37.09640
0.00000 -37.11610
0.00000 -37.13770
0.00000 -37.15700
0.00000 -37.16450
0.00000 -37.17400
0.00000 -37.18730
0.00000 -37.18940
0.00000 -37.19520
0.00000 -37.19850
0.00000 -37.18940
0.00000 -37.19890
0.00000 -37.20340
0.00000 -37.19960
0.00000 -37.20160
0.00000 -37.27100
0.00000 -37.28230
0.00000 -37.27850
0.00000 -37.30700
0.00000 -37.30860
0.00000 -37.32220
0.00000 -37.28630
0.00000 -37.28630
0.00000 -37.31290
0.00000 -37.33120
0.00000 -37.32480
0.00000 -37.31490
0.00000 -37.30460
0.00000 -37.27600
0.00000 -37.27230
0.00000 -37.27570
0.00000 -37.25940
0.00000 -37.26620
0.00000 -37.27180
0.00000 -37.27780
0.00000 -37.25630
0.00000 -37.24580
0.00000 -37.24650
0.00000 -37.25720
0.00000 -37.25340
0.00000 -37.20290
0.00000 -37.20600
0.00000 -37.20150
0.00000 -37.20100
0.00000 -37.21560
0.00000 -37.21590
0.00000 -37.21870
0.00000 -37.20540
0.00000 -37.20290
0.00000 -37.21130
0.00000 -37.24070
0.00000 -37.23570
0.00000 -37.26060
0.00000 -37.25900
0.00000 -37.24060
0.00000 -37.22550
0.00000 -37.19610
0.00000 -37.19350
0.00000 -37.19940
0.00000 -37.19850
0.00000 -37.21410
0.00000 -37.21210
0.00000 -37.20050
0.00000 -37.19830
0.00000 -37.19030
0.00000 -37.20910
0.00000 -37.20480
0.00000 -37.16570
0.00000 -37.17400
0.00000 -37.17170
0.00000 -37.17450
0.00000 -37.19360
0.00000 -37.19810
0.00000 -37.19930
0.00000 -37.20510
0.00000 -37.20310
0.00000 -37.19410
0.00000 -37.16810
0.00000 -37.16360
0.00000 -37.15290
0.00000 -37.14940
0.00000 -37.19200
0.00000 -37.24760
0.00000 -37.24780
0.00000 -37.24030
0.00000 -37.24830
0.00000 -37.22080
0.00000 -37.20940
0.00000 -37.16600
0.00000 -37.17430
0.00000 -37.17050
0.00000 -37.16870
0.00000 -37.19060
0.00000 -37.19410
0.00000 -37.18290
0.00000 -37.17180
0.00000 -37.15800
0.00000 -37.15320
0.00000 -37.14020
0.00000 -37.10890
0.00000 -37.15370
0.00000 -37.16520
0.00000 -37.14510
0.00000 -37.13930
0.00000 -37.12920
0.00000 -37.12240
0.00000 -37.12640
0.00000 -37.12570
0.00000 -37.13650
0.00000 -37.12940
0.00000 -37.12700
0.00000 -37.12870
0.00000 -37.13250
0.00000 -37.12700
0.00000 -37.12870
0.00000 -37.14010
0.00000 -37.14190
0.00000 -37.14490
0.00000 -37.12390
0.00000 -37.13200
0.00000 -37.12010
0.00000 -37.11390
0.00000 -37.13410
0.00000 -37.14070
0.00000 -37.15070
0.00000 -37.15470
0.00000 -37.16010
0.00000 -37.16430
0.00000 -37.16340
0.00000 -37.15700
0.00000 -37.10230
0.00000 -37.09410
0.00000 -37.09250
0.00000 -39.70550
0.00000 -39.73670
0.00000 -39.70130
0.00000 -39.73820
0.00000 -39.74730
0.00000 -39.66030
0.00000 -39.73200
0.00000 -39.74540
0.00000 -39.74040
0.00000 -39.72050
0.00000 -39.74790
0.00000 -39.78200
0.00000 -39.80210
0.00000 -39.79610
0.00000 -39.78980
0.00000 -39.76550
0.00000 -39.75630
0.00000 -39.76120
0.00000 -39.75640
0.00000 -39.74640
0.00000 -39.76600
0.00000 -39.73130
0.00000 -33.00920
0.00000 -32.99320
0.00000 -32.99120
0.00000 -32.99180
0.00000 -32.99040
0.00000 -32.99720
0.00000 -33.00100
0.00000 -33.01310
0.00000 -33.00790
0.00000 -32.98960
0.00000 -32.99540
0.00000 -32.99820
0.00000 -32.99070
0.00000 -33.02720
0.00000 -33.02180
0.00000 -32.99940
0.00000 -32.99950
0.00000 -32.99360
0.00000 -32.98450
0.00000 -32.98750
0.00000 -32.98860
0.00000 -32.98920
0.00000 -32.99710
0.00000 -32.25550
0.00000 -32.24260
0.00000 -32.23920
0.00000 -32.23930
0.00000 -32.24290
0.00000 -32.25140
0.00000 -32.22500
0.00000 -32.20920
0.00000 -32.19760
0.00000 -32.19910
0.00000 -32.17360
0.00000 -32.17260
0.00000 -32.16390
0.00000 -32.15820
0.00000 -32.15550
0.00000 -32.16100
0.00000 -32.18400
0.00000 -32.18230
0.00000 -32.16730
0.00000 -32.16290
0.00000 -32.16660
0.00000 -32.14990
0.00000 -31.80270
0.00000 -31.78770
0.00000 -31.78300
0.00000 -31.78000
0.00000 -31.79190
0.00000 -31.79060
0.00000 -31.79580
0.00000 -31.78190
0.00000 -31.78220
0.00000 -31.78130
0.00000 -31.76400
0.00000 -31.75750
0.00000 -31.78070
0.00000 -31.75170
0.00000 -31.74100
0.00000 -31.74580
0.00000 -31.73660
0.00000 -31.69990
0.00000 -31.68250
0.00000 -31.68130
0.00000 -31.89900
0.00000 -31.90700
0.00000 -31.89670
0.00000 -31.91020
0.00000 -31.91710
0.00000 -31.91210
0.00000 -31.90240
0.00000 -31.88340
0.00000 -31.88600
0.00000 -31.89910
0.00000 -31.87000
0.00000 -31.86470
0.00000 -31.85290
0.00000 -31.84050
0.00000 -31.77270
0.00000 -31.78480
0.00000 -31.80150
0.00000 -31.81040
0.00000 -31.81020
0.00000 -31.82020
0.00000 -31.82680
0.00000 -31.82520
0.00000 -31.90300
0.00000 -31.90690
0.00000 -31.91490
0.00000 -31.89490
0.00000 -31.91130
0.00000 -31.92320
0.00000 -31.89900
0.00000 -31.88950
0.00000 -31.88480
0.00000 -31.88640
0.00000 -31.88960
0.00000 -31.89110
0.00000 -31.88570
0.00000 -31.88030
0.00000 -31.88140
0.00000 -31.88020
0.00000 -31.87000
0.00000 -31.87580
0.00000 -31.86000
0.00000 -31.86900
0.00000 -31.86480
0.00000 -31.87260
0.00000 -31.82080
0.00000 -31.81600
0.00000 -31.82330
0.00000 -31.94730
0.00000 -31.95070
0.00000 -31.95380
0.00000 -31.95570
0.00000 -31.96940
0.00000 -31.90570
0.00000 -31.88610
0.00000 -31.86730
0.00000 -31.87750
0.00000 -31.87960
0.00000 -31.86840
0.00000 -31.87820
0.00000 -31.88580
0.00000 -31.88440
0.00000 -31.87150
0.00000 -31.87640
0.00000 -31.87460
0.00000 -31.82640
0.00000 -31.83610
0.00000 -31.80480
0.00000 -31.80530
0.00000 -31.77910
0.00000 -31.81340
0.00000 -31.82250
0.00000 -31.78890
0.00000 -31.78010
0.00000 -31.77950
0.00000 -31.78780
0.00000 -31.78390
0.00000 -31.76540
0.00000 -31.75940
0.00000 -31.76130
0.00000 -31.76260
0.00000 -31.77690
0.00000 -31.78400
0.00000 -31.77460
0.00000 -31.75540
0.00000 -31.76980
0.00000 -31.75290
0.00000 -31.79060
0.00000 -31.77220
0.00000 -31.74800
0.00000 -31.73900
0.00000 -31.72430
0.00000 -31.73100
0.00000 -31.75440
0.00000 -31.73070
0.00000 -31.71990
0.00000 -31.84770
0.00000 -31.85240
0.00000 -31.82430
0.00000 -31.81750
0.00000 -31.78560
0.00000 -31.74460
0.00000 -31.75450
0.00000 -31.74980
0.00000 -31.75170
0.00000 -31.75900
0.00000 -31.79400
0.00000 -31.78310
0.00000 -31.78070
0.00000 -31.76130
0.00000 -31.77470
0.00000 -31.78290
0.00000 -31.78610
0.00000 -31.79760
0.00000 -31.90890
0.00000 -31.90700
0.00000 -31.89250
0.00000 -31.89800
0.00000 -31.89730
0.00000 -31.88100
0.00000 -31.88520
0.00000 -31.89360
0.00000 -31.89490
0.00000 -31.90370
0.00000 -31.88800
0.00000 -31.90180
0.00000 -31.92340
0.00000 -31.93530
0.00000 -31.94430
0.00000 -31.94930
0.00000 -31.96320
0.00000 -31.95980
0.00000 -31.95380
0.00000 -31.95730
0.00000 -31.96290
0.00000 -31.96240
0.00000 -31.91810
0.00000 -31.90610
0.00000 -31.85170
0.00000 -31.92230
0.00000 -31.91870
0.00000 -31.87040
0.00000 -31.87940
0.00000 -31.86450
0.00000 -31.86510
0.00000 -31.86960
0.00000 -31.86670
0.00000 -31.86300
0.00000 -31.84570
0.00000 -31.82570
0.00000 -31.83520
0.00000 -31.85930
0.00000 -31.83260
0.00000 -31.80000
0.00000 -31.80220
0.00000 -31.80370
0.00000 -31.80010
0.00000 -31.80250
0.00000 -31.80250
0.00000 -31.81060
0.00000 -31.80330
0.00000 -31.80400
0.00000 -31.81790
0.00000 -31.81900
0.00000 -31.79000
0.00000 -31.78280
0.00000 -31.77470
0.00000 -31.80420
0.00000 -31.82380
0.00000 -31.82620
0.00000 -31.82640
0.00000 -31.82760
0.00000 -31.80110
0.00000 -31.81110
0.00000 -31.79820
0.00000 -31.81730
0.00000 -31.80730
0.00000 -31.81000
0.00000 -31.81130
0.00000 -31.80400
0.00000 -31.83810
0.00000 -31.83710
0.00000 -31.82740
0.00000 -31.77730
0.00000 -31.75610
0.00000 -31.88650
0.00000 -31.89120
0.00000 -31.90590
0.00000 -31.90730
0.00000 -31.91670
0.00000 -31.91900
0.00000 -31.93200
0.00000 -31.93650
0.00000 -31.93690
0.00000 -31.93670
0.00000 -31.94170
0.00000 -31.93380
0.00000 -31.86780
0.00000 -31.85240
0.00000 -31.85500
0.00000 -31.83720
0.00000 -31.83930
0.00000 -31.84370
0.00000 -31.85540
0.00000 -31.86170
0.00000 -31.83690
0.00000 -31.83520
0.00000 -31.82030
0.00000 -31.83860
0.00000 -31.92180
0.00000 -31.86890
0.00000 -31.85180
0.00000 -31.83990
0.00000 -31.83710
0.00000 -31.83750
0.00000 -31.85590
0.00000 -31.86850
0.00000 -31.85720
0.00000 -31.86160
0.00000 -31.88550
0.00000 -31.87570
0.00000 -31.85760
0.00000 -31.84900
0.00000 -31.85600
0.00000 -31.85290
0.00000 -31.86720
0.00000 -31.82750
0.00000 -31.82920
0.00000 -31.82490
0.00000 -31.85920
0.00000 -31.85980
0.00000 -31.85620
0.00000 -31.86430
0.00000 -31.85120
0.00000 -31.83950
0.00000 -31.84280
0.00000 -31.83630
0.00000 -31.82760
0.00000 -31.82020
0.00000 -31.83430
0.00000 -31.83050
0.00000 -31.82570
0.00000 -31.83140
0.00000 -31.83720
0.00000 -31.85010
0.00000 -31.85710
0.00000 -31.84160
0.00000 -31.83850
0.00000 -31.82700
0.00000 -31.81810
0.00000 -31.81850
0.00000 -31.81400
0.00000 -31.80320
0.00000 -31.79990
0.00000 -31.80060
0.00000 -31.80320
0.00000 -31.79740
0.00000 -31.78550
0.00000 -31.79030
0.00000 -31.78640
0.00000 -31.79750
0.00000 -31.79270
0.00000 -31.79990
0.00000 -31.81390
0.00000 -31.82390
0.00000 -31.82110
0.00000 -31.81140
0.00000 -31.86420
0.00000 -31.86700
0.00000 -31.86120
0.00000 -31.84830
0.00000 -31.84550
0.00000 -31.84360
0.00000 -31.85430
0.00000 -31.83440
0.00000 -31.82850
0.00000 -31.83210
0.00000 -31.81230
0.00000 -31.82720
0.00000 -31.83190
0.00000 -31.81270
0.00000 -31.81200
0.00000 -31.80790
0.00000 -31.80780
0.00000 -31.80290
0.00000 -31.81210
0.00000 -31.83680
0.00000 -31.82310
0.00000 -31.82090
0.00000 -31.81750
0.00000 -31.84990
0.00000 -31.87220
0.00000 -31.87730
0.00000 -31.87030
0.00000 -31.87070
0.00000 -31.85060
0.00000 -31.85970
0.00000 -31.86290
0.00000 -31.84340
0.00000 -31.86240
0.00000 -31.84690
0.00000 -31.84910
0.00000 -31.84890
0.00000 -31.84240
0.00000 -31.84100
0.00000 -31.84170
0.00000 -31.85820
0.00000 -31.85640
0.00000 -31.86810
0.00000 -31.86540
0.00000 -31.87780
0.00000 -31.88110
0.00000 -31.91310
0.00000 -31.85530
0.00000 -31.86120
0.00000 -31.86360
0.00000 -31.88610
0.00000 -31.87780
0.00000 -31.88900
0.00000 -31.85830
0.00000 -31.88130
0.00000 -31.87910
0.00000 -31.83740
0.00000 -31.84010
0.00000 -31.83980
0.00000 -31.83690
0.00000 -31.85040
0.00000 -31.84090
0.00000 -31.85010
0.00000 -31.84960
0.00000 -31.83770
0.00000 -31.84930
0.00000 -31.87550
0.00000 -31.86650
0.00000 -31.87310
0.00000 -31.88950
0.00000 -31.90570
0.00000 -31.91970
0.00000 -31.91140
0.00000 -31.90720
0.00000 -31.89150
0.00000 -31.90850
0.00000 -31.89130
0.00000 -31.87530
0.00000 -31.85410
0.00000 -31.84500
0.00000 -31.84180
0.00000 -31.82800
0.00000 -31.82960
0.00000 -31.83290
0.00000 -31.84710
0.00000 -31.84710
0.00000 -31.84970
0.00000 -31.85680
0.00000 -31.87020
0.00000 -31.86380
0.00000 -31.87170
0.00000 -31.88680
0.00000 -31.86280
0.00000 -31.86590
0.00000 -31.89590
0.00000 -31.89760
0.00000 -34.05660
0.00000 -34.06270
0.00000 -34.03680
0.00000 -34.04590
0.00000 -33.99590
0.00000 -34.01680
0.00000 -34.03190
0.00000 -34.06850
0.00000 -34.10200
0.00000 -34.07890
0.00000 -34.12670
0.00000 -34.11180
0.00000 -34.15480
0.00000 -34.18780
0.00000 -34.18130
0.00000 -34.19900
0.00000 -34.20770
0.00000 -34.22690
0.00000 -34.19660
0.00000 -34.21820
0.00000 -34.22190
0.00000 -34.24250
0.00000 -34.25420
0.00000 -34.28030
0.00000 -34.24880
0.00000 -34.25360
0.00000 -34.23990
0.00000 -34.25720
0.00000 -34.27030
0.00000 -34.29610
0.00000 -34.28550
0.00000 -34.27000
0.00000 -34.27110
0.00000 -34.23630
0.00000 -34.26810
0.00000 -34.25370
0.00000 -34.25010
0.00000 -34.24530
0.00000 -34.24010
0.00000 -34.26110
0.00000 -34.24630
0.00000 -34.24360
0.00000 -34.28330
0.00000 -34.28650
0.00000 -34.30810
0.00000 -27.57770
0.00000 -27.57190
0.00000 -27.57810
0.00000 -27.57370
0.00000 -27.57050
0.00000 -27.57150
0.00000 -27.57380
0.00000 -27.57630
0.00000 -27.57560
0.00000 -27.57390
0.00000 -27.57360
0.00000 -27.57350
0.00000 -27.57400
0.00000 -27.57770
0.00000 -27.57960
0.00000 -27.57990
0.00000 -27.57090
0.00000 -27.56110
0.00000 -27.57320
0.00000 -27.55560
0.00000 -27.53960
0.00000 -27.53260
0.00000 -27.53300
0.00000 -27.53150
0.00000 -27.50710
0.00000 -27.50530
0.00000 -27.48390
0.00000 -27.47990
0.00000 -27.36890
0.00000 -27.38850
0.00000 -27.38780
0.00000 -27.38840
0.00000 -27.41150
0.00000 -27.40820
0.00000 -27.39060
0.00000 -27.40340
0.00000 -27.40230
0.00000 -27.39930
0.00000 -27.40230
0.00000 -27.40040
0.00000 -27.40180
0.00000 -27.40950
0.00000 -27.39720
0.00000 -27.39430
0.00000 -27.39280
0.00000 -27.39580
0.00000 -27.38870
0.00000 -27.38400
0.00000 -27.38620
0.00000 -27.38870
0.00000 -27.39570
0.00000 -27.80890
0.00000 -27.86860
0.00000 -27.87760
0.00000 -27.85350
0.00000 -27.83700
0.00000 -27.84830
0.00000 -27.82670
0.00000 -27.83800
0.00000 -27.82830
0.00000 -27.83140
0.00000 -27.84060
0.00000 -27.85200
0.00000 -27.88930
0.00000 -27.89220
0.00000 -27.84900
0.00000 -27.85760
0.00000 -27.86860
0.00000 -27.89240
0.00000 -27.89840
0.00000 -27.89130
0.00000 -27.90280
0.00000 -27.92890
0.00000 -27.92300
0.00000 -27.92620
0.00000 -27.87940
0.00000 -27.90690
0.00000 -27.91880
0.00000 -27.92460
0.00000 -27.91490
0.00000 -27.53750
0.00000 -27.49810
0.00000 -27.48540
0.00000 -27.48350
0.00000 -27.48840
0.00000 -27.50450
0.00000 -27.50600
0.00000 -27.50570
0.00000 -27.53370
0.00000 -27.52260
0.00000 -27.55060
0.00000 -27.55760
0.00000 -27.56690
0.00000 -27.51030
0.00000 -27.49230
0.00000 -27.49430
0.00000 -27.48130
0.00000 -27.46230
0.00000 -27.45480
0.00000 -27.47190
0.00000 -27.44340
0.00000 -27.43970
0.00000 -27.45070
0.00000 -27.46430
0.00000 -27.48930
0.00000 -27.48920
0.00000 -27.49990
0.00000 -27.47820
0.00000 -27.43900
0.00000 -27.39830
0.00000 -27.39760
0.00000 -27.39910
0.00000 -27.39520
0.00000 -27.37840
0.00000 -27.35740
0.00000 -27.34670
0.00000 -27.35420
0.00000 -27.37830
0.00000 -27.35380
0.00000 -27.35530
0.00000 -27.35500
0.00000 -27.32810
0.00000 -27.31940
0.00000 -27.28900
0.00000 -27.29150
0.00000 -27.27100
0.00000 -27.26950
0.00000 -27.33740
0.00000 -27.32320
0.00000 -27.32600
0.00000 -27.32800
0.00000 -27.32380
0.00000 -27.32770
0.00000 -27.32540
0.00000 -27.36520
0.00000 -27.35020
0.00000 -27.30660
0.00000 -27.32580
0.00000 -27.32940
0.00000 -27.31480
0.00000 -27.31250
0.00000 -27.32400
0.00000 -27.30710
0.00000 -27.30270
0.00000 -27.32640
0.00000 -27.33120
0.00000 -27.33180
0.00000 -27.32710
0.00000 -27.33210
0.00000 -27.35650
0.00000 -27.37220
0.00000 -27.36940
0.00000 -27.36590
0.00000 -27.35440
0.00000 -27.34660
0.00000 -27.36900
0.00000 -27.38230
0.00000 -27.37410
0.00000 -27.37220
0.00000 -27.39270
0.00000 -27.40420
0.00000 -27.38780
0.00000 -27.38940
0.00000 -27.35660
0.00000 -27.34660
0.00000 -27.34730
0.00000 -27.34700
0.00000 -27.33490
0.00000 -27.33520
0.00000 -27.31730
0.00000 -27.29720
0.00000 -27.29190
0.00000 -27.28740
0.00000 -27.30590
0.00000 -27.30160
0.00000 -27.25020
0.00000 -27.25370
0.00000 -27.22500
0.00000 -27.22390
0.00000 -27.31840
0.00000 -27.32030
0.00000 -27.33230
0.00000 -27.32740
0.00000 -27.32610
0.00000 -27.29880
0.00000 -27.29570
0.00000 -27.29500
0.00000 -27.30000
0.00000 -27.29330
0.00000 -27.29030
0.00000 -27.28940
0.00000 -27.28690
0.00000 -27.29390
0.00000 -27.30380
0.00000 -27.29750
0.00000 -27.29870
0.00000 -27.30500
0.00000 -27.31230
0.00000 -27.31300
0.00000 -27.30110
0.00000 -27.27770
0.00000 -27.31000
0.00000 -27.29530
0.00000 -27.26870
0.00000 -27.28490
0.00000 -27.29140
0.00000 -27.31250
0.00000 -27.31200
0.00000 -27.30580
0.00000 -27.29240
0.00000 -27.28870
0.00000 -27.28080
0.00000 -27.28920
0.00000 -27.29840
0.00000 -27.30660
0.00000 -27.30340
0.00000 -27.30530
0.00000 -27.30630
0.00000 -27.27640
0.00000 -27.24440
0.00000 -27.25930
0.00000 -27.26080
0.00000 -27.24220
0.00000 -27.24500
0.00000 -27.32700
0.00000 -27.32520
0.00000 -27.33760
0.00000 -27.33000
0.00000 -27.33290
0.00000 -27.32920
0.00000 -27.33700
0.00000 -27.34600
0.00000 -27.36450
0.00000 -27.31670
0.00000 -27.30110
0.00000 -27.29930
0.00000 -27.30100
0.00000 -27.30600
0.00000 -27.31190
0.00000 -27.30360
0.00000 -27.28620
0.00000 -27.29750
0.00000 -27.30100
0.00000 -27.29800
0.00000 -27.30030
0.00000 -27.29810
0.00000 -27.36730
0.00000 -27.36280
0.00000 -27.35570
0.00000 -27.35100
0.00000 -27.35060
0.00000 -27.35240
0.00000 -27.35800
0.00000 -27.35930
0.00000 -27.36610
0.00000 -27.37210
0.00000 -27.37270
0.00000 -27.37730
0.00000 -27.37470
0.00000 -27.37280
0.00000 -27.37100
0.00000 -27.37220
0.00000 -27.35880
0.00000 -27.38110
0.00000 -27.39660
0.00000 -27.36840
0.00000 -27.36100
0.00000 -27.34990
0.00000 -27.37130
0.00000 -27.36430
0.00000 -27.36710
0.00000 -27.35310
0.00000 -27.36280
0.00000 -27.35940
0.00000 -27.36090
0.00000 -27.35990
0.00000 -27.34540
0.00000 -27.37730
0.00000 -27.35180
0.00000 -27.37100
0.00000 -27.35910
0.00000 -27.36130
0.00000 -27.33050
0.00000 -27.34180
0.00000 -27.34270
0.00000 -27.30480
0.00000 -27.30940
0.00000 -27.31030
0.00000 -27.30690
0.00000 -27.30460
0.00000 -27.30100
0.00000 -27.31840
0.00000 -27.34090
0.00000 -27.31000
0.00000 -27.30940
0.00000 -27.32590
0.00000 -27.32460
0.00000 -27.28260
0.00000 -27.28990
0.00000 -27.29080
0.00000 -27.29150
0.00000 -27.29320
0.00000 -27.27120
0.00000 -27.26690
0.00000 -27.25690
0.00000 -27.26030
0.00000 -27.26350
0.00000 -27.27650
0.00000 -27.25200
0.00000 -27.24110
0.00000 -27.22930
0.00000 -27.23360
0.00000 -27.23900
0.00000 -27.24210
0.00000 -27.24340
0.00000 -27.24480
0.00000 -27.24390
0.00000 -27.24690
0.00000 -27.24690
0.00000 -27.24090
0.00000 -27.27750
0.00000 -27.26700
0.00000 -27.26390
0.00000 -27.27150
0.00000 -27.27990
0.00000 -27.27830
0.00000 -27.27950
0.00000 -27.28160
0.00000 -27.28820
0.00000 -27.28020
0.00000 -27.27270
0.00000 -27.25470
0.00000 -27.26290
0.00000 -27.26740
0.00000 -27.26650
0.00000 -27.26980
0.00000 -27.25150
0.00000 -27.24960
0.00000 -27.25520
0.00000 -27.25600
0.00000 -27.26130
0.00000 -27.26460
0.00000 -27.27080
0.00000 -27.29760
0.00000 -27.27420
0.00000 -27.27620
0.00000 -27.27240
0.00000 -27.26760
0.00000 -27.34550
0.00000 -27.30790
0.00000 -27.30470
0.00000 -27.30590
0.00000 -27.31030
0.00000 -27.30590
0.00000 -27.30050
0.00000 -27.32670
0.00000 -27.34270
0.00000 -27.34640
0.00000 -27.33690
0.00000 -27.33830
0.00000 -27.33380
0.00000 -27.33170
0.00000 -27.33710
0.00000 -27.32670
0.00000 -27.32530
0.00000 -27.31290
0.00000 -27.30340
0.00000 -27.29840
0.00000 -27.29980
0.00000 -27.27930
0.00000 -27.30660
0.00000 -27.29830
0.00000 -27.33550
0.00000 -27.31870
0.00000 -27.32220
0.00000 -27.32060
0.00000 -27.32560
0.00000 -27.33030
0.00000 -27.33080
0.00000 -27.33250
0.00000 -27.33250
0.00000 -27.34800
0.00000 -27.33350
0.00000 -27.33390
0.00000 -27.32610
0.00000 -27.30640
0.00000 -27.29010
0.00000 -27.29010
0.00000 -27.29650
0.00000 -27.28700
0.00000 -27.28610
0.00000 -27.22930
0.00000 -27.22780
0.00000 -27.23190
0.00000 -27.22130
0.00000 -27.22240
0.00000 -27.22570
0.00000 -27.23470
0.00000 -27.23650
0.00000 -27.23240
0.00000 -27.22630
0.00000 -27.22230
0.00000 -27.22860
0.00000 -27.22870
0.00000 -27.23860
0.00000 -27.22430
0.00000 -27.22910
0.00000 -27.22260
0.00000 -27.21640
0.00000 -27.21740
0.00000 -27.21500
0.00000 -27.21740
0.00000 -27.21780
0.00000 -27.21820
0.00000 -27.22890
0.00000 -27.18450
0.00000 -27.18050
0.00000 -29.18780
0.00000 -29.26240
0.00000 -29.23560
0.00000 -29.25600
0.00000 -29.24380
0.00000 -29.24650
0.00000 -29.25090
0.00000 -29.25300
0.00000 -29.26060
0.00000 -29.27420
0.00000 -29.25770
0.00000 -29.26830
0.00000 -29.24860
0.00000 -29.23350
0.00000 -29.24810
0.00000 -29.28080
0.00000 -29.27610
0.00000 -29.27080
0.00000 -29.27200
0.00000 -29.26170
0.00000 -29.24490
0.00000 -29.29910
0.00000 -29.27670
0.00000 -24.26870
0.00000 -24.26660
0.00000 -24.26470
0.00000 -24.26290
0.00000 -24.25980
0.00000 -24.23920
0.00000 -24.23820
0.00000 -24.23540
0.00000 -24.23410
0.00000 -24.23180
0.00000 -24.23340
0.00000 -24.25160
0.00000 -24.25030
0.00000 -24.25080
0.00000 -24.24800
0.00000 -24.28220
0.00000 -24.26080
0.00000 -24.26340
0.00000 -24.26670
0.00000 -24.26150
0.00000 -24.25800
0.00000 -24.25520
0.00000 -24.26050
0.00000 -23.66930
0.00000 -23.66230
0.00000 -23.65180
0.00000 -23.65910
0.00000 -23.65830
0.00000 -23.64650
0.00000 -23.64750
0.00000 -23.64300
0.00000 -23.62660
0.00000 -23.62500
0.00000 -23.63160
0.00000 -23.63360
0.00000 -23.63170
0.00000 -23.62310
0.00000 -23.62680
0.00000 -23.60370
0.00000 -23.60700
0.00000 -23.58160
0.00000 -23.58520
0.00000 -23.58320
0.00000 -23.58620
0.00000 -23.58780
0.00000 -23.59430
0.00000 -23.41240
0.00000 -23.41420
0.00000 -23.41620
0.00000 -23.41970
0.00000 -23.41790
0.00000 -23.42020
0.00000 -23.43920
0.00000 -23.43920
0.00000 -23.44190
0.00000 -23.44420
0.00000 -23.44180
0.00000 -23.43740
0.00000 -23.42460
0.00000 -23.41900
0.00000 -23.42050
0.00000 -23.42920
0.00000 -23.45170
0.00000 -23.45690
0.00000 -23.47060
0.00000 -23.46410
0.00000 -23.45370
0.00000 -23.44600
0.00000 -23.38140
0.00000 -23.38490
0.00000 -23.37880
0.00000 -23.48870
0.00000 -23.47270
0.00000 -23.47940
0.00000 -23.48170
0.00000 -23.47820
0.00000 -23.49600
0.00000 -23.50080
0.00000 -23.54240
0.00000 -23.55870
0.00000 -23.55430
0.00000 -23.54780
0.00000 -23.53350
0.00000 -23.52320
0.00000 -23.51920
0.00000 -23.54030
0.00000 -23.56080
0.00000 -23.57620
0.00000 -23.58210
0.00000 -23.60010
0.00000 -23.57870
0.00000 -23.60980
0.00000 -23.57560
0.00000 -23.59560
0.00000 -23.57910
0.00000 -23.48950
0.00000 -23.49360
0.00000 -23.51280
0.00000 -23.55330
0.00000 -23.53740
0.00000 -23.53000
0.00000 -23.53440
0.00000 -23.51780
0.00000 -23.51170
0.00000 -23.50390
0.00000 -23.52010
0.00000 -23.51380
0.00000 -23.51450
0.00000 -23.51530
0.00000 -23.55050
0.00000 -23.55330
0.00000 -23.56770
0.00000 -23.44300
0.00000 -23.43870
0.00000 -23.42400
0.00000 -23.47450
0.00000 -23.47440
0.00000 -23.47020
0.00000 -23.45630
0.00000 -23.45230
0.00000 -23.45220
0.00000 -23.44320
0.00000 -23.43410
0.00000 -23.43630
0.00000 -23.43940
0.00000 -23.45230
0.00000 -23.44780
0.00000 -23.45010
0.00000 -23.44690
0.00000 -23.45440
0.00000 -23.42270
0.00000 -23.41830
0.00000 -23.42680
0.00000 -23.42840
0.00000 -23.42780
0.00000 -23.39370
0.00000 -23.40100
0.00000 -23.40950
0.00000 -23.42520
0.00000 -23.39170
0.00000 -23.39250
0.00000 -23.40810
0.00000 -23.40330
0.00000 -23.41350
0.00000 -23.41330
0.00000 -23.42470
0.00000 -23.43270
0.00000 -23.44690
0.00000 -23.46570
0.00000 -23.45750
0.00000 -23.45690
0.00000 -23.46440
0.00000 -23.47570
0.00000 -23.48940
0.00000 -23.47730
0.00000 -23.47230
0.00000 -23.44660
0.00000 -23.44540
0.00000 -23.44450
0.00000 -23.44070
0.00000 -23.44270
0.00000 -23.43330
0.00000 -23.43160
0.00000 -23.39830
0.00000 -23.48130
0.00000 -23.48540
0.00000 -23.48550
0.00000 -23.48490
0.00000 -23.48790
0.00000 -23.45970
0.00000 -23.44940
0.00000 -23.45190
0.00000 -23.45220
0.00000 -23.44400
0.00000 -23.46120
0.00000 -23.46280
0.00000 -23.46580
0.00000 -23.47650
0.00000 -23.47900
0.00000 -23.49210
0.00000 -23.48960
0.00000 -23.48420
0.00000 -23.47810
0.00000 -23.45490
0.00000 -23.46170
0.00000 -23.46090
0.00000 -23.55340
0.00000 -23.55650
0.00000 -23.55170
0.00000 -23.54860
0.00000 -23.53530
0.00000 -23.51800
0.00000 -23.51010
0.00000 -23.51660
0.00000 -23.51890
0.00000 -23.51320
0.00000 -23.51720
0.00000 -23.52130
0.00000 -23.51090
0.00000 -23.52480
0.00000 -23.53060
0.00000 -23.52650
0.00000 -23.52810
0.00000 -23.50190
0.00000 -23.50760
0.00000 -23.50850
0.00000 -23.49720
0.00000 -23.48290
0.00000 -23.48010
0.00000 -23.44250
0.00000 -23.44140
0.00000 -23.44060
0.00000 -23.44480
0.00000 -23.44290
0.00000 -23.48800
0.00000 -23.48340
0.00000 -23.43030
0.00000 -23.42130
0.00000 -23.40490
0.00000 -23.39870
0.00000 -23.38590
0.00000 -23.38480
0.00000 -23.38450
0.00000 -23.36830
0.00000 -23.36170
0.00000 -23.36800
0.00000 -23.40490
0.00000 -23.39860
0.00000 -23.41400
0.00000 -23.43320
0.00000 -23.42820
0.00000 -23.42820
0.00000 -23.44500
0.00000 -23.44430
0.00000 -23.44400
0.00000 -23.43310
0.00000 -23.43220
0.00000 -23.40020
0.00000 -23.40210
0.00000 -23.39990
0.00000 -23.39340
0.00000 -23.38400
0.00000 -23.38630
0.00000 -23.38670
0.00000 -23.38050
0.00000 -23.35800
0.00000 -23.35440
0.00000 -23.35000
0.00000 -23.34510
0.00000 -23.35630
0.00000 -23.35570
0.00000 -23.42960
0.00000 -23.43280
0.00000 -23.42930
0.00000 -23.44610
0.00000 -23.45070
0.00000 -23.44610
0.00000 -23.42370
0.00000 -23.41860
0.00000 -23.43240
0.00000 -23.43750
0.00000 -23.45040
0.00000 -23.42190
0.00000 -23.39240
0.00000 -23.40320
0.00000 -23.40810
0.00000 -23.40180
0.00000 -23.38300
0.00000 -23.37290
0.00000 -23.37620
0.00000 -23.36450
0.00000 -23.36490
0.00000 -23.36920
0.00000 -23.36740
0.00000 -23.36980
0.00000 -23.37340
0.00000 -23.36960
0.00000 -23.37030
0.00000 -23.37270
0.00000 -23.37140
0.00000 -23.36950
0.00000 -23.40590
0.00000 -23.40090
0.00000 -23.40030
0.00000 -23.39740
0.00000 -23.39660
0.00000 -23.37740
0.00000 -23.39980
0.00000 -23.39780
0.00000 -23.41430
0.00000 -23.41000
0.00000 -23.41410
0.00000 -23.39460
0.00000 -23.39080
0.00000 -23.38960
0.00000 -23.38990
0.00000 -23.39080
0.00000 -23.40360
0.00000 -23.40300
0.00000 -23.39930
0.00000 -23.39770
0.00000 -23.41750
0.00000 -23.43110
0.00000 -23.44560
0.00000 -23.44970
0.00000 -23.44980
0.00000 -23.42710
0.00000 -23.42720
0.00000 -23.42460
0.00000 -23.42450
0.00000 -23.43380
0.00000 -23.44480
0.00000 -23.41930
0.00000 -23.43080
0.00000 -23.43160
0.00000 -23.42480
0.00000 -23.40530
0.00000 -23.39800
0.00000 -23.39730
0.00000 -23.40140
0.00000 -23.40000
0.00000 -23.38950
0.00000 -23.39420
0.00000 -23.39020
0.00000 -23.38340
0.00000 -23.38360
0.00000 -23.38360
0.00000 -23.37940
0.00000 -23.38140
0.00000 -23.36680
0.00000 -23.36720
0.00000 -23.35270
0.00000 -23.35390
0.00000 -23.36640
0.00000 -23.38250
0.00000 -23.38630
0.00000 -23.38370
0.00000 -23.38060
0.00000 -23.38020
0.00000 -23.37640
0.00000 -23.37290
0.00000 -23.36620
0.00000 -23.36930
0.00000 -23.35260
0.00000 -23.35410
0.00000 -23.34850
0.00000 -23.34980
0.00000 -23.34980
0.00000 -23.36010
0.00000 -23.36740
0.00000 -23.36720
0.00000 -23.35330
0.00000 -23.35950
0.00000 -23.36010
0.00000 -23.35410
0.00000 -23.35650
0.00000 -23.40330
0.00000 -23.40670
0.00000 -23.40270
0.00000 -23.40290
0.00000 -23.39900
0.00000 -23.39640
0.00000 -23.40050
0.00000 -23.40050
0.00000 -23.39890
0.00000 -23.40070
0.00000 -23.39640
0.00000 -23.40910
0.00000 -23.40600
0.00000 -23.40200
0.00000 -23.41620
0.00000 -23.39350
0.00000 -23.36960
0.00000 -23.41870
0.00000 -23.40830
0.00000 -23.40850
0.00000 -23.41210
0.00000 -23.41920
0.00000 -23.42280
0.00000 -23.42130
0.00000 -23.41890
0.00000 -23.42250
0.00000 -23.42450
0.00000 -23.43170
0.00000 -23.43500
0.00000 -23.43720
0.00000 -23.41730
0.00000 -23.42520
0.00000 -23.43190
0.00000 -23.43290
0.00000 -23.43230
0.00000 -23.42250
0.00000 -23.40620
0.00000 -23.40740
0.00000 -23.40970
0.00000 -23.41050
0.00000 -23.41250
0.00000 -23.41950
0.00000 -23.41360
0.00000 -23.40100
0.00000 -23.40280
0.00000 -23.42030
0.00000 -23.42120
0.00000 -23.41550
0.00000 -23.37280
0.00000 -23.37660
0.00000 -23.38030
0.00000 -23.38650
0.00000 -23.38510
0.00000 -23.36910
0.00000 -23.36740
0.00000 -23.36650
0.00000 -23.35930
0.00000 -23.33530
0.00000 -23.33500
0.00000 -23.33210
0.00000 -23.33720
0.00000 -23.33940
0.00000 -23.32420
0.00000 -23.32110
0.00000 -23.33460
0.00000 -23.33120
0.00000 -23.33100
0.00000 -23.33170
0.00000 -23.34630
0.00000 -23.34870
0.00000 -25.02550
0.00000 -25.04580
0.00000 -25.03950
0.00000 -25.05160
0.00000 -25.04560
0.00000 -25.05250
0.00000 -25.03580
0.00000 -25.08160
0.00000 -25.07350
0.00000 -25.08110
0.00000 -25.09020
0.00000 -25.05710
0.00000 -25.04770
0.00000 -25.07070
0.00000 -25.05790
0.00000 -25.10020
0.00000 -25.09840
0.00000 -25.08540
0.00000 -25.11290
0.00000 -25.09410
0.00000 -20.78080
0.00000 -20.77870
0.00000 -20.77870
0.00000 -20.78690
0.00000 -20.79410
0.00000 -20.75340
0.00000 -20.74680
0.00000 -20.74450
0.00000 -20.74780
0.00000 -20.75150
0.00000 -20.73780
0.00000 -20.75540
0.00000 -20.75290
0.00000 -20.76220
0.00000 -20.75890
0.00000 -20.74760
0.00000 -20.75380
0.00000 -20.74980
0.00000 -20.75080
0.00000 -20.75040
0.00000 -20.75360
0.00000 -20.76160
0.00000 -20.75840
0.00000 -20.28120
0.00000 -20.29010
0.00000 -20.26000
0.00000 -20.25990
0.00000 -20.25810
0.00000 -20.25590
0.00000 -20.25160
0.00000 -20.23900
0.00000 -20.23620
0.00000 -20.23570
0.00000 -20.22060
0.00000 -20.21290
0.00000 -20.20510
0.00000 -20.19740
0.00000 -20.20490
0.00000 -20.20800
0.00000 -20.21030
0.00000 -20.20510
0.00000 -20.20970
0.00000 -20.21210
0.00000 -20.21270
0.00000 -20.20780
0.00000 -20.07510
0.00000 -20.08180
0.00000 -20.07090
0.00000 -20.06740
0.00000 -20.05580
0.00000 -20.04390
0.00000 -20.04630
0.00000 -20.05920
0.00000 -20.03720
0.00000 -20.04470
0.00000 -20.05160
0.00000 -20.05440
0.00000 -20.05470
0.00000 -20.05440
0.00000 -20.05470
0.00000 -20.06080
0.00000 -20.06160
0.00000 -20.07860
0.00000 -20.09650
0.00000 -20.10320
0.00000 -20.11320
0.00000 -20.11130
0.00000 -20.09210
0.00000 -20.09460
0.00000 -20.19710
0.00000 -20.19760
0.00000 -20.19390
0.00000 -20.16280
0.00000 -20.16820
0.00000 -20.16060
0.00000 -20.15990
0.00000 -20.16040
0.00000 -20.16120
0.00000 -20.16640
0.00000 -20.18540
0.00000 -20.18180
0.00000 -20.17300
0.00000 -20.17120
0.00000 -20.15750
0.00000 -20.16250
0.00000 -20.16540
0.00000 -20.17360
0.00000 -20.17300
0.00000 -20.16590
0.00000 -20.17750
0.00000 -20.17050
0.00000 -20.16290
0.00000 -20.16280
0.00000 -20.15910
0.00000 -20.15490
0.00000 -20.11560
0.00000 -20.12080
0.00000 -20.12780
0.00000 -20.12430
0.00000 -20.12070
0.00000 -20.11870
0.00000 -20.10950
0.00000 -20.10190
0.00000 -20.09910
0.00000 -20.07930
0.00000 -20.08160
0.00000 -20.08280
0.00000 -20.07890
0.00000 -20.07900
0.00000 -20.09110
0.00000 -20.09800
0.00000 -20.09850
0.00000 -20.09660
0.00000 -20.09320
0.00000 -20.09230
0.00000 -20.08670
0.00000 -20.07600
0.00000 -20.08080
0.00000 -20.03580
0.00000 -20.03300
0.00000 -20.03200
0.00000 -20.02840
0.00000 -20.04010
0.00000 -20.04010
0.00000 -20.04110
0.00000 -20.03540
0.00000 -20.03960
0.00000 -20.03920
0.00000 -20.03740
0.00000 -20.03440
0.00000 -20.04340
0.00000 -20.03330
0.00000 -20.03780
0.00000 -20.04080
0.00000 -20.02270
0.00000 -20.02960
0.00000 -20.01940
0.00000 -20.02970
0.00000 -20.03090
0.00000 -20.01280
0.00000 -20.01510
0.00000 -20.01310
0.00000 -20.00950
0.00000 -19.96820
0.00000 -20.08860
0.00000 -20.08440
0.00000 -20.08450
0.00000 -20.09250
0.00000 -20.09480
0.00000 -20.09880
0.00000 -20.10730
0.00000 -20.10420
0.00000 -20.10340
0.00000 -20.10680
0.00000 -20.12180
0.00000 -20.09850
0.00000 -20.09380
0.00000 -20.07380
0.00000 -20.07460
0.00000 -20.05530
0.00000 -20.04980
0.00000 -20.05430
0.00000 -20.01550
0.00000 -20.03100
0.00000 -20.04830
0.00000 -20.06500
0.00000 -20.06440
0.00000 -20.06340
0.00000 -20.06650
0.00000 -20.05810
0.00000 -20.05730
0.00000 -20.06680
0.00000 -20.08720
0.00000 -20.09560
0.00000 -20.07590
0.00000 -20.08460
0.00000 -20.09000
0.00000 -20.09060
0.00000 -20.09200
0.00000 -20.10720
0.00000 -20.10990
0.00000 -20.12090
0.00000 -20.11780
0.00000 -20.12040
0.00000 -20.12030
0.00000 -20.10830
0.00000 -20.09010
0.00000 -20.07680
0.00000 -20.07170
0.00000 -20.07740
0.00000 -20.06580
0.00000 -20.06070
0.00000 -20.04080
0.00000 -20.03720
0.00000 -20.08250
0.00000 -20.08930
0.00000 -20.08910
0.00000 -20.09020
0.00000 -20.10640
0.00000 -20.10750
0.00000 -20.11110
0.00000 -20.12350
0.00000 -20.13120
0.00000 -20.13320
0.00000 -20.12150
0.00000 -20.13380
0.00000 -20.13260
0.00000 -20.14060
0.00000 -20.14230
0.00000 -20.14440
0.00000 -20.14650
0.00000 -20.14830
0.00000 -20.14040
0.00000 -20.14710
0.00000 -20.13940
0.00000 -20.13410
0.00000 -20.13370
0.00000 -20.13180
0.00000 -20.12640
0.00000 -20.12070
0.00000 -20.11800
0.00000 -20.12330
0.00000 -20.11220
0.00000 -20.11180
0.00000 -20.07980
0.00000 -20.07430
0.00000 -20.08050
0.00000 -20.13030
0.00000 -20.12590
0.00000 -20.12890
0.00000 -20.13480
0.00000 -20.13960
0.00000 -20.14600
0.00000 -20.11670
0.00000 -20.10990
0.00000 -20.11520
0.00000 -20.11360
0.00000 -20.10870
0.00000 -20.10080
0.00000 -20.10010
0.00000 -20.09690
0.00000 -20.08420
0.00000 -20.07110
0.00000 -20.06260
0.00000 -20.04630
0.00000 -20.05240
0.00000 -20.05170
0.00000 -20.05940
0.00000 -20.03810
0.00000 -20.03350
0.00000 -20.02950
0.00000 -20.02310
0.00000 -20.02450
0.00000 -20.02130
0.00000 -20.01710
0.00000 -20.03250
0.00000 -20.03200
0.00000 -20.04100
0.00000 -20.03440
0.00000 -20.02990
0.00000 -20.03010
0.00000 -20.03440
0.00000 -20.04540
0.00000 -20.03720
0.00000 -20.03500
0.00000 -20.03910
0.00000 -20.00630
0.00000 -20.00580
0.00000 -20.00760
0.00000 -20.00800
0.00000 -20.00790
0.00000 -20.05130
0.00000 -20.04860
0.00000 -20.04990
0.00000 -20.03650
0.00000 -20.03110
0.00000 -20.03300
0.00000 -20.02750
0.00000 -20.02770
0.00000 -20.00710
0.00000 -20.01120
0.00000 -19.99170
0.00000 -20.06820
0.00000 -20.05720
0.00000 -20.04570
0.00000 -20.05460
0.00000 -20.05100
0.00000 -20.05180
0.00000 -20.05260
0.00000 -20.05310
0.00000 -20.03380
0.00000 -20.02200
0.00000 -20.02200
0.00000 -20.01950
0.00000 -20.01940
0.00000 -20.01810
0.00000 -20.01190
0.00000 -20.00550
0.00000 -19.99470
0.00000 -19.99910
0.00000 -19.99300
0.00000 -19.98540
0.00000 -19.99380
0.00000 -19.99040
0.00000 -19.98380
0.00000 -19.98400
0.00000 -19.98230
0.00000 -19.98370
0.00000 -19.98690
0.00000 -19.98980
0.00000 -19.98220
0.00000 -20.04010
0.00000 -20.04850
0.00000 -20.03790
0.00000 -20.03980
0.00000 -20.03190
0.00000 -20.03280
0.00000 -20.03870
0.00000 -20.03230
0.00000 -20.02910
0.00000 -20.03320
0.00000 -20.03080
0.00000 -20.02680
0.00000 -20.01160
0.00000 -20.00600
0.00000 -20.01650
0.00000 -20.01780
0.00000 -20.02620
0.00000 -20.03580
0.00000 -20.02810
0.00000 -20.02490
0.00000 -20.01950
0.00000 -20.02030
0.00000 -20.11900
0.00000 -20.11470
0.00000 -20.11460
0.00000 -20.10360
0.00000 -20.10800
0.00000 -20.10840
0.00000 -20.11500
0.00000 -20.10280
0.00000 -20.09940
0.00000 -20.10910
0.00000 -20.10810
0.00000 -20.10800
0.00000 -20.08370
0.00000 -20.08960
0.00000 -20.09130
0.00000 -20.09190
0.00000 -20.08590
0.00000 -20.08450
0.00000 -20.08150
0.00000 -20.08420
0.00000 -20.09320
0.00000 -20.09320
0.00000 -20.09420
0.00000 -20.07610
0.00000 -20.07520
0.00000 -20.07440
0.00000 -20.07720
0.00000 -20.10180
0.00000 -20.11130
0.00000 -20.11110
0.00000 -20.11450
0.00000 -20.11420
0.00000 -20.11210
0.00000 -20.11090
0.00000 -20.10540
0.00000 -20.10490
0.00000 -20.11470
0.00000 -20.11720
0.00000 -20.11820
0.00000 -20.11380
0.00000 -20.11060
0.00000 -20.10920
0.00000 -20.11200
0.00000 -20.10140
0.00000 -20.09770
0.00000 -20.08520
0.00000 -20.10100
0.00000 -20.09380
0.00000 -20.09000
0.00000 -20.09110
0.00000 -20.09190
0.00000 -20.09100
0.00000 -20.08810
0.00000 -20.08690
0.00000 -20.09180
0.00000 -20.09140
0.00000 -20.09110
0.00000 -20.08350
0.00000 -20.04560
0.00000 -20.05090
0.00000 -20.04340
0.00000 -20.04360
0.00000 -20.04290
0.00000 -20.04670
0.00000 -20.05530
0.00000 -20.03410
0.00000 -20.02820
0.00000 -20.02740
0.00000 -20.02690
0.00000 -20.04180
0.00000 -20.04460
0.00000 -20.03670
0.00000 -20.03680
0.00000 -20.03580
0.00000 -20.03110
0.00000 -20.03340
0.00000 -20.04400
0.00000 -20.04830
0.00000 -20.04860
0.00000 -20.02630
0.00000 -20.01080
0.00000 -20.01780
0.00000 -20.01650
0.00000 -20.00650
0.00000 -20.01440
0.00000 -20.01170
0.00000 -19.99960
0.00000 -19.99230
0.00000 -19.98880
0.00000 -19.98630
0.00000 -19.98250
0.00000 -19.97810
0.00000 -19.95930
0.00000 -19.96780
0.00000 -19.94540
0.00000 -19.94050
0.00000 -19.94230
0.00000 -19.93840
0.00000 -19.94040
0.00000 -19.94380
0.00000 -19.94520
0.00000 -19.94320
0.00000 -19.98860
0.00000 -19.98920
0.00000 -20.00690
0.00000 -20.01370
0.00000 -19.99980
0.00000 -20.00550
0.00000 -20.00030
0.00000 -20.00130
0.00000 -19.99290
0.00000 -19.98880
0.00000 -20.00630
0.00000 -20.00660
0.00000 -20.00750
0.00000 -20.01150
0.00000 -20.00910
0.00000 -20.00610
0.00000 -20.01070
0.00000 -20.01320
0.00000 -20.01450
0.00000 -20.01130
0.00000 -20.01170
0.00000 -21.43230
0.00000 -21.44070
0.00000 -21.44260
0.00000 -21.45000
0.00000 -21.44410
0.00000 -21.45570
0.00000 -21.44240
0.00000 -21.45690
0.00000 -21.46950
0.00000 -21.45800
0.00000 -21.47270
0.00000 -21.47490
0.00000 -21.47750
0.00000 -21.46500
0.00000 -21.48430
0.00000 -21.49480
0.00000 -21.50300
0.00000 -21.50820
0.00000 -21.51680
0.00000 -21.52790
0.00000 -21.51060
0.00000 -21.53360
0.00000 -21.54090
0.00000 -21.52930
0.00000 -17.82700
0.00000 -17.83000
0.00000 -17.82790
0.00000 -17.83720
0.00000 -17.83250
0.00000 -17.82380
0.00000 -17.81970
0.00000 -17.82310
0.00000 -17.81210
0.00000 -17.81270
0.00000 -17.81130
0.00000 -17.80990
0.00000 -17.81060
0.00000 -17.81720
0.00000 -17.80070
0.00000 -17.79740
0.00000 -17.79560
0.00000 -17.79760
0.00000 -17.80150
0.00000 -17.81060
0.00000 -17.81400
0.00000 -17.81330
0.00000 -17.81100
0.00000 -17.39810
0.00000 -17.39810
0.00000 -17.38420
0.00000 -17.38420
0.00000 -17.37950
0.00000 -17.37800
0.00000 -17.37980
0.00000 -17.38450
0.00000 -17.38610
0.00000 -17.38480
0.00000 -17.38970
0.00000 -17.39090
0.00000 -17.39110
0.00000 -17.39180
0.00000 -17.39090
0.00000 -17.39400
0.00000 -17.39430
0.00000 -17.37760
0.00000 -17.37800
0.00000 -17.37660
0.00000 -17.36790
0.00000 -17.36390
0.00000 -17.36720
0.00000 -17.37330
0.00000 -17.37580
0.00000 -17.37710
0.00000 -17.36320
0.00000 -17.35230
0.00000 -17.27090
0.00000 -17.27710
0.00000 -17.27370
0.00000 -17.27660
0.00000 -17.27750
0.00000 -17.27820
0.00000 -17.28020
0.00000 -17.26380
0.00000 -17.26460
0.00000 -17.26450
0.00000 -17.26780
0.00000 -17.26760
0.00000 -17.26840
0.00000 -17.26720
0.00000 -17.26680
0.00000 -17.26370
0.00000 -17.26240
0.00000 -17.25990
0.00000 -17.25910
0.00000 -17.25970
0.00000 -17.25040
0.00000 -17.25270
0.00000 -17.26880
0.00000 -17.27830
0.00000 -17.27620
0.00000 -17.27480
0.00000 -17.27030
0.00000 -17.27600
0.00000 -17.27700
0.00000 -17.27140
0.00000 -17.27060
0.00000 -17.25090
0.00000 -17.26390
0.00000 -17.27230
0.00000 -17.26360
0.00000 -17.23650
0.00000 -17.23780
0.00000 -17.23190
0.00000 -17.22160
0.00000 -17.22180
0.00000 -17.22430
0.00000 -17.20460
0.00000 -17.21810
0.00000 -17.19970
0.00000 -17.20390
0.00000 -17.22000
0.00000 -17.24010
0.00000 -17.26620
0.00000 -17.27460
0.00000 -17.27410
0.00000 -17.27160
0.00000 -17.27910
0.00000 -17.29220
0.00000 -17.27940
0.00000 -17.29030
0.00000 -17.26860
0.00000 -17.28880
0.00000 -17.33950
0.00000 -17.34630
0.00000 -17.32400
0.00000 -17.32320
0.00000 -17.32270
0.00000 -17.31640
0.00000 -17.31880
0.00000 -17.31460
0.00000 -17.29890
0.00000 -17.30120
0.00000 -17.30770
0.00000 -17.29220
0.00000 -17.30080
0.00000 -17.30060
0.00000 -17.29940
0.00000 -17.30150
0.00000 -17.30510
0.00000 -17.30820
0.00000 -17.29950
0.00000 -17.30080
0.00000 -17.31070
0.00000 -17.31790
0.00000 -17.32140
0.00000 -17.32270
0.00000 -17.32400
0.00000 -17.32190
0.00000 -17.31690
0.00000 -17.31370
0.00000 -17.29540
0.00000 -17.28680
0.00000 -17.29500
0.00000 -17.29510
0.00000 -17.30010
0.00000 -17.30090
0.00000 -17.29420
0.00000 -17.29390
0.00000 -17.29200
0.00000 -17.29060
0.00000 -17.29420
0.00000 -17.30040
0.00000 -17.30220
0.00000 -17.29300
0.00000 -17.28930
0.00000 -17.29070
0.00000 -17.28540
0.00000 -17.28370
0.00000 -17.28580
0.00000 -17.28090
0.00000 -17.28510
0.00000 -17.27910
0.00000 -17.25860
0.00000 -17.25450
0.00000 -17.25100
0.00000 -17.27520
0.00000 -17.27890
0.00000 -17.28050
0.00000 -17.27460
0.00000 -17.27680
0.00000 -17.27510
0.00000 -17.27340
0.00000 -17.26980
0.00000 -17.26320
0.00000 -17.26510
0.00000 -17.26190
0.00000 -17.26330
0.00000 -17.27050
0.00000 -17.27170
0.00000 -17.28060
0.00000 -17.27350
0.00000 -17.26610
0.00000 -17.26320
0.00000 -17.26440
0.00000 -17.26170
0.00000 -17.23070
0.00000 -17.23340
0.00000 -17.24040
0.00000 -17.23220
0.00000 -17.22730
0.00000 -17.22770
0.00000 -17.21980
0.00000 -17.21080
0.00000 -17.20760
0.00000 -17.20320
0.00000 -17.20790
0.00000 -17.21430
0.00000 -17.21370
0.00000 -17.21120
0.00000 -17.21680
0.00000 -17.21700
0.00000 -17.23190
0.00000 -17.23250
0.00000 -17.21890
0.00000 -17.21970
0.00000 -17.22820
0.00000 -17.22170
0.00000 -17.22110
0.00000 -17.22170
0.00000 -17.21460
0.00000 -17.21400
0.00000 -17.21270
0.00000 -17.21420
0.00000 -17.19010
0.00000 -17.18580
0.00000 -17.20690
0.00000 -17.20180
0.00000 -17.19770
0.00000 -17.19810
0.00000 -17.19410
0.00000 -17.19380
0.00000 -17.19490
0.00000 -17.18470
0.00000 -17.17940
0.00000 -17.16080
0.00000 -17.15820
0.00000 -17.16260
0.00000 -17.15990
0.00000 -17.15820
0.00000 -17.15580
0.00000 -17.15910
0.00000 -17.15860
0.00000 -17.15430
0.00000 -17.15460
0.00000 -17.15880
0.00000 -17.15760
0.00000 -17.15710
0.00000 -17.16400
0.00000 -17.16820
0.00000 -17.17510
0.00000 -17.17790
0.00000 -17.16570
0.00000 -17.16140
0.00000 -17.20870
0.00000 -17.20510
0.00000 -17.20520
0.00000 -17.20130
0.00000 -17.20780
0.00000 -17.18070
0.00000 -17.17380
0.00000 -17.18230
0.00000 -17.18260
0.00000 -17.16600
0.00000 -17.15080
0.00000 -17.13570
0.00000 -17.13700
0.00000 -17.13010
0.00000 -17.12350
0.00000 -17.13160
0.00000 -17.13550
0.00000 -17.12260
0.00000 -17.12670
0.00000 -17.13170
0.00000 -17.18040
0.00000 -17.17690
0.00000 -17.18000
0.00000 -17.15220
0.00000 -17.15370
0.00000 -17.15750
0.00000 -17.15630
0.00000 -17.16100
0.00000 -17.15920
0.00000 -17.13810
0.00000 -17.13810
0.00000 -17.13820
0.00000 -17.13160
0.00000 -17.13040
0.00000 -17.12550
0.00000 -17.12370
0.00000 -17.12790
0.00000 -17.14120
0.00000 -17.14070
0.00000 -17.13940
0.00000 -17.13260
0.00000 -17.13740
0.00000 -17.15280
0.00000 -17.14210
0.00000 -17.22030
0.00000 -17.21530
0.00000 -17.21000
0.00000 -17.20450
0.00000 -17.20330
0.00000 -17.18400
0.00000 -17.17200
0.00000 -17.16490
0.00000 -17.16630
0.00000 -17.16970
0.00000 -17.17370
0.00000 -17.17110
0.00000 -17.17120
0.00000 -17.16910
0.00000 -17.16650
0.00000 -17.16170
0.00000 -17.15950
0.00000 -17.15900
0.00000 -17.15800
0.00000 -17.15500
0.00000 -17.15170
0.00000 -17.12700
0.00000 -17.11480
0.00000 -17.16850
0.00000 -17.17090
0.00000 -17.17070
0.00000 -17.16000
0.00000 -17.12920
0.00000 -17.12900
0.00000 -17.13030
0.00000 -17.13160
0.00000 -17.13970
0.00000 -17.13560
0.00000 -17.14890
0.00000 -17.14790
0.00000 -17.14480
0.00000 -17.14870
0.00000 -17.14530
0.00000 -17.14830
0.00000 -17.15110
0.00000 -17.14690
0.00000 -17.15040
0.00000 -17.15070
0.00000 -17.14750
0.00000 -17.14730
0.00000 -17.14790
0.00000 -17.15270
0.00000 -17.15970
0.00000 -17.15990
0.00000 -17.21400
0.00000 -17.21130
0.00000 -17.20840
0.00000 -17.20700
0.00000 -17.21090
0.00000 -17.19960
0.00000 -17.18960
0.00000 -17.17760
0.00000 -17.18290
0.00000 -17.18480
0.00000 -17.18140
0.00000 -17.18730
0.00000 -17.19110
0.00000 -17.17580
0.00000 -17.16980
0.00000 -17.18020
0.00000 -17.15890
0.00000 -17.15530
0.00000 -17.16000
0.00000 -17.16680
0.00000 -17.15140
0.00000 -17.15970
0.00000 -17.14880
0.00000 -17.14460
0.00000 -17.18660
0.00000 -17.19130
0.00000 -17.19580
0.00000 -17.18090
0.00000 -17.18070
0.00000 -17.19060
0.00000 -17.18990
0.00000 -17.18800
0.00000 -17.20380
0.00000 -17.20630
0.00000 -17.20180
0.00000 -17.20230
0.00000 -17.19790
0.00000 -17.18780
0.00000 -17.18960
0.00000 -17.18630
0.00000 -17.18470
0.00000 -17.17060
0.00000 -17.17540
0.00000 -17.19730
0.00000 -17.19280
0.00000 -17.18710
0.00000 -17.19670
0.00000 -17.18960
0.00000 -17.19770
0.00000 -17.19350
0.00000 -17.19500
0.00000 -17.19160
0.00000 -17.19310
0.00000 -17.19250
0.00000 -17.19410
0.00000 -17.18300
0.00000 -17.18770
0.00000 -17.18060
0.00000 -17.18100
0.00000 -17.19560
0.00000 -17.19550
0.00000 -17.20120
0.00000 -17.20110
0.00000 -17.20710
0.00000 -17.21020
0.00000 -17.21220
0.00000 -17.20650
0.00000 -17.20370
0.00000 -17.20930
0.00000 -17.20450
0.00000 -17.20040
0.00000 -17.18190
0.00000 -17.19960
0.00000 -17.20900
0.00000 -17.20310
0.00000 -17.18960
0.00000 -17.19470
0.00000 -17.19650
0.00000 -17.19560
0.00000 -17.19700
0.00000 -17.19320
0.00000 -17.19430
0.00000 -17.19170
0.00000 -17.19180
0.00000 -17.19600
0.00000 -17.18630
0.00000 -17.18430
0.00000 -17.18100
0.00000 -17.18270
0.00000 -17.18690
0.00000 -17.18070
0.00000 -17.18040
0.00000 -17.17820
0.00000 -17.17810
0.00000 -17.17620
0.00000 -17.18580
0.00000 -17.18510
0.00000 -17.17730
0.00000 -17.17840
0.00000 -17.17780
0.00000 -17.18770
0.00000 -17.18320
0.00000 -17.17190
0.00000 -17.16880
0.00000 -17.17590
0.00000 -17.17440
0.00000 -17.17130
0.00000 -17.17490
0.00000 -17.17310
0.00000 -17.17850
0.00000 -17.18780
0.00000 -17.17530
0.00000 -17.18850
0.00000 -17.18440
0.00000 -17.18620
0.00000 -17.19000
0.00000 -18.39090
0.00000 -18.37910
0.00000 -18.38280
0.00000 -18.39230
0.00000 -18.39730
0.00000 -18.40700
0.00000 -18.40410
0.00000 -18.39850
0.00000 -18.38970
0.00000 -18.38700
0.00000 -18.38650
0.00000 -18.39080
0.00000 -18.39640
0.00000 -18.40180
0.00000 -18.40920
0.00000 -18.41670
0.00000 -18.39320
0.00000 -18.43100
0.00000 -18.41960
0.00000 -18.41670
0.00000 -18.42320
0.00000 -18.44110
0.00000 -18.45110
0.00000 -18.45560
0.00000 -18.45410
0.00000 -18.45640
0.00000 -18.46630
0.00000 -15.26420
0.00000 -15.25750
0.00000 -15.25590
0.00000 -15.25280
0.00000 -15.26060
0.00000 -15.25460
0.00000 -15.25510
0.00000 -15.26060
0.00000 -15.25790
0.00000 -15.26080
0.00000 -15.26370
0.00000 -15.27360
0.00000 -15.27310
0.00000 -15.27190
0.00000 -15.28040
0.00000 -15.28180
0.00000 -15.27590
0.00000 -15.27100
0.00000 -15.27230
0.00000 -14.88270
0.00000 -14.88210
0.00000 -14.87300
0.00000 -14.88080
0.00000 -14.87990
0.00000 -14.87950
0.00000 -14.87720
0.00000 -14.87670
0.00000 -14.87640
0.00000 -14.87580
0.00000 -14.87140
0.00000 -14.86980
0.00000 -14.86750
0.00000 -14.86970
0.00000 -14.86850
0.00000 -14.86800
0.00000 -14.87080
0.00000 -14.87360
0.00000 -14.87230
0.00000 -14.87760
0.00000 -14.87680
0.00000 -14.87650
0.00000 -14.87650
0.00000 -14.87880
0.00000 -14.88000
0.00000 -14.87880
0.00000 -14.86940
0.00000 -14.86910
0.00000 -14.87130
0.00000 -14.87510
0.00000 -14.81560
0.00000 -14.80760
0.00000 -14.81260
0.00000 -14.80930
0.00000 -14.80630
0.00000 -14.79700
0.00000 -14.78400
0.00000 -14.81270
0.00000 -14.81880
0.00000 -14.82980
0.00000 -14.82720
0.00000 -14.82610
0.00000 -14.83040
0.00000 -14.83570
0.00000 -14.84370
0.00000 -14.84090
0.00000 -14.85510
0.00000 -14.87290
0.00000 -14.85980
0.00000 -14.85660
0.00000 -14.82710
0.00000 -14.82360
0.00000 -14.84970
0.00000 -14.85220
0.00000 -14.86140
0.00000 -14.86330
0.00000 -14.85490
0.00000 -14.85530
0.00000 -14.85750
0.00000 -14.86510
0.00000 -14.84650
0.00000 -14.84710
0.00000 -14.84950
0.00000 -14.85220
0.00000 -14.84740
0.00000 -14.85750
0.00000 -14.86700
0.00000 -14.86890
0.00000 -14.88040
0.00000 -14.87440
0.00000 -14.87040
0.00000 -14.85430
0.00000 -14.85740
0.00000 -14.84400
0.00000 -14.84840
0.00000 -14.86500
0.00000 -14.86730
0.00000 -14.86240
0.00000 -14.85970
0.00000 -14.85350
0.00000 -14.84950
0.00000 -14.82960
0.00000 -14.82610
0.00000 -14.83440
0.00000 -14.83190
0.00000 -14.83460
0.00000 -14.84660
0.00000 -14.84480
0.00000 -14.81720
0.00000 -14.82160
0.00000 -14.81570
0.00000 -14.84430
0.00000 -14.85200
0.00000 -14.84150
0.00000 -14.84490
0.00000 -14.76330
0.00000 -14.76140
0.00000 -14.77130
0.00000 -14.77110
0.00000 -14.78320
0.00000 -14.78630
0.00000 -14.78620
0.00000 -14.78780
0.00000 -14.78340
0.00000 -14.76990
0.00000 -14.76870
0.00000 -14.77080
0.00000 -14.76580
0.00000 -14.76540
0.00000 -14.75330
0.00000 -14.75240
0.00000 -14.75760
0.00000 -14.75780
0.00000 -14.74270
0.00000 -14.73980
0.00000 -14.73920
0.00000 -14.73550
0.00000 -14.74210
0.00000 -14.74230
0.00000 -14.75230
0.00000 -14.75660
0.00000 -14.75720
0.00000 -14.75760
0.00000 -14.76490
0.00000 -14.76480
0.00000 -14.76870
0.00000 -14.76420
0.00000 -14.77090
0.00000 -14.77140
0.00000 -14.75490
0.00000 -14.75280
0.00000 -14.74990
0.00000 -14.74570
0.00000 -14.75320
0.00000 -14.75540
0.00000 -14.75370
0.00000 -14.75140
0.00000 -14.75850
0.00000 -14.76020
0.00000 -14.75660
0.00000 -14.75850
0.00000 -14.76050
0.00000 -14.75040
0.00000 -14.75250
0.00000 -14.74650
0.00000 -14.74000
0.00000 -14.73990
0.00000 -14.73340
0.00000 -14.73160
0.00000 -14.73580
0.00000 -14.73380
0.00000 -14.74190
0.00000 -14.74650
0.00000 -14.73600
0.00000 -14.73520
0.00000 -14.73750
0.00000 -14.74100
0.00000 -14.74350
0.00000 -14.79420
0.00000 -14.78750
0.00000 -14.78590
0.00000 -14.78560
0.00000 -14.78280
0.00000 -14.77790
0.00000 -14.76980
0.00000 -14.76940
0.00000 -14.76960
0.00000 -14.76290
0.00000 -14.76180
0.00000 -14.76240
0.00000 -14.76260
0.00000 -14.75910
0.00000 -14.75330
0.00000 -14.74880
0.00000 -14.74920
0.00000 -14.75330
0.00000 -14.75150
0.00000 -14.76100
0.00000 -14.76250
0.00000 -14.77060
0.00000 -14.79130
0.00000 -14.79570
0.00000 -14.80350
0.00000 -14.80950
0.00000 -14.80780
0.00000 -14.80640
0.00000 -14.80380
0.00000 -14.80470
0.00000 -14.80980
0.00000 -14.80220
0.00000 -14.79870
0.00000 -14.80240
0.00000 -14.81950
0.00000 -14.82090
0.00000 -14.82180
0.00000 -14.81360
0.00000 -14.80370
0.00000 -14.79470
0.00000 -14.78650
0.00000 -14.78530
0.00000 -14.78840
0.00000 -14.79050
0.00000 -14.79010
0.00000 -14.78780
0.00000 -14.78830
0.00000 -14.81860
0.00000 -14.81970
0.00000 -14.80470
0.00000 -14.78250
0.00000 -14.76860
0.00000 -14.76260
0.00000 -14.77250
0.00000 -14.77150
0.00000 -14.75700
0.00000 -14.75260
0.00000 -14.75620
0.00000 -14.76650
0.00000 -14.76870
0.00000 -14.74260
0.00000 -14.72360
0.00000 -14.72430
0.00000 -14.72220
0.00000 -14.72600
0.00000 -14.72270
0.00000 -14.72400
0.00000 -14.72970
0.00000 -14.71730
0.00000 -14.71990
0.00000 -14.71760
0.00000 -14.72150
0.00000 -14.72390
0.00000 -14.70900
0.00000 -14.69390
0.00000 -14.68970
0.00000 -14.69420
0.00000 -14.69250
0.00000 -14.68800
0.00000 -14.69220
0.00000 -14.69260
0.00000 -14.68990
0.00000 -14.69480
0.00000 -14.69500
0.00000 -14.69080
0.00000 -14.68150
0.00000 -14.67830
0.00000 -14.68030
0.00000 -14.67820
0.00000 -14.67600
0.00000 -14.67770
0.00000 -14.66940
0.00000 -14.66740
0.00000 -14.67090
0.00000 -14.66270
0.00000 -14.67330
0.00000 -14.66260
0.00000 -14.66070
0.00000 -14.66290
0.00000 -14.73680
0.00000 -14.74210
0.00000 -14.73610
0.00000 -14.72460
0.00000 -14.72970
0.00000 -14.72750
0.00000 -14.73140
0.00000 -14.73170
0.00000 -14.73570
0.00000 -14.73820
0.00000 -14.74050
0.00000 -14.73890
0.00000 -14.74240
0.00000 -14.73490
0.00000 -14.72540
0.00000 -14.72330
0.00000 -14.71730
0.00000 -14.72290
0.00000 -14.72220
0.00000 -14.73280
0.00000 -14.73290
0.00000 -14.73080
0.00000 -14.71200
0.00000 -14.71160
0.00000 -14.71280
0.00000 -14.71190
0.00000 -14.73040
0.00000 -14.78360
0.00000 -14.79290
0.00000 -14.80160
0.00000 -14.80020
0.00000 -14.80280
0.00000 -14.80540
0.00000 -14.80750
0.00000 -14.79600
0.00000 -14.78280
0.00000 -14.78320
0.00000 -14.76830
0.00000 -14.78970
0.00000 -14.78050
0.00000 -14.78090
0.00000 -14.77890
0.00000 -14.77650
0.00000 -14.77050
0.00000 -14.76690
0.00000 -14.76440
0.00000 -14.76940
0.00000 -14.74850
0.00000 -14.75080
0.00000 -14.74520
0.00000 -14.74520
0.00000 -14.73050
0.00000 -14.72940
0.00000 -14.73580
0.00000 -14.73340
0.00000 -14.72500
0.00000 -14.72240
0.00000 -14.71820
0.00000 -14.72120
0.00000 -14.72340
0.00000 -14.72760
0.00000 -14.72360
0.00000 -14.70320
0.00000 -14.70580
0.00000 -14.70200
0.00000 -14.70290
0.00000 -14.70020
0.00000 -14.70300
0.00000 -14.70130
0.00000 -14.70260
0.00000 -14.70980
0.00000 -14.71000
0.00000 -14.71390
0.00000 -14.70070
0.00000 -14.69520
0.00000 -14.69410
0.00000 -14.68520
0.00000 -14.67560
0.00000 -14.68610
0.00000 -14.69020
0.00000 -14.68300
0.00000 -14.68240
0.00000 -14.68690
0.00000 -14.68840
0.00000 -14.69010
0.00000 -14.69170
0.00000 -14.68900
0.00000 -14.67600
0.00000 -14.67410
0.00000 -14.67740
0.00000 -14.67480
0.00000 -14.67730
0.00000 -14.69450
0.00000 -14.68200
0.00000 -14.69450
0.00000 -14.69960
0.00000 -14.70080
0.00000 -14.69740
0.00000 -14.69730
0.00000 -14.70510
0.00000 -14.69440
0.00000 -14.69460
0.00000 -14.69410
0.00000 -14.73680
0.00000 -14.72870
0.00000 -14.72820
0.00000 -14.73400
0.00000 -14.73400
0.00000 -14.73020
0.00000 -14.72270
0.00000 -14.72310
0.00000 -14.72290
0.00000 -14.72160
0.00000 -14.71640
0.00000 -14.70920
0.00000 -14.70780
0.00000 -14.70680
0.00000 -14.70550
0.00000 -14.70220
0.00000 -14.70480
0.00000 -14.70230
0.00000 -14.70500
0.00000 -14.70180
0.00000 -14.69590
0.00000 -14.69430
0.00000 -14.70850
0.00000 -14.69230
0.00000 -14.71970
0.00000 -14.71940
0.00000 -14.71990
0.00000 -14.71750
0.00000 -14.71140
0.00000 -14.70170
0.00000 -14.70330
0.00000 -14.69980
0.00000 -14.69150
0.00000 -14.69170
0.00000 -14.69210
0.00000 -14.69950
0.00000 -14.69350
0.00000 -14.69200
0.00000 -14.69020
0.00000 -14.69160
0.00000 -14.69060
0.00000 -14.69160
0.00000 -14.69360
0.00000 -14.69610
0.00000 -14.68920
0.00000 -14.69170
0.00000 -14.69340
0.00000 -14.70410
0.00000 -14.69920
0.00000 -14.69900
0.00000 -14.74720
0.00000 -14.74610
0.00000 -14.74520
0.00000 -14.74450
0.00000 -14.74910
0.00000 -14.74820
0.00000 -14.75060
0.00000 -14.74550
0.00000 -14.74580
0.00000 -14.74440
0.00000 -14.74080
0.00000 -14.73790
0.00000 -14.73430
0.00000 -14.73590
0.00000 -14.73420
0.00000 -14.73520
0.00000 -14.73860
0.00000 -14.73960
0.00000 -14.73990
0.00000 -14.74010
0.00000 -14.74230
0.00000 -14.74020
0.00000 -14.73980
0.00000 -14.74190
0.00000 -14.74310
0.00000 -14.74360
0.00000 -14.74270
0.00000 -14.73650
0.00000 -14.73540
0.00000 -14.73940
0.00000 -14.73520
0.00000 -14.72100
0.00000 -15.76980
0.00000 -15.77400
0.00000 -15.76680
0.00000 -15.76120
0.00000 -15.77930
0.00000 -15.76620
0.00000 -15.77440
0.00000 -15.79590
0.00000 -15.80770
0.00000 -15.81220
0.00000 -15.79420
0.00000 -15.81340
0.00000 -15.80990
0.00000 -15.81660
0.00000 -15.83330
0.00000 -15.82040
0.00000 -15.83340
0.00000 -15.83990
0.00000 -15.85050
0.00000 -15.84580
0.00000 -15.85680
0.00000 -15.86170
0.00000 -15.86740
0.00000 -15.87340
0.00000 -15.85430
0.00000 -13.11930
0.00000 -13.11500
0.00000 -13.10950
0.00000 -13.10800
0.00000 -13.11230
0.00000 -13.11340
0.00000 -13.11480
0.00000 -13.11650
0.00000 -13.11770
0.00000 -13.11430
0.00000 -13.10830
0.00000 -13.10640
0.00000 -13.10650
0.00000 -13.10870
0.00000 -13.11680
0.00000 -13.11840
0.00000 -13.11770
0.00000 -13.12060
0.00000 -13.12640
0.00000 -13.12520
0.00000 -13.12850
0.00000 -13.13240
0.00000 -13.13370
0.00000 -13.13160
0.00000 -13.13380
0.00000 -13.11040
0.00000 -13.11120
0.00000 -13.11510
0.00000 -12.77610
0.00000 -12.78110
0.00000 -12.76820
0.00000 -12.76560
0.00000 -12.76550
0.00000 -12.76830
0.00000 -12.76920
0.00000 -12.76750
0.00000 -12.77410
0.00000 -12.77280
0.00000 -12.76990
0.00000 -12.77240
0.00000 -12.77180
0.00000 -12.77160
0.00000 -12.76340
0.00000 -12.76100
0.00000 -12.75970
0.00000 -12.75870
0.00000 -12.76040
0.00000 -12.76540
0.00000 -12.75750
0.00000 -12.75850
0.00000 -12.75890
0.00000 -12.75920
0.00000 -12.75940
0.00000 -12.66030
0.00000 -12.66530
0.00000 -12.66680
0.00000 -12.65990
0.00000 -12.65340
0.00000 -12.65170
0.00000 -12.65340
0.00000 -12.65380
0.00000 -12.64890
0.00000 -12.65110
0.00000 -12.65050
0.00000 -12.65120
0.00000 -12.66080
0.00000 -12.65490
0.00000 -12.67240
0.00000 -12.68010
0.00000 -12.66870
0.00000 -12.67070
0.00000 -12.67170
0.00000 -12.66870
0.00000 -12.64300
0.00000 -12.64690
0.00000 -12.62910
0.00000 -12.63610
0.00000 -12.63780
0.00000 -12.64970
0.00000 -12.64300
0.00000 -12.64090
0.00000 -12.72760
0.00000 -12.72930
0.00000 -12.73900
0.00000 -12.74280
0.00000 -12.73310
0.00000 -12.73030
0.00000 -12.73740
0.00000 -12.73690
0.00000 -12.73010
0.00000 -12.72540
0.00000 -12.74450
0.00000 -12.76160
0.00000 -12.77210
0.00000 -12.77260
0.00000 -12.80970
0.00000 -12.80250
0.00000 -12.78260
0.00000 -12.78340
0.00000 -12.76180
0.00000 -12.75600
0.00000 -12.75900
0.00000 -12.75560
0.00000 -12.70550
0.00000 -12.62820
0.00000 -12.62790
0.00000 -12.63120
0.00000 -12.62710
0.00000 -12.63230
0.00000 -12.62780
0.00000 -12.62210
0.00000 -12.62010
0.00000 -12.62390
0.00000 -12.62190
0.00000 -12.61870
0.00000 -12.63290
0.00000 -12.63810
0.00000 -12.63550
0.00000 -12.63650
0.00000 -12.65750
0.00000 -12.66620
0.00000 -12.69220
0.00000 -12.68910
0.00000 -12.68930
0.00000 -12.68190
0.00000 -12.68490
0.00000 -12.68430
0.00000 -12.69230
0.00000 -12.69240
0.00000 -12.69430
0.00000 -12.68370
0.00000 -12.67980
0.00000 -12.68650
0.00000 -12.67820
0.00000 -12.68100
0.00000 -12.67200
0.00000 -12.66130
0.00000 -12.66100
0.00000 -12.66190
0.00000 -12.65850
0.00000 -12.62710
0.00000 -12.62190
0.00000 -12.62450
0.00000 -12.60930
0.00000 -12.60400
0.00000 -12.60600
0.00000 -12.60560
0.00000 -12.60890
0.00000 -12.60980
0.00000 -12.61240
0.00000 -12.62460
0.00000 -12.62980
0.00000 -12.60320
0.00000 -12.60110
0.00000 -12.59190
0.00000 -12.58690
0.00000 -12.58710
0.00000 -12.58700
0.00000 -12.58700
0.00000 -12.58250
0.00000 -12.58160
0.00000 -12.58000
0.00000 -12.57540
0.00000 -12.57390
0.00000 -12.57960
0.00000 -12.57900
0.00000 -12.57810
0.00000 -12.58080
0.00000 -12.58090
0.00000 -12.58340
0.00000 -12.57300
0.00000 -12.57790
0.00000 -12.56390
0.00000 -12.56780
0.00000 -12.55950
0.00000 -12.55740
0.00000 -12.55890
0.00000 -12.60470
0.00000 -12.60330
0.00000 -12.60400
0.00000 -12.60400
0.00000 -12.59080
0.00000 -12.59160
0.00000 -12.59250
0.00000 -12.60680
0.00000 -12.60700
0.00000 -12.60670
0.00000 -12.61210
0.00000 -12.61380
0.00000 -12.61700
0.00000 -12.61930
0.00000 -12.61590
0.00000 -12.61320
0.00000 -12.61020
0.00000 -12.60530
0.00000 -12.59810
0.00000 -12.59760
0.00000 -12.58250
0.00000 -12.58180
0.00000 -12.58130
0.00000 -12.58200
0.00000 -12.58830
0.00000 -12.59080
0.00000 -12.61100
0.00000 -12.59760
0.00000 -12.59580
0.00000 -12.58820
0.00000 -12.59200
0.00000 -12.59070
0.00000 -12.58630
0.00000 -12.58830
0.00000 -12.59130
0.00000 -12.59610
0.00000 -12.59720
0.00000 -12.59500
0.00000 -12.59390
0.00000 -12.59590
0.00000 -12.58990
0.00000 -12.58180
0.00000 -12.58800
0.00000 -12.59460
0.00000 -12.59280
0.00000 -12.60430
0.00000 -12.60370
0.00000 -12.59740
0.00000 -12.58720
0.00000 -12.59150
0.00000 -12.60010
0.00000 -12.65350
0.00000 -12.64680
0.00000 -12.62720
0.00000 -12.61980
0.00000 -12.62150
0.00000 -12.62260
0.00000 -12.62200
0.00000 -12.62150
0.00000 -12.62080
0.00000 -12.62190
0.00000 -12.61750
0.00000 -12.61770
0.00000 -12.61460
0.00000 -12.62090
0.00000 -12.62720
0.00000 -12.63840
0.00000 -12.62850
0.00000 -12.62640
0.00000 -12.62360
0.00000 -12.62480
0.00000 -12.62430
0.00000 -12.60140
0.00000 -12.60050
0.00000 -12.63030
0.00000 -12.62500
0.00000 -12.62940
0.00000 -12.63800
0.00000 -12.62380
0.00000 -12.62330
0.00000 -12.62200
0.00000 -12.62490
0.00000 -12.62590
0.00000 -12.62580
0.00000 -12.62800
0.00000 -12.62920
0.00000 -12.62610
0.00000 -12.63010
0.00000 -12.62310
0.00000 -12.62290
0.00000 -12.62140
0.00000 -12.63450
0.00000 -12.63420
0.00000 -12.63520
0.00000 -12.64480
0.00000 -12.64650
0.00000 -12.67930
0.00000 -12.67470
0.00000 -12.67540
0.00000 -12.67570
0.00000 -12.67380
0.00000 -12.66970
0.00000 -12.65980
0.00000 -12.66160
0.00000 -12.65920
0.00000 -12.64960
0.00000 -12.64920
0.00000 -12.65390
0.00000 -12.65260
0.00000 -12.64830
0.00000 -12.65000
0.00000 -12.65110
0.00000 -12.65020
0.00000 -12.65150
0.00000 -12.64520
0.00000 -12.64980
0.00000 -12.65100
0.00000 -12.68640
0.00000 -12.68350
0.00000 -12.68250
0.00000 -12.68130
0.00000 -12.68120
0.00000 -12.68180
0.00000 -12.67460
0.00000 -12.67360
0.00000 -12.69150
0.00000 -12.67010
0.00000 -12.66920
0.00000 -12.66740
0.00000 -12.65420
0.00000 -12.65180
0.00000 -12.65440
0.00000 -12.65650
0.00000 -12.65430
0.00000 -12.65420
0.00000 -12.65080
0.00000 -12.65240
0.00000 -12.65270
0.00000 -12.65370
0.00000 -12.65590
0.00000 -12.65750
0.00000 -12.66600
0.00000 -12.66500
0.00000 -12.66610
0.00000 -12.66730
0.00000 -12.64290
0.00000 -12.64140
0.00000 -12.64370
0.00000 -12.63130
0.00000 -12.63300
0.00000 -12.64280
0.00000 -12.64140
0.00000 -12.62910
0.00000 -12.62080
0.00000 -12.62330
0.00000 -12.62650
0.00000 -12.63160
0.00000 -12.63340
0.00000 -12.64170
0.00000 -12.64350
0.00000 -12.64460
0.00000 -12.64270
0.00000 -12.63810
0.00000 -12.64750
0.00000 -12.64720
0.00000 -12.66280
0.00000 -12.65830
0.00000 -12.65830
0.00000 -12.65660
0.00000 -12.65530
0.00000 -12.64310
0.00000 -12.63710
0.00000 -12.63930
0.00000 -12.63850
0.00000 -12.63980
0.00000 -12.64210
0.00000 -12.64490
0.00000 -12.64560
0.00000 -12.63900
0.00000 -12.63910
0.00000 -12.63650
0.00000 -12.64390
0.00000 -12.64680
0.00000 -12.65220
0.00000 -12.65240
0.00000 -12.65320
0.00000 -12.64990
0.00000 -12.64880
0.00000 -12.64780
0.00000 -12.64080
0.00000 -12.64690
0.00000 -12.64620
0.00000 -12.64230
0.00000 -12.65050
0.00000 -12.64400
0.00000 -12.64050
0.00000 -12.65150
0.00000 -12.64780
0.00000 -12.63720
0.00000 -12.63200
0.00000 -12.63660
0.00000 -12.63040
0.00000 -12.63290
0.00000 -12.63540
0.00000 -12.63620
0.00000 -12.63980
0.00000 -12.63340
0.00000 -12.63360
0.00000 -12.63630
0.00000 -12.64340
0.00000 -12.63340
0.00000 -12.63590
0.00000 -12.62590
0.00000 -12.62590
0.00000 -12.62830
0.00000 -12.65400
0.00000 -12.64870
0.00000 -12.66660
0.00000 -12.73270
0.00000 -12.78350
0.00000 -12.72510
0.00000 -12.86700
0.00000 -12.87350
0.00000 -12.85060
0.00000 -12.80780
0.00000 -12.79110
0.00000 -12.75850
0.00000 -12.74930
0.00000 -12.75950
0.00000 -12.76720
0.00000 -12.77150
0.00000 -12.76360
0.00000 -12.68300
0.00000 -12.70820
0.00000 -12.75770
0.00000 -12.78250
0.00000 -12.78740
0.00000 -12.81810
0.00000 -12.80630
0.00000 -12.78710
0.00000 -12.74930
0.00000 -12.72930
0.00000 -12.73760
0.00000 -12.75000
0.00000 -12.73320
0.00000 -12.70210
0.00000 -12.73120
0.00000 -12.75380
0.00000 -12.76340
0.00000 -12.68420
0.00000 -12.68650
0.00000 -12.68560
0.00000 -12.68470
0.00000 -12.69640
0.00000 -12.72830
0.00000 -12.73180
0.00000 -12.70910
0.00000 -12.83880
0.00000 -12.76450
0.00000 -12.71720
0.00000 -12.72100
0.00000 -12.73010
0.00000 -12.76100
0.00000 -12.82600
