5.00 50000.00 4.00 100000.00 0.05 0.50 0.00 0.01 93.03 2.97 97.14 98.08 1.22 99.52 0.37 28.61 2.15 Cancer_0 
6.00 50000.00 4.00 100000.00 0.05 0.50 0.00 0.01 78.01 0.87 79.36 77.73 0.73 78.93 0.00 17.01 28.69 bank-additional_0 
7.00 50000.00 4.00 100000.00 0.05 0.50 0.00 0.01 75.99 2.42 81.73 70.82 2.29 77.33 0.37 18.21 33.64 PenDigit_0 
8.00 50000.00 4.00 100000.00 0.05 0.50 0.00 0.01 58.19 12.51 99.49 64.92 9.25 99.94 0.24 23.11 84.78 chess_0 
5.00 50000.00 4.00 100000.00 0.10 0.50 0.00 0.01 74.44 12.09 95.09 85.99 7.26 98.10 0.20 38.51 241.49 1.76 Cancer_1 
6.00 50000.00 4.00 100000.00 0.10 0.50 0.00 0.01 79.29 0.31 80.11 83.89 1.87 90.28 0.25 18.21 3660.32 14.49 bank-additional_1 
7.00 50000.00 4.00 100000.00 0.10 0.50 0.00 0.01 82.74 3.32 89.16 77.27 2.97 83.42 0.05 25.58 11425.54 33.86 PenDigit_1 
8.00 50000.00 4.00 100000.00 0.10 0.50 0.00 0.01 56.33 3.71 74.44 62.63 3.67 70.80 0.32 33.29 34481.30 126.22 chess_1 
5.00 50000.00 4.00 100000.00 0.15 0.50 0.00 0.01 78.38 8.10 87.73 85.44 5.19 91.43 0.17 30.28 324.71 1.76 Cancer_2 
6.00 50000.00 4.00 100000.00 0.15 0.50 0.00 0.01 79.01 0.26 79.53 78.35 0.37 79.33 0.20 21.99 4068.45 19.23 bank-additional_2 
7.00 50000.00 4.00 100000.00 0.15 0.50 0.00 0.01 66.05 1.05 67.09 65.18 1.46 66.64 0.38 18.02 16815.05 34.59 PenDigit_2 
6.00 50000.00 4.00 100000.00 0.20 0.50 0.00 0.01 75.62 1.43 78.30 75.36 0.92 77.45 0.11 26.86 4205.66 30.60 bank-additional_3 
7.00 50000.00 4.00 100000.00 0.20 0.50 0.00 0.01 84.68 0.76 85.43 79.09 0.10 79.19 0.08 21.01 16161.86 36.16 PenDigit_3 
