3.00 50000.00 4.00 100000.00 0.05 0.50 0.00 0.01 40.14 17.09 91.11 46.36 10.08 87.20 0.27 44.59 56.76 1.95 2.64e-05 6.05e-05 iris_2 
3.00 50000.00 4.00 100000.00 0.05 0.50 0.00 0.01 24.13 8.52 44.44 39.88 13.06 65.43 0.03 71.52 56.39 1.94 3.83e-05 8.10e-05 iris_3 
4.00 50000.00 4.00 100000.00 0.05 0.50 0.00 0.01 48.59 3.23 68.98 10.83 11.54 75.23 0.05 52.12 100.43 2.98 4.10e-03 1.56e-02 Ionosphere_1 
5.00 50000.00 4.00 100000.00 0.05 0.50 0.00 0.01 62.47 3.46 77.71 80.46 4.04 93.81 0.07 19.56 183.73 2.96 2.65e-05 5.20e-05 Cancer_0 
5.00 50000.00 4.00 100000.00 0.05 0.50 0.00 0.01 77.40 13.07 95.30 86.67 7.75 98.10 0.02 24.17 194.45 3.16 3.71e-05 1.31e-04 Cancer_1 
3.00 50000.00 4.00 100000.00 0.05 0.50 0.00 0.01 44.11 11.93 78.89 50.01 5.65 70.30 0.12 57.23 55.95 1.81 2.39e-05 4.60e-05 iris_4 
3.00 50000.00 4.00 100000.00 0.05 0.50 0.00 0.01 47.21 13.20 66.67 8.90 23.05 100.00 0.05 23.32 52.14 1.72 3.08e-05 2.87e-05 iris_5 
4.00 50000.00 4.00 100000.00 0.05 0.50 0.00 0.01 70.34 6.15 83.27 73.42 14.06 95.41 0.21 66.62 92.41 2.43 3.30e-04 5.39e-04 Ionosphere_2 
4.00 50000.00 4.00 100000.00 0.05 0.50 0.00 0.01 68.99 9.87 85.71 68.22 11.94 93.58 0.18 59.96 90.98 2.51 1.81e-04 3.11e-04 Ionosphere_3 
5.00 50000.00 4.00 100000.00 0.05 0.50 0.00 0.01 91.17 6.29 96.52 97.64 3.17 99.52 0.01 24.64 180.28 2.84 1.18e-04 2.41e-04 Cancer_2 
5.00 50000.00 4.00 100000.00 0.05 0.50 0.00 0.01 84.14 13.62 96.73 93.22 8.10 99.52 0.01 36.32 190.89 2.78 1.14e-04 3.37e-04 Cancer_3 
6.00 50000.00 4.00 100000.00 0.05 0.50 0.00 0.01 77.82 1.05 79.69 77.16 0.91 78.80 2.34 20.55 2577.87 27.38 4.30e-03 2.02e-02 bank-additional_1 
6.00 50000.00 4.00 100000.00 0.05 0.50 0.00 0.01 78.08 0.42 79.05 78.42 0.37 79.35 0.00 22.05 2414.98 35.78 1.98e-05 1.03e-04 bank-additional_2 
7.00 50000.00 4.00 100000.00 0.05 0.50 0.00 0.01 71.75 13.66 89.86 68.03 12.93 85.19 1.22 21.85 9552.22 35.34 1.48e-05 7.47e-05 PenDigit_0 
7.00 50000.00 4.00 100000.00 0.05 0.50 0.00 0.01 69.03 13.43 87.87 65.61 12.22 82.36 2.39 26.14 9320.22 35.74 3.17e-06 6.10e-06 PenDigit_1 
8.00 50000.00 4.00 100000.00 0.05 0.50 0.00 0.01 90.87 13.35 100.00 90.71 13.31 100.00 0.00 27.96 28780.59 143.75 8.63e-06 1.79e-05 chess_0 
8.00 50000.00 4.00 100000.00 0.05 0.50 0.00 0.01 89.26 14.87 100.00 89.90 13.24 100.00 0.00 30.55 27565.94 145.02 2.02e-05 9.38e-05 chess_1 
3.00 50000.00 4.00 100000.00 0.05 0.25 0.00 0.01 27.50 8.72 47.78 35.32 12.45 64.29 0.04 62.75 60.26 2.00 4.32e-05 1.32e-04 iris_6 
3.00 50000.00 4.00 100000.00 0.05 0.25 0.00 0.01 38.08 7.35 64.44 48.27 0.86 59.79 0.16 85.51 57.14 1.96 5.69e-05 1.54e-04 iris_7 
4.00 50000.00 4.00 100000.00 0.05 0.25 0.00 0.01 66.33 9.75 85.71 80.05 10.45 96.33 0.12 72.31 94.71 2.90 5.71e-05 2.01e-04 Ionosphere_4 
4.00 50000.00 4.00 100000.00 0.05 0.25 0.00 0.01 76.60 4.42 86.94 61.23 8.05 86.24 0.37 71.03 89.19 2.93 1.60e-04 2.73e-04 Ionosphere_5 
5.00 50000.00 4.00 100000.00 0.05 0.25 0.00 0.01 89.75 6.91 96.32 92.80 4.57 99.05 0.00 40.51 187.08 3.41 2.71e-04 9.64e-04 Cancer_5 
3.00 50000.00 4.00 100000.00 0.05 0.50 0.00 0.01 22.31 10.81 61.11 54.95 29.12 100.00 0.08 63.33 58.37 1.73 3.69e-05 9.08e-05 iris_8 
3.00 50000.00 4.00 100000.00 0.05 0.50 0.00 0.01 44.44 11.83 76.67 46.50 16.37 84.21 0.07 61.75 47.06 1.83 9.32e-05 2.41e-04 iris_9 
4.00 50000.00 4.00 100000.00 0.05 0.50 0.00 0.01 53.91 10.07 76.33 59.79 34.78 95.41 0.08 69.14 99.96 2.52 2.61e-05 2.93e-05 Ionosphere_6 
4.00 50000.00 4.00 100000.00 0.05 0.50 0.00 0.01 51.12 8.00 84.08 19.25 24.13 97.25 0.04 63.87 108.49 2.54 4.88e-05 1.17e-04 Ionosphere_7 
5.00 50000.00 4.00 100000.00 0.05 0.50 0.00 0.01 76.26 12.73 96.11 88.16 8.10 99.52 0.01 37.56 190.38 2.95 1.64e-04 5.65e-04 Cancer_6 
5.00 50000.00 4.00 100000.00 0.05 0.50 0.00 0.01 62.61 6.19 95.09 78.94 3.67 96.67 0.01 11.37 184.77 2.70 1.13e-04 4.31e-04 Cancer_7 
6.00 50000.00 4.00 100000.00 0.05 0.50 0.00 0.01 77.76 1.01 79.51 77.91 0.96 79.58 0.00 32.59 2478.49 38.40 4.09e-05 1.60e-04 bank-additional_4 
6.00 50000.00 4.00 100000.00 0.05 0.50 0.00 0.01 76.69 1.94 78.99 75.28 1.67 80.00 1.98 32.77 2486.57 17.25 2.70e-05 1.01e-04 bank-additional_5 
7.00 50000.00 4.00 100000.00 0.05 0.50 0.00 0.01 77.37 5.26 85.15 72.94 4.73 80.82 0.00 26.60 9317.73 35.17 8.22e-06 2.56e-05 PenDigit_2 
7.00 50000.00 4.00 100000.00 0.05 0.50 0.00 0.01 80.85 1.28 82.87 77.66 1.08 80.02 1.69 6.58 10064.59 36.05 3.73e-05 2.88e-04 PenDigit_3 
8.00 50000.00 4.00 100000.00 0.05 0.50 0.00 0.01 68.76 6.71 81.30 68.35 6.84 81.21 0.43 12.34 27565.26 169.03 6.43e-05 5.14e-04 chess_2 
8.00 50000.00 4.00 100000.00 0.05 0.50 0.00 0.01 92.13 14.63 100.00 92.27 14.23 100.00 0.70 20.84 25761.02 175.69 1.26e-05 8.12e-05 chess_3 
3.00 50000.00 4.00 100000.00 0.05 0.25 0.00 0.01 49.59 14.50 94.44 0.81 8.97 100.00 0.31 64.60 60.72 1.76 4.41e-05 1.29e-04 iris_10 
3.00 50000.00 4.00 100000.00 0.05 0.25 0.00 0.01 69.31 2.05 80.00 65.24 4.04 78.38 0.56 73.31 49.13 1.93 5.13e-05 1.54e-04 iris_11 
4.00 50000.00 4.00 100000.00 0.05 0.25 0.00 0.01 58.24 13.11 84.90 30.58 25.03 83.49 0.04 84.07 93.53 2.82 8.87e-05 3.57e-04 Ionosphere_8 
4.00 50000.00 4.00 100000.00 0.05 0.25 0.00 0.01 68.80 5.92 80.41 70.90 9.09 95.41 0.59 68.56 93.88 2.72 1.66e-04 3.38e-04 Ionosphere_9 
5.00 50000.00 4.00 100000.00 0.05 0.25 0.00 0.01 94.78 1.46 96.73 97.91 1.17 99.05 1.25 35.72 162.73 3.69 2.62e-04 8.92e-04 Cancer_8 
5.00 50000.00 4.00 100000.00 0.05 0.25 0.00 0.01 92.87 2.32 96.52 98.19 1.10 99.52 0.02 48.02 153.63 3.70 9.11e-05 2.59e-04 Cancer_9 
6.00 50000.00 4.00 100000.00 0.05 0.25 0.00 0.01 78.07 1.81 80.02 77.59 1.25 79.32 0.00 36.91 2519.18 38.33 2.91e-05 2.23e-04 bank-additional_6 
6.00 50000.00 4.00 100000.00 0.05 0.25 0.00 0.01 78.44 0.67 79.69 77.79 0.63 79.60 0.00 47.68 2481.72 28.67 1.25e-05 5.05e-05 bank-additional_7 
7.00 50000.00 4.00 100000.00 0.05 0.25 0.00 0.01 86.29 3.01 91.41 82.03 2.49 87.82 0.00 29.93 9193.04 50.21 6.85e-05 4.14e-04 PenDigit_4 
7.00 50000.00 4.00 100000.00 0.05 0.25 0.00 0.01 88.74 1.94 92.87 83.60 2.14 88.74 0.00 29.96 9106.98 49.25 8.09e-05 5.99e-04 PenDigit_5 
8.00 50000.00 4.00 100000.00 0.05 0.25 0.00 0.01 97.17 8.35 100.00 97.66 6.83 100.00 0.00 48.24 25719.40 197.61 2.34e-06 1.32e-05 chess_4 
3.00 4000.00 4.00 100.00 0.05 0.50 0.00 0.01 70.46 14.98 90.00 62.46 12.65 85.21 0.00 54.22 65.85 1.30 1.84e-03 1.57e-03 iris_59 
3.00 4000.00 4.00 100.00 0.05 0.50 0.00 0.01 53.04 14.63 66.67 56.18 46.68 100.00 0.00 70.58 67.87 1.24 1.81e-03 1.69e-03 iris_60 
3.00 4000.00 4.00 100.00 0.05 0.50 0.00 0.01 31.61 2.09 34.44 45.13 2.72 48.54 33.33 86.76 63.84 1.17 1.63e-05 1.57e-05 iris_65 
3.00 4000.00 4.00 100.00 0.05 0.50 0.00 0.01 33.86 2.77 36.67 11.05 1.07 18.75 27.27 88.91 59.66 1.16 1.16e-05 1.22e-05 iris_69 
3.00 10000.00 4.00 100.00 0.05 0.50 0.00 0.01 56.64 14.66 87.78 52.49 15.14 84.89 25.00 85.54 52.46 1.51 2.61e-05 3.25e-05 iris_71 
3.00 10000.00 4.00 100.00 0.05 0.50 0.00 0.01 70.03 9.66 88.89 62.16 41.47 100.00 35.71 68.85 2.14 1.45 2.45e-05 2.96e-05 iris_72 
3.00 10000.00 4.00 100.00 0.05 0.50 0.00 0.01 13.28 10.55 42.22 13.22 11.73 65.33 46.67 80.70 1.29 0.66 3.95e-05 7.89e-05 iris_0 
3.00 10000.00 4.00 100.00 0.05 0.50 0.00 0.01 40.79 13.50 64.44 53.60 21.98 73.53 40.00 76.25 1.37 0.69 9.57e-05 2.32e-04 iris_1 
3.00 20000.00 4.00 100.00 0.05 0.50 0.00 0.01 42.25 11.42 71.11 24.36 18.35 55.56 34.44 82.09 0.97 1.98 2.97e-05 7.95e-05 iris_2 
3.00 40000.00 4.00 100.00 0.05 0.50 0.00 0.01 37.13 9.54 62.22 0.00 0.00 0.00 29.44 82.74 0.87 6.36 2.08e-05 8.78e-05 iris_3 
3.00 40000.00 4.00 100.00 0.05 0.50 0.00 0.01 52.48 18.99 87.78 52.85 19.10 88.00 29.17 65.23 2.56 5.92 3.79e-05 1.70e-04 iris_4 
5.00 40000.00 4.00 100.00 0.05 0.50 0.00 0.01 60.45 1.15 81.39 77.59 1.73 86.19 21.39 39.09 5.68 7.36 4.83e-05 2.38e-04 Cancer_11 
3.00 10000.00 4.00 100.00 0.05 0.50 0.00 0.01 43.33 11.54 80.00 41.71 9.78 73.44 45.56 88.24 0.61 0.60 7.52e-05 1.13e-04 iris_6 
3.00 10000.00 4.00 100.00 0.05 0.50 0.00 0.01 41.77 2.70 64.44 38.11 2.92 64.93 38.89 90.82 0.45 0.59 2.49e-05 4.83e-05 iris_10 
3.00 10000.00 4.00 100.00 0.05 0.50 0.00 0.01 24.47 12.57 63.33 9.42 15.29 47.92 37.78 82.58 1.14 0.57 4.83e-05 1.08e-04 iris_11 
3.00 10000.00 4.00 100.00 0.05 0.50 0.00 0.01 16.52 11.04 54.44 8.24 10.01 50.44 42.22 76.57 1.45 0.60 2.82e-05 4.13e-05 iris_12 
3.00 10000.00 4.00 100.00 0.05 0.50 0.00 0.01 35.03 16.26 68.89 22.39 24.67 100.00 40.00 79.87 1.40 0.59 7.15e-05 1.02e-04 iris_13 
3.00 10000.00 4.00 100.00 0.05 0.50 0.00 0.01 45.84 12.07 72.22 40.66 11.44 68.57 27.78 87.41 1.09 0.61 5.45e-05 1.10e-04 iris_54 
3.00 10000.00 4.00 100.00 0.05 0.50 0.00 0.01 62.73 3.07 76.67 87.89 13.52 100.00 34.44 81.66 1.09 0.54 8.64e-05 1.29e-04 iris_60 
