-100.0000 -100.0000
-333.5237 0.0000
-333.3839 0.0000
-333.9820 0.0000
-333.7658 0.0000
-333.9781 0.0000
-333.1443 0.0000
-333.8495 0.0000
-333.2345 0.0000
-333.8166 0.0000
-333.4323 0.0000
-333.5112 0.0000
-334.3393 0.0000
-334.0718 0.0000
-334.3328 0.0000
-334.9375 0.0000
-334.4580 0.0000
-334.4390 0.0000
-333.5860 0.0000
-333.2212 0.0000
-333.1638 0.0000
-333.5644 0.0000
-333.8101 0.0000
-333.3105 0.0000
-334.3897 0.0000
-333.2289 0.0000
-332.9623 0.0000
-333.5450 0.0000
-335.1961 0.0000
-334.0345 0.0000
-333.4228 0.0000
-333.8196 0.0000
-333.4071 0.0000
-333.6839 0.0000
-333.6342 0.0000
-333.5779 0.0000
-333.4828 0.0000
-333.1703 0.0000
-334.6435 0.0000
-333.0693 0.0000
-333.3658 0.0000
-333.7162 0.0000
-333.0273 0.0000
-332.4796 0.0000
-333.2790 0.0000
-332.3669 0.0000
-333.7240 0.0000
-332.8134 0.0000
-331.8481 0.0000
-331.5718 0.0000
-331.2906 0.0000
-331.0397 0.0000
-331.0015 0.0000
-331.6682 0.0000
-331.9415 0.0000
-331.2664 0.0000
-330.8431 0.0000
-330.6850 0.0000
-330.4525 0.0000
-330.7672 0.0000
-330.0640 0.0000
-330.0061 0.0000
-330.4551 0.0000
-329.9747 0.0000
-330.2751 0.0000
-330.9903 0.0000
-332.1299 0.0000
-331.7177 0.0000
-332.1141 0.0000
-332.0083 0.0000
-332.3548 0.0000
-331.8362 0.0000
-331.6357 0.0000
-331.0872 0.0000
-330.7075 0.0000
-331.1957 0.0000
-331.2604 0.0000
-330.9454 0.0000
-332.2963 0.0000
-331.4608 0.0000
-331.3391 0.0000
-331.9450 0.0000
-333.7031 0.0000
-332.6627 0.0000
-332.4589 0.0000
-333.3769 0.0000
-332.8607 0.0000
-332.8641 0.0000
-333.0271 0.0000
-332.9693 0.0000
-333.6679 0.0000
-334.3996 0.0000
-334.1710 0.0000
-333.7559 0.0000
-333.8791 0.0000
-333.7775 0.0000
-333.3363 0.0000
-333.3414 0.0000
-332.4083 0.0000
-331.7258 0.0000
-331.6518 0.0000
-332.0916 0.0000
-332.8168 0.0000
-333.4508 0.0000
-333.1035 0.0000
-332.9243 0.0000
-333.2889 0.0000
-333.1111 0.0000
-333.7307 0.0000
-332.8275 0.0000
-333.6068 0.0000
-333.5855 0.0000
-333.5105 0.0000
-331.8382 0.0000
-332.0206 0.0000
-332.9084 0.0000
-332.4331 0.0000
-333.5881 0.0000
-333.0256 0.0000
-333.2614 0.0000
-333.6350 0.0000
-333.0319 0.0000
-333.6457 0.0000
-333.1835 0.0000
-334.0233 0.0000
-333.7808 0.0000
-334.2113 0.0000
-335.0642 0.0000
-334.5360 0.0000
-334.0846 0.0000
-335.4575 0.0000
-334.8588 0.0000
-334.3445 0.0000
-333.9955 0.0000
-334.1390 0.0000
-334.3820 0.0000
-334.4321 0.0000
-334.3764 0.0000
-333.7809 0.0000
-333.1392 0.0000
-332.9393 0.0000
-333.7975 0.0000
-331.5494 0.0000
-332.3387 0.0000
-332.8208 0.0000
-333.0493 0.0000
-333.1540 0.0000
-333.4796 0.0000
-333.2658 0.0000
-334.1422 0.0000
-333.7432 0.0000
-334.1966 0.0000
-335.2241 0.0000
-334.3666 0.0000
-334.1812 0.0000
-334.0315 0.0000
-334.6285 0.0000
-333.7580 0.0000
-333.7768 0.0000
-333.1276 0.0000
-334.7762 0.0000
-334.9396 0.0000
-334.5338 0.0000
-335.0111 0.0000
-335.6699 0.0000
-335.2209 0.0000
-335.2512 0.0000
-334.2687 0.0000
-334.3330 0.0000
-335.5979 0.0000
-335.7251 0.0000
-335.6134 0.0000
-335.1337 0.0000
-336.1885 0.0000
-336.6439 0.0000
-337.3237 0.0000
-337.0320 0.0000
-335.6193 0.0000
-336.7054 0.0000
-336.6873 0.0000
-336.6770 0.0000
-336.9401 0.0000
-337.3565 0.0000
-337.3229 0.0000
-336.1255 0.0000
-336.0930 0.0000
-335.6226 0.0000
-336.5608 0.0000
-335.8065 0.0000
-336.1817 0.0000
-337.0735 0.0000
-336.9035 0.0000
-336.0582 0.0000
-337.2530 0.0000
-336.3764 0.0000
-336.7622 0.0000
-336.2966 0.0000
-337.1631 0.0000
-336.4612 0.0000
-336.9592 0.0000
-336.9511 0.0000
-337.2694 0.0000
-336.4491 0.0000
-338.3035 0.0000
-336.5719 0.0000
-336.7989 0.0000
-337.3693 0.0000
-337.4405 0.0000
-337.6294 0.0000
-336.2223 0.0000
-337.1960 0.0000
-336.7834 0.0000
-337.1642 0.0000
-336.5936 0.0000
-337.5626 0.0000
-336.6865 0.0000
-337.1929 0.0000
-336.0521 0.0000
-336.8808 0.0000
-338.2380 0.0000
-337.3646 0.0000
-338.1646 0.0000
-337.7041 0.0000
-336.9267 0.0000
-336.6950 0.0000
-337.2692 0.0000
-337.0180 0.0000
-337.8041 0.0000
-337.8781 0.0000
-337.5729 0.0000
-337.6308 0.0000
-336.5616 0.0000
-336.5064 0.0000
-336.4138 0.0000
-337.3077 0.0000
-337.8313 0.0000
-336.9420 0.0000
-335.1272 0.0000
-337.3492 0.0000
-337.2823 0.0000
-336.3184 0.0000
-336.5918 0.0000
-335.6711 0.0000
-336.3022 0.0000
-336.6203 0.0000
-337.3842 0.0000
-335.5525 0.0000
-336.9019 0.0000
-337.5757 0.0000
-336.8230 0.0000
-338.1061 0.0000
-336.8468 0.0000
-336.3934 0.0000
-337.2193 0.0000
-337.5385 0.0000
-335.8583 0.0000
-336.6716 0.0000
-336.6493 0.0000
-336.6925 0.0000
-336.7874 0.0000
-336.8359 0.0000
-336.4353 0.0000
-335.4369 0.0000
-335.7139 0.0000
-335.0997 0.0000
-335.1525 0.0000
-334.2431 0.0000
-332.7794 0.0000
-333.6490 0.0000
-332.9537 0.0000
-332.4269 0.0000
-332.5473 0.0000
-333.3074 0.0000
-332.7949 0.0000
-333.2485 0.0000
-333.6605 0.0000
-333.3160 0.0000
-332.8385 0.0000
-331.7709 0.0000
-330.9939 0.0000
-330.6690 0.0000
-329.9388 0.0000
-330.8761 0.0000
-331.2725 0.0000
-331.1547 0.0000
-331.9293 0.0000
-331.6037 0.0000
-331.0356 0.0000
-331.7174 0.0000
-332.2133 0.0000
-331.6207 0.0000
-330.9584 0.0000
-331.4542 0.0000
-330.8612 0.0000
-331.1289 0.0000
-331.2461 0.0000
-331.7716 0.0000
-331.5164 0.0000
-330.6660 0.0000
-332.2890 0.0000
-331.3535 0.0000
-331.2469 0.0000
-330.9253 0.0000
-330.2082 0.0000
-330.6823 0.0000
-330.4359 0.0000
-330.1310 0.0000
-330.3806 0.0000
-330.3123 0.0000
-331.0708 0.0000
-330.1896 0.0000
-330.1570 0.0000
-330.1757 0.0000
-330.6392 0.0000
-329.8582 0.0000
-328.6474 0.0000
-328.1907 0.0000
-329.0531 0.0000
-329.2196 0.0000
-328.8807 0.0000
-327.8683 0.0000
-327.2656 0.0000
-327.2630 0.0000
-327.7718 0.0000
-327.8192 0.0000
-326.8307 0.0000
-325.4838 0.0000
-325.3891 0.0000
-325.5939 0.0000
-324.8710 0.0000
-325.4795 0.0000
-324.8643 0.0000
-325.4321 0.0000
-326.2434 0.0000
-326.1091 0.0000
-326.8823 0.0000
-326.2178 0.0000
-326.3194 0.0000
-326.6247 0.0000
-327.5146 0.0000
-327.5401 0.0000
-327.2472 0.0000
-327.7414 0.0000
-327.9383 0.0000
-327.0138 0.0000
-327.1774 0.0000
-327.4661 0.0000
-327.2762 0.0000
-327.4326 0.0000
-327.4499 0.0000
-327.8996 0.0000
-327.7028 0.0000
-327.4606 0.0000
-327.1755 0.0000
-327.2256 0.0000
-326.9565 0.0000
-327.8866 0.0000
-326.9596 0.0000
-326.9724 0.0000
-326.6737 0.0000
-325.2107 0.0000
-324.7352 0.0000
-325.1514 0.0000
-324.8068 0.0000
-325.9638 0.0000
-326.0563 0.0000
-326.1482 0.0000
-326.5528 0.0000
-325.9786 0.0000
-326.3489 0.0000
-326.6007 0.0000
-325.9607 0.0000
-325.1296 0.0000
-325.2071 0.0000
-326.1900 0.0000
-325.3717 0.0000
-324.4215 0.0000
-324.3851 0.0000
-323.6401 0.0000
-324.5114 0.0000
-323.0883 0.0000
-322.4128 0.0000
-321.1373 0.0000
-321.5419 0.0000
-321.2545 0.0000
-321.2484 0.0000
-320.3048 0.0000
-321.2517 0.0000
-321.3112 0.0000
-321.7421 0.0000
-321.2453 0.0000
-320.8345 0.0000
-319.9045 0.0000
-320.0744 0.0000
-320.4719 0.0000
-320.3905 0.0000
-320.6263 0.0000
-320.4142 0.0000
-320.0678 0.0000
-320.3506 0.0000
-321.1911 0.0000
-319.6121 0.0000
-319.7256 0.0000
-320.7249 0.0000
-320.8893 0.0000
-322.4083 0.0000
-321.9673 0.0000
-322.1758 0.0000
-322.7707 0.0000
-322.0204 0.0000
-321.7097 0.0000
-321.8011 0.0000
-322.7443 0.0000
-322.7282 0.0000
-324.4944 0.0000
-324.3293 0.0000
-325.0286 0.0000
-326.1708 0.0000
-325.9824 0.0000
-325.5032 0.0000
-325.6864 0.0000
-323.9537 0.0000
-324.3351 0.0000
-323.4250 0.0000
-324.2168 0.0000
-325.0099 0.0000
-324.6153 0.0000
-324.0298 0.0000
-323.8960 0.0000
-323.1287 0.0000
-322.8159 0.0000
-322.4212 0.0000
-322.7456 0.0000
-322.8039 0.0000
-323.6713 0.0000
-324.5420 0.0000
-323.4363 0.0000
-323.3508 0.0000
-323.9287 0.0000
-324.6070 0.0000
-323.5920 0.0000
-323.9485 0.0000
-323.5759 0.0000
-322.9657 0.0000
-323.1265 0.0000
-322.8609 0.0000
-323.7008 0.0000
-324.0004 0.0000
-323.8253 0.0000
-323.1794 0.0000
-323.5916 0.0000
-323.4505 0.0000
-322.5141 0.0000
-322.2523 0.0000
-322.8031 0.0000
-323.1164 0.0000
-321.7473 0.0000
-322.9696 0.0000
-322.8779 0.0000
-323.1313 0.0000
-323.8654 0.0000
-324.5981 0.0000
-326.0391 0.0000
-326.1979 0.0000
-326.5170 0.0000
-326.1765 0.0000
-326.4993 0.0000
-326.4200 0.0000
-325.8753 0.0000
-325.4928 0.0000
-324.9493 0.0000
-326.1137 0.0000
-326.9940 0.0000
-327.8410 0.0000
-328.4462 0.0000
-327.5870 0.0000
-328.1333 0.0000
-327.5696 0.0000
-326.8802 0.0000
-326.8884 0.0000
-326.3275 0.0000
-325.8054 0.0000
-326.7480 0.0000
-326.2804 0.0000
-326.3867 0.0000
-326.6026 0.0000
-325.6109 0.0000
-325.8144 0.0000
-325.0818 0.0000
-325.2209 0.0000
-325.2181 0.0000
-325.1210 0.0000
-325.1069 0.0000
-324.7234 0.0000
-324.7584 0.0000
-323.3364 0.0000
-322.9460 0.0000
-322.7008 0.0000
-323.1028 0.0000
-324.4578 0.0000
-323.1296 0.0000
-324.1057 0.0000
-322.8725 0.0000
-322.9077 0.0000
-322.3541 0.0000
-322.9709 0.0000
-322.8018 0.0000
-324.1794 0.0000
-323.3093 0.0000
-322.5456 0.0000
-322.7356 0.0000
-323.1310 0.0000
-322.4106 0.0000
-323.2033 0.0000
-323.0654 0.0000
-322.4873 0.0000
-321.6500 0.0000
-321.8669 0.0000
-321.7109 0.0000
-320.7057 0.0000
-321.3648 0.0000
-321.4062 0.0000
-321.3869 0.0000
-321.4873 0.0000
-321.4773 0.0000
-321.8870 0.0000
-321.2817 0.0000
-321.5756 0.0000
-321.7996 0.0000
-321.7140 0.0000
-321.9598 0.0000
-321.9355 0.0000
-321.8196 0.0000
-321.5389 0.0000
-321.8471 0.0000
-321.8855 0.0000
-321.8271 0.0000
-322.4632 0.0000
-320.9225 0.0000
-320.5556 0.0000
-320.8493 0.0000
-321.5195 0.0000
-320.6933 0.0000
-321.8877 0.0000
-322.0561 0.0000
-321.4883 0.0000
-321.2559 0.0000
-321.9963 0.0000
-321.1833 0.0000
-321.3324 0.0000
-322.1336 0.0000
-321.4374 0.0000
-321.1765 0.0000
-320.5632 0.0000
-320.4790 0.0000
-320.7449 0.0000
-320.4592 0.0000
-320.7355 0.0000
-320.6005 0.0000
-319.7353 0.0000
-320.3483 0.0000
-320.8543 0.0000
-320.8111 0.0000
-320.6932 0.0000
-320.8453 0.0000
-320.1692 0.0000
-320.0499 0.0000
-319.2881 0.0000
-320.8567 0.0000
-319.1313 0.0000
-319.5884 0.0000
-318.5538 0.0000
-319.4084 0.0000
-319.9642 0.0000
-320.7915 0.0000
-320.3491 0.0000
-319.0608 0.0000
-319.0692 0.0000
-320.2600 0.0000
-319.9229 0.0000
-319.4017 0.0000
-319.2586 0.0000
-318.9278 0.0000
-318.9641 0.0000
-318.1642 0.0000
-317.8251 0.0000
-318.4455 0.0000
-317.6418 0.0000
-318.1838 0.0000
-317.9527 0.0000
-318.9615 0.0000
-319.1080 0.0000
-318.6178 0.0000
-318.8071 0.0000
-317.6480 0.0000
-317.0046 0.0000
-317.1789 0.0000
-318.2637 0.0000
-319.3061 0.0000
-318.5709 0.0000
-318.2792 0.0000
-318.5483 0.0000
-319.5379 0.0000
-318.0254 0.0000
-318.4689 0.0000
-317.6958 0.0000
-317.8787 0.0000
-317.8408 0.0000
-318.1062 0.0000
-318.6036 0.0000
-318.5090 0.0000
-318.7238 0.0000
-319.0606 0.0000
-318.5121 0.0000
-318.7728 0.0000
-318.2549 0.0000
-317.7830 0.0000
-317.4123 0.0000
-317.6774 0.0000
-316.6249 0.0000
-316.3116 0.0000
-316.5255 0.0000
-315.3258 0.0000
-315.8879 0.0000
-316.2295 0.0000
-315.4271 0.0000
-315.5724 0.0000
-315.4359 0.0000
-316.4173 0.0000
-317.9057 0.0000
-318.5027 0.0000
-319.1996 0.0000
-316.8584 0.0000
-316.1640 0.0000
-315.8957 0.0000
-316.9445 0.0000
-317.4817 0.0000
-316.6553 0.0000
-316.6159 0.0000
-316.5381 0.0000
-315.7965 0.0000
-315.7758 0.0000
-315.9719 0.0000
-315.9107 0.0000
-315.6514 0.0000
-316.1774 0.0000
-317.0480 0.0000
-316.1269 0.0000
-316.4108 0.0000
-313.7229 0.0000
-313.8272 0.0000
-314.5897 0.0000
-313.1106 0.0000
-313.1634 0.0000
-313.5862 0.0000
-313.7616 0.0000
-313.1319 0.0000
-313.6025 0.0000
-314.2904 0.0000
-312.9961 0.0000
-312.7659 0.0000
-312.8664 0.0000
-312.7205 0.0000
-313.1019 0.0000
-313.1372 0.0000
-313.3136 0.0000
-313.1117 0.0000
-312.5444 0.0000
-314.3141 0.0000
-312.5598 0.0000
-312.5871 0.0000
-312.9770 0.0000
-312.8061 0.0000
-312.1411 0.0000
-311.8254 0.0000
-310.4752 0.0000
-311.8135 0.0000
-312.0384 0.0000
-311.4625 0.0000
-312.7222 0.0000
-313.3578 0.0000
-313.9496 0.0000
-314.2289 0.0000
-314.5087 0.0000
-313.7297 0.0000
-312.7583 0.0000
-311.4005 0.0000
-310.4855 0.0000
-310.3482 0.0000
-309.2708 0.0000
-310.8676 0.0000
-310.2920 0.0000
-309.7274 0.0000
-310.1199 0.0000
-310.4957 0.0000
-308.7658 0.0000
-311.1684 0.0000
-310.6869 0.0000
-312.3493 0.0000
-312.6923 0.0000
-312.4524 0.0000
-313.5480 0.0000
-312.4241 0.0000
-312.8915 0.0000
-311.3615 0.0000
-312.5056 0.0000
-312.7972 0.0000
-312.2209 0.0000
-312.1409 0.0000
-313.0014 0.0000
-313.1984 0.0000
-312.7790 0.0000
-312.2071 0.0000
-312.3105 0.0000
-312.0244 0.0000
-311.9292 0.0000
-313.3055 0.0000
-311.4768 0.0000
-310.6171 0.0000
-312.2998 0.0000
-312.2086 0.0000
-313.1548 0.0000
-312.5078 0.0000
-312.9721 0.0000
-311.9964 0.0000
-312.2887 0.0000
-310.9907 0.0000
-312.0469 0.0000
-312.7850 0.0000
-312.6675 0.0000
-311.9597 0.0000
-311.8916 0.0000
-312.8884 0.0000
-312.9464 0.0000
-313.2986 0.0000
-312.7969 0.0000
-314.0528 0.0000
-315.0349 0.0000
-313.5774 0.0000
-315.0593 0.0000
-314.7238 0.0000
-313.0917 0.0000
-313.5238 0.0000
-314.5342 0.0000
-314.7420 0.0000
-313.9840 0.0000
-313.0708 0.0000
-314.4307 0.0000
-314.3956 0.0000
-314.2693 0.0000
-314.1103 0.0000
-314.6226 0.0000
-314.5075 0.0000
-313.4684 0.0000
-313.1442 0.0000
-311.7740 0.0000
-311.7048 0.0000
-311.2527 0.0000
-311.9402 0.0000
-312.1645 0.0000
-312.6522 0.0000
-312.4042 0.0000
-313.3596 0.0000
-311.9398 0.0000
-313.4800 0.0000
-314.0596 0.0000
-313.4256 0.0000
-312.2203 0.0000
-312.4408 0.0000
-313.1059 0.0000
-311.5337 0.0000
-313.0422 0.0000
-312.9617 0.0000
-314.1033 0.0000
-312.6793 0.0000
-313.0372 0.0000
-313.4196 0.0000
-313.5759 0.0000
-313.9290 0.0000
-313.6380 0.0000
-313.3656 0.0000
-314.4260 0.0000
-313.9269 0.0000
-314.0511 0.0000
-314.0723 0.0000
-312.9255 0.0000
-313.1712 0.0000
-312.1938 0.0000
-313.0439 0.0000
-313.2646 0.0000
-312.2399 0.0000
-312.1724 0.0000
-312.2731 0.0000
-311.5443 0.0000
-312.2488 0.0000
-311.5239 0.0000
-311.3572 0.0000
-313.0710 0.0000
-312.2360 0.0000
-311.4841 0.0000
-312.8137 0.0000
-311.0888 0.0000
-311.1083 0.0000
-310.6193 0.0000
-309.5644 0.0000
-308.7374 0.0000
-308.7811 0.0000
-308.0605 0.0000
-308.1965 0.0000
-308.1789 0.0000
-309.0038 0.0000
-306.8968 0.0000
-308.6130 0.0000
-307.9234 0.0000
-309.0758 0.0000
-308.2892 0.0000
-307.2136 0.0000
-308.3680 0.0000
-307.1836 0.0000
-307.4315 0.0000
-307.4043 0.0000
-307.1980 0.0000
-308.4138 0.0000
-308.7518 0.0000
-308.1683 0.0000
-308.4202 0.0000
-309.2267 0.0000
-310.1990 0.0000
-309.2873 0.0000
-308.4545 0.0000
-309.1612 0.0000
-308.5373 0.0000
-309.2454 0.0000
-308.4453 0.0000
-307.2503 0.0000
-307.6129 0.0000
-307.7956 0.0000
-307.5550 0.0000
-307.6467 0.0000
-307.4088 0.0000
-307.0356 0.0000
-307.5562 0.0000
-306.2403 0.0000
-306.4310 0.0000
-305.7023 0.0000
-306.8481 0.0000
-306.1181 0.0000
-306.5877 0.0000
-306.7018 0.0000
-305.7218 0.0000
-307.2480 0.0000
-307.4242 0.0000
-307.6227 0.0000
-309.4896 0.0000
-306.4527 0.0000
-307.7927 0.0000
-307.9142 0.0000
-307.5656 0.0000
-307.7526 0.0000
-308.0490 0.0000
-308.6880 0.0000
-308.8293 0.0000
-309.1579 0.0000
-308.5744 0.0000
-309.1499 0.0000
-309.4701 0.0000
-309.0076 0.0000
-307.9024 0.0000
-306.6576 0.0000
-305.7971 0.0000
-307.4293 0.0000
-306.6754 0.0000
-306.3845 0.0000
-307.9193 0.0000
-305.6367 0.0000
-305.8021 0.0000
-307.5747 0.0000
-307.1401 0.0000
-307.6573 0.0000
-306.3413 0.0000
-306.3182 0.0000
-306.4806 0.0000
-305.2334 0.0000
-304.7779 0.0000
-305.1186 0.0000
-305.8945 0.0000
-306.0343 0.0000
-304.9150 0.0000
-304.3727 0.0000
-303.0693 0.0000
-303.5759 0.0000
-303.5947 0.0000
-301.4288 0.0000
-301.1839 0.0000
-301.7261 0.0000
-302.5073 0.0000
-302.2470 0.0000
-301.7228 0.0000
-301.4460 0.0000
-301.6042 0.0000
-302.2605 0.0000
-301.4515 0.0000
-301.1116 0.0000
-301.2828 0.0000
-300.8212 0.0000
-302.8387 0.0000
-301.8205 0.0000
-301.6438 0.0000
-301.8474 0.0000
-301.6597 0.0000
-301.8182 0.0000
-301.9914 0.0000
-301.6487 0.0000
-303.7830 0.0000
-304.1287 0.0000
-301.3524 0.0000
-301.2647 0.0000
-300.6922 0.0000
-300.2121 0.0000
-300.8674 0.0000
-299.2095 0.0000
-298.0243 0.0000
-297.5445 0.0000
-296.6243 0.0000
-298.6905 0.0000
-297.5954 0.0000
-297.7553 0.0000
-296.3857 0.0000
-296.4249 0.0000
-297.4571 0.0000
-296.6626 0.0000
-296.6289 0.0000
-297.7211 0.0000
-298.7400 0.0000
-298.7598 0.0000
-299.1167 0.0000
-299.4868 0.0000
-300.1212 0.0000
-300.4169 0.0000
-298.7459 0.0000
-299.0973 0.0000
-297.3843 0.0000
-298.8302 0.0000
-298.3894 0.0000
-298.3038 0.0000
-297.9605 0.0000
-298.2543 0.0000
-299.4727 0.0000
-297.5475 0.0000
-298.1417 0.0000
-297.7705 0.0000
-297.9723 0.0000
-298.0990 0.0000
-297.4748 0.0000
-297.5325 0.0000
-296.8409 0.0000
-297.1445 0.0000
-298.0361 0.0000
-296.5883 0.0000
-295.0723 0.0000
-296.3017 0.0000
-294.5590 0.0000
-295.4434 0.0000
-295.9108 0.0000
-294.0916 0.0000
-296.5036 0.0000
-297.3255 0.0000
-297.2376 0.0000
-297.3736 0.0000
-295.3344 0.0000
-297.7433 0.0000
-295.2911 0.0000
-297.3814 0.0000
-296.4042 0.0000
-296.9692 0.0000
-296.3480 0.0000
-297.1847 0.0000
-296.2672 0.0000
-294.7883 0.0000
-294.6525 0.0000
-294.8498 0.0000
-294.1167 0.0000
-295.0481 0.0000
-294.4696 0.0000
-293.8930 0.0000
-292.5258 0.0000
-293.3229 0.0000
-293.2732 0.0000
-293.0135 0.0000
-293.1879 0.0000
-292.2204 0.0000
-292.7154 0.0000
-293.1093 0.0000
-292.5313 0.0000
-291.7509 0.0000
-292.4725 0.0000
-291.9539 0.0000
-291.8754 0.0000
-290.6911 0.0000
-291.2426 0.0000
-290.7398 0.0000
-291.3225 0.0000
-290.6771 0.0000
-290.0278 0.0000
-289.2115 0.0000
-289.3950 0.0000
-288.0578 0.0000
-289.7022 0.0000
-289.6689 0.0000
-289.7427 0.0000
-291.6247 0.0000
-289.9404 0.0000
-290.4575 0.0000
-288.9752 0.0000
-287.7624 0.0000
-289.0522 0.0000
-289.3583 0.0000
-290.9266 0.0000
-288.9908 0.0000
-289.5887 0.0000
-289.9633 0.0000
-289.2027 0.0000
-289.7675 0.0000
-289.1559 0.0000
-289.0879 0.0000
-288.3142 0.0000
-288.3666 0.0000
-288.8231 0.0000
-288.1486 0.0000
-288.4022 0.0000
-287.2814 0.0000
-288.1416 0.0000
-288.7033 0.0000
-289.6186 0.0000
-288.8026 0.0000
-288.8858 0.0000
-288.6747 0.0000
-288.0657 0.0000
-288.6094 0.0000
-288.5781 0.0000
-289.1494 0.0000
-287.4161 0.0000
-287.6032 0.0000
-286.7713 0.0000
-287.6227 0.0000
-289.3633 0.0000
-288.8576 0.0000
-289.7708 0.0000
-288.6384 0.0000
-289.4838 0.0000
-288.2458 0.0000
-289.1083 0.0000
-288.9183 0.0000
-289.1270 0.0000
-290.3693 0.0000
-289.7493 0.0000
-290.0204 0.0000
-289.1857 0.0000
-288.9288 0.0000
-290.0587 0.0000
-290.5533 0.0000
-289.7236 0.0000
-290.5087 0.0000
-288.7446 0.0000
-288.3048 0.0000
-287.5250 0.0000
-288.1163 0.0000
-287.2924 0.0000
-286.4124 0.0000
-288.0167 0.0000
-286.7702 0.0000
-288.0070 0.0000
-288.3530 0.0000
-288.8406 0.0000
-288.9527 0.0000
-289.1194 0.0000
-288.6203 0.0000
-289.0085 0.0000
-287.6456 0.0000
-287.2234 0.0000
-287.4811 0.0000
-286.2332 0.0000
-285.4899 0.0000
-285.2798 0.0000
-285.4776 0.0000
-285.6254 0.0000
-287.1314 0.0000
-284.5070 0.0000
-286.1713 0.0000
-285.6687 0.0000
-285.8174 0.0000
-285.7736 0.0000
-286.3799 0.0000
-285.5504 0.0000
-284.6292 0.0000
-285.5657 0.0000
-285.6678 0.0000
-284.2516 0.0000
-285.0851 0.0000
-284.3716 0.0000
-284.7729 0.0000
-286.1227 0.0000
-286.1799 0.0000
-286.2274 0.0000
-286.2286 0.0000
-286.8257 0.0000
-287.4506 0.0000
-288.2080 0.0000
-286.7596 0.0000
-285.8893 0.0000
-286.7516 0.0000
-287.8053 0.0000
-285.6879 0.0000
-286.3470 0.0000
-286.1478 0.0000
-286.8621 0.0000
-285.3453 0.0000
-284.8593 0.0000
-284.4331 0.0000
-284.3339 0.0000
-282.7342 0.0000
-283.3492 0.0000
-282.7166 0.0000
-281.7944 0.0000
-283.1655 0.0000
-283.2941 0.0000
-282.3940 0.0000
-282.7862 0.0000
-284.2673 0.0000
-282.7477 0.0000
-283.9090 0.0000
-283.7725 0.0000
-281.8404 0.0000
-283.1945 0.0000
-283.0018 0.0000
-283.9197 0.0000
-284.6779 0.0000
-284.8757 0.0000
-282.7303 0.0000
-283.9314 0.0000
-285.2861 0.0000
-284.0961 0.0000
-284.8811 0.0000
-284.5309 0.0000
-283.7315 0.0000
-284.3002 0.0000
-283.1241 0.0000
-283.3807 0.0000
-284.4310 0.0000
-285.6448 0.0000
-286.1609 0.0000
-285.9322 0.0000
-287.1160 0.0000
-286.6239 0.0000
-286.2482 0.0000
-286.9543 0.0000
-287.3394 0.0000
-288.5252 0.0000
-287.5304 0.0000
-287.8393 0.0000
-287.1067 0.0000
-286.7266 0.0000
-288.6710 0.0000
-285.9620 0.0000
-288.3208 0.0000
-286.1098 0.0000
-285.1869 0.0000
-286.5286 0.0000
-286.1558 0.0000
-285.9103 0.0000
-286.3129 0.0000
-286.0218 0.0000
-286.9205 0.0000
-285.7459 0.0000
-286.4141 0.0000
-285.2924 0.0000
-285.8717 0.0000
-285.7425 0.0000
-285.6403 0.0000
-285.4385 0.0000
-284.6221 0.0000
-284.0696 0.0000
-283.4820 0.0000
-284.0666 0.0000
-282.4473 0.0000
-284.9123 0.0000
-284.5193 0.0000
-283.6823 0.0000
-283.7318 0.0000
-284.0868 0.0000
-283.3674 0.0000
-285.1976 0.0000
-283.2858 0.0000
-282.5751 0.0000
-283.5320 0.0000
-282.6038 0.0000
-282.3556 0.0000
-283.2802 0.0000
-283.7227 0.0000
-282.5498 0.0000
-282.0831 0.0000
-282.5314 0.0000
-283.0790 0.0000
-282.8693 0.0000
-283.8031 0.0000
-283.1391 0.0000
-282.2737 0.0000
-283.2488 0.0000
-282.2313 0.0000
-283.4514 0.0000
-282.4440 0.0000
-283.0544 0.0000
-282.8723 0.0000
-282.7582 0.0000
-283.0123 0.0000
-281.9645 0.0000
-282.9983 0.0000
-282.4169 0.0000
-283.4512 0.0000
-281.8874 0.0000
-281.6962 0.0000
-281.9528 0.0000
-281.4492 0.0000
-282.8671 0.0000
-280.7640 0.0000
-281.6230 0.0000
-281.0533 0.0000
-282.3512 0.0000
-281.8208 0.0000
-280.4645 0.0000
-281.9584 0.0000
-282.8541 0.0000
-282.0108 0.0000
-282.6046 0.0000
-282.1371 0.0000
-281.6392 0.0000
-281.9282 0.0000
-281.2103 0.0000
-280.7206 0.0000
-280.4087 0.0000
-280.4831 0.0000
-281.1508 0.0000
-280.0802 0.0000
-280.0411 0.0000
-280.7498 0.0000
-281.2217 0.0000
-280.8682 0.0000
-281.9457 0.0000
-278.4358 0.0000
-278.9674 0.0000
-280.9156 0.0000
-281.0968 0.0000
-280.4753 0.0000
-281.5133 0.0000
-281.9899 0.0000
-281.0845 0.0000
-281.4837 0.0000
-281.5377 0.0000
-280.8716 0.0000
-281.1123 0.0000
-281.4981 0.0000
-279.0157 0.0000
-278.2280 0.0000
-277.4947 0.0000
-277.4815 0.0000
-277.8938 0.0000
-277.5758 0.0000
-276.9736 0.0000
-278.5740 0.0000
-278.6674 0.0000
-278.2383 0.0000
-279.9192 0.0000
-276.6214 0.0000
-276.2806 0.0000
-276.6257 0.0000
-275.2352 0.0000
-276.0154 0.0000
-277.3161 0.0000
-277.2201 0.0000
-278.3578 0.0000
-278.7246 0.0000
-278.7206 0.0000
-278.2487 0.0000
-278.6953 0.0000
-278.8969 0.0000
-279.8847 0.0000
-280.1877 0.0000
-279.8136 0.0000
-279.5801 0.0000
-278.9284 0.0000
-280.7383 0.0000
-280.9505 0.0000
-279.9463 0.0000
-279.6442 0.0000
-278.8630 0.0000
-278.8910 0.0000
-277.9224 0.0000
-278.6162 0.0000
-278.0113 0.0000
-279.7353 0.0000
-278.4754 0.0000
-279.2092 0.0000
-279.3303 0.0000
-279.9363 0.0000
-280.0278 0.0000
-279.4266 0.0000
-278.9989 0.0000
-278.5222 0.0000
-278.8251 0.0000
-279.4068 0.0000
-279.9313 0.0000
-280.3447 0.0000
-279.6276 0.0000
-278.3131 0.0000
-278.5636 0.0000
-278.1214 0.0000
-279.8261 0.0000
-277.9094 0.0000
-280.4455 0.0000
-279.1950 0.0000
-278.1265 0.0000
-277.9985 0.0000
-278.3526 0.0000
-277.7969 0.0000
-277.7266 0.0000
-277.0916 0.0000
-277.5243 0.0000
-279.1028 0.0000
-277.3799 0.0000
-276.4749 0.0000
-276.8964 0.0000
-276.6919 0.0000
-276.4641 0.0000
-277.5889 0.0000
-276.1254 0.0000
-275.6658 0.0000
-276.1380 0.0000
-274.7977 0.0000
-274.7763 0.0000
-276.6868 0.0000
-276.1154 0.0000
-276.5257 0.0000
-276.7628 0.0000
-276.4641 0.0000
-277.7426 0.0000
-277.1883 0.0000
-276.6362 0.0000
-276.7570 0.0000
-276.3286 0.0000
-276.9828 0.0000
-276.4750 0.0000
-276.9837 0.0000
-276.1516 0.0000
-277.0717 0.0000
-277.7027 0.0000
-277.5648 0.0000
-276.6947 0.0000
-276.5740 0.0000
-276.4955 0.0000
-277.5501 0.0000
-276.6558 0.0000
-276.2945 0.0000
-276.7050 0.0000
-277.1740 0.0000
-276.1314 0.0000
-276.4250 0.0000
-276.0290 0.0000
-275.5074 0.0000
-277.2379 0.0000
-275.3752 0.0000
-275.3415 0.0000
-276.5938 0.0000
-274.3070 0.0000
-274.8864 0.0000
-274.0678 0.0000
-276.0726 0.0000
-274.3987 0.0000
-274.3966 0.0000
-274.2588 0.0000
-275.8488 0.0000
-274.1359 0.0000
-273.7022 0.0000
-273.4059 0.0000
-272.6867 0.0000
-272.6689 0.0000
-275.7011 0.0000
-273.9434 0.0000
-273.2900 0.0000
-274.5556 0.0000
-273.7578 0.0000
-273.4688 0.0000
-273.2409 0.0000
-273.1277 0.0000
-275.2579 0.0000
-273.8888 0.0000
-273.3993 0.0000
-273.6563 0.0000
-272.5612 0.0000
-271.9922 0.0000
-272.1215 0.0000
-272.5899 0.0000
-273.0761 0.0000
-273.1999 0.0000
-274.3798 0.0000
-276.0999 0.0000
-276.4728 0.0000
-275.9003 0.0000
-276.1066 0.0000
-275.5743 0.0000
-277.2690 0.0000
-276.0266 0.0000
-275.0902 0.0000
-276.0264 0.0000
-275.4454 0.0000
-276.6935 0.0000
-274.8442 0.0000
-274.1914 0.0000
-275.9651 0.0000
-276.3460 0.0000
-275.1404 0.0000
-275.2422 0.0000
-276.4007 0.0000
-276.5651 0.0000
-276.1807 0.0000
-276.1282 0.0000
-276.1772 0.0000
-277.0079 0.0000
-276.1028 0.0000
-276.3393 0.0000
-276.1261 0.0000
-275.8108 0.0000
-277.1183 0.0000
-276.8036 0.0000
-274.6983 0.0000
-274.3923 0.0000
-274.7229 0.0000
-275.2529 0.0000
-273.9405 0.0000
-273.9165 0.0000
-274.9132 0.0000
-274.8560 0.0000
-275.4124 0.0000
-275.3934 0.0000
-275.0114 0.0000
-273.0914 0.0000
-271.4757 0.0000
-273.2289 0.0000
-272.7665 0.0000
-273.9040 0.0000
-274.0096 0.0000
-272.8198 0.0000
-272.6107 0.0000
-274.1524 0.0000
-271.9855 0.0000
-272.1535 0.0000
-272.2230 0.0000
-271.7047 0.0000
-272.2965 0.0000
-272.7930 0.0000
-272.5774 0.0000
-272.7794 0.0000
-272.5771 0.0000
-273.5542 0.0000
-271.7566 0.0000
-271.7502 0.0000
-272.3649 0.0000
-271.5013 0.0000
-271.9406 0.0000
-270.3132 0.0000
-272.0951 0.0000
-271.7206 0.0000
-271.6418 0.0000
-271.1336 0.0000
-270.3606 0.0000
-270.7573 0.0000
-270.1925 0.0000
-269.2931 0.0000
-269.2541 0.0000
-270.4016 0.0000
-270.4016 0.0000
-270.7066 0.0000
-270.6738 0.0000
-270.6698 0.0000
-270.5367 0.0000
-270.9891 0.0000
-270.6557 0.0000
-270.4127 0.0000
-271.2614 0.0000
-270.7864 0.0000
-270.9942 0.0000
-270.5414 0.0000
-270.8493 0.0000
-270.4886 0.0000
-269.8088 0.0000
-269.4916 0.0000
-269.5687 0.0000
-269.3121 0.0000
-268.7113 0.0000
-269.1946 0.0000
-268.9017 0.0000
-268.6752 0.0000
-269.0182 0.0000
-269.3067 0.0000
-269.2882 0.0000
-269.0695 0.0000
-270.4458 0.0000
-269.3975 0.0000
-269.7549 0.0000
-269.0417 0.0000
-268.0104 0.0000
-269.0304 0.0000
-269.1876 0.0000
-269.9372 0.0000
-269.1173 0.0000
-268.7598 0.0000
-269.2650 0.0000
-268.9084 0.0000
-269.5181 0.0000
-269.5337 0.0000
-269.7342 0.0000
-269.3453 0.0000
-269.1427 0.0000
-268.9318 0.0000
-268.2430 0.0000
-269.6980 0.0000
-268.9465 0.0000
-269.0213 0.0000
-270.1147 0.0000
-267.6904 0.0000
-266.9300 0.0000
-267.3930 0.0000
-267.2737 0.0000
-267.2097 0.0000
-267.2361 0.0000
-266.7100 0.0000
-266.0651 0.0000
-265.5406 0.0000
-267.0005 0.0000
-265.5739 0.0000
-266.4812 0.0000
-266.0920 0.0000
-266.7542 0.0000
-266.5277 0.0000
-266.1153 0.0000
-267.6060 0.0000
-265.8166 0.0000
-265.9875 0.0000
-266.9517 0.0000
-265.8893 0.0000
-265.3258 0.0000
-264.7443 0.0000
-264.1751 0.0000
-265.1438 0.0000
-265.7752 0.0000
-264.8183 0.0000
-265.3422 0.0000
-265.3546 0.0000
-264.5143 0.0000
-264.8476 0.0000
-265.1838 0.0000
-263.8641 0.0000
-264.9387 0.0000
-263.9178 0.0000
-265.1725 0.0000
-264.1905 0.0000
-264.4974 0.0000
-264.9247 0.0000
-263.6292 0.0000
-265.4572 0.0000
-263.2076 0.0000
-262.0025 0.0000
-262.6440 0.0000
-261.7193 0.0000
-261.5619 0.0000
-262.2684 0.0000
-261.4810 0.0000
-262.1386 0.0000
-261.8244 0.0000
-262.5748 0.0000
-261.2467 0.0000
-263.1847 0.0000
-262.2664 0.0000
-260.9766 0.0000
-260.7564 0.0000
-260.8902 0.0000
-261.6809 0.0000
-260.8872 0.0000
-260.1117 0.0000
-260.4658 0.0000
-260.4064 0.0000
-261.4962 0.0000
-260.6797 0.0000
-260.1180 0.0000
-260.2774 0.0000
-260.1575 0.0000
-259.4803 0.0000
-260.5986 0.0000
-260.5186 0.0000
-260.5965 0.0000
-262.0793 0.0000
-260.8568 0.0000
-260.2967 0.0000
-260.4804 0.0000
-259.8885 0.0000
-261.1808 0.0000
-261.4590 0.0000
-260.0152 0.0000
-260.6344 0.0000
-260.3975 0.0000
-260.1363 0.0000
-260.5932 0.0000
-261.0629 0.0000
-259.7395 0.0000
-260.7495 0.0000
-261.5206 0.0000
-260.1582 0.0000
-260.8185 0.0000
-260.5773 0.0000
-260.6615 0.0000
-259.1212 0.0000
-259.5121 0.0000
-260.8514 0.0000
-258.3562 0.0000
-258.1675 0.0000
-258.1228 0.0000
-259.8722 0.0000
-260.1719 0.0000
-260.2697 0.0000
-260.1369 0.0000
-259.5752 0.0000
-259.1187 0.0000
-259.8664 0.0000
-261.0768 0.0000
-260.3870 0.0000
-260.1343 0.0000
-258.9277 0.0000
-260.6649 0.0000
-260.5646 0.0000
-259.8488 0.0000
-260.2284 0.0000
-259.8756 0.0000
-258.5725 0.0000
-258.9944 0.0000
-258.8511 0.0000
-259.0325 0.0000
-258.3649 0.0000
-260.8288 0.0000
-259.7019 0.0000
-261.4533 0.0000
-259.6757 0.0000
-260.0956 0.0000
-260.6516 0.0000
-259.9979 0.0000
-259.5366 0.0000
-259.2555 0.0000
-261.4644 0.0000
-259.6081 0.0000
-259.1320 0.0000
-261.0202 0.0000
-258.5577 0.0000
-259.2871 0.0000
-258.0094 0.0000
-257.2621 0.0000
-256.7215 0.0000
-257.8453 0.0000
-258.4479 0.0000
-259.0288 0.0000
-257.9013 0.0000
-256.9749 0.0000
-258.9565 0.0000
-257.6817 0.0000
-258.9303 0.0000
-258.1723 0.0000
-257.9921 0.0000
-257.8911 0.0000
-257.8039 0.0000
-258.5883 0.0000
-259.1917 0.0000
-259.2631 0.0000
-259.1725 0.0000
-258.0972 0.0000
-256.9820 0.0000
-258.2684 0.0000
-258.3466 0.0000
-257.9589 0.0000
-259.1297 0.0000
-258.3641 0.0000
-259.6872 0.0000
-256.8933 0.0000
-258.6150 0.0000
-257.7179 0.0000
-259.0963 0.0000
-259.9950 0.0000
-259.3619 0.0000
-259.7551 0.0000
-261.2850 0.0000
-259.0518 0.0000
-258.2849 0.0000
-259.3658 0.0000
-257.9923 0.0000
-258.5954 0.0000
-259.2571 0.0000
-257.9544 0.0000
-257.6858 0.0000
-258.9607 0.0000
-257.2179 0.0000
-257.1112 0.0000
-257.0002 0.0000
-256.4533 0.0000
-256.8589 0.0000
-255.3486 0.0000
-254.3034 0.0000
-253.0116 0.0000
-253.7920 0.0000
-254.2851 0.0000
-253.4252 0.0000
-254.3862 0.0000
-253.4281 0.0000
-253.7882 0.0000
-253.6346 0.0000
-253.7523 0.0000
-253.8953 0.0000
-253.9365 0.0000
-255.2410 0.0000
-255.1200 0.0000
-254.4424 0.0000
-253.7915 0.0000
-253.2792 0.0000
-253.0147 0.0000
-255.3912 0.0000
-253.7133 0.0000
-253.1115 0.0000
-254.2690 0.0000
-254.4727 0.0000
-254.1054 0.0000
-254.0948 0.0000
-254.8654 0.0000
-254.1387 0.0000
-254.4184 0.0000
-254.9353 0.0000
-255.2807 0.0000
-255.4996 0.0000
-256.8199 0.0000
-256.0771 0.0000
-256.7787 0.0000
-256.5540 0.0000
-257.4232 0.0000
-257.7036 0.0000
-257.1583 0.0000
-257.1430 0.0000
-257.2792 0.0000
-258.6610 0.0000
-257.9667 0.0000
-257.7090 0.0000
-258.9536 0.0000
-258.9315 0.0000
-257.4820 0.0000
-256.1917 0.0000
-257.1226 0.0000
-255.7609 0.0000
-257.8875 0.0000
-257.9718 0.0000
-256.8327 0.0000
-256.9470 0.0000
-257.5285 0.0000
-256.5942 0.0000
-257.0364 0.0000
-256.7989 0.0000
-255.7641 0.0000
-255.3730 0.0000
-254.8874 0.0000
-253.7270 0.0000
-255.2223 0.0000
-256.9132 0.0000
-255.0689 0.0000
-255.1175 0.0000
-256.1177 0.0000
-256.1016 0.0000
-256.3811 0.0000
-256.1443 0.0000
-255.4965 0.0000
-254.7089 0.0000
-257.2856 0.0000
-257.2407 0.0000
-256.0398 0.0000
-257.9739 0.0000
-256.0952 0.0000
-256.4606 0.0000
-255.5055 0.0000
-258.5683 0.0000
-256.1268 0.0000
-256.4339 0.0000
-258.7842 0.0000
-259.1310 0.0000
-256.7195 0.0000
-256.0711 0.0000
-257.6885 0.0000
-257.5779 0.0000
-257.7208 0.0000
-258.1086 0.0000
-259.0938 0.0000
-258.6323 0.0000
-256.8149 0.0000
-256.1471 0.0000
-256.2216 0.0000
-255.8014 0.0000
-255.4537 0.0000
-255.7266 0.0000
-253.8399 0.0000
-255.1760 0.0000
-254.7036 0.0000
-252.8426 0.0000
-252.8816 0.0000
-253.1476 0.0000
-252.5551 0.0000
-252.3956 0.0000
-253.1059 0.0000
-252.3738 0.0000
-251.7442 0.0000
-252.2907 0.0000
-253.5982 0.0000
-253.9836 0.0000
-252.0127 0.0000
-252.6363 0.0000
-252.5203 0.0000
-251.8166 0.0000
-252.5912 0.0000
-251.2020 0.0000
-250.5635 0.0000
-249.5380 0.0000
-250.9922 0.0000
-248.7532 0.0000
-250.4104 0.0000
-250.3079 0.0000
-250.7059 0.0000
-249.6151 0.0000
-249.7219 0.0000
-249.6761 0.0000
-248.6491 0.0000
-250.0350 0.0000
-249.1916 0.0000
-249.3330 0.0000
-249.7116 0.0000
-250.2299 0.0000
-249.6716 0.0000
-249.3801 0.0000
-249.0869 0.0000
-248.8485 0.0000
-249.1719 0.0000
-249.9881 0.0000
-250.6183 0.0000
-250.2085 0.0000
-250.8220 0.0000
-250.7695 0.0000
-250.9214 0.0000
-250.6103 0.0000
-250.1492 0.0000
-250.4311 0.0000
-252.4305 0.0000
-252.2521 0.0000
-251.9001 0.0000
-251.9862 0.0000
-252.4729 0.0000
-253.4488 0.0000
-253.8684 0.0000
-251.7299 0.0000
-252.6359 0.0000
-251.2945 0.0000
-252.3982 0.0000
-252.0239 0.0000
-251.5104 0.0000
-252.4188 0.0000
-252.5224 0.0000
-253.4715 0.0000
-253.1146 0.0000
-252.5174 0.0000
-252.9226 0.0000
-253.1911 0.0000
-251.0927 0.0000
-252.3206 0.0000
-249.6668 0.0000
-251.2966 0.0000
-252.0184 0.0000
-251.6360 0.0000
-251.6514 0.0000
-250.7153 0.0000
-250.7797 0.0000
-251.3304 0.0000
-250.3042 0.0000
-251.2452 0.0000
-251.3227 0.0000
-251.5324 0.0000
-250.7359 0.0000
-251.8628 0.0000
-253.3616 0.0000
-251.5780 0.0000
-252.1044 0.0000
-251.8441 0.0000
-250.7817 0.0000
-253.0719 0.0000
-250.8336 0.0000
-249.5157 0.0000
-248.9710 0.0000
-249.0185 0.0000
-249.0710 0.0000
-248.7093 0.0000
-248.4455 0.0000
-248.1528 0.0000
-247.7715 0.0000
-247.9154 0.0000
-248.1425 0.0000
-248.5490 0.0000
-247.8477 0.0000
-247.8116 0.0000
-246.8553 0.0000
-245.8591 0.0000
-246.5387 0.0000
-246.1828 0.0000
-248.4136 0.0000
-245.9480 0.0000
-246.0598 0.0000
-245.9360 0.0000
-246.8003 0.0000
-246.0051 0.0000
-245.4175 0.0000
-245.9890 0.0000
-245.8023 0.0000
-247.4000 0.0000
-246.4499 0.0000
-246.9990 0.0000
-247.8688 0.0000
-247.3687 0.0000
-247.4401 0.0000
-245.9371 0.0000
-248.1616 0.0000
-248.8311 0.0000
-249.3264 0.0000
-249.1730 0.0000
-249.5635 0.0000
-250.8804 0.0000
-248.0478 0.0000
-250.0126 0.0000
-249.0552 0.0000
-248.4541 0.0000
-247.7868 0.0000
-247.8840 0.0000
-247.6134 0.0000
-248.5474 0.0000
-247.6854 0.0000
-248.3784 0.0000
-249.4707 0.0000
-249.5479 0.0000
-249.0873 0.0000
-248.3070 0.0000
-249.1361 0.0000
-247.2242 0.0000
-249.4549 0.0000
-247.8021 0.0000
-249.6064 0.0000
-248.7599 0.0000
-249.1464 0.0000
-247.7002 0.0000
-249.1811 0.0000
-247.2546 0.0000
-248.3808 0.0000
-248.1188 0.0000
-248.4186 0.0000
-247.3546 0.0000
-248.2617 0.0000
-247.7103 0.0000
-247.8066 0.0000
-247.3778 0.0000
-248.2798 0.0000
-247.2820 0.0000
-247.8754 0.0000
-246.7048 0.0000
-246.2387 0.0000
-246.7078 0.0000
-246.5013 0.0000
-247.1443 0.0000
-246.5997 0.0000
-247.9263 0.0000
-247.1382 0.0000
-246.6500 0.0000
-246.8202 0.0000
-246.7244 0.0000
-246.2879 0.0000
-247.1888 0.0000
-246.9002 0.0000
-247.7544 0.0000
-246.6550 0.0000
-245.6445 0.0000
-245.0527 0.0000
-245.9692 0.0000
-246.0267 0.0000
-245.3425 0.0000
-245.6383 0.0000
-245.0944 0.0000
-245.1249 0.0000
-244.5412 0.0000
-245.1619 0.0000
-244.1366 0.0000
-245.3921 0.0000
-244.0292 0.0000
-245.3410 0.0000
-245.6396 0.0000
-246.2809 0.0000
-245.6813 0.0000
-244.7257 0.0000
-245.7271 0.0000
-245.4175 0.0000
-244.1618 0.0000
-243.8056 0.0000
-243.3806 0.0000
-244.0985 0.0000
-243.2595 0.0000
-243.2983 0.0000
-243.6512 0.0000
-244.1792 0.0000
-243.4431 0.0000
-242.8867 0.0000
-244.1178 0.0000
-244.2846 0.0000
-243.5762 0.0000
-243.5992 0.0000
-243.0346 0.0000
-244.0596 0.0000
-242.0986 0.0000
-243.3911 0.0000
-243.5010 0.0000
-244.3550 0.0000
-244.3078 0.0000
-243.3382 0.0000
-244.6651 0.0000
-242.9347 0.0000
-242.6891 0.0000
-242.0560 0.0000
-242.1556 0.0000
-242.8739 0.0000
-242.1333 0.0000
-242.5668 0.0000
-242.0416 0.0000
-241.4677 0.0000
-243.6770 0.0000
-242.2438 0.0000
-242.5608 0.0000
-242.1956 0.0000
-242.5172 0.0000
-242.4096 0.0000
-242.1601 0.0000
-241.5367 0.0000
-241.6021 0.0000
-241.4115 0.0000
-242.3577 0.0000
-242.3137 0.0000
-241.8769 0.0000
-242.2857 0.0000
-242.6233 0.0000
-242.6780 0.0000
-242.8284 0.0000
-243.2322 0.0000
-241.7294 0.0000
-242.8805 0.0000
-242.0021 0.0000
-242.6252 0.0000
-242.3452 0.0000
-241.9947 0.0000
-242.7278 0.0000
-242.1727 0.0000
-241.8954 0.0000
-241.9848 0.0000
-242.1153 0.0000
-243.3881 0.0000
-242.8692 0.0000
-242.7201 0.0000
-243.2655 0.0000
-242.7728 0.0000
-242.3937 0.0000
-242.3864 0.0000
-241.0353 0.0000
-243.4662 0.0000
-242.4885 0.0000
-243.0258 0.0000
-243.2588 0.0000
-243.3760 0.0000
-242.7310 0.0000
-243.2264 0.0000
-243.5135 0.0000
-245.0802 0.0000
-243.0990 0.0000
-243.0826 0.0000
-242.6182 0.0000
-242.7749 0.0000
-242.4100 0.0000
-243.4124 0.0000
-244.2085 0.0000
-244.5054 0.0000
-245.3319 0.0000
-243.4574 0.0000
-244.5548 0.0000
-244.9149 0.0000
-244.6875 0.0000
-245.0398 0.0000
-244.0943 0.0000
-244.6500 0.0000
-244.3943 0.0000
-244.5273 0.0000
-245.1916 0.0000
-243.9269 0.0000
-245.1370 0.0000
-244.3679 0.0000
-245.5630 0.0000
-244.4362 0.0000
-244.5740 0.0000
-244.5375 0.0000
-242.4531 0.0000
-245.2393 0.0000
-245.0874 0.0000
-246.3053 0.0000
-245.7003 0.0000
-245.6882 0.0000
-245.2296 0.0000
-245.2283 0.0000
-244.5700 0.0000
-244.4469 0.0000
-244.2322 0.0000
-243.9835 0.0000
-244.3390 0.0000
-243.9753 0.0000
-244.1069 0.0000
-244.1211 0.0000
-243.8648 0.0000
-243.5710 0.0000
-244.9950 0.0000
-244.5135 0.0000
-245.6704 0.0000
-244.5500 0.0000
-245.1896 0.0000
-243.5631 0.0000
-244.6557 0.0000
-244.9384 0.0000
-244.3753 0.0000
-245.9593 0.0000
-244.9520 0.0000
-243.8839 0.0000
-245.5683 0.0000
-245.6884 0.0000
-246.7384 0.0000
-245.8882 0.0000
-246.0877 0.0000
-246.2016 0.0000
-246.2145 0.0000
-245.9159 0.0000
-245.7340 0.0000
-245.6784 0.0000
-245.1642 0.0000
-245.0627 0.0000
-246.3383 0.0000
-245.5098 0.0000
-245.3492 0.0000
-245.6617 0.0000
-245.0790 0.0000
-245.2702 0.0000
-245.8017 0.0000
-245.5473 0.0000
-246.7098 0.0000
-245.7216 0.0000
-245.3925 0.0000
-245.1190 0.0000
-244.8811 0.0000
-246.4467 0.0000
-244.6293 0.0000
-244.0922 0.0000
-245.1924 0.0000
-245.9344 0.0000
-245.4194 0.0000
-245.8498 0.0000
-245.9714 0.0000
-245.5706 0.0000
-245.7498 0.0000
-245.8893 0.0000
-245.3049 0.0000
-247.3377 0.0000
-245.6726 0.0000
-245.4355 0.0000
-245.1547 0.0000
-245.6830 0.0000
-245.1414 0.0000
-244.1205 0.0000
-242.9479 0.0000
-243.1577 0.0000
-244.3198 0.0000
-244.1028 0.0000
-245.2437 0.0000
-244.0594 0.0000
-244.7446 0.0000
-244.2545 0.0000
-244.0537 0.0000
-243.8609 0.0000
-244.2699 0.0000
-243.5710 0.0000
-243.3002 0.0000
-243.7629 0.0000
-243.2934 0.0000
-243.1829 0.0000
-244.0180 0.0000
-243.6259 0.0000
-244.0282 0.0000
-244.6162 0.0000
-243.3717 0.0000
-243.6776 0.0000
-243.0227 0.0000
-243.2798 0.0000
-243.7978 0.0000
-242.0475 0.0000
-243.5315 0.0000
-243.8674 0.0000
-243.1372 0.0000
-242.3895 0.0000
-243.6220 0.0000
-243.1949 0.0000
-243.0028 0.0000
-243.0064 0.0000
-243.0773 0.0000
-243.1034 0.0000
-243.8455 0.0000
-244.2379 0.0000
-243.5264 0.0000
-245.2173 0.0000
-243.0467 0.0000
-243.7899 0.0000
-244.1271 0.0000
-245.1974 0.0000
-244.8383 0.0000
-243.3674 0.0000
-243.4400 0.0000
-242.8222 0.0000
-242.6348 0.0000
-242.9200 0.0000
-242.5334 0.0000
-243.3013 0.0000
-243.0258 0.0000
-243.6765 0.0000
-243.3242 0.0000
-245.3939 0.0000
-244.3077 0.0000
-243.8270 0.0000
-243.6275 0.0000
-245.0718 0.0000
-243.4734 0.0000
-244.3093 0.0000
-243.7334 0.0000
-245.0783 0.0000
-245.6967 0.0000
-244.2830 0.0000
-244.6708 0.0000
-244.5840 0.0000
-245.1077 0.0000
-243.4845 0.0000
-244.5170 0.0000
-242.5360 0.0000
-243.9495 0.0000
-244.4006 0.0000
-244.6238 0.0000
-244.4662 0.0000
-243.9939 0.0000
-245.1134 0.0000
-244.7012 0.0000
-244.7442 0.0000
-244.8184 0.0000
-243.0972 0.0000
-243.9469 0.0000
-245.5105 0.0000
-245.1502 0.0000
-246.4416 0.0000
-244.9116 0.0000
-244.5989 0.0000
-244.0967 0.0000
-245.5631 0.0000
-246.1084 0.0000
-246.2221 0.0000
-246.8750 0.0000
-248.0979 0.0000
-247.9376 0.0000
-248.3670 0.0000
-247.1812 0.0000
-249.0007 0.0000
-247.5894 0.0000
-246.6511 0.0000
-248.8993 0.0000
-246.4005 0.0000
-244.3186 0.0000
-247.7353 0.0000
-246.3658 0.0000
-246.9645 0.0000
-248.0925 0.0000
-246.0801 0.0000
-248.3089 0.0000
-248.4821 0.0000
-249.2108 0.0000
-250.7835 0.0000
-250.5630 0.0000
-251.1308 0.0000
-251.7150 0.0000
-251.1453 0.0000
-249.9375 0.0000
-251.1144 0.0000
-251.8461 0.0000
-252.9570 0.0000
-251.6310 0.0000
-250.6360 0.0000
-250.8394 0.0000
-251.0635 0.0000
-251.1108 0.0000
-250.6166 0.0000
-250.1846 0.0000
-249.1656 0.0000
-251.8429 0.0000
-248.9012 0.0000
-251.1895 0.0000
-251.2503 0.0000
-252.1031 0.0000
-250.3984 0.0000
-249.8188 0.0000
-251.7917 0.0000
-251.4237 0.0000
-251.5034 0.0000
-250.5647 0.0000
-250.8880 0.0000
-252.2571 0.0000
-250.9676 0.0000
-251.7125 0.0000
-251.0701 0.0000
-249.4384 0.0000
-250.5027 0.0000
-249.5031 0.0000
-250.7855 0.0000
-251.1503 0.0000
-250.4731 0.0000
-249.9819 0.0000
-250.2030 0.0000
-252.4123 0.0000
-249.9659 0.0000
-250.5193 0.0000
-250.3319 0.0000
-249.0404 0.0000
-249.2137 0.0000
-250.0356 0.0000
-249.7907 0.0000
-250.8970 0.0000
-250.0093 0.0000
-250.9430 0.0000
-248.3554 0.0000
-250.6903 0.0000
-251.1291 0.0000
-251.2662 0.0000
-249.9133 0.0000
-249.9589 0.0000
-249.7958 0.0000
-250.7817 0.0000
-251.2976 0.0000
-250.1054 0.0000
-251.1065 0.0000
-249.3549 0.0000
-251.4479 0.0000
-250.5388 0.0000
-250.9132 0.0000
-251.1299 0.0000
-251.4536 0.0000
-253.1534 0.0000
-250.6003 0.0000
-250.7129 0.0000
-249.3108 0.0000
-249.0987 0.0000
-250.9292 0.0000
-249.8964 0.0000
-250.7154 0.0000
-252.7797 0.0000
-250.7460 0.0000
-249.9227 0.0000
-247.9445 0.0000
-250.9532 0.0000
-251.1849 0.0000
-252.3857 0.0000
-251.5587 0.0000
-250.8800 0.0000
-251.8681 0.0000
-251.1066 0.0000
-250.7655 0.0000
-251.8999 0.0000
-251.5113 0.0000
-250.1428 0.0000
-250.7331 0.0000
-249.1845 0.0000
-251.4458 0.0000
-249.8731 0.0000
-250.3611 0.0000
-251.4280 0.0000
-249.5211 0.0000
-250.2832 0.0000
-252.1358 0.0000
-250.7346 0.0000
-250.4550 0.0000
-249.9372 0.0000
-250.2983 0.0000
-251.4799 0.0000
-248.0212 0.0000
-251.7554 0.0000
-251.0398 0.0000
-250.6149 0.0000
-251.0117 0.0000
-249.2989 0.0000
-248.8479 0.0000
-249.8896 0.0000
-250.4622 0.0000
-249.7638 0.0000
-250.5212 0.0000
-249.5820 0.0000
-250.2550 0.0000
-251.0710 0.0000
-252.3416 0.0000
-250.4912 0.0000
-251.3244 0.0000
-250.5136 0.0000
-252.4111 0.0000
-251.5956 0.0000
-251.1570 0.0000
-249.3839 0.0000
-249.7303 0.0000
-250.6036 0.0000
-249.6314 0.0000
-251.1149 0.0000
-252.1780 0.0000
-249.5228 0.0000
-251.9679 0.0000
-249.1059 0.0000
-250.5096 0.0000
-249.9010 0.0000
-249.2017 0.0000
-250.0324 0.0000
-251.2021 0.0000
-250.3835 0.0000
-249.7137 0.0000
-249.8165 0.0000
-250.5201 0.0000
-251.4627 0.0000
-249.8749 0.0000
-250.3082 0.0000
-252.1937 0.0000
-251.6966 0.0000
-249.0047 0.0000
-250.7611 0.0000
-250.9162 0.0000
-251.2905 0.0000
-250.6192 0.0000
-249.7473 0.0000
-250.2443 0.0000
-250.2663 0.0000
-249.7817 0.0000
-250.4048 0.0000
-250.1654 0.0000
-250.3602 0.0000
-251.0516 0.0000
-248.7313 0.0000
-251.1350 0.0000
-250.3596 0.0000
-250.5289 0.0000
-249.7718 0.0000
-249.4363 0.0000
-252.5724 0.0000
-250.0272 0.0000
-250.4835 0.0000
-249.9712 0.0000
-249.6813 0.0000
-250.4376 0.0000
-250.2501 0.0000
-250.0635 0.0000
-249.8003 0.0000
-251.7479 0.0000
-250.8393 0.0000
-249.3717 0.0000
-253.1401 0.0000
-250.6708 0.0000
-251.5411 0.0000
-252.5148 0.0000
-250.2265 0.0000
-250.4859 0.0000
-250.9289 0.0000
-250.5710 0.0000
-250.3778 0.0000
-251.0801 0.0000
-249.9089 0.0000
-251.3882 0.0000
-250.5471 0.0000
-250.6147 0.0000
-251.0072 0.0000
-250.7657 0.0000
-249.9964 0.0000
-250.2439 0.0000
-249.6735 0.0000
-249.2542 0.0000
-251.3321 0.0000
-249.9662 0.0000
-249.5889 0.0000
-251.9014 0.0000
-249.0758 0.0000
-250.4980 0.0000
-251.1808 0.0000
-251.1837 0.0000
-250.6092 0.0000
-252.1372 0.0000
-250.1086 0.0000
-252.0742 0.0000
-253.3644 0.0000
-251.3931 0.0000
-250.6378 0.0000
-250.8904 0.0000
-250.9485 0.0000
-250.9175 0.0000
-249.9340 0.0000
-251.6170 0.0000
-248.5830 0.0000
-250.9457 0.0000
-249.3989 0.0000
-251.0985 0.0000
-252.7929 0.0000
-251.5963 0.0000
-250.7639 0.0000
-252.0046 0.0000
-250.3239 0.0000
-250.2492 0.0000
-251.3858 0.0000
-249.9242 0.0000
-250.5104 0.0000
-249.9632 0.0000
-251.3857 0.0000
-250.9822 0.0000
-249.9896 0.0000
-249.4277 0.0000
-249.9095 0.0000
-250.8660 0.0000
-250.8345 0.0000
-249.8406 0.0000
-250.4237 0.0000
-251.8057 0.0000
-251.0742 0.0000
-251.6480 0.0000
-249.8072 0.0000
-250.4893 0.0000
-251.3797 0.0000
-250.9054 0.0000
-249.5174 0.0000
-251.5293 0.0000
-249.9788 0.0000
-249.2224 0.0000
-250.0174 0.0000
-251.8224 0.0000
-252.7784 0.0000
-249.3980 0.0000
-250.2016 0.0000
-250.8601 0.0000
-250.2906 0.0000
-251.5766 0.0000
-250.5751 0.0000
-250.5470 0.0000
-250.6235 0.0000
-250.6609 0.0000
-250.8637 0.0000
-250.9357 0.0000
-252.0008 0.0000
-250.3695 0.0000
-249.6951 0.0000
-249.4616 0.0000
-249.8489 0.0000
-252.3724 0.0000
-251.3034 0.0000
-250.1070 0.0000
-251.1600 0.0000
-249.8088 0.0000
-250.9120 0.0000
-249.2194 0.0000
-250.2050 0.0000
-250.4595 0.0000
-248.9862 0.0000
-251.3157 0.0000
-250.6500 0.0000
-250.6930 0.0000
-248.9243 0.0000
-251.4435 0.0000
-250.1258 0.0000
-250.3840 0.0000
-251.0518 0.0000
-248.9166 0.0000
-249.7804 0.0000
-250.7528 0.0000
-253.2490 0.0000
-251.3261 0.0000
-251.3385 0.0000
-251.1647 0.0000
-249.8743 0.0000
-249.3930 0.0000
-251.0517 0.0000
-250.4447 0.0000
-250.2953 0.0000
-250.5501 0.0000
-250.0138 0.0000
-250.4104 0.0000
-250.9137 0.0000
-250.6308 0.0000
-250.7890 0.0000
-250.8168 0.0000
-250.3137 0.0000
-249.4656 0.0000
-251.2300 0.0000
-249.3927 0.0000
-250.2276 0.0000
-250.7917 0.0000
-251.0457 0.0000
-250.8680 0.0000
-249.1355 0.0000
-250.8084 0.0000
-248.7787 0.0000
-249.7649 0.0000
-250.6735 0.0000
-249.7926 0.0000
-250.3016 0.0000
-251.2480 0.0000
-251.3010 0.0000
-251.4875 0.0000
-251.3866 0.0000
-250.7055 0.0000
-249.3092 0.0000
-250.0839 0.0000
-249.4865 0.0000
-250.5997 0.0000
-250.8864 0.0000
-249.7329 0.0000
-249.6632 0.0000
-250.6287 0.0000
-249.7111 0.0000
-249.9974 0.0000
-250.9722 0.0000
-251.5928 0.0000
-251.8616 0.0000
-251.3163 0.0000
-249.8701 0.0000
-250.1574 0.0000
-249.9169 0.0000
-251.1835 0.0000
-250.7968 0.0000
-250.5006 0.0000
-250.5299 0.0000
-251.3854 0.0000
-250.8548 0.0000
-250.5056 0.0000
-250.2100 0.0000
-249.1735 0.0000
-250.0161 0.0000
-247.7882 0.0000
-250.9731 0.0000
-250.3844 0.0000
-250.8504 0.0000
-252.5605 0.0000
-249.8121 0.0000
-251.1678 0.0000
-250.0588 0.0000
-252.8666 0.0000
-248.9789 0.0000
-251.4593 0.0000
-251.0033 0.0000
-251.9416 0.0000
-251.3919 0.0000
-250.9193 0.0000
-249.3062 0.0000
-250.7100 0.0000
-248.1968 0.0000
-251.3406 0.0000
-250.7156 0.0000
-249.3097 0.0000
-249.6642 0.0000
-251.3077 0.0000
-251.2253 0.0000
-249.8010 0.0000
-250.3794 0.0000
-249.8528 0.0000
-249.4120 0.0000
-251.3334 0.0000
-251.9203 0.0000
-251.4187 0.0000
-250.6303 0.0000
-252.3241 0.0000
-251.1219 0.0000
-250.6335 0.0000
-251.7234 0.0000
-251.6264 0.0000
-250.6009 0.0000
-249.7175 0.0000
-250.4862 0.0000
-251.4077 0.0000
-252.1735 0.0000
-250.0657 0.0000
-249.7452 0.0000
-251.5458 0.0000
-250.1940 0.0000
-249.7258 0.0000
-249.5483 0.0000
-250.5889 0.0000
-251.3272 0.0000
-251.3368 0.0000
-250.2353 0.0000
-252.4896 0.0000
-250.6383 0.0000
-250.6337 0.0000
-251.4983 0.0000
-250.8867 0.0000
-250.2191 0.0000
-251.5496 0.0000
-250.9865 0.0000
-250.1545 0.0000
-251.5191 0.0000
-249.6465 0.0000
-251.0467 0.0000
-251.0022 0.0000
-249.5845 0.0000
-250.4312 0.0000
-251.3387 0.0000
-250.1359 0.0000
-251.4786 0.0000
-250.0856 0.0000
-249.7296 0.0000
-250.4682 0.0000
-249.1842 0.0000
-251.0085 0.0000
-251.0653 0.0000
-250.5733 0.0000
-250.8420 0.0000
-250.1894 0.0000
-250.3708 0.0000
-250.1943 0.0000
-248.1459 0.0000
-252.1498 0.0000
-250.9489 0.0000
-253.1969 0.0000
-251.4455 0.0000
-249.8362 0.0000
-250.0791 0.0000
-248.5140 0.0000
-250.6348 0.0000
-252.8011 0.0000
-250.9910 0.0000
-250.2723 0.0000
-248.6815 0.0000
-250.3103 0.0000
-250.2301 0.0000
-250.1816 0.0000
-249.0371 0.0000
-252.0888 0.0000
-252.1933 0.0000
-248.7199 0.0000
-249.7818 0.0000
-252.1934 0.0000
-249.1962 0.0000
-250.3276 0.0000
-249.0663 0.0000
-249.1122 0.0000
-251.6596 0.0000
-249.8906 0.0000
-250.8058 0.0000
-250.6658 0.0000
-249.6096 0.0000
-251.9245 0.0000
-252.3539 0.0000
-250.4248 0.0000
-248.2589 0.0000
-249.6689 0.0000
-252.8083 0.0000
-252.8183 0.0000
-249.5171 0.0000
-248.9511 0.0000
-250.3518 0.0000
-250.5935 0.0000
-250.4197 0.0000
-251.0124 0.0000
-250.1967 0.0000
-248.8460 0.0000
-250.1032 0.0000
-250.6426 0.0000
-249.5674 0.0000
-249.6206 0.0000
-250.2195 0.0000
-249.9621 0.0000
-250.1953 0.0000
-250.4213 0.0000
-249.1521 0.0000
-250.7779 0.0000
-251.1401 0.0000
-251.2007 0.0000
-249.9231 0.0000
-250.2336 0.0000
-251.2943 0.0000
-250.6903 0.0000
-251.7345 0.0000
-250.7624 0.0000
-249.5529 0.0000
-251.1780 0.0000
-252.1526 0.0000
-251.0605 0.0000
-251.5968 0.0000
-251.1216 0.0000
-248.9329 0.0000
-250.0470 0.0000
-249.9741 0.0000
-252.2891 0.0000
-249.6235 0.0000
-252.4193 0.0000
-252.4840 0.0000
-252.2604 0.0000
-249.3853 0.0000
-251.2253 0.0000
-251.6472 0.0000
-250.8574 0.0000
-251.3959 0.0000
-250.7486 0.0000
-250.6453 0.0000
-250.2737 0.0000
-250.6625 0.0000
-249.9309 0.0000
-251.0018 0.0000
-250.3279 0.0000
-250.5610 0.0000
-251.5272 0.0000
-249.3779 0.0000
-249.4892 0.0000
-249.7852 0.0000
-251.5822 0.0000
-250.8213 0.0000
-250.4323 0.0000
-249.5223 0.0000
-251.3183 0.0000
-250.5814 0.0000
-251.0408 0.0000
-251.6588 0.0000
-250.4840 0.0000
-251.1553 0.0000
-249.9473 0.0000
-249.9041 0.0000
-250.7512 0.0000
-251.4842 0.0000
-250.6381 0.0000
-252.4114 0.0000
-249.4597 0.0000
-251.6348 0.0000
-252.1249 0.0000
-249.9363 0.0000
-252.1059 0.0000
-250.7451 0.0000
-251.6702 0.0000
-248.8964 0.0000
-250.7733 0.0000
-249.5957 0.0000
-250.4326 0.0000
-250.3682 0.0000
-250.5089 0.0000
-248.9295 0.0000
-250.3181 0.0000
-250.8118 0.0000
-251.8563 0.0000
-250.7790 0.0000
-250.3687 0.0000
-250.8940 0.0000
-248.6896 0.0000
-249.4815 0.0000
-250.3190 0.0000
-250.4902 0.0000
-250.3267 0.0000
-252.2058 0.0000
-250.2898 0.0000
-249.6463 0.0000
-250.2324 0.0000
-252.1195 0.0000
-250.2989 0.0000
-250.5591 0.0000
-251.0835 0.0000
-249.0130 0.0000
-248.9444 0.0000
-251.4538 0.0000
-252.1001 0.0000
-250.3333 0.0000
-248.5217 0.0000
-251.7947 0.0000
-250.3611 0.0000
-250.1189 0.0000
-251.3541 0.0000
-251.2605 0.0000
-250.6011 0.0000
-248.1048 0.0000
-251.1136 0.0000
-249.6751 0.0000
-250.3729 0.0000
-248.9814 0.0000
-251.8727 0.0000
-249.1269 0.0000
-248.6006 0.0000
-251.9877 0.0000
-251.2757 0.0000
-250.1920 0.0000
-252.4368 0.0000
-250.5017 0.0000
-250.4843 0.0000
-251.5149 0.0000
-250.0051 0.0000
-251.7913 0.0000
-249.6370 0.0000
-251.2215 0.0000
-249.9339 0.0000
-251.4096 0.0000
-250.6315 0.0000
-251.3071 0.0000
-250.3903 0.0000
-250.9512 0.0000
-251.9734 0.0000
-250.0599 0.0000
-250.5527 0.0000
-251.1153 0.0000
-250.9693 0.0000
-248.6261 0.0000
-250.5771 0.0000
-251.1803 0.0000
-252.4106 0.0000
-251.5503 0.0000
-250.7930 0.0000
-249.3644 0.0000
-250.0381 0.0000
-250.8699 0.0000
-251.3027 0.0000
-252.2434 0.0000
-252.4332 0.0000
-250.3319 0.0000
-249.0447 0.0000
-251.1793 0.0000
-249.8653 0.0000
-251.4662 0.0000
-250.1101 0.0000
-253.2461 0.0000
-249.6902 0.0000
-250.9041 0.0000
-251.2212 0.0000
-250.6198 0.0000
-250.8447 0.0000
-251.9229 0.0000
-249.2727 0.0000
-249.2770 0.0000
-252.3675 0.0000
-251.4434 0.0000
-252.1931 0.0000
-250.3194 0.0000
-250.8153 0.0000
-249.2176 0.0000
-251.8819 0.0000
-249.1589 0.0000
-250.6444 0.0000
-250.2151 0.0000
-251.9062 0.0000
-249.6594 0.0000
-249.5419 0.0000
-250.2845 0.0000
-250.9490 0.0000
-250.4152 0.0000
-252.2253 0.0000
-252.0667 0.0000
-250.7792 0.0000
-249.8350 0.0000
-250.4837 0.0000
-250.2632 0.0000
-250.1226 0.0000
-249.6765 0.0000
-251.6039 0.0000
-251.6056 0.0000
-250.9443 0.0000
-250.5642 0.0000
-251.5447 0.0000
-250.4731 0.0000
-252.3018 0.0000
-249.5672 0.0000
-251.6612 0.0000
-249.4100 0.0000
-251.8667 0.0000
-248.5706 0.0000
-249.3762 0.0000
-250.0994 0.0000
-251.7755 0.0000
-252.5409 0.0000
-250.9480 0.0000
-250.7721 0.0000
-251.4196 0.0000
-249.4787 0.0000
-250.9463 0.0000
-251.6724 0.0000
-253.4465 0.0000
-252.9834 0.0000
-248.9865 0.0000
-251.7457 0.0000
-250.3497 0.0000
-250.7513 0.0000
-251.3055 0.0000
-249.6015 0.0000
-250.7406 0.0000
-249.1832 0.0000
-250.0962 0.0000
-250.6122 0.0000
-250.9683 0.0000
-250.8412 0.0000
-250.9855 0.0000
-249.8680 0.0000
-251.6062 0.0000
-250.5523 0.0000
-250.1091 0.0000
-249.9575 0.0000
-251.1830 0.0000
-249.6388 0.0000
-249.0870 0.0000
-251.4800 0.0000
-251.3274 0.0000
-251.0965 0.0000
-250.0302 0.0000
-249.0190 0.0000
-250.5443 0.0000
-249.8269 0.0000
-251.4472 0.0000
-250.2704 0.0000
-251.8490 0.0000
-252.0754 0.0000
-251.7847 0.0000
-251.1044 0.0000
-250.2831 0.0000
-250.4236 0.0000
-250.6205 0.0000
-251.0218 0.0000
-250.7573 0.0000
-250.2090 0.0000
-249.1791 0.0000
-250.1924 0.0000
-250.8374 0.0000
-249.8165 0.0000
-250.6442 0.0000
-248.6527 0.0000
-249.0714 0.0000
-252.1685 0.0000
-250.2437 0.0000
-249.7727 0.0000
-251.5953 0.0000
-251.8781 0.0000
-251.8601 0.0000
-251.6100 0.0000
-251.2916 0.0000
-251.7591 0.0000
-249.9539 0.0000
-251.2271 0.0000
-249.5590 0.0000
-251.5896 0.0000
-250.6474 0.0000
-249.6359 0.0000
-251.3308 0.0000
-250.5929 0.0000
-249.2646 0.0000
-249.2534 0.0000
-251.8709 0.0000
-251.0786 0.0000
-252.5031 0.0000
-251.9358 0.0000
-251.1506 0.0000
-249.9872 0.0000
-250.8715 0.0000
-252.1882 0.0000
-249.7955 0.0000
-249.7199 0.0000
-252.3928 0.0000
-251.0040 0.0000
-251.6564 0.0000
-251.8996 0.0000
-251.8562 0.0000
-249.2672 0.0000
-250.1971 0.0000
-252.2275 0.0000
-251.5818 0.0000
-251.3913 0.0000
-252.0985 0.0000
-250.8166 0.0000
-251.1353 0.0000
-250.6876 0.0000
-250.3802 0.0000
-249.8989 0.0000
-252.7726 0.0000
-251.8156 0.0000
-250.3877 0.0000
-250.5548 0.0000
-250.5834 0.0000
-250.9776 0.0000
-249.5511 0.0000
-249.2479 0.0000
-250.9256 0.0000
-250.5481 0.0000
-249.2051 0.0000
-249.9515 0.0000
-250.6913 0.0000
-250.0847 0.0000
-250.0857 0.0000
-250.7867 0.0000
-249.8095 0.0000
-251.2968 0.0000
-251.3661 0.0000
-250.2996 0.0000
-250.2723 0.0000
-250.1043 0.0000
-251.1339 0.0000
-249.4589 0.0000
-250.1428 0.0000
-250.6160 0.0000
-251.1900 0.0000
-249.7460 0.0000
-250.0124 0.0000
-250.2811 0.0000
-249.9015 0.0000
-250.4502 0.0000
-249.8089 0.0000
-251.6519 0.0000
-251.7000 0.0000
-250.7195 0.0000
-251.0608 0.0000
-251.4268 0.0000
-250.9497 0.0000
-251.8194 0.0000
-251.6046 0.0000
-249.5334 0.0000
-250.2297 0.0000
-249.1999 0.0000
-251.1838 0.0000
-249.8848 0.0000
-250.8502 0.0000
-251.5482 0.0000
-251.6646 0.0000
-249.7697 0.0000
-247.5666 0.0000
-249.9980 0.0000
-253.4188 0.0000
-249.8376 0.0000
-253.2390 0.0000
-250.6257 0.0000
-250.8696 0.0000
-250.7510 0.0000
-249.0617 0.0000
-250.1791 0.0000
-250.6442 0.0000
-252.0226 0.0000
-251.9798 0.0000
-251.5675 0.0000
-248.4848 0.0000
-251.4753 0.0000
-250.9138 0.0000
-251.5513 0.0000
-251.9646 0.0000
-250.7966 0.0000
-249.5549 0.0000
-252.8022 0.0000
-249.0611 0.0000
-251.8494 0.0000
-250.1192 0.0000
-250.9307 0.0000
-250.1035 0.0000
-249.8952 0.0000
-250.5474 0.0000
-252.5009 0.0000
-251.0916 0.0000
-252.4085 0.0000
-250.4917 0.0000
-250.6448 0.0000
-250.2586 0.0000
-249.9849 0.0000
-250.7166 0.0000
-249.2543 0.0000
-249.8517 0.0000
-249.8223 0.0000
-250.3806 0.0000
-250.4109 0.0000
-249.4143 0.0000
-251.6571 0.0000
-249.3091 0.0000
-249.7838 0.0000
-250.8052 0.0000
-250.8274 0.0000
-251.5509 0.0000
-250.8365 0.0000
-249.9319 0.0000
-250.0996 0.0000
-251.8605 0.0000
-251.4779 0.0000
-252.5344 0.0000
-248.9496 0.0000
-250.3047 0.0000
-251.2753 0.0000
-251.3169 0.0000
-251.1480 0.0000
-252.1426 0.0000
-250.7595 0.0000
-251.8562 0.0000
-251.7741 0.0000
-250.5515 0.0000
-251.6673 0.0000
-251.5088 0.0000
-249.8168 0.0000
-251.3699 0.0000
-249.0877 0.0000
-252.1881 0.0000
-250.5199 0.0000
-249.7748 0.0000
-251.1559 0.0000
-251.6130 0.0000
-250.2716 0.0000
-250.7365 0.0000
-250.0445 0.0000
-250.3747 0.0000
-250.3251 0.0000
-250.2760 0.0000
-250.9275 0.0000
-251.1512 0.0000
-250.6843 0.0000
-249.6531 0.0000
-249.9531 0.0000
-250.8815 0.0000
-250.1382 0.0000
-251.5339 0.0000
-250.6936 0.0000
-251.5691 0.0000
-250.1048 0.0000
-251.2069 0.0000
-251.5120 0.0000
-250.1053 0.0000
-252.1632 0.0000
-250.3199 0.0000
-250.7663 0.0000
-250.2909 0.0000
-251.8120 0.0000
-251.0914 0.0000
-251.0282 0.0000
-249.3149 0.0000
-250.5177 0.0000
-248.6492 0.0000
-248.9828 0.0000
-251.1828 0.0000
-250.4915 0.0000
-250.9335 0.0000
-251.2869 0.0000
-249.9161 0.0000
-250.6990 0.0000
-252.2901 0.0000
-250.0953 0.0000
-251.6236 0.0000
-250.8627 0.0000
-250.0608 0.0000
-249.6418 0.0000
-251.1992 0.0000
-249.4225 0.0000
-252.4111 0.0000
-249.9870 0.0000
-251.0067 0.0000
-249.5071 0.0000
-249.7670 0.0000
-251.9244 0.0000
-249.8126 0.0000
-250.0562 0.0000
-250.9930 0.0000
-250.9661 0.0000
-250.1379 0.0000
-250.3131 0.0000
-251.5692 0.0000
-250.7583 0.0000
-251.7176 0.0000
-249.4929 0.0000
-250.8882 0.0000
-251.1213 0.0000
-250.5585 0.0000
-251.4442 0.0000
-250.0251 0.0000
-251.7388 0.0000
-251.6906 0.0000
-249.5818 0.0000
-248.9942 0.0000
-249.8841 0.0000
-249.3250 0.0000
-251.0505 0.0000
-250.8583 0.0000
-249.2709 0.0000
-249.8278 0.0000
-249.8343 0.0000
-250.0372 0.0000
-249.2579 0.0000
-250.7442 0.0000
-251.7838 0.0000
-250.1278 0.0000
-251.7038 0.0000
-249.1187 0.0000
-250.4781 0.0000
-250.6978 0.0000
-248.8815 0.0000
-251.6713 0.0000
-250.1851 0.0000
-249.9050 0.0000
-248.9447 0.0000
-248.6064 0.0000
-250.2533 0.0000
-250.5825 0.0000
-251.1095 0.0000
-253.2324 0.0000
-250.2832 0.0000
-251.3597 0.0000
-250.2997 0.0000
-252.0559 0.0000
-251.4819 0.0000
-249.8126 0.0000
-250.6071 0.0000
-251.4575 0.0000
-252.0312 0.0000
-251.5316 0.0000
-252.0131 0.0000
-250.2073 0.0000
-250.9014 0.0000
-251.1726 0.0000
-250.8603 0.0000
-252.3599 0.0000
-249.2779 0.0000
-250.9567 0.0000
-250.2951 0.0000
-250.1159 0.0000
-251.1096 0.0000
-250.0306 0.0000
-250.6077 0.0000
-251.0605 0.0000
-250.1588 0.0000
-250.0110 0.0000
-250.8818 0.0000
-250.3413 0.0000
-250.4315 0.0000
-249.4899 0.0000
-250.6716 0.0000
-251.0391 0.0000
-248.5425 0.0000
-250.7402 0.0000
-250.2955 0.0000
-250.9249 0.0000
-249.9310 0.0000
-249.3925 0.0000
-249.2970 0.0000
-253.3299 0.0000
-249.5496 0.0000
-251.0380 0.0000
-249.3211 0.0000
-250.3290 0.0000
-251.4770 0.0000
-249.7952 0.0000
-249.6155 0.0000
-250.2532 0.0000
-249.3264 0.0000
-249.9237 0.0000
-251.7367 0.0000
-251.5549 0.0000
-250.6020 0.0000
-250.6354 0.0000
-250.6448 0.0000
-250.7368 0.0000
-250.7979 0.0000
-251.7697 0.0000
-250.9942 0.0000
-248.6173 0.0000
-250.3721 0.0000
-251.0368 0.0000
-250.1860 0.0000
-250.7965 0.0000
-250.8109 0.0000
-250.8605 0.0000
-253.2063 0.0000
-248.5919 0.0000
-251.2858 0.0000
-251.2129 0.0000
-250.1546 0.0000
-251.9256 0.0000
-251.2380 0.0000
-250.7597 0.0000
-249.6528 0.0000
-249.4846 0.0000
-250.7673 0.0000
-250.8777 0.0000
-251.6374 0.0000
-250.8709 0.0000
-249.1743 0.0000
-248.0965 0.0000
-251.1627 0.0000
-249.9264 0.0000
-251.9868 0.0000
-250.8280 0.0000
-251.6631 0.0000
-249.9394 0.0000
-250.4223 0.0000
-250.8321 0.0000
-250.1170 0.0000
-249.5637 0.0000
-249.7508 0.0000
-250.0534 0.0000
-251.0794 0.0000
-250.4738 0.0000
-250.4254 0.0000
-251.2660 0.0000
-251.0512 0.0000
-251.4331 0.0000
-250.3425 0.0000
-250.7652 0.0000
-250.7787 0.0000
-250.4419 0.0000
-251.2640 0.0000
-251.6103 0.0000
-251.3053 0.0000
-249.7067 0.0000
-249.2509 0.0000
-250.7266 0.0000
-250.0858 0.0000
-252.4342 0.0000
-251.9170 0.0000
-250.0202 0.0000
-251.2089 0.0000
-249.9931 0.0000
-252.3214 0.0000
-251.0906 0.0000
-250.0483 0.0000
-251.5350 0.0000
-251.0412 0.0000
-250.9875 0.0000
-253.4227 0.0000
-249.7571 0.0000
-251.3805 0.0000
-251.2567 0.0000
-251.3223 0.0000
-253.6090 0.0000
-250.2949 0.0000
-249.4022 0.0000
-249.4759 0.0000
-252.1276 0.0000
-250.9456 0.0000
-251.3715 0.0000
-252.6736 0.0000
-248.8697 0.0000
-250.3802 0.0000
-250.9859 0.0000
-249.3183 0.0000
-250.7894 0.0000
-250.8251 0.0000
-250.9212 0.0000
-248.9508 0.0000
-249.3149 0.0000
-251.7807 0.0000
-250.4535 0.0000
-250.4188 0.0000
-250.5793 0.0000
-250.6501 0.0000
-250.4019 0.0000
-250.4216 0.0000
-250.1914 0.0000
-252.3162 0.0000
-250.0866 0.0000
-250.0203 0.0000
-250.7790 0.0000
-251.2225 0.0000
-251.2117 0.0000
-249.1353 0.0000
-250.3203 0.0000
-251.7813 0.0000
-250.3643 0.0000
-251.4166 0.0000
-248.8935 0.0000
-250.4819 0.0000
-250.1346 0.0000
-249.9992 0.0000
-252.4731 0.0000
-251.5370 0.0000
-250.7972 0.0000
-250.4128 0.0000
-251.7145 0.0000
-250.4382 0.0000
-251.3707 0.0000
-250.9862 0.0000
-250.2701 0.0000
-249.6425 0.0000
-250.5596 0.0000
-251.4848 0.0000
-248.8127 0.0000
-249.6105 0.0000
-249.5330 0.0000
-252.8305 0.0000
-249.9608 0.0000
-248.1891 0.0000
-251.0711 0.0000
-250.1285 0.0000
-250.0283 0.0000
-250.8450 0.0000
-250.6010 0.0000
-250.5620 0.0000
-251.5883 0.0000
-251.3980 0.0000
-249.6046 0.0000
-252.2527 0.0000
-253.0107 0.0000
-250.2669 0.0000
-250.0819 0.0000
-249.8862 0.0000
-250.1686 0.0000
-251.9161 0.0000
-249.4335 0.0000
-249.9467 0.0000
-250.8666 0.0000
-251.8704 0.0000
-250.1733 0.0000
-250.2075 0.0000
-250.4672 0.0000
-249.7497 0.0000
-250.0049 0.0000
-251.2639 0.0000
-251.4121 0.0000
-249.2189 0.0000
-249.6190 0.0000
-250.4080 0.0000
-252.7326 0.0000
-252.0549 0.0000
-251.5171 0.0000
-250.6400 0.0000
-249.1371 0.0000
-250.1708 0.0000
-249.0104 0.0000
-250.6526 0.0000
-248.7417 0.0000
-250.4043 0.0000
-249.9502 0.0000
-249.4188 0.0000
-250.9639 0.0000
-249.7551 0.0000
-251.4217 0.0000
-250.6114 0.0000
-251.0976 0.0000
-251.0327 0.0000
-250.0978 0.0000
-250.6505 0.0000
-249.7339 0.0000
-251.9316 0.0000
-250.0948 0.0000
-252.1421 0.0000
-249.5459 0.0000
-249.7140 0.0000
-251.4197 0.0000
-248.5688 0.0000
-251.6446 0.0000
-252.7697 0.0000
-251.2321 0.0000
-249.5692 0.0000
-251.0639 0.0000
-251.9963 0.0000
-249.3771 0.0000
-250.5140 0.0000
-252.0367 0.0000
-250.6064 0.0000
-249.4915 0.0000
-250.6729 0.0000
-252.8074 0.0000
-250.0809 0.0000
-249.8649 0.0000
-250.7181 0.0000
-250.5667 0.0000
-250.9259 0.0000
-251.3957 0.0000
-250.8607 0.0000
-250.9922 0.0000
-249.6280 0.0000
-249.6759 0.0000
-250.3559 0.0000
-250.5946 0.0000
-250.1421 0.0000
-249.6931 0.0000
-250.6429 0.0000
-250.8489 0.0000
-253.2021 0.0000
-250.5173 0.0000
-253.2516 0.0000
-253.2962 0.0000
-249.9058 0.0000
-250.7895 0.0000
-250.4115 0.0000
-250.2499 0.0000
-250.0839 0.0000
-249.3300 0.0000
-251.1056 0.0000
-253.0822 0.0000
-250.2090 0.0000
-251.3222 0.0000
-250.3154 0.0000
-251.2103 0.0000
-250.6804 0.0000
-250.8895 0.0000
-251.4898 0.0000
-249.3452 0.0000
-251.0173 0.0000
-250.8980 0.0000
-250.2308 0.0000
-250.2502 0.0000
-249.5088 0.0000
-248.6514 0.0000
-251.2416 0.0000
-250.3158 0.0000
-249.3273 0.0000
-250.8649 0.0000
-250.1195 0.0000
-249.7528 0.0000
-251.4316 0.0000
-251.0731 0.0000
-250.2514 0.0000
-250.3471 0.0000
-250.8621 0.0000
-249.2207 0.0000
-250.4210 0.0000
-249.6772 0.0000
-249.7891 0.0000
-251.4403 0.0000
-249.7168 0.0000
-250.4197 0.0000
-252.5393 0.0000
-249.8294 0.0000
-250.8584 0.0000
-248.7247 0.0000
-251.1138 0.0000
-252.4942 0.0000
-251.1210 0.0000
-249.8132 0.0000
-250.8705 0.0000
-251.6302 0.0000
-249.9036 0.0000
-248.8697 0.0000
-250.9548 0.0000
-251.1674 0.0000
-250.8932 0.0000
-250.9650 0.0000
-250.2705 0.0000
-251.3628 0.0000
-251.3045 0.0000
-249.6578 0.0000
-250.0652 0.0000
-249.9901 0.0000
-250.6490 0.0000
-251.9117 0.0000
-252.1677 0.0000
-248.9097 0.0000
-252.0086 0.0000
-251.2902 0.0000
-251.4897 0.0000
-250.0162 0.0000
-249.7685 0.0000
-249.2861 0.0000
-249.8125 0.0000
-250.4070 0.0000
-252.3802 0.0000
-253.3893 0.0000
-252.4381 0.0000
-249.2705 0.0000
-249.5395 0.0000
-250.2368 0.0000
-249.1317 0.0000
-249.7129 0.0000
-250.7223 0.0000
-251.1791 0.0000
-250.2911 0.0000
-250.0915 0.0000
-248.5825 0.0000
-252.4667 0.0000
-249.7012 0.0000
-250.3439 0.0000
-251.5294 0.0000
-249.9428 0.0000
-251.1213 0.0000
-250.2121 0.0000
-248.9702 0.0000
-250.1164 0.0000
-251.3502 0.0000
-250.5757 0.0000
-250.9516 0.0000
-250.2309 0.0000
-251.0290 0.0000
-251.4008 0.0000
-251.0153 0.0000
-249.2379 0.0000
-251.4230 0.0000
-250.9802 0.0000
-251.1870 0.0000
-249.2209 0.0000
-250.6599 0.0000
-249.5333 0.0000
-250.5701 0.0000
-250.3915 0.0000
-252.0742 0.0000
-251.2807 0.0000
-250.0509 0.0000
-250.4298 0.0000
-249.4991 0.0000
-249.6222 0.0000
-252.3379 0.0000
-251.0063 0.0000
-248.3371 0.0000
-249.7017 0.0000
-250.6596 0.0000
-249.3588 0.0000
-248.4089 0.0000
-251.9695 0.0000
-251.4455 0.0000
-251.6681 0.0000
-251.4504 0.0000
-250.8799 0.0000
-251.2073 0.0000
-251.3267 0.0000
-249.8657 0.0000
-251.8194 0.0000
-250.5458 0.0000
-251.1999 0.0000
-251.2705 0.0000
-250.0206 0.0000
-249.2925 0.0000
-251.0099 0.0000
-248.4699 0.0000
-250.4603 0.0000
-249.1999 0.0000
-250.8892 0.0000
-250.8616 0.0000
-252.2545 0.0000
-252.3916 0.0000
-250.2185 0.0000
-248.5229 0.0000
-251.9798 0.0000
-249.9050 0.0000
-250.7716 0.0000
-251.0318 0.0000
-250.5083 0.0000
-250.7794 0.0000
-249.0393 0.0000
-250.4370 0.0000
-250.0395 0.0000
-253.5462 0.0000
-250.6149 0.0000
-250.2696 0.0000
-250.9319 0.0000
-250.6641 0.0000
-251.6241 0.0000
-250.6161 0.0000
-250.6416 0.0000
-250.3914 0.0000
-251.0530 0.0000
-251.6989 0.0000
-250.4523 0.0000
-250.6564 0.0000
-250.2994 0.0000
-250.8781 0.0000
-249.0896 0.0000
-250.7500 0.0000
-251.5171 0.0000
-250.0803 0.0000
-249.9414 0.0000
-250.6389 0.0000
-250.6283 0.0000
-250.2503 0.0000
-247.8045 0.0000
-251.4022 0.0000
-248.6547 0.0000
-250.2865 0.0000
-250.1497 0.0000
-250.6321 0.0000
-251.3246 0.0000
-250.9884 0.0000
-254.0063 0.0000
-248.7309 0.0000
-250.8686 0.0000
-250.8670 0.0000
-249.9108 0.0000
-251.9834 0.0000
-250.7448 0.0000
-250.3777 0.0000
-250.4514 0.0000
-249.8402 0.0000
-250.7738 0.0000
-250.6274 0.0000
-250.6183 0.0000
-251.0845 0.0000
-249.0433 0.0000
-249.2341 0.0000
-249.7517 0.0000
-251.4855 0.0000
-252.2435 0.0000
-250.0668 0.0000
-249.3972 0.0000
-250.6889 0.0000
-250.3349 0.0000
-252.6625 0.0000
-250.6247 0.0000
-251.6507 0.0000
-251.2539 0.0000
-249.4605 0.0000
-252.0712 0.0000
-251.2239 0.0000
-248.8855 0.0000
-254.2803 0.0000
-251.2666 0.0000
-250.0711 0.0000
-251.9250 0.0000
-251.6937 0.0000
-249.9806 0.0000
-251.2377 0.0000
-248.6333 0.0000
-249.7020 0.0000
-251.8633 0.0000
-251.6565 0.0000
-250.5233 0.0000
-251.6109 0.0000
-250.7890 0.0000
-249.6692 0.0000
-250.6281 0.0000
-251.5186 0.0000
-250.5409 0.0000
-251.3995 0.0000
-250.2356 0.0000
-249.7126 0.0000
-250.4396 0.0000
-249.8659 0.0000
-250.8808 0.0000
-249.6095 0.0000
-251.6080 0.0000
-251.3408 0.0000
-250.6008 0.0000
-250.9910 0.0000
-250.5885 0.0000
-249.7636 0.0000
-249.7320 0.0000
-250.7494 0.0000
-250.9183 0.0000
-251.1221 0.0000
-250.9936 0.0000
-250.5773 0.0000
-250.9697 0.0000
-250.7782 0.0000
-250.0004 0.0000
-249.7819 0.0000
-250.4761 0.0000
-250.4163 0.0000
-250.9341 0.0000
-249.6078 0.0000
-251.3697 0.0000
-248.8836 0.0000
-250.6216 0.0000
-250.6351 0.0000
-250.5610 0.0000
-252.2842 0.0000
-251.7925 0.0000
-250.7642 0.0000
-250.8827 0.0000
-250.5696 0.0000
-248.9632 0.0000
-249.3808 0.0000
-252.6854 0.0000
-249.9672 0.0000
-251.5787 0.0000
-250.8799 0.0000
-250.2673 0.0000
-251.1171 0.0000
-250.1188 0.0000
-250.8167 0.0000
-248.9519 0.0000
-249.4426 0.0000
-251.9448 0.0000
-250.7196 0.0000
-250.7101 0.0000
-251.4434 0.0000
-250.7140 0.0000
-250.0134 0.0000
-249.7109 0.0000
-250.1320 0.0000
-250.7721 0.0000
-248.3287 0.0000
-249.8946 0.0000
-252.3169 0.0000
-250.3461 0.0000
-250.4417 0.0000
-250.4228 0.0000
-251.4997 0.0000
-250.0588 0.0000
-251.1327 0.0000
-251.0610 0.0000
-250.4343 0.0000
-250.2865 0.0000
-251.3829 0.0000
-250.4666 0.0000
-251.6367 0.0000
-250.1073 0.0000
-249.2871 0.0000
-249.2295 0.0000
-250.9950 0.0000
-251.2463 0.0000
-250.4806 0.0000
-250.7273 0.0000
-251.6374 0.0000
-249.5647 0.0000
-251.0398 0.0000
-250.1591 0.0000
-251.9765 0.0000
-248.6392 0.0000
-250.8215 0.0000
-251.3297 0.0000
-249.7515 0.0000
-249.8869 0.0000
-251.9171 0.0000
-250.8426 0.0000
-252.2461 0.0000
-251.5104 0.0000
-250.1382 0.0000
-250.6804 0.0000
-250.8960 0.0000
-251.1780 0.0000
-250.2911 0.0000
-251.5366 0.0000
-250.7574 0.0000
-249.4762 0.0000
-250.9470 0.0000
-251.5330 0.0000
-251.0571 0.0000
-252.1580 0.0000
-251.6050 0.0000
-251.1684 0.0000
-252.5778 0.0000
-252.4497 0.0000
-251.1630 0.0000
-248.9587 0.0000
-250.6662 0.0000
-250.1775 0.0000
-252.1242 0.0000
-251.3421 0.0000
-250.3164 0.0000
-250.9086 0.0000
-251.3957 0.0000
-250.9380 0.0000
-249.7168 0.0000
-250.8897 0.0000
-252.1051 0.0000
-250.0562 0.0000
-250.0955 0.0000
-250.4080 0.0000
-251.0148 0.0000
-250.6388 0.0000
-249.0250 0.0000
-252.0602 0.0000
-251.0573 0.0000
-251.2948 0.0000
-250.7271 0.0000
-250.8364 0.0000
-252.4551 0.0000
-249.5106 0.0000
-250.1110 0.0000
-250.4866 0.0000
-249.1197 0.0000
-250.0586 0.0000
-251.1319 0.0000
-250.8870 0.0000
-250.4217 0.0000
-251.3591 0.0000
-252.0358 0.0000
-251.2925 0.0000
-249.6496 0.0000
-250.7794 0.0000
-250.5997 0.0000
-250.7629 0.0000
-252.1888 0.0000
-250.3075 0.0000
-251.3235 0.0000
-250.0531 0.0000
-250.9691 0.0000
-251.4899 0.0000
-250.4112 0.0000
-249.1427 0.0000
-249.8579 0.0000
-250.5656 0.0000
-249.3219 0.0000
-250.6663 0.0000
-250.5069 0.0000
-249.9777 0.0000
-249.3347 0.0000
-250.4900 0.0000
-251.9968 0.0000
-251.1189 0.0000
-250.5207 0.0000
-249.8458 0.0000
-249.7688 0.0000
-251.9330 0.0000
-248.9906 0.0000
-250.2015 0.0000
-249.4739 0.0000
-249.5011 0.0000
-250.3706 0.0000
-251.7922 0.0000
-250.7595 0.0000
-250.5305 0.0000
-250.0414 0.0000
-250.9002 0.0000
-250.0014 0.0000
-249.9049 0.0000
-249.9032 0.0000
-250.1880 0.0000
-250.0559 0.0000
-250.0884 0.0000
-249.3268 0.0000
-249.7412 0.0000
-250.7223 0.0000
-250.7160 0.0000
-251.6119 0.0000
-251.4944 0.0000
-249.8897 0.0000
-251.3000 0.0000
-249.5328 0.0000
-251.4783 0.0000
-249.9738 0.0000
-250.7685 0.0000
-250.9318 0.0000
-250.4273 0.0000
-249.8402 0.0000
-250.3073 0.0000
-252.4292 0.0000
-250.9920 0.0000
-249.6282 0.0000
-251.0518 0.0000
-250.6241 0.0000
-248.5162 0.0000
-249.5240 0.0000
-249.8267 0.0000
-251.0621 0.0000
-248.8960 0.0000
-250.3460 0.0000
-250.2435 0.0000
-251.1883 0.0000
-251.3110 0.0000
-249.7819 0.0000
-252.0231 0.0000
-251.8987 0.0000
-250.5164 0.0000
-250.1038 0.0000
-252.0080 0.0000
-251.3607 0.0000
-249.1922 0.0000
-252.9117 0.0000
-251.9507 0.0000
-251.6364 0.0000
-251.6709 0.0000
-250.2176 0.0000
-250.0443 0.0000
-251.1672 0.0000
-250.6829 0.0000
-251.9252 0.0000
-251.7680 0.0000
-250.2287 0.0000
-251.0437 0.0000
-250.3883 0.0000
-250.9036 0.0000
-250.9201 0.0000
-249.2264 0.0000
-250.9535 0.0000
-251.6500 0.0000
-250.9855 0.0000
-251.5044 0.0000
-250.7173 0.0000
-251.0098 0.0000
-251.8830 0.0000
-248.1371 0.0000
-251.5826 0.0000
-250.3822 0.0000
-248.7960 0.0000
-250.7603 0.0000
-249.2622 0.0000
-252.1135 0.0000
-250.4972 0.0000
-250.3207 0.0000
-252.0773 0.0000
-250.3052 0.0000
-250.6842 0.0000
-253.7013 0.0000
-250.3695 0.0000
-249.8800 0.0000
-249.8842 0.0000
-250.3327 0.0000
-250.8564 0.0000
-252.4605 0.0000
-253.2351 0.0000
-250.6450 0.0000
-251.8983 0.0000
-250.2783 0.0000
-250.1730 0.0000
-251.4947 0.0000
-250.5532 0.0000
-248.7744 0.0000
-251.9449 0.0000
-250.2860 0.0000
-250.8392 0.0000
-251.9533 0.0000
-251.3365 0.0000
-249.9880 0.0000
-250.0216 0.0000
-250.7524 0.0000
-250.5470 0.0000
-249.4067 0.0000
-250.3480 0.0000
-250.6521 0.0000
-250.9544 0.0000
-252.3527 0.0000
-251.8326 0.0000
-251.4590 0.0000
-251.8053 0.0000
-251.0146 0.0000
-248.6691 0.0000
-249.4881 0.0000
-251.7036 0.0000
-249.7607 0.0000
-250.7023 0.0000
-249.6923 0.0000
-250.9125 0.0000
-251.5704 0.0000
-250.3286 0.0000
-249.6901 0.0000
-250.9867 0.0000
-251.1027 0.0000
-250.4618 0.0000
-251.7276 0.0000
-251.0151 0.0000
-249.8330 0.0000
-250.0416 0.0000
-250.9468 0.0000
-251.6795 0.0000
-252.1209 0.0000
-250.3047 0.0000
-249.9556 0.0000
-249.7745 0.0000
-251.4638 0.0000
-251.3996 0.0000
-249.8274 0.0000
-250.7450 0.0000
-250.0504 0.0000
-248.2495 0.0000
-251.4173 0.0000
-249.9444 0.0000
-249.3015 0.0000
-250.9730 0.0000
-249.7742 0.0000
-250.2431 0.0000
-251.3967 0.0000
-250.0520 0.0000
-249.0596 0.0000
-249.4645 0.0000
-250.4840 0.0000
-250.9366 0.0000
-249.3645 0.0000
-248.9711 0.0000
-250.1167 0.0000
-249.9361 0.0000
-249.9513 0.0000
-249.4809 0.0000
-250.9156 0.0000
-250.2106 0.0000
-251.5488 0.0000
-248.2813 0.0000
-249.2865 0.0000
-250.9488 0.0000
-251.1401 0.0000
-249.6311 0.0000
-250.6006 0.0000
-250.7052 0.0000
-250.1116 0.0000
-251.1141 0.0000
-249.2910 0.0000
-249.8137 0.0000
-249.4490 0.0000
-249.3323 0.0000
-251.7138 0.0000
-248.9596 0.0000
-249.2836 0.0000
-249.8470 0.0000
-250.2793 0.0000
-249.9410 0.0000
-250.0418 0.0000
-250.7003 0.0000
-250.7408 0.0000
-249.9068 0.0000
-249.9339 0.0000
-252.4010 0.0000
-250.5676 0.0000
-251.3944 0.0000
-251.2184 0.0000
-251.6474 0.0000
-249.4255 0.0000
-250.9973 0.0000
-251.1869 0.0000
-251.2601 0.0000
-249.0755 0.0000
-250.2428 0.0000
-249.9492 0.0000
-253.3056 0.0000
-249.3153 0.0000
-251.0137 0.0000
-251.8269 0.0000
-251.6002 0.0000
-253.6085 0.0000
-249.8793 0.0000
-251.4781 0.0000
-253.5960 0.0000
-251.7807 0.0000
-251.4113 0.0000
-251.4648 0.0000
-250.1930 0.0000
-251.4774 0.0000
-250.2119 0.0000
-250.0768 0.0000
-251.5355 0.0000
-250.9664 0.0000
-249.8002 0.0000
-251.8893 0.0000
-251.1816 0.0000
-248.2932 0.0000
-248.0939 0.0000
-250.5112 0.0000
-251.2308 0.0000
-251.7993 0.0000
-250.6484 0.0000
-249.4983 0.0000
-251.5721 0.0000
-251.5916 0.0000
-250.4847 0.0000
-249.7656 0.0000
-251.0655 0.0000
-250.0375 0.0000
-248.3775 0.0000
-251.3171 0.0000
-251.8637 0.0000
-250.9781 0.0000
-250.5216 0.0000
-251.2692 0.0000
-250.5571 0.0000
-249.8430 0.0000
-248.3397 0.0000
-250.8401 0.0000
-250.6951 0.0000
-248.8719 0.0000
-250.7136 0.0000
-249.7963 0.0000
-250.4827 0.0000
-250.8801 0.0000
-248.7644 0.0000
-250.7673 0.0000
-252.6289 0.0000
-250.4656 0.0000
-251.4813 0.0000
-250.4603 0.0000
-252.2267 0.0000
-249.5062 0.0000
-250.6736 0.0000
-250.2823 0.0000
-249.9687 0.0000
-250.2153 0.0000
-251.3925 0.0000
-251.7521 0.0000
-250.2975 0.0000
-251.6533 0.0000
-250.8996 0.0000
-249.4134 0.0000
-251.8274 0.0000
-250.4722 0.0000
-249.3937 0.0000
-251.8542 0.0000
-251.8736 0.0000
-251.8405 0.0000
-250.3693 0.0000
-251.0309 0.0000
-250.9882 0.0000
-251.3398 0.0000
-250.3930 0.0000
-250.7118 0.0000
-248.6478 0.0000
-252.3029 0.0000
-251.0330 0.0000
-249.8369 0.0000
-250.5666 0.0000
-249.2801 0.0000
-251.6242 0.0000
-251.3458 0.0000
-252.7788 0.0000
-250.4413 0.0000
-249.7771 0.0000
-250.1600 0.0000
-251.1090 0.0000
-252.2861 0.0000
-250.0847 0.0000
-250.1533 0.0000
-248.3035 0.0000
-250.1780 0.0000
-250.4106 0.0000
-251.0809 0.0000
-250.1546 0.0000
-251.9729 0.0000
-249.2356 0.0000
-250.2396 0.0000
-250.0411 0.0000
-250.1615 0.0000
-251.3645 0.0000
-251.4106 0.0000
-249.3598 0.0000
-250.8516 0.0000
-248.8416 0.0000
-250.4013 0.0000
-250.7548 0.0000
-250.6846 0.0000
-250.0303 0.0000
-251.1417 0.0000
-250.3497 0.0000
-249.5798 0.0000
-248.9921 0.0000
-251.4422 0.0000
-248.7410 0.0000
-251.6612 0.0000
-251.8439 0.0000
-250.0316 0.0000
-249.8923 0.0000
-250.5869 0.0000
-250.7188 0.0000
-250.3333 0.0000
-250.7807 0.0000
-251.2952 0.0000
-250.3788 0.0000
-251.1322 0.0000
-248.9346 0.0000
-249.3215 0.0000
-250.7708 0.0000
-250.6249 0.0000
-251.0119 0.0000
-250.7929 0.0000
-251.3760 0.0000
-249.4371 0.0000
-250.0123 0.0000
-248.9372 0.0000
-251.5072 0.0000
-250.5795 0.0000
-250.2560 0.0000
-250.2353 0.0000
-251.6243 0.0000
-251.5362 0.0000
-250.9582 0.0000
-250.8067 0.0000
-252.1751 0.0000
-250.8039 0.0000
-250.4144 0.0000
-250.7295 0.0000
-250.2972 0.0000
-249.1682 0.0000
-250.8361 0.0000
-250.2751 0.0000
-252.0132 0.0000
-251.0051 0.0000
-251.6026 0.0000
-250.4647 0.0000
-251.1220 0.0000
-251.0893 0.0000
-250.8231 0.0000
-249.7520 0.0000
-250.6132 0.0000
-249.0681 0.0000
-251.1999 0.0000
-250.3568 0.0000
-250.4547 0.0000
-251.3086 0.0000
-252.2302 0.0000
-252.1986 0.0000
-250.3876 0.0000
-249.9375 0.0000
-250.2799 0.0000
-250.7435 0.0000
-250.5836 0.0000
-250.5163 0.0000
-249.6993 0.0000
-250.7785 0.0000
-251.4748 0.0000
-251.2089 0.0000
-251.6444 0.0000
-249.6864 0.0000
-250.8466 0.0000
-251.8886 0.0000
-251.3930 0.0000
-251.8865 0.0000
-251.0006 0.0000
-250.6188 0.0000
-251.7925 0.0000
-250.1659 0.0000
-250.7192 0.0000
-249.7762 0.0000
-252.8544 0.0000
-250.3472 0.0000
-252.1038 0.0000
-249.9440 0.0000
-249.7664 0.0000
-251.6763 0.0000
-249.3385 0.0000
-251.4051 0.0000
-251.0855 0.0000
-249.7074 0.0000
-250.0473 0.0000
-251.7264 0.0000
-251.5135 0.0000
-250.8585 0.0000
-252.1184 0.0000
-249.9063 0.0000
-250.1373 0.0000
-250.6506 0.0000
-249.6053 0.0000
-249.7339 0.0000
-250.4066 0.0000
-251.8153 0.0000
-248.5511 0.0000
-250.1656 0.0000
-250.7175 0.0000
-250.8150 0.0000
-251.0438 0.0000
-250.5324 0.0000
-250.3263 0.0000
-249.7792 0.0000
-249.8577 0.0000
-251.0816 0.0000
-251.4699 0.0000
-249.6372 0.0000
-249.6774 0.0000
-250.9421 0.0000
-251.5333 0.0000
-251.0953 0.0000
-250.7261 0.0000
-250.3564 0.0000
-250.4806 0.0000
-250.8123 0.0000
-249.2433 0.0000
-250.9620 0.0000
-250.7909 0.0000
-250.7811 0.0000
-251.4437 0.0000
-250.4185 0.0000
-249.4151 0.0000
-252.6991 0.0000
-250.2355 0.0000
-250.8584 0.0000
-248.8942 0.0000
-251.7199 0.0000
-251.1782 0.0000
-250.9472 0.0000
-250.0281 0.0000
-249.6496 0.0000
-250.4399 0.0000
-250.2358 0.0000
-252.3407 0.0000
-252.4162 0.0000
-250.4691 0.0000
-252.3256 0.0000
-251.9994 0.0000
-250.8464 0.0000
-251.1461 0.0000
-251.1332 0.0000
-249.2906 0.0000
-250.9982 0.0000
-248.8530 0.0000
-251.2614 0.0000
-251.3752 0.0000
-251.9491 0.0000
-251.6622 0.0000
-249.6899 0.0000
-252.1045 0.0000
-249.3399 0.0000
-250.5570 0.0000
-250.8532 0.0000
-249.3098 0.0000
-250.1246 0.0000
-251.8894 0.0000
-250.4203 0.0000
-251.8437 0.0000
-249.4544 0.0000
-251.4283 0.0000
-251.1368 0.0000
-250.9470 0.0000
-250.6391 0.0000
-249.0486 0.0000
-251.4661 0.0000
-250.7242 0.0000
-250.1303 0.0000
-250.3930 0.0000
-250.5838 0.0000
-250.2152 0.0000
-251.2520 0.0000
-250.3483 0.0000
-250.3580 0.0000
-252.2189 0.0000
-250.5226 0.0000
-251.8596 0.0000
-250.9601 0.0000
-251.9146 0.0000
-250.8400 0.0000
-250.3701 0.0000
-250.6776 0.0000
-249.5519 0.0000
-250.9517 0.0000
-249.9205 0.0000
-250.0003 0.0000
-250.8077 0.0000
-250.7648 0.0000
-250.2146 0.0000
-249.8017 0.0000
-250.7703 0.0000
-250.9124 0.0000
-249.9557 0.0000
-250.3493 0.0000
-249.3468 0.0000
-251.3925 0.0000
-249.8212 0.0000
-250.9871 0.0000
-249.6446 0.0000
-250.0109 0.0000
-251.0073 0.0000
-251.0826 0.0000
-251.4202 0.0000
-249.9487 0.0000
-250.3678 0.0000
-250.2713 0.0000
-252.0541 0.0000
-251.2673 0.0000
-249.2198 0.0000
-251.5563 0.0000
-250.9916 0.0000
-251.1082 0.0000
-251.5393 0.0000
-250.0214 0.0000
-250.9445 0.0000
-251.1998 0.0000
-252.0288 0.0000
-250.8557 0.0000
-250.5478 0.0000
-250.3086 0.0000
-250.0772 0.0000
-251.0360 0.0000
-252.4182 0.0000
-251.1419 0.0000
-249.2233 0.0000
-250.8991 0.0000
-249.2152 0.0000
-251.7434 0.0000
-251.2153 0.0000
-249.9773 0.0000
-252.8864 0.0000
-250.0577 0.0000
-252.5657 0.0000
-250.8861 0.0000
-250.3052 0.0000
-250.0423 0.0000
-250.8920 0.0000
-248.6665 0.0000
-251.1581 0.0000
-248.6237 0.0000
-250.7325 0.0000
-247.7284 0.0000
-251.2967 0.0000
-249.0748 0.0000
-251.2195 0.0000
-250.8581 0.0000
-248.9895 0.0000
-249.1035 0.0000
-249.6460 0.0000
-250.7099 0.0000
-250.8852 0.0000
-249.5821 0.0000
-249.3551 0.0000
-251.1234 0.0000
-249.5703 0.0000
-249.4009 0.0000
-252.0929 0.0000
-251.8583 0.0000
-250.5725 0.0000
-250.3495 0.0000
-251.6297 0.0000
-250.3910 0.0000
-250.3203 0.0000
-250.4541 0.0000
-250.0425 0.0000
-250.4272 0.0000
-251.9185 0.0000
-251.1061 0.0000
-250.6504 0.0000
-249.7793 0.0000
-251.4901 0.0000
-250.7015 0.0000
-249.5445 0.0000
-250.4982 0.0000
-250.0628 0.0000
-250.7696 0.0000
-248.7708 0.0000
-250.2932 0.0000
-250.4202 0.0000
-250.1819 0.0000
-249.2967 0.0000
-249.8852 0.0000
-250.4617 0.0000
-250.7907 0.0000
-250.3717 0.0000
-251.3218 0.0000
-250.4760 0.0000
-249.9361 0.0000
-250.1443 0.0000
-249.2202 0.0000
-250.7147 0.0000
-250.7152 0.0000
-251.1271 0.0000
-250.1410 0.0000
-251.2189 0.0000
-250.3465 0.0000
-251.4959 0.0000
-250.4755 0.0000
-251.4967 0.0000
-249.9984 0.0000
-251.3430 0.0000
-250.2643 0.0000
-250.9780 0.0000
-249.7378 0.0000
-253.0587 0.0000
-249.7382 0.0000
-250.5105 0.0000
-250.0329 0.0000
-249.9209 0.0000
-251.3368 0.0000
-252.9917 0.0000
-248.8979 0.0000
-250.5895 0.0000
-250.2944 0.0000
-251.6425 0.0000
-251.3969 0.0000
-252.0595 0.0000
-248.7907 0.0000
-250.6899 0.0000
-249.2048 0.0000
-250.1567 0.0000
-250.1534 0.0000
-251.3126 0.0000
-250.7216 0.0000
-252.9500 0.0000
-250.3345 0.0000
-250.4985 0.0000
-250.3716 0.0000
-252.5341 0.0000
-250.7429 0.0000
-249.7604 0.0000
-250.1790 0.0000
-251.5050 0.0000
-250.5309 0.0000
-252.4959 0.0000
-250.1080 0.0000
-250.8726 0.0000
-253.4728 0.0000
-250.6120 0.0000
-250.2185 0.0000
-250.0604 0.0000
-251.7176 0.0000
-250.9741 0.0000
-249.9804 0.0000
-251.5333 0.0000
-250.6135 0.0000
-252.1699 0.0000
-249.4871 0.0000
-249.7522 0.0000
-251.0572 0.0000
-250.0878 0.0000
-251.4627 0.0000
-249.9377 0.0000
-250.4685 0.0000
-250.8350 0.0000
-250.4809 0.0000
-250.6924 0.0000
-251.1325 0.0000
-250.7356 0.0000
-249.3964 0.0000
-250.5291 0.0000
-251.0795 0.0000
-249.4379 0.0000
-248.8300 0.0000
-250.1375 0.0000
-249.0478 0.0000
-249.1792 0.0000
-252.2012 0.0000
-251.4862 0.0000
-249.2224 0.0000
-249.9159 0.0000
-249.5726 0.0000
-251.2067 0.0000
-249.7588 0.0000
-250.4495 0.0000
-249.4988 0.0000
-250.2965 0.0000
-251.6356 0.0000
-250.0948 0.0000
-250.4179 0.0000
-248.9372 0.0000
-249.9317 0.0000
-250.4046 0.0000
-250.5825 0.0000
-250.5492 0.0000
-250.6763 0.0000
-250.4602 0.0000
-250.6855 0.0000
-251.7011 0.0000
-251.0391 0.0000
-250.9596 0.0000
-251.6712 0.0000
-251.9948 0.0000
-250.8394 0.0000
-251.3835 0.0000
-251.0547 0.0000
-252.0969 0.0000
-251.6940 0.0000
-253.1383 0.0000
-249.3943 0.0000
-252.7335 0.0000
-249.8239 0.0000
-250.5556 0.0000
-251.3754 0.0000
-252.5434 0.0000
-250.2127 0.0000
-251.0598 0.0000
-249.4273 0.0000
-250.7044 0.0000
-250.3932 0.0000
-251.0971 0.0000
-250.6839 0.0000
-250.7294 0.0000
-250.3067 0.0000
-250.6808 0.0000
-252.0561 0.0000
-249.1117 0.0000
-250.9315 0.0000
-251.2704 0.0000
-250.6615 0.0000
-249.6557 0.0000
-251.2399 0.0000
-249.0111 0.0000
-251.5803 0.0000
-251.4366 0.0000
-249.9084 0.0000
-251.7999 0.0000
-251.0061 0.0000
-252.2012 0.0000
-251.5442 0.0000
-251.6068 0.0000
-251.5407 0.0000
-250.9460 0.0000
-249.9143 0.0000
-251.0434 0.0000
-249.8782 0.0000
-251.8493 0.0000
-250.7096 0.0000
-251.5557 0.0000
-248.9429 0.0000
-249.8791 0.0000
-249.5961 0.0000
-251.0543 0.0000
-249.9628 0.0000
-250.3431 0.0000
-250.2991 0.0000
-250.1083 0.0000
-251.6191 0.0000
-251.8193 0.0000
-251.9950 0.0000
-251.6763 0.0000
-250.8352 0.0000
-250.6367 0.0000
-251.1616 0.0000
-250.9124 0.0000
-250.0375 0.0000
-250.0561 0.0000
-252.0153 0.0000
-250.2559 0.0000
-250.6265 0.0000
-250.6923 0.0000
-251.7507 0.0000
-251.0410 0.0000
-250.2198 0.0000
-250.3026 0.0000
-250.6536 0.0000
-250.1778 0.0000
-250.2120 0.0000
-249.3395 0.0000
-252.0001 0.0000
-250.7754 0.0000
-250.1236 0.0000
-250.6417 0.0000
-252.1386 0.0000
-250.0016 0.0000
-252.1648 0.0000
-249.9178 0.0000
-248.9313 0.0000
-249.6277 0.0000
-252.4748 0.0000
-250.8968 0.0000
-249.6531 0.0000
-248.8966 0.0000
-250.7623 0.0000
-252.8135 0.0000
-251.8851 0.0000
-250.5789 0.0000
-254.3540 0.0000
-249.1368 0.0000
-248.8187 0.0000
-251.2362 0.0000
-250.9820 0.0000
-250.3043 0.0000
-252.2531 0.0000
-250.3781 0.0000
-250.4736 0.0000
-250.9616 0.0000
-251.0661 0.0000
-250.3664 0.0000
-251.5488 0.0000
-250.2366 0.0000
-251.2345 0.0000
-252.5740 0.0000
-250.1907 0.0000
-252.0985 0.0000
-249.7097 0.0000
-251.7314 0.0000
-251.0542 0.0000
-254.3203 0.0000
-251.3310 0.0000
-249.9823 0.0000
-250.2338 0.0000
-250.4560 0.0000
-249.1457 0.0000
-249.5205 0.0000
-249.8910 0.0000
-250.5154 0.0000
-251.2201 0.0000
-250.4941 0.0000
-250.3448 0.0000
-253.6052 0.0000
-251.6044 0.0000
-253.0311 0.0000
-249.5959 0.0000
-249.5470 0.0000
-249.2202 0.0000
-251.6574 0.0000
-250.1962 0.0000
-251.5964 0.0000
-251.4050 0.0000
-249.8089 0.0000
-251.0183 0.0000
-250.8784 0.0000
-250.2951 0.0000
-249.0271 0.0000
-251.6066 0.0000
-253.0780 0.0000
-251.2306 0.0000
-250.3572 0.0000
-250.5511 0.0000
-250.8563 0.0000
-252.6470 0.0000
-251.4311 0.0000
-251.0907 0.0000
-250.9766 0.0000
-251.2844 0.0000
-252.4421 0.0000
-251.1751 0.0000
-249.8871 0.0000
-250.8068 0.0000
-248.9533 0.0000
-249.2141 0.0000
-251.2570 0.0000
-251.0816 0.0000
-250.1494 0.0000
-250.0165 0.0000
-251.1075 0.0000
-250.6524 0.0000
-250.3261 0.0000
-251.5442 0.0000
-249.9509 0.0000
-251.1489 0.0000
-251.4307 0.0000
-249.7551 0.0000
-250.8498 0.0000
-250.9043 0.0000
-249.8717 0.0000
-252.1284 0.0000
-250.5435 0.0000
-249.7453 0.0000
-250.5531 0.0000
-252.1216 0.0000
-250.8800 0.0000
-251.6237 0.0000
-251.4195 0.0000
-251.0702 0.0000
-249.9925 0.0000
-250.0674 0.0000
-248.9474 0.0000
-250.9606 0.0000
-248.5534 0.0000
-251.1484 0.0000
-249.7159 0.0000
-250.9083 0.0000
-249.4335 0.0000
-250.6012 0.0000
-250.0403 0.0000
-251.1785 0.0000
-252.4471 0.0000
-250.0282 0.0000
-250.7997 0.0000
-249.3637 0.0000
-250.2718 0.0000
-251.4288 0.0000
-250.0279 0.0000
-251.6397 0.0000
-251.8794 0.0000
-250.3386 0.0000
-250.5612 0.0000
-251.0392 0.0000
-250.5150 0.0000
-252.4290 0.0000
-250.5730 0.0000
-249.5338 0.0000
-251.3561 0.0000
-250.3095 0.0000
-251.3997 0.0000
-249.5536 0.0000
-252.8890 0.0000
-251.1196 0.0000
-249.1325 0.0000
-252.7741 0.0000
-250.8247 0.0000
-251.9303 0.0000
-249.6079 0.0000
-249.0416 0.0000
-250.5822 0.0000
-251.3933 0.0000
-250.5300 0.0000
-248.6934 0.0000
-251.0712 0.0000
-249.5325 0.0000
-251.1550 0.0000
-251.1071 0.0000
-250.2015 0.0000
-250.9681 0.0000
-249.7830 0.0000
-252.4141 0.0000
-250.4048 0.0000
-249.6475 0.0000
-250.0840 0.0000
-251.2554 0.0000
-248.9417 0.0000
-249.1534 0.0000
-250.2849 0.0000
-251.6163 0.0000
-251.0859 0.0000
-250.2151 0.0000
-249.7774 0.0000
-250.9216 0.0000
-249.2620 0.0000
-251.9884 0.0000
-251.2427 0.0000
-250.8984 0.0000
-251.6246 0.0000
-249.6462 0.0000
-249.9801 0.0000
-248.7100 0.0000
-251.3769 0.0000
-251.2215 0.0000
-250.5343 0.0000
-250.3486 0.0000
-249.9918 0.0000
-249.3955 0.0000
-251.8656 0.0000
-249.3061 0.0000
-250.3981 0.0000
-249.8817 0.0000
-251.8123 0.0000
-249.9972 0.0000
-251.0714 0.0000
-250.2138 0.0000
-252.1318 0.0000
-249.9245 0.0000
-250.9636 0.0000
-251.5202 0.0000
-251.4876 0.0000
-249.2399 0.0000
-250.9539 0.0000
-250.7753 0.0000
-250.3018 0.0000
