-100.0000 -100.0000
-333.5237 0.0000
-333.3839 0.0000
-333.9820 0.0000
-333.7658 0.0000
-333.9781 0.0000
-333.3505 0.0000
-334.0546 0.0000
-334.1392 0.0000
-334.7037 0.0000
-334.3544 0.0000
-334.4562 0.0000
-335.2461 0.0000
-334.9833 0.0000
-335.1976 0.0000
-335.8376 0.0000
-335.9512 0.0000
-335.9479 0.0000
-335.1770 0.0000
-334.8811 0.0000
-334.7931 0.0000
-335.1986 0.0000
-335.4639 0.0000
-335.0328 0.0000
-336.1657 0.0000
-335.0026 0.0000
-334.7852 0.0000
-335.3916 0.0000
-337.0647 0.0000
-335.8174 0.0000
-335.2454 0.0000
-335.6583 0.0000
-335.2267 0.0000
-335.4217 0.0000
-335.6487 0.0000
-335.5195 0.0000
-335.3962 0.0000
-335.0873 0.0000
-336.4967 0.0000
-336.4335 0.0000
-336.7647 0.0000
-337.2027 0.0000
-336.8179 0.0000
-336.2798 0.0000
-337.0229 0.0000
-336.1998 0.0000
-337.3966 0.0000
-336.6972 0.0000
-336.1432 0.0000
-335.9268 0.0000
-335.5786 0.0000
-335.5483 0.0000
-335.5993 0.0000
-336.1721 0.0000
-335.9892 0.0000
-334.9612 0.0000
-334.5331 0.0000
-334.3003 0.0000
-334.0216 0.0000
-334.2210 0.0000
-333.8670 0.0000
-333.8981 0.0000
-334.2800 0.0000
-333.8933 0.0000
-334.1777 0.0000
-334.8700 0.0000
-335.8010 0.0000
-336.4585 0.0000
-336.8227 0.0000
-336.7492 0.0000
-337.1407 0.0000
-336.6618 0.0000
-336.4252 0.0000
-335.9714 0.0000
-335.6605 0.0000
-336.1065 0.0000
-336.2206 0.0000
-335.8488 0.0000
-337.1427 0.0000
-337.7327 0.0000
-337.4963 0.0000
-338.1231 0.0000
-339.6427 0.0000
-338.8124 0.0000
-338.6599 0.0000
-339.4118 0.0000
-339.6752 0.0000
-339.6489 0.0000
-339.9272 0.0000
-339.9344 0.0000
-340.5021 0.0000
-341.1962 0.0000
-341.0916 0.0000
-340.7112 0.0000
-340.7853 0.0000
-340.5870 0.0000
-340.2111 0.0000
-340.1577 0.0000
-339.2859 0.0000
-338.6893 0.0000
-338.6899 0.0000
-339.1610 0.0000
-339.7914 0.0000
-340.3711 0.0000
-340.3731 0.0000
-340.6319 0.0000
-340.7827 0.0000
-340.5260 0.0000
-341.1053 0.0000
-340.3190 0.0000
-340.9282 0.0000
-340.8856 0.0000
-340.8839 0.0000
-339.3730 0.0000
-339.5065 0.0000
-340.3431 0.0000
-340.5221 0.0000
-341.3818 0.0000
-340.0201 0.0000
-339.8190 0.0000
-339.8447 0.0000
-339.4429 0.0000
-339.4708 0.0000
-339.0045 0.0000
-339.3076 0.0000
-339.1548 0.0000
-339.3752 0.0000
-340.2011 0.0000
-339.7636 0.0000
-339.4132 0.0000
-340.5802 0.0000
-341.2558 0.0000
-340.8450 0.0000
-340.5546 0.0000
-340.7654 0.0000
-341.0058 0.0000
-341.0950 0.0000
-340.7867 0.0000
-340.1709 0.0000
-339.4582 0.0000
-339.1241 0.0000
-339.8206 0.0000
-338.6059 0.0000
-339.0002 0.0000
-339.5769 0.0000
-339.7977 0.0000
-339.8702 0.0000
-340.6606 0.0000
-340.4955 0.0000
-341.0836 0.0000
-340.6876 0.0000
-341.1607 0.0000
-342.2839 0.0000
-341.5699 0.0000
-341.5991 0.0000
-341.3711 0.0000
-341.9480 0.0000
-341.9001 0.0000
-341.4856 0.0000
-341.0417 0.0000
-341.7645 0.0000
-341.9587 0.0000
-340.3918 0.0000
-341.6188 0.0000
-342.4048 0.0000
-341.6553 0.0000
-341.7828 0.0000
-340.8933 0.0000
-341.1400 0.0000
-342.0757 0.0000
-342.2243 0.0000
-342.0260 0.0000
-341.6294 0.0000
-342.2135 0.0000
-341.9302 0.0000
-342.5009 0.0000
-342.9925 0.0000
-342.1330 0.0000
-342.0484 0.0000
-342.2829 0.0000
-342.2617 0.0000
-342.4914 0.0000
-342.7192 0.0000
-342.6735 0.0000
-341.6045 0.0000
-341.6214 0.0000
-340.9575 0.0000
-342.0154 0.0000
-341.7634 0.0000
-341.9743 0.0000
-342.4513 0.0000
-341.5207 0.0000
-340.6617 0.0000
-340.8766 0.0000
-340.0564 0.0000
-341.1623 0.0000
-341.0930 0.0000
-341.7984 0.0000
-340.4110 0.0000
-340.4872 0.0000
-340.3729 0.0000
-340.6512 0.0000
-340.3095 0.0000
-341.9000 0.0000
-339.8069 0.0000
-339.8806 0.0000
-340.1842 0.0000
-340.6263 0.0000
-341.0456 0.0000
-340.8289 0.0000
-341.4745 0.0000
-340.8346 0.0000
-341.1652 0.0000
-340.9366 0.0000
-341.8971 0.0000
-340.6764 0.0000
-340.9305 0.0000
-340.1013 0.0000
-340.0066 0.0000
-341.5282 0.0000
-342.1814 0.0000
-343.3481 0.0000
-344.0648 0.0000
-344.2935 0.0000
-344.2261 0.0000
-344.5153 0.0000
-344.6556 0.0000
-345.4366 0.0000
-345.8442 0.0000
-346.4270 0.0000
-347.0521 0.0000
-346.2274 0.0000
-345.9699 0.0000
-345.3621 0.0000
-346.0263 0.0000
-346.9006 0.0000
-347.0919 0.0000
-345.4578 0.0000
-346.0575 0.0000
-345.6838 0.0000
-344.8147 0.0000
-344.5141 0.0000
-343.0187 0.0000
-342.3442 0.0000
-341.9881 0.0000
-342.4251 0.0000
-340.7941 0.0000
-341.1230 0.0000
-341.8119 0.0000
-341.7295 0.0000
-342.8573 0.0000
-342.7169 0.0000
-342.0789 0.0000
-342.6537 0.0000
-343.4387 0.0000
-341.4356 0.0000
-342.0596 0.0000
-341.2589 0.0000
-341.4118 0.0000
-341.0393 0.0000
-340.5826 0.0000
-340.2189 0.0000
-339.2517 0.0000
-339.7467 0.0000
-339.1894 0.0000
-338.9415 0.0000
-338.0171 0.0000
-336.4540 0.0000
-337.3991 0.0000
-337.8631 0.0000
-337.5823 0.0000
-337.1981 0.0000
-338.2453 0.0000
-337.2870 0.0000
-337.9190 0.0000
-337.9287 0.0000
-337.9756 0.0000
-337.4737 0.0000
-336.5671 0.0000
-336.0017 0.0000
-336.3029 0.0000
-335.3720 0.0000
-335.6913 0.0000
-336.0239 0.0000
-336.1700 0.0000
-336.7470 0.0000
-337.1639 0.0000
-336.5532 0.0000
-336.9703 0.0000
-337.5113 0.0000
-337.3426 0.0000
-336.8423 0.0000
-337.2240 0.0000
-336.9144 0.0000
-336.4796 0.0000
-336.6516 0.0000
-337.2235 0.0000
-337.5061 0.0000
-336.9174 0.0000
-337.6565 0.0000
-336.8335 0.0000
-336.5560 0.0000
-335.9567 0.0000
-335.2694 0.0000
-335.9766 0.0000
-335.7879 0.0000
-335.5685 0.0000
-335.4913 0.0000
-335.6264 0.0000
-336.2369 0.0000
-335.7916 0.0000
-335.6878 0.0000
-335.6877 0.0000
-335.9073 0.0000
-335.6638 0.0000
-334.3380 0.0000
-334.1046 0.0000
-334.9419 0.0000
-335.0748 0.0000
-334.4183 0.0000
-333.6527 0.0000
-333.1224 0.0000
-333.0635 0.0000
-333.4962 0.0000
-333.7990 0.0000
-332.9399 0.0000
-331.7037 0.0000
-331.4360 0.0000
-331.7016 0.0000
-330.9882 0.0000
-331.4267 0.0000
-330.4606 0.0000
-330.5185 0.0000
-331.4832 0.0000
-331.0271 0.0000
-331.4984 0.0000
-331.2023 0.0000
-331.3616 0.0000
-331.7320 0.0000
-332.9561 0.0000
-332.8993 0.0000
-332.8095 0.0000
-333.1280 0.0000
-333.3501 0.0000
-333.0658 0.0000
-333.3774 0.0000
-333.6858 0.0000
-333.2212 0.0000
-333.5752 0.0000
-333.6407 0.0000
-334.4011 0.0000
-334.0280 0.0000
-333.8589 0.0000
-333.6672 0.0000
-333.5060 0.0000
-332.8957 0.0000
-333.4683 0.0000
-333.2089 0.0000
-333.2918 0.0000
-333.1055 0.0000
-332.0409 0.0000
-331.9066 0.0000
-332.5284 0.0000
-332.1760 0.0000
-333.1048 0.0000
-332.9809 0.0000
-333.4635 0.0000
-333.5996 0.0000
-332.8956 0.0000
-333.4186 0.0000
-333.8042 0.0000
-333.5107 0.0000
-332.6666 0.0000
-333.5495 0.0000
-334.4236 0.0000
-333.5849 0.0000
-332.6389 0.0000
-332.5570 0.0000
-331.6967 0.0000
-332.5129 0.0000
-331.2297 0.0000
-330.5645 0.0000
-329.2540 0.0000
-329.5289 0.0000
-329.5445 0.0000
-329.4871 0.0000
-328.5738 0.0000
-330.5449 0.0000
-329.5793 0.0000
-330.1693 0.0000
-330.1509 0.0000
-329.5073 0.0000
-328.6773 0.0000
-328.8307 0.0000
-329.4778 0.0000
-329.5302 0.0000
-329.6831 0.0000
-329.9160 0.0000
-329.1994 0.0000
-329.5070 0.0000
-330.0899 0.0000
-327.7936 0.0000
-327.8706 0.0000
-328.7324 0.0000
-327.8316 0.0000
-329.1247 0.0000
-328.9624 0.0000
-329.2816 0.0000
-329.9022 0.0000
-329.1917 0.0000
-328.7246 0.0000
-329.0145 0.0000
-329.9583 0.0000
-329.8458 0.0000
-331.3546 0.0000
-331.4415 0.0000
-332.2522 0.0000
-333.5468 0.0000
-333.5259 0.0000
-332.8425 0.0000
-332.9483 0.0000
-330.9728 0.0000
-331.5276 0.0000
-331.1296 0.0000
-331.4653 0.0000
-332.0978 0.0000
-332.7246 0.0000
-331.6238 0.0000
-331.4258 0.0000
-330.6310 0.0000
-330.0129 0.0000
-329.4454 0.0000
-329.3813 0.0000
-329.4352 0.0000
-330.4129 0.0000
-329.8021 0.0000
-327.9126 0.0000
-327.7229 0.0000
-328.5608 0.0000
-330.0671 0.0000
-329.5905 0.0000
-330.1275 0.0000
-329.5276 0.0000
-328.8592 0.0000
-328.3979 0.0000
-328.1606 0.0000
-329.0480 0.0000
-329.3431 0.0000
-329.9357 0.0000
-329.1499 0.0000
-330.0331 0.0000
-329.8145 0.0000
-328.8431 0.0000
-328.7820 0.0000
-329.2918 0.0000
-329.4445 0.0000
-328.2581 0.0000
-328.4243 0.0000
-327.9877 0.0000
-328.5076 0.0000
-329.4472 0.0000
-330.2420 0.0000
-332.1391 0.0000
-332.0017 0.0000
-332.2699 0.0000
-332.5118 0.0000
-332.6999 0.0000
-333.2160 0.0000
-333.0199 0.0000
-332.1653 0.0000
-331.0699 0.0000
-332.1844 0.0000
-332.7523 0.0000
-333.7858 0.0000
-333.0420 0.0000
-332.4426 0.0000
-332.5656 0.0000
-332.7701 0.0000
-332.0263 0.0000
-331.1408 0.0000
-330.4498 0.0000
-329.9713 0.0000
-330.2334 0.0000
-329.6533 0.0000
-329.6054 0.0000
-329.5868 0.0000
-328.6165 0.0000
-328.9569 0.0000
-328.6024 0.0000
-328.5572 0.0000
-328.4402 0.0000
-328.4699 0.0000
-328.6789 0.0000
-328.6275 0.0000
-328.7464 0.0000
-327.4491 0.0000
-327.1513 0.0000
-327.3137 0.0000
-327.2919 0.0000
-328.5955 0.0000
-328.3451 0.0000
-329.2996 0.0000
-329.2801 0.0000
-329.2281 0.0000
-328.8674 0.0000
-329.2581 0.0000
-329.3554 0.0000
-330.6364 0.0000
-331.1735 0.0000
-330.4403 0.0000
-331.0309 0.0000
-331.3148 0.0000
-331.1523 0.0000
-332.2406 0.0000
-332.6084 0.0000
-331.3860 0.0000
-330.7653 0.0000
-331.0111 0.0000
-331.0229 0.0000
-329.7072 0.0000
-330.3914 0.0000
-330.6130 0.0000
-330.7080 0.0000
-330.7793 0.0000
-330.7853 0.0000
-331.1795 0.0000
-330.4028 0.0000
-330.5794 0.0000
-330.7131 0.0000
-330.4988 0.0000
-330.6343 0.0000
-330.5568 0.0000
-330.6268 0.0000
-330.1389 0.0000
-330.6953 0.0000
-330.7268 0.0000
-330.7529 0.0000
-331.5687 0.0000
-330.7033 0.0000
-330.3751 0.0000
-330.6711 0.0000
-331.2294 0.0000
-331.2808 0.0000
-332.6970 0.0000
-334.1193 0.0000
-333.4637 0.0000
-333.1335 0.0000
-334.2430 0.0000
-332.4960 0.0000
-332.1977 0.0000
-333.2926 0.0000
-332.4325 0.0000
-332.5930 0.0000
-331.9663 0.0000
-332.1079 0.0000
-332.2713 0.0000
-331.6507 0.0000
-332.2231 0.0000
-332.7899 0.0000
-331.0103 0.0000
-330.9432 0.0000
-331.2873 0.0000
-331.4671 0.0000
-331.4245 0.0000
-331.3730 0.0000
-330.9255 0.0000
-330.4295 0.0000
-329.7666 0.0000
-331.4824 0.0000
-331.6634 0.0000
-332.3495 0.0000
-331.3112 0.0000
-332.1224 0.0000
-332.5408 0.0000
-333.3518 0.0000
-332.1909 0.0000
-330.3652 0.0000
-330.5362 0.0000
-331.8591 0.0000
-329.6721 0.0000
-328.8315 0.0000
-328.7941 0.0000
-328.6858 0.0000
-328.1572 0.0000
-327.5101 0.0000
-326.5255 0.0000
-327.2144 0.0000
-326.3079 0.0000
-326.9422 0.0000
-327.2816 0.0000
-328.6382 0.0000
-327.3510 0.0000
-326.8437 0.0000
-326.9502 0.0000
-325.7851 0.0000
-325.0161 0.0000
-324.4978 0.0000
-325.4892 0.0000
-325.6310 0.0000
-324.8126 0.0000
-324.5935 0.0000
-324.9583 0.0000
-325.6576 0.0000
-324.0505 0.0000
-323.3659 0.0000
-322.3565 0.0000
-321.7381 0.0000
-320.8689 0.0000
-320.6908 0.0000
-321.4926 0.0000
-322.0683 0.0000
-321.6093 0.0000
-321.5916 0.0000
-321.3949 0.0000
-321.5941 0.0000
-320.5167 0.0000
-321.1148 0.0000
-320.7166 0.0000
-321.2225 0.0000
-320.2756 0.0000
-319.6163 0.0000
-319.7025 0.0000
-318.7476 0.0000
-319.6398 0.0000
-319.9738 0.0000
-319.2265 0.0000
-318.6384 0.0000
-318.6595 0.0000
-319.7632 0.0000
-320.1593 0.0000
-318.7943 0.0000
-320.2418 0.0000
-319.3655 0.0000
-318.5691 0.0000
-318.3820 0.0000
-319.3555 0.0000
-319.7540 0.0000
-318.7683 0.0000
-318.5649 0.0000
-318.8669 0.0000
-317.6809 0.0000
-318.6343 0.0000
-318.6095 0.0000
-318.4079 0.0000
-318.2756 0.0000
-318.7762 0.0000
-319.2452 0.0000
-318.5098 0.0000
-318.9903 0.0000
-315.4388 0.0000
-316.0932 0.0000
-315.8169 0.0000
-315.1953 0.0000
-315.3307 0.0000
-315.9419 0.0000
-315.7545 0.0000
-315.3414 0.0000
-315.1465 0.0000
-315.8715 0.0000
-315.3259 0.0000
-314.9888 0.0000
-314.9416 0.0000
-314.7621 0.0000
-314.9547 0.0000
-315.2135 0.0000
-315.7946 0.0000
-315.5343 0.0000
-315.0930 0.0000
-316.8504 0.0000
-316.5176 0.0000
-316.5199 0.0000
-317.4234 0.0000
-317.1071 0.0000
-316.8515 0.0000
-316.7593 0.0000
-315.3858 0.0000
-316.9008 0.0000
-316.9760 0.0000
-316.0668 0.0000
-317.6953 0.0000
-318.2577 0.0000
-319.8057 0.0000
-320.1024 0.0000
-320.7512 0.0000
-319.7876 0.0000
-318.4330 0.0000
-317.0117 0.0000
-315.9438 0.0000
-315.7817 0.0000
-314.7696 0.0000
-315.3126 0.0000
-315.2755 0.0000
-314.9195 0.0000
-315.6496 0.0000
-316.1749 0.0000
-314.0580 0.0000
-314.2583 0.0000
-314.3463 0.0000
-315.9180 0.0000
-316.5386 0.0000
-316.2994 0.0000
-317.8825 0.0000
-317.6881 0.0000
-318.4304 0.0000
-317.2857 0.0000
-317.4595 0.0000
-317.7818 0.0000
-317.3869 0.0000
-317.7350 0.0000
-318.8228 0.0000
-318.4523 0.0000
-318.1398 0.0000
-318.1296 0.0000
-318.2039 0.0000
-317.5049 0.0000
-317.7514 0.0000
-319.1146 0.0000
-318.5157 0.0000
-316.9531 0.0000
-318.9816 0.0000
-318.8317 0.0000
-319.4512 0.0000
-319.9704 0.0000
-320.3398 0.0000
-319.6117 0.0000
-320.1771 0.0000
-319.1525 0.0000
-321.7855 0.0000
-321.7654 0.0000
-319.8627 0.0000
-319.2897 0.0000
-319.2134 0.0000
-320.2690 0.0000
-320.0819 0.0000
-320.3971 0.0000
-319.4218 0.0000
-320.4395 0.0000
-320.5240 0.0000
-318.4137 0.0000
-319.9255 0.0000
-320.8043 0.0000
-320.0816 0.0000
-319.7668 0.0000
-320.7557 0.0000
-321.8606 0.0000
-322.2123 0.0000
-321.4021 0.0000
-322.1692 0.0000
-322.1349 0.0000
-321.8011 0.0000
-321.6047 0.0000
-321.6000 0.0000
-321.5025 0.0000
-320.8480 0.0000
-320.5542 0.0000
-318.8244 0.0000
-318.8240 0.0000
-318.1582 0.0000
-318.8494 0.0000
-319.1708 0.0000
-319.7868 0.0000
-318.7034 0.0000
-320.0021 0.0000
-319.5693 0.0000
-320.9388 0.0000
-321.6818 0.0000
-320.9384 0.0000
-319.5559 0.0000
-319.8232 0.0000
-320.2805 0.0000
-319.3869 0.0000
-320.3711 0.0000
-320.2697 0.0000
-322.0330 0.0000
-320.4243 0.0000
-321.3653 0.0000
-321.9314 0.0000
-320.3927 0.0000
-320.9741 0.0000
-320.1070 0.0000
-319.5473 0.0000
-320.7106 0.0000
-321.4338 0.0000
-322.0953 0.0000
-322.9537 0.0000
-322.8040 0.0000
-323.3488 0.0000
-322.3727 0.0000
-322.2850 0.0000
-322.1718 0.0000
-321.4299 0.0000
-321.5545 0.0000
-321.6424 0.0000
-320.5677 0.0000
-321.0694 0.0000
-321.0374 0.0000
-320.6057 0.0000
-322.2193 0.0000
-321.0874 0.0000
-320.2592 0.0000
-320.8067 0.0000
-319.9695 0.0000
-319.9493 0.0000
-319.7806 0.0000
-318.9359 0.0000
-319.2626 0.0000
-319.7814 0.0000
-319.3066 0.0000
-319.2225 0.0000
-319.3582 0.0000
-320.4043 0.0000
-319.1522 0.0000
-319.8214 0.0000
-319.9026 0.0000
-320.8300 0.0000
-320.8528 0.0000
-320.0053 0.0000
-320.1453 0.0000
-319.5525 0.0000
-320.0550 0.0000
-319.4384 0.0000
-319.4769 0.0000
-320.0944 0.0000
-320.7358 0.0000
-318.4118 0.0000
-317.5617 0.0000
-318.5131 0.0000
-319.1103 0.0000
-319.5515 0.0000
-318.9884 0.0000
-319.3583 0.0000
-318.6943 0.0000
-318.7185 0.0000
-318.1136 0.0000
-317.8943 0.0000
-318.7461 0.0000
-318.9780 0.0000
-318.5598 0.0000
-318.2872 0.0000
-318.0355 0.0000
-317.9771 0.0000
-317.8558 0.0000
-316.3754 0.0000
-317.5498 0.0000
-317.2615 0.0000
-318.4345 0.0000
-317.1349 0.0000
-317.8793 0.0000
-317.6885 0.0000
-317.4567 0.0000
-318.3138 0.0000
-318.3731 0.0000
-318.2342 0.0000
-319.8504 0.0000
-318.8962 0.0000
-318.9959 0.0000
-319.4099 0.0000
-319.5019 0.0000
-319.7076 0.0000
-320.5090 0.0000
-321.4232 0.0000
-321.6894 0.0000
-321.9424 0.0000
-321.3882 0.0000
-321.4525 0.0000
-322.7566 0.0000
-322.5537 0.0000
-320.8896 0.0000
-319.5135 0.0000
-319.9487 0.0000
-321.3787 0.0000
-320.5262 0.0000
-319.9601 0.0000
-320.6241 0.0000
-319.8478 0.0000
-320.3573 0.0000
-321.2718 0.0000
-320.0062 0.0000
-320.6737 0.0000
-319.0538 0.0000
-319.4481 0.0000
-319.3079 0.0000
-318.2607 0.0000
-318.0685 0.0000
-318.4979 0.0000
-319.4698 0.0000
-319.6331 0.0000
-319.6402 0.0000
-318.7711 0.0000
-317.2111 0.0000
-316.7800 0.0000
-317.3805 0.0000
-315.5486 0.0000
-316.3712 0.0000
-316.4407 0.0000
-316.8534 0.0000
-316.3294 0.0000
-316.4105 0.0000
-316.4767 0.0000
-317.3524 0.0000
-318.0991 0.0000
-317.8843 0.0000
-317.7386 0.0000
-317.9636 0.0000
-317.7996 0.0000
-318.5630 0.0000
-318.9412 0.0000
-318.7125 0.0000
-318.9698 0.0000
-319.4375 0.0000
-320.2512 0.0000
-319.1742 0.0000
-319.2641 0.0000
-320.4790 0.0000
-321.8149 0.0000
-320.5745 0.0000
-321.3673 0.0000
-320.9024 0.0000
-320.3830 0.0000
-319.2018 0.0000
-317.3598 0.0000
-315.9401 0.0000
-317.0314 0.0000
-316.0616 0.0000
-317.1125 0.0000
-316.2654 0.0000
-316.6160 0.0000
-316.2014 0.0000
-315.7370 0.0000
-318.0157 0.0000
-316.8591 0.0000
-316.3422 0.0000
-317.6283 0.0000
-316.8390 0.0000
-316.6217 0.0000
-316.4098 0.0000
-317.1306 0.0000
-317.3104 0.0000
-318.8789 0.0000
-317.0549 0.0000
-317.1205 0.0000
-316.1350 0.0000
-316.7925 0.0000
-315.6790 0.0000
-315.2981 0.0000
-315.4514 0.0000
-315.7741 0.0000
-316.8295 0.0000
-316.4081 0.0000
-317.3102 0.0000
-317.8050 0.0000
-316.5130 0.0000
-317.3694 0.0000
-316.7240 0.0000
-317.7596 0.0000
-316.8488 0.0000
-316.9118 0.0000
-317.4702 0.0000
-317.2750 0.0000
-317.4671 0.0000
-317.2874 0.0000
-316.4881 0.0000
-317.9624 0.0000
-318.0502 0.0000
-318.0012 0.0000
-317.8167 0.0000
-318.7376 0.0000
-318.9188 0.0000
-318.0496 0.0000
-318.1023 0.0000
-319.1840 0.0000
-316.2722 0.0000
-318.1401 0.0000
-318.5077 0.0000
-318.3701 0.0000
-318.1774 0.0000
-318.2605 0.0000
-318.0467 0.0000
-317.8778 0.0000
-317.0339 0.0000
-318.5242 0.0000
-318.8288 0.0000
-318.4928 0.0000
-318.6786 0.0000
-318.0529 0.0000
-316.9605 0.0000
-317.7433 0.0000
-318.1672 0.0000
-317.8299 0.0000
-318.4191 0.0000
-317.1853 0.0000
-316.6971 0.0000
-317.2719 0.0000
-318.1859 0.0000
-316.7692 0.0000
-317.4470 0.0000
-317.2379 0.0000
-317.0569 0.0000
-316.3896 0.0000
-316.3127 0.0000
-316.3993 0.0000
-316.4425 0.0000
-316.4010 0.0000
-316.0474 0.0000
-315.7329 0.0000
-315.9763 0.0000
-315.4840 0.0000
-316.3398 0.0000
-316.4375 0.0000
-316.2590 0.0000
-317.7367 0.0000
-317.3877 0.0000
-315.7053 0.0000
-315.4154 0.0000
-315.5071 0.0000
-316.0863 0.0000
-316.0931 0.0000
-316.9891 0.0000
-315.1949 0.0000
-314.2635 0.0000
-316.5655 0.0000
-315.8828 0.0000
-315.3114 0.0000
-315.7444 0.0000
-315.5216 0.0000
-314.0867 0.0000
-314.4884 0.0000
-314.2721 0.0000
-313.0809 0.0000
-313.7866 0.0000
-311.9498 0.0000
-313.7597 0.0000
-314.8698 0.0000
-314.3204 0.0000
-314.4075 0.0000
-314.1039 0.0000
-313.5594 0.0000
-313.6674 0.0000
-313.5071 0.0000
-313.2002 0.0000
-313.8215 0.0000
-312.9415 0.0000
-313.1772 0.0000
-311.7249 0.0000
-312.9280 0.0000
-314.5986 0.0000
-313.6593 0.0000
-314.7870 0.0000
-314.0007 0.0000
-314.3258 0.0000
-313.4510 0.0000
-315.0023 0.0000
-314.9997 0.0000
-315.0635 0.0000
-316.1356 0.0000
-314.6878 0.0000
-315.1773 0.0000
-314.4229 0.0000
-314.7235 0.0000
-314.6155 0.0000
-315.7135 0.0000
-315.8800 0.0000
-316.2205 0.0000
-315.5373 0.0000
-315.1574 0.0000
-314.0974 0.0000
-315.9081 0.0000
-315.1682 0.0000
-313.1450 0.0000
-313.6014 0.0000
-312.5784 0.0000
-312.8912 0.0000
-313.2286 0.0000
-313.3995 0.0000
-313.2073 0.0000
-313.5193 0.0000
-313.5266 0.0000
-313.8483 0.0000
-313.0651 0.0000
-313.3740 0.0000
-313.8699 0.0000
-312.9389 0.0000
-311.6522 0.0000
-311.9891 0.0000
-311.4275 0.0000
-310.9409 0.0000
-312.3894 0.0000
-309.9653 0.0000
-310.0902 0.0000
-310.4137 0.0000
-310.4720 0.0000
-310.8546 0.0000
-310.9128 0.0000
-310.9664 0.0000
-310.6850 0.0000
-310.7273 0.0000
-311.4966 0.0000
-310.7302 0.0000
-311.7187 0.0000
-310.4831 0.0000
-310.5306 0.0000
-311.3637 0.0000
-310.7239 0.0000
-310.5732 0.0000
-310.8956 0.0000
-311.1762 0.0000
-311.4370 0.0000
-313.1278 0.0000
-312.1940 0.0000
-310.5183 0.0000
-310.8576 0.0000
-311.5010 0.0000
-311.6116 0.0000
-311.8742 0.0000
-312.0304 0.0000
-312.7933 0.0000
-313.5518 0.0000
-313.1285 0.0000
-312.8338 0.0000
-312.1922 0.0000
-311.1962 0.0000
-312.3126 0.0000
-312.3721 0.0000
-311.5557 0.0000
-312.4361 0.0000
-311.9179 0.0000
-311.4850 0.0000
-311.2959 0.0000
-312.3432 0.0000
-312.2451 0.0000
-312.3579 0.0000
-312.7467 0.0000
-311.9245 0.0000
-312.9517 0.0000
-312.3103 0.0000
-313.1074 0.0000
-313.2580 0.0000
-313.2739 0.0000
-311.3432 0.0000
-311.9281 0.0000
-312.3963 0.0000
-313.4097 0.0000
-313.8563 0.0000
-313.7067 0.0000
-313.0555 0.0000
-313.5627 0.0000
-311.4693 0.0000
-313.1657 0.0000
-314.2498 0.0000
-314.4226 0.0000
-313.9897 0.0000
-314.1829 0.0000
-315.1584 0.0000
-314.4834 0.0000
-314.4306 0.0000
-314.7776 0.0000
-314.8032 0.0000
-315.2226 0.0000
-315.4522 0.0000
-315.4710 0.0000
-314.5914 0.0000
-314.5997 0.0000
-316.1570 0.0000
-314.8688 0.0000
-316.3753 0.0000
-316.2410 0.0000
-315.5172 0.0000
-316.0213 0.0000
-316.4673 0.0000
-316.3871 0.0000
-316.4811 0.0000
-316.1962 0.0000
-316.8602 0.0000
-315.5358 0.0000
-315.8867 0.0000
-315.7151 0.0000
-315.7314 0.0000
-314.9603 0.0000
-314.6173 0.0000
-313.8939 0.0000
-313.7308 0.0000
-314.3900 0.0000
-313.7835 0.0000
-315.8242 0.0000
-314.9812 0.0000
-315.4100 0.0000
-315.6059 0.0000
-315.0715 0.0000
-315.5114 0.0000
-316.3498 0.0000
-315.4062 0.0000
-316.6315 0.0000
-315.8164 0.0000
-314.8085 0.0000
-315.4284 0.0000
-314.4762 0.0000
-314.2439 0.0000
-314.2099 0.0000
-316.2945 0.0000
-315.8879 0.0000
-316.3208 0.0000
-316.5152 0.0000
-317.0829 0.0000
-315.9984 0.0000
-316.9619 0.0000
-316.4660 0.0000
-316.5779 0.0000
-316.5772 0.0000
-316.3530 0.0000
-316.6163 0.0000
-316.2263 0.0000
-316.1604 0.0000
-315.8641 0.0000
-315.3759 0.0000
-316.5795 0.0000
-315.1774 0.0000
-315.9828 0.0000
-315.7953 0.0000
-316.7058 0.0000
-315.1541 0.0000
-315.6744 0.0000
-316.6929 0.0000
-316.9684 0.0000
-317.8804 0.0000
-317.7588 0.0000
-318.3265 0.0000
-317.4049 0.0000
-318.3222 0.0000
-317.7919 0.0000
-316.8822 0.0000
-317.6800 0.0000
-318.6159 0.0000
-317.9488 0.0000
-318.5894 0.0000
-318.3595 0.0000
-318.1693 0.0000
-318.6029 0.0000
-318.8555 0.0000
-317.4814 0.0000
-318.1790 0.0000
-318.3933 0.0000
-318.6451 0.0000
-318.9043 0.0000
-319.0034 0.0000
-319.6063 0.0000
-320.9460 0.0000
-321.7256 0.0000
-321.7942 0.0000
-319.6402 0.0000
-319.4510 0.0000
-319.6575 0.0000
-318.8356 0.0000
-318.1842 0.0000
-319.5060 0.0000
-319.1741 0.0000
-318.5112 0.0000
-318.9221 0.0000
-319.0223 0.0000
-318.9387 0.0000
-318.9053 0.0000
-319.5072 0.0000
-318.8500 0.0000
-317.7869 0.0000
-318.1900 0.0000
-318.3065 0.0000
-317.9076 0.0000
-317.4416 0.0000
-316.6766 0.0000
-316.5619 0.0000
-316.2077 0.0000
-315.1891 0.0000
-317.2379 0.0000
-314.2298 0.0000
-315.8414 0.0000
-316.9764 0.0000
-315.6261 0.0000
-315.2321 0.0000
-315.2404 0.0000
-314.7523 0.0000
-315.5561 0.0000
-314.5505 0.0000
-314.2035 0.0000
-314.0884 0.0000
-313.9883 0.0000
-314.6885 0.0000
-314.2852 0.0000
-314.6645 0.0000
-314.8062 0.0000
-313.5955 0.0000
-311.7792 0.0000
-313.8746 0.0000
-314.0424 0.0000
-314.2122 0.0000
-313.9667 0.0000
-314.6643 0.0000
-314.8911 0.0000
-313.5778 0.0000
-313.8720 0.0000
-312.8294 0.0000
-314.0931 0.0000
-313.4299 0.0000
-314.1101 0.0000
-315.3024 0.0000
-313.6292 0.0000
-314.2915 0.0000
-315.5971 0.0000
-313.5554 0.0000
-313.6690 0.0000
-314.1905 0.0000
-314.5519 0.0000
-315.0030 0.0000
-314.9061 0.0000
-315.4305 0.0000
-314.5866 0.0000
-314.3925 0.0000
-313.8892 0.0000
-315.6405 0.0000
-315.8543 0.0000
-316.7835 0.0000
-316.5445 0.0000
-316.0275 0.0000
-316.4156 0.0000
-317.2240 0.0000
-318.1836 0.0000
-317.7356 0.0000
-317.1274 0.0000
-317.7698 0.0000
-317.8402 0.0000
-317.2886 0.0000
-317.5731 0.0000
-317.6944 0.0000
-317.4514 0.0000
-316.8790 0.0000
-317.5498 0.0000
-316.5343 0.0000
-316.8473 0.0000
-317.2681 0.0000
-316.3133 0.0000
-316.8152 0.0000
-317.7092 0.0000
-317.0342 0.0000
-316.7296 0.0000
-317.7398 0.0000
-316.1608 0.0000
-318.7431 0.0000
-316.8323 0.0000
-316.5471 0.0000
-316.5654 0.0000
-316.0541 0.0000
-315.4967 0.0000
-314.5186 0.0000
-314.9936 0.0000
-314.4552 0.0000
-314.5999 0.0000
-314.3692 0.0000
-313.8502 0.0000
-313.6089 0.0000
-313.5792 0.0000
-313.6491 0.0000
-313.5983 0.0000
-312.8763 0.0000
-313.9793 0.0000
-314.3330 0.0000
-314.6708 0.0000
-312.4818 0.0000
-313.0079 0.0000
-312.4552 0.0000
-311.7742 0.0000
-314.2832 0.0000
-312.9553 0.0000
-312.7221 0.0000
-313.1766 0.0000
-313.1191 0.0000
-312.9705 0.0000
-312.1700 0.0000
-312.3172 0.0000
-312.2112 0.0000
-312.6148 0.0000
-312.3583 0.0000
-313.8679 0.0000
-313.7078 0.0000
-313.8346 0.0000
-313.6838 0.0000
-313.4778 0.0000
-312.4061 0.0000
-315.4382 0.0000
-313.8214 0.0000
-313.0077 0.0000
-313.9553 0.0000
-313.6589 0.0000
-313.6579 0.0000
-314.6501 0.0000
-314.4528 0.0000
-316.4420 0.0000
-315.2905 0.0000
-315.6723 0.0000
-316.2532 0.0000
-315.7604 0.0000
-314.7022 0.0000
-315.8551 0.0000
-316.3159 0.0000
-316.3837 0.0000
-317.4181 0.0000
-317.7817 0.0000
-317.5560 0.0000
-316.3236 0.0000
-315.1474 0.0000
-315.2040 0.0000
-314.7371 0.0000
-317.0300 0.0000
-315.1221 0.0000
-314.6869 0.0000
-315.6737 0.0000
-314.7562 0.0000
-315.8505 0.0000
-315.5435 0.0000
-314.5851 0.0000
-316.1002 0.0000
-315.7017 0.0000
-315.0217 0.0000
-314.0732 0.0000
-315.1479 0.0000
-316.2860 0.0000
-315.9506 0.0000
-315.3869 0.0000
-315.7590 0.0000
-316.3386 0.0000
-316.0065 0.0000
-316.2318 0.0000
-316.2051 0.0000
-315.3013 0.0000
-318.2743 0.0000
-317.0132 0.0000
-315.1616 0.0000
-314.1332 0.0000
-315.5812 0.0000
-316.2824 0.0000
-316.7382 0.0000
-315.8145 0.0000
-316.4692 0.0000
-317.5448 0.0000
-318.9050 0.0000
-317.9646 0.0000
-318.8859 0.0000
-318.0504 0.0000
-317.4202 0.0000
-318.8423 0.0000
-318.7508 0.0000
-319.1913 0.0000
-318.8466 0.0000
-318.8392 0.0000
-318.3234 0.0000
-318.8444 0.0000
-317.8151 0.0000
-317.5750 0.0000
-317.6482 0.0000
-317.9794 0.0000
-318.2098 0.0000
-318.4263 0.0000
-318.1760 0.0000
-318.2217 0.0000
-317.9081 0.0000
-319.4255 0.0000
-319.4393 0.0000
-318.8262 0.0000
-319.7384 0.0000
-318.8290 0.0000
-318.9540 0.0000
-318.3311 0.0000
-317.9063 0.0000
-317.8596 0.0000
-319.1239 0.0000
-318.2778 0.0000
-317.8235 0.0000
-316.9650 0.0000
-315.7379 0.0000
-315.7546 0.0000
-316.8755 0.0000
-316.0239 0.0000
-316.4270 0.0000
-315.2090 0.0000
-315.9281 0.0000
-316.0685 0.0000
-317.2539 0.0000
-316.3328 0.0000
-315.1169 0.0000
-314.7312 0.0000
-315.3387 0.0000
-315.2521 0.0000
-316.2173 0.0000
-316.5791 0.0000
-316.1662 0.0000
-315.9047 0.0000
-315.7427 0.0000
-315.0869 0.0000
-315.6146 0.0000
-315.1630 0.0000
-314.6994 0.0000
-315.1100 0.0000
-315.1186 0.0000
-315.2334 0.0000
-315.3552 0.0000
-315.1129 0.0000
-314.9102 0.0000
-315.9814 0.0000
-315.9317 0.0000
-315.5013 0.0000
-314.5844 0.0000
-314.9551 0.0000
-314.6291 0.0000
-314.3347 0.0000
-313.2224 0.0000
-314.7060 0.0000
-312.2571 0.0000
-312.6601 0.0000
-312.5030 0.0000
-311.9401 0.0000
-313.4554 0.0000
-312.3805 0.0000
-312.6567 0.0000
-312.4471 0.0000
-312.3692 0.0000
-310.8770 0.0000
-310.8048 0.0000
-310.6101 0.0000
-311.5857 0.0000
-311.5455 0.0000
-311.9605 0.0000
-310.3235 0.0000
-311.7721 0.0000
-312.8661 0.0000
-312.2036 0.0000
-311.0267 0.0000
-312.6299 0.0000
-312.1527 0.0000
-311.5653 0.0000
-311.8535 0.0000
-311.3258 0.0000
-312.9556 0.0000
-311.4422 0.0000
-313.9288 0.0000
-312.5763 0.0000
-313.2257 0.0000
-313.0232 0.0000
-312.5661 0.0000
-313.1845 0.0000
-312.3974 0.0000
-313.1049 0.0000
-312.6961 0.0000
-312.4848 0.0000
-312.9205 0.0000
-311.9565 0.0000
-312.1666 0.0000
-312.4221 0.0000
-312.2604 0.0000
-313.7680 0.0000
-311.9465 0.0000
-312.1605 0.0000
-312.1798 0.0000
-311.7025 0.0000
-310.6562 0.0000
-311.1396 0.0000
-311.4980 0.0000
-310.2159 0.0000
-311.1631 0.0000
-312.2235 0.0000
-311.2978 0.0000
-310.8483 0.0000
-311.3299 0.0000
-310.2871 0.0000
-309.5778 0.0000
-310.2542 0.0000
-310.1108 0.0000
-309.6652 0.0000
-310.4691 0.0000
-309.9977 0.0000
-309.7253 0.0000
-309.9149 0.0000
-310.8133 0.0000
-309.6963 0.0000
-311.0079 0.0000
-310.1732 0.0000
-309.7947 0.0000
-310.4240 0.0000
-310.5610 0.0000
-311.5129 0.0000
-309.7700 0.0000
-308.8989 0.0000
-309.3069 0.0000
-308.9152 0.0000
-311.0016 0.0000
-308.9077 0.0000
-308.5445 0.0000
-309.0737 0.0000
-308.6331 0.0000
-307.9756 0.0000
-308.3523 0.0000
-307.5672 0.0000
-307.2095 0.0000
-308.0361 0.0000
-308.0937 0.0000
-308.5015 0.0000
-308.2615 0.0000
-308.1999 0.0000
-309.6038 0.0000
-308.9949 0.0000
-307.1780 0.0000
-309.2802 0.0000
-308.7131 0.0000
-308.6643 0.0000
-309.4297 0.0000
-309.8087 0.0000
-308.6193 0.0000
-310.1199 0.0000
-309.7594 0.0000
-310.1028 0.0000
-310.5863 0.0000
-310.8790 0.0000
-311.1430 0.0000
-310.5263 0.0000
-309.6048 0.0000
-310.6246 0.0000
-309.8195 0.0000
-309.9907 0.0000
-308.9187 0.0000
-309.7559 0.0000
-308.6956 0.0000
-310.4174 0.0000
-309.8698 0.0000
-310.0198 0.0000
-309.0213 0.0000
-309.7470 0.0000
-310.9689 0.0000
-310.2210 0.0000
-309.6753 0.0000
-308.6499 0.0000
-309.4152 0.0000
-310.0375 0.0000
-309.0545 0.0000
-308.8161 0.0000
-308.4654 0.0000
-307.3195 0.0000
-308.9376 0.0000
-309.0292 0.0000
-309.3053 0.0000
-308.9728 0.0000
-309.8002 0.0000
-309.9320 0.0000
-311.5156 0.0000
-311.7212 0.0000
-312.2056 0.0000
-313.3406 0.0000
-311.8380 0.0000
-310.0541 0.0000
-311.1708 0.0000
-312.6397 0.0000
-310.7266 0.0000
-310.7100 0.0000
-311.7340 0.0000
-310.9727 0.0000
-311.5054 0.0000
-310.5447 0.0000
-310.0308 0.0000
-309.2388 0.0000
-308.8888 0.0000
-310.5068 0.0000
-311.2499 0.0000
-309.6016 0.0000
-309.5598 0.0000
-311.0200 0.0000
-311.5064 0.0000
-313.2166 0.0000
-311.4730 0.0000
-311.4624 0.0000
-311.0591 0.0000
-311.0859 0.0000
-310.6953 0.0000
-311.5348 0.0000
-312.1475 0.0000
-313.5703 0.0000
-312.9784 0.0000
-312.1782 0.0000
-312.4115 0.0000
-312.0307 0.0000
-312.0792 0.0000
-312.7891 0.0000
-312.5688 0.0000
-313.9176 0.0000
-311.9214 0.0000
-311.8645 0.0000
-310.5741 0.0000
-311.6242 0.0000
-311.4956 0.0000
-310.4801 0.0000
-310.9048 0.0000
-312.5117 0.0000
-310.0133 0.0000
-309.5367 0.0000
-309.7460 0.0000
-308.6566 0.0000
-309.1986 0.0000
-310.2236 0.0000
-308.9855 0.0000
-308.5593 0.0000
-309.1082 0.0000
-308.8408 0.0000
-308.7187 0.0000
-308.6563 0.0000
-308.3100 0.0000
-308.7958 0.0000
-308.4771 0.0000
-308.0649 0.0000
-307.1297 0.0000
-308.8034 0.0000
-308.5008 0.0000
-308.6714 0.0000
-308.7049 0.0000
-309.1451 0.0000
-308.4172 0.0000
-308.2562 0.0000
-307.7505 0.0000
-308.6461 0.0000
-308.2120 0.0000
-309.0437 0.0000
-310.8753 0.0000
-309.2474 0.0000
-309.4101 0.0000
-308.4676 0.0000
-308.9945 0.0000
-309.4286 0.0000
-309.3887 0.0000
-308.4179 0.0000
-309.5528 0.0000
-309.7317 0.0000
-309.3904 0.0000
-310.0976 0.0000
-309.8830 0.0000
-309.6623 0.0000
-309.2412 0.0000
-308.6399 0.0000
-309.2772 0.0000
-308.4930 0.0000
-308.4090 0.0000
-309.8271 0.0000
-310.0818 0.0000
-308.4085 0.0000
-309.3538 0.0000
-307.8838 0.0000
-308.3048 0.0000
-308.6334 0.0000
-308.0144 0.0000
-309.1987 0.0000
-307.2389 0.0000
-307.6328 0.0000
-308.7074 0.0000
-309.2627 0.0000
-309.0578 0.0000
-309.3952 0.0000
-309.7186 0.0000
-308.8286 0.0000
-308.7721 0.0000
-309.9162 0.0000
-309.9630 0.0000
-311.4342 0.0000
-311.6383 0.0000
-311.1014 0.0000
-311.3299 0.0000
-311.4090 0.0000
-311.4833 0.0000
-310.4228 0.0000
-311.0038 0.0000
-311.0894 0.0000
-311.0590 0.0000
-312.2139 0.0000
-313.3004 0.0000
-312.5182 0.0000
-313.5204 0.0000
-312.1657 0.0000
-311.7568 0.0000
-311.7999 0.0000
-311.6276 0.0000
-311.3163 0.0000
-311.7138 0.0000
-311.2451 0.0000
-310.5617 0.0000
-311.3625 0.0000
-310.3731 0.0000
-311.1387 0.0000
-309.5050 0.0000
-310.6503 0.0000
-309.6807 0.0000
-310.1995 0.0000
-310.7204 0.0000
-311.8996 0.0000
-309.1735 0.0000
-308.6616 0.0000
-309.4526 0.0000
-310.0289 0.0000
-308.5821 0.0000
-308.1051 0.0000
-309.0154 0.0000
-308.9087 0.0000
-309.9023 0.0000
-308.3303 0.0000
-309.0027 0.0000
-310.4100 0.0000
-309.6440 0.0000
-309.8483 0.0000
-309.2865 0.0000
-311.0825 0.0000
-311.6055 0.0000
-311.0231 0.0000
-310.1545 0.0000
-310.0827 0.0000
-310.2184 0.0000
-309.6613 0.0000
-310.1374 0.0000
-310.1634 0.0000
-309.6084 0.0000
-309.8011 0.0000
-310.1328 0.0000
-310.6428 0.0000
-310.2720 0.0000
-310.7695 0.0000
-310.7351 0.0000
-310.3367 0.0000
-310.5985 0.0000
-310.3897 0.0000
-309.5706 0.0000
-310.2411 0.0000
-310.3747 0.0000
-309.8675 0.0000
-310.1672 0.0000
-310.6733 0.0000
-309.8105 0.0000
-309.9322 0.0000
-309.4231 0.0000
-310.5475 0.0000
-311.2404 0.0000
-310.4556 0.0000
-310.6709 0.0000
-310.4329 0.0000
-311.0302 0.0000
-311.8331 0.0000
-311.5851 0.0000
-311.4609 0.0000
-312.1344 0.0000
-311.7174 0.0000
-311.0311 0.0000
-310.9831 0.0000
-310.5710 0.0000
-310.0155 0.0000
-310.0982 0.0000
-309.7493 0.0000
-309.8931 0.0000
-310.2069 0.0000
-310.1445 0.0000
-310.1585 0.0000
-311.3056 0.0000
-310.0636 0.0000
-311.5042 0.0000
-312.1931 0.0000
-313.1371 0.0000
-313.8736 0.0000
-313.4973 0.0000
-313.0538 0.0000
-314.1893 0.0000
-313.4957 0.0000
-313.3126 0.0000
-312.2597 0.0000
-312.4957 0.0000
-312.5011 0.0000
-312.6796 0.0000
-313.1897 0.0000
-313.3546 0.0000
-312.5009 0.0000
-314.0749 0.0000
-312.6022 0.0000
-311.6557 0.0000
-313.4445 0.0000
-313.2339 0.0000
-313.1469 0.0000
-314.2667 0.0000
-314.3267 0.0000
-314.9857 0.0000
-314.6396 0.0000
-314.8304 0.0000
-314.8909 0.0000
-314.2033 0.0000
-315.0190 0.0000
-314.6216 0.0000
-315.2834 0.0000
-315.2619 0.0000
-315.1441 0.0000
-316.0653 0.0000
-314.4592 0.0000
-315.5952 0.0000
-315.1976 0.0000
-314.8094 0.0000
-316.6420 0.0000
-315.8833 0.0000
-315.1009 0.0000
-314.3044 0.0000
-314.0346 0.0000
-314.7701 0.0000
-314.9399 0.0000
-315.2339 0.0000
-314.3384 0.0000
-314.8697 0.0000
-315.0328 0.0000
-315.4315 0.0000
-315.3479 0.0000
-313.7112 0.0000
-315.3153 0.0000
-314.7179 0.0000
-314.7781 0.0000
-314.1291 0.0000
-315.0062 0.0000
-316.3587 0.0000
-315.1840 0.0000
-315.0674 0.0000
-315.0574 0.0000
-315.5341 0.0000
-315.3204 0.0000
-315.9877 0.0000
-316.9669 0.0000
-316.4921 0.0000
-315.9048 0.0000
-315.7400 0.0000
-315.4729 0.0000
-316.2132 0.0000
-315.9077 0.0000
-316.3566 0.0000
-314.9454 0.0000
-316.4027 0.0000
-317.3544 0.0000
-317.1832 0.0000
-317.3305 0.0000
-316.9677 0.0000
-317.6601 0.0000
-316.9105 0.0000
-317.2685 0.0000
-316.8713 0.0000
-316.0768 0.0000
-316.7265 0.0000
-315.8457 0.0000
-316.2462 0.0000
-316.6556 0.0000
-317.3144 0.0000
-317.4701 0.0000
-318.1470 0.0000
-318.0470 0.0000
-318.6592 0.0000
-318.6442 0.0000
-318.2827 0.0000
-318.1743 0.0000
-317.3696 0.0000
-316.8608 0.0000
-317.3157 0.0000
-318.6029 0.0000
-317.6049 0.0000
-316.6863 0.0000
-317.5630 0.0000
-316.7517 0.0000
-317.2753 0.0000
-316.8470 0.0000
-316.8027 0.0000
-315.6056 0.0000
-317.2443 0.0000
-317.1279 0.0000
-316.4224 0.0000
-316.8483 0.0000
-317.7133 0.0000
-316.8444 0.0000
-316.0288 0.0000
-317.1695 0.0000
-317.1632 0.0000
-317.0353 0.0000
-317.2319 0.0000
-317.4374 0.0000
-316.7598 0.0000
-317.5144 0.0000
-317.5398 0.0000
-318.0105 0.0000
-317.9232 0.0000
-318.1580 0.0000
-316.1772 0.0000
-316.2559 0.0000
-315.8626 0.0000
-315.6991 0.0000
-315.0572 0.0000
-315.9458 0.0000
-315.6072 0.0000
-316.4729 0.0000
-315.8572 0.0000
-315.2678 0.0000
-314.7100 0.0000
-314.1598 0.0000
-313.5475 0.0000
-314.3276 0.0000
-315.3764 0.0000
-315.6178 0.0000
-315.6146 0.0000
-315.5001 0.0000
-316.5555 0.0000
-316.8523 0.0000
-316.8826 0.0000
-317.3854 0.0000
-316.1561 0.0000
-317.3014 0.0000
-316.7001 0.0000
-315.4847 0.0000
-317.4119 0.0000
-316.6603 0.0000
-316.9878 0.0000
-316.5759 0.0000
-316.7205 0.0000
-316.8048 0.0000
-317.0936 0.0000
-316.9360 0.0000
-316.9140 0.0000
-316.8057 0.0000
-317.4879 0.0000
-317.8955 0.0000
-316.4045 0.0000
-317.4779 0.0000
-317.2505 0.0000
-316.3054 0.0000
-316.8822 0.0000
-318.5787 0.0000
-316.9943 0.0000
-317.5363 0.0000
-316.9786 0.0000
-316.2784 0.0000
-316.3812 0.0000
-315.9348 0.0000
-316.9175 0.0000
-315.0621 0.0000
-316.1857 0.0000
-316.7049 0.0000
-316.5990 0.0000
-314.7052 0.0000
-314.4609 0.0000
-316.4105 0.0000
-317.5354 0.0000
-317.2973 0.0000
-316.5673 0.0000
-317.1343 0.0000
-318.2121 0.0000
-318.2765 0.0000
-317.5124 0.0000
-317.1996 0.0000
-317.5079 0.0000
-317.8672 0.0000
-318.2854 0.0000
-316.4154 0.0000
-317.5347 0.0000
-317.6085 0.0000
-317.0716 0.0000
-319.0088 0.0000
-317.6858 0.0000
-316.1801 0.0000
-316.7494 0.0000
-316.3640 0.0000
-316.6375 0.0000
-314.6355 0.0000
-315.1120 0.0000
-316.5335 0.0000
-318.3417 0.0000
-316.3823 0.0000
-316.3904 0.0000
-316.3752 0.0000
-317.3949 0.0000
-317.7062 0.0000
-318.4082 0.0000
-318.6534 0.0000
-318.2502 0.0000
-318.8351 0.0000
-318.7487 0.0000
-318.1571 0.0000
-320.2338 0.0000
-318.4131 0.0000
-318.6336 0.0000
-317.8522 0.0000
-317.2453 0.0000
-316.4970 0.0000
-317.1116 0.0000
-319.2789 0.0000
-319.1742 0.0000
-319.5826 0.0000
-318.4974 0.0000
-319.1841 0.0000
-317.9306 0.0000
-317.5139 0.0000
-318.1140 0.0000
-317.7145 0.0000
-317.1165 0.0000
-317.2240 0.0000
-317.3528 0.0000
-316.4169 0.0000
-318.7007 0.0000
-318.1580 0.0000
-319.3258 0.0000
-317.8980 0.0000
-318.0265 0.0000
-317.3371 0.0000
-316.8247 0.0000
-317.1678 0.0000
-317.6462 0.0000
-317.6065 0.0000
-317.6657 0.0000
-318.4348 0.0000
-316.8154 0.0000
-317.2874 0.0000
-317.5487 0.0000
-316.3482 0.0000
-317.4311 0.0000
-318.6727 0.0000
-317.0116 0.0000
-318.2107 0.0000
-317.5970 0.0000
-316.8192 0.0000
-317.7891 0.0000
-318.4411 0.0000
-317.3456 0.0000
-317.8042 0.0000
-317.7449 0.0000
-318.2589 0.0000
-318.5452 0.0000
-317.7465 0.0000
-317.3499 0.0000
-317.6009 0.0000
-316.9589 0.0000
-318.2839 0.0000
-318.3436 0.0000
-318.4574 0.0000
-318.2728 0.0000
-319.4411 0.0000
-317.2610 0.0000
-318.2311 0.0000
-319.2633 0.0000
-319.0808 0.0000
-318.4769 0.0000
-318.5465 0.0000
-318.8869 0.0000
-319.0835 0.0000
-319.5383 0.0000
-319.5199 0.0000
-319.5936 0.0000
-319.7423 0.0000
-319.9116 0.0000
-319.2221 0.0000
-319.6161 0.0000
-319.9953 0.0000
-319.0363 0.0000
-318.8010 0.0000
-317.8320 0.0000
-318.3200 0.0000
-317.4113 0.0000
-316.6825 0.0000
-317.7001 0.0000
-316.8825 0.0000
-316.9491 0.0000
-317.8186 0.0000
-318.0091 0.0000
-318.2032 0.0000
-318.2341 0.0000
-317.9793 0.0000
-317.1827 0.0000
-318.4512 0.0000
-318.3639 0.0000
-317.7575 0.0000
-317.6329 0.0000
-318.2028 0.0000
-318.7349 0.0000
-315.9971 0.0000
-316.3688 0.0000
-316.8889 0.0000
-316.5080 0.0000
-316.4676 0.0000
-317.1483 0.0000
-315.1365 0.0000
-315.2787 0.0000
-315.6757 0.0000
-315.7970 0.0000
-315.7926 0.0000
-315.6283 0.0000
-315.7032 0.0000
-315.3896 0.0000
-314.5736 0.0000
-315.6633 0.0000
-315.6849 0.0000
-315.4853 0.0000
-316.3083 0.0000
-315.8577 0.0000
-317.2118 0.0000
-315.8682 0.0000
-316.6299 0.0000
-316.9000 0.0000
-316.2163 0.0000
-317.1849 0.0000
-316.9574 0.0000
-317.3692 0.0000
-317.8961 0.0000
-316.7965 0.0000
-316.9201 0.0000
-316.4534 0.0000
-316.8987 0.0000
-317.0131 0.0000
-317.7869 0.0000
-317.3160 0.0000
-315.6164 0.0000
-315.8331 0.0000
-315.3648 0.0000
-314.5586 0.0000
-316.3416 0.0000
-317.3652 0.0000
-315.7651 0.0000
-315.2570 0.0000
-316.2276 0.0000
-315.0724 0.0000
-314.2975 0.0000
-312.6850 0.0000
-313.0126 0.0000
-312.4137 0.0000
-313.0370 0.0000
-311.9467 0.0000
-311.7899 0.0000
-311.5648 0.0000
-312.3209 0.0000
-311.9765 0.0000
-311.3537 0.0000
-312.2675 0.0000
-311.7957 0.0000
-311.9720 0.0000
-311.5327 0.0000
-312.2298 0.0000
-311.3709 0.0000
-310.9105 0.0000
-311.5395 0.0000
-311.5545 0.0000
-311.0678 0.0000
-310.4863 0.0000
-310.4907 0.0000
-311.3601 0.0000
-311.2288 0.0000
-311.1592 0.0000
-311.0168 0.0000
-312.0031 0.0000
-310.8219 0.0000
-311.1537 0.0000
-311.8866 0.0000
-310.8562 0.0000
-310.3580 0.0000
-310.5741 0.0000
-311.0212 0.0000
-309.1763 0.0000
-311.2657 0.0000
-310.5108 0.0000
-311.0018 0.0000
-310.3158 0.0000
-311.3877 0.0000
-312.3899 0.0000
-312.1509 0.0000
-311.6714 0.0000
-310.2169 0.0000
-310.1695 0.0000
-308.5611 0.0000
-307.6769 0.0000
-310.0268 0.0000
-308.8836 0.0000
-309.6514 0.0000
-308.9249 0.0000
-309.6565 0.0000
-308.6224 0.0000
-309.9834 0.0000
-310.6522 0.0000
-311.2311 0.0000
-310.0717 0.0000
-309.8375 0.0000
-309.7348 0.0000
-310.5396 0.0000
-310.6578 0.0000
-310.9461 0.0000
-310.9248 0.0000
-310.1182 0.0000
-310.0393 0.0000
-310.7360 0.0000
-310.2642 0.0000
-311.6655 0.0000
-309.5112 0.0000
-309.4719 0.0000
-309.3668 0.0000
-311.0007 0.0000
-308.5841 0.0000
-308.6428 0.0000
-308.6028 0.0000
-307.3679 0.0000
-308.8861 0.0000
-310.2929 0.0000
-308.7267 0.0000
-308.6629 0.0000
-309.1339 0.0000
-310.3038 0.0000
-309.5122 0.0000
-308.9123 0.0000
-308.3996 0.0000
-308.8583 0.0000
-309.3585 0.0000
-309.8993 0.0000
-308.3177 0.0000
-308.3016 0.0000
-307.4922 0.0000
-308.0861 0.0000
-306.4746 0.0000
-307.3947 0.0000
-307.8991 0.0000
-306.5647 0.0000
-306.5106 0.0000
-306.6547 0.0000
-306.3273 0.0000
-305.7869 0.0000
-305.8984 0.0000
-305.4209 0.0000
-305.6890 0.0000
-307.7504 0.0000
-307.5351 0.0000
-308.9278 0.0000
-308.1522 0.0000
-307.2098 0.0000
-307.7305 0.0000
-308.0806 0.0000
-307.1623 0.0000
-308.1686 0.0000
-308.5910 0.0000
-307.5442 0.0000
-307.7492 0.0000
-308.1538 0.0000
-308.3865 0.0000
-308.3633 0.0000
-309.2442 0.0000
-309.3920 0.0000
-309.6778 0.0000
-307.7630 0.0000
-308.4571 0.0000
-306.8660 0.0000
-307.0185 0.0000
-307.3827 0.0000
-307.8359 0.0000
-305.6333 0.0000
-308.0241 0.0000
-307.0861 0.0000
-306.6804 0.0000
-307.2447 0.0000
-307.3161 0.0000
-307.2072 0.0000
-307.1281 0.0000
-306.7293 0.0000
-306.0692 0.0000
-305.9917 0.0000
-306.4362 0.0000
-306.9913 0.0000
-306.1421 0.0000
-307.4173 0.0000
-306.1136 0.0000
-306.1414 0.0000
-306.3595 0.0000
-305.9347 0.0000
-305.5364 0.0000
-304.7364 0.0000
-305.2909 0.0000
-306.4669 0.0000
-307.2359 0.0000
-305.3533 0.0000
-306.2132 0.0000
-305.2559 0.0000
-306.4626 0.0000
-305.6328 0.0000
-304.2258 0.0000
-305.3461 0.0000
-303.8431 0.0000
-303.7395 0.0000
-303.3957 0.0000
-304.7420 0.0000
-304.5469 0.0000
-303.8167 0.0000
-302.6216 0.0000
-303.6315 0.0000
-303.4749 0.0000
-304.3600 0.0000
-304.1715 0.0000
-305.0824 0.0000
-303.5638 0.0000
-303.6046 0.0000
-304.0397 0.0000
-303.7349 0.0000
-303.8706 0.0000
-304.5963 0.0000
-303.4831 0.0000
-302.4058 0.0000
-302.7313 0.0000
-302.2321 0.0000
-301.4602 0.0000
-302.4692 0.0000
-302.2429 0.0000
-303.4152 0.0000
-303.0448 0.0000
-303.6146 0.0000
-304.0776 0.0000
-303.6026 0.0000
-302.1611 0.0000
-305.6149 0.0000
-302.8145 0.0000
-303.5710 0.0000
-303.5786 0.0000
-302.6663 0.0000
-303.7844 0.0000
-303.7675 0.0000
-305.3354 0.0000
-304.5415 0.0000
-303.4436 0.0000
-304.0416 0.0000
-304.1303 0.0000
-304.4855 0.0000
-303.4143 0.0000
-303.8059 0.0000
-303.3086 0.0000
-304.1346 0.0000
-304.2246 0.0000
-303.5869 0.0000
-303.3760 0.0000
-302.7411 0.0000
-303.3754 0.0000
-303.5183 0.0000
-304.4238 0.0000
-305.2642 0.0000
-305.1563 0.0000
-304.7188 0.0000
-304.2574 0.0000
-304.9462 0.0000
-306.0431 0.0000
-304.3077 0.0000
-303.9846 0.0000
-304.0927 0.0000
-304.6265 0.0000
-304.8927 0.0000
-305.1633 0.0000
-303.8641 0.0000
-304.8303 0.0000
-303.5932 0.0000
-303.8032 0.0000
-303.9255 0.0000
-304.9194 0.0000
-304.3908 0.0000
-303.9309 0.0000
-303.8738 0.0000
-305.1708 0.0000
-304.4383 0.0000
-304.9931 0.0000
-304.8188 0.0000
-303.8770 0.0000
-303.8422 0.0000
-303.5218 0.0000
-302.7073 0.0000
-303.0995 0.0000
-303.0707 0.0000
-303.8272 0.0000
-303.9802 0.0000
-303.6878 0.0000
-304.1854 0.0000
-304.5478 0.0000
-304.1057 0.0000
-303.5090 0.0000
-304.3512 0.0000
-303.5597 0.0000
-303.7691 0.0000
-304.2906 0.0000
-304.2563 0.0000
-304.1992 0.0000
-304.3562 0.0000
-305.7413 0.0000
-304.0664 0.0000
-303.6372 0.0000
-303.1952 0.0000
-303.2683 0.0000
-302.6245 0.0000
-303.2912 0.0000
-303.0120 0.0000
-304.8007 0.0000
-304.3495 0.0000
-305.3004 0.0000
-305.7300 0.0000
-305.3448 0.0000
-305.4918 0.0000
-306.5190 0.0000
-304.7067 0.0000
-304.4678 0.0000
-305.9213 0.0000
-304.5007 0.0000
-304.3727 0.0000
-305.5372 0.0000
-304.1992 0.0000
-303.5258 0.0000
-303.2115 0.0000
-304.4349 0.0000
-303.0784 0.0000
-303.1996 0.0000
-305.0114 0.0000
-305.1731 0.0000
-305.7008 0.0000
-305.2761 0.0000
-306.0136 0.0000
-305.8074 0.0000
-305.3244 0.0000
-305.0053 0.0000
-305.1787 0.0000
-304.8835 0.0000
-304.9949 0.0000
-304.2363 0.0000
-303.9787 0.0000
-303.3033 0.0000
-303.8965 0.0000
-303.7026 0.0000
-303.6618 0.0000
-302.8712 0.0000
-303.5031 0.0000
-303.8910 0.0000
-303.8566 0.0000
-303.5978 0.0000
-304.3383 0.0000
-303.2105 0.0000
-303.1664 0.0000
-303.0729 0.0000
-304.2494 0.0000
-302.4011 0.0000
-302.4019 0.0000
-302.5466 0.0000
-301.7098 0.0000
-302.0159 0.0000
-301.0061 0.0000
-303.0679 0.0000
-302.0101 0.0000
-303.0731 0.0000
-301.9684 0.0000
-303.3089 0.0000
-301.4015 0.0000
-301.6759 0.0000
-302.1231 0.0000
-302.9234 0.0000
-301.3411 0.0000
-300.9011 0.0000
-300.9531 0.0000
-301.5888 0.0000
-302.4277 0.0000
-302.5735 0.0000
-302.6465 0.0000
-303.2233 0.0000
-303.2995 0.0000
-303.2934 0.0000
-303.6985 0.0000
-302.9331 0.0000
-303.8814 0.0000
-303.3475 0.0000
-303.2546 0.0000
-303.0102 0.0000
-302.9885 0.0000
-303.7289 0.0000
-303.4373 0.0000
-303.2962 0.0000
-301.9644 0.0000
-301.9394 0.0000
-301.9939 0.0000
-301.1920 0.0000
-302.2576 0.0000
-301.6256 0.0000
-300.8262 0.0000
-300.8085 0.0000
-299.5157 0.0000
-299.3119 0.0000
-301.2860 0.0000
-301.1782 0.0000
-301.1021 0.0000
-301.6628 0.0000
-301.9667 0.0000
-301.5645 0.0000
-301.9932 0.0000
-302.0504 0.0000
-300.9213 0.0000
-301.1756 0.0000
-301.6841 0.0000
-301.8202 0.0000
-301.3733 0.0000
-301.8948 0.0000
-301.1018 0.0000
-301.5961 0.0000
-301.2736 0.0000
-300.8915 0.0000
-300.2928 0.0000
-298.2559 0.0000
-301.2608 0.0000
-301.6528 0.0000
-301.3578 0.0000
-302.4233 0.0000
-301.3344 0.0000
-301.4760 0.0000
-302.6962 0.0000
-303.3432 0.0000
-302.2477 0.0000
-301.7057 0.0000
-304.5729 0.0000
-303.4720 0.0000
-303.0277 0.0000
-302.8862 0.0000
-303.8377 0.0000
-302.6455 0.0000
-303.5578 0.0000
-303.6122 0.0000
-302.6127 0.0000
-303.5386 0.0000
-303.0564 0.0000
-303.4059 0.0000
-303.8150 0.0000
-304.0919 0.0000
-305.4367 0.0000
-306.3971 0.0000
-305.6537 0.0000
-304.6112 0.0000
-304.5312 0.0000
-303.4765 0.0000
-303.0159 0.0000
-303.1102 0.0000
-302.3309 0.0000
-302.0437 0.0000
-302.1845 0.0000
-302.7779 0.0000
-302.2724 0.0000
-302.5789 0.0000
-301.4582 0.0000
-303.0963 0.0000
-302.6416 0.0000
-302.9604 0.0000
-302.7469 0.0000
-303.2936 0.0000
-302.8811 0.0000
-302.7188 0.0000
-303.5419 0.0000
-303.5427 0.0000
-304.8182 0.0000
-303.7296 0.0000
-302.4618 0.0000
-301.9333 0.0000
-301.7374 0.0000
-301.4412 0.0000
-302.2800 0.0000
-302.2717 0.0000
-302.6365 0.0000
-301.1911 0.0000
-302.2059 0.0000
-302.2876 0.0000
-303.9670 0.0000
-304.8988 0.0000
-304.1229 0.0000
-305.0618 0.0000
-305.6357 0.0000
-304.0129 0.0000
-304.8119 0.0000
-303.8640 0.0000
-303.6541 0.0000
-304.9239 0.0000
-304.1132 0.0000
-305.3042 0.0000
-305.3225 0.0000
-304.4433 0.0000
-303.8853 0.0000
-304.3530 0.0000
-304.5605 0.0000
-303.7433 0.0000
-304.1687 0.0000
-304.3237 0.0000
-302.8103 0.0000
-301.9728 0.0000
-300.3499 0.0000
-302.5228 0.0000
-301.2896 0.0000
-298.8630 0.0000
-300.1712 0.0000
-300.1676 0.0000
-298.3252 0.0000
-297.6668 0.0000
-298.0557 0.0000
-298.9044 0.0000
-299.8519 0.0000
-297.8247 0.0000
-297.6400 0.0000
-296.2664 0.0000
-295.0246 0.0000
-297.7575 0.0000
-297.4596 0.0000
-297.6118 0.0000
-296.5224 0.0000
-296.9580 0.0000
-296.5392 0.0000
-296.5426 0.0000
-296.5450 0.0000
-296.5534 0.0000
-297.1255 0.0000
-297.3376 0.0000
-295.6188 0.0000
-295.3325 0.0000
-295.4034 0.0000
-294.6572 0.0000
-295.6611 0.0000
-295.6003 0.0000
-295.1170 0.0000
-295.2002 0.0000
-295.9705 0.0000
-294.8599 0.0000
-296.3390 0.0000
-296.9811 0.0000
-295.6529 0.0000
-296.2694 0.0000
-295.2876 0.0000
-294.9253 0.0000
-294.8793 0.0000
-294.5028 0.0000
-293.6015 0.0000
-296.2564 0.0000
-295.9213 0.0000
-295.4192 0.0000
-295.1181 0.0000
-294.5758 0.0000
-296.3840 0.0000
-295.4427 0.0000
-295.7625 0.0000
-294.9047 0.0000
-295.0782 0.0000
-295.6459 0.0000
-295.8317 0.0000
-294.4365 0.0000
-294.9643 0.0000
-295.8775 0.0000
-296.8728 0.0000
-296.6318 0.0000
-296.6565 0.0000
-296.5297 0.0000
-295.3584 0.0000
-295.3484 0.0000
-296.1864 0.0000
-295.7519 0.0000
-296.5221 0.0000
-296.7648 0.0000
-297.5496 0.0000
-297.3513 0.0000
-298.9780 0.0000
-298.3116 0.0000
-299.1739 0.0000
-300.2778 0.0000
-300.4505 0.0000
-300.5064 0.0000
-301.2617 0.0000
-300.6247 0.0000
-300.9904 0.0000
-300.6987 0.0000
-301.8667 0.0000
-301.5129 0.0000
-301.2045 0.0000
-302.9607 0.0000
-301.4423 0.0000
-302.8214 0.0000
-300.2486 0.0000
-299.0923 0.0000
-298.3713 0.0000
-298.9284 0.0000
-297.6428 0.0000
-298.5983 0.0000
-297.4277 0.0000
-297.2022 0.0000
-298.5034 0.0000
-298.3404 0.0000
-299.6213 0.0000
-297.1435 0.0000
-293.8606 0.0000
-294.5870 0.0000
-292.7006 0.0000
-293.4052 0.0000
-294.3058 0.0000
-291.7195 0.0000
-293.2093 0.0000
-292.4052 0.0000
-291.6176 0.0000
-294.1327 0.0000
-293.2983 0.0000
-293.3675 0.0000
-292.5475 0.0000
-294.2528 0.0000
-293.0873 0.0000
-294.8807 0.0000
-291.0436 0.0000
-292.3915 0.0000
-292.1610 0.0000
-292.1186 0.0000
-291.9575 0.0000
-291.2880 0.0000
-291.6612 0.0000
-292.9227 0.0000
-291.6828 0.0000
-291.0846 0.0000
-290.3501 0.0000
-291.4602 0.0000
-290.5370 0.0000
-291.8177 0.0000
-291.0956 0.0000
-291.3262 0.0000
-290.9730 0.0000
-290.1789 0.0000
-290.2450 0.0000
-290.1577 0.0000
-290.6569 0.0000
-289.7770 0.0000
-289.2537 0.0000
-289.2602 0.0000
-289.2624 0.0000
-288.4844 0.0000
-288.2508 0.0000
-287.1238 0.0000
-288.0757 0.0000
-287.3131 0.0000
-286.6329 0.0000
-286.5595 0.0000
-288.0484 0.0000
-289.2878 0.0000
-288.4181 0.0000
-286.8752 0.0000
-285.3506 0.0000
-285.9320 0.0000
-288.3307 0.0000
-289.0787 0.0000
-288.5543 0.0000
-288.4597 0.0000
-289.7859 0.0000
-288.5676 0.0000
-289.0606 0.0000
-289.3947 0.0000
-289.7270 0.0000
-289.6055 0.0000
-290.2208 0.0000
-291.5252 0.0000
-292.0501 0.0000
-291.8663 0.0000
-292.7657 0.0000
-294.2242 0.0000
-293.3192 0.0000
-293.1263 0.0000
-293.3210 0.0000
-294.4513 0.0000
-296.0228 0.0000
-295.2034 0.0000
-297.2878 0.0000
-297.1710 0.0000
-298.1165 0.0000
-299.0320 0.0000
-299.6836 0.0000
-298.7137 0.0000
-298.8699 0.0000
-297.5197 0.0000
-298.2921 0.0000
-298.4163 0.0000
-300.2344 0.0000
-300.3924 0.0000
-299.6867 0.0000
-301.0231 0.0000
-301.2549 0.0000
-301.5521 0.0000
-300.5649 0.0000
-300.7817 0.0000
-301.7446 0.0000
-301.4364 0.0000
-301.0831 0.0000
-301.7891 0.0000
-300.0065 0.0000
-299.8314 0.0000
-298.9959 0.0000
-299.2655 0.0000
-297.5323 0.0000
-299.1766 0.0000
-300.0948 0.0000
-300.0299 0.0000
-298.3979 0.0000
-298.1698 0.0000
-299.1693 0.0000
-299.6056 0.0000
-300.2089 0.0000
-301.0068 0.0000
-299.3902 0.0000
-299.5048 0.0000
-300.0906 0.0000
-300.8175 0.0000
-302.8592 0.0000
-300.9637 0.0000
-302.6668 0.0000
-302.6357 0.0000
-304.4764 0.0000
-305.3783 0.0000
-306.6621 0.0000
-306.5236 0.0000
-308.0310 0.0000
-307.0072 0.0000
-306.3170 0.0000
-306.4904 0.0000
-308.1362 0.0000
-306.9346 0.0000
-305.4105 0.0000
-307.1402 0.0000
-305.9056 0.0000
-306.1711 0.0000
-305.0924 0.0000
-303.9466 0.0000
-303.6671 0.0000
-303.4437 0.0000
-304.9284 0.0000
-302.5262 0.0000
-305.0896 0.0000
-306.7589 0.0000
-306.5770 0.0000
-306.5315 0.0000
-308.9363 0.0000
-304.0058 0.0000
-305.2765 0.0000
-305.5552 0.0000
-304.8479 0.0000
-305.4801 0.0000
-307.1661 0.0000
-306.7741 0.0000
-305.4348 0.0000
-306.1868 0.0000
-308.2415 0.0000
-307.1709 0.0000
-308.8543 0.0000
-311.4649 0.0000
-311.7139 0.0000
-311.7635 0.0000
-311.2393 0.0000
-310.7341 0.0000
-312.1460 0.0000
-312.4660 0.0000
-312.0812 0.0000
-311.5920 0.0000
-310.7703 0.0000
-311.5024 0.0000
-310.2453 0.0000
-310.5969 0.0000
-311.7781 0.0000
-311.1950 0.0000
-311.4630 0.0000
-311.8529 0.0000
-311.4090 0.0000
-310.9096 0.0000
-312.1170 0.0000
-310.8295 0.0000
-311.4172 0.0000
-310.5797 0.0000
-310.2905 0.0000
-309.8198 0.0000
-309.4521 0.0000
-309.5388 0.0000
-310.1687 0.0000
-309.0376 0.0000
-309.9090 0.0000
-308.5592 0.0000
-310.0600 0.0000
-309.2335 0.0000
-310.6081 0.0000
-309.7349 0.0000
-310.2787 0.0000
-311.0178 0.0000
-311.8569 0.0000
-310.1309 0.0000
-308.8805 0.0000
-308.8938 0.0000
-309.9021 0.0000
-310.3892 0.0000
-310.7723 0.0000
-309.8219 0.0000
-310.4510 0.0000
-310.2720 0.0000
-310.4292 0.0000
-310.6661 0.0000
-311.0924 0.0000
-310.9151 0.0000
-311.6934 0.0000
-310.6184 0.0000
-310.4439 0.0000
-311.2508 0.0000
-310.9809 0.0000
-310.8570 0.0000
-310.5531 0.0000
-310.8623 0.0000
-309.6292 0.0000
-308.7200 0.0000
-307.8768 0.0000
-306.9436 0.0000
-305.6623 0.0000
-304.8211 0.0000
-304.9342 0.0000
-304.9557 0.0000
-306.5543 0.0000
-307.2411 0.0000
-307.5595 0.0000
-308.2849 0.0000
-309.9031 0.0000
-308.5011 0.0000
-308.7616 0.0000
-308.4061 0.0000
-308.2446 0.0000
-307.5279 0.0000
-308.1135 0.0000
-308.0800 0.0000
-308.9065 0.0000
-306.5844 0.0000
-307.0809 0.0000
-307.7385 0.0000
-307.6769 0.0000
-306.9068 0.0000
-307.8152 0.0000
-307.7902 0.0000
-307.0339 0.0000
-307.0909 0.0000
-306.6877 0.0000
-305.9157 0.0000
-307.4578 0.0000
-307.7371 0.0000
-304.8080 0.0000
-305.5198 0.0000
-305.7133 0.0000
-303.9209 0.0000
-305.2332 0.0000
-304.1939 0.0000
-304.1043 0.0000
-304.4514 0.0000
-303.5980 0.0000
-303.5620 0.0000
-302.9508 0.0000
-303.9170 0.0000
-303.4151 0.0000
-303.2181 0.0000
-302.8411 0.0000
-302.8979 0.0000
-301.0334 0.0000
-301.8365 0.0000
-303.0733 0.0000
-304.0925 0.0000
-301.1036 0.0000
-302.5643 0.0000
-301.0434 0.0000
-301.4146 0.0000
-301.6004 0.0000
-301.2808 0.0000
-300.7930 0.0000
-301.7371 0.0000
-303.4187 0.0000
-300.3736 0.0000
-300.9838 0.0000
-301.9815 0.0000
-300.1981 0.0000
-299.8702 0.0000
-299.3903 0.0000
-299.8713 0.0000
-298.3498 0.0000
-298.4463 0.0000
-297.2059 0.0000
-298.0841 0.0000
-296.6414 0.0000
-297.0231 0.0000
-296.8587 0.0000
-298.2800 0.0000
-296.4432 0.0000
-297.5026 0.0000
-298.2235 0.0000
-297.3025 0.0000
-297.2062 0.0000
-298.3809 0.0000
-298.3128 0.0000
-297.7220 0.0000
-298.3232 0.0000
-298.4411 0.0000
-298.9806 0.0000
-297.8715 0.0000
-298.2840 0.0000
-299.0112 0.0000
-299.6144 0.0000
-299.8198 0.0000
-300.2969 0.0000
-300.0540 0.0000
-300.2194 0.0000
-301.5951 0.0000
-300.0657 0.0000
-300.2572 0.0000
-298.9145 0.0000
-300.2665 0.0000
-301.3756 0.0000
-301.6307 0.0000
-300.2135 0.0000
-299.6784 0.0000
-300.1323 0.0000
-300.2297 0.0000
-299.2604 0.0000
-300.7396 0.0000
-302.5880 0.0000
-300.2173 0.0000
-301.6605 0.0000
-301.5022 0.0000
-300.6831 0.0000
-302.1362 0.0000
-302.0497 0.0000
-302.6814 0.0000
-302.8321 0.0000
-301.8923 0.0000
-302.8111 0.0000
-303.2327 0.0000
-301.7908 0.0000
-303.6947 0.0000
-302.2673 0.0000
-301.3386 0.0000
-303.1280 0.0000
-303.3758 0.0000
-302.8250 0.0000
-302.9629 0.0000
-303.7841 0.0000
-302.2875 0.0000
-301.2560 0.0000
-301.3746 0.0000
-303.1946 0.0000
-301.8949 0.0000
-302.2633 0.0000
-302.0583 0.0000
-301.6566 0.0000
-301.8613 0.0000
-302.8384 0.0000
-301.1093 0.0000
-301.7944 0.0000
-300.6994 0.0000
-300.1001 0.0000
-299.4781 0.0000
-299.4367 0.0000
-299.7037 0.0000
-299.6382 0.0000
-299.5884 0.0000
-299.9910 0.0000
-300.7878 0.0000
-300.3663 0.0000
-301.2342 0.0000
-300.3197 0.0000
-300.1969 0.0000
-299.6583 0.0000
-298.1142 0.0000
-299.7728 0.0000
-300.3190 0.0000
-298.6231 0.0000
-298.1649 0.0000
-299.4437 0.0000
-299.1229 0.0000
-297.2438 0.0000
-298.3945 0.0000
-297.1804 0.0000
-298.7159 0.0000
-299.8505 0.0000
-299.7492 0.0000
-299.7447 0.0000
-299.3828 0.0000
-300.4661 0.0000
-301.2780 0.0000
-299.3788 0.0000
-300.7430 0.0000
-301.1328 0.0000
-301.3664 0.0000
-301.0560 0.0000
-303.1181 0.0000
-301.2138 0.0000
-301.4560 0.0000
-301.0038 0.0000
-300.5046 0.0000
-300.7330 0.0000
-300.5564 0.0000
-301.3062 0.0000
-301.5915 0.0000
-301.4378 0.0000
-301.1670 0.0000
-301.6661 0.0000
-302.7868 0.0000
-302.9454 0.0000
-303.8774 0.0000
-301.9285 0.0000
-302.2537 0.0000
-301.9106 0.0000
-303.8389 0.0000
-301.7544 0.0000
-301.0445 0.0000
-302.0036 0.0000
-302.6319 0.0000
-301.6723 0.0000
-304.1278 0.0000
-304.0262 0.0000
-304.5053 0.0000
-303.7008 0.0000
-304.0684 0.0000
-304.6639 0.0000
-303.5140 0.0000
-304.0371 0.0000
-304.0684 0.0000
-303.2633 0.0000
-303.7840 0.0000
-304.3145 0.0000
-303.5723 0.0000
-303.2199 0.0000
-303.9705 0.0000
-303.8917 0.0000
-304.1694 0.0000
-303.3484 0.0000
-301.9707 0.0000
-302.4308 0.0000
-302.5162 0.0000
-303.0175 0.0000
-303.6997 0.0000
-302.6326 0.0000
-302.9488 0.0000
-303.1589 0.0000
-302.6977 0.0000
-303.3133 0.0000
-302.9932 0.0000
-304.4511 0.0000
-304.2692 0.0000
-305.4787 0.0000
-304.7790 0.0000
-304.7229 0.0000
-304.6384 0.0000
-304.1631 0.0000
-303.7497 0.0000
-303.3323 0.0000
-303.2205 0.0000
-302.0966 0.0000
-301.5562 0.0000
-303.0231 0.0000
-302.0650 0.0000
-301.6201 0.0000
-301.0708 0.0000
-300.4683 0.0000
-301.7889 0.0000
-300.8653 0.0000
-300.3487 0.0000
-301.4458 0.0000
-299.9023 0.0000
-299.5887 0.0000
-299.6607 0.0000
-300.1908 0.0000
-300.8690 0.0000
-300.1143 0.0000
-299.8554 0.0000
-299.9971 0.0000
-300.8594 0.0000
-298.6340 0.0000
-299.3734 0.0000
-298.0616 0.0000
-299.1462 0.0000
-298.5794 0.0000
-299.8010 0.0000
-298.6095 0.0000
-297.9698 0.0000
-298.6046 0.0000
-297.4961 0.0000
-298.4135 0.0000
-298.2769 0.0000
-298.6318 0.0000
-298.2251 0.0000
-297.8399 0.0000
-297.6841 0.0000
-297.1605 0.0000
-297.8911 0.0000
-297.9209 0.0000
-299.0674 0.0000
-297.0639 0.0000
-296.9380 0.0000
-297.0473 0.0000
-295.9054 0.0000
-296.2436 0.0000
-297.3899 0.0000
-296.7997 0.0000
-296.6882 0.0000
-296.2459 0.0000
-297.3266 0.0000
-298.8491 0.0000
-297.2651 0.0000
-296.1992 0.0000
-296.7262 0.0000
-296.1793 0.0000
-296.5699 0.0000
-296.2521 0.0000
-296.2855 0.0000
-296.9333 0.0000
-296.0167 0.0000
-296.1747 0.0000
-296.3844 0.0000
-297.4186 0.0000
-295.8093 0.0000
-295.2197 0.0000
-297.0336 0.0000
-295.4971 0.0000
-295.7059 0.0000
-294.4270 0.0000
-293.8422 0.0000
-293.1782 0.0000
-294.1392 0.0000
-293.8998 0.0000
-295.3338 0.0000
-294.4807 0.0000
-294.7960 0.0000
-294.7405 0.0000
-295.0189 0.0000
-295.5696 0.0000
-295.2206 0.0000
-295.0336 0.0000
-295.2423 0.0000
-295.1106 0.0000
-294.2751 0.0000
-294.8645 0.0000
-295.6349 0.0000
-295.1670 0.0000
-294.9106 0.0000
-295.5957 0.0000
-295.6017 0.0000
-293.8972 0.0000
-293.5367 0.0000
-293.7881 0.0000
-293.1741 0.0000
-292.9034 0.0000
-292.6362 0.0000
-293.0079 0.0000
-292.9150 0.0000
-292.6334 0.0000
-292.5326 0.0000
-292.3927 0.0000
-292.7551 0.0000
-292.7257 0.0000
-291.7012 0.0000
-292.3699 0.0000
-291.7723 0.0000
-291.5908 0.0000
-292.1965 0.0000
-292.3679 0.0000
-292.2411 0.0000
-291.4471 0.0000
-292.5187 0.0000
-291.7677 0.0000
-294.0322 0.0000
-292.5584 0.0000
-292.8089 0.0000
-291.6868 0.0000
-291.8730 0.0000
-292.5368 0.0000
-293.2870 0.0000
-292.2276 0.0000
-293.7004 0.0000
-291.6232 0.0000
-290.7113 0.0000
-291.7179 0.0000
-291.2763 0.0000
-290.1145 0.0000
-291.4612 0.0000
-292.0860 0.0000
-290.5692 0.0000
-290.5035 0.0000
-291.0819 0.0000
-290.8142 0.0000
-290.2402 0.0000
-290.1594 0.0000
-290.4156 0.0000
-288.8139 0.0000
-290.0354 0.0000
-290.3840 0.0000
-290.2855 0.0000
-291.5548 0.0000
-291.0593 0.0000
-292.0198 0.0000
-292.5718 0.0000
-291.6264 0.0000
-292.2275 0.0000
-292.0775 0.0000
-292.5921 0.0000
-291.2967 0.0000
-291.1396 0.0000
-291.5088 0.0000
-290.7918 0.0000
-292.3455 0.0000
-291.3274 0.0000
-291.2902 0.0000
-290.3602 0.0000
-291.7211 0.0000
-291.7287 0.0000
-292.3931 0.0000
-292.0961 0.0000
-291.9725 0.0000
-291.4539 0.0000
-291.3338 0.0000
-291.8336 0.0000
-291.6700 0.0000
-290.9961 0.0000
-291.0001 0.0000
-290.8386 0.0000
-290.0161 0.0000
-290.2507 0.0000
-290.5026 0.0000
-289.9332 0.0000
-290.2832 0.0000
-290.6810 0.0000
-291.0650 0.0000
-291.6557 0.0000
-292.3962 0.0000
-290.5136 0.0000
-291.2891 0.0000
-291.5953 0.0000
-290.4671 0.0000
-289.7185 0.0000
-290.1726 0.0000
-290.0970 0.0000
-290.2500 0.0000
-290.8118 0.0000
-291.6082 0.0000
-289.9282 0.0000
-290.4199 0.0000
-289.8937 0.0000
-290.9333 0.0000
-291.4253 0.0000
-290.6381 0.0000
-291.4875 0.0000
-290.7975 0.0000
-290.5690 0.0000
-292.0159 0.0000
-291.7471 0.0000
-292.4833 0.0000
-292.8103 0.0000
-292.7447 0.0000
-294.1851 0.0000
-292.7957 0.0000
-292.3225 0.0000
-292.3096 0.0000
-293.3308 0.0000
-292.9007 0.0000
-293.5762 0.0000
-294.6015 0.0000
-293.2756 0.0000
-292.8061 0.0000
-292.7705 0.0000
-291.9837 0.0000
-292.0065 0.0000
-292.1722 0.0000
-291.8062 0.0000
-290.5954 0.0000
-289.4764 0.0000
-290.6635 0.0000
-291.1004 0.0000
-290.1336 0.0000
-290.3003 0.0000
-290.5519 0.0000
-289.9195 0.0000
-290.0154 0.0000
-289.5521 0.0000
-291.1396 0.0000
-289.6118 0.0000
-289.3781 0.0000
-290.2769 0.0000
-291.3674 0.0000
-290.9808 0.0000
-288.8753 0.0000
-290.1327 0.0000
-291.5080 0.0000
-290.4524 0.0000
-290.7558 0.0000
-289.3127 0.0000
-288.4864 0.0000
-288.9784 0.0000
-288.3652 0.0000
-289.7773 0.0000
-289.4840 0.0000
-289.8175 0.0000
-289.0640 0.0000
-289.1980 0.0000
-289.4934 0.0000
-289.6323 0.0000
-290.2512 0.0000
-289.2065 0.0000
-288.2943 0.0000
-289.2820 0.0000
-289.5712 0.0000
-288.2907 0.0000
-288.9772 0.0000
-288.9383 0.0000
-290.8025 0.0000
-290.6878 0.0000
-288.8188 0.0000
-288.7972 0.0000
-288.3544 0.0000
-287.7474 0.0000
-288.8615 0.0000
-288.5470 0.0000
-289.2515 0.0000
-288.6506 0.0000
-288.5071 0.0000
-287.2083 0.0000
-287.7747 0.0000
-287.7896 0.0000
-286.6538 0.0000
-286.2651 0.0000
-285.7424 0.0000
-285.6966 0.0000
-286.7055 0.0000
-285.7616 0.0000
-287.2658 0.0000
-286.9725 0.0000
-287.3384 0.0000
-287.0018 0.0000
-287.0112 0.0000
-286.7657 0.0000
-285.7868 0.0000
-285.9355 0.0000
-286.5826 0.0000
-286.6462 0.0000
-286.7492 0.0000
-286.3544 0.0000
-286.5016 0.0000
-287.6987 0.0000
-288.6784 0.0000
-288.1380 0.0000
-287.2938 0.0000
-286.7471 0.0000
-285.9934 0.0000
-284.8472 0.0000
-284.7050 0.0000
-283.9290 0.0000
-283.2660 0.0000
-284.0375 0.0000
-283.0766 0.0000
-284.1079 0.0000
-283.1272 0.0000
-284.7015 0.0000
-283.0604 0.0000
-283.7001 0.0000
-282.8287 0.0000
-283.8904 0.0000
-283.0573 0.0000
-282.2460 0.0000
-282.3496 0.0000
-282.2431 0.0000
-283.4508 0.0000
-281.8433 0.0000
-281.7670 0.0000
-282.3143 0.0000
-281.1005 0.0000
-282.4048 0.0000
-282.6225 0.0000
-282.3929 0.0000
-281.4056 0.0000
-281.6119 0.0000
-281.5476 0.0000
-282.0556 0.0000
-282.4984 0.0000
-282.5254 0.0000
-282.3951 0.0000
-281.1254 0.0000
-280.7998 0.0000
-281.1538 0.0000
-281.1541 0.0000
-280.2362 0.0000
-280.7622 0.0000
-281.4163 0.0000
-281.8160 0.0000
-282.3258 0.0000
-282.8220 0.0000
-282.4442 0.0000
-282.7359 0.0000
-282.7816 0.0000
-282.8507 0.0000
-282.4324 0.0000
-282.7831 0.0000
-283.3922 0.0000
-282.8482 0.0000
-283.3921 0.0000
-282.1487 0.0000
-282.9637 0.0000
-282.6445 0.0000
-282.4305 0.0000
-281.5995 0.0000
-281.8963 0.0000
-282.2369 0.0000
-281.4286 0.0000
-282.6558 0.0000
-280.6919 0.0000
-281.3040 0.0000
-282.1282 0.0000
-281.8690 0.0000
-281.8772 0.0000
-282.1313 0.0000
-282.5151 0.0000
-282.4474 0.0000
-281.7806 0.0000
-281.2770 0.0000
-281.6509 0.0000
-281.4118 0.0000
-282.2847 0.0000
-281.1050 0.0000
-281.6042 0.0000
-281.7372 0.0000
-282.5790 0.0000
-280.5815 0.0000
-282.2356 0.0000
-282.0519 0.0000
-281.4569 0.0000
-281.4180 0.0000
-280.5938 0.0000
-281.1561 0.0000
-281.0289 0.0000
-280.4985 0.0000
-280.3250 0.0000
-280.3475 0.0000
-281.1797 0.0000
-279.8540 0.0000
-280.1694 0.0000
-280.8020 0.0000
-281.8462 0.0000
-282.5108 0.0000
-282.0781 0.0000
-281.6045 0.0000
-282.4572 0.0000
-282.5793 0.0000
-283.7741 0.0000
-283.1376 0.0000
-283.2591 0.0000
-283.3912 0.0000
-284.1878 0.0000
-283.7758 0.0000
-282.6812 0.0000
-283.0547 0.0000
-282.3414 0.0000
-281.9309 0.0000
-282.6277 0.0000
-281.3575 0.0000
-280.5863 0.0000
-279.6607 0.0000
-279.2387 0.0000
-280.2991 0.0000
-280.9627 0.0000
-280.2963 0.0000
-280.7985 0.0000
-280.2373 0.0000
-279.5293 0.0000
-278.1261 0.0000
-278.5524 0.0000
-278.6358 0.0000
-278.5566 0.0000
-277.7116 0.0000
-278.3850 0.0000
-278.3470 0.0000
-277.7896 0.0000
-278.5688 0.0000
-277.8890 0.0000
-279.1776 0.0000
-278.1992 0.0000
-278.0368 0.0000
-278.1289 0.0000
-276.8298 0.0000
-278.2990 0.0000
-279.6101 0.0000
-278.3158 0.0000
-279.1445 0.0000
-279.3599 0.0000
-279.2168 0.0000
-279.5111 0.0000
-279.9685 0.0000
-279.1717 0.0000
-279.6273 0.0000
-279.1903 0.0000
-279.9059 0.0000
-281.0775 0.0000
-279.2270 0.0000
-278.8112 0.0000
-279.4162 0.0000
-278.6242 0.0000
-277.6174 0.0000
-277.2653 0.0000
-277.4122 0.0000
-277.5469 0.0000
-277.0372 0.0000
-276.9455 0.0000
-277.8066 0.0000
-277.2635 0.0000
-276.6126 0.0000
-276.7904 0.0000
-276.8966 0.0000
-276.8955 0.0000
-276.1325 0.0000
-275.1049 0.0000
-275.5573 0.0000
-275.8341 0.0000
-276.3042 0.0000
-276.2803 0.0000
-276.2660 0.0000
-276.1225 0.0000
-275.2756 0.0000
-275.8264 0.0000
-276.1251 0.0000
-276.2381 0.0000
-275.4392 0.0000
-275.6371 0.0000
-276.5183 0.0000
-275.8251 0.0000
-276.2037 0.0000
-276.7231 0.0000
-277.2413 0.0000
-278.0302 0.0000
-277.6365 0.0000
-276.2674 0.0000
-276.8244 0.0000
-275.9794 0.0000
-275.9483 0.0000
-276.2242 0.0000
-276.3058 0.0000
-276.7923 0.0000
-276.6201 0.0000
-277.1875 0.0000
-276.2121 0.0000
-276.3544 0.0000
-277.6007 0.0000
-278.2073 0.0000
-279.0110 0.0000
-277.3100 0.0000
-276.4026 0.0000
-276.4111 0.0000
-276.8673 0.0000
-276.8239 0.0000
-276.2545 0.0000
-277.0665 0.0000
-276.4006 0.0000
-276.7883 0.0000
-277.7288 0.0000
-276.1272 0.0000
-276.9703 0.0000
-276.5766 0.0000
-276.3029 0.0000
-276.3606 0.0000
-275.1842 0.0000
-277.0714 0.0000
-276.1160 0.0000
-275.2512 0.0000
-278.1540 0.0000
-278.3119 0.0000
-276.5429 0.0000
-275.8043 0.0000
-276.7478 0.0000
-276.4793 0.0000
-277.3486 0.0000
-277.7409 0.0000
-276.6073 0.0000
-276.3537 0.0000
-275.2404 0.0000
-277.6762 0.0000
-276.8845 0.0000
-276.7390 0.0000
-277.0487 0.0000
-275.7921 0.0000
-275.7046 0.0000
-274.9141 0.0000
-276.0135 0.0000
-274.9733 0.0000
-275.3021 0.0000
-275.6304 0.0000
-275.1926 0.0000
-275.9739 0.0000
-275.8957 0.0000
-277.2810 0.0000
-275.3200 0.0000
-275.1091 0.0000
-275.5149 0.0000
-277.5867 0.0000
-275.2402 0.0000
-276.0921 0.0000
-275.6765 0.0000
-274.5806 0.0000
-275.4973 0.0000
-274.0696 0.0000
-273.9678 0.0000
-274.3312 0.0000
-275.2054 0.0000
-273.7129 0.0000
-274.8174 0.0000
-275.2581 0.0000
-275.0666 0.0000
-275.0407 0.0000
-274.6710 0.0000
-274.8721 0.0000
-275.6641 0.0000
-275.7444 0.0000
-275.1851 0.0000
-274.5456 0.0000
-274.0476 0.0000
-274.9358 0.0000
-275.4357 0.0000
-275.0257 0.0000
-274.7652 0.0000
-274.9841 0.0000
-274.4980 0.0000
-274.7613 0.0000
-273.4521 0.0000
-272.7541 0.0000
-271.8926 0.0000
-273.1187 0.0000
-273.4695 0.0000
-273.9935 0.0000
-274.5763 0.0000
-273.6604 0.0000
-274.7379 0.0000
-273.8846 0.0000
-275.0585 0.0000
-274.2939 0.0000
-273.9126 0.0000
-274.0839 0.0000
-274.4051 0.0000
-275.5345 0.0000
-274.0202 0.0000
-273.2212 0.0000
-273.5257 0.0000
-275.1282 0.0000
-275.5230 0.0000
-275.0538 0.0000
-274.5615 0.0000
-274.4197 0.0000
-274.2899 0.0000
-275.1621 0.0000
-275.9323 0.0000
-275.6067 0.0000
-275.4751 0.0000
-274.9315 0.0000
-274.7172 0.0000
-275.1097 0.0000
-276.4867 0.0000
-274.5591 0.0000
-274.6728 0.0000
-275.2732 0.0000
-275.5669 0.0000
-275.7367 0.0000
-275.1515 0.0000
-274.8312 0.0000
-275.1078 0.0000
-274.8423 0.0000
-275.5912 0.0000
-275.6800 0.0000
-276.3437 0.0000
-276.2887 0.0000
-276.5106 0.0000
-275.0906 0.0000
-275.5739 0.0000
-276.9600 0.0000
-276.1856 0.0000
-276.6649 0.0000
-276.4800 0.0000
-276.1319 0.0000
-276.2126 0.0000
-276.5620 0.0000
-276.5417 0.0000
-276.4546 0.0000
-276.2291 0.0000
-276.3458 0.0000
-277.1259 0.0000
-276.2486 0.0000
-276.2951 0.0000
-277.3885 0.0000
-277.1196 0.0000
-277.6529 0.0000
-278.5600 0.0000
-276.8373 0.0000
-276.9040 0.0000
-276.5714 0.0000
-277.0307 0.0000
-277.4510 0.0000
-277.1914 0.0000
-276.9035 0.0000
-276.1345 0.0000
-278.1945 0.0000
-276.4612 0.0000
-277.4227 0.0000
-276.9404 0.0000
-278.3309 0.0000
-278.6531 0.0000
-278.7959 0.0000
-278.1900 0.0000
-276.6186 0.0000
-277.1286 0.0000
-276.1337 0.0000
-276.1175 0.0000
-276.2004 0.0000
-275.7204 0.0000
-275.3527 0.0000
-276.0058 0.0000
-277.0635 0.0000
-276.5493 0.0000
-277.1206 0.0000
-277.0731 0.0000
-277.8109 0.0000
-277.7280 0.0000
-278.3217 0.0000
-279.1235 0.0000
-278.8800 0.0000
-278.1387 0.0000
-278.6851 0.0000
-279.2447 0.0000
-279.3777 0.0000
-278.8712 0.0000
-279.2695 0.0000
-278.8086 0.0000
-278.5588 0.0000
-279.3160 0.0000
-279.4741 0.0000
-280.0838 0.0000
-280.7527 0.0000
-278.9165 0.0000
-277.8347 0.0000
-277.8970 0.0000
-279.1444 0.0000
-280.1940 0.0000
-280.0983 0.0000
-280.3870 0.0000
-280.3667 0.0000
-280.1863 0.0000
-280.6660 0.0000
-279.7362 0.0000
-280.3911 0.0000
-280.9546 0.0000
-280.1104 0.0000
-279.9217 0.0000
-280.7126 0.0000
-281.1224 0.0000
-282.0335 0.0000
-282.3276 0.0000
-282.5441 0.0000
-282.5693 0.0000
-283.3827 0.0000
-283.6836 0.0000
-283.8017 0.0000
-283.0669 0.0000
-283.0182 0.0000
-283.1544 0.0000
-282.8163 0.0000
-283.6840 0.0000
-283.5206 0.0000
-283.5646 0.0000
-284.4971 0.0000
-285.4006 0.0000
-286.1954 0.0000
-287.6967 0.0000
-288.6257 0.0000
-290.0113 0.0000
-290.2028 0.0000
-290.5640 0.0000
-290.2894 0.0000
-290.7713 0.0000
-290.7976 0.0000
-290.0317 0.0000
-290.6437 0.0000
-291.9300 0.0000
-291.7875 0.0000
-290.7466 0.0000
-290.4134 0.0000
-291.1121 0.0000
-290.4489 0.0000
-290.8171 0.0000
-291.8353 0.0000
-294.0318 0.0000
-294.0195 0.0000
-294.4557 0.0000
-294.1987 0.0000
-295.0352 0.0000
-294.6899 0.0000
-294.7731 0.0000
-295.4875 0.0000
-295.0855 0.0000
-294.4188 0.0000
-295.0882 0.0000
-293.8654 0.0000
-295.7600 0.0000
-294.7564 0.0000
-294.8300 0.0000
-294.5001 0.0000
-295.1959 0.0000
-296.3200 0.0000
-298.5581 0.0000
-295.8651 0.0000
-296.5000 0.0000
-295.4220 0.0000
-295.6061 0.0000
-294.5750 0.0000
-295.5668 0.0000
-295.0395 0.0000
-295.1517 0.0000
-294.9236 0.0000
-295.8318 0.0000
-294.2449 0.0000
-294.6362 0.0000
-294.7541 0.0000
-295.3481 0.0000
-293.8671 0.0000
-294.3444 0.0000
-294.5909 0.0000
-294.0662 0.0000
-292.3928 0.0000
-293.9956 0.0000
-293.1811 0.0000
-294.8505 0.0000
-294.9635 0.0000
-293.7946 0.0000
-294.5259 0.0000
-292.9614 0.0000
-293.4972 0.0000
-292.8501 0.0000
-293.3450 0.0000
-293.6263 0.0000
-294.7077 0.0000
-294.5167 0.0000
-292.6056 0.0000
-291.8566 0.0000
-291.8881 0.0000
-290.2507 0.0000
-291.2319 0.0000
-293.1166 0.0000
-291.9710 0.0000
-292.8050 0.0000
-293.2092 0.0000
-294.3314 0.0000
-294.9990 0.0000
-295.8081 0.0000
-297.2363 0.0000
-296.9697 0.0000
-295.9985 0.0000
-296.1929 0.0000
-297.4694 0.0000
-298.7922 0.0000
-298.5529 0.0000
-297.5437 0.0000
-295.5503 0.0000
-295.8587 0.0000
-295.6798 0.0000
-296.5129 0.0000
-296.1224 0.0000
-296.7911 0.0000
-296.3295 0.0000
-296.4782 0.0000
-296.4748 0.0000
-295.7101 0.0000
-294.4741 0.0000
-294.4091 0.0000
-294.1334 0.0000
-296.0212 0.0000
-294.9202 0.0000
-294.8100 0.0000
-295.5606 0.0000
-294.7147 0.0000
-292.5995 0.0000
-291.5422 0.0000
-292.6369 0.0000
-291.3870 0.0000
-292.6275 0.0000
-292.1962 0.0000
-291.9036 0.0000
-290.1886 0.0000
-290.8899 0.0000
-290.3781 0.0000
-290.7592 0.0000
-291.9140 0.0000
-291.3067 0.0000
-292.0783 0.0000
-292.9577 0.0000
-293.0821 0.0000
-293.2794 0.0000
-295.8734 0.0000
-296.4820 0.0000
-295.6805 0.0000
-294.3398 0.0000
-292.5409 0.0000
-292.6091 0.0000
-291.5346 0.0000
-291.2208 0.0000
-293.4527 0.0000
-293.1317 0.0000
-293.4804 0.0000
-293.7048 0.0000
-293.7242 0.0000
-293.2037 0.0000
-293.0429 0.0000
-292.7322 0.0000
-291.8488 0.0000
-291.8691 0.0000
-291.8351 0.0000
-293.7601 0.0000
-294.5459 0.0000
-294.9983 0.0000
-296.0381 0.0000
-296.0265 0.0000
-294.5263 0.0000
-295.7281 0.0000
-293.6788 0.0000
-292.4426 0.0000
-293.3958 0.0000
-294.0142 0.0000
-293.9492 0.0000
-293.4146 0.0000
-293.8301 0.0000
-294.1945 0.0000
-294.0801 0.0000
-295.0348 0.0000
-293.6867 0.0000
-295.7996 0.0000
-293.5930 0.0000
-295.3012 0.0000
-294.7324 0.0000
-294.1643 0.0000
-295.8415 0.0000
-295.1926 0.0000
-293.1485 0.0000
-292.2767 0.0000
-291.4657 0.0000
-292.8581 0.0000
-291.9506 0.0000
-293.1415 0.0000
-291.5381 0.0000
-292.0146 0.0000
-291.6869 0.0000
-292.4020 0.0000
-292.4524 0.0000
-291.8296 0.0000
-293.8228 0.0000
-293.5116 0.0000
-293.7951 0.0000
-293.6480 0.0000
-292.4035 0.0000
-293.7146 0.0000
-292.9805 0.0000
-292.5199 0.0000
-291.5082 0.0000
-292.0445 0.0000
-292.3645 0.0000
-288.8693 0.0000
-288.5889 0.0000
-289.7126 0.0000
-290.6219 0.0000
-289.2883 0.0000
-289.4908 0.0000
-288.6688 0.0000
-289.2148 0.0000
-289.0610 0.0000
-287.8205 0.0000
-288.7315 0.0000
-288.5716 0.0000
-288.5687 0.0000
-289.0944 0.0000
-289.8567 0.0000
-288.0259 0.0000
-288.8104 0.0000
-288.4178 0.0000
-286.9842 0.0000
-289.8771 0.0000
-288.9587 0.0000
-288.7105 0.0000
-288.2907 0.0000
-288.9536 0.0000
-288.3290 0.0000
-288.8580 0.0000
-288.8245 0.0000
-286.9673 0.0000
-288.5739 0.0000
-286.1766 0.0000
-286.3617 0.0000
-286.6445 0.0000
-286.4427 0.0000
-285.7406 0.0000
-288.3460 0.0000
-288.8399 0.0000
-287.6705 0.0000
-289.0688 0.0000
-286.7870 0.0000
-287.4703 0.0000
-288.2628 0.0000
-287.7806 0.0000
-286.3441 0.0000
-286.7121 0.0000
-286.9678 0.0000
-287.2923 0.0000
-285.4102 0.0000
-288.8555 0.0000
-289.9386 0.0000
-287.7117 0.0000
-288.7512 0.0000
-286.6060 0.0000
-287.7369 0.0000
-288.6631 0.0000
-290.3525 0.0000
-287.1096 0.0000
-287.5533 0.0000
-287.2820 0.0000
-291.8712 0.0000
-288.9503 0.0000
-286.9966 0.0000
-284.5072 0.0000
-282.4538 0.0000
-281.2360 0.0000
-282.0340 0.0000
-280.3418 0.0000
-279.1445 0.0000
-278.6921 0.0000
-278.9916 0.0000
-277.2465 0.0000
-277.2845 0.0000
-277.3545 0.0000
-278.7950 0.0000
-279.2431 0.0000
-277.9132 0.0000
-279.0104 0.0000
-278.7082 0.0000
-278.2413 0.0000
-278.7188 0.0000
-277.7369 0.0000
-278.1815 0.0000
-279.3262 0.0000
-278.5309 0.0000
-277.4835 0.0000
-277.3133 0.0000
-278.1948 0.0000
-279.1825 0.0000
-278.5820 0.0000
-279.5184 0.0000
-278.9861 0.0000
-278.9929 0.0000
-277.6709 0.0000
-278.8920 0.0000
-279.3590 0.0000
-278.4885 0.0000
-279.1860 0.0000
-278.7811 0.0000
-280.0254 0.0000
-279.9791 0.0000
-280.0725 0.0000
-279.8271 0.0000
-279.4439 0.0000
-281.1873 0.0000
-280.3914 0.0000
-280.7440 0.0000
-281.7106 0.0000
-282.4766 0.0000
-282.2417 0.0000
-282.8382 0.0000
-282.6814 0.0000
-281.5126 0.0000
-283.1017 0.0000
-282.3923 0.0000
-283.0375 0.0000
-282.9681 0.0000
-283.3833 0.0000
-284.9229 0.0000
-284.3987 0.0000
-284.3794 0.0000
-283.9963 0.0000
-285.0493 0.0000
-285.3674 0.0000
-284.5619 0.0000
-284.8922 0.0000
-283.9405 0.0000
-284.6950 0.0000
-285.4250 0.0000
-284.3626 0.0000
-285.0350 0.0000
-285.0268 0.0000
-284.8624 0.0000
-284.4763 0.0000
-283.3313 0.0000
-284.1379 0.0000
-284.2723 0.0000
-283.9724 0.0000
-284.6254 0.0000
-283.8424 0.0000
-284.8549 0.0000
-284.6838 0.0000
-284.8583 0.0000
-284.5817 0.0000
-285.1548 0.0000
-284.7832 0.0000
-284.5754 0.0000
-284.9439 0.0000
-285.1866 0.0000
-285.2918 0.0000
-285.2400 0.0000
-285.6478 0.0000
-285.4666 0.0000
-283.8170 0.0000
-285.2371 0.0000
-284.9154 0.0000
-284.8991 0.0000
-283.8938 0.0000
-283.9593 0.0000
-283.5013 0.0000
-284.1493 0.0000
-282.8861 0.0000
-282.6556 0.0000
-282.3957 0.0000
-283.8970 0.0000
-281.5635 0.0000
-281.7077 0.0000
-281.4214 0.0000
-281.6403 0.0000
-282.7560 0.0000
-283.4251 0.0000
-280.9313 0.0000
-281.1265 0.0000
-280.4475 0.0000
-279.9446 0.0000
-280.6511 0.0000
-281.0377 0.0000
-281.2893 0.0000
-280.8908 0.0000
-281.1929 0.0000
-281.9065 0.0000
-280.9647 0.0000
-279.4014 0.0000
-278.4370 0.0000
-279.4773 0.0000
-279.8793 0.0000
-279.3485 0.0000
-279.3217 0.0000
-280.5442 0.0000
-279.7427 0.0000
-278.9929 0.0000
-278.9428 0.0000
-279.4549 0.0000
-278.9210 0.0000
-279.9828 0.0000
-280.1045 0.0000
-280.1929 0.0000
-279.5248 0.0000
-279.9847 0.0000
-280.3634 0.0000
-280.1104 0.0000
-281.3211 0.0000
-281.7032 0.0000
-280.1885 0.0000
-279.4880 0.0000
-279.6615 0.0000
-279.2526 0.0000
-279.3528 0.0000
-278.9169 0.0000
-279.8950 0.0000
-279.8148 0.0000
-280.1489 0.0000
-279.6045 0.0000
-279.9534 0.0000
-281.2064 0.0000
-281.3468 0.0000
-281.6867 0.0000
-281.4223 0.0000
-280.1381 0.0000
-281.3040 0.0000
-281.6808 0.0000
-281.9672 0.0000
-281.7614 0.0000
-281.8356 0.0000
-282.2635 0.0000
-282.4251 0.0000
-283.5749 0.0000
-282.6293 0.0000
-282.3651 0.0000
-283.1887 0.0000
-282.6769 0.0000
-281.8395 0.0000
-283.0717 0.0000
-284.5653 0.0000
-284.3151 0.0000
-284.6838 0.0000
-285.1291 0.0000
-284.8303 0.0000
-283.9487 0.0000
-283.8711 0.0000
-284.6274 0.0000
-285.6739 0.0000
-286.3467 0.0000
-284.9455 0.0000
-286.0242 0.0000
-284.4076 0.0000
-285.6217 0.0000
-283.4415 0.0000
-283.5937 0.0000
-284.2118 0.0000
-285.1143 0.0000
-285.7592 0.0000
-286.1343 0.0000
-286.6222 0.0000
-286.7161 0.0000
-286.9856 0.0000
-285.4807 0.0000
-286.3929 0.0000
-285.5104 0.0000
-286.1904 0.0000
-286.7879 0.0000
-285.4792 0.0000
-284.9257 0.0000
-285.0835 0.0000
-285.8604 0.0000
-284.5466 0.0000
-284.2802 0.0000
-283.6391 0.0000
-283.5635 0.0000
-282.7721 0.0000
-283.0913 0.0000
-283.5654 0.0000
-283.6758 0.0000
-284.4716 0.0000
-282.9523 0.0000
-283.6524 0.0000
-282.7932 0.0000
-283.6683 0.0000
-282.8018 0.0000
-284.2033 0.0000
-283.5058 0.0000
-284.2011 0.0000
-283.9715 0.0000
-283.9219 0.0000
-284.6384 0.0000
-284.2771 0.0000
-283.9474 0.0000
-283.6119 0.0000
-283.2779 0.0000
-283.2045 0.0000
-283.0763 0.0000
-283.4269 0.0000
-283.2431 0.0000
-282.8511 0.0000
-281.7087 0.0000
-283.8145 0.0000
-283.5975 0.0000
-282.0707 0.0000
-281.3802 0.0000
-281.2944 0.0000
-280.9859 0.0000
-281.0413 0.0000
-280.6266 0.0000
-280.6760 0.0000
-280.5936 0.0000
-281.6119 0.0000
-281.5812 0.0000
-281.0135 0.0000
-281.3106 0.0000
-281.2140 0.0000
-281.1065 0.0000
-281.4442 0.0000
-281.9059 0.0000
-281.1231 0.0000
-281.9860 0.0000
-281.9334 0.0000
-282.0170 0.0000
-282.3632 0.0000
-281.7599 0.0000
-281.9252 0.0000
-282.9222 0.0000
-281.2163 0.0000
-281.3582 0.0000
-281.3957 0.0000
-281.3336 0.0000
-279.4988 0.0000
-281.5885 0.0000
-280.9831 0.0000
-281.5095 0.0000
-282.3404 0.0000
-281.2260 0.0000
-281.6264 0.0000
-281.8804 0.0000
-281.6135 0.0000
-281.0075 0.0000
-281.2697 0.0000
-282.1862 0.0000
-281.6620 0.0000
-281.9176 0.0000
-281.1029 0.0000
-281.9605 0.0000
-281.6002 0.0000
-282.5397 0.0000
-285.3513 0.0000
-286.3197 0.0000
-285.6209 0.0000
-285.8805 0.0000
-284.9436 0.0000
-286.7884 0.0000
-285.5025 0.0000
-287.2565 0.0000
-289.0324 0.0000
-287.4669 0.0000
-288.0211 0.0000
-286.7132 0.0000
-286.5589 0.0000
-285.5447 0.0000
-285.8610 0.0000
-286.1311 0.0000
-287.1231 0.0000
-286.6542 0.0000
-286.1421 0.0000
-286.3701 0.0000
-285.4483 0.0000
-283.3734 0.0000
-284.1700 0.0000
-283.4451 0.0000
-283.8612 0.0000
-283.8551 0.0000
-284.0943 0.0000
-283.8916 0.0000
-283.1692 0.0000
-283.5229 0.0000
-283.4467 0.0000
-281.3996 0.0000
-282.2786 0.0000
-280.6392 0.0000
-281.0120 0.0000
-280.3218 0.0000
-280.3773 0.0000
-281.0764 0.0000
-281.4571 0.0000
-281.2646 0.0000
-281.0109 0.0000
-280.8934 0.0000
-283.0243 0.0000
-281.2240 0.0000
-280.1435 0.0000
-280.0178 0.0000
-280.1469 0.0000
-279.1203 0.0000
-280.1620 0.0000
-280.6067 0.0000
-280.2214 0.0000
-279.6115 0.0000
-280.3244 0.0000
-280.3410 0.0000
-280.8417 0.0000
-279.4769 0.0000
-278.1227 0.0000
-279.2839 0.0000
-279.0787 0.0000
-278.7551 0.0000
-279.4054 0.0000
-278.0961 0.0000
-276.9533 0.0000
-276.5297 0.0000
-276.8115 0.0000
-278.5914 0.0000
-276.3800 0.0000
-277.1880 0.0000
-275.8768 0.0000
-277.9961 0.0000
-277.1118 0.0000
-276.8646 0.0000
-278.1402 0.0000
-278.5432 0.0000
-278.9691 0.0000
-278.1088 0.0000
-279.0662 0.0000
-279.1338 0.0000
-278.7922 0.0000
-277.7271 0.0000
-277.8878 0.0000
-277.6577 0.0000
-277.7394 0.0000
-276.5740 0.0000
-276.7379 0.0000
-276.8013 0.0000
-275.6827 0.0000
-276.3782 0.0000
-276.6438 0.0000
-277.6341 0.0000
-278.9933 0.0000
-277.7117 0.0000
-277.8668 0.0000
-278.2456 0.0000
-276.8148 0.0000
-277.4015 0.0000
-275.2036 0.0000
-275.5730 0.0000
-274.7581 0.0000
-275.1577 0.0000
-275.7715 0.0000
-274.2435 0.0000
-273.6322 0.0000
-273.6479 0.0000
-273.0250 0.0000
-273.0212 0.0000
-272.6190 0.0000
-272.9349 0.0000
-273.4025 0.0000
-272.9888 0.0000
-273.1841 0.0000
-272.3301 0.0000
-271.6349 0.0000
-272.7182 0.0000
-272.6255 0.0000
-272.0979 0.0000
-270.6420 0.0000
-273.5980 0.0000
-272.2607 0.0000
-271.5607 0.0000
-272.0094 0.0000
-269.8943 0.0000
-272.5076 0.0000
-271.2225 0.0000
-270.5563 0.0000
-269.7111 0.0000
-270.0869 0.0000
-269.0220 0.0000
-268.7655 0.0000
-269.0456 0.0000
-269.5631 0.0000
-269.0868 0.0000
-268.7982 0.0000
-270.7993 0.0000
-269.8318 0.0000
-268.9159 0.0000
-268.3048 0.0000
-269.3137 0.0000
-269.5974 0.0000
-268.9242 0.0000
-269.4465 0.0000
-269.6327 0.0000
-269.9701 0.0000
-269.3755 0.0000
-269.6675 0.0000
-270.6915 0.0000
-269.3256 0.0000
-271.7883 0.0000
-271.1353 0.0000
-271.6685 0.0000
-271.0363 0.0000
-270.9633 0.0000
-270.0546 0.0000
-270.6341 0.0000
-270.3188 0.0000
-270.2515 0.0000
-271.1368 0.0000
-271.0805 0.0000
-271.1967 0.0000
-271.5802 0.0000
-272.3720 0.0000
-271.6882 0.0000
-272.8262 0.0000
-272.9867 0.0000
-272.1412 0.0000
-272.3103 0.0000
-271.3700 0.0000
-273.5577 0.0000
-274.2837 0.0000
-275.3853 0.0000
-276.6332 0.0000
-277.9843 0.0000
-278.1733 0.0000
-279.8523 0.0000
-281.4614 0.0000
-279.9330 0.0000
-278.6800 0.0000
-279.2721 0.0000
-278.3135 0.0000
-279.1492 0.0000
-280.8585 0.0000
-282.7186 0.0000
-280.5068 0.0000
-282.7793 0.0000
-282.5524 0.0000
-283.6818 0.0000
-283.7012 0.0000
-282.3062 0.0000
-282.3925 0.0000
-283.2770 0.0000
-282.2425 0.0000
-281.8666 0.0000
-282.8862 0.0000
-282.5297 0.0000
-281.6604 0.0000
-280.6919 0.0000
-280.2909 0.0000
-281.2439 0.0000
-281.8538 0.0000
-281.0491 0.0000
-282.9209 0.0000
-283.1541 0.0000
-283.9580 0.0000
-282.9120 0.0000
-283.4154 0.0000
-282.4704 0.0000
-280.8888 0.0000
-281.5662 0.0000
-280.8238 0.0000
-279.1611 0.0000
-281.7733 0.0000
-282.2700 0.0000
-284.5211 0.0000
-282.1080 0.0000
-284.9588 0.0000
-282.4555 0.0000
-281.5621 0.0000
-283.2653 0.0000
-281.7509 0.0000
-283.6991 0.0000
-285.3190 0.0000
-284.8731 0.0000
-285.8198 0.0000
-286.9941 0.0000
-288.5676 0.0000
-288.5526 0.0000
-287.6111 0.0000
-286.9319 0.0000
-286.3784 0.0000
-286.7740 0.0000
-287.1866 0.0000
-288.7493 0.0000
-288.5691 0.0000
-288.9236 0.0000
-287.6271 0.0000
-287.1513 0.0000
-287.0604 0.0000
-286.5850 0.0000
-286.1118 0.0000
-284.3921 0.0000
-284.1863 0.0000
-287.1135 0.0000
-286.2326 0.0000
-286.6981 0.0000
-287.0593 0.0000
-288.0276 0.0000
-287.6908 0.0000
-288.3972 0.0000
-287.3004 0.0000
-286.8704 0.0000
-286.4882 0.0000
-287.3586 0.0000
-286.7783 0.0000
-285.9125 0.0000
-286.2466 0.0000
-288.1804 0.0000
-288.5852 0.0000
-287.7432 0.0000
-286.8793 0.0000
-286.8425 0.0000
-285.5158 0.0000
-285.3984 0.0000
-286.6328 0.0000
-287.0166 0.0000
-286.8146 0.0000
-286.6491 0.0000
-286.9708 0.0000
-286.6145 0.0000
-287.0163 0.0000
-286.2035 0.0000
-285.8814 0.0000
-285.9896 0.0000
-286.7782 0.0000
-287.2729 0.0000
-287.5798 0.0000
-286.8079 0.0000
-288.5742 0.0000
-289.2563 0.0000
-288.4860 0.0000
-288.1119 0.0000
-285.9450 0.0000
-287.7595 0.0000
-288.3566 0.0000
-288.7682 0.0000
-289.7038 0.0000
-289.7081 0.0000
-288.8667 0.0000
-289.2232 0.0000
-291.2882 0.0000
-290.5468 0.0000
-291.1292 0.0000
-289.2704 0.0000
-291.5760 0.0000
-291.4747 0.0000
-291.1564 0.0000
-292.5570 0.0000
-289.9794 0.0000
-290.5247 0.0000
-291.7959 0.0000
-289.4017 0.0000
-289.6884 0.0000
-288.8457 0.0000
-288.2401 0.0000
-286.5688 0.0000
-286.5973 0.0000
-286.9943 0.0000
-287.6836 0.0000
-288.1338 0.0000
-287.4330 0.0000
-287.2628 0.0000
-285.6539 0.0000
-286.1143 0.0000
-286.3948 0.0000
-286.4218 0.0000
-287.3084 0.0000
-286.8057 0.0000
-290.4304 0.0000
-290.1966 0.0000
-290.1184 0.0000
-290.3664 0.0000
-289.6860 0.0000
-287.5480 0.0000
-287.4369 0.0000
-286.9332 0.0000
-288.3776 0.0000
-290.0441 0.0000
-288.5893 0.0000
-290.1287 0.0000
-288.9202 0.0000
-286.8444 0.0000
-287.0588 0.0000
-286.3654 0.0000
-286.3414 0.0000
-287.1747 0.0000
-286.2246 0.0000
-287.5953 0.0000
-287.3770 0.0000
-289.4104 0.0000
-287.0659 0.0000
-288.4740 0.0000
-287.1708 0.0000
-286.9093 0.0000
-286.4324 0.0000
-286.4032 0.0000
-287.8244 0.0000
-289.3826 0.0000
-289.0553 0.0000
-288.6169 0.0000
-287.8664 0.0000
-288.5310 0.0000
-289.4336 0.0000
-288.4923 0.0000
-288.0441 0.0000
-288.9116 0.0000
-288.1859 0.0000
-286.6304 0.0000
-286.3394 0.0000
-286.9932 0.0000
-287.7891 0.0000
-285.9138 0.0000
-286.9512 0.0000
-286.4563 0.0000
-287.4331 0.0000
-288.3697 0.0000
-288.3341 0.0000
-288.8377 0.0000
-288.6363 0.0000
-288.9255 0.0000
-289.4550 0.0000
-286.8531 0.0000
-286.2561 0.0000
-287.2200 0.0000
-285.0037 0.0000
-286.0037 0.0000
-285.5927 0.0000
-286.8752 0.0000
-287.2520 0.0000
-287.5698 0.0000
-287.1903 0.0000
-287.5914 0.0000
-286.0798 0.0000
-286.6403 0.0000
-286.4424 0.0000
-286.7550 0.0000
-287.9158 0.0000
-286.7267 0.0000
-286.7654 0.0000
-287.4970 0.0000
-286.9828 0.0000
-286.4234 0.0000
-285.9273 0.0000
-285.9141 0.0000
-285.5638 0.0000
-285.1370 0.0000
-284.1862 0.0000
-286.0614 0.0000
-285.9839 0.0000
-286.0383 0.0000
-287.5264 0.0000
-288.9852 0.0000
-288.1996 0.0000
-288.6684 0.0000
-288.1616 0.0000
-288.4075 0.0000
-289.3143 0.0000
-287.5383 0.0000
-287.5153 0.0000
-288.0874 0.0000
-288.7099 0.0000
-288.3857 0.0000
-287.1454 0.0000
-287.3367 0.0000
-289.1811 0.0000
-288.3714 0.0000
-286.1424 0.0000
-286.6111 0.0000
-287.9142 0.0000
-286.4054 0.0000
-287.2375 0.0000
-285.3345 0.0000
-285.0298 0.0000
-285.8269 0.0000
-285.7577 0.0000
-285.4729 0.0000
-283.9870 0.0000
-285.0301 0.0000
-286.5428 0.0000
-286.9103 0.0000
-286.4538 0.0000
-286.6212 0.0000
-287.4055 0.0000
-287.3035 0.0000
-286.5028 0.0000
-285.1784 0.0000
-285.0249 0.0000
-285.1817 0.0000
-285.5236 0.0000
-283.8755 0.0000
-285.3263 0.0000
-285.0453 0.0000
-284.5582 0.0000
-285.8554 0.0000
-284.8967 0.0000
-285.8289 0.0000
-284.9265 0.0000
-284.0071 0.0000
-284.8452 0.0000
-285.7776 0.0000
-284.1022 0.0000
-284.6704 0.0000
-284.3236 0.0000
-284.3071 0.0000
-283.5187 0.0000
-284.5818 0.0000
-284.5053 0.0000
-285.2587 0.0000
-284.3555 0.0000
-284.2607 0.0000
-284.5379 0.0000
-285.2701 0.0000
-284.4384 0.0000
-285.1499 0.0000
-284.4366 0.0000
-285.7707 0.0000
-287.1193 0.0000
-284.6174 0.0000
-285.7261 0.0000
-286.5587 0.0000
-286.9283 0.0000
-286.8028 0.0000
-287.6737 0.0000
-288.3591 0.0000
-286.1618 0.0000
-286.4435 0.0000
-285.0751 0.0000
-285.0816 0.0000
-285.3654 0.0000
-284.5888 0.0000
-285.5696 0.0000
-284.3850 0.0000
-285.0576 0.0000
-284.4298 0.0000
-283.9774 0.0000
-284.5998 0.0000
-284.6888 0.0000
-284.6387 0.0000
-285.4562 0.0000
-284.3790 0.0000
-284.3647 0.0000
-283.6227 0.0000
-285.1486 0.0000
-284.3965 0.0000
-286.3495 0.0000
-285.0406 0.0000
-284.6387 0.0000
-285.5090 0.0000
-286.2781 0.0000
-284.3350 0.0000
-284.9764 0.0000
-284.0838 0.0000
-285.0069 0.0000
-284.7947 0.0000
-284.5112 0.0000
-285.3814 0.0000
-285.5836 0.0000
-284.3118 0.0000
-284.6751 0.0000
-283.9823 0.0000
-284.1858 0.0000
-282.6661 0.0000
-282.5792 0.0000
-283.1699 0.0000
-282.2753 0.0000
