-100.0000 -100.0000
-333.5237 0.0000
-333.3839 0.0000
-333.9820 0.0000
-333.7658 0.0000
-333.9781 0.0000
-333.3505 0.0000
-334.0546 0.0000
-334.1392 0.0000
-334.7037 0.0000
-334.3544 0.0000
-334.4562 0.0000
-335.1766 0.0000
-334.9073 0.0000
-335.1332 0.0000
-335.7726 0.0000
-335.2844 0.0000
-335.2757 0.0000
-334.4678 0.0000
-334.1120 0.0000
-334.0694 0.0000
-334.4839 0.0000
-334.3611 0.0000
-333.8219 0.0000
-334.8861 0.0000
-333.7571 0.0000
-333.4830 0.0000
-334.0343 0.0000
-335.7198 0.0000
-336.1109 0.0000
-335.0669 0.0000
-335.4793 0.0000
-335.0405 0.0000
-335.2100 0.0000
-335.3994 0.0000
-335.3354 0.0000
-335.2287 0.0000
-334.9585 0.0000
-336.3981 0.0000
-334.8583 0.0000
-335.1589 0.0000
-335.5385 0.0000
-335.1026 0.0000
-334.5730 0.0000
-335.3029 0.0000
-335.1716 0.0000
-336.3490 0.0000
-335.5972 0.0000
-335.0993 0.0000
-334.7847 0.0000
-334.3567 0.0000
-334.2175 0.0000
-334.2240 0.0000
-334.7708 0.0000
-334.5482 0.0000
-333.9551 0.0000
-333.4827 0.0000
-333.3198 0.0000
-333.1237 0.0000
-333.3728 0.0000
-332.9798 0.0000
-333.0203 0.0000
-333.3825 0.0000
-332.9198 0.0000
-333.2852 0.0000
-334.0353 0.0000
-335.0377 0.0000
-335.6571 0.0000
-335.9849 0.0000
-335.8413 0.0000
-336.2374 0.0000
-335.7607 0.0000
-335.6271 0.0000
-335.1324 0.0000
-334.8112 0.0000
-335.2860 0.0000
-335.3845 0.0000
-335.0261 0.0000
-336.2276 0.0000
-336.7551 0.0000
-336.6263 0.0000
-337.2066 0.0000
-338.8450 0.0000
-338.0364 0.0000
-337.9234 0.0000
-338.6961 0.0000
-339.0363 0.0000
-338.8640 0.0000
-339.2019 0.0000
-339.0268 0.0000
-339.5197 0.0000
-340.0960 0.0000
-339.9361 0.0000
-339.7460 0.0000
-339.8230 0.0000
-339.5763 0.0000
-339.3366 0.0000
-339.3702 0.0000
-338.4664 0.0000
-337.9834 0.0000
-337.8321 0.0000
-338.2995 0.0000
-339.0442 0.0000
-339.6071 0.0000
-339.6513 0.0000
-339.8905 0.0000
-340.0886 0.0000
-339.6802 0.0000
-340.2235 0.0000
-338.9044 0.0000
-339.6858 0.0000
-339.6071 0.0000
-339.6035 0.0000
-337.9659 0.0000
-338.1220 0.0000
-338.8986 0.0000
-339.1580 0.0000
-340.0173 0.0000
-339.3684 0.0000
-339.1486 0.0000
-339.2038 0.0000
-338.8002 0.0000
-338.9092 0.0000
-338.4723 0.0000
-338.8217 0.0000
-338.6675 0.0000
-338.9479 0.0000
-339.7548 0.0000
-339.3484 0.0000
-339.4216 0.0000
-340.3760 0.0000
-340.0456 0.0000
-340.2397 0.0000
-339.9193 0.0000
-340.2899 0.0000
-340.5104 0.0000
-340.6076 0.0000
-340.1317 0.0000
-339.6198 0.0000
-339.4039 0.0000
-338.9111 0.0000
-339.5282 0.0000
-337.8424 0.0000
-338.1976 0.0000
-338.8090 0.0000
-339.0054 0.0000
-339.0961 0.0000
-339.9623 0.0000
-338.8830 0.0000
-339.6076 0.0000
-339.7907 0.0000
-340.0510 0.0000
-340.9441 0.0000
-341.3089 0.0000
-341.2619 0.0000
-341.0171 0.0000
-341.4501 0.0000
-340.8983 0.0000
-340.5821 0.0000
-340.1249 0.0000
-341.2779 0.0000
-342.0659 0.0000
-340.4659 0.0000
-340.9225 0.0000
-341.6988 0.0000
-341.5903 0.0000
-341.8737 0.0000
-340.4642 0.0000
-339.8674 0.0000
-340.3866 0.0000
-340.4158 0.0000
-340.2892 0.0000
-339.9429 0.0000
-341.1861 0.0000
-341.5172 0.0000
-341.6371 0.0000
-341.3955 0.0000
-340.8522 0.0000
-340.9003 0.0000
-340.9974 0.0000
-341.0343 0.0000
-341.1870 0.0000
-341.7548 0.0000
-341.0772 0.0000
-340.3825 0.0000
-341.2617 0.0000
-340.4007 0.0000
-340.5249 0.0000
-340.3409 0.0000
-340.1679 0.0000
-340.3518 0.0000
-339.7023 0.0000
-338.8115 0.0000
-338.9570 0.0000
-338.3100 0.0000
-339.0616 0.0000
-338.5660 0.0000
-339.9068 0.0000
-339.9809 0.0000
-340.7463 0.0000
-340.6311 0.0000
-341.0754 0.0000
-341.0521 0.0000
-342.3635 0.0000
-342.2553 0.0000
-342.3814 0.0000
-342.4933 0.0000
-343.1111 0.0000
-342.9299 0.0000
-341.3899 0.0000
-341.2987 0.0000
-341.4554 0.0000
-342.2643 0.0000
-341.1605 0.0000
-341.4353 0.0000
-341.6815 0.0000
-341.8401 0.0000
-341.2015 0.0000
-341.2491 0.0000
-342.2525 0.0000
-342.8769 0.0000
-344.0454 0.0000
-343.4228 0.0000
-342.7344 0.0000
-342.9413 0.0000
-343.0765 0.0000
-342.5295 0.0000
-343.3213 0.0000
-343.4532 0.0000
-343.8506 0.0000
-344.4573 0.0000
-344.2482 0.0000
-343.9068 0.0000
-343.5927 0.0000
-344.5539 0.0000
-345.2197 0.0000
-346.1240 0.0000
-344.1037 0.0000
-344.3969 0.0000
-344.2937 0.0000
-343.7807 0.0000
-344.0715 0.0000
-342.3215 0.0000
-343.9604 0.0000
-343.5663 0.0000
-344.1084 0.0000
-342.4431 0.0000
-342.2297 0.0000
-343.0468 0.0000
-342.9960 0.0000
-344.1670 0.0000
-343.9669 0.0000
-343.9323 0.0000
-344.1843 0.0000
-344.8074 0.0000
-344.2056 0.0000
-344.9035 0.0000
-344.6775 0.0000
-344.4549 0.0000
-345.0846 0.0000
-344.7109 0.0000
-344.9598 0.0000
-343.9033 0.0000
-344.5210 0.0000
-344.5153 0.0000
-344.1808 0.0000
-343.8733 0.0000
-342.8128 0.0000
-343.5413 0.0000
-343.5003 0.0000
-342.6017 0.0000
-343.2108 0.0000
-343.4238 0.0000
-343.2185 0.0000
-342.9751 0.0000
-343.7568 0.0000
-344.1444 0.0000
-343.5517 0.0000
-342.4039 0.0000
-341.9895 0.0000
-341.6495 0.0000
-340.7857 0.0000
-341.8753 0.0000
-341.9244 0.0000
-342.1084 0.0000
-342.6070 0.0000
-342.7267 0.0000
-342.0371 0.0000
-342.3293 0.0000
-342.5752 0.0000
-342.0740 0.0000
-341.3534 0.0000
-341.7710 0.0000
-340.8975 0.0000
-340.5807 0.0000
-340.7459 0.0000
-341.0606 0.0000
-341.8593 0.0000
-341.6258 0.0000
-342.3591 0.0000
-341.9144 0.0000
-342.4447 0.0000
-341.8735 0.0000
-340.8771 0.0000
-341.6838 0.0000
-341.1216 0.0000
-341.3685 0.0000
-341.5207 0.0000
-341.5547 0.0000
-341.7210 0.0000
-340.8090 0.0000
-339.8930 0.0000
-340.0973 0.0000
-340.6005 0.0000
-340.6593 0.0000
-339.4970 0.0000
-339.6945 0.0000
-340.6655 0.0000
-340.2863 0.0000
-339.4822 0.0000
-338.9012 0.0000
-339.4377 0.0000
-339.8438 0.0000
-340.4129 0.0000
-341.5152 0.0000
-340.6893 0.0000
-340.0765 0.0000
-339.6039 0.0000
-339.4865 0.0000
-338.7725 0.0000
-339.3584 0.0000
-337.2921 0.0000
-336.5980 0.0000
-337.3747 0.0000
-337.1268 0.0000
-337.1244 0.0000
-336.5193 0.0000
-336.5314 0.0000
-336.9017 0.0000
-338.1117 0.0000
-338.0806 0.0000
-337.9501 0.0000
-338.3216 0.0000
-338.5862 0.0000
-337.6633 0.0000
-338.2942 0.0000
-337.5386 0.0000
-337.6488 0.0000
-338.2134 0.0000
-338.3979 0.0000
-338.4832 0.0000
-338.3549 0.0000
-338.3279 0.0000
-338.1183 0.0000
-338.5275 0.0000
-337.6089 0.0000
-337.9766 0.0000
-338.4759 0.0000
-338.8546 0.0000
-339.1351 0.0000
-338.4709 0.0000
-338.4495 0.0000
-339.0473 0.0000
-339.2933 0.0000
-340.3957 0.0000
-340.2390 0.0000
-341.2263 0.0000
-341.5291 0.0000
-341.5133 0.0000
-341.5838 0.0000
-341.9515 0.0000
-341.5931 0.0000
-340.7671 0.0000
-341.0257 0.0000
-342.0436 0.0000
-341.0522 0.0000
-340.1645 0.0000
-340.5892 0.0000
-339.7777 0.0000
-340.5030 0.0000
-339.4870 0.0000
-339.2512 0.0000
-337.7473 0.0000
-337.9521 0.0000
-337.6668 0.0000
-337.2469 0.0000
-336.2514 0.0000
-336.8545 0.0000
-336.4376 0.0000
-336.6864 0.0000
-336.3630 0.0000
-336.0900 0.0000
-335.5934 0.0000
-336.0884 0.0000
-336.3557 0.0000
-336.2043 0.0000
-336.4404 0.0000
-337.2530 0.0000
-336.2027 0.0000
-336.5748 0.0000
-336.6011 0.0000
-335.4473 0.0000
-335.2925 0.0000
-335.9765 0.0000
-335.6944 0.0000
-336.3777 0.0000
-335.8296 0.0000
-336.4408 0.0000
-336.3503 0.0000
-336.2752 0.0000
-335.7783 0.0000
-335.5875 0.0000
-336.0077 0.0000
-335.9618 0.0000
-337.2092 0.0000
-336.9932 0.0000
-337.8557 0.0000
-339.5302 0.0000
-340.0230 0.0000
-339.5118 0.0000
-339.5590 0.0000
-338.2245 0.0000
-338.7519 0.0000
-338.3272 0.0000
-338.6911 0.0000
-338.8844 0.0000
-339.5958 0.0000
-338.4066 0.0000
-338.0146 0.0000
-337.9014 0.0000
-336.9767 0.0000
-336.8098 0.0000
-337.2516 0.0000
-336.7509 0.0000
-337.9597 0.0000
-338.5170 0.0000
-337.6045 0.0000
-337.2708 0.0000
-338.5869 0.0000
-340.0650 0.0000
-339.1226 0.0000
-339.3491 0.0000
-338.5254 0.0000
-338.0379 0.0000
-337.4811 0.0000
-336.9900 0.0000
-337.5519 0.0000
-337.3919 0.0000
-338.3406 0.0000
-337.1342 0.0000
-338.0191 0.0000
-337.3794 0.0000
-336.5353 0.0000
-336.1927 0.0000
-336.1632 0.0000
-336.6662 0.0000
-335.1668 0.0000
-336.2248 0.0000
-335.6657 0.0000
-336.6272 0.0000
-337.8361 0.0000
-337.9825 0.0000
-339.8042 0.0000
-338.0065 0.0000
-338.4351 0.0000
-338.8516 0.0000
-338.5276 0.0000
-338.6246 0.0000
-337.4295 0.0000
-336.7325 0.0000
-336.1564 0.0000
-336.9019 0.0000
-336.9161 0.0000
-338.0450 0.0000
-337.4247 0.0000
-336.9180 0.0000
-335.7609 0.0000
-336.0198 0.0000
-335.5777 0.0000
-334.9821 0.0000
-333.7719 0.0000
-334.0687 0.0000
-334.2351 0.0000
-332.4090 0.0000
-333.6602 0.0000
-333.3644 0.0000
-332.0826 0.0000
-332.9208 0.0000
-332.9635 0.0000
-332.3466 0.0000
-331.8114 0.0000
-332.8062 0.0000
-333.5126 0.0000
-333.9249 0.0000
-334.0509 0.0000
-333.8199 0.0000
-333.5719 0.0000
-333.3245 0.0000
-332.3367 0.0000
-332.9784 0.0000
-332.1000 0.0000
-333.2916 0.0000
-333.1347 0.0000
-332.8627 0.0000
-332.1817 0.0000
-332.2725 0.0000
-332.7463 0.0000
-334.2984 0.0000
-334.8679 0.0000
-333.6399 0.0000
-333.9481 0.0000
-333.5723 0.0000
-334.2587 0.0000
-334.2619 0.0000
-335.2675 0.0000
-334.3430 0.0000
-334.7862 0.0000
-335.4963 0.0000
-335.1801 0.0000
-334.3383 0.0000
-334.8315 0.0000
-335.0056 0.0000
-335.5020 0.0000
-335.4955 0.0000
-335.8669 0.0000
-336.2235 0.0000
-335.5026 0.0000
-335.5727 0.0000
-336.3060 0.0000
-335.1638 0.0000
-334.8933 0.0000
-334.4105 0.0000
-334.8070 0.0000
-334.3202 0.0000
-334.8228 0.0000
-335.1070 0.0000
-335.0461 0.0000
-335.2854 0.0000
-334.9584 0.0000
-334.1926 0.0000
-333.9486 0.0000
-334.1278 0.0000
-334.0901 0.0000
-335.8217 0.0000
-337.3583 0.0000
-337.9773 0.0000
-336.7622 0.0000
-337.2320 0.0000
-336.1611 0.0000
-335.7948 0.0000
-337.5884 0.0000
-336.5222 0.0000
-336.8666 0.0000
-336.1437 0.0000
-336.0422 0.0000
-336.1689 0.0000
-335.2771 0.0000
-336.2042 0.0000
-336.1701 0.0000
-335.2273 0.0000
-335.0434 0.0000
-335.7086 0.0000
-335.8132 0.0000
-335.3928 0.0000
-335.7282 0.0000
-335.6662 0.0000
-335.1426 0.0000
-333.9854 0.0000
-336.1044 0.0000
-336.0838 0.0000
-336.2592 0.0000
-335.2804 0.0000
-336.3096 0.0000
-337.2427 0.0000
-338.2485 0.0000
-337.8194 0.0000
-336.2507 0.0000
-336.5407 0.0000
-337.5833 0.0000
-336.3546 0.0000
-336.0703 0.0000
-336.3227 0.0000
-336.5385 0.0000
-335.4225 0.0000
-335.3952 0.0000
-334.2118 0.0000
-334.9545 0.0000
-334.8703 0.0000
-335.5595 0.0000
-335.6006 0.0000
-337.1889 0.0000
-335.8503 0.0000
-334.9720 0.0000
-335.7588 0.0000
-334.4817 0.0000
-333.5359 0.0000
-332.7195 0.0000
-333.7084 0.0000
-333.7884 0.0000
-333.1288 0.0000
-332.6812 0.0000
-333.2694 0.0000
-334.2959 0.0000
-331.5156 0.0000
-331.5483 0.0000
-330.0358 0.0000
-329.4403 0.0000
-328.3982 0.0000
-327.8019 0.0000
-328.7814 0.0000
-330.0157 0.0000
-328.7244 0.0000
-328.8822 0.0000
-328.9614 0.0000
-328.9019 0.0000
-327.8844 0.0000
-327.9670 0.0000
-327.4915 0.0000
-328.4797 0.0000
-326.5479 0.0000
-326.6455 0.0000
-326.2181 0.0000
-325.1873 0.0000
-326.2245 0.0000
-326.9906 0.0000
-325.5762 0.0000
-324.6322 0.0000
-324.7901 0.0000
-325.7677 0.0000
-326.8485 0.0000
-324.5668 0.0000
-325.7058 0.0000
-323.6265 0.0000
-323.2168 0.0000
-323.2273 0.0000
-324.0308 0.0000
-323.9597 0.0000
-322.8060 0.0000
-322.4554 0.0000
-322.9865 0.0000
-321.8323 0.0000
-322.0926 0.0000
-322.1557 0.0000
-322.0552 0.0000
-322.0374 0.0000
-322.9900 0.0000
-323.6802 0.0000
-322.1949 0.0000
-323.6425 0.0000
-320.2862 0.0000
-320.8497 0.0000
-321.6244 0.0000
-320.8406 0.0000
-322.1258 0.0000
-322.4507 0.0000
-321.4600 0.0000
-320.9875 0.0000
-320.9332 0.0000
-321.7887 0.0000
-321.0416 0.0000
-321.2405 0.0000
-321.7453 0.0000
-322.1657 0.0000
-322.2755 0.0000
-322.4154 0.0000
-322.9250 0.0000
-322.7457 0.0000
-322.9763 0.0000
-324.0826 0.0000
-321.4942 0.0000
-321.2955 0.0000
-322.4908 0.0000
-323.2550 0.0000
-323.2051 0.0000
-322.7669 0.0000
-321.2275 0.0000
-322.2394 0.0000
-321.6962 0.0000
-320.7130 0.0000
-323.9324 0.0000
-322.9822 0.0000
-322.9895 0.0000
-321.5827 0.0000
-322.3838 0.0000
-321.4041 0.0000
-319.9959 0.0000
-318.8260 0.0000
-318.5080 0.0000
-320.1837 0.0000
-319.4959 0.0000
-319.9537 0.0000
-319.0130 0.0000
-318.1618 0.0000
-318.5534 0.0000
-319.3901 0.0000
-317.7995 0.0000
-319.3646 0.0000
-319.8344 0.0000
-320.9861 0.0000
-319.4934 0.0000
-319.0002 0.0000
-321.6261 0.0000
-319.4148 0.0000
-320.2775 0.0000
-318.1592 0.0000
-320.1499 0.0000
-320.6278 0.0000
-320.2336 0.0000
-320.9345 0.0000
-321.5524 0.0000
-322.0304 0.0000
-322.4995 0.0000
-322.8177 0.0000
-323.2353 0.0000
-322.2800 0.0000
-322.4986 0.0000
-324.2847 0.0000
-323.8051 0.0000
-322.5566 0.0000
-323.4830 0.0000
-322.8929 0.0000
-323.5527 0.0000
-323.7086 0.0000
-323.5101 0.0000
-321.8258 0.0000
-322.6718 0.0000
-320.5185 0.0000
-322.0246 0.0000
-324.2499 0.0000
-321.4709 0.0000
-320.7340 0.0000
-321.1427 0.0000
-322.3467 0.0000
-322.1206 0.0000
-322.9779 0.0000
-321.8461 0.0000
-322.7922 0.0000
-323.6475 0.0000
-322.3563 0.0000
-323.9964 0.0000
-325.0002 0.0000
-324.0010 0.0000
-323.6434 0.0000
-324.5189 0.0000
-324.6667 0.0000
-324.5643 0.0000
-324.0448 0.0000
-325.6959 0.0000
-324.8467 0.0000
-324.5127 0.0000
-324.2073 0.0000
-324.2860 0.0000
-324.2750 0.0000
-323.6150 0.0000
-322.8259 0.0000
-321.0147 0.0000
-320.7433 0.0000
-320.7292 0.0000
-321.6042 0.0000
-321.1539 0.0000
-321.8539 0.0000
-321.3783 0.0000
-322.1709 0.0000
-321.9090 0.0000
-322.9883 0.0000
-325.3689 0.0000
-322.3420 0.0000
-322.0617 0.0000
-323.4305 0.0000
-323.7549 0.0000
-322.0170 0.0000
-323.4597 0.0000
-323.8041 0.0000
-325.0605 0.0000
-326.1777 0.0000
-326.8778 0.0000
-328.9560 0.0000
-326.3417 0.0000
-327.0253 0.0000
-327.3896 0.0000
-327.6146 0.0000
-328.2211 0.0000
-328.8328 0.0000
-329.8224 0.0000
-330.6697 0.0000
-330.1486 0.0000
-330.7390 0.0000
-329.4457 0.0000
-329.2510 0.0000
-329.1343 0.0000
-327.9556 0.0000
-328.3916 0.0000
-329.4262 0.0000
-328.6848 0.0000
-329.4739 0.0000
-329.3130 0.0000
-328.9443 0.0000
-331.1714 0.0000
-327.5160 0.0000
-326.9931 0.0000
-327.8654 0.0000
-327.2343 0.0000
-327.3364 0.0000
-326.3670 0.0000
-325.3065 0.0000
-324.2561 0.0000
-325.4206 0.0000
-324.7840 0.0000
-325.2961 0.0000
-326.0203 0.0000
-326.6486 0.0000
-323.8056 0.0000
-324.0425 0.0000
-323.4144 0.0000
-324.6852 0.0000
-324.5343 0.0000
-323.9886 0.0000
-324.7065 0.0000
-323.8483 0.0000
-325.1661 0.0000
-324.6389 0.0000
-325.9383 0.0000
-326.1899 0.0000
-327.0964 0.0000
-323.8129 0.0000
-324.3232 0.0000
-324.5273 0.0000
-325.5741 0.0000
-324.4695 0.0000
-323.5228 0.0000
-325.1742 0.0000
-324.4817 0.0000
-324.8837 0.0000
-323.9651 0.0000
-322.7069 0.0000
-323.4179 0.0000
-323.6307 0.0000
-323.2191 0.0000
-323.1789 0.0000
-323.7886 0.0000
-323.7074 0.0000
-323.1179 0.0000
-321.8287 0.0000
-322.9599 0.0000
-322.4296 0.0000
-323.0659 0.0000
-322.3690 0.0000
-323.3203 0.0000
-323.7848 0.0000
-322.3844 0.0000
-322.7411 0.0000
-322.1041 0.0000
-322.3801 0.0000
-324.3209 0.0000
-321.0052 0.0000
-322.4075 0.0000
-322.6765 0.0000
-322.0825 0.0000
-323.2070 0.0000
-323.5755 0.0000
-323.7233 0.0000
-323.7503 0.0000
-323.8214 0.0000
-323.0789 0.0000
-323.7544 0.0000
-324.4352 0.0000
-323.2547 0.0000
-321.6835 0.0000
-319.4541 0.0000
-318.1308 0.0000
-319.8451 0.0000
-317.5150 0.0000
-316.7940 0.0000
-319.0664 0.0000
-317.0480 0.0000
-317.8042 0.0000
-319.7773 0.0000
-317.2618 0.0000
-318.3766 0.0000
-317.1929 0.0000
-318.0931 0.0000
-318.2983 0.0000
-316.6562 0.0000
-317.4767 0.0000
-318.6110 0.0000
-319.3753 0.0000
-317.7715 0.0000
-317.7599 0.0000
-316.7182 0.0000
-316.6633 0.0000
-316.5308 0.0000
-317.0276 0.0000
-315.2294 0.0000
-314.8341 0.0000
-316.1628 0.0000
-315.5677 0.0000
-314.6834 0.0000
-315.6914 0.0000
-316.2286 0.0000
-316.5617 0.0000
-317.2482 0.0000
-316.7778 0.0000
-315.6378 0.0000
-316.2192 0.0000
-315.5476 0.0000
-317.8698 0.0000
-317.0954 0.0000
-316.1499 0.0000
-317.4175 0.0000
-316.4144 0.0000
-316.5948 0.0000
-316.4470 0.0000
-316.2718 0.0000
-318.1211 0.0000
-318.5672 0.0000
-317.4199 0.0000
-318.1043 0.0000
-318.4566 0.0000
-318.4290 0.0000
-317.0881 0.0000
-315.0313 0.0000
-314.8534 0.0000
-314.6883 0.0000
-313.7275 0.0000
-315.5600 0.0000
-314.9982 0.0000
-315.1513 0.0000
-314.3636 0.0000
-314.3846 0.0000
-315.4115 0.0000
-314.9765 0.0000
-314.0189 0.0000
-315.2585 0.0000
-315.6934 0.0000
-314.2119 0.0000
-314.2692 0.0000
-315.1932 0.0000
-315.7522 0.0000
-315.9948 0.0000
-315.6429 0.0000
-316.1211 0.0000
-314.6925 0.0000
-315.3225 0.0000
-314.1648 0.0000
-313.4464 0.0000
-313.5719 0.0000
-313.4407 0.0000
-315.3520 0.0000
-312.4729 0.0000
-312.1105 0.0000
-313.1346 0.0000
-312.5476 0.0000
-313.9627 0.0000
-312.8691 0.0000
-314.2392 0.0000
-313.3883 0.0000
-314.5731 0.0000
-315.5837 0.0000
-314.1782 0.0000
-313.2580 0.0000
-314.2995 0.0000
-312.6589 0.0000
-315.2836 0.0000
-315.2564 0.0000
-314.3125 0.0000
-315.7695 0.0000
-315.8005 0.0000
-315.0839 0.0000
-315.6461 0.0000
-314.9024 0.0000
-316.0797 0.0000
-313.6822 0.0000
-314.0285 0.0000
-313.5303 0.0000
-314.1095 0.0000
-313.5037 0.0000
-314.3784 0.0000
-313.1786 0.0000
-312.2298 0.0000
-310.2989 0.0000
-310.5909 0.0000
-309.7709 0.0000
-310.6246 0.0000
-311.4533 0.0000
-309.6278 0.0000
-308.0674 0.0000
-311.5646 0.0000
-311.6418 0.0000
-309.9724 0.0000
-310.6490 0.0000
-310.4770 0.0000
-311.0287 0.0000
-310.7788 0.0000
-311.5555 0.0000
-310.2751 0.0000
-310.8795 0.0000
-310.4220 0.0000
-309.6938 0.0000
-308.5887 0.0000
-308.7308 0.0000
-308.4390 0.0000
-308.9558 0.0000
-307.4809 0.0000
-307.5580 0.0000
-307.3475 0.0000
-307.9361 0.0000
-307.9406 0.0000
-308.2226 0.0000
-308.7892 0.0000
-309.2140 0.0000
-311.0230 0.0000
-310.5357 0.0000
-308.8883 0.0000
-308.6629 0.0000
-307.9506 0.0000
-308.3840 0.0000
-309.4878 0.0000
-309.6922 0.0000
-309.5392 0.0000
-309.4989 0.0000
-311.2442 0.0000
-309.8293 0.0000
-309.6505 0.0000
-310.0278 0.0000
-309.4264 0.0000
-307.0783 0.0000
-309.2818 0.0000
-309.1316 0.0000
-307.5799 0.0000
-308.4031 0.0000
-307.1854 0.0000
-308.0945 0.0000
-309.8821 0.0000
-307.7395 0.0000
-308.3382 0.0000
-307.3702 0.0000
-306.9495 0.0000
-308.1411 0.0000
-307.8107 0.0000
-308.3762 0.0000
-308.8952 0.0000
-307.9609 0.0000
-308.8006 0.0000
-306.5676 0.0000
-305.9448 0.0000
-308.1245 0.0000
-306.9158 0.0000
-307.3561 0.0000
-307.6044 0.0000
-308.2394 0.0000
-306.3570 0.0000
-307.2576 0.0000
-307.2103 0.0000
-306.4410 0.0000
-307.5196 0.0000
-305.3370 0.0000
-305.5006 0.0000
-304.8841 0.0000
-303.6733 0.0000
-304.2843 0.0000
-305.0396 0.0000
-303.0645 0.0000
-303.5606 0.0000
-303.4034 0.0000
-303.2004 0.0000
-301.2295 0.0000
-304.4711 0.0000
-302.7891 0.0000
-301.4070 0.0000
-303.8068 0.0000
-302.6519 0.0000
-303.4998 0.0000
-303.9198 0.0000
-303.4172 0.0000
-303.2694 0.0000
-303.0319 0.0000
-302.3123 0.0000
-303.3314 0.0000
-301.5246 0.0000
-302.6394 0.0000
-304.0380 0.0000
-303.3236 0.0000
-301.9354 0.0000
-302.9908 0.0000
-303.3973 0.0000
-302.7705 0.0000
-304.2847 0.0000
-301.9479 0.0000
-302.4401 0.0000
-301.7226 0.0000
-302.4430 0.0000
-302.2449 0.0000
-302.8711 0.0000
-302.0587 0.0000
-302.3244 0.0000
-302.4045 0.0000
-303.5685 0.0000
-302.8661 0.0000
-303.8187 0.0000
-302.5427 0.0000
-303.1584 0.0000
-303.8395 0.0000
-303.4767 0.0000
-303.8900 0.0000
-304.6814 0.0000
-304.2974 0.0000
-303.7834 0.0000
-305.8916 0.0000
-303.4179 0.0000
-302.4414 0.0000
-305.3372 0.0000
-305.0814 0.0000
-304.5071 0.0000
-304.1755 0.0000
-304.0970 0.0000
-305.1275 0.0000
-305.2279 0.0000
-304.7860 0.0000
-305.5749 0.0000
-303.8820 0.0000
-303.7324 0.0000
-305.2786 0.0000
-303.3844 0.0000
-302.2380 0.0000
-305.6852 0.0000
-304.3152 0.0000
-303.1042 0.0000
-303.7747 0.0000
-304.7202 0.0000
-304.2554 0.0000
-304.3735 0.0000
-305.5622 0.0000
-304.0286 0.0000
-304.9032 0.0000
-304.8948 0.0000
-306.3636 0.0000
-305.5696 0.0000
-306.1615 0.0000
-302.9516 0.0000
-304.0133 0.0000
-305.5738 0.0000
-304.4179 0.0000
-305.3439 0.0000
-304.7954 0.0000
-303.7951 0.0000
-304.6454 0.0000
-303.6368 0.0000
-304.1464 0.0000
-303.7275 0.0000
-304.8140 0.0000
-303.1951 0.0000
-303.3683 0.0000
-304.3192 0.0000
-305.0114 0.0000
-304.9598 0.0000
-304.9668 0.0000
-304.6094 0.0000
-305.2202 0.0000
-305.4618 0.0000
-305.7368 0.0000
-305.0472 0.0000
-304.6621 0.0000
-306.5426 0.0000
-304.5739 0.0000
-306.8540 0.0000
-307.4137 0.0000
-306.6320 0.0000
-306.8519 0.0000
-306.9989 0.0000
-306.7841 0.0000
-306.2757 0.0000
-305.6786 0.0000
-306.8207 0.0000
-304.8774 0.0000
-305.7374 0.0000
-303.9503 0.0000
-304.3811 0.0000
-303.2475 0.0000
-303.6022 0.0000
-303.2617 0.0000
-301.6228 0.0000
-301.1024 0.0000
-300.4621 0.0000
-301.8373 0.0000
-298.9846 0.0000
-299.7084 0.0000
-299.8586 0.0000
-298.6360 0.0000
-299.3949 0.0000
-300.0198 0.0000
-299.5212 0.0000
-300.8796 0.0000
-299.9711 0.0000
-297.7452 0.0000
-298.7498 0.0000
-298.5536 0.0000
-297.6901 0.0000
-298.9800 0.0000
-300.5066 0.0000
-299.6353 0.0000
-301.0913 0.0000
-301.1502 0.0000
-302.4985 0.0000
-300.7059 0.0000
-301.9718 0.0000
-300.5762 0.0000
-300.2469 0.0000
-299.9362 0.0000
-298.8483 0.0000
-298.5481 0.0000
-297.9740 0.0000
-298.6929 0.0000
-298.4622 0.0000
-297.6593 0.0000
-298.5264 0.0000
-296.5245 0.0000
-297.0737 0.0000
-296.5129 0.0000
-297.4047 0.0000
-295.3063 0.0000
-295.3308 0.0000
-296.4478 0.0000
-297.2222 0.0000
-297.2420 0.0000
-295.4793 0.0000
-296.1675 0.0000
-294.9572 0.0000
-295.9361 0.0000
-294.8244 0.0000
-294.0432 0.0000
-295.4397 0.0000
-295.3500 0.0000
-294.9542 0.0000
-295.3780 0.0000
-294.2888 0.0000
-293.4917 0.0000
-294.4768 0.0000
-294.1549 0.0000
-294.2480 0.0000
-293.4357 0.0000
-294.4915 0.0000
-295.2486 0.0000
-295.6882 0.0000
-295.7616 0.0000
-296.4959 0.0000
-297.1008 0.0000
-296.3235 0.0000
-296.8374 0.0000
-293.6255 0.0000
-291.4601 0.0000
-291.9369 0.0000
-290.8133 0.0000
-290.8755 0.0000
-291.6146 0.0000
-293.1549 0.0000
-292.0794 0.0000
-291.4992 0.0000
-291.0231 0.0000
-290.9530 0.0000
-291.0174 0.0000
-292.3443 0.0000
-291.5978 0.0000
-290.8467 0.0000
-290.6619 0.0000
-291.1461 0.0000
-291.1013 0.0000
-290.6184 0.0000
-290.2133 0.0000
-291.0150 0.0000
-291.4061 0.0000
-290.8660 0.0000
-291.3561 0.0000
-288.7226 0.0000
-288.2260 0.0000
-289.4859 0.0000
-287.6678 0.0000
-287.8691 0.0000
-289.0198 0.0000
-288.2586 0.0000
-288.4633 0.0000
-289.0377 0.0000
-289.9959 0.0000
-289.8496 0.0000
-290.9409 0.0000
-291.4081 0.0000
-291.7505 0.0000
-291.7375 0.0000
-291.9063 0.0000
-290.1355 0.0000
-288.6633 0.0000
-288.6975 0.0000
-288.2730 0.0000
-289.0117 0.0000
-288.6471 0.0000
-289.5591 0.0000
-288.2665 0.0000
-287.0112 0.0000
-287.2443 0.0000
-286.2078 0.0000
-288.2918 0.0000
-286.6740 0.0000
-287.9427 0.0000
-288.7242 0.0000
-287.4296 0.0000
-288.4028 0.0000
-288.5745 0.0000
-287.4749 0.0000
-287.8803 0.0000
-288.3512 0.0000
-288.1867 0.0000
-289.1484 0.0000
-288.7603 0.0000
-289.0044 0.0000
-287.6013 0.0000
-289.9962 0.0000
-289.9522 0.0000
-290.0900 0.0000
-289.6711 0.0000
-291.4134 0.0000
-292.0713 0.0000
-291.4936 0.0000
-291.3563 0.0000
-292.4156 0.0000
-292.7254 0.0000
-291.8126 0.0000
-290.9036 0.0000
-291.6873 0.0000
-292.4305 0.0000
-291.7328 0.0000
-291.1021 0.0000
-291.5039 0.0000
-291.0474 0.0000
-290.1608 0.0000
-292.2792 0.0000
-291.8590 0.0000
-291.2631 0.0000
-292.0241 0.0000
-290.0510 0.0000
-291.5761 0.0000
-292.5261 0.0000
-292.1614 0.0000
-292.1086 0.0000
-293.1977 0.0000
-293.1946 0.0000
-295.7359 0.0000
-293.7925 0.0000
-293.6687 0.0000
-292.8273 0.0000
-292.6327 0.0000
-291.6228 0.0000
-291.4055 0.0000
-291.0873 0.0000
-290.8839 0.0000
-291.2311 0.0000
-291.4292 0.0000
-290.2261 0.0000
-290.5616 0.0000
-290.5484 0.0000
-290.4748 0.0000
-290.1368 0.0000
-290.0675 0.0000
-290.9829 0.0000
-291.9275 0.0000
-291.9311 0.0000
-290.0032 0.0000
-289.6634 0.0000
-289.0621 0.0000
-288.0297 0.0000
-290.4210 0.0000
-289.1543 0.0000
-289.0515 0.0000
-289.8581 0.0000
-288.8269 0.0000
-288.5897 0.0000
-287.9247 0.0000
-288.8297 0.0000
-287.5428 0.0000
-288.2776 0.0000
-287.7250 0.0000
-288.5779 0.0000
-288.2641 0.0000
-288.1902 0.0000
-287.6518 0.0000
-287.9538 0.0000
-286.5705 0.0000
-287.7477 0.0000
-288.5905 0.0000
-288.6176 0.0000
-289.8479 0.0000
-288.4669 0.0000
-288.5515 0.0000
-289.4667 0.0000
-289.2465 0.0000
-291.0731 0.0000
-291.6589 0.0000
-291.7796 0.0000
-291.2175 0.0000
-290.2975 0.0000
-289.2156 0.0000
-290.3223 0.0000
-291.0389 0.0000
-290.5089 0.0000
-291.6587 0.0000
-291.5568 0.0000
-292.3498 0.0000
-292.0728 0.0000
-290.7888 0.0000
-291.5497 0.0000
-291.0585 0.0000
-292.8979 0.0000
-291.2275 0.0000
-290.6912 0.0000
-291.2661 0.0000
-290.9715 0.0000
-292.1471 0.0000
-291.1775 0.0000
-290.1258 0.0000
-292.5107 0.0000
-291.5124 0.0000
-290.7556 0.0000
-290.1191 0.0000
-292.2235 0.0000
-291.1111 0.0000
-291.2629 0.0000
-290.0571 0.0000
-290.9075 0.0000
-291.5662 0.0000
-291.4900 0.0000
-291.5486 0.0000
-290.9996 0.0000
-290.7632 0.0000
-294.0676 0.0000
-292.1625 0.0000
-291.3302 0.0000
-289.9508 0.0000
-290.3190 0.0000
-291.2952 0.0000
-289.7922 0.0000
-289.0803 0.0000
-289.9725 0.0000
-291.3488 0.0000
-292.6032 0.0000
-292.4163 0.0000
-292.8622 0.0000
-291.9402 0.0000
-290.0084 0.0000
-291.8952 0.0000
-292.0064 0.0000
-293.1907 0.0000
-292.4115 0.0000
-291.1565 0.0000
-291.6720 0.0000
-292.4316 0.0000
-290.7416 0.0000
-292.0253 0.0000
-292.1536 0.0000
-292.7805 0.0000
-293.2541 0.0000
-293.1790 0.0000
-292.8843 0.0000
-292.5666 0.0000
-292.2159 0.0000
-294.1722 0.0000
-292.5627 0.0000
-291.6548 0.0000
-292.5424 0.0000
-292.1713 0.0000
-292.1114 0.0000
-291.1065 0.0000
-290.3232 0.0000
-290.1720 0.0000
-291.4248 0.0000
-290.6852 0.0000
-289.7532 0.0000
-289.2602 0.0000
-288.9780 0.0000
-289.2400 0.0000
-289.3383 0.0000
-289.8963 0.0000
-290.6521 0.0000
-289.7426 0.0000
-289.2861 0.0000
-289.2876 0.0000
-289.4329 0.0000
-289.4235 0.0000
-288.9618 0.0000
-287.8348 0.0000
-289.1282 0.0000
-288.8565 0.0000
-289.4144 0.0000
-289.6290 0.0000
-289.5658 0.0000
-289.4285 0.0000
-288.8372 0.0000
-288.4325 0.0000
-289.4400 0.0000
-289.4489 0.0000
-289.1460 0.0000
-289.8735 0.0000
-290.1486 0.0000
-289.8465 0.0000
-290.8752 0.0000
-291.4362 0.0000
-290.9947 0.0000
-291.9903 0.0000
-293.7396 0.0000
-293.9270 0.0000
-293.2697 0.0000
-292.6601 0.0000
-291.8286 0.0000
-291.0282 0.0000
-289.3979 0.0000
-292.6103 0.0000
-289.9760 0.0000
-288.9629 0.0000
-289.0758 0.0000
-288.9929 0.0000
-290.5799 0.0000
-289.4880 0.0000
-289.8543 0.0000
-289.6388 0.0000
-288.9095 0.0000
-287.7082 0.0000
-287.0354 0.0000
-286.3601 0.0000
-286.4344 0.0000
-286.6634 0.0000
-287.3019 0.0000
-285.7721 0.0000
-285.1016 0.0000
-285.7371 0.0000
-284.9249 0.0000
-284.8102 0.0000
-285.4689 0.0000
-285.3240 0.0000
-285.3102 0.0000
-285.6585 0.0000
-285.0551 0.0000
-285.0430 0.0000
-283.8722 0.0000
-286.1310 0.0000
-285.8564 0.0000
-286.9232 0.0000
-285.8955 0.0000
-285.2653 0.0000
-285.2024 0.0000
-284.2086 0.0000
-285.8116 0.0000
-285.2864 0.0000
-284.0205 0.0000
-284.9540 0.0000
-284.3891 0.0000
-285.3463 0.0000
-284.2248 0.0000
-284.7011 0.0000
-286.0794 0.0000
-284.3624 0.0000
-285.8083 0.0000
-285.2725 0.0000
-285.1567 0.0000
-284.8391 0.0000
-285.3336 0.0000
-285.8552 0.0000
-283.9837 0.0000
-284.6338 0.0000
-284.4344 0.0000
-284.5610 0.0000
-282.9273 0.0000
-284.3712 0.0000
-283.0567 0.0000
-282.7240 0.0000
-283.4883 0.0000
-281.3449 0.0000
-280.2794 0.0000
-282.2038 0.0000
-283.2542 0.0000
-283.0950 0.0000
-281.6961 0.0000
-284.0772 0.0000
-282.2221 0.0000
-282.8646 0.0000
-282.4278 0.0000
-281.3426 0.0000
-284.4191 0.0000
-282.7916 0.0000
-283.9139 0.0000
-284.0286 0.0000
-283.1712 0.0000
-282.8882 0.0000
-283.9296 0.0000
-283.5832 0.0000
-283.8054 0.0000
-282.2792 0.0000
-283.2382 0.0000
-283.7223 0.0000
-283.3185 0.0000
-283.6353 0.0000
-282.8942 0.0000
-282.8271 0.0000
-283.9717 0.0000
-283.7533 0.0000
-283.5269 0.0000
-283.6294 0.0000
-283.9177 0.0000
-285.8488 0.0000
-286.1713 0.0000
-285.2359 0.0000
-285.3238 0.0000
-285.4671 0.0000
-285.9278 0.0000
-286.2255 0.0000
-287.0593 0.0000
-283.7810 0.0000
-284.9079 0.0000
-284.8723 0.0000
-284.7482 0.0000
-285.5675 0.0000
-285.2408 0.0000
-286.0787 0.0000
-285.4957 0.0000
-284.9788 0.0000
-285.8475 0.0000
-284.6552 0.0000
-284.5076 0.0000
-282.9011 0.0000
-283.9054 0.0000
-282.9198 0.0000
-283.6367 0.0000
-283.2954 0.0000
-283.5028 0.0000
-282.6220 0.0000
-283.1672 0.0000
-285.1211 0.0000
-284.2648 0.0000
-284.2529 0.0000
-283.8806 0.0000
-284.5121 0.0000
-283.1682 0.0000
-282.1978 0.0000
-283.3916 0.0000
-283.4858 0.0000
-282.5646 0.0000
-282.3805 0.0000
-283.2041 0.0000
-281.9284 0.0000
-281.6970 0.0000
-283.8711 0.0000
-282.9836 0.0000
-284.5213 0.0000
-283.1182 0.0000
-284.1357 0.0000
-284.3063 0.0000
-282.6755 0.0000
-281.9971 0.0000
-281.6334 0.0000
-284.7330 0.0000
-285.0990 0.0000
-284.9911 0.0000
-286.4929 0.0000
-285.2924 0.0000
-286.2654 0.0000
-285.9196 0.0000
-286.2388 0.0000
-284.7773 0.0000
-284.8866 0.0000
-284.8155 0.0000
-286.0122 0.0000
-284.3968 0.0000
-283.5749 0.0000
-284.2967 0.0000
-284.2027 0.0000
-285.9675 0.0000
-284.6441 0.0000
-283.9186 0.0000
-283.0090 0.0000
-282.7312 0.0000
-282.7763 0.0000
-283.6327 0.0000
-285.0749 0.0000
-286.0581 0.0000
-285.7257 0.0000
-284.1295 0.0000
-285.2086 0.0000
-284.9097 0.0000
-284.0278 0.0000
-285.5281 0.0000
-285.9195 0.0000
-286.5123 0.0000
-284.0582 0.0000
-284.9965 0.0000
-284.3469 0.0000
-284.9415 0.0000
-286.5335 0.0000
-285.6433 0.0000
-286.7450 0.0000
-288.4340 0.0000
-287.8641 0.0000
-287.4817 0.0000
-288.2714 0.0000
-287.0427 0.0000
-287.6628 0.0000
-288.1867 0.0000
-287.8502 0.0000
-287.4012 0.0000
-288.4494 0.0000
-287.8132 0.0000
-286.8746 0.0000
-287.6507 0.0000
-287.3543 0.0000
-287.3670 0.0000
-286.1485 0.0000
-286.6596 0.0000
-285.1776 0.0000
-285.1154 0.0000
-285.7713 0.0000
-285.8498 0.0000
-286.4211 0.0000
-285.9251 0.0000
-285.6489 0.0000
-284.1875 0.0000
-284.6131 0.0000
-284.8220 0.0000
-284.5950 0.0000
-285.5581 0.0000
-286.4341 0.0000
-284.8399 0.0000
-284.3819 0.0000
-283.8079 0.0000
-284.2180 0.0000
-286.3939 0.0000
-285.8750 0.0000
-285.5035 0.0000
-286.7571 0.0000
-287.1205 0.0000
-286.1727 0.0000
-285.3573 0.0000
-284.7669 0.0000
-284.1329 0.0000
-284.6365 0.0000
-285.1794 0.0000
-287.1697 0.0000
-285.0378 0.0000
-285.5455 0.0000
-286.5147 0.0000
-286.5305 0.0000
-285.7178 0.0000
-286.8785 0.0000
-285.4202 0.0000
-285.9057 0.0000
-285.9433 0.0000
-284.6700 0.0000
-286.5324 0.0000
-284.0068 0.0000
-283.3990 0.0000
-284.9550 0.0000
-286.2998 0.0000
-286.3438 0.0000
-286.1707 0.0000
-286.5827 0.0000
-286.2336 0.0000
-287.1606 0.0000
-287.2970 0.0000
-287.4297 0.0000
-288.4003 0.0000
-289.1535 0.0000
-288.8191 0.0000
-288.6837 0.0000
-288.6674 0.0000
-288.5354 0.0000
-287.7011 0.0000
-286.7461 0.0000
-287.7666 0.0000
-288.3858 0.0000
-289.3586 0.0000
-289.3046 0.0000
-288.7627 0.0000
-290.2828 0.0000
-288.6874 0.0000
-289.2524 0.0000
-288.6843 0.0000
-289.3645 0.0000
-288.1424 0.0000
-288.8886 0.0000
-287.2720 0.0000
-287.9320 0.0000
-288.6962 0.0000
-287.9118 0.0000
-288.0814 0.0000
-285.6223 0.0000
-286.5543 0.0000
-285.8289 0.0000
-286.6917 0.0000
-287.9499 0.0000
-287.5485 0.0000
-285.2747 0.0000
-286.1378 0.0000
-287.1174 0.0000
-288.0641 0.0000
-286.0790 0.0000
-285.9711 0.0000
-286.6522 0.0000
-286.3795 0.0000
-287.7629 0.0000
-283.9338 0.0000
-285.4055 0.0000
-286.7770 0.0000
-284.8698 0.0000
-283.8349 0.0000
-283.3164 0.0000
-285.2723 0.0000
-285.1198 0.0000
-283.6603 0.0000
-284.3693 0.0000
-283.2386 0.0000
-285.2858 0.0000
-283.5725 0.0000
-283.9948 0.0000
-284.1629 0.0000
-283.7364 0.0000
-284.4317 0.0000
-285.6276 0.0000
-285.4578 0.0000
-284.4491 0.0000
-284.9172 0.0000
-284.5743 0.0000
-284.2985 0.0000
-285.0087 0.0000
-284.4642 0.0000
-283.8779 0.0000
-285.2433 0.0000
-285.7858 0.0000
-283.1202 0.0000
-284.4234 0.0000
-285.7004 0.0000
-285.5361 0.0000
-285.0749 0.0000
-285.2800 0.0000
-285.8194 0.0000
-285.7118 0.0000
-286.3449 0.0000
-286.2238 0.0000
-286.2171 0.0000
-286.7418 0.0000
-286.6919 0.0000
-287.1356 0.0000
-287.0628 0.0000
-286.6834 0.0000
-286.6970 0.0000
-286.9270 0.0000
-287.3984 0.0000
-286.7035 0.0000
-286.8413 0.0000
-287.3813 0.0000
-287.9785 0.0000
-287.8227 0.0000
-287.7910 0.0000
-287.8263 0.0000
-287.1287 0.0000
-287.7610 0.0000
-286.3206 0.0000
-286.2908 0.0000
-286.8818 0.0000
-288.3169 0.0000
-289.1268 0.0000
-288.5659 0.0000
-288.0184 0.0000
-288.2377 0.0000
-286.4342 0.0000
-285.3841 0.0000
-283.5500 0.0000
-285.5503 0.0000
-285.0031 0.0000
-285.7928 0.0000
-284.8111 0.0000
-285.7136 0.0000
-285.3490 0.0000
-286.2501 0.0000
-285.0103 0.0000
-284.4726 0.0000
-285.0954 0.0000
-283.7061 0.0000
-283.7683 0.0000
-284.9275 0.0000
-284.9765 0.0000
-286.9851 0.0000
-286.8335 0.0000
-286.5972 0.0000
-287.2201 0.0000
-287.1598 0.0000
-288.0968 0.0000
-285.5667 0.0000
-287.7620 0.0000
-286.6533 0.0000
-288.0757 0.0000
-289.0847 0.0000
-286.7590 0.0000
-286.9051 0.0000
-286.5919 0.0000
-286.2644 0.0000
-287.5199 0.0000
-286.2861 0.0000
-285.6508 0.0000
-285.3204 0.0000
-285.7480 0.0000
-285.9500 0.0000
-286.3210 0.0000
-285.2604 0.0000
-285.8259 0.0000
-284.7171 0.0000
-285.5241 0.0000
-285.9099 0.0000
-284.2305 0.0000
-283.6888 0.0000
-283.4231 0.0000
-282.5261 0.0000
-282.6941 0.0000
-282.7291 0.0000
-283.1099 0.0000
-284.6285 0.0000
-284.8421 0.0000
-284.4409 0.0000
-284.8067 0.0000
-285.4849 0.0000
-284.6364 0.0000
-285.8610 0.0000
-285.3684 0.0000
-286.7208 0.0000
-286.0636 0.0000
-284.5587 0.0000
-285.0815 0.0000
-286.2022 0.0000
-284.9864 0.0000
-287.2034 0.0000
-284.8789 0.0000
-285.0149 0.0000
-285.8805 0.0000
-286.6306 0.0000
-286.5988 0.0000
-285.8329 0.0000
-287.4574 0.0000
-286.6701 0.0000
-286.9526 0.0000
-285.2887 0.0000
-284.9595 0.0000
-285.9890 0.0000
-285.7788 0.0000
-284.5892 0.0000
-284.4691 0.0000
-284.2273 0.0000
-284.3682 0.0000
-285.2113 0.0000
-284.6168 0.0000
-283.8838 0.0000
-285.3527 0.0000
-286.1407 0.0000
-285.4776 0.0000
-285.1853 0.0000
-284.9406 0.0000
-284.9230 0.0000
-285.4834 0.0000
-284.0748 0.0000
-283.9835 0.0000
-284.5483 0.0000
-285.0834 0.0000
-284.7485 0.0000
-284.4596 0.0000
-283.4307 0.0000
-282.1751 0.0000
-282.4719 0.0000
-282.4015 0.0000
-281.4734 0.0000
-282.2148 0.0000
-282.9194 0.0000
-280.9878 0.0000
-281.9111 0.0000
-283.0732 0.0000
-284.1737 0.0000
-281.9788 0.0000
-282.9761 0.0000
-284.1330 0.0000
-281.4868 0.0000
-284.5148 0.0000
-284.1661 0.0000
-285.1501 0.0000
-285.1648 0.0000
-285.2382 0.0000
-283.3723 0.0000
-284.2501 0.0000
-284.4823 0.0000
-284.4039 0.0000
-283.4480 0.0000
-285.1169 0.0000
-283.6941 0.0000
-284.3651 0.0000
-283.5385 0.0000
-282.1338 0.0000
-283.5175 0.0000
-282.2763 0.0000
-281.4955 0.0000
-281.9719 0.0000
-283.2422 0.0000
-281.1902 0.0000
-281.4910 0.0000
-281.0438 0.0000
-282.0737 0.0000
-281.1681 0.0000
-280.6709 0.0000
-281.7486 0.0000
-281.2628 0.0000
-282.2929 0.0000
-281.2827 0.0000
-279.8814 0.0000
-280.2596 0.0000
-281.0510 0.0000
-280.7178 0.0000
-280.9555 0.0000
-281.1451 0.0000
-282.5664 0.0000
-281.5347 0.0000
-282.2401 0.0000
-281.8474 0.0000
-280.6289 0.0000
-280.9486 0.0000
-281.5109 0.0000
-280.0463 0.0000
-281.1799 0.0000
-280.2013 0.0000
-279.6701 0.0000
-279.6176 0.0000
-281.6441 0.0000
-280.1950 0.0000
-281.7350 0.0000
-279.1518 0.0000
-278.7289 0.0000
-280.6542 0.0000
-278.6480 0.0000
-280.5809 0.0000
-278.6560 0.0000
-279.7286 0.0000
-280.4847 0.0000
-279.2387 0.0000
-276.9894 0.0000
-279.4664 0.0000
-280.6842 0.0000
-280.5422 0.0000
-280.6026 0.0000
-278.7306 0.0000
-279.6151 0.0000
-280.7513 0.0000
-279.5484 0.0000
-279.8092 0.0000
-279.6104 0.0000
-279.2778 0.0000
-280.2434 0.0000
-280.7104 0.0000
-278.5054 0.0000
-280.5378 0.0000
-279.3839 0.0000
-278.2358 0.0000
-281.4021 0.0000
-279.3726 0.0000
-277.7682 0.0000
-278.9102 0.0000
-279.8857 0.0000
-279.9792 0.0000
-278.6696 0.0000
-278.7868 0.0000
-279.3758 0.0000
-280.4669 0.0000
-280.3945 0.0000
-278.2572 0.0000
-279.6787 0.0000
-280.3114 0.0000
-278.5828 0.0000
-278.6045 0.0000
-278.3093 0.0000
-278.5564 0.0000
-278.9324 0.0000
-278.6054 0.0000
-278.0299 0.0000
-280.6445 0.0000
-278.5117 0.0000
-278.9017 0.0000
-278.6752 0.0000
-278.7247 0.0000
-278.0841 0.0000
-276.6486 0.0000
-278.3646 0.0000
-278.4469 0.0000
-278.4481 0.0000
-277.4861 0.0000
-278.4709 0.0000
-277.6381 0.0000
-276.2298 0.0000
-276.1817 0.0000
-275.6619 0.0000
-274.4039 0.0000
-275.0174 0.0000
-274.4669 0.0000
-273.7443 0.0000
-276.1490 0.0000
-273.7136 0.0000
-274.7646 0.0000
-273.9682 0.0000
-272.9195 0.0000
-273.6827 0.0000
-273.2431 0.0000
-273.4113 0.0000
-274.4861 0.0000
-273.3551 0.0000
-273.8379 0.0000
-273.6836 0.0000
-272.3903 0.0000
-273.2271 0.0000
-273.4680 0.0000
-272.5612 0.0000
-272.1908 0.0000
-273.7113 0.0000
-273.0846 0.0000
-275.2738 0.0000
-275.2838 0.0000
-274.7188 0.0000
-275.3223 0.0000
-275.3556 0.0000
-276.6480 0.0000
-277.4260 0.0000
-275.6649 0.0000
-276.3451 0.0000
-277.2919 0.0000
-276.1105 0.0000
-274.7502 0.0000
-276.3713 0.0000
-275.8182 0.0000
-277.6328 0.0000
-276.8282 0.0000
-276.2157 0.0000
-276.6481 0.0000
-277.5429 0.0000
-275.2835 0.0000
-276.8101 0.0000
-277.1226 0.0000
-276.3815 0.0000
-275.9238 0.0000
-276.4823 0.0000
-276.7888 0.0000
-277.0319 0.0000
-276.6857 0.0000
-277.2539 0.0000
-276.9316 0.0000
-276.8342 0.0000
-277.9179 0.0000
-277.0078 0.0000
-276.9944 0.0000
-277.6405 0.0000
-276.2155 0.0000
-275.9172 0.0000
-274.6385 0.0000
-273.6487 0.0000
-272.4965 0.0000
-272.9677 0.0000
-273.2294 0.0000
-271.8422 0.0000
-271.1065 0.0000
-272.0841 0.0000
-271.5265 0.0000
-272.5582 0.0000
-271.4166 0.0000
-269.8341 0.0000
-270.5357 0.0000
-271.4173 0.0000
-272.3246 0.0000
-270.2620 0.0000
-269.8842 0.0000
-268.8447 0.0000
-269.6820 0.0000
-267.9342 0.0000
-268.3863 0.0000
-267.6171 0.0000
-268.2362 0.0000
-268.0138 0.0000
-268.3614 0.0000
-266.3484 0.0000
-267.9454 0.0000
-268.7245 0.0000
-268.5812 0.0000
-268.5260 0.0000
-269.1456 0.0000
-267.3449 0.0000
-267.3736 0.0000
-265.3284 0.0000
-264.4703 0.0000
-264.5229 0.0000
-263.5465 0.0000
-264.5852 0.0000
-264.2487 0.0000
-265.3252 0.0000
-263.8264 0.0000
-263.0459 0.0000
-262.9168 0.0000
-261.9378 0.0000
-262.0090 0.0000
-261.9607 0.0000
-263.0412 0.0000
-264.3230 0.0000
-264.5448 0.0000
-264.7926 0.0000
-264.1026 0.0000
-264.2853 0.0000
-265.9119 0.0000
-264.2465 0.0000
-264.6658 0.0000
-261.7298 0.0000
-262.0213 0.0000
-260.3297 0.0000
-260.8086 0.0000
-261.4510 0.0000
-261.0971 0.0000
-259.9215 0.0000
-259.4823 0.0000
-260.0126 0.0000
-259.1557 0.0000
-259.2619 0.0000
-256.9990 0.0000
-259.5784 0.0000
-258.6811 0.0000
-259.0921 0.0000
-257.3592 0.0000
-257.6314 0.0000
-257.3724 0.0000
-257.3087 0.0000
-257.9733 0.0000
-256.7433 0.0000
-257.3592 0.0000
-257.1325 0.0000
-255.9246 0.0000
-256.1239 0.0000
-257.1257 0.0000
-256.4099 0.0000
-255.9305 0.0000
-255.9383 0.0000
-256.3457 0.0000
-256.3231 0.0000
-256.4777 0.0000
-255.9253 0.0000
-256.2217 0.0000
-256.5263 0.0000
-256.9660 0.0000
-255.4924 0.0000
-256.9611 0.0000
-255.3775 0.0000
-255.0467 0.0000
-255.3534 0.0000
-255.0016 0.0000
-254.7766 0.0000
-254.4471 0.0000
-254.7842 0.0000
-253.9981 0.0000
-255.6510 0.0000
-254.9405 0.0000
-255.8442 0.0000
-256.4358 0.0000
-255.7112 0.0000
-255.8404 0.0000
-255.7179 0.0000
-255.4938 0.0000
-254.8463 0.0000
-254.2275 0.0000
-253.6177 0.0000
-252.6349 0.0000
-255.7803 0.0000
-255.5729 0.0000
-256.3511 0.0000
-255.4665 0.0000
-256.1547 0.0000
-255.0540 0.0000
-256.4703 0.0000
-257.2763 0.0000
-257.9622 0.0000
-257.4630 0.0000
-258.0626 0.0000
-257.6559 0.0000
-257.8976 0.0000
-257.6373 0.0000
-257.7031 0.0000
-258.4617 0.0000
-258.4229 0.0000
-257.5683 0.0000
-257.9859 0.0000
-257.6528 0.0000
-259.4858 0.0000
-257.7414 0.0000
-257.6786 0.0000
-258.1559 0.0000
-258.7285 0.0000
-257.7528 0.0000
-258.2866 0.0000
-256.8790 0.0000
-257.3630 0.0000
-257.0440 0.0000
-259.5624 0.0000
-258.3372 0.0000
-259.0450 0.0000
-257.8399 0.0000
-259.0079 0.0000
-259.7613 0.0000
-259.3376 0.0000
-259.0864 0.0000
-260.6207 0.0000
-260.4337 0.0000
-261.6746 0.0000
-258.4079 0.0000
-258.7827 0.0000
-257.5932 0.0000
-258.4055 0.0000
-255.9390 0.0000
-256.7858 0.0000
-256.2344 0.0000
-255.1551 0.0000
-255.7086 0.0000
-256.7845 0.0000
-256.6997 0.0000
-257.2399 0.0000
-255.6377 0.0000
-256.1656 0.0000
-257.2832 0.0000
-259.1397 0.0000
-258.9318 0.0000
-261.0549 0.0000
-258.4174 0.0000
-258.4120 0.0000
-258.2963 0.0000
-259.0658 0.0000
-258.2075 0.0000
-257.6606 0.0000
-258.9305 0.0000
-257.0682 0.0000
-256.3603 0.0000
-257.6438 0.0000
-257.9613 0.0000
-257.3786 0.0000
-257.6153 0.0000
-258.7612 0.0000
-260.0819 0.0000
-258.6150 0.0000
-259.1659 0.0000
-258.8880 0.0000
-259.2288 0.0000
-259.8757 0.0000
-260.9573 0.0000
-259.8967 0.0000
-261.2302 0.0000
-261.1464 0.0000
-260.9784 0.0000
-261.6796 0.0000
-261.5341 0.0000
-262.1007 0.0000
-261.8275 0.0000
-260.9635 0.0000
-261.0507 0.0000
-260.8725 0.0000
-261.4690 0.0000
-262.4759 0.0000
-262.9826 0.0000
-265.3695 0.0000
-263.1496 0.0000
-262.5241 0.0000
-261.4449 0.0000
-261.3628 0.0000
-261.0439 0.0000
-260.5522 0.0000
-260.7178 0.0000
-262.0674 0.0000
-263.2608 0.0000
-262.8518 0.0000
-263.3320 0.0000
-262.4500 0.0000
-264.0639 0.0000
-262.8919 0.0000
-263.3921 0.0000
-264.2725 0.0000
-263.3788 0.0000
-262.2966 0.0000
-261.5913 0.0000
-262.0841 0.0000
-261.3586 0.0000
-259.8236 0.0000
-258.3877 0.0000
-258.9312 0.0000
-257.2151 0.0000
-257.6772 0.0000
-256.6793 0.0000
-259.0213 0.0000
-259.0407 0.0000
-258.1985 0.0000
-260.9041 0.0000
-261.2931 0.0000
-261.6944 0.0000
-260.8486 0.0000
-260.1348 0.0000
-259.7442 0.0000
-259.6984 0.0000
-258.3862 0.0000
-259.7821 0.0000
-260.1897 0.0000
-259.7887 0.0000
-261.1425 0.0000
-259.7244 0.0000
-259.9027 0.0000
-259.9482 0.0000
-260.7250 0.0000
-259.9906 0.0000
-262.3587 0.0000
-258.5811 0.0000
-258.9284 0.0000
-258.0244 0.0000
-259.4835 0.0000
-260.1939 0.0000
-259.6527 0.0000
-261.6333 0.0000
-258.4011 0.0000
-257.4196 0.0000
-258.2291 0.0000
-258.8140 0.0000
-259.7728 0.0000
-257.9410 0.0000
-258.2169 0.0000
-259.0582 0.0000
-259.5540 0.0000
-257.9893 0.0000
-256.8400 0.0000
-258.8392 0.0000
-257.1304 0.0000
-258.2842 0.0000
-259.0794 0.0000
-258.9674 0.0000
-259.1681 0.0000
-257.9789 0.0000
-257.0243 0.0000
-257.3742 0.0000
-257.7324 0.0000
-258.2633 0.0000
-259.1613 0.0000
-259.4675 0.0000
-258.5802 0.0000
-258.5139 0.0000
-259.7131 0.0000
-259.2763 0.0000
-257.7320 0.0000
-259.1417 0.0000
-258.0565 0.0000
-257.5490 0.0000
-257.8457 0.0000
-258.9913 0.0000
-259.1404 0.0000
-257.8778 0.0000
-257.1700 0.0000
-259.0475 0.0000
-258.6348 0.0000
-258.0140 0.0000
-258.0223 0.0000
-258.0519 0.0000
-257.3472 0.0000
-256.3375 0.0000
-257.2815 0.0000
-256.8471 0.0000
-256.1468 0.0000
-257.7854 0.0000
-257.1019 0.0000
-255.9943 0.0000
-256.7426 0.0000
-258.3287 0.0000
-258.2458 0.0000
-256.5666 0.0000
-256.5264 0.0000
-256.6698 0.0000
-256.7773 0.0000
-256.9353 0.0000
-257.5372 0.0000
-258.2915 0.0000
-257.0540 0.0000
-257.5926 0.0000
-257.1470 0.0000
-257.1101 0.0000
-256.0510 0.0000
-256.3312 0.0000
-257.0828 0.0000
-258.0245 0.0000
-257.1761 0.0000
-257.5876 0.0000
-257.5334 0.0000
-257.1897 0.0000
-256.7252 0.0000
-256.2947 0.0000
-256.6308 0.0000
-257.9799 0.0000
-254.9198 0.0000
-255.9366 0.0000
-256.4271 0.0000
-256.4417 0.0000
-256.7512 0.0000
-257.2668 0.0000
-257.5384 0.0000
-256.5127 0.0000
-256.2204 0.0000
-257.5669 0.0000
-255.6786 0.0000
-255.9558 0.0000
-256.6691 0.0000
-256.8304 0.0000
-256.4890 0.0000
-257.4204 0.0000
-257.2024 0.0000
-257.4019 0.0000
-257.7375 0.0000
-257.4648 0.0000
-257.3489 0.0000
-258.0115 0.0000
-259.2305 0.0000
-256.5662 0.0000
-256.7783 0.0000
-254.8617 0.0000
-256.2514 0.0000
-255.4802 0.0000
-254.9986 0.0000
-254.0566 0.0000
-254.5316 0.0000
-255.3681 0.0000
-256.5858 0.0000
-255.5362 0.0000
-257.7590 0.0000
-256.0395 0.0000
-257.1344 0.0000
-257.9072 0.0000
-257.6720 0.0000
-258.2105 0.0000
-258.4998 0.0000
-258.5323 0.0000
-258.3225 0.0000
-259.1757 0.0000
-258.5286 0.0000
-259.4491 0.0000
-259.0732 0.0000
-259.2358 0.0000
-258.1536 0.0000
-258.9741 0.0000
-259.4585 0.0000
-258.6451 0.0000
-258.7479 0.0000
-259.1678 0.0000
-258.5752 0.0000
-258.1223 0.0000
-256.9816 0.0000
-257.2022 0.0000
-255.9946 0.0000
-255.2045 0.0000
-256.4801 0.0000
-257.5263 0.0000
-258.0689 0.0000
-257.5388 0.0000
-257.2348 0.0000
-257.5248 0.0000
-256.8025 0.0000
-257.9644 0.0000
-257.5703 0.0000
-257.5997 0.0000
-258.2174 0.0000
-257.5230 0.0000
-257.4006 0.0000
-256.6618 0.0000
-255.8664 0.0000
-255.1165 0.0000
-255.1765 0.0000
-254.2988 0.0000
-254.1213 0.0000
-254.8854 0.0000
-254.3982 0.0000
-253.4748 0.0000
-253.6570 0.0000
-252.8590 0.0000
-252.3678 0.0000
-253.0488 0.0000
-254.0884 0.0000
-253.5173 0.0000
-253.4647 0.0000
-253.6948 0.0000
-253.9757 0.0000
-253.7012 0.0000
-253.8153 0.0000
-253.5667 0.0000
-252.6383 0.0000
-252.2499 0.0000
-252.6025 0.0000
-252.0495 0.0000
-251.2128 0.0000
-252.4554 0.0000
-251.8243 0.0000
-251.7119 0.0000
-251.0285 0.0000
-250.7361 0.0000
-250.1662 0.0000
-249.8972 0.0000
-251.1497 0.0000
-249.7697 0.0000
-250.3186 0.0000
-249.5040 0.0000
-250.2125 0.0000
-248.7847 0.0000
-249.3012 0.0000
-249.8952 0.0000
-250.7950 0.0000
-250.0466 0.0000
-251.2067 0.0000
-251.2627 0.0000
-252.2256 0.0000
-251.5451 0.0000
-250.9066 0.0000
-251.8257 0.0000
-250.1666 0.0000
-250.6448 0.0000
-250.8763 0.0000
-249.8476 0.0000
-250.8428 0.0000
-249.5428 0.0000
-249.0429 0.0000
-249.2465 0.0000
-249.6732 0.0000
-249.1868 0.0000
-250.4221 0.0000
-249.7213 0.0000
-249.1059 0.0000
-248.2424 0.0000
-249.0028 0.0000
-249.4375 0.0000
-248.8818 0.0000
-249.1274 0.0000
-247.9918 0.0000
-247.4975 0.0000
-248.1646 0.0000
-248.8777 0.0000
-248.5118 0.0000
-248.7715 0.0000
-248.5426 0.0000
-247.9734 0.0000
-248.1656 0.0000
-248.1245 0.0000
-248.4537 0.0000
-249.6235 0.0000
-248.1622 0.0000
-248.0512 0.0000
-248.3954 0.0000
-248.4001 0.0000
-248.0852 0.0000
-248.3617 0.0000
-248.8984 0.0000
-247.3807 0.0000
-247.1282 0.0000
-247.0186 0.0000
-246.9434 0.0000
-246.7436 0.0000
-245.7208 0.0000
-246.6131 0.0000
-246.5102 0.0000
-245.8654 0.0000
-246.1013 0.0000
-245.2963 0.0000
-245.4917 0.0000
-245.5379 0.0000
-246.0568 0.0000
-246.0424 0.0000
-245.2923 0.0000
-245.7696 0.0000
-246.1560 0.0000
-245.1749 0.0000
-246.0710 0.0000
-244.5806 0.0000
-245.5350 0.0000
-244.4157 0.0000
-243.2474 0.0000
-243.1578 0.0000
-242.0385 0.0000
-242.1879 0.0000
-242.5795 0.0000
-243.7899 0.0000
-242.9967 0.0000
-241.8549 0.0000
-242.4732 0.0000
-242.7985 0.0000
-242.7522 0.0000
-242.8726 0.0000
-243.1456 0.0000
-243.3330 0.0000
-244.4449 0.0000
-244.9413 0.0000
-245.2522 0.0000
-244.3431 0.0000
-244.0504 0.0000
-245.7385 0.0000
-244.4161 0.0000
-244.5604 0.0000
-244.3593 0.0000
-244.1641 0.0000
-244.4227 0.0000
-243.9763 0.0000
-244.5652 0.0000
-244.5637 0.0000
-244.7543 0.0000
-244.8105 0.0000
-244.9131 0.0000
-244.4617 0.0000
-244.0529 0.0000
-243.3866 0.0000
-244.3475 0.0000
-244.7683 0.0000
-244.3235 0.0000
-244.8347 0.0000
-245.2449 0.0000
-244.1991 0.0000
-245.8933 0.0000
-246.4528 0.0000
-245.5574 0.0000
-245.6201 0.0000
-245.0055 0.0000
-245.0717 0.0000
-245.8850 0.0000
-245.9921 0.0000
-245.9251 0.0000
-245.8026 0.0000
-245.9915 0.0000
-245.7130 0.0000
-245.5356 0.0000
-246.0734 0.0000
-246.2001 0.0000
-245.8660 0.0000
-244.7442 0.0000
-244.5827 0.0000
-246.5495 0.0000
-246.6626 0.0000
-246.1045 0.0000
-246.7381 0.0000
-247.2867 0.0000
-247.1977 0.0000
-247.8717 0.0000
-247.8997 0.0000
-248.2002 0.0000
-248.8815 0.0000
-247.7450 0.0000
-248.3978 0.0000
-247.3403 0.0000
-247.7725 0.0000
-249.0442 0.0000
-249.7443 0.0000
-250.7974 0.0000
-248.5605 0.0000
-250.0127 0.0000
-249.0364 0.0000
-249.4839 0.0000
-249.9136 0.0000
-252.0885 0.0000
-251.1144 0.0000
-249.5874 0.0000
-249.7645 0.0000
-248.9316 0.0000
-250.1668 0.0000
-249.8648 0.0000
-249.6432 0.0000
-249.2622 0.0000
-249.8552 0.0000
-251.1108 0.0000
-249.8354 0.0000
-249.3398 0.0000
-249.0006 0.0000
-247.6959 0.0000
-249.8709 0.0000
-249.2087 0.0000
-249.8340 0.0000
-250.0641 0.0000
-249.3318 0.0000
-248.7586 0.0000
-248.6756 0.0000
-248.8489 0.0000
-247.2116 0.0000
-246.8788 0.0000
-247.2502 0.0000
-247.4071 0.0000
-246.5944 0.0000
-247.7300 0.0000
-247.9716 0.0000
-247.0047 0.0000
-246.7406 0.0000
-246.8724 0.0000
-247.6233 0.0000
-246.7095 0.0000
-247.4934 0.0000
-246.6632 0.0000
-247.7535 0.0000
-245.9041 0.0000
-245.7676 0.0000
-246.5635 0.0000
-246.0057 0.0000
-244.4302 0.0000
-246.4793 0.0000
-246.3117 0.0000
-246.0975 0.0000
-245.9375 0.0000
-246.4532 0.0000
-247.1911 0.0000
-246.1261 0.0000
-248.7012 0.0000
-248.0591 0.0000
-247.4987 0.0000
-248.1499 0.0000
-246.7765 0.0000
-246.9382 0.0000
-246.6155 0.0000
-247.5248 0.0000
-248.8177 0.0000
-248.3439 0.0000
-249.6494 0.0000
-250.3774 0.0000
-251.4504 0.0000
-252.4517 0.0000
-254.3944 0.0000
-251.6704 0.0000
-252.1090 0.0000
-252.3825 0.0000
-253.0135 0.0000
-252.4781 0.0000
-254.6651 0.0000
-254.7090 0.0000
-252.6537 0.0000
-254.0353 0.0000
-255.5852 0.0000
-255.6100 0.0000
-255.7889 0.0000
-255.8060 0.0000
-256.2596 0.0000
-255.5001 0.0000
-255.9273 0.0000
-252.5884 0.0000
-253.7402 0.0000
-254.4299 0.0000
-255.8401 0.0000
-254.2406 0.0000
-253.3541 0.0000
-252.8383 0.0000
-251.9688 0.0000
-250.6358 0.0000
-250.9519 0.0000
-252.2663 0.0000
-251.1489 0.0000
-248.9670 0.0000
-249.8864 0.0000
-250.5024 0.0000
-250.0972 0.0000
-249.2815 0.0000
-248.4813 0.0000
-247.8756 0.0000
-247.0579 0.0000
-248.9284 0.0000
-247.6937 0.0000
-246.8617 0.0000
-246.2086 0.0000
-244.9339 0.0000
-245.9940 0.0000
-245.5700 0.0000
-245.7018 0.0000
-245.8211 0.0000
-246.0411 0.0000
-246.5584 0.0000
-244.2458 0.0000
-243.8699 0.0000
-244.0914 0.0000
-245.6100 0.0000
-245.5290 0.0000
-246.2409 0.0000
-246.6990 0.0000
-244.8553 0.0000
-244.5833 0.0000
-246.2187 0.0000
-246.2408 0.0000
-246.7869 0.0000
-244.4486 0.0000
-245.6069 0.0000
-244.9146 0.0000
-244.7711 0.0000
-244.7055 0.0000
-243.3792 0.0000
-242.6953 0.0000
-242.4633 0.0000
-242.6326 0.0000
-242.7367 0.0000
-243.6219 0.0000
-243.4878 0.0000
-242.2869 0.0000
-242.5647 0.0000
-243.0197 0.0000
-243.3293 0.0000
-245.4846 0.0000
-244.6352 0.0000
-244.7975 0.0000
-242.9818 0.0000
-244.7272 0.0000
-243.6121 0.0000
-243.5095 0.0000
-241.4851 0.0000
-242.4230 0.0000
-240.5694 0.0000
-241.3848 0.0000
-241.8718 0.0000
-241.8057 0.0000
-241.0749 0.0000
-240.5879 0.0000
-241.8971 0.0000
-240.7249 0.0000
-241.1142 0.0000
-239.5044 0.0000
-240.1816 0.0000
-240.7619 0.0000
-241.5272 0.0000
-241.1588 0.0000
-240.3705 0.0000
-242.6515 0.0000
-244.3859 0.0000
-244.4003 0.0000
-245.4226 0.0000
-247.5255 0.0000
-246.7294 0.0000
-246.7985 0.0000
-247.3674 0.0000
-245.9144 0.0000
-245.6328 0.0000
-246.9945 0.0000
-245.1684 0.0000
-246.8234 0.0000
-247.7510 0.0000
-248.5684 0.0000
-247.4164 0.0000
-249.5775 0.0000
-249.6546 0.0000
-250.3692 0.0000
-249.7604 0.0000
-250.0813 0.0000
-249.6557 0.0000
-250.9655 0.0000
-252.0389 0.0000
-248.8969 0.0000
-248.1282 0.0000
-247.1524 0.0000
-248.7585 0.0000
-246.5112 0.0000
-246.3395 0.0000
-246.9892 0.0000
-246.3531 0.0000
-245.4282 0.0000
-244.7668 0.0000
-244.5276 0.0000
-242.9505 0.0000
-243.8188 0.0000
-242.0875 0.0000
-241.6885 0.0000
-241.0590 0.0000
-242.4744 0.0000
-241.2257 0.0000
-239.8229 0.0000
-239.3513 0.0000
-239.8975 0.0000
-238.3072 0.0000
-238.5703 0.0000
-238.6025 0.0000
-239.7406 0.0000
-239.2539 0.0000
-239.6167 0.0000
-239.5391 0.0000
-240.6138 0.0000
-240.7104 0.0000
-240.7238 0.0000
-240.9312 0.0000
-240.6776 0.0000
-240.5024 0.0000
-241.9138 0.0000
-240.8927 0.0000
-241.7859 0.0000
-240.1664 0.0000
-241.2859 0.0000
-240.4362 0.0000
-241.1888 0.0000
-240.8306 0.0000
-240.1988 0.0000
-240.2457 0.0000
-239.8819 0.0000
-240.3181 0.0000
-240.8556 0.0000
-240.7495 0.0000
-239.4649 0.0000
-239.4724 0.0000
-238.9611 0.0000
-239.8843 0.0000
-240.1587 0.0000
-239.5438 0.0000
-239.1453 0.0000
-239.3445 0.0000
-238.8159 0.0000
-238.2882 0.0000
-238.0250 0.0000
-239.3040 0.0000
-239.7493 0.0000
-240.8912 0.0000
-239.9681 0.0000
-240.4259 0.0000
-241.5562 0.0000
-239.8698 0.0000
-241.0423 0.0000
-240.0898 0.0000
-240.6208 0.0000
-240.1015 0.0000
-239.9076 0.0000
-239.8132 0.0000
-239.8099 0.0000
-239.8224 0.0000
-239.9273 0.0000
-239.5335 0.0000
-239.7676 0.0000
-240.2808 0.0000
-240.2695 0.0000
-240.7174 0.0000
-239.5486 0.0000
-239.4733 0.0000
-238.9691 0.0000
-238.6358 0.0000
-239.6128 0.0000
-239.8964 0.0000
-238.5621 0.0000
-240.2975 0.0000
-239.5839 0.0000
-238.2622 0.0000
-238.4141 0.0000
-239.2519 0.0000
-238.7999 0.0000
-238.5826 0.0000
-238.2697 0.0000
-238.2143 0.0000
-238.0083 0.0000
-238.1493 0.0000
-238.1241 0.0000
-237.9037 0.0000
-237.3009 0.0000
-236.7509 0.0000
-236.1947 0.0000
-236.1083 0.0000
-236.6210 0.0000
-237.5329 0.0000
-236.6039 0.0000
-237.9806 0.0000
-237.4073 0.0000
-237.3427 0.0000
-237.8538 0.0000
-236.8352 0.0000
-236.9447 0.0000
-237.8058 0.0000
-238.9084 0.0000
-237.0525 0.0000
-238.3204 0.0000
-239.6871 0.0000
-239.6439 0.0000
-239.5918 0.0000
-239.4419 0.0000
-238.8408 0.0000
-237.4640 0.0000
-236.9547 0.0000
-236.0420 0.0000
-236.6310 0.0000
-235.9820 0.0000
-235.9825 0.0000
-236.4546 0.0000
-237.9800 0.0000
-237.6651 0.0000
-238.9957 0.0000
-238.4670 0.0000
-237.6229 0.0000
-236.7648 0.0000
-237.1412 0.0000
-237.9278 0.0000
-237.8362 0.0000
-238.0986 0.0000
-237.6142 0.0000
-237.4803 0.0000
-236.6339 0.0000
-237.1766 0.0000
-237.0269 0.0000
-237.3180 0.0000
-238.0986 0.0000
-238.2528 0.0000
-238.0866 0.0000
-238.9571 0.0000
-238.4007 0.0000
-238.8103 0.0000
-239.1819 0.0000
-239.2256 0.0000
-238.3813 0.0000
-237.8211 0.0000
-239.1071 0.0000
-239.0045 0.0000
-238.5447 0.0000
-238.3848 0.0000
-238.3854 0.0000
-238.1848 0.0000
-239.5601 0.0000
-240.2953 0.0000
-239.8307 0.0000
-240.1589 0.0000
-240.5574 0.0000
-240.9927 0.0000
-241.0180 0.0000
-239.8195 0.0000
-241.7305 0.0000
-240.8488 0.0000
-240.8556 0.0000
-240.5980 0.0000
-240.2031 0.0000
-239.8238 0.0000
-240.7915 0.0000
-239.5227 0.0000
-239.6202 0.0000
-241.4233 0.0000
-239.5995 0.0000
-239.5997 0.0000
-240.7340 0.0000
-239.8695 0.0000
-240.4260 0.0000
-238.6437 0.0000
-239.4430 0.0000
-240.1756 0.0000
-239.3761 0.0000
-239.7330 0.0000
-239.2678 0.0000
-239.1708 0.0000
-239.3306 0.0000
-239.3657 0.0000
-238.5439 0.0000
-239.3027 0.0000
-239.2174 0.0000
-239.8117 0.0000
-239.1697 0.0000
-238.6374 0.0000
-238.4819 0.0000
-238.1712 0.0000
-239.0988 0.0000
-239.3108 0.0000
-239.2208 0.0000
-239.7493 0.0000
-239.4261 0.0000
-238.7437 0.0000
-238.7217 0.0000
-238.0654 0.0000
-237.6972 0.0000
-237.6118 0.0000
-238.2539 0.0000
-238.3897 0.0000
-237.8418 0.0000
-239.9572 0.0000
-240.1330 0.0000
-239.2997 0.0000
-239.5401 0.0000
-239.8781 0.0000
-240.4969 0.0000
-240.7030 0.0000
-240.8627 0.0000
-241.2011 0.0000
-240.6056 0.0000
-240.9156 0.0000
-240.8536 0.0000
-240.6299 0.0000
-241.5402 0.0000
-241.7668 0.0000
-241.7309 0.0000
-241.2539 0.0000
-242.2191 0.0000
-241.1232 0.0000
-241.4046 0.0000
-241.9530 0.0000
-241.9956 0.0000
-241.4192 0.0000
-241.2967 0.0000
-241.7157 0.0000
-242.0851 0.0000
-242.1117 0.0000
-242.0766 0.0000
-242.8101 0.0000
-244.1952 0.0000
-243.6905 0.0000
-242.8688 0.0000
-242.2921 0.0000
-241.9608 0.0000
-242.1587 0.0000
-242.3530 0.0000
-242.7902 0.0000
-242.7694 0.0000
-243.1772 0.0000
-243.8783 0.0000
-243.9151 0.0000
-245.6794 0.0000
-245.6912 0.0000
-246.1378 0.0000
-246.0539 0.0000
-245.3111 0.0000
-245.1833 0.0000
-244.7574 0.0000
-244.8095 0.0000
-245.1343 0.0000
-243.7244 0.0000
-243.8504 0.0000
-244.0017 0.0000
-243.6304 0.0000
-244.5424 0.0000
-245.3943 0.0000
-245.8997 0.0000
-246.8899 0.0000
-246.8367 0.0000
-245.5968 0.0000
-245.3675 0.0000
-245.7081 0.0000
-246.7039 0.0000
-246.8220 0.0000
-245.6075 0.0000
-245.6804 0.0000
-245.9614 0.0000
-246.0436 0.0000
-246.5398 0.0000
-246.0093 0.0000
-246.7473 0.0000
-245.7397 0.0000
-246.0951 0.0000
-245.5138 0.0000
-245.5187 0.0000
-245.2592 0.0000
-245.8993 0.0000
-246.2542 0.0000
-245.8667 0.0000
-246.4123 0.0000
-244.5308 0.0000
-244.3703 0.0000
-244.5167 0.0000
-244.8435 0.0000
-244.6556 0.0000
-245.1313 0.0000
-244.4906 0.0000
-245.0979 0.0000
-244.1190 0.0000
-243.5449 0.0000
-246.0512 0.0000
-244.6806 0.0000
-243.1616 0.0000
-244.8112 0.0000
-245.4820 0.0000
-247.2196 0.0000
-245.3423 0.0000
-245.5529 0.0000
-245.3104 0.0000
-245.9567 0.0000
-244.4950 0.0000
-245.5483 0.0000
-245.4219 0.0000
-245.1629 0.0000
-245.2601 0.0000
-244.6972 0.0000
-245.3963 0.0000
-244.8681 0.0000
-245.1836 0.0000
-244.7652 0.0000
-245.0614 0.0000
-245.7328 0.0000
-246.6095 0.0000
-247.0193 0.0000
-246.4033 0.0000
-246.1981 0.0000
-245.5075 0.0000
-247.1968 0.0000
-245.1032 0.0000
-246.5167 0.0000
-244.6822 0.0000
-245.7635 0.0000
-245.0574 0.0000
-244.3603 0.0000
-244.8801 0.0000
-245.7141 0.0000
-246.0709 0.0000
-246.8523 0.0000
-247.2976 0.0000
-247.8277 0.0000
-249.5163 0.0000
-249.4328 0.0000
-249.6319 0.0000
-249.7387 0.0000
-251.1751 0.0000
-251.1719 0.0000
-250.9858 0.0000
-249.7941 0.0000
-250.4067 0.0000
-250.0251 0.0000
-251.0343 0.0000
-251.5242 0.0000
-251.7906 0.0000
-251.2859 0.0000
-249.6921 0.0000
-254.0693 0.0000
-249.8291 0.0000
-250.6351 0.0000
-249.2386 0.0000
-249.2981 0.0000
-247.7916 0.0000
-248.7419 0.0000
-250.0904 0.0000
-249.4421 0.0000
-250.2285 0.0000
-249.3304 0.0000
-248.0724 0.0000
-248.2960 0.0000
-250.2046 0.0000
-248.0428 0.0000
-247.7555 0.0000
-247.7522 0.0000
-247.4511 0.0000
-248.0867 0.0000
-249.2981 0.0000
-248.8319 0.0000
-247.9264 0.0000
-248.1012 0.0000
-248.4145 0.0000
-248.6431 0.0000
-247.0926 0.0000
-246.0076 0.0000
-246.5650 0.0000
-245.2694 0.0000
-246.4972 0.0000
-246.7887 0.0000
-246.3693 0.0000
-244.2604 0.0000
-244.4329 0.0000
-244.4375 0.0000
-243.8492 0.0000
-243.8719 0.0000
-243.2839 0.0000
-243.1641 0.0000
-243.0270 0.0000
-242.8808 0.0000
-242.3544 0.0000
-242.7211 0.0000
-243.8643 0.0000
-242.7149 0.0000
-243.1983 0.0000
-243.0733 0.0000
-242.0499 0.0000
-243.3345 0.0000
-243.2895 0.0000
-243.5337 0.0000
-243.9258 0.0000
-243.3241 0.0000
-243.5454 0.0000
-244.2709 0.0000
-241.8267 0.0000
-244.8096 0.0000
-243.4427 0.0000
-244.0363 0.0000
-245.8249 0.0000
-244.9518 0.0000
-245.4248 0.0000
-246.5854 0.0000
-246.5947 0.0000
-244.9822 0.0000
-245.4577 0.0000
-246.0026 0.0000
-245.1171 0.0000
-245.1562 0.0000
-246.5134 0.0000
-246.3790 0.0000
-246.3082 0.0000
-245.5070 0.0000
-246.5700 0.0000
-245.3872 0.0000
-245.0662 0.0000
-245.2094 0.0000
-245.4505 0.0000
-246.1719 0.0000
-245.3301 0.0000
-245.6343 0.0000
-246.4993 0.0000
-246.5791 0.0000
-244.7462 0.0000
-243.9242 0.0000
-244.5903 0.0000
-242.8930 0.0000
-244.5964 0.0000
-245.4963 0.0000
-243.1172 0.0000
-243.7920 0.0000
-244.5882 0.0000
-243.9894 0.0000
-245.0245 0.0000
-243.7971 0.0000
-243.0935 0.0000
-242.5635 0.0000
-241.7649 0.0000
-241.3970 0.0000
-241.3531 0.0000
-240.7399 0.0000
-240.9610 0.0000
-241.1057 0.0000
-240.2228 0.0000
-241.7194 0.0000
-241.4712 0.0000
-240.9032 0.0000
-242.8317 0.0000
-242.9971 0.0000
-241.9918 0.0000
-242.2107 0.0000
-242.7080 0.0000
-240.2286 0.0000
-240.9529 0.0000
-240.3362 0.0000
-240.6648 0.0000
-240.1792 0.0000
-240.1376 0.0000
-240.8918 0.0000
-241.9740 0.0000
-241.7374 0.0000
-242.6718 0.0000
-241.2882 0.0000
-241.1294 0.0000
-240.6715 0.0000
-242.7139 0.0000
-243.1178 0.0000
-243.0991 0.0000
-243.3446 0.0000
-243.5141 0.0000
-243.5406 0.0000
-244.3956 0.0000
-243.5361 0.0000
-242.7164 0.0000
-242.9771 0.0000
-245.4608 0.0000
-242.9644 0.0000
-242.6558 0.0000
-242.5319 0.0000
-242.3215 0.0000
-243.1279 0.0000
-242.3218 0.0000
-243.2723 0.0000
-242.7099 0.0000
-242.4910 0.0000
-241.7696 0.0000
-241.7464 0.0000
-242.7489 0.0000
-242.8151 0.0000
-241.4141 0.0000
-241.1994 0.0000
-240.9861 0.0000
-240.5993 0.0000
-239.9454 0.0000
-240.4277 0.0000
-240.4239 0.0000
-240.5044 0.0000
-240.2733 0.0000
-241.1190 0.0000
-240.1767 0.0000
-239.4917 0.0000
-240.8224 0.0000
-239.6896 0.0000
-240.4160 0.0000
-240.6653 0.0000
-239.4541 0.0000
-238.9882 0.0000
-240.7331 0.0000
-241.3616 0.0000
-240.3978 0.0000
-240.1947 0.0000
-239.6105 0.0000
-239.1099 0.0000
-239.5193 0.0000
-240.0164 0.0000
-240.5565 0.0000
-240.7366 0.0000
-241.2634 0.0000
-242.3395 0.0000
-240.7707 0.0000
-241.0440 0.0000
-241.1817 0.0000
-241.6287 0.0000
-242.0936 0.0000
-241.3061 0.0000
-241.4710 0.0000
-241.0692 0.0000
-240.7726 0.0000
-241.2405 0.0000
-240.7507 0.0000
-241.3601 0.0000
-240.8109 0.0000
-240.7993 0.0000
-240.3817 0.0000
-240.7635 0.0000
-240.3344 0.0000
-240.6524 0.0000
-241.1943 0.0000
-240.9529 0.0000
-241.0484 0.0000
-240.5810 0.0000
-241.2847 0.0000
-240.2941 0.0000
-240.4164 0.0000
-240.0639 0.0000
-239.6800 0.0000
-240.1733 0.0000
-238.7165 0.0000
-239.7266 0.0000
-240.2841 0.0000
-238.8059 0.0000
-239.0095 0.0000
-239.3004 0.0000
-239.1054 0.0000
-238.4961 0.0000
-238.4123 0.0000
-239.1571 0.0000
-239.4306 0.0000
-239.2922 0.0000
-240.1187 0.0000
-239.8290 0.0000
-240.9891 0.0000
-239.3086 0.0000
-240.1093 0.0000
-240.2101 0.0000
-240.5796 0.0000
-240.2352 0.0000
-240.2007 0.0000
-240.6743 0.0000
-238.4490 0.0000
-239.7167 0.0000
-240.2026 0.0000
-240.4320 0.0000
-239.9489 0.0000
-240.7793 0.0000
-239.9286 0.0000
-239.5786 0.0000
-239.5636 0.0000
-240.6169 0.0000
-240.3331 0.0000
-240.9880 0.0000
-239.7101 0.0000
-239.4127 0.0000
-239.9844 0.0000
-239.2337 0.0000
-240.5447 0.0000
-240.6158 0.0000
-240.5076 0.0000
-240.7476 0.0000
-240.2619 0.0000
-241.0359 0.0000
-239.9449 0.0000
-240.0838 0.0000
-240.9798 0.0000
-240.9760 0.0000
-239.4176 0.0000
-240.3735 0.0000
-240.5509 0.0000
-240.6312 0.0000
-240.5379 0.0000
-239.1593 0.0000
-239.1103 0.0000
-239.2440 0.0000
-239.0010 0.0000
-239.3887 0.0000
-239.1602 0.0000
-239.2430 0.0000
-238.3456 0.0000
-238.6919 0.0000
-238.4035 0.0000
-239.0412 0.0000
-238.5223 0.0000
-238.2685 0.0000
-237.9363 0.0000
-237.8149 0.0000
-237.4079 0.0000
-236.7434 0.0000
-236.6971 0.0000
-236.6900 0.0000
-236.8976 0.0000
-236.7572 0.0000
-236.8223 0.0000
-236.9791 0.0000
-237.1238 0.0000
-238.8472 0.0000
-235.7501 0.0000
-236.8170 0.0000
-235.6910 0.0000
-235.1349 0.0000
-235.3724 0.0000
-234.4156 0.0000
-233.9957 0.0000
-235.5363 0.0000
-234.3322 0.0000
-235.2528 0.0000
-234.1095 0.0000
-235.2478 0.0000
-234.9847 0.0000
-234.4184 0.0000
-234.6352 0.0000
-234.4652 0.0000
-233.4656 0.0000
-233.3539 0.0000
-232.0775 0.0000
-233.5657 0.0000
-233.8237 0.0000
-232.8180 0.0000
-232.4929 0.0000
-233.3826 0.0000
-231.8228 0.0000
-232.0759 0.0000
-231.6673 0.0000
-230.6697 0.0000
-230.9690 0.0000
-231.9471 0.0000
-231.2112 0.0000
-231.6351 0.0000
-230.6389 0.0000
-231.1720 0.0000
-230.9118 0.0000
-230.4814 0.0000
-231.2272 0.0000
-231.5889 0.0000
-231.1798 0.0000
-232.3088 0.0000
-232.2202 0.0000
-231.6035 0.0000
-232.9758 0.0000
-231.8065 0.0000
-231.8031 0.0000
-230.9867 0.0000
-231.9761 0.0000
-232.2532 0.0000
-232.2324 0.0000
-231.9401 0.0000
-232.6030 0.0000
-231.5301 0.0000
-230.7467 0.0000
-232.3712 0.0000
-230.4018 0.0000
-230.2434 0.0000
-230.5783 0.0000
-230.0969 0.0000
-230.8464 0.0000
-231.1188 0.0000
-231.4555 0.0000
-229.4837 0.0000
-230.0925 0.0000
-230.7669 0.0000
-230.4406 0.0000
-230.1816 0.0000
-230.8192 0.0000
-231.8224 0.0000
-231.7193 0.0000
-231.1626 0.0000
-230.6897 0.0000
-230.2807 0.0000
-230.5043 0.0000
-230.9989 0.0000
-231.3367 0.0000
-231.9715 0.0000
-232.2450 0.0000
-231.9706 0.0000
-231.5503 0.0000
-230.1439 0.0000
-231.4566 0.0000
-232.2920 0.0000
-232.6047 0.0000
-232.7283 0.0000
-232.0866 0.0000
-231.9053 0.0000
-231.6418 0.0000
-232.4478 0.0000
-231.9122 0.0000
-231.5810 0.0000
-231.4925 0.0000
-230.4549 0.0000
-231.2985 0.0000
-230.5544 0.0000
-230.4374 0.0000
-230.3393 0.0000
-230.9802 0.0000
-230.3891 0.0000
-230.5743 0.0000
-231.4262 0.0000
-230.7142 0.0000
-231.5410 0.0000
-230.6734 0.0000
-230.2061 0.0000
-230.4398 0.0000
-229.9819 0.0000
-229.9472 0.0000
-229.1479 0.0000
-230.1235 0.0000
-229.7828 0.0000
-230.6695 0.0000
-230.3538 0.0000
-232.1146 0.0000
-230.5142 0.0000
-230.7565 0.0000
-230.8023 0.0000
-229.6356 0.0000
-228.0941 0.0000
-229.1643 0.0000
-229.1534 0.0000
-229.2102 0.0000
-230.0529 0.0000
-229.8671 0.0000
-230.0605 0.0000
-230.0687 0.0000
-230.4743 0.0000
-231.9172 0.0000
-232.8842 0.0000
-232.3094 0.0000
-231.6799 0.0000
-231.4953 0.0000
-231.6687 0.0000
-232.5672 0.0000
-233.2927 0.0000
-232.8417 0.0000
-231.9704 0.0000
-232.2059 0.0000
-233.0679 0.0000
-231.9680 0.0000
-231.2177 0.0000
-231.0298 0.0000
-230.3233 0.0000
-230.8837 0.0000
-230.7159 0.0000
-231.3073 0.0000
-231.1336 0.0000
-231.6707 0.0000
-231.9712 0.0000
-231.5155 0.0000
-231.3544 0.0000
-230.8310 0.0000
-231.1502 0.0000
-231.7307 0.0000
-231.2408 0.0000
-231.1121 0.0000
-231.0836 0.0000
-231.9600 0.0000
-231.6768 0.0000
-231.7479 0.0000
-232.3581 0.0000
-233.1759 0.0000
-231.9171 0.0000
-232.9429 0.0000
-233.1266 0.0000
-232.8419 0.0000
-233.4902 0.0000
-234.3786 0.0000
-235.8280 0.0000
-236.5368 0.0000
-236.1026 0.0000
-235.4544 0.0000
-236.6244 0.0000
-236.2701 0.0000
-235.1347 0.0000
-235.9768 0.0000
-235.2205 0.0000
-234.9854 0.0000
-235.0002 0.0000
-235.4155 0.0000
-235.4490 0.0000
-235.2494 0.0000
-235.1718 0.0000
-234.8791 0.0000
-235.1595 0.0000
-237.0729 0.0000
-235.3366 0.0000
-236.1661 0.0000
-234.9715 0.0000
-234.3727 0.0000
-234.4863 0.0000
-234.5027 0.0000
-234.7780 0.0000
-234.9996 0.0000
-234.8752 0.0000
-233.4408 0.0000
-234.1257 0.0000
-233.9525 0.0000
-233.8832 0.0000
-233.1140 0.0000
-233.1345 0.0000
-232.8266 0.0000
-231.9178 0.0000
-232.2855 0.0000
-232.8675 0.0000
-232.7046 0.0000
-232.3379 0.0000
-232.7297 0.0000
-231.5759 0.0000
-233.3877 0.0000
-233.6504 0.0000
-234.0866 0.0000
-232.7768 0.0000
-233.0930 0.0000
-231.8080 0.0000
-230.9102 0.0000
-231.5199 0.0000
-230.8967 0.0000
-231.4496 0.0000
-231.3797 0.0000
-230.8793 0.0000
-231.8070 0.0000
-229.6228 0.0000
-230.1917 0.0000
-228.8276 0.0000
-229.6297 0.0000
-230.2218 0.0000
-229.1067 0.0000
-229.8316 0.0000
-230.3711 0.0000
-229.7871 0.0000
-230.1610 0.0000
-228.5838 0.0000
-229.7411 0.0000
-230.0515 0.0000
-228.8252 0.0000
-229.0482 0.0000
-229.3359 0.0000
-229.0378 0.0000
-227.6609 0.0000
-229.4109 0.0000
-229.3606 0.0000
-229.2715 0.0000
-228.3616 0.0000
-229.5221 0.0000
-228.4278 0.0000
-230.1342 0.0000
-231.0653 0.0000
-230.4043 0.0000
-230.7600 0.0000
-230.3202 0.0000
-230.0070 0.0000
-229.9027 0.0000
-230.3191 0.0000
-230.1008 0.0000
-230.0154 0.0000
-231.3397 0.0000
-231.6690 0.0000
-231.0665 0.0000
-230.2346 0.0000
-229.3409 0.0000
-229.6054 0.0000
-229.6759 0.0000
-229.7818 0.0000
-229.2110 0.0000
-229.6056 0.0000
-230.4657 0.0000
-229.4748 0.0000
-228.7856 0.0000
-227.9541 0.0000
-229.3101 0.0000
-228.9181 0.0000
-230.2539 0.0000
-228.7381 0.0000
-229.0098 0.0000
-228.3909 0.0000
-228.0729 0.0000
-228.8633 0.0000
-228.0231 0.0000
-226.4745 0.0000
-227.5310 0.0000
-226.2817 0.0000
-226.6512 0.0000
-227.0392 0.0000
-227.9269 0.0000
-227.1510 0.0000
-227.0552 0.0000
-227.0187 0.0000
-226.2256 0.0000
-226.6526 0.0000
-226.0162 0.0000
-225.8599 0.0000
-226.3701 0.0000
-225.3202 0.0000
-223.7173 0.0000
-223.5795 0.0000
-224.5050 0.0000
-224.0465 0.0000
-223.5733 0.0000
-223.6373 0.0000
-223.4853 0.0000
-223.5282 0.0000
-222.9718 0.0000
-222.7809 0.0000
-223.0349 0.0000
-223.6090 0.0000
-223.6901 0.0000
-222.9782 0.0000
-222.3905 0.0000
-222.9419 0.0000
-222.8222 0.0000
-222.2793 0.0000
-222.7043 0.0000
-222.5327 0.0000
-222.6671 0.0000
-222.7804 0.0000
-223.4157 0.0000
-222.8992 0.0000
-223.3144 0.0000
-223.4400 0.0000
-223.3456 0.0000
-222.1273 0.0000
-223.2773 0.0000
-224.5338 0.0000
-223.7345 0.0000
-224.2271 0.0000
-223.1429 0.0000
-222.2805 0.0000
-221.9311 0.0000
-222.3734 0.0000
-221.9419 0.0000
-223.8797 0.0000
-223.2586 0.0000
-222.5654 0.0000
-222.5941 0.0000
-222.7995 0.0000
-221.9422 0.0000
-221.6730 0.0000
-222.1945 0.0000
-221.7237 0.0000
-221.7565 0.0000
-221.7010 0.0000
-220.9597 0.0000
-221.3033 0.0000
-222.0824 0.0000
-223.2554 0.0000
-222.0437 0.0000
-221.9663 0.0000
-221.8943 0.0000
-221.2005 0.0000
-221.3116 0.0000
-220.8228 0.0000
-220.4982 0.0000
-221.0020 0.0000
-220.7646 0.0000
-220.5375 0.0000
-221.2853 0.0000
-219.7503 0.0000
-220.8050 0.0000
-220.9230 0.0000
-221.0628 0.0000
-220.6812 0.0000
-220.1979 0.0000
-221.3329 0.0000
-220.9985 0.0000
-220.3557 0.0000
-220.3261 0.0000
-221.1331 0.0000
-221.5786 0.0000
-221.6049 0.0000
-222.4351 0.0000
-221.3459 0.0000
-222.0389 0.0000
-222.6973 0.0000
-221.7934 0.0000
-221.9837 0.0000
-222.1922 0.0000
-222.8449 0.0000
-223.1737 0.0000
-222.1479 0.0000
-223.0686 0.0000
-223.2011 0.0000
-223.0288 0.0000
-224.5226 0.0000
-225.1757 0.0000
-227.4671 0.0000
-227.0106 0.0000
-227.9555 0.0000
-227.4088 0.0000
-226.9340 0.0000
-227.4481 0.0000
-226.7677 0.0000
-227.3765 0.0000
-225.9104 0.0000
-226.1916 0.0000
-227.1065 0.0000
-227.0534 0.0000
-227.7084 0.0000
-226.3904 0.0000
-226.1407 0.0000
-227.3786 0.0000
-226.5975 0.0000
-227.3872 0.0000
-228.8791 0.0000
-227.6707 0.0000
-227.6105 0.0000
-227.4049 0.0000
-226.8084 0.0000
-226.4528 0.0000
-226.3355 0.0000
-225.7357 0.0000
-225.1777 0.0000
-224.6484 0.0000
-225.5566 0.0000
-225.6100 0.0000
-225.3167 0.0000
-223.7169 0.0000
-226.0961 0.0000
-226.2016 0.0000
-225.9354 0.0000
-226.9605 0.0000
-227.3992 0.0000
-226.1290 0.0000
-226.7493 0.0000
-225.5634 0.0000
-225.9247 0.0000
-227.9479 0.0000
-225.3403 0.0000
-226.6038 0.0000
-223.9585 0.0000
-223.3372 0.0000
-223.2733 0.0000
-222.5331 0.0000
-222.7650 0.0000
-223.6277 0.0000
-223.3771 0.0000
-222.3769 0.0000
-221.6635 0.0000
-223.6803 0.0000
-223.8533 0.0000
-224.0507 0.0000
-223.7601 0.0000
-223.8185 0.0000
-224.6857 0.0000
-224.3103 0.0000
-225.2516 0.0000
-226.2014 0.0000
-225.4171 0.0000
-225.9454 0.0000
-224.3068 0.0000
-223.4323 0.0000
-223.5977 0.0000
-224.0058 0.0000
-224.3288 0.0000
-224.0939 0.0000
-223.1812 0.0000
-221.6661 0.0000
-220.9693 0.0000
-222.1805 0.0000
-223.0609 0.0000
-222.3175 0.0000
-222.1261 0.0000
-222.7344 0.0000
-223.5201 0.0000
-223.4320 0.0000
-222.3154 0.0000
-222.5337 0.0000
-223.1315 0.0000
-222.6031 0.0000
-222.7281 0.0000
-223.6018 0.0000
-222.5993 0.0000
-223.3655 0.0000
-223.2216 0.0000
-222.3419 0.0000
-222.1698 0.0000
-221.7121 0.0000
-220.6192 0.0000
-221.1437 0.0000
-220.0121 0.0000
-220.8099 0.0000
-220.3339 0.0000
-221.7583 0.0000
-220.5700 0.0000
-221.2781 0.0000
-222.3537 0.0000
-219.6700 0.0000
-220.5234 0.0000
-219.2744 0.0000
-219.9515 0.0000
-220.1510 0.0000
-220.1805 0.0000
-220.6122 0.0000
-220.1320 0.0000
-220.1991 0.0000
-219.9240 0.0000
-219.5637 0.0000
-219.7371 0.0000
-218.5940 0.0000
-219.4005 0.0000
-219.1844 0.0000
-219.2804 0.0000
-219.0589 0.0000
-218.6353 0.0000
-218.3536 0.0000
-218.6889 0.0000
-218.9574 0.0000
-218.9727 0.0000
-217.7048 0.0000
-218.4139 0.0000
-218.5499 0.0000
-218.8096 0.0000
-219.1055 0.0000
-219.4808 0.0000
-218.3747 0.0000
-218.8941 0.0000
-219.5542 0.0000
-219.5438 0.0000
-219.7126 0.0000
-217.8771 0.0000
-217.7813 0.0000
-217.8643 0.0000
-218.3675 0.0000
-217.6597 0.0000
-218.3392 0.0000
-218.0421 0.0000
-218.0826 0.0000
-217.1882 0.0000
-217.2573 0.0000
-218.5496 0.0000
-218.0048 0.0000
-219.0784 0.0000
-218.0275 0.0000
-217.5031 0.0000
-218.5707 0.0000
-217.7201 0.0000
-217.1089 0.0000
-216.8437 0.0000
-217.4082 0.0000
-216.5609 0.0000
-217.6595 0.0000
-216.1576 0.0000
-216.7739 0.0000
-216.6528 0.0000
-217.8796 0.0000
-215.9430 0.0000
-215.5121 0.0000
-215.8406 0.0000
-215.4257 0.0000
-215.5574 0.0000
-216.1295 0.0000
-214.7396 0.0000
-216.4292 0.0000
-215.2965 0.0000
-215.0708 0.0000
-215.3438 0.0000
-215.6754 0.0000
-215.5774 0.0000
-214.9260 0.0000
-215.3754 0.0000
-215.2049 0.0000
-214.6345 0.0000
-214.9268 0.0000
-215.1844 0.0000
-215.2442 0.0000
-215.3759 0.0000
-215.4517 0.0000
-214.9808 0.0000
-215.1427 0.0000
-214.4556 0.0000
-215.0918 0.0000
-215.4798 0.0000
-215.6875 0.0000
-214.9658 0.0000
-214.4580 0.0000
-215.3415 0.0000
-215.5234 0.0000
-215.4958 0.0000
-214.7356 0.0000
-214.1304 0.0000
-214.7028 0.0000
-214.3135 0.0000
-213.7463 0.0000
-214.4538 0.0000
-213.9642 0.0000
-214.0267 0.0000
-215.1564 0.0000
-213.0060 0.0000
-212.7381 0.0000
-212.6458 0.0000
-212.3290 0.0000
-212.6849 0.0000
-212.5965 0.0000
-211.5341 0.0000
-212.5572 0.0000
-212.3681 0.0000
-212.0776 0.0000
-212.9845 0.0000
-212.6692 0.0000
-213.0705 0.0000
-212.0710 0.0000
-212.4375 0.0000
-211.9683 0.0000
-211.8922 0.0000
-212.2107 0.0000
-210.8614 0.0000
-212.0920 0.0000
-212.2796 0.0000
-212.3148 0.0000
-211.9279 0.0000
-212.0904 0.0000
-212.0221 0.0000
-212.6903 0.0000
-212.5092 0.0000
-212.9029 0.0000
-213.0012 0.0000
-213.8090 0.0000
-213.6294 0.0000
-213.6291 0.0000
-213.0313 0.0000
-213.2275 0.0000
-214.0330 0.0000
-213.7095 0.0000
-213.2628 0.0000
-213.0079 0.0000
-213.7227 0.0000
-213.8067 0.0000
-213.6105 0.0000
-214.2832 0.0000
-214.2820 0.0000
-214.6332 0.0000
-214.7544 0.0000
-214.1593 0.0000
-213.8053 0.0000
-214.1270 0.0000
-213.7288 0.0000
-214.1314 0.0000
-213.7872 0.0000
-213.7928 0.0000
-213.8748 0.0000
-213.8487 0.0000
-213.7112 0.0000
-214.1902 0.0000
-214.7568 0.0000
-214.8972 0.0000
-215.2492 0.0000
-215.2335 0.0000
-215.5349 0.0000
-215.7627 0.0000
-214.9048 0.0000
-214.6311 0.0000
-215.3363 0.0000
-215.0298 0.0000
-215.9574 0.0000
-214.9563 0.0000
-214.8922 0.0000
-214.9746 0.0000
-215.7280 0.0000
-215.0516 0.0000
-215.0468 0.0000
-215.8475 0.0000
-215.2196 0.0000
-214.6114 0.0000
-215.4242 0.0000
-216.2349 0.0000
-215.6267 0.0000
-215.4267 0.0000
-215.4688 0.0000
-214.4558 0.0000
-214.9841 0.0000
-214.5261 0.0000
-215.2088 0.0000
-214.9064 0.0000
-215.1700 0.0000
-215.2950 0.0000
-214.9566 0.0000
-214.2514 0.0000
-213.7207 0.0000
-214.2039 0.0000
-215.2493 0.0000
-214.3352 0.0000
-215.0991 0.0000
-213.9858 0.0000
-214.2837 0.0000
-214.3172 0.0000
-213.6543 0.0000
-213.3779 0.0000
-213.2487 0.0000
-214.4091 0.0000
-214.3797 0.0000
-213.8608 0.0000
-213.6268 0.0000
-214.5733 0.0000
-215.1411 0.0000
-215.1255 0.0000
-215.0314 0.0000
-215.4784 0.0000
-215.1250 0.0000
-215.1762 0.0000
-214.3903 0.0000
-215.8838 0.0000
-215.9576 0.0000
-215.0952 0.0000
-216.1253 0.0000
-215.4640 0.0000
-215.8064 0.0000
-216.2046 0.0000
-215.9893 0.0000
-216.0588 0.0000
-215.5221 0.0000
-214.8974 0.0000
-215.5348 0.0000
-215.3595 0.0000
-215.1377 0.0000
-214.0099 0.0000
-214.8185 0.0000
-214.3390 0.0000
-214.1288 0.0000
-214.4721 0.0000
-214.2066 0.0000
-215.9782 0.0000
-213.1761 0.0000
-213.3151 0.0000
-213.5745 0.0000
-213.8718 0.0000
-214.9939 0.0000
-214.9121 0.0000
-214.3683 0.0000
-214.7429 0.0000
-213.9551 0.0000
-213.7993 0.0000
-213.9129 0.0000
-213.7698 0.0000
-213.2481 0.0000
-214.3360 0.0000
-213.9529 0.0000
-213.3460 0.0000
-212.8272 0.0000
-212.6879 0.0000
-212.7609 0.0000
-213.0041 0.0000
-213.3936 0.0000
-213.1863 0.0000
-211.8122 0.0000
-213.4018 0.0000
-212.6315 0.0000
-212.4358 0.0000
-212.2449 0.0000
-212.4806 0.0000
-211.8539 0.0000
-212.2556 0.0000
-211.3499 0.0000
-211.6565 0.0000
-210.4829 0.0000
-210.6051 0.0000
-211.4550 0.0000
-210.6819 0.0000
-211.5388 0.0000
-210.6734 0.0000
-210.3420 0.0000
-209.9006 0.0000
-210.4986 0.0000
-209.7963 0.0000
-209.7863 0.0000
-209.7527 0.0000
-210.1172 0.0000
-209.7874 0.0000
-210.2721 0.0000
-209.8090 0.0000
-210.1090 0.0000
-210.7376 0.0000
-209.5922 0.0000
-209.5838 0.0000
-210.0094 0.0000
-209.3470 0.0000
-210.0460 0.0000
-209.8737 0.0000
-209.5566 0.0000
-209.7626 0.0000
-210.1380 0.0000
-209.9132 0.0000
-210.3035 0.0000
-210.4802 0.0000
-209.9670 0.0000
-210.5750 0.0000
-210.4686 0.0000
-210.4304 0.0000
-209.7731 0.0000
-210.4043 0.0000
-210.4712 0.0000
-209.9219 0.0000
-210.9312 0.0000
-210.8084 0.0000
-210.0225 0.0000
-210.5616 0.0000
-210.6027 0.0000
-211.2472 0.0000
-211.7244 0.0000
-212.9938 0.0000
-213.0266 0.0000
-213.7445 0.0000
-212.8098 0.0000
-212.5092 0.0000
-212.7596 0.0000
-213.1072 0.0000
-212.6757 0.0000
-213.5962 0.0000
-212.3448 0.0000
-212.6510 0.0000
-212.6329 0.0000
-212.4306 0.0000
-212.5210 0.0000
-211.2855 0.0000
-212.8971 0.0000
-212.8106 0.0000
-213.1030 0.0000
-213.8592 0.0000
-214.0792 0.0000
-213.5336 0.0000
-214.2604 0.0000
-214.2680 0.0000
-213.8489 0.0000
-214.3350 0.0000
-213.8777 0.0000
-213.0863 0.0000
-214.0624 0.0000
-213.9185 0.0000
-214.1752 0.0000
-214.2814 0.0000
-214.0550 0.0000
-213.5557 0.0000
-214.0550 0.0000
-214.3990 0.0000
-214.8695 0.0000
-214.3934 0.0000
-214.8888 0.0000
-214.7362 0.0000
-214.5700 0.0000
-214.4022 0.0000
-214.6819 0.0000
-214.8479 0.0000
-215.3155 0.0000
-214.3812 0.0000
-214.5300 0.0000
-214.3118 0.0000
-214.0759 0.0000
-213.7569 0.0000
-214.3129 0.0000
-214.4505 0.0000
-213.7757 0.0000
-213.7521 0.0000
-213.8676 0.0000
-213.7656 0.0000
-213.9517 0.0000
-213.4040 0.0000
-213.7724 0.0000
-214.0657 0.0000
-214.1891 0.0000
-214.3284 0.0000
-213.6426 0.0000
-213.6696 0.0000
-214.3119 0.0000
-214.3345 0.0000
-214.0230 0.0000
-214.1383 0.0000
-214.1024 0.0000
-214.1491 0.0000
-214.2492 0.0000
-214.6370 0.0000
-214.6950 0.0000
-214.4472 0.0000
-214.0852 0.0000
-214.0971 0.0000
-214.3259 0.0000
-213.9664 0.0000
-214.5472 0.0000
-214.2837 0.0000
-213.8096 0.0000
-214.5050 0.0000
-214.5924 0.0000
-214.2778 0.0000
-214.0668 0.0000
-213.7036 0.0000
-214.0082 0.0000
-214.6712 0.0000
-214.2543 0.0000
-214.2930 0.0000
-214.6584 0.0000
-214.5752 0.0000
-215.0799 0.0000
-214.6253 0.0000
-214.2934 0.0000
-215.3805 0.0000
-215.0375 0.0000
-215.5383 0.0000
-215.2573 0.0000
-215.3446 0.0000
-216.3615 0.0000
-215.8681 0.0000
-217.7780 0.0000
-216.8676 0.0000
-215.3439 0.0000
-215.5849 0.0000
-214.9157 0.0000
-215.6701 0.0000
-216.3933 0.0000
-216.8291 0.0000
-217.3644 0.0000
-217.4086 0.0000
-218.3341 0.0000
-217.2249 0.0000
-217.0309 0.0000
-216.4240 0.0000
-217.0736 0.0000
-218.3302 0.0000
-216.9651 0.0000
-217.0118 0.0000
-217.0545 0.0000
-216.8313 0.0000
-215.9026 0.0000
-216.1494 0.0000
-216.3056 0.0000
-216.8503 0.0000
-217.6407 0.0000
-216.8190 0.0000
-217.3784 0.0000
-217.1556 0.0000
-218.0232 0.0000
-216.9140 0.0000
-218.3729 0.0000
-216.9190 0.0000
-218.0482 0.0000
-217.7692 0.0000
-217.7778 0.0000
-218.1018 0.0000
-217.5603 0.0000
-219.1630 0.0000
-218.8532 0.0000
-219.8262 0.0000
-219.7125 0.0000
-219.9747 0.0000
-220.9864 0.0000
-219.3870 0.0000
-218.5107 0.0000
-219.6077 0.0000
-219.4920 0.0000
-218.9942 0.0000
-218.8350 0.0000
-218.8578 0.0000
-218.5871 0.0000
-218.4744 0.0000
-218.9308 0.0000
-218.5068 0.0000
-217.8531 0.0000
-218.4399 0.0000
-217.9730 0.0000
-217.6813 0.0000
-218.0480 0.0000
-217.2065 0.0000
-218.0474 0.0000
-216.4528 0.0000
-217.4926 0.0000
-217.9459 0.0000
-217.0605 0.0000
-219.2600 0.0000
-216.7039 0.0000
-218.1665 0.0000
-216.2866 0.0000
-215.8607 0.0000
-215.9033 0.0000
-215.7132 0.0000
-216.4757 0.0000
-216.5356 0.0000
-216.3140 0.0000
-215.7002 0.0000
-215.5354 0.0000
-215.5922 0.0000
-215.3744 0.0000
-215.3496 0.0000
-215.2800 0.0000
-215.5024 0.0000
-215.1472 0.0000
-215.3162 0.0000
-215.5861 0.0000
-216.0449 0.0000
-215.3717 0.0000
-215.7746 0.0000
-215.5623 0.0000
-216.2130 0.0000
-217.3267 0.0000
-217.7797 0.0000
-217.7024 0.0000
-217.4965 0.0000
-217.4415 0.0000
-218.6736 0.0000
-218.3145 0.0000
-218.7467 0.0000
-218.8416 0.0000
-218.9591 0.0000
-219.1876 0.0000
-218.9917 0.0000
-217.7080 0.0000
-218.3141 0.0000
-218.3290 0.0000
-220.0456 0.0000
-218.2982 0.0000
-220.5207 0.0000
-219.6712 0.0000
-219.5275 0.0000
-219.2269 0.0000
-218.2451 0.0000
-218.2687 0.0000
-218.6493 0.0000
-218.5708 0.0000
-217.7706 0.0000
-217.2983 0.0000
-217.2374 0.0000
-216.0641 0.0000
-215.8040 0.0000
-215.8724 0.0000
-215.2371 0.0000
-216.2599 0.0000
-214.8727 0.0000
-214.2287 0.0000
-213.2964 0.0000
-213.3337 0.0000
-212.4256 0.0000
-213.4453 0.0000
-213.1205 0.0000
-213.4538 0.0000
-213.3848 0.0000
-213.4319 0.0000
-214.1544 0.0000
-213.9072 0.0000
-214.0413 0.0000
-213.7757 0.0000
-215.0281 0.0000
-215.0957 0.0000
-215.1579 0.0000
-214.7925 0.0000
-215.0536 0.0000
-214.0694 0.0000
-213.9013 0.0000
-215.0847 0.0000
-216.0732 0.0000
-215.7155 0.0000
-216.0944 0.0000
-215.4815 0.0000
-214.9251 0.0000
-214.5786 0.0000
-214.4868 0.0000
-214.8592 0.0000
-215.9381 0.0000
-216.4152 0.0000
-215.6709 0.0000
-215.5337 0.0000
-215.9037 0.0000
-214.5891 0.0000
-213.8656 0.0000
-213.0931 0.0000
-214.9860 0.0000
-214.6457 0.0000
-215.3505 0.0000
-215.6222 0.0000
-216.2185 0.0000
-215.7478 0.0000
-216.3435 0.0000
-215.5746 0.0000
-215.7562 0.0000
-215.9442 0.0000
-215.4372 0.0000
-214.6424 0.0000
-216.6395 0.0000
-215.8034 0.0000
-215.0414 0.0000
-214.1767 0.0000
-214.5654 0.0000
-214.2147 0.0000
-214.0773 0.0000
-214.6960 0.0000
-215.2650 0.0000
-216.3702 0.0000
-214.8209 0.0000
-215.4089 0.0000
-215.1693 0.0000
-215.0495 0.0000
-213.9969 0.0000
-214.6928 0.0000
-215.0960 0.0000
-214.2596 0.0000
-214.2242 0.0000
-215.3214 0.0000
-215.1645 0.0000
-214.1472 0.0000
-214.4280 0.0000
-213.8492 0.0000
-214.4386 0.0000
-215.7720 0.0000
-212.2806 0.0000
-213.0609 0.0000
-213.1106 0.0000
-213.0756 0.0000
-211.1763 0.0000
-210.9279 0.0000
-210.3994 0.0000
-210.6348 0.0000
-212.0103 0.0000
-210.9480 0.0000
-209.7085 0.0000
-209.9319 0.0000
-211.8644 0.0000
-212.3493 0.0000
-211.5022 0.0000
-212.2259 0.0000
-212.6369 0.0000
-212.5299 0.0000
-213.1998 0.0000
-212.8934 0.0000
-213.6695 0.0000
-213.6489 0.0000
-213.2262 0.0000
-212.8935 0.0000
-212.8933 0.0000
-214.0663 0.0000
-214.8342 0.0000
-213.8075 0.0000
-214.4611 0.0000
-213.1101 0.0000
-212.7421 0.0000
-212.9965 0.0000
-214.3973 0.0000
-215.4586 0.0000
-215.2396 0.0000
-214.8174 0.0000
-215.4742 0.0000
-215.1407 0.0000
-214.7448 0.0000
-214.5002 0.0000
-213.2386 0.0000
-212.0422 0.0000
-213.6816 0.0000
-211.3198 0.0000
-211.7153 0.0000
-211.3409 0.0000
-212.6494 0.0000
-211.0525 0.0000
-211.6174 0.0000
-210.5374 0.0000
-209.6990 0.0000
-210.6517 0.0000
-211.2206 0.0000
-211.3069 0.0000
-211.0210 0.0000
-211.7739 0.0000
-211.4232 0.0000
-211.5343 0.0000
-211.3627 0.0000
-211.0172 0.0000
-211.7429 0.0000
-210.8656 0.0000
-210.6410 0.0000
-211.5959 0.0000
-212.1593 0.0000
-210.6619 0.0000
-210.8974 0.0000
-211.5988 0.0000
-211.5997 0.0000
-211.1863 0.0000
-211.2791 0.0000
-210.7865 0.0000
-210.6724 0.0000
-211.1816 0.0000
-211.2134 0.0000
-212.0733 0.0000
-211.0137 0.0000
-212.3357 0.0000
-210.7592 0.0000
-210.8041 0.0000
-210.9386 0.0000
-210.0799 0.0000
-210.7195 0.0000
-210.2325 0.0000
-210.4952 0.0000
-210.3578 0.0000
-210.6036 0.0000
-209.6318 0.0000
-210.2031 0.0000
-212.4387 0.0000
-209.8625 0.0000
-211.2506 0.0000
-209.8278 0.0000
-210.5654 0.0000
-210.9406 0.0000
-210.6124 0.0000
-210.9344 0.0000
-210.3781 0.0000
-210.3767 0.0000
-210.9972 0.0000
-209.8434 0.0000
-210.1910 0.0000
-209.7207 0.0000
-210.0153 0.0000
-208.7878 0.0000
-209.5927 0.0000
-209.8829 0.0000
-209.0902 0.0000
-210.4394 0.0000
-209.7343 0.0000
-209.1935 0.0000
-208.2947 0.0000
-208.3856 0.0000
-208.1895 0.0000
-208.7947 0.0000
-208.1823 0.0000
-208.4329 0.0000
-209.9815 0.0000
-208.2798 0.0000
-207.9756 0.0000
-207.8830 0.0000
-207.6205 0.0000
-207.5656 0.0000
-206.8697 0.0000
-206.3893 0.0000
-206.3282 0.0000
-206.4336 0.0000
-206.3314 0.0000
-207.4769 0.0000
-206.1737 0.0000
-206.1590 0.0000
-206.1360 0.0000
-206.0153 0.0000
-205.9839 0.0000
-206.5781 0.0000
-206.1129 0.0000
-206.7209 0.0000
-206.1548 0.0000
-206.6692 0.0000
-206.5935 0.0000
-207.2295 0.0000
-206.0675 0.0000
-206.2740 0.0000
-205.4424 0.0000
-205.2702 0.0000
-205.9114 0.0000
-206.3052 0.0000
-205.7641 0.0000
-205.4142 0.0000
-205.5298 0.0000
-205.7443 0.0000
-206.6807 0.0000
-207.1012 0.0000
-206.7684 0.0000
-207.1312 0.0000
-206.6782 0.0000
-206.6675 0.0000
-206.3724 0.0000
-206.4845 0.0000
-206.5268 0.0000
-206.2447 0.0000
-206.1212 0.0000
-205.7930 0.0000
-207.0538 0.0000
-207.0465 0.0000
-207.2132 0.0000
-206.3738 0.0000
-206.4166 0.0000
-206.4909 0.0000
-206.3973 0.0000
-205.8580 0.0000
-205.3036 0.0000
-206.7962 0.0000
-206.5777 0.0000
-206.4857 0.0000
-206.5352 0.0000
-206.9650 0.0000
-206.9956 0.0000
-206.9530 0.0000
-207.7449 0.0000
-207.1277 0.0000
-207.2850 0.0000
-207.2265 0.0000
-207.3848 0.0000
-207.4750 0.0000
-207.8277 0.0000
-207.6964 0.0000
-207.3551 0.0000
-208.1770 0.0000
-208.0129 0.0000
-207.4698 0.0000
-207.4265 0.0000
-207.7375 0.0000
-207.6883 0.0000
-207.1775 0.0000
-206.8563 0.0000
-207.1573 0.0000
-207.0611 0.0000
-206.9201 0.0000
-207.1556 0.0000
-206.9668 0.0000
-206.8582 0.0000
-207.7064 0.0000
-206.5906 0.0000
-207.1327 0.0000
-207.0973 0.0000
-207.1773 0.0000
-207.1843 0.0000
-207.7978 0.0000
-207.9295 0.0000
-208.4771 0.0000
-207.9426 0.0000
-208.1603 0.0000
-208.4860 0.0000
-209.1972 0.0000
-208.4063 0.0000
-209.1821 0.0000
-210.3771 0.0000
-210.7051 0.0000
-211.2594 0.0000
-210.9754 0.0000
-210.6212 0.0000
-211.4729 0.0000
-211.4635 0.0000
-212.0471 0.0000
-211.5320 0.0000
-211.4243 0.0000
-212.2167 0.0000
-212.7110 0.0000
-212.5427 0.0000
-212.8924 0.0000
-213.1559 0.0000
-213.3244 0.0000
-213.6514 0.0000
-212.5767 0.0000
-212.9895 0.0000
-213.1595 0.0000
-213.2411 0.0000
-212.6773 0.0000
-213.0321 0.0000
-213.1996 0.0000
-213.0907 0.0000
-213.0961 0.0000
-213.0637 0.0000
-214.3161 0.0000
-214.4733 0.0000
-214.3770 0.0000
-214.6712 0.0000
-215.5252 0.0000
-214.9819 0.0000
-214.5706 0.0000
-215.1187 0.0000
-214.6372 0.0000
-214.0527 0.0000
-214.7861 0.0000
-214.5665 0.0000
-214.1500 0.0000
-213.8049 0.0000
-213.4046 0.0000
-214.3219 0.0000
-214.3220 0.0000
-214.5605 0.0000
-213.8758 0.0000
-213.4340 0.0000
-213.8695 0.0000
-215.1502 0.0000
-215.4346 0.0000
-214.8657 0.0000
-215.0309 0.0000
-214.9628 0.0000
-215.0369 0.0000
-214.4831 0.0000
-214.6373 0.0000
-214.3307 0.0000
-214.8381 0.0000
-214.5162 0.0000
-214.7189 0.0000
-214.7388 0.0000
-215.0670 0.0000
-215.5489 0.0000
-215.5977 0.0000
-215.6102 0.0000
-215.0522 0.0000
-214.5346 0.0000
-214.5602 0.0000
-214.9649 0.0000
-215.1164 0.0000
-215.6714 0.0000
-216.0151 0.0000
-215.6463 0.0000
-214.3607 0.0000
-213.9944 0.0000
-213.7415 0.0000
-213.2965 0.0000
-212.4904 0.0000
-212.8044 0.0000
-212.5987 0.0000
-213.2452 0.0000
-213.1790 0.0000
-212.8641 0.0000
-212.4423 0.0000
-211.3114 0.0000
-211.6266 0.0000
-212.0924 0.0000
-212.8152 0.0000
-213.3641 0.0000
-212.6894 0.0000
-212.9262 0.0000
-212.9290 0.0000
-213.1791 0.0000
-212.9913 0.0000
-212.8385 0.0000
-213.0036 0.0000
-212.4617 0.0000
