-100.0000 -100.0000
-333.5237 0.0000
-333.3839 0.0000
-333.9820 0.0000
-333.7658 0.0000
-333.9781 0.0000
-333.3505 0.0000
-334.0546 0.0000
-334.1392 0.0000
-334.7037 0.0000
-333.7513 0.0000
-333.8860 0.0000
-334.6959 0.0000
-334.4348 0.0000
-334.6570 0.0000
-335.2981 0.0000
-335.4031 0.0000
-335.3824 0.0000
-334.5938 0.0000
-334.2641 0.0000
-334.2078 0.0000
-334.6126 0.0000
-334.8705 0.0000
-334.4049 0.0000
-335.5445 0.0000
-334.3584 0.0000
-334.1302 0.0000
-334.7449 0.0000
-336.4523 0.0000
-336.7837 0.0000
-336.2159 0.0000
-336.6548 0.0000
-336.2512 0.0000
-336.3241 0.0000
-336.5378 0.0000
-336.3597 0.0000
-336.2460 0.0000
-335.9870 0.0000
-337.4205 0.0000
-336.0089 0.0000
-336.2694 0.0000
-336.6981 0.0000
-336.2806 0.0000
-335.7901 0.0000
-336.5020 0.0000
-335.6972 0.0000
-336.8134 0.0000
-337.2278 0.0000
-336.6082 0.0000
-336.3874 0.0000
-335.9323 0.0000
-335.8455 0.0000
-335.8916 0.0000
-336.4183 0.0000
-336.8139 0.0000
-336.1638 0.0000
-335.6713 0.0000
-335.4822 0.0000
-335.2624 0.0000
-335.4149 0.0000
-335.0532 0.0000
-335.1385 0.0000
-335.4593 0.0000
-335.0881 0.0000
-335.4718 0.0000
-336.2104 0.0000
-337.1437 0.0000
-337.7738 0.0000
-338.1300 0.0000
-337.9891 0.0000
-338.3405 0.0000
-337.8426 0.0000
-337.6822 0.0000
-337.2456 0.0000
-336.9958 0.0000
-337.4559 0.0000
-337.6095 0.0000
-337.2217 0.0000
-338.4370 0.0000
-337.8204 0.0000
-337.6253 0.0000
-338.3129 0.0000
-339.9166 0.0000
-337.5243 0.0000
-337.3283 0.0000
-338.0949 0.0000
-337.6229 0.0000
-337.5260 0.0000
-337.8412 0.0000
-337.7359 0.0000
-338.3318 0.0000
-338.9836 0.0000
-338.8232 0.0000
-338.5368 0.0000
-338.6196 0.0000
-338.4241 0.0000
-338.0818 0.0000
-338.0042 0.0000
-337.0527 0.0000
-336.4785 0.0000
-336.4552 0.0000
-337.0077 0.0000
-337.7490 0.0000
-338.4176 0.0000
-338.5013 0.0000
-338.7284 0.0000
-339.1950 0.0000
-338.9238 0.0000
-339.4366 0.0000
-338.6000 0.0000
-339.3269 0.0000
-339.3041 0.0000
-339.2226 0.0000
-337.6228 0.0000
-337.7611 0.0000
-338.5599 0.0000
-338.7873 0.0000
-339.7324 0.0000
-338.3244 0.0000
-338.1375 0.0000
-338.1134 0.0000
-337.6354 0.0000
-338.2139 0.0000
-337.7829 0.0000
-338.5503 0.0000
-338.3311 0.0000
-338.6586 0.0000
-339.4107 0.0000
-338.9228 0.0000
-338.5462 0.0000
-339.7240 0.0000
-340.4966 0.0000
-340.0288 0.0000
-339.4663 0.0000
-339.9022 0.0000
-339.9566 0.0000
-340.2366 0.0000
-340.0984 0.0000
-339.3287 0.0000
-338.6252 0.0000
-338.3634 0.0000
-339.5112 0.0000
-337.1430 0.0000
-337.6441 0.0000
-338.2332 0.0000
-337.9766 0.0000
-338.0530 0.0000
-338.7014 0.0000
-338.4815 0.0000
-339.1406 0.0000
-339.4000 0.0000
-340.0691 0.0000
-341.2917 0.0000
-340.4470 0.0000
-340.1792 0.0000
-339.8714 0.0000
-340.7640 0.0000
-340.7539 0.0000
-340.2822 0.0000
-339.8202 0.0000
-340.5042 0.0000
-340.7493 0.0000
-339.3317 0.0000
-339.9107 0.0000
-340.6745 0.0000
-340.0061 0.0000
-340.1186 0.0000
-339.1621 0.0000
-338.3882 0.0000
-338.7666 0.0000
-338.8241 0.0000
-339.0341 0.0000
-338.5418 0.0000
-339.1819 0.0000
-339.5118 0.0000
-340.0324 0.0000
-339.9885 0.0000
-339.2905 0.0000
-339.2858 0.0000
-339.5838 0.0000
-339.2503 0.0000
-339.5558 0.0000
-339.8748 0.0000
-339.9487 0.0000
-338.5940 0.0000
-338.7159 0.0000
-338.1190 0.0000
-339.0205 0.0000
-338.4800 0.0000
-338.6540 0.0000
-339.1112 0.0000
-338.1750 0.0000
-337.4011 0.0000
-337.6157 0.0000
-336.9718 0.0000
-337.5422 0.0000
-337.5105 0.0000
-338.1849 0.0000
-337.5576 0.0000
-337.6344 0.0000
-337.4454 0.0000
-337.9082 0.0000
-337.6300 0.0000
-339.4314 0.0000
-338.8613 0.0000
-338.9712 0.0000
-339.2881 0.0000
-339.5637 0.0000
-339.9793 0.0000
-339.7895 0.0000
-340.1386 0.0000
-339.8766 0.0000
-340.2213 0.0000
-339.8959 0.0000
-340.9293 0.0000
-340.6413 0.0000
-340.8075 0.0000
-339.8407 0.0000
-339.7876 0.0000
-341.1417 0.0000
-340.4765 0.0000
-341.5265 0.0000
-342.1091 0.0000
-341.6306 0.0000
-341.4829 0.0000
-341.7949 0.0000
-341.5962 0.0000
-342.4591 0.0000
-343.4289 0.0000
-343.8492 0.0000
-344.2467 0.0000
-344.0906 0.0000
-343.9031 0.0000
-343.1538 0.0000
-343.7152 0.0000
-344.5061 0.0000
-344.8652 0.0000
-343.2086 0.0000
-343.7661 0.0000
-344.0404 0.0000
-343.6014 0.0000
-343.4043 0.0000
-342.2586 0.0000
-342.9995 0.0000
-342.6316 0.0000
-342.9024 0.0000
-341.5304 0.0000
-341.9004 0.0000
-342.2052 0.0000
-342.0544 0.0000
-343.1599 0.0000
-343.0783 0.0000
-342.5502 0.0000
-342.9745 0.0000
-343.2580 0.0000
-342.1594 0.0000
-342.7880 0.0000
-341.8004 0.0000
-341.8483 0.0000
-341.5144 0.0000
-341.2027 0.0000
-341.1059 0.0000
-340.3801 0.0000
-340.7901 0.0000
-340.0248 0.0000
-340.0545 0.0000
-339.3937 0.0000
-337.8106 0.0000
-338.6614 0.0000
-338.8981 0.0000
-338.7110 0.0000
-338.2955 0.0000
-338.7132 0.0000
-338.3980 0.0000
-338.8803 0.0000
-338.9211 0.0000
-338.8297 0.0000
-338.2871 0.0000
-337.3966 0.0000
-336.7907 0.0000
-336.4344 0.0000
-335.3720 0.0000
-335.6879 0.0000
-335.9455 0.0000
-336.0424 0.0000
-336.6117 0.0000
-337.0811 0.0000
-336.4769 0.0000
-336.8138 0.0000
-337.2668 0.0000
-337.0604 0.0000
-336.6370 0.0000
-336.8052 0.0000
-336.7108 0.0000
-336.2310 0.0000
-337.0097 0.0000
-337.5910 0.0000
-337.9048 0.0000
-337.1819 0.0000
-337.9881 0.0000
-337.8661 0.0000
-337.5817 0.0000
-336.9473 0.0000
-336.0692 0.0000
-336.7162 0.0000
-336.7085 0.0000
-336.4912 0.0000
-336.4289 0.0000
-336.4465 0.0000
-337.0808 0.0000
-336.7510 0.0000
-336.5869 0.0000
-336.8072 0.0000
-336.7644 0.0000
-336.7576 0.0000
-335.0864 0.0000
-334.7335 0.0000
-335.4705 0.0000
-335.6944 0.0000
-335.1424 0.0000
-334.0281 0.0000
-333.4619 0.0000
-333.2083 0.0000
-333.6142 0.0000
-333.4944 0.0000
-332.3409 0.0000
-331.1551 0.0000
-331.0153 0.0000
-331.2761 0.0000
-330.3332 0.0000
-330.8451 0.0000
-329.9789 0.0000
-329.7970 0.0000
-331.0255 0.0000
-330.5804 0.0000
-331.1015 0.0000
-330.7779 0.0000
-331.1427 0.0000
-331.7160 0.0000
-332.9364 0.0000
-331.6306 0.0000
-331.1874 0.0000
-331.4741 0.0000
-331.8757 0.0000
-331.7331 0.0000
-331.9334 0.0000
-332.3103 0.0000
-332.1347 0.0000
-332.1765 0.0000
-332.2653 0.0000
-332.8367 0.0000
-332.6980 0.0000
-332.7092 0.0000
-332.8360 0.0000
-332.8159 0.0000
-332.3183 0.0000
-333.0999 0.0000
-332.6201 0.0000
-332.6331 0.0000
-332.5341 0.0000
-331.3000 0.0000
-330.8547 0.0000
-331.6807 0.0000
-330.3988 0.0000
-331.4989 0.0000
-330.4148 0.0000
-330.8045 0.0000
-331.6448 0.0000
-331.4602 0.0000
-332.0519 0.0000
-332.1427 0.0000
-332.1801 0.0000
-331.2756 0.0000
-331.3190 0.0000
-331.9624 0.0000
-331.5166 0.0000
-330.6922 0.0000
-330.7787 0.0000
-329.8568 0.0000
-331.4041 0.0000
-330.0433 0.0000
-329.3966 0.0000
-328.1788 0.0000
-328.4003 0.0000
-328.3446 0.0000
-328.1896 0.0000
-327.0578 0.0000
-327.9510 0.0000
-327.3066 0.0000
-327.8011 0.0000
-327.9169 0.0000
-327.2319 0.0000
-326.6768 0.0000
-327.1884 0.0000
-327.7400 0.0000
-327.7307 0.0000
-328.1173 0.0000
-328.3967 0.0000
-328.0816 0.0000
-328.2624 0.0000
-328.8742 0.0000
-327.5333 0.0000
-327.7376 0.0000
-328.6815 0.0000
-328.4662 0.0000
-329.7038 0.0000
-328.1385 0.0000
-328.4567 0.0000
-328.8377 0.0000
-327.9983 0.0000
-327.8051 0.0000
-328.1332 0.0000
-328.5365 0.0000
-328.6448 0.0000
-330.0063 0.0000
-329.8349 0.0000
-330.3555 0.0000
-330.5091 0.0000
-329.6927 0.0000
-329.3531 0.0000
-329.6883 0.0000
-328.3676 0.0000
-328.5062 0.0000
-327.9988 0.0000
-328.6608 0.0000
-329.2134 0.0000
-329.5878 0.0000
-328.7019 0.0000
-328.4737 0.0000
-327.7134 0.0000
-327.3256 0.0000
-327.0041 0.0000
-327.1781 0.0000
-327.2642 0.0000
-328.3555 0.0000
-329.2150 0.0000
-328.1435 0.0000
-328.2354 0.0000
-328.4722 0.0000
-328.9611 0.0000
-328.2791 0.0000
-328.4428 0.0000
-327.9385 0.0000
-327.3426 0.0000
-327.1293 0.0000
-326.9148 0.0000
-328.2385 0.0000
-327.6943 0.0000
-327.9152 0.0000
-327.4969 0.0000
-328.6376 0.0000
-328.7836 0.0000
-327.6830 0.0000
-327.6842 0.0000
-328.2091 0.0000
-328.3670 0.0000
-327.3672 0.0000
-327.6834 0.0000
-327.6388 0.0000
-327.5545 0.0000
-328.2072 0.0000
-329.0670 0.0000
-330.2708 0.0000
-330.2166 0.0000
-330.4158 0.0000
-330.4895 0.0000
-330.7249 0.0000
-331.2987 0.0000
-331.3068 0.0000
-330.7247 0.0000
-329.3855 0.0000
-330.5756 0.0000
-329.7304 0.0000
-330.5559 0.0000
-331.2050 0.0000
-330.7030 0.0000
-331.4148 0.0000
-331.4633 0.0000
-330.7362 0.0000
-330.0040 0.0000
-329.3086 0.0000
-328.8787 0.0000
-329.1505 0.0000
-329.2067 0.0000
-329.0546 0.0000
-329.0950 0.0000
-328.4989 0.0000
-328.6327 0.0000
-328.2542 0.0000
-328.2523 0.0000
-328.3100 0.0000
-328.1538 0.0000
-328.1310 0.0000
-327.7024 0.0000
-327.6248 0.0000
-326.3310 0.0000
-326.2231 0.0000
-326.2496 0.0000
-326.1944 0.0000
-327.3098 0.0000
-327.4458 0.0000
-328.2914 0.0000
-328.1117 0.0000
-327.8448 0.0000
-327.4734 0.0000
-328.0312 0.0000
-327.7114 0.0000
-328.8782 0.0000
-329.1562 0.0000
-328.5900 0.0000
-328.9718 0.0000
-328.7981 0.0000
-328.1564 0.0000
-328.9122 0.0000
-328.5701 0.0000
-327.6582 0.0000
-327.1237 0.0000
-327.1484 0.0000
-327.1262 0.0000
-325.8000 0.0000
-326.4356 0.0000
-326.6405 0.0000
-325.9393 0.0000
-325.8856 0.0000
-325.8676 0.0000
-326.0806 0.0000
-325.1113 0.0000
-325.1639 0.0000
-325.0741 0.0000
-324.8831 0.0000
-324.9744 0.0000
-324.8169 0.0000
-325.0986 0.0000
-324.5802 0.0000
-324.7586 0.0000
-324.7123 0.0000
-324.6140 0.0000
-325.3172 0.0000
-324.5968 0.0000
-324.9175 0.0000
-325.6501 0.0000
-326.3337 0.0000
-326.2650 0.0000
-327.3415 0.0000
-328.4017 0.0000
-329.0318 0.0000
-328.4207 0.0000
-329.2032 0.0000
-328.2530 0.0000
-328.1342 0.0000
-329.2491 0.0000
-327.2571 0.0000
-327.3447 0.0000
-326.9602 0.0000
-327.2485 0.0000
-327.3018 0.0000
-326.5434 0.0000
-326.9554 0.0000
-327.3839 0.0000
-326.2647 0.0000
-325.6489 0.0000
-325.8855 0.0000
-325.7720 0.0000
-325.3434 0.0000
-325.5788 0.0000
-325.2261 0.0000
-324.7862 0.0000
-324.1181 0.0000
-326.0171 0.0000
-326.2096 0.0000
-326.8377 0.0000
-326.1526 0.0000
-327.0341 0.0000
-327.6323 0.0000
-328.2894 0.0000
-327.9751 0.0000
-326.4335 0.0000
-326.6570 0.0000
-328.0543 0.0000
-325.9613 0.0000
-325.3880 0.0000
-325.5504 0.0000
-325.1704 0.0000
-325.3453 0.0000
-324.2895 0.0000
-324.4065 0.0000
-325.2286 0.0000
-324.7556 0.0000
-325.2640 0.0000
-325.3369 0.0000
-326.5343 0.0000
-325.2530 0.0000
-324.7265 0.0000
-324.7846 0.0000
-323.5548 0.0000
-322.8206 0.0000
-322.9202 0.0000
-323.9072 0.0000
-325.1443 0.0000
-325.4790 0.0000
-325.2559 0.0000
-325.5912 0.0000
-326.6329 0.0000
-325.3385 0.0000
-324.6719 0.0000
-323.8770 0.0000
-323.3164 0.0000
-322.7649 0.0000
-322.9763 0.0000
-323.6659 0.0000
-323.9829 0.0000
-323.9119 0.0000
-324.3919 0.0000
-324.1213 0.0000
-324.0371 0.0000
-323.7112 0.0000
-323.3812 0.0000
-323.0002 0.0000
-323.3972 0.0000
-322.1492 0.0000
-321.9163 0.0000
-322.1161 0.0000
-320.7285 0.0000
-321.5014 0.0000
-321.6691 0.0000
-321.5805 0.0000
-321.3505 0.0000
-320.5377 0.0000
-321.3431 0.0000
-323.3718 0.0000
-321.7067 0.0000
-322.0887 0.0000
-320.8687 0.0000
-320.2586 0.0000
-320.0583 0.0000
-321.5377 0.0000
-320.6521 0.0000
-319.5488 0.0000
-319.6284 0.0000
-319.5607 0.0000
-319.1178 0.0000
-319.0799 0.0000
-319.2038 0.0000
-319.0423 0.0000
-318.9568 0.0000
-319.6528 0.0000
-319.6654 0.0000
-317.7232 0.0000
-318.4313 0.0000
-315.6973 0.0000
-316.0959 0.0000
-316.8029 0.0000
-315.9784 0.0000
-315.9992 0.0000
-316.4987 0.0000
-316.9143 0.0000
-316.6092 0.0000
-316.9193 0.0000
-317.7367 0.0000
-316.8231 0.0000
-316.4388 0.0000
-316.8428 0.0000
-316.9354 0.0000
-316.9608 0.0000
-317.2322 0.0000
-317.9882 0.0000
-317.5631 0.0000
-318.0069 0.0000
-319.3659 0.0000
-319.1123 0.0000
-319.3307 0.0000
-320.1388 0.0000
-320.6342 0.0000
-320.3598 0.0000
-320.5358 0.0000
-319.0336 0.0000
-319.8181 0.0000
-319.6861 0.0000
-319.3807 0.0000
-320.5126 0.0000
-321.4088 0.0000
-322.4220 0.0000
-322.8274 0.0000
-323.7075 0.0000
-322.9856 0.0000
-321.6997 0.0000
-320.7612 0.0000
-319.6565 0.0000
-319.6671 0.0000
-319.0077 0.0000
-319.6063 0.0000
-319.2106 0.0000
-318.4539 0.0000
-318.6232 0.0000
-319.8885 0.0000
-316.9514 0.0000
-317.0964 0.0000
-317.2942 0.0000
-318.5942 0.0000
-318.9282 0.0000
-318.9199 0.0000
-320.4932 0.0000
-318.9267 0.0000
-319.5043 0.0000
-317.7002 0.0000
-317.8007 0.0000
-318.1535 0.0000
-317.6815 0.0000
-317.9178 0.0000
-318.5660 0.0000
-318.9930 0.0000
-318.3964 0.0000
-317.6629 0.0000
-317.7417 0.0000
-317.2239 0.0000
-317.5133 0.0000
-319.2369 0.0000
-318.9254 0.0000
-317.7578 0.0000
-318.2333 0.0000
-317.8873 0.0000
-318.7567 0.0000
-319.6521 0.0000
-319.6361 0.0000
-319.2138 0.0000
-319.1771 0.0000
-318.3791 0.0000
-319.1728 0.0000
-319.8829 0.0000
-318.1527 0.0000
-317.6497 0.0000
-317.6474 0.0000
-318.5821 0.0000
-318.5397 0.0000
-318.6369 0.0000
-317.8567 0.0000
-319.1186 0.0000
-319.5669 0.0000
-318.5912 0.0000
-319.7801 0.0000
-321.1037 0.0000
-320.6752 0.0000
-320.4998 0.0000
-321.5824 0.0000
-322.7642 0.0000
-322.8333 0.0000
-322.7560 0.0000
-323.3431 0.0000
-323.0648 0.0000
-322.7393 0.0000
-322.4316 0.0000
-322.1231 0.0000
-322.1314 0.0000
-321.2289 0.0000
-320.9731 0.0000
-319.8027 0.0000
-319.7565 0.0000
-318.8396 0.0000
-320.0000 0.0000
-320.3952 0.0000
-320.7880 0.0000
-320.5460 0.0000
-322.0837 0.0000
-320.2791 0.0000
-321.4498 0.0000
-323.8629 0.0000
-323.1669 0.0000
-321.9263 0.0000
-321.9775 0.0000
-322.7640 0.0000
-320.7286 0.0000
-321.7521 0.0000
-322.3636 0.0000
-324.1487 0.0000
-323.6067 0.0000
-324.9210 0.0000
-326.7529 0.0000
-326.4581 0.0000
-326.9622 0.0000
-326.4934 0.0000
-326.4161 0.0000
-327.8670 0.0000
-328.6410 0.0000
-329.0256 0.0000
-329.6322 0.0000
-328.5587 0.0000
-329.4147 0.0000
-328.6533 0.0000
-328.3185 0.0000
-328.7242 0.0000
-328.0158 0.0000
-328.6164 0.0000
-328.6666 0.0000
-327.7829 0.0000
-327.8093 0.0000
-327.6098 0.0000
-327.4880 0.0000
-328.4784 0.0000
-327.8699 0.0000
-327.3028 0.0000
-328.7198 0.0000
-327.7007 0.0000
-327.3227 0.0000
-327.3317 0.0000
-326.3745 0.0000
-326.2141 0.0000
-326.5100 0.0000
-326.4362 0.0000
-326.0863 0.0000
-326.6611 0.0000
-327.5817 0.0000
-326.3384 0.0000
-326.6901 0.0000
-326.9307 0.0000
-327.1977 0.0000
-326.4267 0.0000
-325.6165 0.0000
-325.8342 0.0000
-325.0586 0.0000
-325.0865 0.0000
-324.5952 0.0000
-324.9786 0.0000
-325.6862 0.0000
-325.9687 0.0000
-324.9997 0.0000
-325.2957 0.0000
-326.0150 0.0000
-326.0414 0.0000
-326.6444 0.0000
-325.8445 0.0000
-327.2009 0.0000
-326.1195 0.0000
-326.4004 0.0000
-325.7920 0.0000
-324.8281 0.0000
-324.3824 0.0000
-324.3819 0.0000
-323.7352 0.0000
-323.3023 0.0000
-322.4742 0.0000
-322.3337 0.0000
-322.8006 0.0000
-321.0855 0.0000
-321.1649 0.0000
-320.1590 0.0000
-320.8438 0.0000
-320.0879 0.0000
-319.6638 0.0000
-319.3604 0.0000
-318.4470 0.0000
-319.3314 0.0000
-318.0416 0.0000
-317.9092 0.0000
-319.6249 0.0000
-318.1887 0.0000
-318.6172 0.0000
-319.0861 0.0000
-319.3102 0.0000
-319.5747 0.0000
-321.1207 0.0000
-319.7848 0.0000
-319.3920 0.0000
-319.9679 0.0000
-320.1897 0.0000
-320.5923 0.0000
-321.8235 0.0000
-322.4847 0.0000
-320.3339 0.0000
-320.5832 0.0000
-320.2109 0.0000
-321.4725 0.0000
-319.2236 0.0000
-319.9336 0.0000
-320.4484 0.0000
-318.9855 0.0000
-318.9618 0.0000
-318.7433 0.0000
-318.1586 0.0000
-317.8736 0.0000
-316.4039 0.0000
-316.6687 0.0000
-317.0942 0.0000
-315.8890 0.0000
-314.8589 0.0000
-316.5790 0.0000
-317.7072 0.0000
-316.8221 0.0000
-317.8508 0.0000
-315.8601 0.0000
-315.0986 0.0000
-315.0710 0.0000
-316.1401 0.0000
-315.3529 0.0000
-314.8991 0.0000
-314.6930 0.0000
-314.8497 0.0000
-313.8066 0.0000
-314.0401 0.0000
-314.7101 0.0000
-315.2622 0.0000
-316.0277 0.0000
-315.7007 0.0000
-316.4123 0.0000
-315.9054 0.0000
-315.3767 0.0000
-315.6387 0.0000
-316.2270 0.0000
-315.7996 0.0000
-316.3383 0.0000
-316.9326 0.0000
-317.1048 0.0000
-316.2628 0.0000
-316.8602 0.0000
-317.6895 0.0000
-319.1812 0.0000
-316.3595 0.0000
-316.8465 0.0000
-316.6405 0.0000
-316.8159 0.0000
-315.0434 0.0000
-316.0212 0.0000
-314.3345 0.0000
-316.1492 0.0000
-315.1455 0.0000
-316.9452 0.0000
-317.4092 0.0000
-316.4835 0.0000
-315.8107 0.0000
-315.5856 0.0000
-316.9070 0.0000
-316.1377 0.0000
-315.8934 0.0000
-317.9585 0.0000
-316.0686 0.0000
-316.2967 0.0000
-316.1381 0.0000
-316.9483 0.0000
-316.1865 0.0000
-317.3632 0.0000
-315.8829 0.0000
-315.3613 0.0000
-314.9933 0.0000
-314.9339 0.0000
-312.1790 0.0000
-312.4848 0.0000
-312.6447 0.0000
-312.6943 0.0000
-314.0263 0.0000
-313.5268 0.0000
-314.4482 0.0000
-315.0603 0.0000
-314.4993 0.0000
-316.9827 0.0000
-313.4818 0.0000
-313.7816 0.0000
-312.7764 0.0000
-314.1391 0.0000
-314.7252 0.0000
-314.8055 0.0000
-315.4227 0.0000
-313.9700 0.0000
-313.9758 0.0000
-315.5409 0.0000
-314.8597 0.0000
-314.7765 0.0000
-314.0587 0.0000
-315.0073 0.0000
-314.4509 0.0000
-314.1993 0.0000
-314.4539 0.0000
-315.0493 0.0000
-312.4425 0.0000
-312.0628 0.0000
-311.5785 0.0000
-312.1021 0.0000
-312.0575 0.0000
-312.2666 0.0000
-312.2247 0.0000
-312.5250 0.0000
-311.3642 0.0000
-313.0589 0.0000
-312.4973 0.0000
-312.1644 0.0000
-312.5064 0.0000
-311.8997 0.0000
-311.3868 0.0000
-313.7366 0.0000
-312.7695 0.0000
-312.4474 0.0000
-313.3847 0.0000
-313.2221 0.0000
-313.2739 0.0000
-313.7008 0.0000
-314.7123 0.0000
-312.9599 0.0000
-313.8709 0.0000
-313.1570 0.0000
-313.1269 0.0000
-313.3202 0.0000
-313.6826 0.0000
-313.5704 0.0000
-313.6406 0.0000
-313.4615 0.0000
-312.7669 0.0000
-312.6590 0.0000
-312.3353 0.0000
-313.8874 0.0000
-313.6290 0.0000
-314.2685 0.0000
-314.7176 0.0000
-315.7578 0.0000
-315.3224 0.0000
-312.9352 0.0000
-312.0578 0.0000
-312.6200 0.0000
-314.0301 0.0000
-314.3250 0.0000
-315.6749 0.0000
-314.5923 0.0000
-312.8108 0.0000
-314.5062 0.0000
-313.3425 0.0000
-313.2230 0.0000
-313.1720 0.0000
-312.5591 0.0000
-311.0126 0.0000
-311.5078 0.0000
-311.3030 0.0000
-310.1132 0.0000
-311.0382 0.0000
-309.1601 0.0000
-308.3409 0.0000
-309.6267 0.0000
-307.5848 0.0000
-307.6519 0.0000
-306.8412 0.0000
-306.3136 0.0000
-306.1803 0.0000
-306.0091 0.0000
-305.3646 0.0000
-305.4797 0.0000
-304.8117 0.0000
-305.1148 0.0000
-303.8187 0.0000
-305.4381 0.0000
-306.7493 0.0000
-305.5133 0.0000
-306.1055 0.0000
-306.3449 0.0000
-306.2172 0.0000
-305.2443 0.0000
-307.7254 0.0000
-307.2841 0.0000
-307.8146 0.0000
-308.8448 0.0000
-307.0000 0.0000
-306.9251 0.0000
-306.3380 0.0000
-306.5164 0.0000
-306.8778 0.0000
-307.0638 0.0000
-306.2102 0.0000
-307.1715 0.0000
-305.2342 0.0000
-304.2858 0.0000
-302.8190 0.0000
-304.4695 0.0000
-304.0110 0.0000
-302.5516 0.0000
-304.3846 0.0000
-303.2873 0.0000
-303.7102 0.0000
-304.3096 0.0000
-304.3527 0.0000
-303.8105 0.0000
-304.3110 0.0000
-303.7823 0.0000
-304.0660 0.0000
-303.3271 0.0000
-303.4969 0.0000
-304.4061 0.0000
-303.5343 0.0000
-302.8053 0.0000
-303.1069 0.0000
-302.4823 0.0000
-302.4759 0.0000
-304.3327 0.0000
-302.6648 0.0000
-302.8066 0.0000
-303.2346 0.0000
-303.4190 0.0000
-303.7732 0.0000
-303.4634 0.0000
-304.0705 0.0000
-303.1535 0.0000
-303.3636 0.0000
-304.7106 0.0000
-302.3841 0.0000
-302.9273 0.0000
-302.8443 0.0000
-303.2181 0.0000
-304.1515 0.0000
-304.5424 0.0000
-303.7993 0.0000
-304.0360 0.0000
-304.3341 0.0000
-304.3910 0.0000
-306.0130 0.0000
-305.0348 0.0000
-304.1528 0.0000
-304.6319 0.0000
-305.7037 0.0000
-304.4393 0.0000
-304.4062 0.0000
-304.8952 0.0000
-305.9674 0.0000
-305.2892 0.0000
-304.1701 0.0000
-305.1527 0.0000
-303.8609 0.0000
-303.0382 0.0000
-303.8878 0.0000
-302.9445 0.0000
-302.1188 0.0000
-302.5349 0.0000
-302.8068 0.0000
-301.7100 0.0000
-301.5880 0.0000
-302.3408 0.0000
-302.8817 0.0000
-302.6859 0.0000
-303.0496 0.0000
-302.8368 0.0000
-303.4697 0.0000
-302.9358 0.0000
-304.6334 0.0000
-304.5851 0.0000
-305.5687 0.0000
-304.6822 0.0000
-306.0269 0.0000
-307.3343 0.0000
-307.0683 0.0000
-306.5580 0.0000
-306.5691 0.0000
-306.4065 0.0000
-306.9933 0.0000
-305.1785 0.0000
-305.4576 0.0000
-306.1681 0.0000
-306.2852 0.0000
-305.9091 0.0000
-305.9491 0.0000
-306.9026 0.0000
-307.0436 0.0000
-306.8163 0.0000
-307.5440 0.0000
-307.8734 0.0000
-308.3735 0.0000
-308.9333 0.0000
-309.4830 0.0000
-309.3312 0.0000
-308.9440 0.0000
-310.2948 0.0000
-308.8449 0.0000
-310.0448 0.0000
-309.9339 0.0000
-309.3239 0.0000
-310.1439 0.0000
-310.4524 0.0000
-309.8277 0.0000
-310.2309 0.0000
-309.6149 0.0000
-310.4781 0.0000
-309.2374 0.0000
-308.5752 0.0000
-308.0455 0.0000
-308.4961 0.0000
-307.9460 0.0000
-307.1659 0.0000
-306.4243 0.0000
-305.9701 0.0000
-306.1200 0.0000
-305.3629 0.0000
-306.4347 0.0000
-305.3103 0.0000
-305.9240 0.0000
-305.4195 0.0000
-304.5716 0.0000
-305.6372 0.0000
-306.1245 0.0000
-305.8318 0.0000
-307.0618 0.0000
-306.9703 0.0000
-306.0179 0.0000
-306.3167 0.0000
-305.7202 0.0000
-305.4685 0.0000
-305.7224 0.0000
-307.2155 0.0000
-307.1295 0.0000
-307.7598 0.0000
-307.7483 0.0000
-308.5329 0.0000
-307.6862 0.0000
-308.5289 0.0000
-307.6757 0.0000
-307.2599 0.0000
-307.6671 0.0000
-306.9450 0.0000
-307.6415 0.0000
-306.8381 0.0000
-306.4924 0.0000
-305.8446 0.0000
-305.3836 0.0000
-306.6513 0.0000
-305.3201 0.0000
-305.7198 0.0000
-305.0512 0.0000
-306.2711 0.0000
-305.0021 0.0000
-305.6015 0.0000
-306.5482 0.0000
-306.0197 0.0000
-306.7426 0.0000
-305.6696 0.0000
-305.6799 0.0000
-304.4419 0.0000
-306.7845 0.0000
-307.0985 0.0000
-306.0971 0.0000
-307.4181 0.0000
-308.4371 0.0000
-306.9785 0.0000
-307.5011 0.0000
-307.1663 0.0000
-306.4836 0.0000
-306.1550 0.0000
-306.7288 0.0000
-305.5764 0.0000
-306.3871 0.0000
-306.4440 0.0000
-307.1337 0.0000
-307.4485 0.0000
-307.9393 0.0000
-308.4778 0.0000
-308.6452 0.0000
-308.3369 0.0000
-309.4127 0.0000
-306.6280 0.0000
-304.8514 0.0000
-304.9026 0.0000
-303.8629 0.0000
-303.0944 0.0000
-306.5161 0.0000
-307.6850 0.0000
-308.6228 0.0000
-307.8531 0.0000
-307.7077 0.0000
-307.7161 0.0000
-307.6701 0.0000
-308.3881 0.0000
-307.3410 0.0000
-306.3183 0.0000
-306.9849 0.0000
-306.8604 0.0000
-306.3272 0.0000
-306.5303 0.0000
-305.7623 0.0000
-305.1401 0.0000
-304.5433 0.0000
-303.7551 0.0000
-305.4800 0.0000
-303.3488 0.0000
-303.3048 0.0000
-304.2747 0.0000
-302.6799 0.0000
-301.2790 0.0000
-300.9470 0.0000
-300.6746 0.0000
-301.6528 0.0000
-301.6967 0.0000
-301.4307 0.0000
-301.8457 0.0000
-301.4244 0.0000
-302.3670 0.0000
-301.5954 0.0000
-301.9800 0.0000
-302.4700 0.0000
-302.0002 0.0000
-300.0367 0.0000
-300.5547 0.0000
-300.7236 0.0000
-301.6618 0.0000
-301.0232 0.0000
-301.3693 0.0000
-301.6751 0.0000
-299.7673 0.0000
-300.0016 0.0000
-298.6372 0.0000
-300.8262 0.0000
-300.4024 0.0000
-299.9232 0.0000
-301.4610 0.0000
-301.2998 0.0000
-301.2618 0.0000
-302.8148 0.0000
-301.6527 0.0000
-301.8675 0.0000
-303.0075 0.0000
-302.4781 0.0000
-302.5287 0.0000
-301.7316 0.0000
-302.5219 0.0000
-301.0014 0.0000
-300.5994 0.0000
-299.9680 0.0000
-301.1339 0.0000
-300.3794 0.0000
-301.4209 0.0000
-300.7267 0.0000
-299.1811 0.0000
-300.0897 0.0000
-300.8608 0.0000
-301.3398 0.0000
-300.8052 0.0000
-300.0988 0.0000
-300.8758 0.0000
-300.2363 0.0000
-299.4784 0.0000
-299.2357 0.0000
-299.4642 0.0000
-298.9641 0.0000
-298.7730 0.0000
-300.4957 0.0000
-298.9862 0.0000
-299.4596 0.0000
-299.8202 0.0000
-299.1735 0.0000
-299.0785 0.0000
-300.1989 0.0000
-298.1415 0.0000
-299.0559 0.0000
-299.7384 0.0000
-298.0390 0.0000
-299.8364 0.0000
-297.6592 0.0000
-296.9869 0.0000
-296.8185 0.0000
-296.1566 0.0000
-295.5950 0.0000
-295.1808 0.0000
-295.3456 0.0000
-295.1259 0.0000
-295.4599 0.0000
-295.6620 0.0000
-295.1183 0.0000
-294.8130 0.0000
-294.9845 0.0000
-295.1714 0.0000
-295.1252 0.0000
-294.6571 0.0000
-295.1020 0.0000
-295.9098 0.0000
-297.2065 0.0000
-296.1532 0.0000
-296.7386 0.0000
-296.8373 0.0000
-296.7768 0.0000
-298.4520 0.0000
-298.8736 0.0000
-298.5613 0.0000
-299.3038 0.0000
-298.3069 0.0000
-297.7756 0.0000
-296.5937 0.0000
-296.4809 0.0000
-296.4667 0.0000
-296.7037 0.0000
-296.8689 0.0000
-298.0213 0.0000
-297.6359 0.0000
-297.4123 0.0000
-297.1421 0.0000
-296.9017 0.0000
-295.8629 0.0000
-299.0768 0.0000
-297.8900 0.0000
-297.4609 0.0000
-298.0686 0.0000
-297.7744 0.0000
-297.7649 0.0000
-298.5990 0.0000
-298.2232 0.0000
-300.1051 0.0000
-299.0186 0.0000
-298.7188 0.0000
-299.3233 0.0000
-299.1901 0.0000
-298.2569 0.0000
-299.0944 0.0000
-300.1151 0.0000
-299.2467 0.0000
-300.1641 0.0000
-301.2572 0.0000
-301.2548 0.0000
-300.2075 0.0000
-299.0994 0.0000
-299.0744 0.0000
-298.5368 0.0000
-300.9658 0.0000
-298.8961 0.0000
-298.7191 0.0000
-299.6805 0.0000
-299.0487 0.0000
-300.4968 0.0000
-299.8199 0.0000
-299.5246 0.0000
-300.1112 0.0000
-299.6553 0.0000
-298.8837 0.0000
-298.8038 0.0000
-300.6478 0.0000
-301.0994 0.0000
-300.2613 0.0000
-298.9322 0.0000
-299.3869 0.0000
-299.9690 0.0000
-298.5009 0.0000
-298.7781 0.0000
-298.3294 0.0000
-297.7954 0.0000
-299.9429 0.0000
-300.8447 0.0000
-298.7893 0.0000
-298.8981 0.0000
-299.1378 0.0000
-299.6862 0.0000
-300.4167 0.0000
-298.5469 0.0000
-299.1167 0.0000
-300.0998 0.0000
-300.1337 0.0000
-299.5323 0.0000
-300.1076 0.0000
-298.6794 0.0000
-297.8126 0.0000
-297.5842 0.0000
-297.7632 0.0000
-298.1306 0.0000
-297.5937 0.0000
-297.6249 0.0000
-297.2310 0.0000
-298.4798 0.0000
-296.3085 0.0000
-296.3920 0.0000
-296.1100 0.0000
-296.8078 0.0000
-296.4606 0.0000
-296.6453 0.0000
-296.5196 0.0000
-296.3569 0.0000
-296.1487 0.0000
-297.9208 0.0000
-298.0514 0.0000
-297.4400 0.0000
-297.9871 0.0000
-297.1396 0.0000
-297.0777 0.0000
-296.2523 0.0000
-296.7913 0.0000
-296.6863 0.0000
-297.9446 0.0000
-296.1704 0.0000
-294.9186 0.0000
-295.5790 0.0000
-295.2420 0.0000
-295.0397 0.0000
-295.8362 0.0000
-295.6816 0.0000
-295.6184 0.0000
-295.4470 0.0000
-294.8694 0.0000
-295.2994 0.0000
-295.4376 0.0000
-296.3592 0.0000
-296.3153 0.0000
-295.6404 0.0000
-296.6588 0.0000
-295.9345 0.0000
-297.3366 0.0000
-296.9085 0.0000
-297.3426 0.0000
-296.7185 0.0000
-297.4141 0.0000
-296.5431 0.0000
-296.6646 0.0000
-296.8297 0.0000
-295.9840 0.0000
-296.8142 0.0000
-296.3923 0.0000
-296.0998 0.0000
-296.9314 0.0000
-296.9454 0.0000
-296.3648 0.0000
-297.1694 0.0000
-296.4979 0.0000
-297.0859 0.0000
-296.5633 0.0000
-297.2312 0.0000
-296.2368 0.0000
-295.8434 0.0000
-295.1615 0.0000
-297.1927 0.0000
-294.8695 0.0000
-295.2602 0.0000
-295.0325 0.0000
-295.2325 0.0000
-294.9400 0.0000
-295.2926 0.0000
-296.0380 0.0000
-295.5491 0.0000
-295.0798 0.0000
-295.2838 0.0000
-294.8483 0.0000
-295.5645 0.0000
-295.4281 0.0000
-295.5696 0.0000
-296.0409 0.0000
-295.2318 0.0000
-295.0924 0.0000
-295.6154 0.0000
-295.7369 0.0000
-295.4205 0.0000
-295.9749 0.0000
-295.5653 0.0000
-294.6813 0.0000
-295.5795 0.0000
-295.6097 0.0000
-295.3374 0.0000
-295.8547 0.0000
-295.6195 0.0000
-296.4719 0.0000
-296.6391 0.0000
-297.2086 0.0000
-296.9094 0.0000
-296.6734 0.0000
-297.1212 0.0000
-297.6567 0.0000
-296.5764 0.0000
-296.0177 0.0000
-295.2147 0.0000
-294.4889 0.0000
-295.3656 0.0000
-293.5227 0.0000
-293.7803 0.0000
-295.0301 0.0000
-294.8575 0.0000
-294.3548 0.0000
-293.5871 0.0000
-296.1719 0.0000
-295.1937 0.0000
-295.5137 0.0000
-296.0534 0.0000
-295.3434 0.0000
-295.2298 0.0000
-295.5047 0.0000
-295.3478 0.0000
-295.0258 0.0000
-295.4478 0.0000
-295.0761 0.0000
-293.3822 0.0000
-293.6419 0.0000
-294.0030 0.0000
-293.5183 0.0000
-293.6997 0.0000
-293.6132 0.0000
-293.8289 0.0000
-294.3478 0.0000
-293.1974 0.0000
-292.4636 0.0000
-292.8370 0.0000
-293.3135 0.0000
-292.2284 0.0000
-291.9131 0.0000
-291.5020 0.0000
-292.7761 0.0000
-291.7406 0.0000
-290.8539 0.0000
-291.3727 0.0000
-290.6408 0.0000
-292.0672 0.0000
-290.5823 0.0000
-290.9194 0.0000
-289.8170 0.0000
-290.1778 0.0000
-290.4592 0.0000
-291.0237 0.0000
-290.3102 0.0000
-290.5447 0.0000
-292.2788 0.0000
-291.1781 0.0000
-289.9425 0.0000
-289.9829 0.0000
-289.4537 0.0000
-290.5230 0.0000
-290.7682 0.0000
-289.1052 0.0000
-290.1567 0.0000
-289.5514 0.0000
-289.1099 0.0000
-290.0840 0.0000
-289.0153 0.0000
-289.4795 0.0000
-290.4401 0.0000
-289.0269 0.0000
-289.5362 0.0000
-290.2607 0.0000
-289.1926 0.0000
-288.7199 0.0000
-288.8718 0.0000
-287.9839 0.0000
-288.0972 0.0000
-287.2842 0.0000
-287.3905 0.0000
-285.7736 0.0000
-287.6343 0.0000
-286.6173 0.0000
-287.6251 0.0000
-287.5851 0.0000
-287.6203 0.0000
-287.5030 0.0000
-287.2207 0.0000
-287.5782 0.0000
-288.5633 0.0000
-286.4857 0.0000
-285.6559 0.0000
-285.6131 0.0000
-286.1759 0.0000
-284.7865 0.0000
-284.6577 0.0000
-284.8520 0.0000
-283.4759 0.0000
-285.3514 0.0000
-283.9912 0.0000
-284.4559 0.0000
-284.1671 0.0000
-284.3553 0.0000
-284.8799 0.0000
-285.2780 0.0000
-283.6978 0.0000
-283.8241 0.0000
-284.4817 0.0000
-283.8062 0.0000
-282.2390 0.0000
-283.5108 0.0000
-284.7889 0.0000
-283.0522 0.0000
-283.0612 0.0000
-284.4479 0.0000
-283.2674 0.0000
-283.3061 0.0000
-282.5812 0.0000
-281.8184 0.0000
-280.8323 0.0000
-280.2273 0.0000
-280.9970 0.0000
-281.1435 0.0000
-279.8718 0.0000
-280.0096 0.0000
-281.3090 0.0000
-280.5913 0.0000
-281.2811 0.0000
-281.9788 0.0000
-282.9594 0.0000
-282.7182 0.0000
-283.6902 0.0000
-282.4427 0.0000
-282.9005 0.0000
-283.4046 0.0000
-284.4742 0.0000
-284.2738 0.0000
-282.8614 0.0000
-283.3313 0.0000
-283.2210 0.0000
-282.9193 0.0000
-283.2966 0.0000
-284.0109 0.0000
-285.3395 0.0000
-283.4730 0.0000
-284.3144 0.0000
-283.6226 0.0000
-284.2787 0.0000
-285.0374 0.0000
-285.0244 0.0000
-284.9309 0.0000
-286.3579 0.0000
-286.0577 0.0000
-286.2900 0.0000
-286.4915 0.0000
-285.5691 0.0000
-287.4362 0.0000
-287.7737 0.0000
-286.5017 0.0000
-286.3526 0.0000
-286.8033 0.0000
-286.0367 0.0000
-285.8988 0.0000
-285.9282 0.0000
-285.1775 0.0000
-285.4557 0.0000
-285.0233 0.0000
-284.7146 0.0000
-284.0077 0.0000
-285.3279 0.0000
-285.1056 0.0000
-285.5381 0.0000
-285.1598 0.0000
-285.6933 0.0000
-285.7188 0.0000
-285.2087 0.0000
-285.2880 0.0000
-286.1945 0.0000
-285.2006 0.0000
-286.6865 0.0000
-288.9910 0.0000
-289.0459 0.0000
-288.1429 0.0000
-288.1851 0.0000
-289.0055 0.0000
-289.7876 0.0000
-289.4314 0.0000
-288.1649 0.0000
-288.3244 0.0000
-288.6558 0.0000
-287.9118 0.0000
-287.7733 0.0000
-288.0264 0.0000
-287.2929 0.0000
-287.2396 0.0000
-286.8332 0.0000
-288.1511 0.0000
-288.2224 0.0000
-288.3496 0.0000
-290.1364 0.0000
-292.0556 0.0000
-290.5399 0.0000
-291.3269 0.0000
-291.0556 0.0000
-291.4261 0.0000
-291.2820 0.0000
-290.7554 0.0000
-292.4930 0.0000
-290.1431 0.0000
-290.9805 0.0000
-291.7391 0.0000
-292.8636 0.0000
-291.9850 0.0000
-291.4149 0.0000
-291.9833 0.0000
-291.9346 0.0000
-292.2122 0.0000
-293.5628 0.0000
-294.0745 0.0000
-294.4520 0.0000
-293.7248 0.0000
-293.3303 0.0000
-293.2090 0.0000
-293.2128 0.0000
-293.2357 0.0000
-292.5583 0.0000
-292.2074 0.0000
-292.3775 0.0000
-293.0928 0.0000
-294.3403 0.0000
-293.6418 0.0000
-294.0922 0.0000
-295.1279 0.0000
-293.9535 0.0000
-294.2804 0.0000
-294.3602 0.0000
-294.2090 0.0000
-293.5641 0.0000
-293.6709 0.0000
-293.3290 0.0000
-292.9267 0.0000
-294.0957 0.0000
-292.7200 0.0000
-294.6053 0.0000
-292.4146 0.0000
-294.9772 0.0000
-293.0304 0.0000
-292.8555 0.0000
-294.2497 0.0000
-295.5370 0.0000
-293.3718 0.0000
-293.7117 0.0000
-295.6770 0.0000
-295.5419 0.0000
-294.1892 0.0000
-293.2994 0.0000
-293.6003 0.0000
-293.4423 0.0000
-293.7863 0.0000
-292.2550 0.0000
-291.1258 0.0000
-291.5693 0.0000
-290.9432 0.0000
-290.9779 0.0000
-290.4450 0.0000
-290.6036 0.0000
-290.7073 0.0000
-289.8431 0.0000
-289.5700 0.0000
-290.7106 0.0000
-290.4214 0.0000
-289.7959 0.0000
-289.6731 0.0000
-289.6172 0.0000
-289.2419 0.0000
-288.9743 0.0000
-289.7414 0.0000
-289.4382 0.0000
-289.6572 0.0000
-290.6090 0.0000
-289.8747 0.0000
-290.0070 0.0000
-291.0433 0.0000
-290.5935 0.0000
-290.2488 0.0000
-290.1150 0.0000
-290.7726 0.0000
-289.8114 0.0000
-290.0161 0.0000
-290.3978 0.0000
-290.6473 0.0000
-291.1337 0.0000
-289.9765 0.0000
-291.4263 0.0000
-290.7234 0.0000
-290.9386 0.0000
-290.9287 0.0000
-291.2493 0.0000
-292.4032 0.0000
-291.6816 0.0000
-291.1775 0.0000
-291.2249 0.0000
-291.3363 0.0000
-291.6005 0.0000
-291.1974 0.0000
-292.1968 0.0000
-291.2737 0.0000
-291.1408 0.0000
-291.4780 0.0000
-291.4357 0.0000
-291.3029 0.0000
-291.5099 0.0000
-291.1674 0.0000
-291.5545 0.0000
-292.2389 0.0000
-290.9612 0.0000
-291.3441 0.0000
-291.6385 0.0000
-292.1044 0.0000
-292.1865 0.0000
-291.2320 0.0000
-290.9018 0.0000
-291.5574 0.0000
-290.6611 0.0000
-290.2603 0.0000
-288.9703 0.0000
-289.6154 0.0000
-289.0472 0.0000
-289.6435 0.0000
-289.4656 0.0000
-289.5269 0.0000
-288.6281 0.0000
-289.5795 0.0000
-289.0791 0.0000
-287.9181 0.0000
-288.1921 0.0000
-287.4212 0.0000
-287.0665 0.0000
-288.2099 0.0000
-287.0688 0.0000
-288.0981 0.0000
-286.6354 0.0000
-286.7312 0.0000
-286.8244 0.0000
-286.3297 0.0000
-287.5009 0.0000
-286.5615 0.0000
-286.9997 0.0000
-286.5014 0.0000
-286.7023 0.0000
-287.6991 0.0000
-286.1837 0.0000
-285.6246 0.0000
-285.7302 0.0000
-284.8533 0.0000
-285.8586 0.0000
-284.8800 0.0000
-284.5942 0.0000
-284.7171 0.0000
-284.4971 0.0000
-284.8910 0.0000
-284.5461 0.0000
-284.7090 0.0000
-284.0131 0.0000
-283.3521 0.0000
-284.4312 0.0000
-284.2979 0.0000
-284.1565 0.0000
-282.5149 0.0000
-284.1011 0.0000
-283.5402 0.0000
-283.1854 0.0000
-283.0628 0.0000
-283.8991 0.0000
-285.9488 0.0000
-286.0350 0.0000
-285.7892 0.0000
-286.0436 0.0000
-286.4894 0.0000
-286.0413 0.0000
-286.4704 0.0000
-286.9527 0.0000
-287.6712 0.0000
-287.0097 0.0000
-286.6281 0.0000
-286.6349 0.0000
-287.5156 0.0000
-286.7382 0.0000
-286.9576 0.0000
-285.9387 0.0000
-286.5081 0.0000
-286.6361 0.0000
-287.4578 0.0000
-287.6060 0.0000
-287.2247 0.0000
-288.5980 0.0000
-286.8826 0.0000
-287.5094 0.0000
-286.8438 0.0000
-287.5369 0.0000
-287.8880 0.0000
-287.8905 0.0000
-287.1905 0.0000
-288.0189 0.0000
-287.5865 0.0000
-287.6373 0.0000
-288.4725 0.0000
-288.3089 0.0000
-288.0970 0.0000
-288.4765 0.0000
-288.6207 0.0000
-288.5118 0.0000
-287.8093 0.0000
-287.4389 0.0000
-287.8700 0.0000
-288.6834 0.0000
-287.9753 0.0000
-287.4377 0.0000
-288.3318 0.0000
-287.6561 0.0000
-288.2232 0.0000
-288.0811 0.0000
-287.7397 0.0000
-285.7710 0.0000
-288.4833 0.0000
-288.1333 0.0000
-287.8788 0.0000
-288.5145 0.0000
-289.4476 0.0000
-288.0803 0.0000
-287.5833 0.0000
-287.7238 0.0000
-288.4339 0.0000
-287.2871 0.0000
-287.7980 0.0000
-288.0399 0.0000
-287.1501 0.0000
-287.8995 0.0000
-288.4036 0.0000
-288.1252 0.0000
-288.2287 0.0000
-288.6114 0.0000
-287.2431 0.0000
-287.2201 0.0000
-287.2401 0.0000
-287.2031 0.0000
-286.2709 0.0000
-287.4165 0.0000
-286.7516 0.0000
-288.0192 0.0000
-286.8696 0.0000
-286.6286 0.0000
-286.9532 0.0000
-285.8015 0.0000
-285.4996 0.0000
-285.4234 0.0000
-286.2697 0.0000
-285.1666 0.0000
-285.4284 0.0000
-285.1449 0.0000
-286.8494 0.0000
-286.0833 0.0000
-285.1733 0.0000
-285.7662 0.0000
-285.6070 0.0000
-286.2571 0.0000
-285.7557 0.0000
-285.0957 0.0000
-286.5776 0.0000
-286.9178 0.0000
-285.9465 0.0000
-286.6957 0.0000
-285.2857 0.0000
-285.8647 0.0000
-285.2122 0.0000
-285.8365 0.0000
-285.4681 0.0000
-285.4356 0.0000
-286.0779 0.0000
-285.9577 0.0000
-285.7668 0.0000
-285.9213 0.0000
-285.2646 0.0000
-285.7405 0.0000
-285.1388 0.0000
-286.1630 0.0000
-286.2463 0.0000
-287.7495 0.0000
-285.3592 0.0000
-284.9645 0.0000
-285.8688 0.0000
-284.5963 0.0000
-285.4532 0.0000
-284.6033 0.0000
-284.2180 0.0000
-284.9825 0.0000
-284.4834 0.0000
-282.9059 0.0000
-283.6114 0.0000
-284.8022 0.0000
-284.4584 0.0000
-284.8447 0.0000
-284.0864 0.0000
-285.8270 0.0000
-286.4234 0.0000
-286.2447 0.0000
-285.6205 0.0000
-286.0380 0.0000
-285.8272 0.0000
-286.2750 0.0000
-286.2839 0.0000
-285.5989 0.0000
-286.8521 0.0000
-285.7998 0.0000
-286.6963 0.0000
-286.9529 0.0000
-287.0244 0.0000
-286.2646 0.0000
-285.8567 0.0000
-285.5794 0.0000
-286.9394 0.0000
-286.2867 0.0000
-286.4965 0.0000
-287.2826 0.0000
-286.4648 0.0000
-286.9147 0.0000
-287.2575 0.0000
-287.0895 0.0000
-286.2307 0.0000
-286.0066 0.0000
-286.8339 0.0000
-288.1504 0.0000
-286.8770 0.0000
-287.0327 0.0000
-286.9544 0.0000
-285.8455 0.0000
-286.5559 0.0000
-286.1335 0.0000
-287.2449 0.0000
-286.8383 0.0000
-286.9247 0.0000
-286.9022 0.0000
-286.4060 0.0000
-287.2902 0.0000
-288.2985 0.0000
-287.3871 0.0000
-287.1879 0.0000
-286.9499 0.0000
-286.7866 0.0000
-286.7185 0.0000
-287.3106 0.0000
-288.1102 0.0000
-287.7812 0.0000
-288.1834 0.0000
-287.3064 0.0000
-287.4776 0.0000
-289.1712 0.0000
-289.0138 0.0000
-289.1103 0.0000
-288.7035 0.0000
-288.1770 0.0000
-287.1758 0.0000
-286.3962 0.0000
-287.5542 0.0000
-287.6763 0.0000
-287.3642 0.0000
-287.6098 0.0000
-288.6334 0.0000
-286.8205 0.0000
-287.5733 0.0000
-287.0361 0.0000
-285.8040 0.0000
-285.8668 0.0000
-287.1150 0.0000
-287.2143 0.0000
-288.3744 0.0000
-287.1189 0.0000
-286.7650 0.0000
-287.8353 0.0000
-287.5321 0.0000
-288.5315 0.0000
-288.1710 0.0000
-287.9003 0.0000
-287.5106 0.0000
-287.7251 0.0000
-287.3487 0.0000
-286.6105 0.0000
-286.5599 0.0000
-285.8288 0.0000
-287.1341 0.0000
-286.5642 0.0000
-287.4052 0.0000
-287.1286 0.0000
-287.9946 0.0000
-285.9553 0.0000
-286.9497 0.0000
-288.0720 0.0000
-287.4180 0.0000
-288.5882 0.0000
-289.1020 0.0000
-288.5403 0.0000
-289.5250 0.0000
-289.5920 0.0000
-290.8308 0.0000
-291.1367 0.0000
-290.9460 0.0000
-291.7879 0.0000
-291.6380 0.0000
-291.5434 0.0000
-292.2819 0.0000
-291.5894 0.0000
-292.3306 0.0000
-291.3929 0.0000
-291.2779 0.0000
-290.5068 0.0000
-290.8057 0.0000
-290.9333 0.0000
-289.7240 0.0000
-290.2538 0.0000
-290.1122 0.0000
-290.7656 0.0000
-292.2088 0.0000
-292.4622 0.0000
-292.3013 0.0000
-291.7301 0.0000
-291.8950 0.0000
-293.3620 0.0000
-291.6269 0.0000
-291.2952 0.0000
-291.6305 0.0000
-292.2031 0.0000
-291.9242 0.0000
-291.9050 0.0000
-291.3785 0.0000
-290.6596 0.0000
-290.6635 0.0000
-291.3008 0.0000
-289.5287 0.0000
-289.6136 0.0000
-290.4999 0.0000
-290.4466 0.0000
-290.5306 0.0000
-290.7428 0.0000
-289.8578 0.0000
-289.6344 0.0000
-288.8168 0.0000
-288.1982 0.0000
-289.2527 0.0000
-287.6379 0.0000
-287.5911 0.0000
-286.8980 0.0000
-287.6356 0.0000
-285.8953 0.0000
-285.5350 0.0000
-286.5132 0.0000
-285.7478 0.0000
-284.6952 0.0000
-283.1018 0.0000
-284.5377 0.0000
-284.9842 0.0000
-284.5730 0.0000
-285.1241 0.0000
-284.8995 0.0000
-285.8023 0.0000
-286.0842 0.0000
-285.8555 0.0000
-286.3842 0.0000
-284.5709 0.0000
-285.2637 0.0000
-285.5188 0.0000
-283.9277 0.0000
-285.5662 0.0000
-287.2998 0.0000
-285.5014 0.0000
-286.1931 0.0000
-286.0532 0.0000
-284.9013 0.0000
-284.2917 0.0000
-283.7607 0.0000
-284.1432 0.0000
-282.8037 0.0000
-281.7680 0.0000
-282.4863 0.0000
-280.2576 0.0000
-282.7318 0.0000
-282.0504 0.0000
-282.7170 0.0000
-282.8515 0.0000
-283.6182 0.0000
-283.4366 0.0000
-282.3038 0.0000
-281.8152 0.0000
-282.6068 0.0000
-280.7414 0.0000
-280.0718 0.0000
-279.8022 0.0000
-280.3088 0.0000
-281.0369 0.0000
-280.8406 0.0000
-279.4074 0.0000
-281.6675 0.0000
-281.0305 0.0000
-281.3460 0.0000
-281.5751 0.0000
-282.6423 0.0000
-282.9063 0.0000
-283.5224 0.0000
-283.4115 0.0000
-284.3146 0.0000
-283.8301 0.0000
-283.7335 0.0000
-284.6212 0.0000
-282.2799 0.0000
-286.2982 0.0000
-282.0038 0.0000
-285.2518 0.0000
-284.1787 0.0000
-284.2708 0.0000
-283.3444 0.0000
-282.7624 0.0000
-282.1983 0.0000
-279.9166 0.0000
-279.4621 0.0000
-278.1729 0.0000
-277.3225 0.0000
-280.5074 0.0000
-277.5373 0.0000
-277.8075 0.0000
-277.6049 0.0000
-277.6241 0.0000
-278.0766 0.0000
-278.1114 0.0000
-278.9558 0.0000
-277.9856 0.0000
-278.0872 0.0000
-278.8278 0.0000
-278.5303 0.0000
-278.8300 0.0000
-279.5418 0.0000
-278.9969 0.0000
-279.0502 0.0000
-277.7969 0.0000
-278.3662 0.0000
-277.4263 0.0000
-278.9937 0.0000
-280.0711 0.0000
-278.8888 0.0000
-278.6213 0.0000
-278.7020 0.0000
-280.7085 0.0000
-280.9554 0.0000
-280.0598 0.0000
-278.9688 0.0000
-277.8810 0.0000
-278.8903 0.0000
-279.2789 0.0000
-278.7097 0.0000
-280.4051 0.0000
-278.2453 0.0000
-278.4204 0.0000
-277.9206 0.0000
-279.4135 0.0000
-278.1754 0.0000
-276.8251 0.0000
-279.2768 0.0000
-279.1850 0.0000
-278.2615 0.0000
-278.9512 0.0000
-277.5669 0.0000
-278.4225 0.0000
-276.3655 0.0000
-279.2323 0.0000
-279.3042 0.0000
-279.2444 0.0000
-279.5634 0.0000
-278.0701 0.0000
-277.8960 0.0000
-276.9652 0.0000
-276.6267 0.0000
-276.7356 0.0000
-276.9004 0.0000
-277.9758 0.0000
-277.0494 0.0000
-278.4133 0.0000
-278.7498 0.0000
-278.0445 0.0000
-278.4089 0.0000
-279.1851 0.0000
-278.9931 0.0000
-280.5994 0.0000
-281.1575 0.0000
-281.1193 0.0000
-281.4719 0.0000
-281.7168 0.0000
-281.8353 0.0000
-281.8693 0.0000
-281.7601 0.0000
-282.2790 0.0000
-282.7945 0.0000
-282.6150 0.0000
-282.4207 0.0000
-282.0640 0.0000
-280.9845 0.0000
-281.7366 0.0000
-281.4679 0.0000
-279.6798 0.0000
-279.5786 0.0000
-279.8199 0.0000
-279.3437 0.0000
-279.7837 0.0000
-281.2405 0.0000
-279.5339 0.0000
-279.4467 0.0000
-279.6316 0.0000
-278.8888 0.0000
-279.2659 0.0000
-280.4173 0.0000
-279.8641 0.0000
-280.5717 0.0000
-280.8316 0.0000
-279.3022 0.0000
-278.1462 0.0000
-279.1035 0.0000
-279.9261 0.0000
-279.1716 0.0000
-278.1982 0.0000
-279.2523 0.0000
-278.8876 0.0000
-279.6192 0.0000
-279.4297 0.0000
-279.8463 0.0000
-279.1082 0.0000
-280.3533 0.0000
-281.1345 0.0000
-281.0518 0.0000
-281.3054 0.0000
-279.8379 0.0000
-281.2414 0.0000
-281.9304 0.0000
-283.2847 0.0000
-283.6527 0.0000
-282.3391 0.0000
-282.2137 0.0000
-282.8613 0.0000
-283.8686 0.0000
-284.2248 0.0000
-284.0010 0.0000
-286.3712 0.0000
-284.0200 0.0000
-283.6920 0.0000
-282.6267 0.0000
-283.1538 0.0000
-284.0869 0.0000
-283.6003 0.0000
-282.8605 0.0000
-282.3729 0.0000
-282.9376 0.0000
-281.9748 0.0000
-281.6486 0.0000
-282.1065 0.0000
-281.8185 0.0000
-281.2094 0.0000
-279.0348 0.0000
-280.3284 0.0000
-281.3136 0.0000
-280.7290 0.0000
-279.4683 0.0000
-280.9512 0.0000
-279.5885 0.0000
-279.3546 0.0000
-279.6383 0.0000
-277.6288 0.0000
-279.6200 0.0000
-279.4793 0.0000
-280.3726 0.0000
-279.4999 0.0000
-278.8790 0.0000
-279.5570 0.0000
-279.7978 0.0000
-281.0238 0.0000
-279.5445 0.0000
-280.8686 0.0000
-280.3951 0.0000
-279.7551 0.0000
-279.4079 0.0000
-280.7972 0.0000
-282.1692 0.0000
-281.7952 0.0000
-282.3118 0.0000
-280.8540 0.0000
-280.9408 0.0000
-280.4715 0.0000
-281.2575 0.0000
-279.6911 0.0000
-279.9554 0.0000
-279.6420 0.0000
-281.2567 0.0000
-279.8770 0.0000
-279.5307 0.0000
-279.0805 0.0000
-279.2857 0.0000
-280.1979 0.0000
-279.2153 0.0000
-279.5207 0.0000
-279.2023 0.0000
-280.2347 0.0000
-281.5026 0.0000
-281.0485 0.0000
-282.1416 0.0000
-281.2589 0.0000
-280.0031 0.0000
-280.5825 0.0000
-280.8242 0.0000
-281.2969 0.0000
-280.7815 0.0000
-280.9273 0.0000
-279.4137 0.0000
-281.1025 0.0000
-280.6379 0.0000
-280.7197 0.0000
-280.8159 0.0000
-281.6345 0.0000
-280.2466 0.0000
-280.5081 0.0000
-279.4499 0.0000
-280.3089 0.0000
-279.8786 0.0000
-279.9011 0.0000
-279.6899 0.0000
-279.3346 0.0000
-278.4791 0.0000
-277.8431 0.0000
-277.6883 0.0000
-277.2484 0.0000
-276.9248 0.0000
-277.1968 0.0000
-277.9141 0.0000
-276.1332 0.0000
-276.6396 0.0000
-275.7851 0.0000
-277.4365 0.0000
-277.6979 0.0000
-277.5549 0.0000
-277.0410 0.0000
-277.9913 0.0000
-277.8399 0.0000
-278.1844 0.0000
-278.3530 0.0000
-277.4952 0.0000
-277.6303 0.0000
-277.6003 0.0000
-277.6231 0.0000
-276.9612 0.0000
-278.0736 0.0000
-277.6724 0.0000
-278.4654 0.0000
-277.6913 0.0000
-278.3553 0.0000
-278.1247 0.0000
-278.4281 0.0000
-279.1706 0.0000
-277.2290 0.0000
-276.5096 0.0000
-277.3056 0.0000
-277.6839 0.0000
-277.8625 0.0000
-278.3094 0.0000
-277.0807 0.0000
-277.1855 0.0000
-277.4514 0.0000
-277.2316 0.0000
-277.4100 0.0000
-277.0469 0.0000
-278.0959 0.0000
-277.0593 0.0000
-276.6535 0.0000
-275.6085 0.0000
-275.1747 0.0000
-275.1039 0.0000
-274.6948 0.0000
-274.7246 0.0000
-275.2139 0.0000
-276.2667 0.0000
-275.5886 0.0000
-275.2706 0.0000
-275.6749 0.0000
-274.4882 0.0000
-274.3581 0.0000
-274.5437 0.0000
-275.4379 0.0000
-275.3643 0.0000
-274.9024 0.0000
-274.8490 0.0000
-274.4494 0.0000
-274.7461 0.0000
-275.0142 0.0000
-275.7098 0.0000
-273.9469 0.0000
-275.7246 0.0000
-274.7129 0.0000
-275.5191 0.0000
-275.3398 0.0000
-275.8924 0.0000
-276.5601 0.0000
-277.5446 0.0000
-275.8832 0.0000
-275.9203 0.0000
-275.4428 0.0000
-276.1154 0.0000
-276.1437 0.0000
-275.5941 0.0000
-276.0108 0.0000
-275.8480 0.0000
-275.6468 0.0000
-275.0325 0.0000
-274.7445 0.0000
-274.4057 0.0000
-276.7076 0.0000
-274.6333 0.0000
-275.6209 0.0000
-275.6002 0.0000
-275.3227 0.0000
-276.6567 0.0000
-275.7473 0.0000
-276.3640 0.0000
-274.9899 0.0000
-276.1356 0.0000
-276.3019 0.0000
-275.6740 0.0000
-275.4113 0.0000
-275.6685 0.0000
-274.8112 0.0000
-275.3030 0.0000
-274.3842 0.0000
-273.1095 0.0000
-272.6361 0.0000
-272.8294 0.0000
-272.3138 0.0000
-274.2487 0.0000
-271.6663 0.0000
-271.4030 0.0000
-271.9956 0.0000
-271.5242 0.0000
-270.6268 0.0000
-269.4020 0.0000
-270.2707 0.0000
-270.2690 0.0000
-269.9746 0.0000
-270.8521 0.0000
-268.4431 0.0000
-268.6615 0.0000
-267.7049 0.0000
-266.7149 0.0000
-267.0801 0.0000
-266.1760 0.0000
-267.9538 0.0000
-268.0343 0.0000
-268.2661 0.0000
-268.3992 0.0000
-267.7747 0.0000
-267.7271 0.0000
-268.7706 0.0000
-269.1091 0.0000
-269.2470 0.0000
-270.3708 0.0000
-272.9224 0.0000
-272.2046 0.0000
-272.8868 0.0000
-272.3598 0.0000
-272.6410 0.0000
-272.8307 0.0000
-273.5138 0.0000
-273.8271 0.0000
-272.6154 0.0000
-272.7968 0.0000
-272.5744 0.0000
-272.4400 0.0000
-274.0191 0.0000
-272.2575 0.0000
-273.8758 0.0000
-273.6004 0.0000
-274.0968 0.0000
-273.3583 0.0000
-274.3828 0.0000
-274.2172 0.0000
-274.3291 0.0000
-274.2306 0.0000
-273.5126 0.0000
-273.7568 0.0000
-273.6035 0.0000
-273.6423 0.0000
-273.6230 0.0000
-273.5842 0.0000
-273.1001 0.0000
-274.3201 0.0000
-273.8900 0.0000
-273.8107 0.0000
-273.8367 0.0000
-273.8747 0.0000
-273.7938 0.0000
-273.0392 0.0000
-273.7574 0.0000
-273.7922 0.0000
-273.9918 0.0000
-275.6633 0.0000
-273.0411 0.0000
-274.6906 0.0000
-272.5916 0.0000
-274.1149 0.0000
-274.6638 0.0000
-274.8019 0.0000
-275.0783 0.0000
-273.1603 0.0000
-273.2466 0.0000
-272.2952 0.0000
-272.3505 0.0000
-272.6443 0.0000
-271.7833 0.0000
-271.9320 0.0000
-272.0932 0.0000
-272.5866 0.0000
-273.3795 0.0000
-272.8238 0.0000
-272.9052 0.0000
-273.7468 0.0000
-272.9239 0.0000
-274.1882 0.0000
-274.3072 0.0000
-273.1983 0.0000
-272.3203 0.0000
-272.6031 0.0000
-272.4691 0.0000
-272.4458 0.0000
-271.8287 0.0000
-272.6122 0.0000
-271.5118 0.0000
-270.4652 0.0000
-269.8566 0.0000
-271.1457 0.0000
-271.9576 0.0000
-269.7162 0.0000
-271.5971 0.0000
-271.5401 0.0000
-270.4942 0.0000
-269.9858 0.0000
-271.1128 0.0000
-270.9327 0.0000
-271.5084 0.0000
-271.9349 0.0000
-272.0331 0.0000
-271.0496 0.0000
-270.5031 0.0000
-272.0074 0.0000
-271.4996 0.0000
-270.1624 0.0000
-270.8315 0.0000
-271.2092 0.0000
-270.7784 0.0000
-270.3563 0.0000
-270.3752 0.0000
-270.1001 0.0000
-270.4567 0.0000
-270.8465 0.0000
-269.9615 0.0000
-269.2382 0.0000
-269.2721 0.0000
-268.9380 0.0000
-269.8976 0.0000
-269.8892 0.0000
-269.2435 0.0000
-269.2825 0.0000
-269.5042 0.0000
-268.4968 0.0000
-269.5258 0.0000
-268.7639 0.0000
-267.2984 0.0000
-269.1285 0.0000
-268.1077 0.0000
-267.9949 0.0000
-269.0127 0.0000
-269.7260 0.0000
-269.6742 0.0000
-269.6096 0.0000
-269.6316 0.0000
-269.4663 0.0000
-269.4665 0.0000
-270.0427 0.0000
-269.6259 0.0000
-269.0886 0.0000
-268.1613 0.0000
-267.4053 0.0000
-269.8815 0.0000
-270.0241 0.0000
-270.7792 0.0000
-270.8582 0.0000
-270.8134 0.0000
-270.8358 0.0000
-271.2625 0.0000
-271.5466 0.0000
-272.2087 0.0000
-272.9444 0.0000
-272.0176 0.0000
-272.5097 0.0000
-272.3254 0.0000
-271.8983 0.0000
-272.9570 0.0000
-273.3944 0.0000
-274.1228 0.0000
-273.1479 0.0000
-274.1842 0.0000
-272.6226 0.0000
-273.1043 0.0000
-273.0786 0.0000
-274.4111 0.0000
-275.8228 0.0000
-274.8559 0.0000
-274.9473 0.0000
-274.4622 0.0000
-274.6954 0.0000
-274.3019 0.0000
-274.4875 0.0000
-273.9995 0.0000
-274.3409 0.0000
-275.7101 0.0000
-276.7356 0.0000
-276.9584 0.0000
-276.5804 0.0000
-275.6873 0.0000
-276.7775 0.0000
-276.1041 0.0000
-277.2983 0.0000
-275.4551 0.0000
-275.3328 0.0000
-274.7595 0.0000
-274.8910 0.0000
-275.2842 0.0000
-273.6225 0.0000
-274.7059 0.0000
-275.2666 0.0000
-275.5119 0.0000
-275.9813 0.0000
-277.2564 0.0000
-277.0420 0.0000
-276.4010 0.0000
-276.7751 0.0000
-277.8062 0.0000
-278.3886 0.0000
-278.6687 0.0000
-278.7854 0.0000
-278.4035 0.0000
-279.3898 0.0000
-278.0024 0.0000
-278.6617 0.0000
-279.0693 0.0000
-277.9414 0.0000
-277.4941 0.0000
-279.6829 0.0000
-277.3684 0.0000
-276.1970 0.0000
-277.4161 0.0000
-278.6633 0.0000
-277.6719 0.0000
-276.3021 0.0000
-277.7928 0.0000
-277.0536 0.0000
-277.4377 0.0000
-278.6083 0.0000
-277.8739 0.0000
-277.3251 0.0000
-276.7079 0.0000
-277.4491 0.0000
-277.5515 0.0000
-276.8222 0.0000
-278.0179 0.0000
-278.2960 0.0000
-278.0030 0.0000
-278.7546 0.0000
-279.9214 0.0000
-277.8833 0.0000
-277.7386 0.0000
-278.3217 0.0000
-278.7718 0.0000
-279.2481 0.0000
-279.3774 0.0000
-278.7108 0.0000
-278.3177 0.0000
-279.8948 0.0000
-281.0869 0.0000
-280.6121 0.0000
-280.3130 0.0000
-280.2978 0.0000
-281.2612 0.0000
-280.5190 0.0000
-280.4947 0.0000
-277.5210 0.0000
-279.2818 0.0000
-278.7785 0.0000
-279.6053 0.0000
-278.6859 0.0000
-278.6077 0.0000
-278.8263 0.0000
-278.4546 0.0000
-277.3457 0.0000
-276.6193 0.0000
-276.8957 0.0000
-275.7932 0.0000
-275.6023 0.0000
-277.0862 0.0000
-276.3094 0.0000
-275.6274 0.0000
-275.1679 0.0000
-275.0251 0.0000
-274.2182 0.0000
-274.8169 0.0000
-275.4162 0.0000
-276.1693 0.0000
-276.3207 0.0000
-275.5886 0.0000
-273.1853 0.0000
-272.9201 0.0000
-271.7000 0.0000
-272.5319 0.0000
-272.8176 0.0000
-273.7422 0.0000
-273.6034 0.0000
-271.1948 0.0000
-274.1629 0.0000
-275.4264 0.0000
-276.2347 0.0000
-275.7482 0.0000
-276.2095 0.0000
-277.2226 0.0000
-276.4847 0.0000
-275.4847 0.0000
-274.8731 0.0000
-276.0463 0.0000
-276.9353 0.0000
-274.2943 0.0000
-274.7934 0.0000
-274.4864 0.0000
-275.2792 0.0000
-274.6709 0.0000
-273.3294 0.0000
-274.2266 0.0000
-274.4543 0.0000
-274.3920 0.0000
-274.2457 0.0000
-276.2660 0.0000
-276.9070 0.0000
-275.8806 0.0000
-276.3550 0.0000
-277.0317 0.0000
-277.3614 0.0000
-277.4614 0.0000
-277.4082 0.0000
-278.7904 0.0000
-277.6744 0.0000
-280.1937 0.0000
-280.9928 0.0000
-280.7285 0.0000
-277.7606 0.0000
-282.0988 0.0000
-280.8716 0.0000
-281.9441 0.0000
-280.9846 0.0000
-280.7716 0.0000
-280.6992 0.0000
-278.9106 0.0000
-280.3642 0.0000
-278.1160 0.0000
-278.7002 0.0000
-277.2180 0.0000
-278.7717 0.0000
-278.5266 0.0000
-279.1182 0.0000
-278.0024 0.0000
-277.9507 0.0000
-280.4656 0.0000
-281.4073 0.0000
-282.1297 0.0000
-282.0541 0.0000
-283.5945 0.0000
-285.1612 0.0000
-286.1748 0.0000
-285.5444 0.0000
-282.9558 0.0000
-281.9652 0.0000
-283.8858 0.0000
-282.0181 0.0000
-283.4108 0.0000
-283.5873 0.0000
-283.7946 0.0000
-282.9515 0.0000
-284.0385 0.0000
-284.6821 0.0000
-285.2373 0.0000
-285.9765 0.0000
-286.9052 0.0000
-286.9002 0.0000
-287.7410 0.0000
-290.6185 0.0000
-286.8671 0.0000
-286.0949 0.0000
-284.9562 0.0000
-286.8582 0.0000
-283.9148 0.0000
-285.7112 0.0000
-286.3272 0.0000
-284.5443 0.0000
-283.1726 0.0000
-281.1833 0.0000
-280.3410 0.0000
-279.3936 0.0000
-280.9556 0.0000
-278.7530 0.0000
-277.9868 0.0000
-278.2358 0.0000
-279.9694 0.0000
-277.8451 0.0000
-276.9223 0.0000
-276.8540 0.0000
-278.0154 0.0000
-275.9801 0.0000
-276.9167 0.0000
-276.5467 0.0000
-277.3926 0.0000
-276.9486 0.0000
-277.4004 0.0000
-277.5751 0.0000
-279.2887 0.0000
-279.1744 0.0000
-278.9324 0.0000
-279.5098 0.0000
-278.7439 0.0000
-278.3781 0.0000
-279.4874 0.0000
-279.2895 0.0000
-281.7993 0.0000
-279.6145 0.0000
-280.4929 0.0000
-280.6185 0.0000
-282.0044 0.0000
-280.9992 0.0000
-280.1442 0.0000
-280.4991 0.0000
-279.8559 0.0000
-279.7891 0.0000
-280.5347 0.0000
-279.9619 0.0000
-278.9870 0.0000
-278.7521 0.0000
-278.2602 0.0000
-278.8554 0.0000
-279.4834 0.0000
-278.7748 0.0000
-279.1692 0.0000
-279.5419 0.0000
-278.1403 0.0000
-276.8806 0.0000
-276.0382 0.0000
-277.1101 0.0000
-278.0394 0.0000
-277.1639 0.0000
-277.5734 0.0000
-277.3164 0.0000
-278.3810 0.0000
-277.7030 0.0000
-278.6511 0.0000
-277.5390 0.0000
-279.5055 0.0000
-279.4130 0.0000
-278.9055 0.0000
-278.5980 0.0000
-279.7723 0.0000
-279.5597 0.0000
-279.5342 0.0000
-278.2469 0.0000
-277.9813 0.0000
-278.3876 0.0000
-278.0224 0.0000
-278.2313 0.0000
-277.3357 0.0000
-277.6912 0.0000
-278.2667 0.0000
-277.5701 0.0000
-278.7428 0.0000
-278.9059 0.0000
-277.9316 0.0000
-278.6260 0.0000
-278.5129 0.0000
-276.6811 0.0000
-277.0071 0.0000
-277.5453 0.0000
-277.9676 0.0000
-278.5019 0.0000
-277.5852 0.0000
-278.1048 0.0000
-277.2283 0.0000
-276.9299 0.0000
-277.2748 0.0000
-276.8927 0.0000
-276.4426 0.0000
-276.1642 0.0000
-275.8088 0.0000
-276.0122 0.0000
-276.1663 0.0000
-276.1331 0.0000
-274.9673 0.0000
-275.1079 0.0000
-274.7773 0.0000
-274.4414 0.0000
-275.6483 0.0000
-274.4507 0.0000
-274.4434 0.0000
-275.3535 0.0000
-275.8442 0.0000
-275.0279 0.0000
-276.7847 0.0000
-277.8659 0.0000
-278.0412 0.0000
-277.9322 0.0000
-279.0424 0.0000
-278.5353 0.0000
-277.3784 0.0000
-278.2120 0.0000
-276.3279 0.0000
-278.3258 0.0000
-278.3501 0.0000
-278.0775 0.0000
-278.6905 0.0000
-279.6858 0.0000
-277.2445 0.0000
-278.4089 0.0000
-278.7468 0.0000
-278.1328 0.0000
-277.8937 0.0000
-279.5887 0.0000
-281.3543 0.0000
-278.8922 0.0000
-279.8803 0.0000
-279.3146 0.0000
-278.5218 0.0000
-276.9767 0.0000
-278.9089 0.0000
-278.9531 0.0000
-279.2556 0.0000
-279.4732 0.0000
-279.9924 0.0000
-279.4134 0.0000
-279.5599 0.0000
-280.5150 0.0000
-280.5955 0.0000
-281.0449 0.0000
-280.5623 0.0000
-279.8747 0.0000
-281.1598 0.0000
-281.1679 0.0000
-279.9111 0.0000
-279.8437 0.0000
-280.4222 0.0000
-280.1513 0.0000
-279.8971 0.0000
-281.5496 0.0000
-282.6579 0.0000
-282.4761 0.0000
-282.7796 0.0000
-282.8829 0.0000
-283.5105 0.0000
-283.6858 0.0000
-282.4243 0.0000
-282.6452 0.0000
-282.2570 0.0000
-282.7043 0.0000
-282.8390 0.0000
-282.1181 0.0000
-281.9985 0.0000
-282.3795 0.0000
-281.2994 0.0000
-281.5866 0.0000
-283.4754 0.0000
-283.7328 0.0000
-284.3201 0.0000
-284.8830 0.0000
-284.5044 0.0000
-284.8154 0.0000
-284.3231 0.0000
-284.2196 0.0000
-283.0793 0.0000
-281.9577 0.0000
-283.0178 0.0000
-282.9531 0.0000
-282.9281 0.0000
-282.2249 0.0000
-281.7509 0.0000
-281.1816 0.0000
-281.2020 0.0000
-280.3564 0.0000
-281.2556 0.0000
-281.0292 0.0000
-280.1634 0.0000
-280.7440 0.0000
-281.4291 0.0000
-282.2483 0.0000
-281.7661 0.0000
-283.3988 0.0000
-284.3213 0.0000
-284.3093 0.0000
-282.5586 0.0000
-281.6286 0.0000
-280.5084 0.0000
-279.3521 0.0000
-279.7144 0.0000
-280.0474 0.0000
-279.7253 0.0000
-279.7177 0.0000
-282.0780 0.0000
-279.3288 0.0000
-277.7231 0.0000
-277.8155 0.0000
-277.7386 0.0000
-278.7805 0.0000
-277.6166 0.0000
-278.6049 0.0000
-278.9675 0.0000
-277.5063 0.0000
-277.1197 0.0000
-277.3113 0.0000
-276.8313 0.0000
-277.3968 0.0000
-277.4979 0.0000
-277.7139 0.0000
-276.2906 0.0000
-277.3338 0.0000
-277.4373 0.0000
-278.1841 0.0000
-277.8248 0.0000
-277.1993 0.0000
-276.2885 0.0000
-276.9024 0.0000
-277.4569 0.0000
-277.8353 0.0000
-277.6833 0.0000
-277.3054 0.0000
-277.7958 0.0000
-278.5982 0.0000
-279.6265 0.0000
-280.1490 0.0000
-279.3736 0.0000
-279.2327 0.0000
-279.7547 0.0000
-281.2446 0.0000
-281.4844 0.0000
-281.4637 0.0000
-281.8875 0.0000
-282.1153 0.0000
-282.7016 0.0000
-283.6630 0.0000
-282.4749 0.0000
-283.4674 0.0000
-283.1446 0.0000
-282.9835 0.0000
-283.9143 0.0000
-283.1028 0.0000
-283.6459 0.0000
-283.3691 0.0000
-283.9844 0.0000
-283.3181 0.0000
-284.7752 0.0000
-283.2832 0.0000
-282.9769 0.0000
-284.2796 0.0000
-285.0896 0.0000
-285.2008 0.0000
-284.3715 0.0000
-283.4685 0.0000
-283.2947 0.0000
-284.1738 0.0000
-284.9131 0.0000
-285.5169 0.0000
-284.7390 0.0000
-284.9429 0.0000
-284.9934 0.0000
-285.7886 0.0000
-286.0170 0.0000
-285.1927 0.0000
-285.2449 0.0000
-284.7618 0.0000
-285.6737 0.0000
-285.3230 0.0000
-286.2802 0.0000
-286.7457 0.0000
-287.1644 0.0000
-286.8341 0.0000
-285.9013 0.0000
-286.8520 0.0000
-286.1241 0.0000
-286.4393 0.0000
-286.7133 0.0000
-288.2011 0.0000
-287.6559 0.0000
-289.0068 0.0000
-288.1977 0.0000
-289.0242 0.0000
-288.7928 0.0000
-287.8645 0.0000
-290.5176 0.0000
-288.1081 0.0000
-286.0934 0.0000
-288.0522 0.0000
-289.4930 0.0000
-290.0768 0.0000
-288.2705 0.0000
-288.3120 0.0000
-288.4199 0.0000
-288.6648 0.0000
-288.1086 0.0000
-287.7724 0.0000
-287.5835 0.0000
-287.9088 0.0000
-287.0273 0.0000
-286.7001 0.0000
-286.3482 0.0000
-286.5785 0.0000
-285.5332 0.0000
-285.3877 0.0000
-285.2602 0.0000
-285.9349 0.0000
-286.9633 0.0000
-287.4954 0.0000
-288.1708 0.0000
-287.6347 0.0000
-287.2049 0.0000
-287.3217 0.0000
-287.5725 0.0000
-288.2384 0.0000
-286.5643 0.0000
-287.6071 0.0000
-286.3758 0.0000
-286.4931 0.0000
-286.1181 0.0000
-287.8586 0.0000
-288.6468 0.0000
-289.4698 0.0000
-289.5390 0.0000
-291.2052 0.0000
-293.4898 0.0000
-291.0943 0.0000
-291.0374 0.0000
-291.4473 0.0000
-293.1541 0.0000
-291.9687 0.0000
-293.2251 0.0000
-292.4781 0.0000
-293.2235 0.0000
-293.5731 0.0000
-293.5767 0.0000
-296.0520 0.0000
-294.5384 0.0000
-294.1399 0.0000
-293.4129 0.0000
-295.6634 0.0000
-293.8588 0.0000
-295.3313 0.0000
-293.4347 0.0000
-293.2371 0.0000
-291.1421 0.0000
-290.4768 0.0000
-290.7495 0.0000
-289.9721 0.0000
-291.0369 0.0000
-289.9304 0.0000
-288.9685 0.0000
-287.6290 0.0000
-289.4665 0.0000
-288.8632 0.0000
-288.7583 0.0000
-288.4380 0.0000
-287.9186 0.0000
-287.4502 0.0000
-288.6814 0.0000
-289.4743 0.0000
-287.9327 0.0000
-288.2421 0.0000
-288.6244 0.0000
-288.4774 0.0000
-287.9875 0.0000
-287.4129 0.0000
-288.4153 0.0000
-287.9007 0.0000
-289.1997 0.0000
-289.4825 0.0000
-290.7144 0.0000
-288.7839 0.0000
-290.5864 0.0000
-290.2012 0.0000
-289.9956 0.0000
-290.2717 0.0000
-289.8924 0.0000
-291.2957 0.0000
-292.1765 0.0000
-292.5548 0.0000
-292.9798 0.0000
-292.8480 0.0000
-293.4223 0.0000
-292.0514 0.0000
-291.9136 0.0000
-292.6267 0.0000
-292.2974 0.0000
-291.6745 0.0000
-292.0757 0.0000
-292.7574 0.0000
-292.7444 0.0000
-292.4392 0.0000
-292.5441 0.0000
-293.6441 0.0000
-290.6357 0.0000
-292.4583 0.0000
-290.6135 0.0000
-290.6620 0.0000
-292.6019 0.0000
-291.7552 0.0000
-291.0040 0.0000
-292.2708 0.0000
-293.3177 0.0000
-293.0669 0.0000
-293.3745 0.0000
-293.5799 0.0000
-292.6700 0.0000
-292.6647 0.0000
-293.9770 0.0000
-292.7925 0.0000
-292.7792 0.0000
-292.3781 0.0000
-292.5188 0.0000
-291.8916 0.0000
-290.8784 0.0000
-290.4554 0.0000
-290.7254 0.0000
-290.7911 0.0000
-290.4761 0.0000
-289.8603 0.0000
-289.8808 0.0000
-290.5899 0.0000
-290.3609 0.0000
-289.7006 0.0000
-289.1521 0.0000
-287.6892 0.0000
-291.4013 0.0000
-290.9285 0.0000
-289.9342 0.0000
-290.1547 0.0000
-289.7902 0.0000
-290.2183 0.0000
-290.7140 0.0000
-289.3514 0.0000
-287.8596 0.0000
-287.0984 0.0000
-285.0053 0.0000
-284.4400 0.0000
-285.2729 0.0000
-283.9961 0.0000
-284.3781 0.0000
-285.3202 0.0000
-283.1300 0.0000
-284.6170 0.0000
-284.4088 0.0000
-282.8555 0.0000
-285.5081 0.0000
-286.1795 0.0000
-285.3484 0.0000
-285.4534 0.0000
-286.8569 0.0000
-283.6918 0.0000
-286.4667 0.0000
-285.7323 0.0000
-284.2808 0.0000
-284.1592 0.0000
-284.9367 0.0000
-284.5323 0.0000
-286.1201 0.0000
-285.5956 0.0000
-286.6793 0.0000
-286.4767 0.0000
-285.2799 0.0000
-285.0732 0.0000
-284.8034 0.0000
-284.4241 0.0000
-283.5916 0.0000
-283.4047 0.0000
-284.2471 0.0000
-284.6446 0.0000
-283.7900 0.0000
-284.1748 0.0000
-283.5038 0.0000
-283.5820 0.0000
-285.4638 0.0000
-281.8229 0.0000
-281.7662 0.0000
-281.4665 0.0000
-281.2255 0.0000
-281.6343 0.0000
-280.2839 0.0000
-282.2041 0.0000
-281.9960 0.0000
-282.1289 0.0000
-281.4765 0.0000
-281.8858 0.0000
-282.6792 0.0000
-282.6380 0.0000
-282.0463 0.0000
-281.6243 0.0000
-280.8980 0.0000
-281.7197 0.0000
-280.5712 0.0000
-283.6355 0.0000
-282.4210 0.0000
-282.7180 0.0000
-282.4086 0.0000
-283.5211 0.0000
-282.7250 0.0000
-283.2499 0.0000
-282.7116 0.0000
-283.2487 0.0000
-283.5187 0.0000
-284.2862 0.0000
-282.0081 0.0000
-280.9030 0.0000
-282.1749 0.0000
-281.9473 0.0000
-281.9619 0.0000
-281.9190 0.0000
-280.8716 0.0000
-281.7829 0.0000
-280.5843 0.0000
-280.8889 0.0000
-282.3366 0.0000
-280.9249 0.0000
-281.3285 0.0000
-281.3021 0.0000
-281.0710 0.0000
-281.4383 0.0000
-280.8634 0.0000
-280.8627 0.0000
-281.4823 0.0000
-280.5471 0.0000
-281.0383 0.0000
-280.7716 0.0000
-280.2680 0.0000
-281.9706 0.0000
-280.8542 0.0000
-281.2625 0.0000
-279.9348 0.0000
-280.8703 0.0000
-279.5453 0.0000
-281.4960 0.0000
-281.3319 0.0000
-281.7003 0.0000
-281.4876 0.0000
-282.4273 0.0000
-282.2219 0.0000
-281.1405 0.0000
-281.1845 0.0000
-280.7049 0.0000
-279.8791 0.0000
-278.0525 0.0000
-279.2215 0.0000
-280.2332 0.0000
-278.8040 0.0000
-280.8758 0.0000
-280.9544 0.0000
-279.9924 0.0000
-279.9922 0.0000
-279.9296 0.0000
-278.4823 0.0000
-279.4117 0.0000
-278.6829 0.0000
-278.8072 0.0000
-279.2238 0.0000
-279.1695 0.0000
-279.6418 0.0000
-279.6921 0.0000
-280.8610 0.0000
-279.6063 0.0000
-280.6287 0.0000
-278.8695 0.0000
-279.9305 0.0000
-279.2214 0.0000
-278.6996 0.0000
-279.9798 0.0000
-278.1789 0.0000
-278.7912 0.0000
-278.4890 0.0000
-279.4327 0.0000
-278.5740 0.0000
-278.8529 0.0000
-278.5890 0.0000
-278.0102 0.0000
-276.7920 0.0000
-277.6290 0.0000
-277.4183 0.0000
-278.8635 0.0000
-276.7260 0.0000
-276.4658 0.0000
-275.8478 0.0000
-275.5010 0.0000
-275.7375 0.0000
-275.9091 0.0000
-275.5534 0.0000
-274.7288 0.0000
-276.0939 0.0000
-275.8873 0.0000
-275.1390 0.0000
-275.4688 0.0000
-275.7962 0.0000
-275.6425 0.0000
-276.0686 0.0000
-275.9956 0.0000
-276.1936 0.0000
-277.0244 0.0000
-277.4627 0.0000
-275.7060 0.0000
-275.1723 0.0000
-274.8890 0.0000
-275.0204 0.0000
-273.8946 0.0000
-274.7695 0.0000
-274.1973 0.0000
-272.9857 0.0000
-273.9563 0.0000
-274.0444 0.0000
-273.4179 0.0000
-273.6300 0.0000
-273.7125 0.0000
-273.4515 0.0000
-273.5720 0.0000
-273.0640 0.0000
-272.4905 0.0000
-271.7063 0.0000
-271.2483 0.0000
-272.8845 0.0000
-272.8056 0.0000
-271.9190 0.0000
-271.6582 0.0000
-271.2645 0.0000
-271.9596 0.0000
-270.7286 0.0000
-271.3315 0.0000
-272.6647 0.0000
-271.3407 0.0000
-273.3353 0.0000
-271.3325 0.0000
-270.4489 0.0000
-270.8493 0.0000
-271.4179 0.0000
-272.7930 0.0000
-272.9233 0.0000
-272.8473 0.0000
-272.5783 0.0000
-271.8453 0.0000
-271.9594 0.0000
-272.2035 0.0000
-272.5331 0.0000
-271.3103 0.0000
-269.6020 0.0000
-269.5749 0.0000
-269.6920 0.0000
-269.6811 0.0000
-269.5106 0.0000
-269.5722 0.0000
-268.8660 0.0000
-268.4762 0.0000
-268.0096 0.0000
-267.4271 0.0000
-268.6487 0.0000
-269.1642 0.0000
-267.9914 0.0000
-268.1664 0.0000
-267.4074 0.0000
-268.1058 0.0000
-267.4104 0.0000
-267.4945 0.0000
-267.6326 0.0000
-267.4972 0.0000
-267.7009 0.0000
-267.8513 0.0000
-267.8721 0.0000
-268.1179 0.0000
-269.7878 0.0000
-268.5454 0.0000
-268.3314 0.0000
-267.3087 0.0000
-268.1192 0.0000
-268.7988 0.0000
-268.4526 0.0000
-267.1890 0.0000
-268.8541 0.0000
-266.6492 0.0000
-265.7772 0.0000
-267.7800 0.0000
-267.2313 0.0000
-266.7476 0.0000
-266.1946 0.0000
-266.3858 0.0000
-266.7273 0.0000
-266.3862 0.0000
-267.5920 0.0000
-266.5880 0.0000
-268.2899 0.0000
-266.5321 0.0000
-265.9476 0.0000
-266.7345 0.0000
-267.2060 0.0000
-267.0711 0.0000
-267.3765 0.0000
-267.6552 0.0000
-266.8136 0.0000
-267.1245 0.0000
-268.1137 0.0000
-268.3646 0.0000
-269.8124 0.0000
-268.9498 0.0000
-268.8896 0.0000
-269.1360 0.0000
-268.0016 0.0000
-266.7764 0.0000
-268.9417 0.0000
-270.4527 0.0000
-271.2653 0.0000
-271.1996 0.0000
-269.9282 0.0000
-269.4527 0.0000
-268.9558 0.0000
-269.2087 0.0000
-269.1313 0.0000
-269.5290 0.0000
-268.7877 0.0000
-268.6129 0.0000
-269.8975 0.0000
-268.9620 0.0000
-269.7569 0.0000
-269.5519 0.0000
-270.1115 0.0000
-270.9063 0.0000
-270.6169 0.0000
-271.5816 0.0000
-272.1058 0.0000
-272.8514 0.0000
-272.5526 0.0000
-271.6538 0.0000
-271.6374 0.0000
-270.6570 0.0000
-270.0289 0.0000
-269.4354 0.0000
-268.8080 0.0000
-269.3921 0.0000
-269.9433 0.0000
-268.3518 0.0000
-268.9944 0.0000
-267.8742 0.0000
-268.7862 0.0000
-268.1468 0.0000
-267.6448 0.0000
-266.8575 0.0000
-269.4301 0.0000
-267.7459 0.0000
-267.6972 0.0000
-269.8672 0.0000
-269.1019 0.0000
-270.2165 0.0000
-270.8370 0.0000
-270.5945 0.0000
-272.6883 0.0000
-272.4760 0.0000
-271.8106 0.0000
-271.0335 0.0000
-269.8819 0.0000
-268.6324 0.0000
-268.8816 0.0000
-268.4778 0.0000
-268.4745 0.0000
-267.7054 0.0000
-267.1318 0.0000
-269.3673 0.0000
-268.7136 0.0000
-268.1373 0.0000
-268.1131 0.0000
-267.0301 0.0000
-267.8071 0.0000
-267.5186 0.0000
-268.5016 0.0000
-267.0222 0.0000
-268.4190 0.0000
-270.5680 0.0000
-268.8268 0.0000
-268.5805 0.0000
-267.9108 0.0000
-268.1960 0.0000
-268.6464 0.0000
-268.6094 0.0000
-268.1691 0.0000
-267.6857 0.0000
-268.0678 0.0000
-268.2574 0.0000
-267.1732 0.0000
-267.9514 0.0000
-267.8333 0.0000
-266.2204 0.0000
-267.3069 0.0000
-266.7754 0.0000
-266.3589 0.0000
-267.9785 0.0000
-267.1290 0.0000
-269.2766 0.0000
-270.2279 0.0000
-270.8217 0.0000
-270.6321 0.0000
-272.8717 0.0000
-273.2987 0.0000
-271.9691 0.0000
-273.3184 0.0000
-273.1443 0.0000
-271.9124 0.0000
-271.6061 0.0000
-273.0660 0.0000
-271.2528 0.0000
-270.6317 0.0000
-271.6736 0.0000
-270.9904 0.0000
-272.3854 0.0000
-273.6937 0.0000
-272.0747 0.0000
-271.9519 0.0000
-270.2438 0.0000
-268.7217 0.0000
-268.1225 0.0000
-268.3185 0.0000
-269.1534 0.0000
-269.1472 0.0000
-269.2813 0.0000
-266.5539 0.0000
-265.9672 0.0000
-265.3163 0.0000
-265.4651 0.0000
-264.3608 0.0000
-262.2522 0.0000
-261.7934 0.0000
-261.1355 0.0000
-261.4398 0.0000
-262.5706 0.0000
-261.4909 0.0000
-261.3213 0.0000
-261.3274 0.0000
-260.4848 0.0000
-261.5561 0.0000
-263.0364 0.0000
-262.0566 0.0000
-261.6820 0.0000
-262.5975 0.0000
-260.6510 0.0000
-259.2433 0.0000
-259.5665 0.0000
-258.1045 0.0000
-258.9514 0.0000
-259.1841 0.0000
-258.4624 0.0000
-259.8692 0.0000
-256.7722 0.0000
-257.4909 0.0000
-256.1734 0.0000
-259.2322 0.0000
-260.0875 0.0000
-258.7842 0.0000
-259.6065 0.0000
-260.0468 0.0000
-257.8026 0.0000
-258.3572 0.0000
-256.5298 0.0000
-257.9132 0.0000
-257.5784 0.0000
-256.3911 0.0000
-256.9886 0.0000
-258.0592 0.0000
-255.7393 0.0000
-254.4225 0.0000
-256.7837 0.0000
-257.7107 0.0000
-257.3197 0.0000
-256.4928 0.0000
-257.6277 0.0000
-257.3962 0.0000
-258.2361 0.0000
-259.1664 0.0000
-259.5976 0.0000
-259.4409 0.0000
-258.0816 0.0000
-257.5734 0.0000
-256.9120 0.0000
-257.9107 0.0000
-257.4604 0.0000
-257.3851 0.0000
-258.8773 0.0000
-258.0819 0.0000
-256.7042 0.0000
-256.9276 0.0000
-256.4600 0.0000
-257.4914 0.0000
-257.2833 0.0000
-258.2525 0.0000
-257.8573 0.0000
-257.6836 0.0000
-258.0403 0.0000
-257.9264 0.0000
-256.6119 0.0000
-256.7513 0.0000
-258.2161 0.0000
-255.8105 0.0000
-257.0671 0.0000
-256.3169 0.0000
-256.6750 0.0000
-255.1690 0.0000
-254.3970 0.0000
-255.1143 0.0000
-253.6620 0.0000
-251.7340 0.0000
-251.2262 0.0000
-251.1266 0.0000
-250.3305 0.0000
-251.9667 0.0000
-252.5589 0.0000
-252.2351 0.0000
-253.2540 0.0000
-253.2914 0.0000
-251.3480 0.0000
-251.3772 0.0000
-250.6277 0.0000
-250.1243 0.0000
-251.1721 0.0000
-250.0676 0.0000
-249.2565 0.0000
-248.8168 0.0000
-249.5309 0.0000
-249.8948 0.0000
-250.1452 0.0000
-249.8211 0.0000
-250.4284 0.0000
-249.8038 0.0000
-249.8912 0.0000
-249.1539 0.0000
-248.0796 0.0000
-250.3500 0.0000
-248.4963 0.0000
-248.3685 0.0000
-248.9693 0.0000
-248.4672 0.0000
-248.9531 0.0000
-249.3630 0.0000
-249.1868 0.0000
-249.3484 0.0000
-249.8129 0.0000
-249.2275 0.0000
-249.8447 0.0000
-248.2844 0.0000
-249.5737 0.0000
-250.1977 0.0000
-249.5085 0.0000
-247.9480 0.0000
-247.9391 0.0000
-248.8804 0.0000
-248.9865 0.0000
-248.2262 0.0000
-248.9377 0.0000
-248.3945 0.0000
-247.9949 0.0000
-247.9045 0.0000
-247.6882 0.0000
-249.0542 0.0000
-249.7603 0.0000
-248.8457 0.0000
-249.0246 0.0000
-249.2340 0.0000
-249.0886 0.0000
-248.2203 0.0000
-248.5162 0.0000
-247.9159 0.0000
-247.3777 0.0000
-246.9109 0.0000
-246.1991 0.0000
-245.1273 0.0000
-246.1706 0.0000
-247.4361 0.0000
-247.8579 0.0000
-247.4576 0.0000
-248.2949 0.0000
-248.1076 0.0000
-248.3962 0.0000
-248.7468 0.0000
-248.7127 0.0000
-249.5293 0.0000
-249.0313 0.0000
-249.7998 0.0000
-250.0365 0.0000
-249.0933 0.0000
-248.8648 0.0000
-249.5208 0.0000
-248.1779 0.0000
-248.0836 0.0000
-247.0283 0.0000
-248.1990 0.0000
-249.2724 0.0000
-248.6295 0.0000
-249.7584 0.0000
-250.8812 0.0000
-251.0145 0.0000
-251.9647 0.0000
-253.3558 0.0000
-250.5991 0.0000
-251.6523 0.0000
-251.1900 0.0000
-249.6933 0.0000
-249.9280 0.0000
-250.1307 0.0000
-251.2675 0.0000
-250.0922 0.0000
-249.4376 0.0000
-250.2697 0.0000
-251.4447 0.0000
-251.0547 0.0000
-251.9185 0.0000
-252.1741 0.0000
-254.4973 0.0000
-254.6609 0.0000
-256.1905 0.0000
-256.1033 0.0000
-255.9125 0.0000
-255.8480 0.0000
-255.0605 0.0000
-254.5294 0.0000
-253.9148 0.0000
-253.3823 0.0000
-254.1014 0.0000
-254.0581 0.0000
-254.8002 0.0000
-253.9490 0.0000
-253.1280 0.0000
-253.4871 0.0000
-253.0915 0.0000
-253.7568 0.0000
-254.4730 0.0000
-254.4390 0.0000
-254.4344 0.0000
-253.4303 0.0000
-253.2979 0.0000
-251.9398 0.0000
-252.5944 0.0000
-252.1952 0.0000
-251.6145 0.0000
-250.6935 0.0000
-251.6959 0.0000
-251.6787 0.0000
-251.1195 0.0000
-249.9325 0.0000
-251.9657 0.0000
-251.4044 0.0000
-250.3707 0.0000
-251.7265 0.0000
-250.1349 0.0000
-249.9385 0.0000
-250.8773 0.0000
-249.6951 0.0000
-250.2546 0.0000
-251.6562 0.0000
-250.7185 0.0000
-252.7115 0.0000
-251.0562 0.0000
-251.4020 0.0000
-251.5514 0.0000
-251.4290 0.0000
-250.8641 0.0000
-252.6574 0.0000
-251.7453 0.0000
-250.0176 0.0000
-248.4547 0.0000
-249.6936 0.0000
-247.7871 0.0000
-247.4156 0.0000
-247.2683 0.0000
-247.1749 0.0000
-247.3654 0.0000
-247.7519 0.0000
-247.3059 0.0000
-247.8058 0.0000
-248.5467 0.0000
-248.6911 0.0000
-247.8843 0.0000
-246.6415 0.0000
-245.9972 0.0000
-246.1445 0.0000
-246.7854 0.0000
-246.9518 0.0000
-245.3179 0.0000
-244.4971 0.0000
-244.0325 0.0000
-244.8223 0.0000
-246.2450 0.0000
-246.1472 0.0000
-246.1756 0.0000
-246.5603 0.0000
-247.5826 0.0000
-245.6660 0.0000
-244.4360 0.0000
-242.2996 0.0000
-242.3296 0.0000
-241.7681 0.0000
-241.9295 0.0000
-242.1740 0.0000
-241.5641 0.0000
-241.9395 0.0000
-242.2673 0.0000
-241.2193 0.0000
-243.0768 0.0000
-243.1242 0.0000
-241.0515 0.0000
-242.8908 0.0000
-242.8657 0.0000
-243.6038 0.0000
-241.9048 0.0000
-243.6761 0.0000
-243.9030 0.0000
-245.4079 0.0000
-246.4516 0.0000
-243.2635 0.0000
-245.6719 0.0000
-244.1754 0.0000
-245.0223 0.0000
-244.0440 0.0000
-245.5581 0.0000
-245.0094 0.0000
-243.7948 0.0000
-243.0704 0.0000
-242.8821 0.0000
-243.1327 0.0000
-242.5172 0.0000
-240.4696 0.0000
-244.4011 0.0000
-242.4083 0.0000
-242.1205 0.0000
-243.1416 0.0000
-241.2829 0.0000
-241.1735 0.0000
-242.9535 0.0000
-241.0183 0.0000
-242.9101 0.0000
-242.2884 0.0000
-242.2697 0.0000
-244.5183 0.0000
-243.0790 0.0000
-242.1286 0.0000
-242.4938 0.0000
-242.3093 0.0000
-241.9938 0.0000
-244.1786 0.0000
-243.1870 0.0000
-241.8272 0.0000
-240.9039 0.0000
-239.9354 0.0000
-239.7771 0.0000
-240.4110 0.0000
-240.0275 0.0000
-241.2740 0.0000
-241.1886 0.0000
-241.6424 0.0000
-239.0795 0.0000
-239.3108 0.0000
-240.5623 0.0000
-242.1606 0.0000
-240.9057 0.0000
-240.2770 0.0000
-241.6238 0.0000
-241.3017 0.0000
-239.9137 0.0000
-239.1951 0.0000
-239.3352 0.0000
-240.0091 0.0000
-239.5089 0.0000
-241.4129 0.0000
-239.5801 0.0000
-239.4243 0.0000
-238.5720 0.0000
-241.2852 0.0000
-238.7134 0.0000
-238.0250 0.0000
-239.0978 0.0000
-237.8133 0.0000
-238.2865 0.0000
-237.8677 0.0000
-236.7039 0.0000
-237.9287 0.0000
-236.7484 0.0000
-235.9172 0.0000
-236.3969 0.0000
-236.7495 0.0000
-236.1780 0.0000
-235.7215 0.0000
-235.7394 0.0000
-235.7195 0.0000
-235.6900 0.0000
-235.2658 0.0000
-235.6839 0.0000
-235.8273 0.0000
-235.1626 0.0000
-235.7097 0.0000
-235.8599 0.0000
-235.8676 0.0000
-234.8976 0.0000
-234.4279 0.0000
-235.0180 0.0000
-235.5424 0.0000
-234.1926 0.0000
-234.3608 0.0000
-235.1594 0.0000
-234.3281 0.0000
-235.1958 0.0000
-235.2261 0.0000
-234.3577 0.0000
-236.1364 0.0000
-235.4693 0.0000
-234.0372 0.0000
-236.5950 0.0000
-235.2031 0.0000
-234.2846 0.0000
-236.6462 0.0000
-233.9285 0.0000
-233.5889 0.0000
-234.0205 0.0000
-233.4233 0.0000
-233.8894 0.0000
-234.1325 0.0000
-233.0872 0.0000
-233.5819 0.0000
-233.9526 0.0000
-232.0443 0.0000
-232.9171 0.0000
-232.7834 0.0000
-232.4807 0.0000
-231.7356 0.0000
-231.9309 0.0000
-231.4630 0.0000
-231.0812 0.0000
-231.7131 0.0000
-231.2708 0.0000
-231.5820 0.0000
-230.4072 0.0000
-230.6002 0.0000
-229.9711 0.0000
-230.7685 0.0000
-230.4769 0.0000
-231.8320 0.0000
-231.6903 0.0000
-232.0260 0.0000
-231.8071 0.0000
-233.5751 0.0000
-233.0315 0.0000
-234.0684 0.0000
-233.1965 0.0000
-232.6961 0.0000
-233.5580 0.0000
-233.8778 0.0000
-233.2653 0.0000
-232.3172 0.0000
-233.2659 0.0000
-232.8803 0.0000
-233.1381 0.0000
-233.6871 0.0000
-233.6451 0.0000
-233.2924 0.0000
-233.6004 0.0000
-233.0917 0.0000
-232.7205 0.0000
-234.1538 0.0000
-233.7235 0.0000
-234.4505 0.0000
-232.5723 0.0000
-232.7724 0.0000
-232.4207 0.0000
-231.7648 0.0000
-232.2938 0.0000
-231.9622 0.0000
-232.3167 0.0000
-232.5307 0.0000
-232.5103 0.0000
-233.1582 0.0000
-233.7255 0.0000
-232.8099 0.0000
-232.4437 0.0000
-232.7339 0.0000
-233.5049 0.0000
-233.0326 0.0000
-234.8761 0.0000
-233.4746 0.0000
-233.1343 0.0000
-232.6984 0.0000
-234.1224 0.0000
-231.7663 0.0000
-232.7544 0.0000
-234.5712 0.0000
-231.8580 0.0000
-231.5087 0.0000
-231.6385 0.0000
-232.9650 0.0000
-232.1792 0.0000
-232.1111 0.0000
-231.6131 0.0000
-231.0328 0.0000
-232.1955 0.0000
-231.2728 0.0000
-232.6074 0.0000
-230.4246 0.0000
-231.1825 0.0000
-231.4654 0.0000
-230.3117 0.0000
-229.3272 0.0000
-229.0261 0.0000
-229.3459 0.0000
-229.5975 0.0000
-230.1974 0.0000
-229.9313 0.0000
-229.9547 0.0000
-230.6117 0.0000
-229.9012 0.0000
-229.4659 0.0000
-228.2896 0.0000
-227.3462 0.0000
-228.0471 0.0000
-228.0867 0.0000
-226.9649 0.0000
-226.2242 0.0000
-227.0427 0.0000
-227.2984 0.0000
-227.5577 0.0000
-227.5056 0.0000
-228.2197 0.0000
-228.0802 0.0000
-227.7250 0.0000
-227.4996 0.0000
-228.2488 0.0000
-227.9254 0.0000
-227.5190 0.0000
-227.6672 0.0000
-226.8180 0.0000
-226.3742 0.0000
-227.1658 0.0000
-226.2415 0.0000
-227.2323 0.0000
-226.9710 0.0000
-227.2344 0.0000
-227.8280 0.0000
-227.1982 0.0000
-227.6371 0.0000
-227.6553 0.0000
-227.4462 0.0000
-226.4167 0.0000
-226.2975 0.0000
-226.2518 0.0000
-227.1154 0.0000
-227.1867 0.0000
-227.0325 0.0000
-227.0280 0.0000
-227.2383 0.0000
-226.8325 0.0000
-227.3329 0.0000
-227.0232 0.0000
-226.5849 0.0000
-226.9501 0.0000
-226.4186 0.0000
-226.3074 0.0000
-226.2282 0.0000
-226.6592 0.0000
-226.3340 0.0000
-226.6724 0.0000
-227.1336 0.0000
-226.1309 0.0000
-227.0046 0.0000
-225.9716 0.0000
-225.8662 0.0000
-225.4088 0.0000
-225.9987 0.0000
-225.1316 0.0000
-224.2364 0.0000
-225.2355 0.0000
-224.9001 0.0000
-225.8248 0.0000
-225.0236 0.0000
-225.2275 0.0000
-224.8882 0.0000
-226.3473 0.0000
-224.5708 0.0000
-224.6228 0.0000
-223.9295 0.0000
-223.9990 0.0000
-225.0079 0.0000
-223.1541 0.0000
-223.8941 0.0000
-224.3664 0.0000
-224.0788 0.0000
-223.8722 0.0000
-223.9164 0.0000
-224.1305 0.0000
-223.5098 0.0000
-223.3498 0.0000
-222.2703 0.0000
-221.7578 0.0000
-222.0728 0.0000
-222.5506 0.0000
-222.1127 0.0000
-223.1818 0.0000
-223.3313 0.0000
-223.2803 0.0000
-223.0594 0.0000
-222.5861 0.0000
-222.3621 0.0000
-222.4402 0.0000
-221.9277 0.0000
-222.9008 0.0000
-222.1489 0.0000
-221.8237 0.0000
-222.4512 0.0000
-222.2823 0.0000
-221.3621 0.0000
-221.7895 0.0000
-222.5490 0.0000
-223.0560 0.0000
-222.1764 0.0000
-222.6149 0.0000
-222.9009 0.0000
-221.7279 0.0000
-222.8707 0.0000
-223.2851 0.0000
-222.5205 0.0000
-222.6799 0.0000
-222.8009 0.0000
-223.7839 0.0000
-224.7682 0.0000
-224.1339 0.0000
-224.0985 0.0000
-224.4525 0.0000
-224.0289 0.0000
-223.3055 0.0000
-224.9295 0.0000
-225.6026 0.0000
-225.5456 0.0000
-225.5519 0.0000
-224.1244 0.0000
-225.2003 0.0000
-225.2248 0.0000
-225.5911 0.0000
-225.9705 0.0000
-223.6961 0.0000
-225.0800 0.0000
-225.3114 0.0000
-225.7808 0.0000
-226.6191 0.0000
-225.5585 0.0000
-225.7175 0.0000
-225.4742 0.0000
-226.0827 0.0000
-226.1382 0.0000
-227.2669 0.0000
-225.6422 0.0000
-225.0692 0.0000
-226.2440 0.0000
-225.8443 0.0000
-226.3059 0.0000
-225.2412 0.0000
-225.7331 0.0000
-225.8733 0.0000
-225.8203 0.0000
-226.6715 0.0000
-225.8629 0.0000
-225.4588 0.0000
-225.7944 0.0000
-225.4528 0.0000
-224.8761 0.0000
-224.7510 0.0000
-224.9751 0.0000
-224.6737 0.0000
-225.2753 0.0000
-225.0300 0.0000
-225.3447 0.0000
-225.3651 0.0000
-224.8245 0.0000
-224.1902 0.0000
-225.0778 0.0000
-224.9748 0.0000
-224.3696 0.0000
-224.2125 0.0000
-223.9254 0.0000
-224.3677 0.0000
-224.0286 0.0000
-223.0844 0.0000
-223.3490 0.0000
-223.6245 0.0000
-223.7564 0.0000
-223.7196 0.0000
-222.9961 0.0000
-222.9943 0.0000
-223.2366 0.0000
-223.5444 0.0000
-222.6060 0.0000
-223.6768 0.0000
-222.7445 0.0000
-222.6431 0.0000
-223.3245 0.0000
-223.7739 0.0000
-224.0503 0.0000
-224.3918 0.0000
-223.6180 0.0000
-224.2348 0.0000
-223.7341 0.0000
-223.4369 0.0000
-224.0771 0.0000
-224.6211 0.0000
-223.4551 0.0000
-224.8261 0.0000
-225.0671 0.0000
-224.6116 0.0000
-224.5047 0.0000
-224.0705 0.0000
-223.6151 0.0000
-224.4222 0.0000
-224.4052 0.0000
-224.1498 0.0000
-225.0860 0.0000
-225.3773 0.0000
-225.8587 0.0000
-224.7022 0.0000
-224.9658 0.0000
-225.3806 0.0000
-224.6629 0.0000
-225.7159 0.0000
-225.7390 0.0000
-226.3372 0.0000
-226.9393 0.0000
-226.5785 0.0000
-228.7762 0.0000
-227.9069 0.0000
-226.7401 0.0000
-226.1020 0.0000
-225.5092 0.0000
-225.0018 0.0000
-225.8255 0.0000
-226.3335 0.0000
-226.9639 0.0000
-227.0113 0.0000
-227.0860 0.0000
-226.1247 0.0000
-226.0861 0.0000
-225.0189 0.0000
-226.4089 0.0000
-226.5727 0.0000
-226.7984 0.0000
-226.7633 0.0000
-226.8072 0.0000
-226.7728 0.0000
-226.4259 0.0000
-226.0911 0.0000
-227.2726 0.0000
-226.6143 0.0000
-226.7716 0.0000
-226.6892 0.0000
-227.1571 0.0000
-227.3200 0.0000
-227.9045 0.0000
-226.6098 0.0000
-226.9112 0.0000
-224.8824 0.0000
-226.1716 0.0000
-225.8907 0.0000
-225.7926 0.0000
-226.2102 0.0000
-225.5637 0.0000
-226.8161 0.0000
-226.5307 0.0000
-227.1433 0.0000
-226.9573 0.0000
-226.9385 0.0000
-228.3613 0.0000
-227.0561 0.0000
-225.8619 0.0000
-226.4547 0.0000
-226.1271 0.0000
-225.8358 0.0000
-226.2624 0.0000
-226.4185 0.0000
-225.8913 0.0000
-226.2778 0.0000
-227.0977 0.0000
-226.6899 0.0000
-226.3413 0.0000
-227.0667 0.0000
-226.7904 0.0000
-226.2317 0.0000
-227.4203 0.0000
-226.6921 0.0000
-226.4570 0.0000
-225.6241 0.0000
-225.2138 0.0000
-226.1034 0.0000
-226.1377 0.0000
-228.2509 0.0000
-227.4219 0.0000
-229.9775 0.0000
-229.3683 0.0000
-229.2618 0.0000
-229.7694 0.0000
-229.2935 0.0000
-230.6803 0.0000
-229.7676 0.0000
-229.2472 0.0000
-228.8581 0.0000
-229.7441 0.0000
-229.9190 0.0000
-229.3805 0.0000
-229.5811 0.0000
-229.5427 0.0000
-229.6215 0.0000
-228.8557 0.0000
-228.4687 0.0000
-229.2405 0.0000
-229.4274 0.0000
-229.1215 0.0000
-230.5871 0.0000
-230.7016 0.0000
-231.0089 0.0000
-231.6995 0.0000
-231.9665 0.0000
-232.3058 0.0000
-230.8399 0.0000
-230.0382 0.0000
-230.8863 0.0000
-229.8115 0.0000
-229.6691 0.0000
-229.7118 0.0000
-229.9672 0.0000
-230.1101 0.0000
-230.0004 0.0000
-229.1986 0.0000
-229.7801 0.0000
-229.8899 0.0000
-231.7688 0.0000
-227.7918 0.0000
-230.7001 0.0000
-228.3674 0.0000
-228.6768 0.0000
-227.7479 0.0000
-226.7347 0.0000
-226.7832 0.0000
-226.7760 0.0000
-226.7913 0.0000
-226.3774 0.0000
-225.7117 0.0000
-225.7187 0.0000
-224.3485 0.0000
-223.8830 0.0000
-224.0790 0.0000
-223.2394 0.0000
-223.8948 0.0000
-222.5378 0.0000
-222.2177 0.0000
-221.5986 0.0000
-222.4440 0.0000
-221.3821 0.0000
-222.3920 0.0000
-221.8264 0.0000
-221.4653 0.0000
-221.5531 0.0000
-221.8320 0.0000
-222.3501 0.0000
-222.4625 0.0000
-222.4129 0.0000
-221.5359 0.0000
-223.5762 0.0000
-223.2764 0.0000
-222.1519 0.0000
-222.1755 0.0000
-222.1216 0.0000
-220.9771 0.0000
-221.1530 0.0000
-222.4955 0.0000
-223.4963 0.0000
-222.8809 0.0000
-222.4921 0.0000
-221.6978 0.0000
-221.6534 0.0000
-221.3731 0.0000
-222.1339 0.0000
-222.3373 0.0000
-222.5036 0.0000
-222.9691 0.0000
-222.5936 0.0000
-223.7464 0.0000
-224.3005 0.0000
-223.9247 0.0000
-222.7843 0.0000
-223.1717 0.0000
-225.0170 0.0000
-223.1026 0.0000
-224.3807 0.0000
-225.1152 0.0000
-225.4200 0.0000
-225.4185 0.0000
-226.5869 0.0000
-225.8522 0.0000
-225.8609 0.0000
-225.8569 0.0000
-225.5920 0.0000
-224.4760 0.0000
-225.6514 0.0000
-225.9110 0.0000
-225.4421 0.0000
-225.1145 0.0000
-224.8680 0.0000
-224.0863 0.0000
-224.9085 0.0000
-224.4139 0.0000
-224.1681 0.0000
-225.5982 0.0000
-223.7296 0.0000
-225.1951 0.0000
-224.9690 0.0000
-225.1911 0.0000
-223.8527 0.0000
-224.6549 0.0000
-224.7700 0.0000
-223.7799 0.0000
-223.4801 0.0000
-224.6250 0.0000
-224.8858 0.0000
-224.4000 0.0000
-225.1619 0.0000
-224.4835 0.0000
-225.6650 0.0000
-227.5052 0.0000
-224.2989 0.0000
-226.3003 0.0000
-226.9517 0.0000
-226.8137 0.0000
-225.1023 0.0000
-225.5170 0.0000
-225.0610 0.0000
-225.5130 0.0000
-227.5100 0.0000
-227.1330 0.0000
-226.1822 0.0000
-226.7802 0.0000
-227.2275 0.0000
-228.0999 0.0000
-227.5942 0.0000
-229.6225 0.0000
-227.6607 0.0000
-227.1381 0.0000
-227.4405 0.0000
-227.2428 0.0000
-227.5457 0.0000
-227.8589 0.0000
-227.2363 0.0000
-226.6778 0.0000
-226.7595 0.0000
-228.4722 0.0000
-229.6635 0.0000
-229.6456 0.0000
-230.2136 0.0000
-229.0742 0.0000
-230.3606 0.0000
-230.3168 0.0000
-231.4004 0.0000
-232.9217 0.0000
-230.8954 0.0000
-231.1624 0.0000
-231.0085 0.0000
-230.7838 0.0000
-229.5422 0.0000
-228.5053 0.0000
-227.7840 0.0000
-226.6694 0.0000
-228.4304 0.0000
-228.2252 0.0000
-229.0374 0.0000
-228.6887 0.0000
-230.7106 0.0000
-230.9142 0.0000
-230.9780 0.0000
-228.9317 0.0000
-228.0893 0.0000
-227.9646 0.0000
-228.0202 0.0000
-228.5458 0.0000
-228.0339 0.0000
-229.4931 0.0000
-230.0737 0.0000
-230.0889 0.0000
-229.4021 0.0000
-228.3202 0.0000
-229.4945 0.0000
-229.2670 0.0000
-228.2206 0.0000
-229.2092 0.0000
-231.2763 0.0000
-229.1343 0.0000
-230.5190 0.0000
-230.0269 0.0000
-230.6012 0.0000
-230.0762 0.0000
-230.0258 0.0000
-230.5715 0.0000
-231.2144 0.0000
-232.1201 0.0000
-231.9400 0.0000
-233.1365 0.0000
-232.7931 0.0000
-234.8051 0.0000
-233.2384 0.0000
-233.4384 0.0000
-233.1777 0.0000
-231.4871 0.0000
-232.1120 0.0000
-232.3024 0.0000
-233.2469 0.0000
-233.7733 0.0000
-234.8255 0.0000
-234.2134 0.0000
-233.3336 0.0000
-235.6240 0.0000
-234.4521 0.0000
-236.5018 0.0000
-235.5765 0.0000
-237.0071 0.0000
-234.5629 0.0000
-233.9562 0.0000
-234.0566 0.0000
-233.0737 0.0000
-233.0416 0.0000
-234.5180 0.0000
-233.3532 0.0000
-233.6561 0.0000
-234.2588 0.0000
-234.4414 0.0000
-232.4708 0.0000
-233.4043 0.0000
-234.7855 0.0000
-232.5088 0.0000
-234.2603 0.0000
-232.2266 0.0000
-231.9405 0.0000
-230.8814 0.0000
-230.1074 0.0000
-229.0918 0.0000
-229.8683 0.0000
-229.8489 0.0000
-229.4483 0.0000
-232.4799 0.0000
-229.8411 0.0000
-230.0344 0.0000
-229.7774 0.0000
-228.9610 0.0000
-229.7503 0.0000
-229.7556 0.0000
-228.4025 0.0000
-228.0530 0.0000
-228.4897 0.0000
-226.9402 0.0000
-230.8406 0.0000
-228.6896 0.0000
-225.9569 0.0000
-227.9443 0.0000
-229.3333 0.0000
-227.5811 0.0000
-227.7533 0.0000
-226.9836 0.0000
-228.1861 0.0000
-228.6457 0.0000
-230.0341 0.0000
-228.9938 0.0000
-230.1059 0.0000
-229.3993 0.0000
-228.7688 0.0000
-228.2188 0.0000
-227.3704 0.0000
-227.7492 0.0000
-227.7448 0.0000
-228.0188 0.0000
-227.0408 0.0000
-226.3051 0.0000
-225.0303 0.0000
-225.2581 0.0000
-225.8162 0.0000
-226.0402 0.0000
-226.2577 0.0000
-225.5321 0.0000
-224.9782 0.0000
-223.7019 0.0000
-223.2148 0.0000
-224.2963 0.0000
-223.4865 0.0000
-223.5773 0.0000
-223.4231 0.0000
-224.8839 0.0000
-224.1652 0.0000
-222.1417 0.0000
-223.3316 0.0000
-223.3994 0.0000
-223.7480 0.0000
-223.4198 0.0000
-222.3764 0.0000
-221.7883 0.0000
-222.9915 0.0000
-222.6212 0.0000
-221.9838 0.0000
-223.0053 0.0000
-222.8739 0.0000
-222.4631 0.0000
-222.2822 0.0000
-221.8601 0.0000
-223.0809 0.0000
-223.9688 0.0000
-223.6683 0.0000
-223.2359 0.0000
-223.9746 0.0000
-223.3448 0.0000
-223.9358 0.0000
-223.5962 0.0000
-223.7754 0.0000
-224.6268 0.0000
-222.7944 0.0000
-224.1502 0.0000
-224.4979 0.0000
-225.1646 0.0000
-224.4824 0.0000
-224.6235 0.0000
-225.0245 0.0000
-223.9416 0.0000
-222.6088 0.0000
-221.8494 0.0000
-221.2978 0.0000
-221.3294 0.0000
-222.3764 0.0000
-221.8101 0.0000
-221.8778 0.0000
-222.4465 0.0000
-223.0036 0.0000
-223.0881 0.0000
-223.0838 0.0000
-223.2150 0.0000
-222.1679 0.0000
-223.5900 0.0000
-224.6265 0.0000
-224.3498 0.0000
-225.8415 0.0000
-226.1862 0.0000
-226.1510 0.0000
-227.9613 0.0000
-228.3257 0.0000
-229.0517 0.0000
-227.6949 0.0000
-229.1792 0.0000
-230.5546 0.0000
-231.1302 0.0000
-230.7102 0.0000
-231.1790 0.0000
-230.4808 0.0000
-232.1843 0.0000
-230.7681 0.0000
-230.3901 0.0000
-231.1806 0.0000
-231.3537 0.0000
-231.7970 0.0000
-231.9298 0.0000
-231.3749 0.0000
-230.7567 0.0000
-230.4886 0.0000
-229.4532 0.0000
-229.3021 0.0000
-229.1000 0.0000
-230.5067 0.0000
-230.5098 0.0000
-232.2639 0.0000
-232.1533 0.0000
-234.5495 0.0000
-231.5985 0.0000
-233.0378 0.0000
-233.3469 0.0000
-234.5428 0.0000
-233.1006 0.0000
-231.8429 0.0000
-232.9879 0.0000
-231.0821 0.0000
-229.5848 0.0000
-228.6147 0.0000
-227.4377 0.0000
-226.4879 0.0000
-225.8170 0.0000
-224.4082 0.0000
-224.9996 0.0000
-226.0963 0.0000
-226.2278 0.0000
-225.8921 0.0000
-226.0847 0.0000
-226.8894 0.0000
-228.5642 0.0000
-227.7241 0.0000
-225.7319 0.0000
-226.9641 0.0000
-226.8305 0.0000
-227.4348 0.0000
-226.4789 0.0000
-228.5814 0.0000
-229.7398 0.0000
-231.1649 0.0000
-230.4354 0.0000
-230.2053 0.0000
-228.7570 0.0000
-229.2312 0.0000
-229.2334 0.0000
-230.5098 0.0000
-229.3844 0.0000
-228.1763 0.0000
-228.0902 0.0000
-226.3094 0.0000
-226.7734 0.0000
-227.2544 0.0000
-226.4370 0.0000
-225.5784 0.0000
-224.9288 0.0000
-223.6150 0.0000
-224.1916 0.0000
-223.6871 0.0000
-222.2019 0.0000
-220.1439 0.0000
-221.3598 0.0000
-221.5144 0.0000
-221.2117 0.0000
-220.3595 0.0000
-220.4961 0.0000
-220.0772 0.0000
-219.9095 0.0000
-219.7660 0.0000
-220.3152 0.0000
-220.1106 0.0000
-221.6763 0.0000
-221.9877 0.0000
-222.9857 0.0000
-220.7084 0.0000
-220.4140 0.0000
-218.9159 0.0000
-217.9351 0.0000
-216.7944 0.0000
-218.2146 0.0000
