-100.0000 -100.0000
-333.5237 0.0000
-333.3839 0.0000
-333.9820 0.0000
-333.7658 0.0000
-333.9781 0.0000
-333.1443 0.0000
-333.8495 0.0000
-333.9338 0.0000
-334.4960 0.0000
-333.5167 0.0000
-333.6308 0.0000
-334.4358 0.0000
-334.1879 0.0000
-334.4310 0.0000
-335.0463 0.0000
-334.5462 0.0000
-334.5337 0.0000
-333.7061 0.0000
-333.3382 0.0000
-333.2958 0.0000
-333.7008 0.0000
-333.9499 0.0000
-333.4483 0.0000
-334.5458 0.0000
-333.3866 0.0000
-333.1120 0.0000
-333.7078 0.0000
-334.7744 0.0000
-333.5964 0.0000
-332.9661 0.0000
-333.3828 0.0000
-332.9789 0.0000
-333.2381 0.0000
-333.5004 0.0000
-333.1630 0.0000
-332.9490 0.0000
-332.6790 0.0000
-334.0888 0.0000
-332.5568 0.0000
-332.8194 0.0000
-333.1891 0.0000
-332.8098 0.0000
-332.2255 0.0000
-333.0041 0.0000
-332.8867 0.0000
-334.1250 0.0000
-334.5138 0.0000
-333.9669 0.0000
-333.7462 0.0000
-333.3603 0.0000
-333.1563 0.0000
-333.1188 0.0000
-333.7023 0.0000
-334.0020 0.0000
-333.3315 0.0000
-332.8898 0.0000
-332.7115 0.0000
-332.5709 0.0000
-332.7999 0.0000
-332.4753 0.0000
-332.4007 0.0000
-332.7838 0.0000
-332.3396 0.0000
-332.6467 0.0000
-333.3442 0.0000
-334.3290 0.0000
-334.9861 0.0000
-334.7319 0.0000
-334.5534 0.0000
-334.7821 0.0000
-334.2408 0.0000
-334.0808 0.0000
-333.5623 0.0000
-333.2824 0.0000
-333.7811 0.0000
-333.8965 0.0000
-333.6007 0.0000
-334.8509 0.0000
-334.0777 0.0000
-333.9399 0.0000
-334.5581 0.0000
-336.1946 0.0000
-333.6713 0.0000
-333.3973 0.0000
-334.2294 0.0000
-334.5255 0.0000
-334.2825 0.0000
-334.5836 0.0000
-334.5106 0.0000
-335.1538 0.0000
-335.1420 0.0000
-334.2512 0.0000
-333.9288 0.0000
-334.0559 0.0000
-333.9612 0.0000
-333.5896 0.0000
-333.4952 0.0000
-332.5840 0.0000
-331.9745 0.0000
-331.9618 0.0000
-332.5012 0.0000
-333.2444 0.0000
-333.9190 0.0000
-334.1337 0.0000
-334.2431 0.0000
-334.5668 0.0000
-334.2151 0.0000
-334.7780 0.0000
-333.4211 0.0000
-334.2108 0.0000
-334.1970 0.0000
-333.9673 0.0000
-332.3534 0.0000
-332.5370 0.0000
-333.1047 0.0000
-333.5565 0.0000
-334.5162 0.0000
-333.9974 0.0000
-333.7877 0.0000
-333.8921 0.0000
-333.2489 0.0000
-333.3292 0.0000
-332.9535 0.0000
-333.2596 0.0000
-333.0113 0.0000
-333.5773 0.0000
-334.5486 0.0000
-333.1587 0.0000
-332.8903 0.0000
-334.3264 0.0000
-333.9968 0.0000
-333.4868 0.0000
-332.9956 0.0000
-333.6365 0.0000
-333.8415 0.0000
-334.1343 0.0000
-334.0822 0.0000
-333.4015 0.0000
-333.3898 0.0000
-333.8499 0.0000
-334.8901 0.0000
-333.5841 0.0000
-335.4570 0.0000
-335.4310 0.0000
-335.7929 0.0000
-335.4277 0.0000
-335.9149 0.0000
-335.2690 0.0000
-335.8730 0.0000
-335.5918 0.0000
-335.9987 0.0000
-336.5139 0.0000
-335.5176 0.0000
-335.5100 0.0000
-335.2256 0.0000
-335.9150 0.0000
-335.1818 0.0000
-334.9620 0.0000
-334.5635 0.0000
-335.8739 0.0000
-336.6236 0.0000
-335.3666 0.0000
-335.8441 0.0000
-336.6248 0.0000
-335.9619 0.0000
-335.8521 0.0000
-335.0213 0.0000
-334.8932 0.0000
-335.2850 0.0000
-335.1264 0.0000
-335.1827 0.0000
-334.8588 0.0000
-335.7103 0.0000
-335.5453 0.0000
-335.7955 0.0000
-336.2446 0.0000
-334.8494 0.0000
-335.9810 0.0000
-335.9959 0.0000
-336.0076 0.0000
-336.1503 0.0000
-336.4343 0.0000
-336.3283 0.0000
-335.0882 0.0000
-335.1612 0.0000
-334.2581 0.0000
-335.4897 0.0000
-334.9143 0.0000
-334.9515 0.0000
-335.6725 0.0000
-335.1315 0.0000
-334.6871 0.0000
-334.9335 0.0000
-334.0526 0.0000
-334.4006 0.0000
-333.8465 0.0000
-334.8073 0.0000
-333.5327 0.0000
-334.3536 0.0000
-334.1034 0.0000
-334.7599 0.0000
-334.3939 0.0000
-336.3848 0.0000
-334.3369 0.0000
-334.8234 0.0000
-335.1629 0.0000
-335.3084 0.0000
-335.4861 0.0000
-333.9499 0.0000
-334.8218 0.0000
-334.6339 0.0000
-335.2199 0.0000
-334.4604 0.0000
-335.4372 0.0000
-334.7871 0.0000
-334.9505 0.0000
-334.0105 0.0000
-334.0202 0.0000
-335.4765 0.0000
-336.1035 0.0000
-337.5450 0.0000
-338.1758 0.0000
-337.4605 0.0000
-337.6574 0.0000
-337.9235 0.0000
-337.2310 0.0000
-338.1832 0.0000
-339.0560 0.0000
-338.7357 0.0000
-339.0756 0.0000
-337.8621 0.0000
-337.8928 0.0000
-337.5277 0.0000
-338.6332 0.0000
-339.2268 0.0000
-338.6267 0.0000
-336.4388 0.0000
-336.9150 0.0000
-337.0053 0.0000
-336.2359 0.0000
-335.7986 0.0000
-333.9031 0.0000
-333.3738 0.0000
-332.8468 0.0000
-333.3418 0.0000
-331.3967 0.0000
-331.3391 0.0000
-332.0065 0.0000
-331.8363 0.0000
-333.5607 0.0000
-333.5778 0.0000
-333.2087 0.0000
-333.8783 0.0000
-334.5209 0.0000
-332.6389 0.0000
-333.3783 0.0000
-332.3233 0.0000
-332.8294 0.0000
-332.7665 0.0000
-332.6087 0.0000
-332.6313 0.0000
-331.4126 0.0000
-331.8687 0.0000
-331.0267 0.0000
-330.5602 0.0000
-329.5763 0.0000
-327.9013 0.0000
-328.8814 0.0000
-328.3188 0.0000
-328.0049 0.0000
-328.2070 0.0000
-328.9289 0.0000
-327.8350 0.0000
-327.8023 0.0000
-328.2309 0.0000
-328.3305 0.0000
-327.9779 0.0000
-326.8173 0.0000
-326.5584 0.0000
-326.2498 0.0000
-325.1861 0.0000
-325.3459 0.0000
-325.7561 0.0000
-326.4073 0.0000
-326.6871 0.0000
-327.1308 0.0000
-326.4588 0.0000
-326.8304 0.0000
-327.1576 0.0000
-326.4321 0.0000
-326.2568 0.0000
-326.7544 0.0000
-326.1957 0.0000
-325.8460 0.0000
-326.1049 0.0000
-326.5335 0.0000
-327.3122 0.0000
-327.0053 0.0000
-327.7991 0.0000
-327.3590 0.0000
-327.2848 0.0000
-326.7379 0.0000
-325.8687 0.0000
-327.2580 0.0000
-326.2085 0.0000
-325.8641 0.0000
-326.0268 0.0000
-326.5741 0.0000
-326.9634 0.0000
-325.8060 0.0000
-325.9043 0.0000
-325.9872 0.0000
-326.4356 0.0000
-325.7764 0.0000
-324.3583 0.0000
-324.4708 0.0000
-325.4094 0.0000
-325.1569 0.0000
-324.6073 0.0000
-323.8344 0.0000
-324.2968 0.0000
-324.5917 0.0000
-325.2905 0.0000
-326.1011 0.0000
-325.2650 0.0000
-323.9261 0.0000
-323.2043 0.0000
-323.9937 0.0000
-323.1013 0.0000
-323.3276 0.0000
-321.8984 0.0000
-321.1644 0.0000
-321.8590 0.0000
-321.6952 0.0000
-321.7300 0.0000
-321.4860 0.0000
-321.6278 0.0000
-321.9121 0.0000
-322.6682 0.0000
-321.2469 0.0000
-320.9299 0.0000
-321.3783 0.0000
-321.3295 0.0000
-320.3745 0.0000
-321.4241 0.0000
-321.5687 0.0000
-321.5052 0.0000
-321.9068 0.0000
-321.5124 0.0000
-321.9699 0.0000
-322.0551 0.0000
-321.5976 0.0000
-321.4247 0.0000
-321.8003 0.0000
-321.2536 0.0000
-321.9072 0.0000
-321.4517 0.0000
-321.5415 0.0000
-321.8228 0.0000
-320.7336 0.0000
-320.7677 0.0000
-321.6849 0.0000
-320.5999 0.0000
-321.6591 0.0000
-320.4883 0.0000
-321.3858 0.0000
-321.1703 0.0000
-321.0772 0.0000
-321.2835 0.0000
-321.8206 0.0000
-320.9833 0.0000
-320.3908 0.0000
-321.3731 0.0000
-322.3458 0.0000
-320.6600 0.0000
-320.4750 0.0000
-321.6795 0.0000
-321.0025 0.0000
-322.5103 0.0000
-321.3779 0.0000
-322.0002 0.0000
-320.8953 0.0000
-321.1285 0.0000
-320.9464 0.0000
-320.8021 0.0000
-319.9562 0.0000
-321.6889 0.0000
-321.3522 0.0000
-321.8338 0.0000
-321.7287 0.0000
-321.3266 0.0000
-320.9798 0.0000
-321.2061 0.0000
-321.3979 0.0000
-321.5258 0.0000
-321.5919 0.0000
-321.8692 0.0000
-320.7504 0.0000
-321.7519 0.0000
-322.1207 0.0000
-320.6745 0.0000
-321.0048 0.0000
-321.5443 0.0000
-320.6206 0.0000
-321.8006 0.0000
-320.1766 0.0000
-321.3929 0.0000
-320.9709 0.0000
-320.1355 0.0000
-320.3126 0.0000
-320.7344 0.0000
-321.2444 0.0000
-320.6302 0.0000
-321.9675 0.0000
-321.9613 0.0000
-321.3166 0.0000
-321.7959 0.0000
-320.9030 0.0000
-319.8744 0.0000
-321.0002 0.0000
-319.3708 0.0000
-321.1701 0.0000
-320.4098 0.0000
-321.6568 0.0000
-320.8927 0.0000
-320.9108 0.0000
-319.5960 0.0000
-320.3161 0.0000
-320.1325 0.0000
-320.1009 0.0000
-319.8579 0.0000
-320.8016 0.0000
-320.5003 0.0000
-321.6635 0.0000
-321.4018 0.0000
-319.3551 0.0000
-320.5214 0.0000
-321.5272 0.0000
-321.5491 0.0000
-320.0038 0.0000
-320.9418 0.0000
-320.1291 0.0000
-319.9905 0.0000
-319.9247 0.0000
-320.4275 0.0000
-321.6112 0.0000
-321.1679 0.0000
-321.4239 0.0000
-320.2965 0.0000
-321.4671 0.0000
-320.5837 0.0000
-319.6675 0.0000
-320.9735 0.0000
-321.3249 0.0000
-320.8716 0.0000
-319.4928 0.0000
-320.9283 0.0000
-320.6619 0.0000
-320.7336 0.0000
-321.5396 0.0000
-321.3697 0.0000
-322.2425 0.0000
-320.7649 0.0000
-320.7859 0.0000
-320.6549 0.0000
-320.4541 0.0000
-321.0323 0.0000
-320.2950 0.0000
-319.7945 0.0000
-319.5625 0.0000
-321.7566 0.0000
-321.0008 0.0000
-321.4814 0.0000
-320.7412 0.0000
-320.4094 0.0000
-320.9874 0.0000
-320.9810 0.0000
-319.8857 0.0000
-320.2376 0.0000
-319.8717 0.0000
-320.3021 0.0000
-320.5702 0.0000
-320.0846 0.0000
-320.7279 0.0000
-320.8067 0.0000
-320.0379 0.0000
-321.3455 0.0000
-320.8607 0.0000
-320.3582 0.0000
-320.9953 0.0000
-321.1362 0.0000
-320.8011 0.0000
-320.3039 0.0000
-320.5769 0.0000
-320.1648 0.0000
-320.6917 0.0000
-320.4828 0.0000
-320.2388 0.0000
-321.5511 0.0000
-320.3801 0.0000
-321.8480 0.0000
-320.8436 0.0000
-320.4374 0.0000
-320.1560 0.0000
-320.9125 0.0000
-320.5977 0.0000
-321.5399 0.0000
-321.2379 0.0000
-319.9525 0.0000
-320.8058 0.0000
-320.9053 0.0000
-320.4635 0.0000
-321.8935 0.0000
-320.4714 0.0000
-319.3346 0.0000
-320.3518 0.0000
-320.7675 0.0000
-320.8964 0.0000
-319.5539 0.0000
-321.1936 0.0000
-320.7750 0.0000
-320.4113 0.0000
-320.4745 0.0000
-320.4512 0.0000
-321.0767 0.0000
-320.1043 0.0000
-320.6709 0.0000
-320.5875 0.0000
-320.5232 0.0000
-321.0483 0.0000
-320.5726 0.0000
-320.8036 0.0000
-319.8964 0.0000
-320.9742 0.0000
-320.7111 0.0000
-320.8065 0.0000
-321.3993 0.0000
-319.9897 0.0000
-320.1189 0.0000
-321.8376 0.0000
-321.3811 0.0000
-321.1076 0.0000
-321.7181 0.0000
-321.4437 0.0000
-321.1133 0.0000
-320.5499 0.0000
-321.3347 0.0000
-319.7212 0.0000
-320.7231 0.0000
-322.0105 0.0000
-319.9512 0.0000
-320.5158 0.0000
-320.5248 0.0000
-320.9303 0.0000
-320.5725 0.0000
-320.2964 0.0000
-321.0613 0.0000
-321.1065 0.0000
-319.4915 0.0000
-320.0780 0.0000
-320.8522 0.0000
-320.3097 0.0000
-320.1188 0.0000
-320.7717 0.0000
-320.5794 0.0000
-320.3861 0.0000
-320.2147 0.0000
-322.2344 0.0000
-320.9707 0.0000
-321.8384 0.0000
-320.1267 0.0000
-321.4154 0.0000
-320.9851 0.0000
-321.5775 0.0000
-320.4525 0.0000
-319.3648 0.0000
-320.4918 0.0000
-321.9835 0.0000
-320.3651 0.0000
-320.2255 0.0000
-320.7057 0.0000
-320.3524 0.0000
-320.8949 0.0000
-319.2573 0.0000
-319.7505 0.0000
-321.2499 0.0000
-320.6365 0.0000
-320.7501 0.0000
-320.8234 0.0000
-321.7703 0.0000
-320.5613 0.0000
-320.2464 0.0000
-320.5501 0.0000
-319.5705 0.0000
-319.9634 0.0000
-320.0754 0.0000
-321.5500 0.0000
-321.6341 0.0000
-321.0487 0.0000
-320.5215 0.0000
-320.8705 0.0000
-321.6715 0.0000
-319.2960 0.0000
-319.7032 0.0000
-319.9085 0.0000
-320.0386 0.0000
-320.2978 0.0000
-320.5873 0.0000
-321.1795 0.0000
-320.8401 0.0000
-320.6980 0.0000
-321.1332 0.0000
-320.7166 0.0000
-321.1371 0.0000
-320.4851 0.0000
-320.3062 0.0000
-320.1898 0.0000
-320.6844 0.0000
-319.9113 0.0000
-320.2406 0.0000
-320.8808 0.0000
-319.4351 0.0000
-321.7045 0.0000
-320.7568 0.0000
-320.9248 0.0000
-320.7538 0.0000
-320.0467 0.0000
-321.1195 0.0000
-322.2521 0.0000
-321.1893 0.0000
-321.0246 0.0000
-319.4399 0.0000
-320.2262 0.0000
-320.4088 0.0000
-322.0003 0.0000
-321.5859 0.0000
-319.8612 0.0000
-320.6848 0.0000
-320.6155 0.0000
-320.2136 0.0000
-320.6352 0.0000
-320.8947 0.0000
-320.5098 0.0000
-320.3942 0.0000
-321.3813 0.0000
-321.2717 0.0000
-320.0885 0.0000
-321.1882 0.0000
-318.5580 0.0000
-321.2129 0.0000
-321.5544 0.0000
-320.0292 0.0000
-320.2236 0.0000
-321.1014 0.0000
-321.2218 0.0000
-320.3508 0.0000
-320.9185 0.0000
-321.1339 0.0000
-319.9410 0.0000
-320.3260 0.0000
-320.7750 0.0000
-320.8357 0.0000
-321.0671 0.0000
-321.3744 0.0000
-321.4343 0.0000
-321.0073 0.0000
-320.8328 0.0000
-321.9580 0.0000
-320.6882 0.0000
-320.7301 0.0000
-320.9694 0.0000
-321.0414 0.0000
-320.1330 0.0000
-320.5625 0.0000
-319.6573 0.0000
-321.3969 0.0000
-320.6337 0.0000
-320.6023 0.0000
-321.4487 0.0000
-321.4589 0.0000
-321.4114 0.0000
-320.8671 0.0000
-321.2075 0.0000
-320.4437 0.0000
-319.9462 0.0000
-320.1292 0.0000
-319.6995 0.0000
-320.7726 0.0000
-319.7592 0.0000
-320.9482 0.0000
-320.4952 0.0000
-319.9564 0.0000
-320.9228 0.0000
-321.8208 0.0000
-318.8045 0.0000
-321.0590 0.0000
-321.0376 0.0000
-322.0181 0.0000
-320.5252 0.0000
-320.9535 0.0000
-321.7290 0.0000
-321.0666 0.0000
-320.6171 0.0000
-319.3848 0.0000
-320.8557 0.0000
-321.3417 0.0000
-320.2378 0.0000
-320.3935 0.0000
-320.9552 0.0000
-321.6484 0.0000
-321.6077 0.0000
-320.3052 0.0000
-320.5725 0.0000
-320.8260 0.0000
-320.4004 0.0000
-322.1922 0.0000
-320.1798 0.0000
-319.6897 0.0000
-320.6294 0.0000
-320.6377 0.0000
-321.6380 0.0000
-321.0925 0.0000
-320.6555 0.0000
-320.4071 0.0000
-320.8037 0.0000
-319.7692 0.0000
-321.2918 0.0000
-321.5207 0.0000
-320.8363 0.0000
-320.1505 0.0000
-320.5352 0.0000
-321.4862 0.0000
-320.6320 0.0000
-320.8189 0.0000
-320.1098 0.0000
-321.7943 0.0000
-321.1669 0.0000
-320.1654 0.0000
-321.4199 0.0000
-321.8571 0.0000
-320.4143 0.0000
-320.7272 0.0000
-321.7539 0.0000
-321.5248 0.0000
-320.7378 0.0000
-320.1906 0.0000
-321.6174 0.0000
-320.3892 0.0000
-320.4797 0.0000
-320.1019 0.0000
-320.4630 0.0000
-320.8229 0.0000
-319.7451 0.0000
-320.4619 0.0000
-319.8648 0.0000
-320.7335 0.0000
-320.2560 0.0000
-320.6784 0.0000
-320.9359 0.0000
-320.9081 0.0000
-320.5376 0.0000
-321.7967 0.0000
-320.4637 0.0000
-321.5984 0.0000
-322.4747 0.0000
-319.8984 0.0000
-319.7653 0.0000
-321.2761 0.0000
-321.2467 0.0000
-319.6808 0.0000
-321.3288 0.0000
-321.1620 0.0000
-321.7595 0.0000
-320.6673 0.0000
-321.5611 0.0000
-322.3096 0.0000
-320.5252 0.0000
-321.1261 0.0000
-319.7204 0.0000
-320.8191 0.0000
-321.7024 0.0000
-321.2482 0.0000
-321.0430 0.0000
-321.0830 0.0000
-320.4339 0.0000
-321.1849 0.0000
-320.2632 0.0000
-320.4963 0.0000
-320.7041 0.0000
-320.3508 0.0000
-321.1287 0.0000
-320.6926 0.0000
-319.4565 0.0000
-321.0845 0.0000
-320.3665 0.0000
-320.4221 0.0000
-321.8784 0.0000
-319.9209 0.0000
-319.7576 0.0000
-321.1966 0.0000
-319.4669 0.0000
-320.6994 0.0000
-320.2923 0.0000
-320.0582 0.0000
-320.3983 0.0000
-321.0986 0.0000
-320.4908 0.0000
-320.6680 0.0000
-320.9488 0.0000
-321.7075 0.0000
-319.4318 0.0000
-320.8059 0.0000
-320.7735 0.0000
-321.5052 0.0000
-321.3722 0.0000
-320.0460 0.0000
-320.3165 0.0000
-319.8670 0.0000
-320.9426 0.0000
-320.3729 0.0000
-320.6597 0.0000
-321.8567 0.0000
-321.6549 0.0000
-319.8932 0.0000
-320.1257 0.0000
-320.7512 0.0000
-321.7311 0.0000
-320.9128 0.0000
-320.3177 0.0000
-321.0283 0.0000
-319.8463 0.0000
-320.8684 0.0000
-320.5225 0.0000
-319.8809 0.0000
-320.8073 0.0000
-320.6782 0.0000
-320.1964 0.0000
-320.5935 0.0000
-320.5442 0.0000
-320.4750 0.0000
-320.8163 0.0000
-319.3201 0.0000
-320.9079 0.0000
-320.0718 0.0000
-321.2687 0.0000
-320.3617 0.0000
-320.4616 0.0000
-320.4583 0.0000
-319.5244 0.0000
-321.1664 0.0000
-320.9505 0.0000
-320.7119 0.0000
-322.5170 0.0000
-319.5404 0.0000
-320.8057 0.0000
-320.8776 0.0000
-320.6861 0.0000
-320.9497 0.0000
-322.0051 0.0000
-321.2174 0.0000
-320.6071 0.0000
-320.6354 0.0000
-320.5469 0.0000
-320.7065 0.0000
-321.4973 0.0000
-320.6165 0.0000
-319.8592 0.0000
-319.0764 0.0000
-319.7068 0.0000
-321.5814 0.0000
-319.7706 0.0000
-319.9782 0.0000
-321.6594 0.0000
-320.2207 0.0000
-321.3558 0.0000
-321.3075 0.0000
-320.1716 0.0000
-320.9232 0.0000
-319.3009 0.0000
-320.7104 0.0000
-320.8128 0.0000
-319.5689 0.0000
-319.9671 0.0000
-321.1679 0.0000
-321.3052 0.0000
-320.8848 0.0000
-321.3175 0.0000
-319.5778 0.0000
-320.0622 0.0000
-320.2277 0.0000
-320.7717 0.0000
-319.9304 0.0000
-320.4903 0.0000
-320.6375 0.0000
-320.6804 0.0000
-320.3151 0.0000
-320.5795 0.0000
-320.8868 0.0000
-320.8188 0.0000
-321.2091 0.0000
-320.7614 0.0000
-320.8043 0.0000
-320.7195 0.0000
-320.0764 0.0000
-320.8426 0.0000
-321.3473 0.0000
-320.8795 0.0000
-321.4630 0.0000
-321.0826 0.0000
-321.2700 0.0000
-320.7159 0.0000
-320.8060 0.0000
-322.1182 0.0000
-321.9440 0.0000
-319.9679 0.0000
-320.1455 0.0000
-320.7383 0.0000
-320.2919 0.0000
-319.2092 0.0000
-319.2751 0.0000
-319.2416 0.0000
-320.0737 0.0000
-319.5880 0.0000
-321.5779 0.0000
-321.6034 0.0000
-320.6465 0.0000
-319.8962 0.0000
-320.5962 0.0000
-321.4497 0.0000
-320.9673 0.0000
-320.3027 0.0000
-321.9531 0.0000
-321.5792 0.0000
-320.7817 0.0000
-320.3496 0.0000
-321.2115 0.0000
-321.2189 0.0000
-321.9961 0.0000
-320.5734 0.0000
-320.7062 0.0000
-320.2494 0.0000
-320.5011 0.0000
-318.6427 0.0000
-320.7641 0.0000
-320.5472 0.0000
-320.6151 0.0000
-322.2175 0.0000
-320.1198 0.0000
-321.1203 0.0000
-321.4235 0.0000
-319.7026 0.0000
-321.7946 0.0000
-319.6930 0.0000
-320.8626 0.0000
-319.8820 0.0000
-321.0522 0.0000
-321.3286 0.0000
-320.2031 0.0000
-320.8544 0.0000
-320.6220 0.0000
-320.1171 0.0000
-321.8675 0.0000
-321.6935 0.0000
-320.5430 0.0000
-321.4443 0.0000
-321.3123 0.0000
-321.2421 0.0000
-320.7320 0.0000
-320.3590 0.0000
-321.4379 0.0000
-319.5459 0.0000
-320.6746 0.0000
-320.3393 0.0000
-320.8491 0.0000
-320.6450 0.0000
-321.3538 0.0000
-320.2996 0.0000
-320.4477 0.0000
-319.5800 0.0000
-320.9190 0.0000
-320.3439 0.0000
-321.0179 0.0000
-321.1397 0.0000
-320.3509 0.0000
-319.6897 0.0000
-321.8740 0.0000
-320.8298 0.0000
-320.7066 0.0000
-321.1653 0.0000
-320.1412 0.0000
-320.4617 0.0000
-321.2446 0.0000
-321.6162 0.0000
-320.2712 0.0000
-321.2382 0.0000
-320.6763 0.0000
-320.5232 0.0000
-320.0235 0.0000
-320.4925 0.0000
-320.5090 0.0000
-321.0035 0.0000
-320.4008 0.0000
-319.6952 0.0000
-319.7276 0.0000
-319.7484 0.0000
-320.3871 0.0000
-320.5470 0.0000
-321.2935 0.0000
-321.1616 0.0000
-322.2894 0.0000
-321.5255 0.0000
-319.9547 0.0000
-320.0398 0.0000
-320.3239 0.0000
-321.0222 0.0000
-321.1909 0.0000
-322.0953 0.0000
-320.9058 0.0000
-320.4248 0.0000
-321.9618 0.0000
-320.4352 0.0000
-320.9510 0.0000
-321.1858 0.0000
-320.9132 0.0000
-319.3097 0.0000
-320.7182 0.0000
-320.5504 0.0000
-319.5423 0.0000
-319.9977 0.0000
-319.8266 0.0000
-320.1778 0.0000
-321.5766 0.0000
-320.5812 0.0000
-320.3762 0.0000
-320.2423 0.0000
-319.6723 0.0000
-320.5472 0.0000
-321.1255 0.0000
-320.3145 0.0000
-320.8500 0.0000
-320.1466 0.0000
-320.7337 0.0000
-319.6015 0.0000
-320.7610 0.0000
-321.8084 0.0000
-320.9128 0.0000
-321.1686 0.0000
-321.2429 0.0000
-321.4690 0.0000
-319.5836 0.0000
-321.8081 0.0000
-321.8426 0.0000
-321.1913 0.0000
-322.1304 0.0000
-320.4859 0.0000
-320.6271 0.0000
-320.2633 0.0000
-320.4060 0.0000
-321.1685 0.0000
-321.1890 0.0000
-320.3169 0.0000
-321.2296 0.0000
-319.8661 0.0000
-319.8997 0.0000
-319.6293 0.0000
-320.7116 0.0000
-319.8203 0.0000
-319.3968 0.0000
-321.3976 0.0000
-320.1277 0.0000
-320.2021 0.0000
-320.8394 0.0000
-321.1967 0.0000
-320.7967 0.0000
-320.9881 0.0000
-320.0213 0.0000
-320.9123 0.0000
-319.8185 0.0000
-320.3516 0.0000
-320.9136 0.0000
-319.8715 0.0000
-319.5207 0.0000
-320.8508 0.0000
-320.4365 0.0000
-320.0837 0.0000
-322.2562 0.0000
-320.7527 0.0000
-320.9209 0.0000
-320.9412 0.0000
-320.9767 0.0000
-321.2880 0.0000
-321.0911 0.0000
-321.2535 0.0000
-320.4647 0.0000
-320.9442 0.0000
-321.8262 0.0000
-320.0469 0.0000
-321.3940 0.0000
-320.8682 0.0000
-321.2931 0.0000
-321.3953 0.0000
-321.1759 0.0000
-320.7911 0.0000
-320.8968 0.0000
-321.1823 0.0000
-320.5380 0.0000
-322.1551 0.0000
-321.4759 0.0000
-319.6619 0.0000
-321.6730 0.0000
-321.3830 0.0000
-320.7212 0.0000
-320.7238 0.0000
-320.8727 0.0000
-321.1065 0.0000
-320.7898 0.0000
-319.6325 0.0000
-320.9420 0.0000
-319.5043 0.0000
-319.8447 0.0000
-321.4375 0.0000
-320.7239 0.0000
-319.7122 0.0000
-321.3777 0.0000
-321.3434 0.0000
-319.5988 0.0000
-320.7951 0.0000
-320.9100 0.0000
-321.4831 0.0000
-320.6319 0.0000
-321.5372 0.0000
-320.6332 0.0000
-320.5608 0.0000
-320.4756 0.0000
-321.8904 0.0000
-320.4284 0.0000
-321.4304 0.0000
-319.8474 0.0000
-320.4071 0.0000
-321.0470 0.0000
-320.7060 0.0000
-321.6789 0.0000
-321.2977 0.0000
-320.6608 0.0000
-320.9333 0.0000
-321.0860 0.0000
-321.4386 0.0000
-320.9610 0.0000
-321.6602 0.0000
-320.4682 0.0000
-321.2316 0.0000
-321.0976 0.0000
-320.5549 0.0000
-320.5915 0.0000
-321.0902 0.0000
-320.9568 0.0000
-321.5617 0.0000
-321.1232 0.0000
-320.3964 0.0000
-320.3024 0.0000
-320.9183 0.0000
-321.9514 0.0000
-320.3443 0.0000
-321.6835 0.0000
-321.3545 0.0000
-320.2670 0.0000
-320.5945 0.0000
-320.6050 0.0000
-319.9795 0.0000
-320.5162 0.0000
-320.9524 0.0000
-321.5868 0.0000
-320.2148 0.0000
-320.2634 0.0000
-319.3381 0.0000
-321.2094 0.0000
-320.7421 0.0000
-320.7435 0.0000
-319.9130 0.0000
-320.3116 0.0000
-320.8754 0.0000
-320.2185 0.0000
-321.1481 0.0000
-319.3785 0.0000
-321.3741 0.0000
-320.4991 0.0000
-320.3150 0.0000
-320.5836 0.0000
-320.3193 0.0000
-320.6507 0.0000
-322.2096 0.0000
-320.1758 0.0000
-320.0347 0.0000
-320.7730 0.0000
-320.3394 0.0000
-320.7433 0.0000
-321.7353 0.0000
-321.2955 0.0000
-320.8116 0.0000
-321.1074 0.0000
-320.2969 0.0000
-321.5814 0.0000
-320.1542 0.0000
-321.2500 0.0000
-321.0805 0.0000
-320.5436 0.0000
-320.8212 0.0000
-319.8728 0.0000
-320.0734 0.0000
-319.7034 0.0000
-319.8947 0.0000
-320.0579 0.0000
-320.0168 0.0000
-321.4232 0.0000
-320.6102 0.0000
-320.7887 0.0000
-320.0686 0.0000
-321.2365 0.0000
-320.5453 0.0000
-321.0019 0.0000
-321.4145 0.0000
-320.6812 0.0000
-321.5112 0.0000
-320.3581 0.0000
-320.0021 0.0000
-320.0299 0.0000
-320.5439 0.0000
-320.9481 0.0000
-320.7162 0.0000
-321.0969 0.0000
-322.1020 0.0000
-321.0934 0.0000
-321.1521 0.0000
-319.3398 0.0000
-320.1371 0.0000
-319.9987 0.0000
-321.1287 0.0000
-320.7630 0.0000
-320.0746 0.0000
-320.1575 0.0000
-320.1785 0.0000
-321.1121 0.0000
-320.5616 0.0000
-320.7476 0.0000
-321.2037 0.0000
-320.2499 0.0000
-321.8167 0.0000
-319.5154 0.0000
-320.3676 0.0000
-320.7756 0.0000
-320.2769 0.0000
-320.9392 0.0000
-321.1435 0.0000
-322.2053 0.0000
-321.1884 0.0000
-321.9808 0.0000
-321.0841 0.0000
-320.6433 0.0000
-321.1204 0.0000
-320.4509 0.0000
-319.6549 0.0000
-318.9180 0.0000
-319.9376 0.0000
-320.7701 0.0000
-320.8943 0.0000
-320.1946 0.0000
-319.3359 0.0000
-321.4638 0.0000
-320.6297 0.0000
-320.1655 0.0000
-320.5724 0.0000
-319.6023 0.0000
-319.9192 0.0000
-320.8515 0.0000
-319.4841 0.0000
-320.3515 0.0000
-321.6204 0.0000
-321.3881 0.0000
-321.4929 0.0000
-320.8949 0.0000
-321.6695 0.0000
-320.2584 0.0000
-322.0116 0.0000
-320.7460 0.0000
-321.0665 0.0000
-321.6952 0.0000
-320.8014 0.0000
-320.0335 0.0000
-319.5427 0.0000
-320.8010 0.0000
-320.7735 0.0000
-320.5710 0.0000
-320.2275 0.0000
-319.8372 0.0000
-320.4304 0.0000
-320.4314 0.0000
-320.7778 0.0000
-320.1561 0.0000
-321.9389 0.0000
-320.7968 0.0000
-321.9529 0.0000
-320.7010 0.0000
-320.6714 0.0000
-321.3973 0.0000
-320.3871 0.0000
-320.5343 0.0000
-320.7905 0.0000
-321.0211 0.0000
-320.7311 0.0000
-320.7537 0.0000
-320.6351 0.0000
-320.1781 0.0000
-318.5804 0.0000
-321.2018 0.0000
-320.7590 0.0000
-320.9330 0.0000
-320.5570 0.0000
-321.0054 0.0000
-321.3031 0.0000
-320.0611 0.0000
-320.2756 0.0000
-321.6460 0.0000
-320.2765 0.0000
-320.5146 0.0000
-321.2122 0.0000
-320.2491 0.0000
-321.2897 0.0000
-320.2514 0.0000
-319.7744 0.0000
-320.5625 0.0000
-320.3222 0.0000
-319.2202 0.0000
-320.9109 0.0000
-319.8162 0.0000
-319.3155 0.0000
-320.7433 0.0000
-320.2063 0.0000
-321.5139 0.0000
-321.0059 0.0000
-320.8951 0.0000
-320.7604 0.0000
-321.9920 0.0000
-320.6974 0.0000
-321.4992 0.0000
-321.2633 0.0000
-321.1730 0.0000
-320.4200 0.0000
-320.4741 0.0000
-320.0900 0.0000
-320.1936 0.0000
-319.9246 0.0000
-320.7638 0.0000
-320.5957 0.0000
-321.9084 0.0000
-319.7289 0.0000
-320.2828 0.0000
-320.4177 0.0000
-320.3976 0.0000
-320.6325 0.0000
-319.9940 0.0000
-320.7215 0.0000
-320.8937 0.0000
-321.8605 0.0000
-320.1785 0.0000
-320.3974 0.0000
-320.1300 0.0000
-319.6059 0.0000
-322.2190 0.0000
-320.8803 0.0000
-320.3029 0.0000
-320.9436 0.0000
-320.4244 0.0000
-320.1045 0.0000
-319.8491 0.0000
-321.6679 0.0000
-319.5052 0.0000
-320.8414 0.0000
-320.2411 0.0000
-320.6381 0.0000
-320.8807 0.0000
-320.0853 0.0000
-320.5602 0.0000
-320.5460 0.0000
-320.0298 0.0000
-320.8931 0.0000
-321.4110 0.0000
-320.5479 0.0000
-321.2199 0.0000
-320.5601 0.0000
-321.5757 0.0000
-321.0676 0.0000
-319.8617 0.0000
-321.3113 0.0000
-321.4814 0.0000
-321.6923 0.0000
-321.1148 0.0000
-320.6927 0.0000
-319.9366 0.0000
-321.9106 0.0000
-320.7464 0.0000
-320.3827 0.0000
-321.2252 0.0000
-322.1534 0.0000
-320.3570 0.0000
-320.0189 0.0000
-320.4791 0.0000
-320.6392 0.0000
-320.0674 0.0000
-322.1608 0.0000
-321.2031 0.0000
-321.5293 0.0000
-321.3001 0.0000
-320.3260 0.0000
-319.5801 0.0000
-320.9101 0.0000
-320.0912 0.0000
-321.5685 0.0000
-321.2449 0.0000
-321.0781 0.0000
-319.7226 0.0000
-322.3725 0.0000
-320.3330 0.0000
-320.7486 0.0000
-320.6810 0.0000
-321.3461 0.0000
-321.6346 0.0000
-320.0104 0.0000
-320.4249 0.0000
-321.1584 0.0000
-320.0065 0.0000
-322.1188 0.0000
-321.8566 0.0000
-319.4129 0.0000
-320.2184 0.0000
-321.1187 0.0000
-321.2517 0.0000
-319.9618 0.0000
-320.8713 0.0000
-321.3135 0.0000
-321.4898 0.0000
-321.2338 0.0000
-320.5164 0.0000
-321.3250 0.0000
-320.7259 0.0000
-319.4989 0.0000
-320.6523 0.0000
-320.9693 0.0000
-321.4598 0.0000
-320.5630 0.0000
-320.1815 0.0000
-320.4158 0.0000
-321.2668 0.0000
-320.1035 0.0000
-321.6777 0.0000
-320.3629 0.0000
-321.5728 0.0000
-320.7267 0.0000
-320.5092 0.0000
-320.3923 0.0000
-321.6090 0.0000
-320.6349 0.0000
-321.3779 0.0000
-320.4283 0.0000
-321.0648 0.0000
-321.5070 0.0000
-320.5736 0.0000
-320.5777 0.0000
-319.3971 0.0000
-321.2496 0.0000
-320.7245 0.0000
-321.1140 0.0000
-321.2379 0.0000
-318.9948 0.0000
-320.5815 0.0000
-320.5378 0.0000
-319.8696 0.0000
-320.3320 0.0000
-321.2854 0.0000
-320.1437 0.0000
-321.6310 0.0000
-319.9895 0.0000
-321.2252 0.0000
-319.9430 0.0000
-321.4340 0.0000
-321.6860 0.0000
-319.5311 0.0000
-320.8467 0.0000
-319.8050 0.0000
-321.2440 0.0000
-319.9736 0.0000
-320.8358 0.0000
-320.1568 0.0000
-320.6503 0.0000
-320.1816 0.0000
-320.3185 0.0000
-320.7466 0.0000
-320.0753 0.0000
-321.1749 0.0000
-320.6112 0.0000
-320.4258 0.0000
-320.7495 0.0000
-321.3469 0.0000
-320.4162 0.0000
-321.3813 0.0000
-321.0194 0.0000
-321.4720 0.0000
-320.4467 0.0000
-320.6065 0.0000
-319.9927 0.0000
-320.4261 0.0000
-320.2630 0.0000
-321.9748 0.0000
-319.6718 0.0000
-320.0160 0.0000
-320.1587 0.0000
-320.8653 0.0000
-320.1159 0.0000
-320.7296 0.0000
-321.1834 0.0000
-320.8749 0.0000
-320.0983 0.0000
-320.3887 0.0000
-319.8441 0.0000
-320.3672 0.0000
-320.1739 0.0000
-320.4626 0.0000
-320.9181 0.0000
-320.0150 0.0000
-320.6594 0.0000
-320.7593 0.0000
-320.4362 0.0000
-320.4746 0.0000
-321.1794 0.0000
-320.4972 0.0000
-319.8099 0.0000
-320.3471 0.0000
-320.5883 0.0000
-320.4053 0.0000
-320.9720 0.0000
-320.9677 0.0000
-321.4475 0.0000
-321.5851 0.0000
-320.7680 0.0000
-320.4458 0.0000
-320.9798 0.0000
-320.6069 0.0000
-321.1677 0.0000
-320.4459 0.0000
-320.0779 0.0000
-320.1869 0.0000
-318.9162 0.0000
-321.5750 0.0000
-319.7543 0.0000
-320.3339 0.0000
-320.9984 0.0000
-320.7587 0.0000
-320.5420 0.0000
-320.0797 0.0000
-322.0390 0.0000
-320.2499 0.0000
-321.2199 0.0000
-321.5354 0.0000
-320.3958 0.0000
-320.9299 0.0000
-321.1614 0.0000
-321.0013 0.0000
-320.2660 0.0000
-321.0482 0.0000
-319.8950 0.0000
-318.8505 0.0000
-320.8711 0.0000
-320.8211 0.0000
-320.8846 0.0000
-320.9769 0.0000
-320.9399 0.0000
-320.7174 0.0000
-320.7798 0.0000
-320.1516 0.0000
-319.7539 0.0000
-321.0696 0.0000
-321.2829 0.0000
-319.6708 0.0000
-320.0526 0.0000
-320.0551 0.0000
-320.9980 0.0000
-320.0359 0.0000
-320.1310 0.0000
-321.0770 0.0000
-319.9232 0.0000
-321.9970 0.0000
-320.2167 0.0000
-320.5810 0.0000
-319.6798 0.0000
-320.3402 0.0000
-320.4732 0.0000
-321.3121 0.0000
-319.9121 0.0000
-320.8425 0.0000
-322.0955 0.0000
-321.3583 0.0000
-319.6105 0.0000
-321.0931 0.0000
-320.0925 0.0000
-321.1860 0.0000
-320.9504 0.0000
-319.9354 0.0000
-320.8048 0.0000
-319.8639 0.0000
-319.5671 0.0000
-321.2244 0.0000
-320.2921 0.0000
-320.9916 0.0000
-321.6015 0.0000
-320.8051 0.0000
-321.2655 0.0000
-322.0167 0.0000
-320.9104 0.0000
-320.1523 0.0000
-319.9859 0.0000
-319.5988 0.0000
-321.1023 0.0000
-319.8819 0.0000
-319.8438 0.0000
-319.2145 0.0000
-320.9755 0.0000
-319.9061 0.0000
-320.4767 0.0000
-320.5134 0.0000
-320.6557 0.0000
-320.7267 0.0000
-320.6390 0.0000
-321.1439 0.0000
-320.8825 0.0000
-319.6522 0.0000
-320.2978 0.0000
-319.8063 0.0000
-320.4366 0.0000
-320.4324 0.0000
-321.1535 0.0000
-321.1721 0.0000
-319.6115 0.0000
-321.6792 0.0000
-319.8383 0.0000
-321.1986 0.0000
-320.4954 0.0000
-320.3887 0.0000
-321.2666 0.0000
-321.4307 0.0000
-320.5007 0.0000
-320.8275 0.0000
-320.5670 0.0000
-321.3793 0.0000
-320.2942 0.0000
-320.5167 0.0000
-321.2419 0.0000
-320.4984 0.0000
-320.1064 0.0000
-320.8377 0.0000
-319.7753 0.0000
-320.9398 0.0000
-320.3093 0.0000
-320.4059 0.0000
-319.5151 0.0000
-320.3547 0.0000
-321.4632 0.0000
-321.3937 0.0000
-321.0245 0.0000
-320.9088 0.0000
-321.0364 0.0000
-321.4055 0.0000
-321.0317 0.0000
-321.1799 0.0000
-321.3457 0.0000
-320.3665 0.0000
-321.1806 0.0000
-319.7760 0.0000
-320.8027 0.0000
-321.1236 0.0000
-320.7812 0.0000
-321.4904 0.0000
-318.7587 0.0000
-320.5857 0.0000
-320.5594 0.0000
-320.7272 0.0000
-320.7485 0.0000
-321.0681 0.0000
-320.6653 0.0000
-320.2958 0.0000
-320.7960 0.0000
-320.8590 0.0000
-321.4466 0.0000
-320.2598 0.0000
-321.3947 0.0000
-320.0528 0.0000
-321.3918 0.0000
-320.7623 0.0000
-320.8438 0.0000
-321.0095 0.0000
-319.8408 0.0000
-322.1207 0.0000
-320.9618 0.0000
-321.6745 0.0000
-321.2021 0.0000
-320.6914 0.0000
-320.5766 0.0000
-320.9268 0.0000
-320.4024 0.0000
-321.3297 0.0000
-320.5199 0.0000
-320.7660 0.0000
-320.2781 0.0000
-319.6950 0.0000
-321.2467 0.0000
-319.7514 0.0000
-320.3552 0.0000
-320.0316 0.0000
-321.2753 0.0000
-321.2805 0.0000
-321.0719 0.0000
-320.4680 0.0000
-321.5802 0.0000
-320.2679 0.0000
-320.9889 0.0000
-322.6913 0.0000
-321.4267 0.0000
-319.7524 0.0000
-320.3763 0.0000
-320.8535 0.0000
-321.2464 0.0000
-321.2394 0.0000
-319.8367 0.0000
-320.5924 0.0000
-321.1212 0.0000
-320.2666 0.0000
-320.8744 0.0000
-320.4273 0.0000
-320.6893 0.0000
-320.3248 0.0000
-319.7237 0.0000
-321.3005 0.0000
-320.2021 0.0000
-320.4028 0.0000
-321.3068 0.0000
-321.7919 0.0000
-320.7731 0.0000
-321.1045 0.0000
-320.3631 0.0000
-320.7688 0.0000
-321.7594 0.0000
-320.2112 0.0000
-321.0564 0.0000
-319.6017 0.0000
-320.6726 0.0000
-321.1471 0.0000
-321.0300 0.0000
-320.2517 0.0000
-320.8447 0.0000
-320.6436 0.0000
-320.2745 0.0000
-320.7474 0.0000
-320.9367 0.0000
-320.6164 0.0000
-322.7892 0.0000
-320.7211 0.0000
-320.3193 0.0000
-320.7334 0.0000
-321.0558 0.0000
-320.8864 0.0000
-319.6621 0.0000
-320.3865 0.0000
-321.0237 0.0000
-320.1691 0.0000
-321.3011 0.0000
-322.1711 0.0000
-320.5493 0.0000
-320.4518 0.0000
-319.7255 0.0000
-320.1777 0.0000
-320.7288 0.0000
-320.4940 0.0000
-320.3877 0.0000
-320.4956 0.0000
-319.6142 0.0000
-320.2291 0.0000
-320.3898 0.0000
-320.2305 0.0000
-321.1641 0.0000
-320.4721 0.0000
-321.0914 0.0000
-320.7064 0.0000
-320.8882 0.0000
-320.8934 0.0000
-321.1019 0.0000
-318.6350 0.0000
-319.9724 0.0000
-320.9616 0.0000
-321.6348 0.0000
-320.5280 0.0000
-320.6459 0.0000
-321.2751 0.0000
-320.1731 0.0000
-321.8647 0.0000
-320.1065 0.0000
-320.3914 0.0000
-321.3941 0.0000
-320.1342 0.0000
-320.1551 0.0000
-319.5531 0.0000
-320.6828 0.0000
-320.3809 0.0000
-320.3261 0.0000
-320.0156 0.0000
-320.5515 0.0000
-320.9076 0.0000
-320.2105 0.0000
-319.5258 0.0000
-320.9876 0.0000
-319.9699 0.0000
-320.0402 0.0000
-321.3343 0.0000
-320.3905 0.0000
-320.4925 0.0000
-321.5792 0.0000
-320.7827 0.0000
-320.1618 0.0000
-320.5893 0.0000
-320.4044 0.0000
-320.0688 0.0000
-321.1602 0.0000
-322.0752 0.0000
-320.4463 0.0000
-321.3810 0.0000
-320.9923 0.0000
-321.0297 0.0000
-321.2093 0.0000
-321.1237 0.0000
-320.6836 0.0000
-320.5112 0.0000
-320.8938 0.0000
-320.7479 0.0000
-320.2947 0.0000
-319.8133 0.0000
-321.1408 0.0000
-320.9606 0.0000
-321.0720 0.0000
-320.4647 0.0000
-321.2792 0.0000
-320.4199 0.0000
-321.2001 0.0000
-321.1860 0.0000
-320.1025 0.0000
-321.4433 0.0000
-320.7595 0.0000
-321.4116 0.0000
-318.7530 0.0000
-320.9435 0.0000
-321.6459 0.0000
-321.4639 0.0000
-319.2935 0.0000
-320.9645 0.0000
-321.4288 0.0000
-321.9328 0.0000
-320.7251 0.0000
-320.8841 0.0000
-320.9525 0.0000
-319.8221 0.0000
-319.8931 0.0000
-320.3876 0.0000
-320.5355 0.0000
-319.7262 0.0000
-320.5295 0.0000
-320.0019 0.0000
-320.8369 0.0000
-321.0974 0.0000
-320.5767 0.0000
-322.2264 0.0000
-320.3287 0.0000
-319.2108 0.0000
-320.5779 0.0000
-320.8438 0.0000
-320.8716 0.0000
-320.6495 0.0000
-321.0503 0.0000
-321.8765 0.0000
-320.1995 0.0000
-320.6529 0.0000
-320.4485 0.0000
-321.1243 0.0000
-321.2734 0.0000
-319.9485 0.0000
-320.2170 0.0000
-319.7562 0.0000
-320.8502 0.0000
-320.9205 0.0000
-321.2004 0.0000
-320.5778 0.0000
-320.0965 0.0000
-319.4049 0.0000
-322.0531 0.0000
-319.4089 0.0000
-320.0173 0.0000
-320.6064 0.0000
-320.7231 0.0000
-321.3948 0.0000
-321.2873 0.0000
-321.1933 0.0000
-320.4865 0.0000
-319.8736 0.0000
-320.4760 0.0000
-321.3447 0.0000
-320.3458 0.0000
-319.3885 0.0000
-320.6556 0.0000
-320.5295 0.0000
-319.8910 0.0000
-320.4278 0.0000
-320.9537 0.0000
-322.4518 0.0000
-321.3508 0.0000
-320.9619 0.0000
-321.4856 0.0000
-320.8291 0.0000
-320.7364 0.0000
-320.9667 0.0000
-320.7671 0.0000
-321.4953 0.0000
-320.4691 0.0000
-320.8734 0.0000
-320.2914 0.0000
-320.8751 0.0000
-320.9252 0.0000
-321.4711 0.0000
-320.3326 0.0000
-321.1505 0.0000
-320.8631 0.0000
-320.9215 0.0000
-321.1298 0.0000
-320.3536 0.0000
-321.5498 0.0000
-319.3814 0.0000
-322.0042 0.0000
-320.2224 0.0000
-321.8168 0.0000
-321.0648 0.0000
-320.4810 0.0000
-320.1260 0.0000
-322.5507 0.0000
-320.8048 0.0000
-320.4563 0.0000
-321.8879 0.0000
-321.5363 0.0000
-321.4386 0.0000
-321.2743 0.0000
-320.7195 0.0000
-320.5326 0.0000
-320.6847 0.0000
-321.2799 0.0000
-320.1012 0.0000
-321.9033 0.0000
-320.3777 0.0000
-319.5946 0.0000
-320.3927 0.0000
-321.2588 0.0000
-320.7630 0.0000
-320.3082 0.0000
-319.6360 0.0000
-318.7455 0.0000
-320.9475 0.0000
-321.1279 0.0000
-320.7687 0.0000
-320.3703 0.0000
-321.0900 0.0000
-320.0542 0.0000
-320.8237 0.0000
-321.2521 0.0000
-320.2067 0.0000
-320.4833 0.0000
-320.5694 0.0000
-321.1895 0.0000
-320.1580 0.0000
-321.3276 0.0000
-320.5632 0.0000
-321.5101 0.0000
-320.1018 0.0000
-320.4437 0.0000
-320.3693 0.0000
-320.3556 0.0000
-321.1378 0.0000
-320.9683 0.0000
-320.0106 0.0000
-320.4100 0.0000
-320.6608 0.0000
-321.6729 0.0000
-320.1806 0.0000
-319.7293 0.0000
-322.4814 0.0000
-319.8981 0.0000
-320.3104 0.0000
-320.3000 0.0000
-320.8188 0.0000
-320.3956 0.0000
-320.9894 0.0000
-320.7688 0.0000
-320.9224 0.0000
-321.3044 0.0000
-320.1467 0.0000
-321.3737 0.0000
-320.9091 0.0000
-321.1250 0.0000
-320.2748 0.0000
-319.7666 0.0000
-321.4768 0.0000
-321.0637 0.0000
-319.8433 0.0000
-320.7187 0.0000
-319.8817 0.0000
-321.1074 0.0000
-320.5961 0.0000
-321.4950 0.0000
-321.0222 0.0000
-320.9427 0.0000
-321.3668 0.0000
-320.9417 0.0000
-321.0237 0.0000
-321.0508 0.0000
-320.4171 0.0000
-320.8407 0.0000
-320.3450 0.0000
-321.6305 0.0000
-321.3048 0.0000
-322.0434 0.0000
-319.9699 0.0000
-320.5134 0.0000
-321.9781 0.0000
-320.6518 0.0000
-320.7833 0.0000
-320.3841 0.0000
-320.5703 0.0000
-321.8649 0.0000
-320.6828 0.0000
-319.7442 0.0000
-319.7236 0.0000
-320.4258 0.0000
-320.5220 0.0000
-321.3052 0.0000
-320.1100 0.0000
-321.7383 0.0000
-321.0422 0.0000
-320.8536 0.0000
-320.3764 0.0000
-321.3675 0.0000
-320.1907 0.0000
-321.1083 0.0000
-320.5608 0.0000
-320.3220 0.0000
-320.8849 0.0000
-320.0533 0.0000
-320.8699 0.0000
-321.0204 0.0000
-320.9555 0.0000
-319.4884 0.0000
-320.1823 0.0000
-320.8694 0.0000
-321.8497 0.0000
-320.9565 0.0000
-320.7807 0.0000
-321.1570 0.0000
-320.8512 0.0000
-320.7889 0.0000
-320.7579 0.0000
-320.8576 0.0000
-320.4571 0.0000
-321.0762 0.0000
-321.6154 0.0000
-321.5811 0.0000
-319.7364 0.0000
-320.5737 0.0000
-320.9625 0.0000
-319.0565 0.0000
-321.3029 0.0000
-320.1040 0.0000
-321.5369 0.0000
-320.9075 0.0000
-321.6981 0.0000
-320.3528 0.0000
-320.6089 0.0000
-321.2694 0.0000
-321.8522 0.0000
-320.8497 0.0000
-320.0645 0.0000
-319.9080 0.0000
-320.6053 0.0000
-320.4848 0.0000
-320.9048 0.0000
-320.8672 0.0000
-320.3770 0.0000
-320.4766 0.0000
-319.8018 0.0000
-320.2575 0.0000
-321.9535 0.0000
-320.3238 0.0000
-320.4298 0.0000
-320.4619 0.0000
-319.3735 0.0000
-319.9957 0.0000
-320.7467 0.0000
-320.9517 0.0000
-321.0181 0.0000
-320.8720 0.0000
-321.3509 0.0000
-321.1371 0.0000
-320.4595 0.0000
-321.0148 0.0000
-320.2583 0.0000
-319.2729 0.0000
-320.8948 0.0000
-321.6107 0.0000
-321.2227 0.0000
-321.4515 0.0000
-320.8595 0.0000
-320.3409 0.0000
-321.4718 0.0000
-320.7393 0.0000
-321.6142 0.0000
-320.6030 0.0000
-320.8660 0.0000
-320.7716 0.0000
-320.3985 0.0000
-320.5658 0.0000
-320.5457 0.0000
-320.5010 0.0000
-320.5793 0.0000
-321.6119 0.0000
-320.0541 0.0000
-321.6855 0.0000
-320.6986 0.0000
-320.9819 0.0000
-320.0614 0.0000
-320.8084 0.0000
-321.3519 0.0000
-320.2883 0.0000
-321.4185 0.0000
-321.1803 0.0000
-320.0574 0.0000
-321.9602 0.0000
-320.2231 0.0000
-321.9649 0.0000
-320.6960 0.0000
-320.5283 0.0000
-321.4643 0.0000
-320.8796 0.0000
-320.6093 0.0000
-321.3264 0.0000
-319.9228 0.0000
-320.8597 0.0000
-320.1072 0.0000
-320.9040 0.0000
-320.0665 0.0000
-321.0535 0.0000
-321.0930 0.0000
-319.6272 0.0000
-320.8309 0.0000
-320.9704 0.0000
-321.0121 0.0000
-322.1027 0.0000
-320.8623 0.0000
-320.3456 0.0000
-320.2477 0.0000
-320.8003 0.0000
-322.2416 0.0000
-320.8986 0.0000
-320.4672 0.0000
-321.0659 0.0000
-321.3147 0.0000
-320.6520 0.0000
-320.4323 0.0000
-320.2876 0.0000
-320.4216 0.0000
-320.4553 0.0000
-320.9639 0.0000
-319.8467 0.0000
-321.0276 0.0000
-320.9315 0.0000
-321.3449 0.0000
-320.2691 0.0000
-320.9919 0.0000
-319.8698 0.0000
-319.9573 0.0000
-319.3941 0.0000
-320.0775 0.0000
-321.7784 0.0000
-320.2358 0.0000
-320.8590 0.0000
-319.9258 0.0000
-321.1615 0.0000
-319.6767 0.0000
-320.0000 0.0000
-320.8483 0.0000
-319.9622 0.0000
-319.4563 0.0000
-319.4110 0.0000
-320.3822 0.0000
-321.1191 0.0000
-320.3383 0.0000
-321.6494 0.0000
-320.7576 0.0000
-321.6498 0.0000
-321.1785 0.0000
-320.3286 0.0000
-321.3845 0.0000
-319.5015 0.0000
-321.2493 0.0000
-320.8207 0.0000
-319.6481 0.0000
-320.6046 0.0000
-321.8612 0.0000
-320.2983 0.0000
-320.3854 0.0000
-320.9965 0.0000
-320.2772 0.0000
-319.8131 0.0000
-319.9137 0.0000
-321.2901 0.0000
-319.7326 0.0000
-320.2502 0.0000
-320.5627 0.0000
-318.4789 0.0000
-320.7799 0.0000
-320.1301 0.0000
-320.9203 0.0000
-320.6269 0.0000
-321.4742 0.0000
-321.0257 0.0000
-320.2084 0.0000
-320.1312 0.0000
-321.2286 0.0000
-320.4092 0.0000
-320.0323 0.0000
-320.4295 0.0000
-320.6113 0.0000
-321.4812 0.0000
-321.2573 0.0000
-320.3558 0.0000
-321.9040 0.0000
-320.2578 0.0000
-320.3345 0.0000
-320.3053 0.0000
-321.7681 0.0000
-320.8827 0.0000
-321.3291 0.0000
-320.8047 0.0000
-321.0723 0.0000
-320.2504 0.0000
-320.3202 0.0000
-320.5790 0.0000
-319.0195 0.0000
-321.7947 0.0000
-319.5398 0.0000
-321.5486 0.0000
-320.7235 0.0000
-320.7605 0.0000
-320.6771 0.0000
-320.7746 0.0000
-320.2943 0.0000
-318.9978 0.0000
-320.4393 0.0000
-319.8211 0.0000
-319.7511 0.0000
-322.9286 0.0000
-320.3271 0.0000
-320.1869 0.0000
-320.7311 0.0000
-320.6433 0.0000
-320.9389 0.0000
-321.1794 0.0000
-321.6527 0.0000
-320.6054 0.0000
-320.9108 0.0000
-321.0816 0.0000
-321.1184 0.0000
-321.1887 0.0000
-320.7939 0.0000
-320.5175 0.0000
-320.8948 0.0000
-319.9307 0.0000
-319.9020 0.0000
-319.9021 0.0000
-320.6094 0.0000
-321.8472 0.0000
-319.9685 0.0000
-320.3172 0.0000
-320.8440 0.0000
-321.6644 0.0000
-321.1170 0.0000
-320.6362 0.0000
-319.3610 0.0000
-320.3419 0.0000
-321.1117 0.0000
-321.4575 0.0000
-320.7418 0.0000
-321.7730 0.0000
-319.8063 0.0000
-320.8155 0.0000
-320.7962 0.0000
-322.1691 0.0000
-320.6615 0.0000
-320.6318 0.0000
-321.7894 0.0000
-322.1920 0.0000
-320.8429 0.0000
-321.1053 0.0000
-319.7198 0.0000
-321.1583 0.0000
-319.0277 0.0000
-321.5761 0.0000
-320.6877 0.0000
-320.1945 0.0000
-320.8419 0.0000
-320.1658 0.0000
-320.3193 0.0000
-320.1587 0.0000
-320.4864 0.0000
-320.4095 0.0000
-321.1261 0.0000
-321.0607 0.0000
-321.0214 0.0000
-321.6161 0.0000
-320.8051 0.0000
-320.4818 0.0000
-320.3279 0.0000
-321.3998 0.0000
-321.1548 0.0000
-321.8665 0.0000
-320.7401 0.0000
-320.7074 0.0000
-321.0155 0.0000
-321.3656 0.0000
-321.1086 0.0000
-320.9775 0.0000
-320.9018 0.0000
-321.2564 0.0000
-320.7484 0.0000
-320.3901 0.0000
-320.6147 0.0000
-320.1582 0.0000
-319.8066 0.0000
-320.3125 0.0000
-321.2884 0.0000
-319.6972 0.0000
-320.5088 0.0000
-320.5163 0.0000
-320.1662 0.0000
-321.0637 0.0000
-322.1569 0.0000
-320.8347 0.0000
-320.3089 0.0000
-320.5576 0.0000
-319.8806 0.0000
-321.3613 0.0000
-321.5488 0.0000
-320.8949 0.0000
-321.1508 0.0000
-321.4929 0.0000
-320.5294 0.0000
-319.4652 0.0000
-319.8610 0.0000
-321.3886 0.0000
-320.6028 0.0000
-320.4636 0.0000
-320.8694 0.0000
-320.6458 0.0000
-321.3203 0.0000
-320.4602 0.0000
-320.7445 0.0000
-320.5949 0.0000
-321.7862 0.0000
-321.4255 0.0000
-321.2792 0.0000
-320.7253 0.0000
-319.8109 0.0000
-320.3778 0.0000
-320.9606 0.0000
-322.4287 0.0000
-320.7276 0.0000
-319.7761 0.0000
-320.0495 0.0000
-320.4098 0.0000
-320.9410 0.0000
-321.5590 0.0000
-321.7425 0.0000
-322.4699 0.0000
-320.7386 0.0000
-320.6319 0.0000
-320.3393 0.0000
-319.7809 0.0000
-321.0652 0.0000
-320.2501 0.0000
-320.1064 0.0000
-319.9854 0.0000
-320.6723 0.0000
-320.1629 0.0000
-321.0404 0.0000
-320.8725 0.0000
-320.1042 0.0000
-320.3113 0.0000
-318.7249 0.0000
-319.8912 0.0000
-320.6913 0.0000
-320.9714 0.0000
-320.4824 0.0000
-321.8686 0.0000
-320.9593 0.0000
-320.7456 0.0000
-320.3807 0.0000
-319.4820 0.0000
-321.1054 0.0000
-320.8899 0.0000
-321.0603 0.0000
-321.0242 0.0000
-320.3677 0.0000
-320.8526 0.0000
-321.3767 0.0000
-321.7028 0.0000
-321.2691 0.0000
-321.1280 0.0000
-320.1991 0.0000
-320.2360 0.0000
-319.7710 0.0000
-320.8921 0.0000
-321.8952 0.0000
-320.6382 0.0000
-321.3114 0.0000
-320.1910 0.0000
-321.0824 0.0000
-320.8917 0.0000
-320.8991 0.0000
-320.0403 0.0000
-320.7175 0.0000
-320.2809 0.0000
-321.3538 0.0000
-320.2562 0.0000
-320.5453 0.0000
-320.5694 0.0000
-320.8892 0.0000
-321.1964 0.0000
-320.4724 0.0000
-320.8565 0.0000
-320.4267 0.0000
-321.4448 0.0000
-322.4526 0.0000
-320.2777 0.0000
-321.6686 0.0000
-320.9461 0.0000
-319.8206 0.0000
-319.8470 0.0000
-320.7327 0.0000
-321.0954 0.0000
-321.1320 0.0000
-320.9189 0.0000
-320.0289 0.0000
-321.0816 0.0000
-320.5814 0.0000
-320.9066 0.0000
-320.7320 0.0000
-321.3995 0.0000
-320.6274 0.0000
-320.7947 0.0000
-319.6593 0.0000
-320.8381 0.0000
-320.4541 0.0000
-320.2929 0.0000
-319.8924 0.0000
-320.4675 0.0000
-320.8349 0.0000
-320.1126 0.0000
-320.1924 0.0000
-319.9104 0.0000
-320.6153 0.0000
-320.9441 0.0000
-321.1909 0.0000
-320.0274 0.0000
-320.4227 0.0000
-320.4369 0.0000
-321.9945 0.0000
-320.9086 0.0000
-320.6482 0.0000
-320.0104 0.0000
-321.3842 0.0000
-320.8641 0.0000
-320.8941 0.0000
-321.4044 0.0000
-320.3984 0.0000
-320.4234 0.0000
-320.8807 0.0000
-321.0296 0.0000
-319.9847 0.0000
-321.5743 0.0000
-320.3807 0.0000
-321.4702 0.0000
-319.9999 0.0000
-322.0835 0.0000
-320.0651 0.0000
-320.8958 0.0000
-321.2835 0.0000
-320.0527 0.0000
-320.0415 0.0000
-321.4320 0.0000
-321.1073 0.0000
-321.1941 0.0000
-321.9180 0.0000
-320.5850 0.0000
-320.7240 0.0000
-321.4763 0.0000
-320.7767 0.0000
-320.8640 0.0000
-319.7253 0.0000
-321.2698 0.0000
-319.8632 0.0000
-320.6787 0.0000
-320.0044 0.0000
-319.9189 0.0000
-320.2633 0.0000
-320.2774 0.0000
-320.4046 0.0000
-321.3814 0.0000
-321.3564 0.0000
-320.8917 0.0000
-320.8386 0.0000
-320.9987 0.0000
-320.4921 0.0000
-321.1797 0.0000
-319.9927 0.0000
-321.3401 0.0000
-319.7889 0.0000
-320.6691 0.0000
-321.6872 0.0000
-319.9071 0.0000
-320.6535 0.0000
-320.9947 0.0000
-321.1865 0.0000
-320.2903 0.0000
-321.3686 0.0000
-320.1850 0.0000
-321.2339 0.0000
-320.4254 0.0000
-320.9866 0.0000
-320.6605 0.0000
-320.7376 0.0000
-319.4942 0.0000
-320.3570 0.0000
-320.5471 0.0000
-321.5552 0.0000
-320.9262 0.0000
-320.7004 0.0000
-321.2991 0.0000
-321.0316 0.0000
-320.3451 0.0000
-319.8816 0.0000
-320.2319 0.0000
-320.0650 0.0000
-321.7112 0.0000
-320.0199 0.0000
-320.3411 0.0000
-320.4095 0.0000
-321.1785 0.0000
-321.3272 0.0000
-320.4370 0.0000
-321.1377 0.0000
-319.9950 0.0000
-321.4501 0.0000
-320.4353 0.0000
-319.9638 0.0000
-320.3975 0.0000
-321.7509 0.0000
-319.6042 0.0000
-319.9430 0.0000
-320.3585 0.0000
-319.7863 0.0000
-319.7736 0.0000
-320.2154 0.0000
-320.6232 0.0000
-321.0107 0.0000
-320.0930 0.0000
-320.2136 0.0000
-321.2075 0.0000
-320.2828 0.0000
-320.1097 0.0000
-319.9308 0.0000
-319.6150 0.0000
-320.2756 0.0000
-320.2351 0.0000
-321.0675 0.0000
-319.0385 0.0000
-320.8430 0.0000
-320.2195 0.0000
-320.0621 0.0000
-320.2516 0.0000
-319.8404 0.0000
-320.4599 0.0000
-320.7501 0.0000
-320.8716 0.0000
-320.9804 0.0000
-320.8508 0.0000
-320.9423 0.0000
-321.1778 0.0000
-320.3604 0.0000
-320.9911 0.0000
-321.3248 0.0000
-321.8800 0.0000
-320.0819 0.0000
-320.8290 0.0000
-320.2677 0.0000
-321.0265 0.0000
-320.5521 0.0000
-321.4030 0.0000
-320.9244 0.0000
-320.1713 0.0000
-320.4690 0.0000
-320.5460 0.0000
-320.7891 0.0000
-321.4025 0.0000
-319.7766 0.0000
-320.5522 0.0000
-320.0466 0.0000
-321.1716 0.0000
-319.7119 0.0000
-322.0971 0.0000
-321.2075 0.0000
-320.8133 0.0000
-320.7638 0.0000
-320.2085 0.0000
-320.6143 0.0000
-320.5970 0.0000
-320.7226 0.0000
-320.5444 0.0000
-320.1318 0.0000
-321.0699 0.0000
-321.5188 0.0000
-320.8431 0.0000
-320.1907 0.0000
-320.4722 0.0000
-320.5867 0.0000
-320.7383 0.0000
-320.5072 0.0000
-320.7589 0.0000
-320.9730 0.0000
-320.3301 0.0000
-321.2236 0.0000
-320.6131 0.0000
-321.5538 0.0000
-319.8556 0.0000
-320.9308 0.0000
-321.3863 0.0000
-320.4883 0.0000
-320.8770 0.0000
-319.2332 0.0000
-320.5313 0.0000
-319.8751 0.0000
-320.1769 0.0000
-321.0892 0.0000
-320.0505 0.0000
-320.5685 0.0000
-320.3365 0.0000
-320.8083 0.0000
-320.4437 0.0000
-320.3568 0.0000
-320.2943 0.0000
-320.3657 0.0000
-319.8486 0.0000
-320.4524 0.0000
-320.9062 0.0000
-319.7255 0.0000
-320.6185 0.0000
-319.7194 0.0000
-321.0943 0.0000
-321.0131 0.0000
-319.5963 0.0000
-320.5977 0.0000
-319.9564 0.0000
-321.0503 0.0000
-320.7672 0.0000
-321.1574 0.0000
-321.0389 0.0000
-318.9287 0.0000
-321.0060 0.0000
-320.2082 0.0000
-320.4790 0.0000
-321.1603 0.0000
-321.5784 0.0000
-320.9384 0.0000
-321.4364 0.0000
-321.3218 0.0000
-320.8194 0.0000
-320.1306 0.0000
-321.0590 0.0000
-321.7758 0.0000
-320.9978 0.0000
-320.5112 0.0000
-321.5721 0.0000
-320.7188 0.0000
-319.7368 0.0000
-319.6922 0.0000
-320.7781 0.0000
-320.4763 0.0000
-320.6146 0.0000
-321.2471 0.0000
-320.3571 0.0000
-319.9895 0.0000
-320.6368 0.0000
-321.1677 0.0000
-320.6175 0.0000
-320.9579 0.0000
-320.9695 0.0000
-320.3561 0.0000
-320.6487 0.0000
-319.4109 0.0000
-321.6816 0.0000
-321.0683 0.0000
-319.6519 0.0000
-321.4381 0.0000
-320.1981 0.0000
-320.2428 0.0000
-320.9369 0.0000
-321.6967 0.0000
-320.7509 0.0000
-320.3940 0.0000
-320.8164 0.0000
-320.2238 0.0000
-320.4508 0.0000
-320.5098 0.0000
-320.6489 0.0000
-321.3594 0.0000
-320.0890 0.0000
-319.7782 0.0000
-321.6332 0.0000
-321.0107 0.0000
-321.3149 0.0000
-320.8665 0.0000
-320.1361 0.0000
-320.9880 0.0000
-321.2937 0.0000
-320.6283 0.0000
-321.3724 0.0000
-321.5523 0.0000
-320.0009 0.0000
-320.1125 0.0000
-320.9551 0.0000
-320.6457 0.0000
-321.6346 0.0000
-320.8545 0.0000
-320.7092 0.0000
-320.7960 0.0000
-321.1173 0.0000
-319.8764 0.0000
-320.2479 0.0000
-321.6397 0.0000
-321.5098 0.0000
-320.9510 0.0000
-321.1187 0.0000
-320.8834 0.0000
-319.7455 0.0000
-320.3641 0.0000
-320.8303 0.0000
-320.0148 0.0000
-320.0198 0.0000
-321.7438 0.0000
-321.3855 0.0000
-322.2151 0.0000
-320.1503 0.0000
-320.4794 0.0000
-320.9863 0.0000
-320.8072 0.0000
-319.2027 0.0000
-321.0445 0.0000
-321.2223 0.0000
-321.0704 0.0000
-320.5154 0.0000
-320.1248 0.0000
-321.0462 0.0000
-319.7384 0.0000
-319.2452 0.0000
-320.4024 0.0000
-320.6565 0.0000
-320.1649 0.0000
-320.9728 0.0000
-320.1334 0.0000
-321.3029 0.0000
-320.6692 0.0000
-318.9262 0.0000
-320.9453 0.0000
-320.9575 0.0000
-320.3322 0.0000
-319.1676 0.0000
-321.4206 0.0000
-320.9494 0.0000
-322.0286 0.0000
-319.1522 0.0000
-320.5308 0.0000
-321.1719 0.0000
-320.3351 0.0000
-321.5207 0.0000
-320.4137 0.0000
-320.3157 0.0000
-322.6670 0.0000
-321.2901 0.0000
-320.7237 0.0000
-319.8574 0.0000
-320.9779 0.0000
-319.9898 0.0000
-320.4839 0.0000
-320.4030 0.0000
-320.9585 0.0000
-320.1937 0.0000
-320.2400 0.0000
-321.2076 0.0000
-321.2299 0.0000
-320.1290 0.0000
-320.8676 0.0000
-321.5074 0.0000
-321.2660 0.0000
-321.4365 0.0000
-320.2998 0.0000
-320.5551 0.0000
-320.0099 0.0000
-319.9007 0.0000
-320.5349 0.0000
-320.0730 0.0000
-320.3543 0.0000
-320.3401 0.0000
-321.6188 0.0000
-319.4850 0.0000
-319.1478 0.0000
-319.0796 0.0000
-320.2642 0.0000
-321.1273 0.0000
-320.4488 0.0000
-320.6914 0.0000
-320.2443 0.0000
-322.0348 0.0000
-320.5807 0.0000
-319.9825 0.0000
-321.5447 0.0000
-320.8793 0.0000
-320.1076 0.0000
-320.7305 0.0000
-321.9002 0.0000
-320.5241 0.0000
-320.2356 0.0000
-321.6664 0.0000
-321.1548 0.0000
-320.7546 0.0000
-321.0140 0.0000
-320.4500 0.0000
-322.0526 0.0000
-321.3085 0.0000
-321.5128 0.0000
-321.8225 0.0000
-320.0760 0.0000
-321.4465 0.0000
-320.9757 0.0000
-320.5244 0.0000
-320.1386 0.0000
-320.3998 0.0000
-319.1732 0.0000
-321.1051 0.0000
-321.3658 0.0000
-321.6662 0.0000
-320.5307 0.0000
-320.8113 0.0000
-319.6820 0.0000
-320.8540 0.0000
-319.8393 0.0000
-320.6093 0.0000
-321.6228 0.0000
-321.1938 0.0000
-320.7585 0.0000
-319.8238 0.0000
-321.0384 0.0000
-321.3209 0.0000
-320.5523 0.0000
-319.8464 0.0000
-321.8065 0.0000
-319.5251 0.0000
-319.5777 0.0000
-321.9083 0.0000
-320.9347 0.0000
-320.2002 0.0000
-320.0897 0.0000
-321.6319 0.0000
-320.3437 0.0000
-320.5637 0.0000
-321.8765 0.0000
-320.2348 0.0000
-321.2309 0.0000
-320.4418 0.0000
-321.8077 0.0000
-322.1016 0.0000
-320.3215 0.0000
-321.2594 0.0000
-320.9834 0.0000
-321.4850 0.0000
-320.5329 0.0000
-322.0665 0.0000
-320.9130 0.0000
-321.7972 0.0000
-320.9838 0.0000
-320.4838 0.0000
-320.7511 0.0000
-322.2239 0.0000
-319.1906 0.0000
-319.8832 0.0000
-321.3390 0.0000
-320.5464 0.0000
-321.4298 0.0000
-320.7565 0.0000
-320.3102 0.0000
-320.9981 0.0000
-320.7903 0.0000
-321.2694 0.0000
-320.5441 0.0000
-321.3409 0.0000
-320.7352 0.0000
-321.1940 0.0000
-320.1550 0.0000
-321.3133 0.0000
-320.1811 0.0000
-321.3945 0.0000
-320.7104 0.0000
-320.5505 0.0000
-321.3582 0.0000
-321.3700 0.0000
-320.2192 0.0000
-320.3692 0.0000
-321.0709 0.0000
-321.4545 0.0000
-320.6907 0.0000
-321.3672 0.0000
-321.9006 0.0000
-320.4087 0.0000
-320.2894 0.0000
-321.1650 0.0000
-320.4001 0.0000
-321.5290 0.0000
-320.5667 0.0000
-319.9822 0.0000
-320.0793 0.0000
-320.6962 0.0000
-321.6884 0.0000
-321.9317 0.0000
-320.0880 0.0000
-321.0885 0.0000
-320.3375 0.0000
-320.6297 0.0000
-321.2355 0.0000
-320.3460 0.0000
-319.3257 0.0000
-320.6640 0.0000
-320.7270 0.0000
-319.5721 0.0000
-320.1070 0.0000
-321.3788 0.0000
-321.1670 0.0000
-319.5817 0.0000
-319.7934 0.0000
-321.0550 0.0000
-319.9246 0.0000
-321.2352 0.0000
-321.2853 0.0000
-321.0447 0.0000
-320.3626 0.0000
-320.7248 0.0000
-320.7807 0.0000
-321.3197 0.0000
-321.5211 0.0000
-320.7493 0.0000
-320.4989 0.0000
-321.1016 0.0000
-320.1563 0.0000
-320.5669 0.0000
-321.3349 0.0000
-321.0234 0.0000
-321.0396 0.0000
-320.0285 0.0000
-320.6158 0.0000
-321.2186 0.0000
-321.1377 0.0000
-319.6931 0.0000
-321.0185 0.0000
-320.8150 0.0000
-320.4441 0.0000
-321.8510 0.0000
-320.9900 0.0000
-320.4622 0.0000
-320.6759 0.0000
-320.5843 0.0000
-321.4935 0.0000
-321.2936 0.0000
-320.3495 0.0000
-319.6663 0.0000
-320.0635 0.0000
-320.5580 0.0000
-319.2389 0.0000
-319.8601 0.0000
-320.7658 0.0000
-321.0478 0.0000
-321.3863 0.0000
-320.5818 0.0000
-320.6693 0.0000
-321.3189 0.0000
-321.3502 0.0000
-321.2090 0.0000
-319.4313 0.0000
-319.9733 0.0000
-321.4003 0.0000
-320.8153 0.0000
-320.1178 0.0000
-321.6552 0.0000
-321.2274 0.0000
-319.1971 0.0000
-318.9366 0.0000
-320.7817 0.0000
-321.0465 0.0000
-320.7142 0.0000
-319.9820 0.0000
-319.4559 0.0000
-320.0651 0.0000
-320.5596 0.0000
-320.5601 0.0000
-320.5007 0.0000
-321.1557 0.0000
-320.3724 0.0000
-321.1972 0.0000
-320.7857 0.0000
-319.0390 0.0000
-320.9824 0.0000
-321.7417 0.0000
-321.0896 0.0000
-320.6500 0.0000
-319.9781 0.0000
-320.9951 0.0000
-320.0793 0.0000
-319.9817 0.0000
-320.7242 0.0000
-320.5832 0.0000
-319.5225 0.0000
-320.1844 0.0000
-321.3651 0.0000
-319.9245 0.0000
-320.4834 0.0000
-321.5961 0.0000
-319.8244 0.0000
-321.4592 0.0000
-320.1446 0.0000
-321.0662 0.0000
-321.2490 0.0000
-320.0123 0.0000
-321.0931 0.0000
-320.7879 0.0000
-321.7301 0.0000
-319.8087 0.0000
-320.9200 0.0000
-321.3682 0.0000
-320.8394 0.0000
-319.9061 0.0000
-320.3803 0.0000
-320.1880 0.0000
-320.3212 0.0000
-321.2355 0.0000
-319.7655 0.0000
-320.5387 0.0000
-320.5701 0.0000
-321.2035 0.0000
-321.6038 0.0000
-321.4475 0.0000
-319.0275 0.0000
-321.3034 0.0000
-320.7569 0.0000
-321.2197 0.0000
-319.7047 0.0000
-321.2643 0.0000
-321.5316 0.0000
-319.3872 0.0000
-321.1874 0.0000
-320.6696 0.0000
-320.5923 0.0000
-320.9965 0.0000
-321.1653 0.0000
-321.0253 0.0000
-320.3484 0.0000
-320.8819 0.0000
-321.1260 0.0000
-321.0051 0.0000
-320.3557 0.0000
-321.2295 0.0000
-321.7955 0.0000
-320.5497 0.0000
-320.4121 0.0000
-321.0577 0.0000
-320.6645 0.0000
-321.1267 0.0000
-320.1413 0.0000
-320.2172 0.0000
-321.1466 0.0000
-321.6026 0.0000
-321.1226 0.0000
-322.6182 0.0000
-321.9739 0.0000
-320.1779 0.0000
-320.8917 0.0000
-320.6785 0.0000
-319.9656 0.0000
-321.0871 0.0000
-319.3762 0.0000
-320.7393 0.0000
-320.6076 0.0000
-320.1466 0.0000
-320.5505 0.0000
-319.4830 0.0000
-319.6802 0.0000
-321.8515 0.0000
-320.6968 0.0000
-320.6920 0.0000
-321.1018 0.0000
-321.3454 0.0000
-321.3150 0.0000
-321.6010 0.0000
-321.3547 0.0000
-320.1893 0.0000
-320.6111 0.0000
-319.7956 0.0000
-321.1194 0.0000
-320.0892 0.0000
-320.9599 0.0000
-320.8954 0.0000
-321.1061 0.0000
-321.0305 0.0000
-321.5654 0.0000
-319.7077 0.0000
-321.1365 0.0000
-320.8822 0.0000
-321.1977 0.0000
-319.5640 0.0000
-319.8000 0.0000
-320.3882 0.0000
-319.9689 0.0000
-321.3201 0.0000
-320.4047 0.0000
-320.6912 0.0000
-321.3296 0.0000
-320.4931 0.0000
-320.8474 0.0000
-320.7379 0.0000
-320.2067 0.0000
-320.5776 0.0000
-320.8352 0.0000
-321.0179 0.0000
-321.0514 0.0000
-320.2112 0.0000
-321.6323 0.0000
-321.1127 0.0000
-320.3562 0.0000
-319.5412 0.0000
-321.0459 0.0000
-321.3127 0.0000
-321.2171 0.0000
-321.6341 0.0000
-321.6316 0.0000
-320.6849 0.0000
-320.4801 0.0000
-320.4980 0.0000
-320.6723 0.0000
-321.9007 0.0000
-321.3168 0.0000
-320.9558 0.0000
-319.6603 0.0000
-321.4180 0.0000
-320.5181 0.0000
-320.7989 0.0000
-320.9414 0.0000
-320.9865 0.0000
-319.4910 0.0000
-321.1968 0.0000
-321.3201 0.0000
-320.6560 0.0000
-321.3352 0.0000
-320.2095 0.0000
-321.2427 0.0000
-321.4690 0.0000
-320.8398 0.0000
-320.8863 0.0000
-320.3112 0.0000
-320.7332 0.0000
-321.2442 0.0000
-321.5141 0.0000
-320.5430 0.0000
-320.9484 0.0000
-321.1367 0.0000
-321.1559 0.0000
-321.3034 0.0000
-321.7710 0.0000
-320.9647 0.0000
-320.8650 0.0000
-320.8126 0.0000
-320.2464 0.0000
-321.1718 0.0000
-320.1223 0.0000
-319.8358 0.0000
-320.8690 0.0000
-320.7878 0.0000
-320.6849 0.0000
-320.8053 0.0000
-321.1189 0.0000
-320.8664 0.0000
-321.2661 0.0000
-321.0638 0.0000
-321.0049 0.0000
-320.9801 0.0000
-320.7250 0.0000
-320.1561 0.0000
-319.8787 0.0000
-320.3985 0.0000
-320.1357 0.0000
-320.0781 0.0000
-320.5244 0.0000
-320.7737 0.0000
-321.4770 0.0000
-321.2085 0.0000
-321.2123 0.0000
-321.3409 0.0000
-320.2772 0.0000
-320.7441 0.0000
-320.6949 0.0000
-320.0827 0.0000
-320.6012 0.0000
-321.3199 0.0000
-321.3003 0.0000
-320.6962 0.0000
-320.2490 0.0000
-320.0861 0.0000
-319.5194 0.0000
-321.2818 0.0000
-320.3266 0.0000
-319.5531 0.0000
-320.3086 0.0000
-320.9779 0.0000
-320.9065 0.0000
-320.7290 0.0000
-319.6793 0.0000
-320.8611 0.0000
-320.5036 0.0000
-320.6624 0.0000
-320.1336 0.0000
-321.9662 0.0000
-320.9436 0.0000
-320.3068 0.0000
-320.9432 0.0000
-320.4571 0.0000
-321.5228 0.0000
-320.2678 0.0000
-321.4949 0.0000
-321.6994 0.0000
-320.7793 0.0000
-320.4498 0.0000
-321.1127 0.0000
-320.7830 0.0000
-320.3178 0.0000
-321.2110 0.0000
-319.5553 0.0000
-321.0976 0.0000
-320.1395 0.0000
-320.6152 0.0000
-320.2253 0.0000
-320.1396 0.0000
-319.4747 0.0000
-319.5763 0.0000
-319.9432 0.0000
-320.3733 0.0000
-321.0726 0.0000
-320.4508 0.0000
-320.6865 0.0000
-321.3494 0.0000
-320.1645 0.0000
-321.2055 0.0000
-320.9923 0.0000
-320.8685 0.0000
-319.7905 0.0000
-321.3555 0.0000
-320.9670 0.0000
-321.6823 0.0000
-320.7489 0.0000
-320.0769 0.0000
-319.9818 0.0000
-320.4490 0.0000
-319.2124 0.0000
-319.9325 0.0000
-320.2941 0.0000
-320.8498 0.0000
-320.4724 0.0000
-320.6651 0.0000
-321.1157 0.0000
-320.3981 0.0000
-321.8965 0.0000
-319.9914 0.0000
-321.4085 0.0000
-320.4233 0.0000
-321.1849 0.0000
-320.0612 0.0000
-320.2906 0.0000
-319.8359 0.0000
-321.0748 0.0000
-320.8719 0.0000
-320.6087 0.0000
-321.0610 0.0000
-322.6159 0.0000
-320.9050 0.0000
-321.5997 0.0000
-319.8210 0.0000
-320.8726 0.0000
-320.4340 0.0000
-320.9534 0.0000
-320.7376 0.0000
-321.8192 0.0000
-320.4689 0.0000
-319.9467 0.0000
-320.3134 0.0000
-320.0875 0.0000
-321.3517 0.0000
-321.3063 0.0000
-320.2098 0.0000
-320.0228 0.0000
-319.9367 0.0000
-319.8446 0.0000
-321.7551 0.0000
-320.1570 0.0000
-320.9968 0.0000
-320.2097 0.0000
-319.7871 0.0000
-321.1803 0.0000
-320.7952 0.0000
-321.1153 0.0000
-320.7933 0.0000
-320.0601 0.0000
-320.0937 0.0000
-319.7532 0.0000
-320.9796 0.0000
-320.9605 0.0000
-321.1293 0.0000
-321.1060 0.0000
-320.9262 0.0000
-320.6532 0.0000
-320.1372 0.0000
-322.2614 0.0000
-321.0913 0.0000
-321.0887 0.0000
-321.5353 0.0000
-320.1304 0.0000
-319.7363 0.0000
-320.3984 0.0000
-320.7687 0.0000
-320.8173 0.0000
-320.3001 0.0000
-321.0166 0.0000
-321.9168 0.0000
-320.6136 0.0000
-321.7417 0.0000
-321.3310 0.0000
-321.6843 0.0000
-320.5110 0.0000
-320.6645 0.0000
-320.9948 0.0000
-319.6056 0.0000
-320.4790 0.0000
-321.5093 0.0000
-322.3975 0.0000
-320.5416 0.0000
-319.5578 0.0000
-320.8021 0.0000
-319.6803 0.0000
-321.8564 0.0000
-320.2494 0.0000
-319.8882 0.0000
-321.5874 0.0000
-321.3104 0.0000
-320.2905 0.0000
-320.8022 0.0000
-320.8679 0.0000
-320.5924 0.0000
-321.2443 0.0000
-320.9038 0.0000
-320.1857 0.0000
-320.6628 0.0000
-320.4110 0.0000
-320.9045 0.0000
-320.8897 0.0000
-321.2174 0.0000
-321.6068 0.0000
-321.9331 0.0000
-321.0860 0.0000
-321.1642 0.0000
-319.6933 0.0000
-319.9600 0.0000
-320.2426 0.0000
-320.1647 0.0000
-320.3209 0.0000
-320.7188 0.0000
-321.2757 0.0000
-320.6450 0.0000
-321.5484 0.0000
-320.7392 0.0000
-320.7712 0.0000
-321.0614 0.0000
-320.4113 0.0000
-321.0684 0.0000
-319.9768 0.0000
-320.3439 0.0000
-320.7897 0.0000
-320.6097 0.0000
-321.4975 0.0000
-321.0698 0.0000
-319.9684 0.0000
-320.1642 0.0000
-321.8630 0.0000
-321.1373 0.0000
-320.8244 0.0000
-321.1679 0.0000
-321.2860 0.0000
-321.2341 0.0000
-319.6904 0.0000
-321.1407 0.0000
-321.5265 0.0000
-320.1700 0.0000
-321.3038 0.0000
-321.2180 0.0000
-321.1032 0.0000
-321.4278 0.0000
-320.9355 0.0000
-320.3048 0.0000
-320.9836 0.0000
-321.7612 0.0000
-321.5082 0.0000
-320.9233 0.0000
-320.6356 0.0000
-319.8065 0.0000
-321.5073 0.0000
-321.0642 0.0000
-320.8530 0.0000
-321.9814 0.0000
-321.5067 0.0000
-320.0532 0.0000
-320.4797 0.0000
-320.9279 0.0000
-321.0577 0.0000
-321.4388 0.0000
-321.1007 0.0000
-320.4156 0.0000
-319.9878 0.0000
-320.6379 0.0000
-319.6670 0.0000
-321.0595 0.0000
-320.5952 0.0000
-319.8158 0.0000
-321.2873 0.0000
-320.0993 0.0000
-320.1788 0.0000
-320.8418 0.0000
-320.5528 0.0000
-320.5937 0.0000
-320.4708 0.0000
-320.1357 0.0000
-320.1191 0.0000
-321.5334 0.0000
-322.2541 0.0000
-320.8244 0.0000
-320.9656 0.0000
-321.1327 0.0000
-321.3767 0.0000
-321.6844 0.0000
-319.7343 0.0000
-320.2821 0.0000
-321.6068 0.0000
-320.2714 0.0000
-320.6802 0.0000
-320.7419 0.0000
-321.8486 0.0000
-320.0755 0.0000
-320.4695 0.0000
-320.6516 0.0000
-320.9948 0.0000
-320.9251 0.0000
-320.5573 0.0000
-321.2330 0.0000
-321.2242 0.0000
-320.2212 0.0000
-321.6657 0.0000
-320.6128 0.0000
-320.6251 0.0000
-320.1780 0.0000
-320.6929 0.0000
-320.8620 0.0000
-320.9163 0.0000
-320.4202 0.0000
-320.2678 0.0000
-321.2186 0.0000
-321.2012 0.0000
-320.9333 0.0000
-320.5523 0.0000
-321.4845 0.0000
-320.7561 0.0000
-320.4895 0.0000
-321.7974 0.0000
-320.3465 0.0000
-321.6290 0.0000
-321.8240 0.0000
-320.9738 0.0000
-320.9235 0.0000
-321.4002 0.0000
-319.9918 0.0000
-320.6561 0.0000
-319.9693 0.0000
-321.1017 0.0000
-321.3754 0.0000
-320.5712 0.0000
-320.9911 0.0000
-321.1150 0.0000
-321.3056 0.0000
-319.3587 0.0000
-321.1727 0.0000
-320.1572 0.0000
-321.9284 0.0000
-320.2164 0.0000
-320.8252 0.0000
-320.5154 0.0000
-320.8041 0.0000
-320.8556 0.0000
-321.5106 0.0000
-321.0371 0.0000
-320.7749 0.0000
-321.7539 0.0000
-319.4545 0.0000
-321.1098 0.0000
-319.4432 0.0000
-321.9325 0.0000
-320.3577 0.0000
-321.3469 0.0000
-320.6232 0.0000
-320.6818 0.0000
-320.1938 0.0000
-320.2425 0.0000
-320.1599 0.0000
-321.4899 0.0000
-319.8799 0.0000
-320.5916 0.0000
-319.8277 0.0000
-321.9201 0.0000
-319.4176 0.0000
-321.7300 0.0000
-321.8646 0.0000
-320.3382 0.0000
-320.9292 0.0000
-321.5158 0.0000
-320.8548 0.0000
-320.5409 0.0000
-320.5142 0.0000
-320.8109 0.0000
-320.0964 0.0000
-320.5475 0.0000
-319.9999 0.0000
-321.0887 0.0000
-319.9558 0.0000
-320.1625 0.0000
-319.5171 0.0000
-321.9918 0.0000
-320.8369 0.0000
-321.3908 0.0000
-320.7139 0.0000
-320.6902 0.0000
-320.0545 0.0000
-320.2356 0.0000
-319.7098 0.0000
-320.6625 0.0000
-320.1777 0.0000
-320.2618 0.0000
-320.7160 0.0000
-320.8286 0.0000
-321.1904 0.0000
-320.8992 0.0000
-321.7923 0.0000
-321.1962 0.0000
-319.4556 0.0000
-320.8303 0.0000
-320.7186 0.0000
-319.2667 0.0000
-321.3631 0.0000
-320.2955 0.0000
-321.8062 0.0000
-321.2437 0.0000
-321.6010 0.0000
-322.0101 0.0000
-321.1605 0.0000
-321.6455 0.0000
-320.3482 0.0000
-319.3787 0.0000
-321.2816 0.0000
-320.9848 0.0000
-320.7457 0.0000
-320.3503 0.0000
-320.1261 0.0000
-320.9407 0.0000
-320.6884 0.0000
-320.6272 0.0000
-321.0509 0.0000
-320.8014 0.0000
-320.3328 0.0000
-319.1053 0.0000
-320.4131 0.0000
-319.7609 0.0000
-321.3212 0.0000
-320.3562 0.0000
-320.4525 0.0000
-320.3564 0.0000
-319.7329 0.0000
-320.2816 0.0000
-320.1037 0.0000
-319.5765 0.0000
-321.4160 0.0000
-320.9184 0.0000
-320.8677 0.0000
-320.6167 0.0000
-320.9062 0.0000
-320.5042 0.0000
-321.2045 0.0000
-320.9875 0.0000
-321.0648 0.0000
-321.2161 0.0000
-321.9073 0.0000
-321.5881 0.0000
-320.6648 0.0000
-320.5973 0.0000
-321.5663 0.0000
-319.8507 0.0000
-320.0348 0.0000
-321.4808 0.0000
-320.5724 0.0000
-321.8014 0.0000
-320.6561 0.0000
-321.1833 0.0000
-320.8499 0.0000
-320.1072 0.0000
-321.3156 0.0000
-320.6692 0.0000
-321.3889 0.0000
-319.8579 0.0000
-320.3613 0.0000
-320.3526 0.0000
-322.0235 0.0000
-321.7369 0.0000
-320.7540 0.0000
-321.4154 0.0000
-321.2877 0.0000
-320.7478 0.0000
-320.8849 0.0000
-319.7582 0.0000
-321.9224 0.0000
-321.2718 0.0000
-321.3855 0.0000
-320.4696 0.0000
-319.0417 0.0000
-320.7317 0.0000
-320.4996 0.0000
-321.9601 0.0000
-321.2362 0.0000
-320.5003 0.0000
-319.8126 0.0000
-321.2378 0.0000
-319.4950 0.0000
-321.1874 0.0000
-320.9783 0.0000
-321.3466 0.0000
-321.3657 0.0000
-320.4631 0.0000
-321.8377 0.0000
-320.4785 0.0000
-320.2643 0.0000
-321.0974 0.0000
-320.2462 0.0000
-320.8937 0.0000
-321.1598 0.0000
-320.6841 0.0000
-319.7954 0.0000
-320.8618 0.0000
-320.9972 0.0000
-320.1934 0.0000
-320.8295 0.0000
-320.6632 0.0000
-320.6975 0.0000
-319.8509 0.0000
-320.2791 0.0000
-320.6928 0.0000
-321.0720 0.0000
-321.3116 0.0000
-320.7165 0.0000
-320.5601 0.0000
-321.2475 0.0000
-320.1778 0.0000
-319.5253 0.0000
-320.8901 0.0000
-321.0391 0.0000
-320.1650 0.0000
-320.2677 0.0000
-320.1924 0.0000
-320.7898 0.0000
-319.3419 0.0000
-320.4165 0.0000
-321.2797 0.0000
-320.0830 0.0000
-320.7771 0.0000
-321.3441 0.0000
-319.2778 0.0000
-320.5605 0.0000
-321.0254 0.0000
-320.5090 0.0000
-320.6135 0.0000
-320.9446 0.0000
-320.8956 0.0000
-320.0996 0.0000
-321.7706 0.0000
-320.0881 0.0000
-320.5457 0.0000
-320.3242 0.0000
-320.7069 0.0000
-320.6230 0.0000
-320.6111 0.0000
-320.1058 0.0000
-320.2774 0.0000
-321.5038 0.0000
-320.5766 0.0000
-320.2348 0.0000
-321.5447 0.0000
-319.4219 0.0000
-320.4318 0.0000
-320.9734 0.0000
-321.8084 0.0000
-321.0960 0.0000
-320.1005 0.0000
-320.7404 0.0000
-320.5679 0.0000
-321.7608 0.0000
-321.4510 0.0000
-320.3747 0.0000
-320.0881 0.0000
-320.4683 0.0000
-321.8343 0.0000
-319.1834 0.0000
-321.0614 0.0000
-321.6389 0.0000
-320.9866 0.0000
-320.5802 0.0000
-319.9061 0.0000
-320.8609 0.0000
-321.7332 0.0000
-320.9458 0.0000
-319.1078 0.0000
-320.7867 0.0000
-321.7157 0.0000
-320.7034 0.0000
-320.5281 0.0000
-320.4609 0.0000
-320.0869 0.0000
-320.4408 0.0000
-319.6125 0.0000
-320.2598 0.0000
-320.7422 0.0000
-320.9647 0.0000
-320.5242 0.0000
-321.1781 0.0000
-321.1582 0.0000
-320.2478 0.0000
-320.8104 0.0000
-319.7267 0.0000
-321.4241 0.0000
-320.6823 0.0000
-320.1140 0.0000
-320.7724 0.0000
-320.2218 0.0000
-319.5452 0.0000
-320.7831 0.0000
-320.3662 0.0000
-319.2843 0.0000
-321.2413 0.0000
-321.0000 0.0000
-321.0626 0.0000
-321.1909 0.0000
-320.3407 0.0000
-320.6213 0.0000
-321.4980 0.0000
-320.2637 0.0000
-321.5839 0.0000
-320.1927 0.0000
-321.3030 0.0000
-320.2502 0.0000
-322.2875 0.0000
-320.4960 0.0000
-319.5019 0.0000
-320.0836 0.0000
-320.5120 0.0000
-321.1184 0.0000
-320.3178 0.0000
-319.6270 0.0000
-321.4444 0.0000
-319.2113 0.0000
-320.8962 0.0000
-320.9655 0.0000
-321.3998 0.0000
-320.6379 0.0000
-321.3562 0.0000
-320.5007 0.0000
-320.6811 0.0000
-320.1718 0.0000
-320.8248 0.0000
-320.3567 0.0000
-319.7082 0.0000
-321.1766 0.0000
-319.7559 0.0000
-320.4153 0.0000
-320.3682 0.0000
-321.2904 0.0000
-321.8222 0.0000
-320.4647 0.0000
-320.8344 0.0000
-321.0764 0.0000
-320.2615 0.0000
-321.3751 0.0000
-320.2841 0.0000
-321.7859 0.0000
-321.7618 0.0000
-320.6766 0.0000
-320.8960 0.0000
-320.4231 0.0000
-320.1974 0.0000
-320.3401 0.0000
-320.4101 0.0000
-320.7995 0.0000
-320.6999 0.0000
-320.7833 0.0000
-320.7381 0.0000
-321.6962 0.0000
-320.0571 0.0000
-319.7189 0.0000
-319.9965 0.0000
-320.6237 0.0000
-320.3647 0.0000
-320.4376 0.0000
-321.3786 0.0000
-320.6127 0.0000
-320.1442 0.0000
-319.2006 0.0000
-320.8390 0.0000
-320.8106 0.0000
-319.9742 0.0000
-320.8283 0.0000
-320.6860 0.0000
-319.9463 0.0000
-320.3241 0.0000
-320.6661 0.0000
-320.1971 0.0000
-321.0582 0.0000
-319.6778 0.0000
-320.5747 0.0000
-320.4167 0.0000
-319.6777 0.0000
-320.9817 0.0000
-321.4651 0.0000
-320.3944 0.0000
-321.4913 0.0000
-320.7299 0.0000
-319.8790 0.0000
-319.9774 0.0000
-319.9611 0.0000
-320.9437 0.0000
-321.8649 0.0000
-320.9268 0.0000
-321.1742 0.0000
-319.8469 0.0000
-320.5695 0.0000
-321.3182 0.0000
-321.7780 0.0000
-320.8545 0.0000
-321.2463 0.0000
-320.2422 0.0000
-320.4121 0.0000
-320.8284 0.0000
-319.4764 0.0000
-322.0200 0.0000
-320.9021 0.0000
-320.5204 0.0000
-320.9389 0.0000
-319.6489 0.0000
-320.2232 0.0000
-321.2889 0.0000
-320.5476 0.0000
-320.6117 0.0000
-320.8100 0.0000
-320.6026 0.0000
-320.3613 0.0000
-320.5449 0.0000
-320.7806 0.0000
-320.8497 0.0000
-320.8630 0.0000
-320.6011 0.0000
-320.6237 0.0000
-321.3145 0.0000
-320.1640 0.0000
-319.8322 0.0000
-320.6913 0.0000
-320.1136 0.0000
-320.0613 0.0000
-320.9544 0.0000
-320.5410 0.0000
-321.1234 0.0000
-321.6163 0.0000
-321.1016 0.0000
-320.8161 0.0000
-320.3432 0.0000
-321.1961 0.0000
-319.9106 0.0000
-320.7071 0.0000
-320.7266 0.0000
-320.0800 0.0000
-321.5752 0.0000
-320.5659 0.0000
-320.3041 0.0000
-321.1337 0.0000
-320.8945 0.0000
-321.4776 0.0000
-321.5745 0.0000
-321.2554 0.0000
-320.5963 0.0000
-320.1202 0.0000
-320.8078 0.0000
-319.8373 0.0000
-320.6437 0.0000
-320.7134 0.0000
-321.5667 0.0000
-320.3999 0.0000
-320.1105 0.0000
-319.7902 0.0000
-320.6558 0.0000
-320.3391 0.0000
-321.2478 0.0000
-321.0714 0.0000
-321.2984 0.0000
-321.3931 0.0000
-320.7161 0.0000
-320.8923 0.0000
-320.9758 0.0000
-320.3747 0.0000
-321.3036 0.0000
-321.1636 0.0000
-320.1863 0.0000
-320.6289 0.0000
-321.4466 0.0000
-320.2629 0.0000
-320.4478 0.0000
-320.6580 0.0000
-320.5760 0.0000
-320.4292 0.0000
-320.4957 0.0000
-320.4990 0.0000
-321.7233 0.0000
-320.0904 0.0000
-320.7954 0.0000
-321.9236 0.0000
-321.7032 0.0000
-321.1651 0.0000
-321.6100 0.0000
-320.5302 0.0000
-320.7696 0.0000
-320.7153 0.0000
-319.8618 0.0000
-319.8779 0.0000
-321.1364 0.0000
-321.0658 0.0000
-321.0548 0.0000
-320.2065 0.0000
-321.1026 0.0000
-320.2427 0.0000
-320.5502 0.0000
-320.4771 0.0000
-320.4185 0.0000
-320.3959 0.0000
-320.9569 0.0000
-321.1997 0.0000
-321.4432 0.0000
-320.9565 0.0000
-319.9112 0.0000
-320.2916 0.0000
-320.8117 0.0000
-320.5170 0.0000
-320.9544 0.0000
-319.5843 0.0000
-320.6374 0.0000
-320.8265 0.0000
-320.8498 0.0000
-320.6054 0.0000
-321.4902 0.0000
-319.6909 0.0000
-319.5759 0.0000
-321.4079 0.0000
-320.4036 0.0000
-321.2164 0.0000
-321.2993 0.0000
-320.5254 0.0000
-319.8807 0.0000
-321.4935 0.0000
-319.8651 0.0000
-320.8238 0.0000
-319.7350 0.0000
-320.5676 0.0000
-320.5380 0.0000
-321.1366 0.0000
-320.4635 0.0000
-321.7035 0.0000
-319.8494 0.0000
-321.4102 0.0000
-319.8493 0.0000
-321.4207 0.0000
-320.4783 0.0000
-319.7979 0.0000
-320.2321 0.0000
-320.3460 0.0000
-321.2349 0.0000
-320.6640 0.0000
-319.7953 0.0000
-320.9797 0.0000
-321.6440 0.0000
-321.1175 0.0000
-320.0495 0.0000
-319.1585 0.0000
-320.6681 0.0000
-320.2736 0.0000
-320.5794 0.0000
-319.9811 0.0000
-320.3403 0.0000
-321.0866 0.0000
-320.1873 0.0000
-321.7775 0.0000
-321.0892 0.0000
-320.0911 0.0000
-320.5264 0.0000
-321.1311 0.0000
-320.8518 0.0000
-320.0223 0.0000
-320.6667 0.0000
-319.4825 0.0000
-320.7727 0.0000
-321.2411 0.0000
-320.5718 0.0000
-320.5762 0.0000
-322.1609 0.0000
-320.4385 0.0000
-321.0621 0.0000
-320.7238 0.0000
-320.9997 0.0000
-321.7785 0.0000
-320.3458 0.0000
-320.2817 0.0000
-321.5808 0.0000
-320.3389 0.0000
-320.5267 0.0000
-321.3107 0.0000
-320.5888 0.0000
-321.6202 0.0000
-322.2070 0.0000
-321.3303 0.0000
-321.7457 0.0000
-319.7770 0.0000
-320.8766 0.0000
-319.5814 0.0000
-320.9484 0.0000
-321.3123 0.0000
-320.9572 0.0000
-320.5704 0.0000
-320.8724 0.0000
-321.5118 0.0000
-320.8638 0.0000
-319.7109 0.0000
-320.9959 0.0000
-321.8830 0.0000
-320.5501 0.0000
-320.8368 0.0000
-319.9169 0.0000
-319.5147 0.0000
-320.9015 0.0000
-319.6475 0.0000
-322.1019 0.0000
-320.6105 0.0000
-321.2521 0.0000
-321.4488 0.0000
-321.4753 0.0000
-320.6794 0.0000
-320.7113 0.0000
-319.7265 0.0000
-320.0074 0.0000
-322.1188 0.0000
-321.1579 0.0000
-321.0414 0.0000
-320.0771 0.0000
-320.0943 0.0000
-320.9541 0.0000
-321.6807 0.0000
-320.4471 0.0000
-321.2012 0.0000
-321.0078 0.0000
-321.3732 0.0000
-320.1486 0.0000
-320.7352 0.0000
-321.4888 0.0000
-321.2913 0.0000
-320.4645 0.0000
-320.2463 0.0000
-321.4896 0.0000
-320.5731 0.0000
-320.6663 0.0000
-320.4909 0.0000
-320.6954 0.0000
-320.9027 0.0000
-320.2712 0.0000
-322.0773 0.0000
-320.4055 0.0000
-320.5945 0.0000
-320.4446 0.0000
-321.9204 0.0000
-320.3645 0.0000
-319.9638 0.0000
-321.0228 0.0000
-319.9187 0.0000
-320.9357 0.0000
-319.8813 0.0000
-320.4937 0.0000
-321.2835 0.0000
-319.9896 0.0000
-320.1559 0.0000
-320.7328 0.0000
-321.7153 0.0000
-321.1299 0.0000
-320.7207 0.0000
-320.9429 0.0000
-320.4224 0.0000
-320.0703 0.0000
-320.8493 0.0000
-321.1222 0.0000
-320.9839 0.0000
-319.9201 0.0000
-320.0804 0.0000
-321.0435 0.0000
-320.1596 0.0000
-319.7166 0.0000
-320.2447 0.0000
-320.2640 0.0000
-320.6450 0.0000
-320.3074 0.0000
-320.5642 0.0000
-320.7227 0.0000
-319.8508 0.0000
-320.9076 0.0000
-320.9924 0.0000
-319.8361 0.0000
-321.5684 0.0000
-320.3093 0.0000
-319.7053 0.0000
-320.1719 0.0000
-320.6052 0.0000
-320.2324 0.0000
-321.8133 0.0000
-320.1867 0.0000
-320.7807 0.0000
-321.2805 0.0000
-319.7488 0.0000
-321.1311 0.0000
-321.0901 0.0000
-320.2163 0.0000
-319.7176 0.0000
-320.1206 0.0000
-319.6860 0.0000
-321.3690 0.0000
-320.5560 0.0000
-320.1265 0.0000
-319.6113 0.0000
-320.7880 0.0000
-320.4335 0.0000
-320.4255 0.0000
-321.0085 0.0000
-320.1848 0.0000
-320.8100 0.0000
-320.9013 0.0000
-320.9058 0.0000
-320.2979 0.0000
-321.4460 0.0000
-320.6621 0.0000
-321.5742 0.0000
-320.9899 0.0000
-321.3307 0.0000
-320.5489 0.0000
-320.8860 0.0000
-319.8115 0.0000
-321.7643 0.0000
-321.4353 0.0000
-319.4663 0.0000
-321.1243 0.0000
-320.6771 0.0000
-320.8708 0.0000
-320.9333 0.0000
-321.6848 0.0000
-319.7158 0.0000
-321.0091 0.0000
-321.5943 0.0000
-320.9250 0.0000
-320.5130 0.0000
-320.8949 0.0000
-320.9804 0.0000
-320.5885 0.0000
-321.6036 0.0000
-320.2867 0.0000
-321.1178 0.0000
-318.8383 0.0000
-320.5610 0.0000
-321.3019 0.0000
-318.8132 0.0000
-320.8264 0.0000
-320.1353 0.0000
-320.5414 0.0000
-321.6645 0.0000
-320.9904 0.0000
-320.4055 0.0000
-322.0153 0.0000
-321.2049 0.0000
-320.3577 0.0000
-320.9673 0.0000
-320.4886 0.0000
-320.7109 0.0000
-320.3040 0.0000
-320.5818 0.0000
-320.7256 0.0000
-320.7078 0.0000
-321.4540 0.0000
-319.6401 0.0000
-320.3543 0.0000
-321.1769 0.0000
-320.1739 0.0000
-320.2625 0.0000
-320.2797 0.0000
-321.1711 0.0000
-319.5886 0.0000
-320.9826 0.0000
-319.5644 0.0000
-320.7433 0.0000
-320.7270 0.0000
-321.3307 0.0000
-321.4037 0.0000
-320.4669 0.0000
-320.8824 0.0000
-321.2047 0.0000
-320.0612 0.0000
-319.7902 0.0000
-320.1464 0.0000
-320.8700 0.0000
-320.3512 0.0000
-320.4695 0.0000
-320.4314 0.0000
-321.1194 0.0000
-321.2310 0.0000
-321.7407 0.0000
-320.2580 0.0000
-318.2879 0.0000
-320.3452 0.0000
-321.0092 0.0000
-320.1202 0.0000
-320.2595 0.0000
-320.6336 0.0000
-320.9201 0.0000
-321.7084 0.0000
-320.4167 0.0000
-320.8166 0.0000
-321.8142 0.0000
-320.2183 0.0000
-320.0673 0.0000
-320.1556 0.0000
-321.6438 0.0000
-320.7853 0.0000
-319.8056 0.0000
-319.6253 0.0000
-319.5993 0.0000
-319.9837 0.0000
-320.8644 0.0000
-320.2927 0.0000
-320.3825 0.0000
-320.5727 0.0000
-320.8456 0.0000
-321.8367 0.0000
-320.6693 0.0000
-320.3637 0.0000
-320.9341 0.0000
-320.1110 0.0000
-319.4362 0.0000
-320.4832 0.0000
-320.5130 0.0000
-321.6742 0.0000
-320.4334 0.0000
-320.5983 0.0000
-320.6927 0.0000
-321.0237 0.0000
-319.7396 0.0000
-320.7442 0.0000
-321.6583 0.0000
-319.8641 0.0000
-320.0429 0.0000
-320.8552 0.0000
-320.9458 0.0000
-320.2353 0.0000
-320.7963 0.0000
-320.7267 0.0000
-321.3640 0.0000
-320.3964 0.0000
-320.0584 0.0000
-321.1347 0.0000
-319.6494 0.0000
-320.4053 0.0000
-320.4784 0.0000
-321.2192 0.0000
-319.4481 0.0000
-320.4371 0.0000
-319.9084 0.0000
-320.3789 0.0000
-320.9759 0.0000
-320.6148 0.0000
-319.6317 0.0000
-320.8327 0.0000
-320.9768 0.0000
-320.5487 0.0000
-320.4273 0.0000
-321.3527 0.0000
-321.1081 0.0000
-320.5884 0.0000
-320.0209 0.0000
-321.4136 0.0000
-320.4574 0.0000
-320.6762 0.0000
-319.3842 0.0000
-320.7136 0.0000
-321.7598 0.0000
-320.3424 0.0000
-321.1251 0.0000
-319.8757 0.0000
-320.7819 0.0000
-320.5086 0.0000
-322.0649 0.0000
-320.1389 0.0000
-321.8456 0.0000
-320.7158 0.0000
-320.7785 0.0000
-320.4470 0.0000
-320.1110 0.0000
-321.0485 0.0000
-320.2455 0.0000
-321.4738 0.0000
-321.4829 0.0000
-320.6941 0.0000
-320.4047 0.0000
-321.8919 0.0000
-321.3383 0.0000
-319.7283 0.0000
-321.1832 0.0000
-321.7013 0.0000
-321.2087 0.0000
-321.0595 0.0000
-320.4842 0.0000
-320.9806 0.0000
-319.8277 0.0000
-320.6215 0.0000
-321.2902 0.0000
-320.5800 0.0000
-320.9188 0.0000
-320.9443 0.0000
-320.6095 0.0000
-321.9322 0.0000
-320.4475 0.0000
-320.8402 0.0000
-320.4984 0.0000
-319.9924 0.0000
-320.0462 0.0000
-321.0397 0.0000
-321.2466 0.0000
-320.8683 0.0000
-320.9334 0.0000
-320.2821 0.0000
-320.9626 0.0000
-320.0223 0.0000
-320.8875 0.0000
-321.8416 0.0000
-320.1958 0.0000
-319.8389 0.0000
-321.1740 0.0000
-321.0407 0.0000
-321.5387 0.0000
-320.9435 0.0000
-320.9239 0.0000
-320.6404 0.0000
-321.5202 0.0000
-320.9868 0.0000
-321.7439 0.0000
-320.2798 0.0000
-319.8916 0.0000
-320.8044 0.0000
-320.7644 0.0000
-322.1430 0.0000
-320.2240 0.0000
-321.4291 0.0000
-320.5047 0.0000
-320.4354 0.0000
-321.6833 0.0000
-319.9516 0.0000
-320.4180 0.0000
-320.3702 0.0000
-320.6712 0.0000
-319.7824 0.0000
-320.2591 0.0000
-321.2098 0.0000
-320.6840 0.0000
-321.2430 0.0000
-319.5142 0.0000
-320.9451 0.0000
-320.7858 0.0000
-321.0040 0.0000
-319.9679 0.0000
-321.0940 0.0000
-320.5268 0.0000
-320.8540 0.0000
-320.6532 0.0000
-320.5132 0.0000
-321.1642 0.0000
-319.9258 0.0000
-319.7056 0.0000
-320.6924 0.0000
-321.1626 0.0000
-319.7411 0.0000
-320.8509 0.0000
-321.1318 0.0000
-319.8134 0.0000
-321.0516 0.0000
-321.4746 0.0000
-320.1029 0.0000
-321.3116 0.0000
-320.0578 0.0000
-320.9493 0.0000
-321.2718 0.0000
-321.6737 0.0000
-321.6769 0.0000
-321.2044 0.0000
-320.8253 0.0000
-321.5744 0.0000
-321.0464 0.0000
-321.1755 0.0000
-321.0933 0.0000
-321.9587 0.0000
-320.2888 0.0000
-321.1054 0.0000
-321.2180 0.0000
-320.0154 0.0000
-321.0707 0.0000
-320.4442 0.0000
-319.3969 0.0000
-321.1983 0.0000
-320.0712 0.0000
-320.3955 0.0000
-322.0678 0.0000
-321.1907 0.0000
-321.1672 0.0000
-320.7804 0.0000
-321.1380 0.0000
-321.1167 0.0000
-319.5884 0.0000
-320.2893 0.0000
-321.2305 0.0000
-322.1902 0.0000
-321.3973 0.0000
-320.5579 0.0000
-322.1402 0.0000
-321.3546 0.0000
-320.9633 0.0000
-319.9843 0.0000
-320.4341 0.0000
-320.0994 0.0000
-321.0750 0.0000
-321.7303 0.0000
-321.2048 0.0000
-321.1917 0.0000
-321.3165 0.0000
-320.5540 0.0000
-320.7873 0.0000
-319.1779 0.0000
-320.7475 0.0000
-320.3170 0.0000
-321.0461 0.0000
-320.5528 0.0000
-320.7902 0.0000
-319.9820 0.0000
-321.1095 0.0000
-320.0957 0.0000
-321.9899 0.0000
-320.8125 0.0000
-320.7584 0.0000
-320.5898 0.0000
-320.1991 0.0000
-320.4819 0.0000
-320.2371 0.0000
-319.9171 0.0000
-321.0894 0.0000
-319.2941 0.0000
-320.1487 0.0000
-321.0080 0.0000
-321.3109 0.0000
-320.3256 0.0000
-320.7957 0.0000
-321.5215 0.0000
-321.2510 0.0000
-321.1834 0.0000
-320.4724 0.0000
-320.8121 0.0000
-321.9518 0.0000
-321.3380 0.0000
-319.6903 0.0000
-320.0923 0.0000
-320.2209 0.0000
-321.0963 0.0000
-321.6333 0.0000
-320.4203 0.0000
-319.9766 0.0000
-320.8750 0.0000
-321.1254 0.0000
-320.6913 0.0000
-320.7326 0.0000
-320.4035 0.0000
-320.5422 0.0000
-320.2517 0.0000
-321.8113 0.0000
-320.2260 0.0000
-320.7090 0.0000
-320.3109 0.0000
-321.1945 0.0000
-321.0160 0.0000
-321.7559 0.0000
-321.1346 0.0000
-319.7729 0.0000
-322.3870 0.0000
-320.3928 0.0000
-319.9450 0.0000
-320.5110 0.0000
-319.5855 0.0000
-322.2438 0.0000
-320.9416 0.0000
-320.2518 0.0000
-319.8561 0.0000
-320.8569 0.0000
-319.9544 0.0000
-321.2731 0.0000
-320.5728 0.0000
-320.7264 0.0000
-320.8229 0.0000
-320.1976 0.0000
-320.3955 0.0000
-321.2569 0.0000
-320.3812 0.0000
-320.3862 0.0000
-321.5905 0.0000
-320.5399 0.0000
-319.9791 0.0000
-320.7308 0.0000
-321.2734 0.0000
-319.9901 0.0000
-320.1793 0.0000
-320.0582 0.0000
-321.2476 0.0000
-319.9701 0.0000
-320.9574 0.0000
-319.6328 0.0000
-321.1538 0.0000
-320.7660 0.0000
-321.0990 0.0000
-321.0673 0.0000
-320.8146 0.0000
-320.3948 0.0000
-321.3486 0.0000
-320.1519 0.0000
-320.9195 0.0000
-319.5875 0.0000
-321.1773 0.0000
-320.4924 0.0000
-320.6057 0.0000
-321.0097 0.0000
-320.8929 0.0000
-320.9317 0.0000
-320.4637 0.0000
-320.8604 0.0000
-320.7928 0.0000
-318.8647 0.0000
-319.1702 0.0000
-320.9523 0.0000
-320.3163 0.0000
-321.1671 0.0000
-319.3471 0.0000
-320.4519 0.0000
-319.7510 0.0000
-319.8154 0.0000
-320.4222 0.0000
-320.2871 0.0000
-320.2294 0.0000
-319.8075 0.0000
-320.7241 0.0000
-321.1516 0.0000
-321.5705 0.0000
-320.8151 0.0000
-320.2405 0.0000
-320.2732 0.0000
-320.9854 0.0000
-321.4938 0.0000
-319.7385 0.0000
-320.8033 0.0000
-320.5972 0.0000
-320.6045 0.0000
-320.3382 0.0000
-322.0086 0.0000
-320.9650 0.0000
-321.4443 0.0000
-319.7223 0.0000
-320.3485 0.0000
-320.5880 0.0000
-319.7638 0.0000
-320.8800 0.0000
-322.2480 0.0000
-320.6119 0.0000
-320.6443 0.0000
-320.8687 0.0000
-321.3544 0.0000
-321.4567 0.0000
-320.6241 0.0000
-319.9877 0.0000
-320.0646 0.0000
-321.3716 0.0000
-320.7306 0.0000
-320.9816 0.0000
-320.8556 0.0000
-321.7490 0.0000
-320.2407 0.0000
-321.0820 0.0000
-321.5371 0.0000
-320.2303 0.0000
-319.9377 0.0000
-320.8021 0.0000
-320.1455 0.0000
-321.7906 0.0000
-321.0769 0.0000
-320.8314 0.0000
-320.5268 0.0000
-321.5340 0.0000
-320.2977 0.0000
-321.9050 0.0000
-320.7909 0.0000
-321.7470 0.0000
-321.0444 0.0000
-320.0927 0.0000
-321.7417 0.0000
-319.5800 0.0000
-319.9199 0.0000
-319.9950 0.0000
-320.8941 0.0000
-320.6582 0.0000
-319.2348 0.0000
-320.9929 0.0000
-320.9201 0.0000
-320.9066 0.0000
-321.1129 0.0000
-321.2744 0.0000
-320.3239 0.0000
-320.7974 0.0000
-321.3813 0.0000
-321.2606 0.0000
-321.6712 0.0000
-319.9499 0.0000
-320.6991 0.0000
-319.8771 0.0000
-320.7296 0.0000
-321.3680 0.0000
-321.7606 0.0000
-320.7076 0.0000
-320.8674 0.0000
-320.4860 0.0000
-321.3183 0.0000
-320.2130 0.0000
-320.1911 0.0000
-320.8919 0.0000
-322.1244 0.0000
-320.5273 0.0000
-321.6827 0.0000
-320.4272 0.0000
-320.3597 0.0000
-321.2114 0.0000
-320.0688 0.0000
-320.6099 0.0000
-320.3199 0.0000
-320.7064 0.0000
-321.1407 0.0000
-320.9701 0.0000
-320.2938 0.0000
-319.9407 0.0000
-320.2634 0.0000
-320.5363 0.0000
-320.3015 0.0000
-320.5550 0.0000
-322.5675 0.0000
-320.7422 0.0000
-320.6195 0.0000
-321.4174 0.0000
-320.6935 0.0000
-320.5354 0.0000
-320.1779 0.0000
-320.3571 0.0000
-320.1463 0.0000
-320.9532 0.0000
-320.1709 0.0000
-320.4584 0.0000
-320.7563 0.0000
-321.2181 0.0000
-321.3615 0.0000
-320.1835 0.0000
-321.5280 0.0000
-320.8604 0.0000
-320.7571 0.0000
-320.1642 0.0000
-320.6476 0.0000
-320.4841 0.0000
-321.2420 0.0000
-319.5677 0.0000
-320.6851 0.0000
-320.6502 0.0000
-320.1360 0.0000
-321.1124 0.0000
-321.0915 0.0000
-320.0424 0.0000
-321.0262 0.0000
-321.8126 0.0000
-321.3303 0.0000
-321.0461 0.0000
-321.1737 0.0000
-320.9023 0.0000
-320.7731 0.0000
-321.1586 0.0000
-321.5682 0.0000
-320.9004 0.0000
-321.2513 0.0000
-320.2962 0.0000
-321.7179 0.0000
-320.4702 0.0000
-321.7552 0.0000
-319.2462 0.0000
-320.5533 0.0000
-319.9815 0.0000
-320.5307 0.0000
-319.9564 0.0000
-320.7702 0.0000
-321.3709 0.0000
-321.1450 0.0000
-321.6318 0.0000
-319.7295 0.0000
-321.0183 0.0000
-322.1310 0.0000
-319.4234 0.0000
-321.3943 0.0000
-320.5840 0.0000
-321.3980 0.0000
-320.1038 0.0000
-319.6011 0.0000
-320.3386 0.0000
-321.0450 0.0000
-320.6128 0.0000
-321.2284 0.0000
-320.5002 0.0000
-320.6213 0.0000
-320.9943 0.0000
-320.8359 0.0000
-320.2210 0.0000
-320.3812 0.0000
-320.4974 0.0000
-319.7133 0.0000
-321.8069 0.0000
-320.1861 0.0000
-319.6940 0.0000
-319.4010 0.0000
-320.0861 0.0000
-320.3383 0.0000
-320.6284 0.0000
-320.3110 0.0000
-320.5947 0.0000
-321.6867 0.0000
-321.7805 0.0000
-320.5319 0.0000
-319.9906 0.0000
-320.3720 0.0000
-320.4873 0.0000
-320.7014 0.0000
-319.0214 0.0000
-320.7097 0.0000
-320.5192 0.0000
-319.2760 0.0000
-321.1026 0.0000
-320.8256 0.0000
-320.4877 0.0000
-320.5354 0.0000
-321.1757 0.0000
-320.5850 0.0000
-320.0910 0.0000
-320.4595 0.0000
-321.0698 0.0000
-320.7935 0.0000
-321.2337 0.0000
-321.3380 0.0000
-322.1124 0.0000
-319.3695 0.0000
-320.0452 0.0000
-320.9420 0.0000
-320.9489 0.0000
-321.7038 0.0000
-319.2770 0.0000
-321.3964 0.0000
-319.7277 0.0000
-320.4746 0.0000
-320.7383 0.0000
-321.3198 0.0000
-320.3019 0.0000
-320.5092 0.0000
-320.3027 0.0000
-319.9732 0.0000
-319.0658 0.0000
-320.2852 0.0000
-320.4156 0.0000
-320.6735 0.0000
-321.2202 0.0000
-320.8413 0.0000
-321.2260 0.0000
-322.1263 0.0000
-320.9282 0.0000
-321.0261 0.0000
-320.3952 0.0000
-320.2715 0.0000
-320.1878 0.0000
-320.6445 0.0000
-320.4354 0.0000
-320.6160 0.0000
-321.2931 0.0000
-321.1290 0.0000
-319.9131 0.0000
-321.6640 0.0000
-321.8914 0.0000
-320.9349 0.0000
-320.3268 0.0000
-320.4812 0.0000
-321.7037 0.0000
-320.8754 0.0000
-319.6768 0.0000
-319.9783 0.0000
-319.9726 0.0000
-320.0621 0.0000
-322.0746 0.0000
-320.3459 0.0000
-321.4304 0.0000
-320.9567 0.0000
-320.0386 0.0000
-321.8132 0.0000
-321.0487 0.0000
-321.0243 0.0000
-319.3815 0.0000
-320.4410 0.0000
-321.4931 0.0000
-320.1214 0.0000
-319.9238 0.0000
-320.4490 0.0000
-320.6109 0.0000
-320.7635 0.0000
-321.5216 0.0000
-319.8740 0.0000
-320.8697 0.0000
-320.9936 0.0000
-320.8634 0.0000
-320.5016 0.0000
-321.0870 0.0000
-319.9383 0.0000
-320.4857 0.0000
-320.8036 0.0000
-321.2306 0.0000
-320.7025 0.0000
-322.1368 0.0000
-320.6602 0.0000
-321.3521 0.0000
-321.3615 0.0000
-320.9888 0.0000
-321.2703 0.0000
-320.0916 0.0000
-320.3450 0.0000
-321.0548 0.0000
-320.8355 0.0000
-320.8753 0.0000
-320.9636 0.0000
-320.9575 0.0000
-321.0165 0.0000
-320.9860 0.0000
-320.7981 0.0000
-320.7190 0.0000
-321.4203 0.0000
-321.0144 0.0000
-320.3773 0.0000
-319.4212 0.0000
-319.4299 0.0000
-320.9171 0.0000
-320.8694 0.0000
-320.6035 0.0000
-320.1859 0.0000
-321.2197 0.0000
-320.7103 0.0000
-320.8667 0.0000
-320.0215 0.0000
-321.9750 0.0000
-320.9801 0.0000
-320.1675 0.0000
-321.5936 0.0000
-320.4110 0.0000
-320.1846 0.0000
-320.1791 0.0000
-321.1360 0.0000
-321.2603 0.0000
-319.7243 0.0000
-320.1020 0.0000
-319.5576 0.0000
-319.7678 0.0000
-320.8623 0.0000
-319.8105 0.0000
-320.8240 0.0000
-320.7718 0.0000
-320.6301 0.0000
-319.8255 0.0000
-320.1654 0.0000
-320.3884 0.0000
-320.9869 0.0000
-320.9609 0.0000
-320.1986 0.0000
-320.9068 0.0000
-320.4258 0.0000
-321.2023 0.0000
-319.2230 0.0000
-321.8482 0.0000
-321.0783 0.0000
-320.4473 0.0000
-320.2579 0.0000
-320.2225 0.0000
-320.3093 0.0000
-320.4309 0.0000
-320.6040 0.0000
-321.6513 0.0000
-320.4393 0.0000
-319.0627 0.0000
-320.6180 0.0000
-320.2272 0.0000
-321.2333 0.0000
-319.6614 0.0000
-321.7518 0.0000
-321.2556 0.0000
-319.1739 0.0000
-319.8237 0.0000
-321.0479 0.0000
-321.2638 0.0000
-319.6826 0.0000
-320.4698 0.0000
-320.4839 0.0000
-320.8969 0.0000
-320.7581 0.0000
-319.4208 0.0000
-320.4232 0.0000
-320.6315 0.0000
-320.5919 0.0000
-319.9059 0.0000
-320.8263 0.0000
-319.8231 0.0000
-321.2278 0.0000
-320.0265 0.0000
-321.3412 0.0000
-320.4296 0.0000
-320.4209 0.0000
-319.6640 0.0000
-320.5116 0.0000
-320.8684 0.0000
-321.4112 0.0000
