-100.0000 -100.0000
-333.5237 0.0000
-333.3839 0.0000
-333.9820 0.0000
-333.7658 0.0000
-333.9781 0.0000
-333.3505 0.0000
-334.0546 0.0000
-334.1392 0.0000
-334.7037 0.0000
-334.3544 0.0000
-334.4562 0.0000
-335.2461 0.0000
-334.1826 0.0000
-334.3917 0.0000
-335.0825 0.0000
-334.5284 0.0000
-334.5454 0.0000
-333.7099 0.0000
-333.3711 0.0000
-333.3454 0.0000
-333.8104 0.0000
-333.6780 0.0000
-333.0937 0.0000
-334.2569 0.0000
-331.8792 0.0000
-331.5843 0.0000
-332.1430 0.0000
-333.3938 0.0000
-332.1216 0.0000
-331.4279 0.0000
-331.8478 0.0000
-331.3824 0.0000
-331.7068 0.0000
-331.9445 0.0000
-331.7492 0.0000
-331.5976 0.0000
-331.3270 0.0000
-332.7851 0.0000
-331.0911 0.0000
-331.3822 0.0000
-331.4550 0.0000
-331.0854 0.0000
-330.4702 0.0000
-331.2638 0.0000
-331.0843 0.0000
-332.5127 0.0000
-331.5717 0.0000
-330.6708 0.0000
-330.3536 0.0000
-330.1385 0.0000
-329.9250 0.0000
-329.8064 0.0000
-330.4476 0.0000
-330.0953 0.0000
-329.4514 0.0000
-328.9357 0.0000
-328.7636 0.0000
-328.6388 0.0000
-329.0262 0.0000
-328.6665 0.0000
-328.6287 0.0000
-329.0402 0.0000
-328.5447 0.0000
-328.8347 0.0000
-329.5381 0.0000
-330.6561 0.0000
-330.2289 0.0000
-329.8895 0.0000
-329.7524 0.0000
-330.1426 0.0000
-329.6854 0.0000
-329.4934 0.0000
-328.9280 0.0000
-328.5305 0.0000
-329.0805 0.0000
-329.1254 0.0000
-328.8713 0.0000
-330.1960 0.0000
-329.2391 0.0000
-329.0437 0.0000
-329.4888 0.0000
-331.3568 0.0000
-328.3331 0.0000
-328.0799 0.0000
-329.1481 0.0000
-329.5808 0.0000
-329.4866 0.0000
-329.6315 0.0000
-329.3633 0.0000
-330.0429 0.0000
-330.6107 0.0000
-330.2447 0.0000
-330.0269 0.0000
-330.2173 0.0000
-330.0506 0.0000
-329.7226 0.0000
-329.8419 0.0000
-328.9256 0.0000
-328.3560 0.0000
-328.2015 0.0000
-328.6707 0.0000
-329.0945 0.0000
-328.6770 0.0000
-329.0665 0.0000
-328.7673 0.0000
-329.1849 0.0000
-328.6124 0.0000
-329.2066 0.0000
-328.3934 0.0000
-329.4175 0.0000
-328.3468 0.0000
-328.0047 0.0000
-326.1104 0.0000
-326.3321 0.0000
-327.0686 0.0000
-327.6273 0.0000
-328.2014 0.0000
-327.3742 0.0000
-327.8958 0.0000
-328.3191 0.0000
-327.6305 0.0000
-327.5977 0.0000
-327.1631 0.0000
-327.6177 0.0000
-326.7557 0.0000
-327.4896 0.0000
-328.2116 0.0000
-326.7345 0.0000
-326.4953 0.0000
-327.6814 0.0000
-328.5913 0.0000
-327.9592 0.0000
-327.2751 0.0000
-327.5712 0.0000
-327.7910 0.0000
-328.1034 0.0000
-327.8788 0.0000
-327.2236 0.0000
-326.2471 0.0000
-325.6843 0.0000
-326.6600 0.0000
-324.2464 0.0000
-324.8388 0.0000
-325.5939 0.0000
-325.9177 0.0000
-326.0616 0.0000
-327.1824 0.0000
-326.9369 0.0000
-328.0712 0.0000
-327.6044 0.0000
-328.1846 0.0000
-329.7840 0.0000
-328.5987 0.0000
-328.1524 0.0000
-327.8341 0.0000
-328.4990 0.0000
-327.6839 0.0000
-327.1401 0.0000
-326.9820 0.0000
-327.7641 0.0000
-329.0216 0.0000
-328.3895 0.0000
-329.5018 0.0000
-330.2555 0.0000
-329.5752 0.0000
-329.5943 0.0000
-328.3195 0.0000
-327.1590 0.0000
-328.9134 0.0000
-328.4647 0.0000
-328.6957 0.0000
-328.1664 0.0000
-329.0644 0.0000
-329.6626 0.0000
-329.7008 0.0000
-329.6729 0.0000
-328.1643 0.0000
-328.4834 0.0000
-328.2423 0.0000
-328.0867 0.0000
-328.2985 0.0000
-328.9309 0.0000
-328.1435 0.0000
-326.9344 0.0000
-327.1670 0.0000
-326.1151 0.0000
-326.4384 0.0000
-325.8996 0.0000
-326.0623 0.0000
-326.7840 0.0000
-326.0363 0.0000
-325.1521 0.0000
-325.5937 0.0000
-324.5843 0.0000
-325.4088 0.0000
-324.8926 0.0000
-325.7618 0.0000
-324.4839 0.0000
-325.0942 0.0000
-324.8102 0.0000
-325.3821 0.0000
-324.6426 0.0000
-326.7131 0.0000
-324.3798 0.0000
-324.9229 0.0000
-325.3681 0.0000
-325.5877 0.0000
-325.7179 0.0000
-323.6937 0.0000
-324.7813 0.0000
-324.8678 0.0000
-325.6307 0.0000
-324.2833 0.0000
-325.5866 0.0000
-324.8987 0.0000
-324.8934 0.0000
-323.6719 0.0000
-324.9745 0.0000
-326.2628 0.0000
-325.2846 0.0000
-326.4960 0.0000
-325.6060 0.0000
-324.6131 0.0000
-324.9391 0.0000
-325.2679 0.0000
-325.2902 0.0000
-326.3385 0.0000
-327.3175 0.0000
-326.9022 0.0000
-327.8648 0.0000
-327.2983 0.0000
-327.1308 0.0000
-326.5615 0.0000
-326.8912 0.0000
-328.2413 0.0000
-328.6070 0.0000
-326.0399 0.0000
-326.5796 0.0000
-326.9747 0.0000
-326.5902 0.0000
-326.3939 0.0000
-324.2233 0.0000
-323.9210 0.0000
-323.4576 0.0000
-324.2103 0.0000
-321.5499 0.0000
-321.4086 0.0000
-322.1887 0.0000
-322.2010 0.0000
-323.6888 0.0000
-323.3309 0.0000
-323.4973 0.0000
-324.0802 0.0000
-324.9163 0.0000
-323.0972 0.0000
-323.7387 0.0000
-323.2407 0.0000
-323.4953 0.0000
-323.6395 0.0000
-323.5336 0.0000
-323.3444 0.0000
-321.8482 0.0000
-322.7853 0.0000
-321.3531 0.0000
-321.2824 0.0000
-320.3088 0.0000
-318.8183 0.0000
-319.9106 0.0000
-320.3044 0.0000
-320.3042 0.0000
-321.0744 0.0000
-321.6270 0.0000
-321.3563 0.0000
-321.0713 0.0000
-322.1042 0.0000
-321.7552 0.0000
-321.3003 0.0000
-320.0535 0.0000
-319.9110 0.0000
-319.5119 0.0000
-318.6216 0.0000
-319.6452 0.0000
-319.4930 0.0000
-319.8202 0.0000
-320.7085 0.0000
-319.8594 0.0000
-318.8575 0.0000
-319.6641 0.0000
-319.4714 0.0000
-318.2839 0.0000
-318.4025 0.0000
-319.9220 0.0000
-317.8102 0.0000
-317.6401 0.0000
-317.7757 0.0000
-318.0585 0.0000
-318.7861 0.0000
-318.7481 0.0000
-319.4483 0.0000
-318.8655 0.0000
-319.1209 0.0000
-317.9747 0.0000
-317.3564 0.0000
-318.3190 0.0000
-317.6648 0.0000
-317.1767 0.0000
-317.1803 0.0000
-317.1813 0.0000
-317.2763 0.0000
-316.1116 0.0000
-314.9454 0.0000
-314.9554 0.0000
-315.2301 0.0000
-314.9479 0.0000
-314.0039 0.0000
-314.3732 0.0000
-315.4759 0.0000
-313.9667 0.0000
-313.3809 0.0000
-312.8590 0.0000
-312.6395 0.0000
-313.5192 0.0000
-314.6718 0.0000
-314.5352 0.0000
-313.9921 0.0000
-312.5275 0.0000
-311.8850 0.0000
-311.6562 0.0000
-311.0165 0.0000
-311.2985 0.0000
-310.2777 0.0000
-309.6784 0.0000
-310.3405 0.0000
-310.9030 0.0000
-310.9505 0.0000
-310.6127 0.0000
-310.5606 0.0000
-310.9051 0.0000
-312.1175 0.0000
-310.7848 0.0000
-310.5045 0.0000
-311.3799 0.0000
-312.0147 0.0000
-311.0783 0.0000
-311.6870 0.0000
-311.6677 0.0000
-311.4674 0.0000
-312.2471 0.0000
-311.9871 0.0000
-312.0503 0.0000
-312.1336 0.0000
-312.3932 0.0000
-311.9465 0.0000
-312.6291 0.0000
-311.9797 0.0000
-313.0050 0.0000
-313.7298 0.0000
-313.4070 0.0000
-313.4857 0.0000
-312.4039 0.0000
-313.0578 0.0000
-313.5502 0.0000
-313.7068 0.0000
-314.6748 0.0000
-313.8515 0.0000
-314.5683 0.0000
-314.3126 0.0000
-313.6669 0.0000
-313.1824 0.0000
-314.0798 0.0000
-312.9349 0.0000
-312.7998 0.0000
-313.3232 0.0000
-314.7190 0.0000
-313.5077 0.0000
-313.7955 0.0000
-315.1454 0.0000
-314.3911 0.0000
-316.3471 0.0000
-315.4939 0.0000
-315.0611 0.0000
-313.7279 0.0000
-315.5796 0.0000
-314.5256 0.0000
-314.2385 0.0000
-313.4148 0.0000
-314.1392 0.0000
-313.2853 0.0000
-314.1340 0.0000
-314.1398 0.0000
-314.1314 0.0000
-313.4364 0.0000
-313.2884 0.0000
-313.4173 0.0000
-313.3372 0.0000
-313.2516 0.0000
-314.0308 0.0000
-312.1469 0.0000
-314.0654 0.0000
-314.1531 0.0000
-313.0366 0.0000
-314.5204 0.0000
-314.8550 0.0000
-314.1513 0.0000
-315.2211 0.0000
-313.2842 0.0000
-315.1246 0.0000
-314.2803 0.0000
-314.2143 0.0000
-313.4722 0.0000
-313.4303 0.0000
-314.6620 0.0000
-313.8730 0.0000
-315.8809 0.0000
-315.4190 0.0000
-314.7554 0.0000
-316.0357 0.0000
-314.7376 0.0000
-313.0313 0.0000
-314.3716 0.0000
-313.0096 0.0000
-314.8022 0.0000
-313.7127 0.0000
-315.4218 0.0000
-314.3249 0.0000
-314.4786 0.0000
-312.8879 0.0000
-313.6384 0.0000
-313.5431 0.0000
-313.5366 0.0000
-312.7904 0.0000
-314.8088 0.0000
-314.2256 0.0000
-315.6169 0.0000
-315.3402 0.0000
-312.4993 0.0000
-313.5921 0.0000
-315.4710 0.0000
-315.0487 0.0000
-313.2043 0.0000
-314.3407 0.0000
-313.4324 0.0000
-313.3591 0.0000
-312.7497 0.0000
-313.5399 0.0000
-315.0435 0.0000
-314.6052 0.0000
-315.0189 0.0000
-312.7977 0.0000
-314.6722 0.0000
-313.5633 0.0000
-313.1315 0.0000
-314.0392 0.0000
-314.7667 0.0000
-314.7364 0.0000
-312.7473 0.0000
-314.1420 0.0000
-313.9644 0.0000
-314.7568 0.0000
-315.1667 0.0000
-314.5507 0.0000
-316.1052 0.0000
-314.2516 0.0000
-314.6766 0.0000
-313.9146 0.0000
-313.9188 0.0000
-314.2864 0.0000
-312.9262 0.0000
-313.4813 0.0000
-313.1165 0.0000
-315.6743 0.0000
-314.3984 0.0000
-315.2509 0.0000
-314.2162 0.0000
-313.9660 0.0000
-313.7522 0.0000
-314.3620 0.0000
-313.3956 0.0000
-313.6085 0.0000
-312.8802 0.0000
-313.9900 0.0000
-314.4728 0.0000
-312.9426 0.0000
-314.0968 0.0000
-314.1626 0.0000
-313.0543 0.0000
-314.9075 0.0000
-314.1891 0.0000
-313.6765 0.0000
-313.7608 0.0000
-314.5262 0.0000
-314.5363 0.0000
-314.2627 0.0000
-314.1701 0.0000
-313.9439 0.0000
-314.1413 0.0000
-313.8882 0.0000
-313.4488 0.0000
-314.8583 0.0000
-313.6363 0.0000
-315.6780 0.0000
-314.0621 0.0000
-313.8703 0.0000
-312.9974 0.0000
-314.6625 0.0000
-314.4205 0.0000
-315.5731 0.0000
-314.9805 0.0000
-313.1331 0.0000
-314.3420 0.0000
-314.3712 0.0000
-314.3947 0.0000
-315.4301 0.0000
-314.6781 0.0000
-312.7312 0.0000
-314.0636 0.0000
-314.3630 0.0000
-314.6250 0.0000
-312.8492 0.0000
-314.6128 0.0000
-314.0897 0.0000
-314.0067 0.0000
-313.8618 0.0000
-314.0862 0.0000
-314.9114 0.0000
-313.3483 0.0000
-314.5535 0.0000
-314.4117 0.0000
-313.9329 0.0000
-314.1065 0.0000
-313.9587 0.0000
-314.1645 0.0000
-313.1579 0.0000
-314.1296 0.0000
-314.4513 0.0000
-313.9181 0.0000
-314.3682 0.0000
-313.3331 0.0000
-313.1252 0.0000
-315.1793 0.0000
-315.1421 0.0000
-314.1137 0.0000
-315.3110 0.0000
-315.4569 0.0000
-314.9916 0.0000
-313.6803 0.0000
-314.9583 0.0000
-312.9232 0.0000
-314.4155 0.0000
-316.1209 0.0000
-312.9768 0.0000
-314.2038 0.0000
-313.1962 0.0000
-314.1229 0.0000
-314.0154 0.0000
-313.2946 0.0000
-314.7879 0.0000
-313.6911 0.0000
-313.2094 0.0000
-313.4244 0.0000
-314.8289 0.0000
-314.3103 0.0000
-313.1852 0.0000
-314.8374 0.0000
-313.7609 0.0000
-313.8902 0.0000
-312.7160 0.0000
-316.4663 0.0000
-314.2003 0.0000
-314.5561 0.0000
-313.5182 0.0000
-315.7802 0.0000
-315.3255 0.0000
-315.5138 0.0000
-313.6260 0.0000
-312.1700 0.0000
-314.5107 0.0000
-315.4453 0.0000
-313.5653 0.0000
-313.7121 0.0000
-314.6497 0.0000
-313.6143 0.0000
-314.2100 0.0000
-313.6697 0.0000
-312.9685 0.0000
-314.6673 0.0000
-314.2162 0.0000
-314.7661 0.0000
-313.8746 0.0000
-315.7515 0.0000
-314.0936 0.0000
-313.5729 0.0000
-314.5818 0.0000
-312.7003 0.0000
-313.4478 0.0000
-312.9984 0.0000
-315.9557 0.0000
-315.8699 0.0000
-314.2795 0.0000
-314.3196 0.0000
-314.0788 0.0000
-315.2229 0.0000
-312.4130 0.0000
-313.1651 0.0000
-313.3096 0.0000
-313.2040 0.0000
-313.1620 0.0000
-313.8940 0.0000
-314.8864 0.0000
-314.3642 0.0000
-313.8574 0.0000
-314.8244 0.0000
-313.5638 0.0000
-314.2382 0.0000
-313.4188 0.0000
-313.7050 0.0000
-313.6267 0.0000
-314.7560 0.0000
-313.2410 0.0000
-314.1319 0.0000
-314.0915 0.0000
-312.7170 0.0000
-314.9047 0.0000
-314.7681 0.0000
-313.9553 0.0000
-313.8017 0.0000
-313.0781 0.0000
-315.0228 0.0000
-315.9974 0.0000
-314.7567 0.0000
-315.0650 0.0000
-313.0563 0.0000
-313.7594 0.0000
-313.8686 0.0000
-315.6544 0.0000
-315.0159 0.0000
-313.1129 0.0000
-314.2306 0.0000
-314.1344 0.0000
-313.6704 0.0000
-314.3196 0.0000
-314.4964 0.0000
-314.0896 0.0000
-313.6653 0.0000
-315.2216 0.0000
-314.9095 0.0000
-313.0071 0.0000
-314.6736 0.0000
-311.3060 0.0000
-314.5604 0.0000
-314.5176 0.0000
-313.2943 0.0000
-314.1592 0.0000
-315.0944 0.0000
-314.6187 0.0000
-313.8495 0.0000
-314.7612 0.0000
-314.7419 0.0000
-313.4592 0.0000
-313.7739 0.0000
-314.1421 0.0000
-314.1801 0.0000
-314.5903 0.0000
-314.8508 0.0000
-314.7635 0.0000
-314.4905 0.0000
-314.7770 0.0000
-315.6181 0.0000
-313.7717 0.0000
-314.2744 0.0000
-314.6132 0.0000
-314.7434 0.0000
-313.7529 0.0000
-313.8681 0.0000
-312.7660 0.0000
-315.3117 0.0000
-313.8460 0.0000
-313.2657 0.0000
-315.4561 0.0000
-315.5221 0.0000
-314.7948 0.0000
-314.2684 0.0000
-314.7772 0.0000
-313.2970 0.0000
-313.0948 0.0000
-313.6900 0.0000
-312.6790 0.0000
-314.0010 0.0000
-313.3071 0.0000
-314.9204 0.0000
-313.8127 0.0000
-313.3285 0.0000
-313.9353 0.0000
-315.2663 0.0000
-311.8769 0.0000
-314.7825 0.0000
-313.9702 0.0000
-315.9401 0.0000
-314.4427 0.0000
-314.5138 0.0000
-315.6353 0.0000
-314.4026 0.0000
-314.5813 0.0000
-312.4553 0.0000
-313.8836 0.0000
-314.6322 0.0000
-314.0359 0.0000
-314.4571 0.0000
-314.5338 0.0000
-315.5207 0.0000
-314.6395 0.0000
-313.9892 0.0000
-313.9661 0.0000
-314.2399 0.0000
-314.0093 0.0000
-316.4634 0.0000
-313.9715 0.0000
-313.1052 0.0000
-314.3090 0.0000
-314.5512 0.0000
-315.3156 0.0000
-315.0507 0.0000
-314.6064 0.0000
-313.7483 0.0000
-314.5961 0.0000
-312.7665 0.0000
-315.0148 0.0000
-316.4373 0.0000
-314.4241 0.0000
-313.4681 0.0000
-313.7439 0.0000
-314.9782 0.0000
-314.3345 0.0000
-314.6642 0.0000
-313.1747 0.0000
-315.1645 0.0000
-314.7506 0.0000
-313.1611 0.0000
-315.6705 0.0000
-315.5286 0.0000
-313.5973 0.0000
-313.7149 0.0000
-315.5899 0.0000
-315.2556 0.0000
-313.9548 0.0000
-313.9568 0.0000
-314.7551 0.0000
-313.4842 0.0000
-313.7758 0.0000
-313.8579 0.0000
-314.2871 0.0000
-314.1052 0.0000
-312.7219 0.0000
-313.7937 0.0000
-313.0445 0.0000
-313.9180 0.0000
-313.8882 0.0000
-314.4024 0.0000
-314.6618 0.0000
-314.5204 0.0000
-313.6434 0.0000
-315.2266 0.0000
-313.9432 0.0000
-315.2406 0.0000
-316.7013 0.0000
-313.5708 0.0000
-313.3097 0.0000
-314.6070 0.0000
-314.9054 0.0000
-312.8601 0.0000
-314.8713 0.0000
-314.4912 0.0000
-315.9681 0.0000
-314.6480 0.0000
-314.6692 0.0000
-316.3833 0.0000
-313.7752 0.0000
-314.8249 0.0000
-314.0513 0.0000
-314.2026 0.0000
-315.0627 0.0000
-314.8053 0.0000
-314.9365 0.0000
-314.9035 0.0000
-313.5577 0.0000
-314.3704 0.0000
-313.3786 0.0000
-313.8881 0.0000
-314.2976 0.0000
-313.1614 0.0000
-314.6151 0.0000
-314.8045 0.0000
-312.9594 0.0000
-315.1458 0.0000
-314.1147 0.0000
-313.6937 0.0000
-315.7681 0.0000
-313.0825 0.0000
-312.9170 0.0000
-314.8126 0.0000
-312.6037 0.0000
-314.3178 0.0000
-313.1186 0.0000
-313.4096 0.0000
-313.1114 0.0000
-314.7325 0.0000
-313.8968 0.0000
-314.3292 0.0000
-315.1188 0.0000
-315.1748 0.0000
-312.7838 0.0000
-314.3008 0.0000
-313.7560 0.0000
-315.2029 0.0000
-315.1624 0.0000
-313.2118 0.0000
-313.8327 0.0000
-313.0656 0.0000
-313.6882 0.0000
-313.9841 0.0000
-314.8667 0.0000
-315.8764 0.0000
-315.5142 0.0000
-313.4673 0.0000
-313.3828 0.0000
-314.5214 0.0000
-315.2670 0.0000
-313.9798 0.0000
-313.5236 0.0000
-315.0739 0.0000
-313.3337 0.0000
-314.0847 0.0000
-313.2896 0.0000
-313.1358 0.0000
-314.0913 0.0000
-314.1170 0.0000
-313.4701 0.0000
-314.2114 0.0000
-314.2379 0.0000
-313.8969 0.0000
-314.0906 0.0000
-312.7035 0.0000
-314.6837 0.0000
-313.0693 0.0000
-315.0295 0.0000
-313.8574 0.0000
-314.1637 0.0000
-314.4828 0.0000
-312.9633 0.0000
-314.9514 0.0000
-313.9956 0.0000
-314.1777 0.0000
-316.2397 0.0000
-311.9273 0.0000
-314.4860 0.0000
-314.5321 0.0000
-313.5155 0.0000
-314.7653 0.0000
-315.1989 0.0000
-314.7749 0.0000
-314.7087 0.0000
-314.6517 0.0000
-314.0529 0.0000
-314.5032 0.0000
-315.3603 0.0000
-314.4621 0.0000
-313.5524 0.0000
-311.9265 0.0000
-312.5536 0.0000
-315.5487 0.0000
-313.2586 0.0000
-313.5066 0.0000
-315.5614 0.0000
-312.9016 0.0000
-315.1766 0.0000
-315.4432 0.0000
-313.3368 0.0000
-314.4290 0.0000
-312.4486 0.0000
-313.9771 0.0000
-314.4227 0.0000
-312.9660 0.0000
-313.2262 0.0000
-314.9520 0.0000
-315.0672 0.0000
-314.2372 0.0000
-314.6806 0.0000
-312.2640 0.0000
-313.3947 0.0000
-313.7723 0.0000
-314.1333 0.0000
-313.4246 0.0000
-314.1423 0.0000
-314.6696 0.0000
-314.6145 0.0000
-313.5048 0.0000
-314.1129 0.0000
-314.8966 0.0000
-313.8311 0.0000
-314.7959 0.0000
-314.6265 0.0000
-314.0474 0.0000
-314.0787 0.0000
-313.0819 0.0000
-314.8352 0.0000
-315.1430 0.0000
-313.9384 0.0000
-315.2779 0.0000
-314.3767 0.0000
-314.0925 0.0000
-314.0162 0.0000
-314.2321 0.0000
-316.0194 0.0000
-316.2690 0.0000
-313.3938 0.0000
-313.1695 0.0000
-314.5531 0.0000
-314.2277 0.0000
-312.5957 0.0000
-312.8542 0.0000
-312.4976 0.0000
-313.8324 0.0000
-312.9251 0.0000
-314.8851 0.0000
-315.2921 0.0000
-314.0911 0.0000
-313.3602 0.0000
-314.4648 0.0000
-314.8834 0.0000
-314.9827 0.0000
-313.8695 0.0000
-315.5462 0.0000
-315.1966 0.0000
-314.5227 0.0000
-314.1506 0.0000
-314.6072 0.0000
-314.6531 0.0000
-315.5216 0.0000
-314.2282 0.0000
-314.3759 0.0000
-313.6165 0.0000
-314.0699 0.0000
-312.0806 0.0000
-313.8836 0.0000
-313.8497 0.0000
-314.0018 0.0000
-315.7702 0.0000
-313.3629 0.0000
-314.0038 0.0000
-314.6995 0.0000
-313.3215 0.0000
-314.9947 0.0000
-312.7981 0.0000
-314.7158 0.0000
-313.0051 0.0000
-314.5188 0.0000
-315.1875 0.0000
-313.4889 0.0000
-313.8843 0.0000
-314.1668 0.0000
-313.5340 0.0000
-315.5297 0.0000
-315.2706 0.0000
-313.7613 0.0000
-315.5410 0.0000
-315.0149 0.0000
-314.6144 0.0000
-314.5630 0.0000
-313.9935 0.0000
-315.4173 0.0000
-313.3982 0.0000
-314.2778 0.0000
-313.6675 0.0000
-314.4681 0.0000
-314.3895 0.0000
-315.2446 0.0000
-314.1845 0.0000
-313.4910 0.0000
-313.0864 0.0000
-314.2651 0.0000
-313.8706 0.0000
-314.5860 0.0000
-314.7763 0.0000
-313.2945 0.0000
-312.1333 0.0000
-315.4651 0.0000
-314.5862 0.0000
-314.1005 0.0000
-314.5773 0.0000
-313.7574 0.0000
-314.7608 0.0000
-314.7943 0.0000
-314.8850 0.0000
-313.2845 0.0000
-314.7516 0.0000
-314.2270 0.0000
-313.1783 0.0000
-313.0713 0.0000
-314.0904 0.0000
-313.7015 0.0000
-314.2888 0.0000
-313.4824 0.0000
-312.4695 0.0000
-312.7599 0.0000
-312.9429 0.0000
-313.6076 0.0000
-313.6351 0.0000
-314.6373 0.0000
-314.8776 0.0000
-315.9672 0.0000
-314.7030 0.0000
-313.7845 0.0000
-313.3040 0.0000
-313.3670 0.0000
-314.6449 0.0000
-315.3432 0.0000
-316.2562 0.0000
-314.2551 0.0000
-313.8721 0.0000
-315.7448 0.0000
-313.4378 0.0000
-314.3331 0.0000
-314.4755 0.0000
-313.7814 0.0000
-312.3328 0.0000
-313.8421 0.0000
-313.2767 0.0000
-312.8099 0.0000
-313.7564 0.0000
-313.4078 0.0000
-313.1753 0.0000
-315.3915 0.0000
-314.2448 0.0000
-314.5357 0.0000
-313.7668 0.0000
-312.9917 0.0000
-314.2465 0.0000
-313.8003 0.0000
-313.9873 0.0000
-314.9003 0.0000
-313.5704 0.0000
-314.4002 0.0000
-312.3709 0.0000
-314.0463 0.0000
-315.4718 0.0000
-314.4533 0.0000
-314.7990 0.0000
-314.9244 0.0000
-315.2968 0.0000
-313.2720 0.0000
-315.6172 0.0000
-315.5515 0.0000
-314.7906 0.0000
-315.6822 0.0000
-313.3734 0.0000
-313.8437 0.0000
-313.3134 0.0000
-313.2552 0.0000
-314.5116 0.0000
-314.5161 0.0000
-313.7295 0.0000
-314.9655 0.0000
-313.1673 0.0000
-313.1613 0.0000
-312.3349 0.0000
-314.7254 0.0000
-313.3733 0.0000
-312.8814 0.0000
-314.6187 0.0000
-313.3352 0.0000
-313.8230 0.0000
-314.7724 0.0000
-314.5568 0.0000
-314.3253 0.0000
-314.9426 0.0000
-313.3279 0.0000
-314.3226 0.0000
-312.8659 0.0000
-313.7304 0.0000
-314.4643 0.0000
-313.9051 0.0000
-312.9357 0.0000
-313.6561 0.0000
-313.8289 0.0000
-313.6278 0.0000
-316.1776 0.0000
-314.4721 0.0000
-314.5906 0.0000
-314.3652 0.0000
-314.6386 0.0000
-314.6037 0.0000
-314.5853 0.0000
-314.6355 0.0000
-313.5703 0.0000
-314.8843 0.0000
-315.7773 0.0000
-312.8374 0.0000
-314.8847 0.0000
-314.3078 0.0000
-314.9969 0.0000
-315.1119 0.0000
-314.4061 0.0000
-314.2631 0.0000
-314.9236 0.0000
-314.6452 0.0000
-313.9415 0.0000
-315.8443 0.0000
-314.7632 0.0000
-312.9970 0.0000
-315.5311 0.0000
-315.1952 0.0000
-313.8761 0.0000
-314.2467 0.0000
-314.2690 0.0000
-314.3458 0.0000
-313.9330 0.0000
-312.7934 0.0000
-314.9731 0.0000
-312.6099 0.0000
-313.2178 0.0000
-315.3646 0.0000
-313.0940 0.0000
-312.7057 0.0000
-314.9268 0.0000
-314.9235 0.0000
-313.0839 0.0000
-314.0907 0.0000
-314.6539 0.0000
-315.0435 0.0000
-314.1039 0.0000
-315.7606 0.0000
-313.6191 0.0000
-314.1598 0.0000
-314.3021 0.0000
-315.9007 0.0000
-313.8343 0.0000
-315.1611 0.0000
-312.6001 0.0000
-313.3997 0.0000
-314.5315 0.0000
-313.8629 0.0000
-315.3639 0.0000
-314.7342 0.0000
-314.0115 0.0000
-314.3010 0.0000
-315.1684 0.0000
-314.6841 0.0000
-314.1258 0.0000
-315.5214 0.0000
-313.9464 0.0000
-314.6837 0.0000
-314.8512 0.0000
-314.4218 0.0000
-314.0513 0.0000
-314.4250 0.0000
-314.5894 0.0000
-316.0498 0.0000
-314.9736 0.0000
-314.4815 0.0000
-314.1736 0.0000
-314.4778 0.0000
-315.8728 0.0000
-313.2859 0.0000
-315.8638 0.0000
-315.1399 0.0000
-313.2725 0.0000
-313.7173 0.0000
-313.8134 0.0000
-313.5694 0.0000
-313.8729 0.0000
-314.0937 0.0000
-315.1329 0.0000
-313.5343 0.0000
-313.7110 0.0000
-312.5259 0.0000
-314.4103 0.0000
-314.1307 0.0000
-314.3573 0.0000
-313.3471 0.0000
-313.6982 0.0000
-313.8241 0.0000
-313.5282 0.0000
-314.8540 0.0000
-312.5159 0.0000
-315.1956 0.0000
-314.3898 0.0000
-313.2260 0.0000
-314.0817 0.0000
-313.9651 0.0000
-314.1190 0.0000
-315.9249 0.0000
-313.2794 0.0000
-313.6074 0.0000
-314.2389 0.0000
-313.6960 0.0000
-314.0328 0.0000
-315.3510 0.0000
-314.6849 0.0000
-314.0507 0.0000
-314.5881 0.0000
-313.9474 0.0000
-315.0586 0.0000
-313.2071 0.0000
-314.6763 0.0000
-314.1460 0.0000
-313.6710 0.0000
-314.0298 0.0000
-313.2080 0.0000
-313.8249 0.0000
-313.0970 0.0000
-313.6480 0.0000
-313.5228 0.0000
-313.6141 0.0000
-314.8410 0.0000
-313.9542 0.0000
-314.0318 0.0000
-313.6228 0.0000
-314.8030 0.0000
-313.9002 0.0000
-314.3470 0.0000
-314.5986 0.0000
-313.9819 0.0000
-314.9672 0.0000
-313.9103 0.0000
-313.9113 0.0000
-313.7730 0.0000
-314.1381 0.0000
-314.3530 0.0000
-313.5257 0.0000
-314.6421 0.0000
-315.8236 0.0000
-314.1577 0.0000
-314.5916 0.0000
-312.7360 0.0000
-314.1772 0.0000
-314.0776 0.0000
-314.6198 0.0000
-314.5635 0.0000
-313.2085 0.0000
-313.3392 0.0000
-313.8159 0.0000
-314.7561 0.0000
-313.6672 0.0000
-314.4408 0.0000
-315.1237 0.0000
-313.5902 0.0000
-315.6533 0.0000
-312.2702 0.0000
-313.2603 0.0000
-314.9489 0.0000
-313.9316 0.0000
-314.8908 0.0000
-314.6912 0.0000
-316.2769 0.0000
-314.3776 0.0000
-315.7927 0.0000
-314.7667 0.0000
-314.1131 0.0000
-314.8406 0.0000
-314.2697 0.0000
-312.6605 0.0000
-312.6239 0.0000
-312.0854 0.0000
-314.2593 0.0000
-314.8177 0.0000
-313.7657 0.0000
-312.1283 0.0000
-315.6566 0.0000
-313.8204 0.0000
-313.4441 0.0000
-314.0757 0.0000
-312.3487 0.0000
-312.9371 0.0000
-314.3727 0.0000
-312.9264 0.0000
-313.9134 0.0000
-315.3312 0.0000
-314.6921 0.0000
-314.9538 0.0000
-314.4790 0.0000
-315.3068 0.0000
-313.8987 0.0000
-315.4998 0.0000
-314.3694 0.0000
-314.9315 0.0000
-315.5098 0.0000
-314.5238 0.0000
-313.4695 0.0000
-312.7606 0.0000
-314.1548 0.0000
-314.0657 0.0000
-313.6129 0.0000
-313.6210 0.0000
-313.8616 0.0000
-313.4809 0.0000
-313.5858 0.0000
-314.8528 0.0000
-313.8030 0.0000
-316.0262 0.0000
-314.2802 0.0000
-315.9765 0.0000
-314.4166 0.0000
-314.3850 0.0000
-314.3417 0.0000
-314.5287 0.0000
-313.9993 0.0000
-314.8282 0.0000
-314.1952 0.0000
-314.2616 0.0000
-314.9373 0.0000
-314.0560 0.0000
-313.5065 0.0000
-312.0196 0.0000
-314.5509 0.0000
-314.7083 0.0000
-314.8570 0.0000
-313.9065 0.0000
-315.2514 0.0000
-315.2453 0.0000
-313.3299 0.0000
-313.7804 0.0000
-315.0202 0.0000
-313.4684 0.0000
-313.6605 0.0000
-314.8799 0.0000
-313.6200 0.0000
-314.8552 0.0000
-313.8765 0.0000
-313.1331 0.0000
-313.8517 0.0000
-313.3416 0.0000
-311.9975 0.0000
-314.2987 0.0000
-312.6741 0.0000
-312.7934 0.0000
-314.4154 0.0000
-313.1207 0.0000
-314.6748 0.0000
-314.0759 0.0000
-314.5639 0.0000
-314.3680 0.0000
-315.5997 0.0000
-314.0707 0.0000
-315.9701 0.0000
-314.9187 0.0000
-314.1660 0.0000
-313.9402 0.0000
-313.8268 0.0000
-313.1109 0.0000
-313.0268 0.0000
-313.4401 0.0000
-314.5315 0.0000
-314.0576 0.0000
-315.3290 0.0000
-312.4881 0.0000
-313.6885 0.0000
-314.0419 0.0000
-313.4854 0.0000
-313.8348 0.0000
-313.3301 0.0000
-314.3512 0.0000
-314.6372 0.0000
-315.7595 0.0000
-313.1622 0.0000
-313.5313 0.0000
-313.2091 0.0000
-312.6593 0.0000
-316.1385 0.0000
-314.7331 0.0000
-314.0936 0.0000
-314.3498 0.0000
-313.6291 0.0000
-313.4249 0.0000
-313.7136 0.0000
-315.4147 0.0000
-312.7981 0.0000
-314.3475 0.0000
-313.2411 0.0000
-314.4968 0.0000
-314.0463 0.0000
-313.8999 0.0000
-314.0976 0.0000
-314.2797 0.0000
-313.4481 0.0000
-314.1061 0.0000
-315.2011 0.0000
-314.2740 0.0000
-315.2895 0.0000
-313.7047 0.0000
-315.0331 0.0000
-314.6473 0.0000
-313.7424 0.0000
-315.2652 0.0000
-314.8551 0.0000
-315.2380 0.0000
-314.8036 0.0000
-313.8638 0.0000
-313.0861 0.0000
-315.5768 0.0000
-314.3892 0.0000
-313.6383 0.0000
-314.4553 0.0000
-315.7996 0.0000
-314.0816 0.0000
-312.6051 0.0000
-313.3803 0.0000
-314.1729 0.0000
-313.6685 0.0000
-315.9496 0.0000
-314.6098 0.0000
-314.8064 0.0000
-315.0201 0.0000
-314.0348 0.0000
-313.4499 0.0000
-314.3725 0.0000
-313.2467 0.0000
-315.5632 0.0000
-314.9368 0.0000
-314.6514 0.0000
-313.9270 0.0000
-316.2539 0.0000
-313.7958 0.0000
-314.4143 0.0000
-314.1064 0.0000
-314.9676 0.0000
-315.8510 0.0000
-313.3755 0.0000
-313.8341 0.0000
-314.6127 0.0000
-313.7885 0.0000
-315.3793 0.0000
-314.8646 0.0000
-312.5611 0.0000
-313.9433 0.0000
-314.3768 0.0000
-315.1439 0.0000
-312.7471 0.0000
-314.2176 0.0000
-314.5395 0.0000
-314.8602 0.0000
-315.2727 0.0000
-314.5181 0.0000
-314.5771 0.0000
-313.2542 0.0000
-312.8363 0.0000
-314.1293 0.0000
-313.9943 0.0000
-315.6657 0.0000
-314.5129 0.0000
-313.4921 0.0000
-313.8814 0.0000
-315.3323 0.0000
-313.6514 0.0000
-315.2836 0.0000
-313.7558 0.0000
-315.2678 0.0000
-313.8867 0.0000
-313.9741 0.0000
-314.6121 0.0000
-314.8333 0.0000
-314.1811 0.0000
-314.8971 0.0000
-313.3514 0.0000
-314.1045 0.0000
-314.8227 0.0000
-314.0640 0.0000
-313.8118 0.0000
-312.6161 0.0000
-314.2849 0.0000
-314.0299 0.0000
-314.4046 0.0000
-314.5100 0.0000
-312.5046 0.0000
-314.4190 0.0000
-313.9186 0.0000
-313.0782 0.0000
-313.4959 0.0000
-314.7275 0.0000
-313.8214 0.0000
-314.4952 0.0000
-313.0073 0.0000
-314.8783 0.0000
-313.5250 0.0000
-315.5486 0.0000
-314.9715 0.0000
-312.9668 0.0000
-314.5129 0.0000
-313.1557 0.0000
-314.8358 0.0000
-313.7362 0.0000
-314.5872 0.0000
-313.9240 0.0000
-313.3684 0.0000
-313.5561 0.0000
-313.5545 0.0000
-314.8960 0.0000
-313.9435 0.0000
-314.3678 0.0000
-314.1171 0.0000
-313.6165 0.0000
-314.1066 0.0000
-315.0501 0.0000
-314.1649 0.0000
-314.8649 0.0000
-314.7927 0.0000
-314.8461 0.0000
-313.9698 0.0000
-313.6977 0.0000
-312.8080 0.0000
-313.9389 0.0000
-313.2773 0.0000
-315.4040 0.0000
-313.2386 0.0000
-313.2079 0.0000
-314.2475 0.0000
-314.0832 0.0000
-313.9503 0.0000
-313.9436 0.0000
-314.7310 0.0000
-314.4790 0.0000
-313.8037 0.0000
-313.9523 0.0000
-313.4865 0.0000
-314.1741 0.0000
-313.5227 0.0000
-314.0833 0.0000
-314.9069 0.0000
-313.3883 0.0000
-313.5135 0.0000
-314.4947 0.0000
-314.1080 0.0000
-313.4397 0.0000
-314.4376 0.0000
-314.1601 0.0000
-313.0910 0.0000
-313.9756 0.0000
-314.5611 0.0000
-313.5522 0.0000
-314.7242 0.0000
-314.2237 0.0000
-315.4721 0.0000
-315.1303 0.0000
-313.8128 0.0000
-314.5660 0.0000
-313.9698 0.0000
-313.7444 0.0000
-314.3548 0.0000
-313.8621 0.0000
-313.1303 0.0000
-313.4799 0.0000
-312.0797 0.0000
-315.4906 0.0000
-313.1637 0.0000
-313.4301 0.0000
-314.7152 0.0000
-315.0997 0.0000
-314.0107 0.0000
-313.2828 0.0000
-315.6663 0.0000
-313.1628 0.0000
-314.6811 0.0000
-314.7176 0.0000
-314.3533 0.0000
-314.0212 0.0000
-314.4265 0.0000
-314.8740 0.0000
-313.6282 0.0000
-314.4560 0.0000
-313.0533 0.0000
-311.8664 0.0000
-314.2596 0.0000
-314.3398 0.0000
-314.0843 0.0000
-314.6780 0.0000
-314.0106 0.0000
-314.5589 0.0000
-314.2747 0.0000
-313.3795 0.0000
-313.1182 0.0000
-314.9328 0.0000
-315.0968 0.0000
-312.5592 0.0000
-313.8070 0.0000
-312.9973 0.0000
-314.4268 0.0000
-313.6108 0.0000
-313.5237 0.0000
-315.0696 0.0000
-313.1704 0.0000
-315.2132 0.0000
-313.4129 0.0000
-314.3310 0.0000
-313.4078 0.0000
-313.7754 0.0000
-313.9319 0.0000
-315.0262 0.0000
-313.4153 0.0000
-314.2615 0.0000
-316.6675 0.0000
-314.4594 0.0000
-312.8392 0.0000
-314.6112 0.0000
-313.7072 0.0000
-314.6368 0.0000
-314.7500 0.0000
-313.5402 0.0000
-313.9894 0.0000
-313.4074 0.0000
-312.9034 0.0000
-315.7265 0.0000
-314.1983 0.0000
-314.4795 0.0000
-315.5360 0.0000
-314.2437 0.0000
-315.2670 0.0000
-316.0680 0.0000
-314.0971 0.0000
-313.8288 0.0000
-313.2810 0.0000
-312.8617 0.0000
-314.2725 0.0000
-313.2046 0.0000
-313.1436 0.0000
-312.0158 0.0000
-314.7075 0.0000
-313.3380 0.0000
-314.0856 0.0000
-313.9306 0.0000
-314.3426 0.0000
-313.4515 0.0000
-313.9080 0.0000
-314.5983 0.0000
-315.0710 0.0000
-312.8447 0.0000
-313.2502 0.0000
-312.9042 0.0000
-313.7318 0.0000
-313.6927 0.0000
-314.8699 0.0000
-314.6369 0.0000
-312.7733 0.0000
-314.8476 0.0000
-313.1794 0.0000
-314.7567 0.0000
-314.0418 0.0000
-313.9260 0.0000
-315.1138 0.0000
-315.6848 0.0000
-313.9059 0.0000
-313.9204 0.0000
-313.9837 0.0000
-314.5533 0.0000
-313.1253 0.0000
-314.0924 0.0000
-315.4271 0.0000
-313.9806 0.0000
-313.9192 0.0000
-314.5471 0.0000
-313.7228 0.0000
-314.1259 0.0000
-313.4931 0.0000
-313.3149 0.0000
-313.1660 0.0000
-313.7624 0.0000
-314.8867 0.0000
-315.6639 0.0000
-314.2497 0.0000
-314.6876 0.0000
-314.7869 0.0000
-314.9058 0.0000
-314.6462 0.0000
-314.7751 0.0000
-315.3743 0.0000
-313.7736 0.0000
-315.3101 0.0000
-313.0128 0.0000
-314.3551 0.0000
-315.0887 0.0000
-314.4177 0.0000
-315.4896 0.0000
-312.0322 0.0000
-313.9744 0.0000
-313.8425 0.0000
-313.7729 0.0000
-313.7933 0.0000
-314.8647 0.0000
-314.6444 0.0000
-312.9136 0.0000
-314.8216 0.0000
-314.5372 0.0000
-315.1207 0.0000
-314.4000 0.0000
-314.5231 0.0000
-313.4440 0.0000
-314.9920 0.0000
-314.4273 0.0000
-314.5963 0.0000
-314.6811 0.0000
-313.0534 0.0000
-316.1169 0.0000
-314.8250 0.0000
-315.3729 0.0000
-314.8306 0.0000
-313.8210 0.0000
-313.9605 0.0000
-314.2110 0.0000
-313.4425 0.0000
-315.0892 0.0000
-314.2887 0.0000
-313.7943 0.0000
-314.0720 0.0000
-313.2596 0.0000
-314.3492 0.0000
-313.1060 0.0000
-314.0977 0.0000
-313.6934 0.0000
-314.5147 0.0000
-314.7794 0.0000
-313.8123 0.0000
-314.1016 0.0000
-315.0884 0.0000
-313.8431 0.0000
-314.0741 0.0000
-316.9601 0.0000
-314.8346 0.0000
-312.4574 0.0000
-313.3202 0.0000
-314.3520 0.0000
-315.1162 0.0000
-314.5250 0.0000
-313.1268 0.0000
-314.6061 0.0000
-314.5535 0.0000
-313.6212 0.0000
-313.9029 0.0000
-314.3138 0.0000
-314.1704 0.0000
-313.3608 0.0000
-312.8571 0.0000
-314.8016 0.0000
-313.6723 0.0000
-314.1429 0.0000
-315.1915 0.0000
-315.2437 0.0000
-314.4709 0.0000
-314.6186 0.0000
-313.9637 0.0000
-314.6065 0.0000
-315.5938 0.0000
-313.8394 0.0000
-314.6812 0.0000
-312.6783 0.0000
-314.5117 0.0000
-314.3082 0.0000
-314.8269 0.0000
-313.9990 0.0000
-314.4774 0.0000
-314.0513 0.0000
-314.1750 0.0000
-314.3058 0.0000
-315.4539 0.0000
-314.1601 0.0000
-317.0454 0.0000
-313.8388 0.0000
-314.0230 0.0000
-314.4450 0.0000
-315.1147 0.0000
-314.5055 0.0000
-313.1573 0.0000
-314.0117 0.0000
-314.8425 0.0000
-313.4338 0.0000
-314.8999 0.0000
-316.0354 0.0000
-313.6510 0.0000
-313.9386 0.0000
-313.0518 0.0000
-314.1272 0.0000
-314.1999 0.0000
-314.3909 0.0000
-313.4192 0.0000
-314.1242 0.0000
-312.5852 0.0000
-313.8807 0.0000
-313.7353 0.0000
-314.2243 0.0000
-314.4835 0.0000
-313.5318 0.0000
-315.0327 0.0000
-314.5995 0.0000
-314.5893 0.0000
-314.5071 0.0000
-314.4387 0.0000
-312.0027 0.0000
-313.2693 0.0000
-314.6168 0.0000
-315.6346 0.0000
-313.8260 0.0000
-314.1100 0.0000
-314.7219 0.0000
-313.4486 0.0000
-315.6702 0.0000
-313.0702 0.0000
-313.6239 0.0000
-315.0799 0.0000
-313.3891 0.0000
-313.5242 0.0000
-312.9440 0.0000
-313.9223 0.0000
-314.1822 0.0000
-313.6247 0.0000
-313.9598 0.0000
-314.0324 0.0000
-314.6698 0.0000
-313.3762 0.0000
-312.3791 0.0000
-314.7667 0.0000
-313.0839 0.0000
-313.4123 0.0000
-315.1431 0.0000
-313.8784 0.0000
-313.6940 0.0000
-315.3112 0.0000
-314.3641 0.0000
-313.8485 0.0000
-314.2298 0.0000
-313.5478 0.0000
-313.8163 0.0000
-314.8753 0.0000
-315.4473 0.0000
-313.6939 0.0000
-315.3364 0.0000
-314.1882 0.0000
-314.6990 0.0000
-315.1686 0.0000
-314.9140 0.0000
-314.0992 0.0000
-313.6460 0.0000
-315.0595 0.0000
-313.6969 0.0000
-313.4401 0.0000
-313.0408 0.0000
-314.4444 0.0000
-314.5517 0.0000
-314.8762 0.0000
-313.5760 0.0000
-314.4604 0.0000
-314.2182 0.0000
-315.3393 0.0000
-314.8877 0.0000
-313.3346 0.0000
-315.3072 0.0000
-315.0377 0.0000
-315.0807 0.0000
-311.7412 0.0000
-314.6979 0.0000
-315.2210 0.0000
-314.9513 0.0000
-311.8472 0.0000
-314.6915 0.0000
-314.9812 0.0000
-316.2029 0.0000
-314.4736 0.0000
-314.6673 0.0000
-314.9902 0.0000
-313.4312 0.0000
-313.1422 0.0000
-313.0258 0.0000
-313.7540 0.0000
-312.9374 0.0000
-313.8929 0.0000
-313.4088 0.0000
-313.7211 0.0000
-314.6779 0.0000
-313.7346 0.0000
-315.4596 0.0000
-313.7829 0.0000
-312.8431 0.0000
-313.9864 0.0000
-314.0473 0.0000
-314.0591 0.0000
-314.0611 0.0000
-314.1877 0.0000
-315.6897 0.0000
-313.4762 0.0000
-314.1708 0.0000
-314.0425 0.0000
-315.1600 0.0000
-314.8371 0.0000
-313.0908 0.0000
-313.5367 0.0000
-313.0781 0.0000
-314.5297 0.0000
-314.3552 0.0000
-314.5523 0.0000
-313.7351 0.0000
-313.5023 0.0000
-312.6512 0.0000
-315.2865 0.0000
-312.5121 0.0000
-312.8921 0.0000
-313.6923 0.0000
-314.3111 0.0000
-314.7944 0.0000
-314.6648 0.0000
-314.7744 0.0000
-314.2337 0.0000
-312.8235 0.0000
-314.2381 0.0000
-315.1881 0.0000
-313.5267 0.0000
-312.5133 0.0000
-313.8156 0.0000
-313.8354 0.0000
-313.8314 0.0000
-314.0276 0.0000
-314.3364 0.0000
-315.9904 0.0000
-314.5882 0.0000
-314.5962 0.0000
-315.4796 0.0000
-314.5722 0.0000
-314.2303 0.0000
-314.4328 0.0000
-314.0130 0.0000
-315.1112 0.0000
-314.1650 0.0000
-314.0893 0.0000
-313.3172 0.0000
-314.9765 0.0000
-314.2525 0.0000
-315.7060 0.0000
-313.3825 0.0000
-314.8979 0.0000
-314.0050 0.0000
-314.8143 0.0000
-314.4238 0.0000
-313.7102 0.0000
-315.6577 0.0000
-312.9556 0.0000
-315.3990 0.0000
-312.7994 0.0000
-315.4570 0.0000
-314.9920 0.0000
-314.4804 0.0000
-312.9905 0.0000
-316.1561 0.0000
-313.7063 0.0000
-313.6527 0.0000
-315.1027 0.0000
-315.3504 0.0000
-314.8208 0.0000
-314.4979 0.0000
-314.2350 0.0000
-314.4886 0.0000
-313.9649 0.0000
-314.5658 0.0000
-313.3226 0.0000
-314.9221 0.0000
-313.6944 0.0000
-313.2091 0.0000
-313.5279 0.0000
-315.0152 0.0000
-314.2787 0.0000
-313.8618 0.0000
-312.4711 0.0000
-311.5088 0.0000
-314.6504 0.0000
-315.3668 0.0000
-314.4412 0.0000
-314.1304 0.0000
-314.9245 0.0000
-313.2814 0.0000
-314.2450 0.0000
-314.8006 0.0000
-314.0788 0.0000
-313.7571 0.0000
-314.4053 0.0000
-315.1949 0.0000
-313.3924 0.0000
-314.9751 0.0000
-314.0879 0.0000
-314.6426 0.0000
-313.6691 0.0000
-313.6717 0.0000
-313.9511 0.0000
-313.1547 0.0000
-314.8840 0.0000
-313.9872 0.0000
-313.2043 0.0000
-314.1016 0.0000
-313.5814 0.0000
-314.8714 0.0000
-313.4642 0.0000
-312.6462 0.0000
-316.9015 0.0000
-312.2560 0.0000
-313.8751 0.0000
-313.6841 0.0000
-314.9189 0.0000
-313.0620 0.0000
-314.6086 0.0000
-314.1277 0.0000
-314.9301 0.0000
-314.4984 0.0000
-312.8247 0.0000
-314.6849 0.0000
-314.3307 0.0000
-313.8945 0.0000
-313.5820 0.0000
-313.3061 0.0000
-314.9524 0.0000
-315.0447 0.0000
-312.7274 0.0000
-314.1746 0.0000
-312.9912 0.0000
-315.4085 0.0000
-313.8660 0.0000
-315.5567 0.0000
-314.2823 0.0000
-313.4787 0.0000
-315.4319 0.0000
-314.8170 0.0000
-314.7687 0.0000
-314.6607 0.0000
-314.5260 0.0000
-313.8947 0.0000
-313.6796 0.0000
-314.9532 0.0000
-314.4872 0.0000
-316.2396 0.0000
-312.5831 0.0000
-313.5821 0.0000
-315.6630 0.0000
-313.4947 0.0000
-314.6598 0.0000
-313.3640 0.0000
-313.5153 0.0000
-315.1791 0.0000
-314.2670 0.0000
-312.6344 0.0000
-313.3226 0.0000
-313.8115 0.0000
-313.5379 0.0000
-314.6138 0.0000
-313.3327 0.0000
-314.9582 0.0000
-314.9055 0.0000
-314.7101 0.0000
-314.1948 0.0000
-314.2793 0.0000
-314.1089 0.0000
-314.4924 0.0000
-314.3177 0.0000
-313.7698 0.0000
-314.3403 0.0000
-313.6042 0.0000
-314.0147 0.0000
-314.2081 0.0000
-314.7458 0.0000
-312.4022 0.0000
-313.3606 0.0000
-314.5700 0.0000
-315.6605 0.0000
-314.3036 0.0000
-314.8190 0.0000
-315.4535 0.0000
-314.5409 0.0000
-314.0739 0.0000
-313.9088 0.0000
-315.1825 0.0000
-313.9721 0.0000
-314.7422 0.0000
-315.1932 0.0000
-315.2467 0.0000
-313.0390 0.0000
-314.0435 0.0000
-314.1463 0.0000
-312.2751 0.0000
-314.8114 0.0000
-312.9024 0.0000
-315.1538 0.0000
-314.9103 0.0000
-315.3944 0.0000
-313.9797 0.0000
-313.4270 0.0000
-314.9475 0.0000
-316.1168 0.0000
-313.9313 0.0000
-313.5570 0.0000
-313.4895 0.0000
-313.7720 0.0000
-313.5592 0.0000
-314.3758 0.0000
-314.3154 0.0000
-313.6298 0.0000
-313.7126 0.0000
-312.9700 0.0000
-313.7579 0.0000
-315.8867 0.0000
-313.3585 0.0000
-313.6128 0.0000
-314.3025 0.0000
-312.6859 0.0000
-313.4942 0.0000
-314.6515 0.0000
-314.3682 0.0000
-314.6804 0.0000
-314.4834 0.0000
-315.2952 0.0000
-314.5218 0.0000
-313.5743 0.0000
-314.3517 0.0000
-314.0033 0.0000
-312.0615 0.0000
-314.6652 0.0000
-315.3054 0.0000
-314.4298 0.0000
-315.5765 0.0000
-314.3470 0.0000
-313.7349 0.0000
-314.8990 0.0000
-314.2090 0.0000
-315.4281 0.0000
-314.6449 0.0000
-314.2312 0.0000
-314.4156 0.0000
-314.1219 0.0000
-314.2433 0.0000
-313.0307 0.0000
-314.2102 0.0000
-314.4677 0.0000
-315.4955 0.0000
-313.4927 0.0000
-315.4042 0.0000
-314.0644 0.0000
-314.6266 0.0000
-313.1940 0.0000
-314.2412 0.0000
-315.0281 0.0000
-313.1373 0.0000
-315.1036 0.0000
-315.1402 0.0000
-313.3962 0.0000
-315.4215 0.0000
-313.8930 0.0000
-315.2297 0.0000
-313.9518 0.0000
-314.2169 0.0000
-315.4844 0.0000
-314.4925 0.0000
-314.0967 0.0000
-314.7241 0.0000
-313.2236 0.0000
-313.8779 0.0000
-313.7637 0.0000
-313.8897 0.0000
-313.0551 0.0000
-315.0984 0.0000
-313.8113 0.0000
-312.5555 0.0000
-314.1044 0.0000
-314.1723 0.0000
-314.0388 0.0000
-315.8426 0.0000
-314.8290 0.0000
-313.3421 0.0000
-314.0768 0.0000
-314.0956 0.0000
-315.9551 0.0000
-314.4076 0.0000
-313.4408 0.0000
-314.3618 0.0000
-315.4060 0.0000
-313.9063 0.0000
-314.1248 0.0000
-313.4194 0.0000
-313.8446 0.0000
-314.1321 0.0000
-314.8176 0.0000
-312.6003 0.0000
-314.6872 0.0000
-315.0927 0.0000
-314.5762 0.0000
-314.0852 0.0000
-315.0441 0.0000
-313.6243 0.0000
-313.2175 0.0000
-312.3974 0.0000
-313.5524 0.0000
-315.3459 0.0000
-313.1882 0.0000
-314.3526 0.0000
-313.0345 0.0000
-314.8277 0.0000
-312.9054 0.0000
-313.4586 0.0000
-314.4091 0.0000
-313.2231 0.0000
-312.5955 0.0000
-312.0002 0.0000
-314.4295 0.0000
-314.3227 0.0000
-314.0934 0.0000
-314.9128 0.0000
-314.2833 0.0000
-315.2450 0.0000
-315.1163 0.0000
-313.7198 0.0000
-314.8282 0.0000
-312.3465 0.0000
-315.1929 0.0000
-314.1330 0.0000
-312.6258 0.0000
-314.2724 0.0000
-315.5747 0.0000
-313.7735 0.0000
-314.3151 0.0000
-314.3389 0.0000
-313.6178 0.0000
-312.8572 0.0000
-312.6866 0.0000
-314.3969 0.0000
-312.8605 0.0000
-313.2619 0.0000
-314.0200 0.0000
-311.8237 0.0000
-314.1693 0.0000
-314.2348 0.0000
-314.7000 0.0000
-313.8299 0.0000
-315.3261 0.0000
-314.7113 0.0000
-313.8395 0.0000
-313.4414 0.0000
-314.8304 0.0000
-313.2697 0.0000
-313.0821 0.0000
-313.9122 0.0000
-314.5562 0.0000
-315.1294 0.0000
-314.9638 0.0000
-313.3554 0.0000
-315.4530 0.0000
-313.9154 0.0000
-314.2014 0.0000
-313.1304 0.0000
-315.9051 0.0000
-314.5233 0.0000
-314.2215 0.0000
-314.1681 0.0000
-314.0696 0.0000
-313.6249 0.0000
-313.7743 0.0000
-313.5575 0.0000
-312.5080 0.0000
-315.3253 0.0000
-312.4544 0.0000
-315.6337 0.0000
-314.2037 0.0000
-313.9865 0.0000
-313.9630 0.0000
-314.2345 0.0000
-313.5772 0.0000
-312.1340 0.0000
-313.6065 0.0000
-313.0281 0.0000
-313.4753 0.0000
-316.2305 0.0000
-314.2936 0.0000
-313.3732 0.0000
-313.8619 0.0000
-314.4540 0.0000
-314.3267 0.0000
-314.9746 0.0000
-315.4120 0.0000
-314.4640 0.0000
-314.8080 0.0000
-314.9750 0.0000
-314.5180 0.0000
-314.5193 0.0000
-314.4350 0.0000
-314.2871 0.0000
-314.2268 0.0000
-313.1116 0.0000
-314.1806 0.0000
-313.5879 0.0000
-313.7785 0.0000
-315.6313 0.0000
-312.9408 0.0000
-314.0748 0.0000
-314.1878 0.0000
-315.5787 0.0000
-314.5890 0.0000
-313.7786 0.0000
-313.2179 0.0000
-313.4374 0.0000
-314.5158 0.0000
-314.9541 0.0000
-314.4075 0.0000
-315.6133 0.0000
-313.0803 0.0000
-314.5513 0.0000
-314.0825 0.0000
-315.4306 0.0000
-313.9642 0.0000
-313.6177 0.0000
-315.3371 0.0000
-316.3510 0.0000
-313.9384 0.0000
-314.7329 0.0000
-312.8115 0.0000
-314.5464 0.0000
-312.2078 0.0000
-315.2223 0.0000
-313.9238 0.0000
-314.2412 0.0000
-314.9432 0.0000
-312.8063 0.0000
-313.8422 0.0000
-313.6776 0.0000
-313.9793 0.0000
-314.0987 0.0000
-313.9906 0.0000
-315.5344 0.0000
-314.0957 0.0000
-315.7476 0.0000
-314.2734 0.0000
-313.6737 0.0000
-314.0008 0.0000
-315.0191 0.0000
-314.8989 0.0000
-315.5796 0.0000
-314.8597 0.0000
-314.2237 0.0000
-314.5019 0.0000
-315.0531 0.0000
-314.2760 0.0000
-314.3290 0.0000
-314.4238 0.0000
-315.0408 0.0000
-314.8367 0.0000
-313.7226 0.0000
-314.2532 0.0000
-313.5752 0.0000
-313.5741 0.0000
-314.5208 0.0000
-314.9328 0.0000
-312.9688 0.0000
-314.3251 0.0000
-313.8202 0.0000
-314.1105 0.0000
-314.4005 0.0000
-316.0785 0.0000
-314.4348 0.0000
-314.0912 0.0000
-314.1520 0.0000
-313.5786 0.0000
-314.8781 0.0000
-314.9195 0.0000
-314.5550 0.0000
-315.2213 0.0000
-315.3933 0.0000
-313.7592 0.0000
-312.5612 0.0000
-313.2818 0.0000
-314.8800 0.0000
-314.1909 0.0000
-312.9944 0.0000
-314.0111 0.0000
-314.0254 0.0000
-315.4581 0.0000
-314.1645 0.0000
-314.5903 0.0000
-314.2318 0.0000
-316.0850 0.0000
-314.9493 0.0000
-314.6504 0.0000
-314.0009 0.0000
-312.6785 0.0000
-314.0934 0.0000
-314.7507 0.0000
-316.1956 0.0000
-314.8133 0.0000
-312.6424 0.0000
-313.1254 0.0000
-313.6832 0.0000
-314.4171 0.0000
-314.6028 0.0000
-314.9624 0.0000
-316.6926 0.0000
-314.2871 0.0000
-314.1991 0.0000
-312.8614 0.0000
-313.6676 0.0000
-314.4922 0.0000
-313.7959 0.0000
-313.4313 0.0000
-313.6589 0.0000
-313.8840 0.0000
-313.6303 0.0000
-314.5492 0.0000
-314.7929 0.0000
-313.7278 0.0000
-314.0412 0.0000
-312.0303 0.0000
-313.1793 0.0000
-314.5881 0.0000
-314.7365 0.0000
-313.4745 0.0000
-315.6990 0.0000
-314.7218 0.0000
-314.2705 0.0000
-313.7781 0.0000
-312.4978 0.0000
-314.2522 0.0000
-314.1398 0.0000
-314.5716 0.0000
-314.5389 0.0000
-313.1670 0.0000
-314.2769 0.0000
-314.2694 0.0000
-315.6133 0.0000
-314.2358 0.0000
-315.2504 0.0000
-313.2328 0.0000
-313.3752 0.0000
-313.0933 0.0000
-314.2798 0.0000
-316.2733 0.0000
-313.8794 0.0000
-314.6270 0.0000
-313.6385 0.0000
-314.4587 0.0000
-314.2479 0.0000
-314.4922 0.0000
-313.3168 0.0000
-313.9928 0.0000
-314.0821 0.0000
-315.1622 0.0000
-313.9105 0.0000
-314.0678 0.0000
-314.3893 0.0000
-314.5381 0.0000
-315.1619 0.0000
-313.6771 0.0000
-314.5764 0.0000
-313.7262 0.0000
-314.4037 0.0000
-316.4805 0.0000
-313.7742 0.0000
-315.0546 0.0000
-314.3311 0.0000
-313.1562 0.0000
-313.2817 0.0000
-314.7605 0.0000
-315.2229 0.0000
-314.8096 0.0000
-314.5629 0.0000
-313.2126 0.0000
-314.8534 0.0000
-313.9604 0.0000
-314.4756 0.0000
-314.4435 0.0000
-314.5271 0.0000
-313.7138 0.0000
-314.5610 0.0000
-312.9681 0.0000
-313.9477 0.0000
-314.0772 0.0000
-313.9154 0.0000
-313.7084 0.0000
-313.7209 0.0000
-313.8603 0.0000
-312.8772 0.0000
-313.7072 0.0000
-313.4792 0.0000
-313.5121 0.0000
-314.2376 0.0000
-315.2926 0.0000
-313.3015 0.0000
-314.0961 0.0000
-313.4676 0.0000
-315.3738 0.0000
-314.9647 0.0000
-314.1211 0.0000
-313.0690 0.0000
-315.5615 0.0000
-313.9202 0.0000
-314.0864 0.0000
-315.1163 0.0000
-313.1636 0.0000
-314.0731 0.0000
-314.1480 0.0000
-314.8529 0.0000
-313.1941 0.0000
-315.5418 0.0000
-313.1939 0.0000
-315.4393 0.0000
-313.5910 0.0000
-315.5029 0.0000
-313.8481 0.0000
-314.5659 0.0000
-314.7000 0.0000
-313.4679 0.0000
-313.2794 0.0000
-315.4697 0.0000
-314.5697 0.0000
-315.4855 0.0000
-315.3978 0.0000
-314.1301 0.0000
-313.9737 0.0000
-314.8355 0.0000
-314.2839 0.0000
-314.5507 0.0000
-312.7752 0.0000
-314.8890 0.0000
-313.2875 0.0000
-313.6704 0.0000
-313.0412 0.0000
-313.3331 0.0000
-313.5394 0.0000
-313.7243 0.0000
-314.6025 0.0000
-314.8536 0.0000
-314.7980 0.0000
-314.0705 0.0000
-313.9889 0.0000
-314.3375 0.0000
-313.7576 0.0000
-314.0758 0.0000
-314.1861 0.0000
-315.3154 0.0000
-313.4704 0.0000
-313.7905 0.0000
-314.4458 0.0000
-313.3301 0.0000
-314.6796 0.0000
-314.7366 0.0000
-315.3392 0.0000
-313.4808 0.0000
-315.4147 0.0000
-313.2719 0.0000
-315.0226 0.0000
-313.9783 0.0000
-314.4303 0.0000
-314.6701 0.0000
-314.5981 0.0000
-312.4555 0.0000
-314.1333 0.0000
-313.8122 0.0000
-315.2555 0.0000
-314.6020 0.0000
-313.7777 0.0000
-314.8866 0.0000
-314.0067 0.0000
-313.8771 0.0000
-313.2675 0.0000
-313.4210 0.0000
-313.1086 0.0000
-315.4059 0.0000
-313.3513 0.0000
-314.2131 0.0000
-313.9739 0.0000
-314.0383 0.0000
-315.3287 0.0000
-313.7641 0.0000
-314.3830 0.0000
-312.7952 0.0000
-315.2690 0.0000
-313.6093 0.0000
-313.5871 0.0000
-314.0360 0.0000
-314.5363 0.0000
-313.0624 0.0000
-313.2082 0.0000
-313.3186 0.0000
-312.7336 0.0000
-313.2372 0.0000
-313.9411 0.0000
-313.9699 0.0000
-314.8353 0.0000
-313.3692 0.0000
-313.5292 0.0000
-315.0890 0.0000
-313.7785 0.0000
-313.4792 0.0000
-313.1618 0.0000
-312.9538 0.0000
-313.7391 0.0000
-313.9438 0.0000
-314.7523 0.0000
-311.9543 0.0000
-314.0869 0.0000
-313.1788 0.0000
-313.1982 0.0000
-312.9975 0.0000
-312.9346 0.0000
-314.3864 0.0000
-314.4341 0.0000
-314.2498 0.0000
-314.6275 0.0000
-314.0255 0.0000
-314.2594 0.0000
-315.1425 0.0000
-314.2523 0.0000
-314.7288 0.0000
-315.0967 0.0000
-316.2279 0.0000
-313.4189 0.0000
-313.9587 0.0000
-313.9466 0.0000
-314.3189 0.0000
-314.5739 0.0000
-314.8438 0.0000
-314.8153 0.0000
-313.8556 0.0000
-314.1666 0.0000
-314.3497 0.0000
-313.8435 0.0000
-315.7129 0.0000
-313.6239 0.0000
-314.3266 0.0000
-313.6127 0.0000
-314.8869 0.0000
-312.7782 0.0000
-315.4298 0.0000
-314.4809 0.0000
-314.4757 0.0000
-313.7473 0.0000
-313.6454 0.0000
-314.5227 0.0000
-314.0310 0.0000
-313.8821 0.0000
-313.9069 0.0000
-313.8237 0.0000
-314.7812 0.0000
-315.5344 0.0000
-313.9938 0.0000
-314.1600 0.0000
-313.8809 0.0000
-314.1817 0.0000
-314.3665 0.0000
-313.5765 0.0000
-314.3910 0.0000
-314.3895 0.0000
-314.3053 0.0000
-314.8235 0.0000
-314.1172 0.0000
-315.3631 0.0000
-313.2847 0.0000
-314.1835 0.0000
-314.9981 0.0000
-313.3768 0.0000
-314.4608 0.0000
-312.7772 0.0000
-313.9302 0.0000
-313.6664 0.0000
-313.2734 0.0000
-314.6531 0.0000
-313.1887 0.0000
-313.2888 0.0000
-314.0314 0.0000
-314.1568 0.0000
-314.0879 0.0000
-313.3682 0.0000
-314.3964 0.0000
-313.6630 0.0000
-312.8747 0.0000
-314.0673 0.0000
-314.4752 0.0000
-312.6047 0.0000
-314.5278 0.0000
-312.6698 0.0000
-315.1523 0.0000
-314.1161 0.0000
-312.8114 0.0000
-313.9418 0.0000
-313.0266 0.0000
-314.1137 0.0000
-314.1304 0.0000
-315.4400 0.0000
-314.9458 0.0000
-312.5577 0.0000
-314.9813 0.0000
-313.9152 0.0000
-313.8064 0.0000
-313.9453 0.0000
-315.0896 0.0000
-314.3374 0.0000
-315.3361 0.0000
-314.9275 0.0000
-314.6265 0.0000
-312.9880 0.0000
-314.2753 0.0000
-315.6121 0.0000
-315.0080 0.0000
-314.2611 0.0000
-314.9358 0.0000
-314.3778 0.0000
-313.4552 0.0000
-313.1969 0.0000
-314.3663 0.0000
-314.0028 0.0000
-314.2568 0.0000
-314.8518 0.0000
-313.5173 0.0000
-313.4418 0.0000
-314.4955 0.0000
-313.9791 0.0000
-314.4220 0.0000
-314.3904 0.0000
-314.1849 0.0000
-313.7386 0.0000
-313.9117 0.0000
-312.2490 0.0000
-315.4706 0.0000
-314.6326 0.0000
-312.6641 0.0000
-314.8614 0.0000
-313.4233 0.0000
-313.3026 0.0000
-314.3756 0.0000
-315.1139 0.0000
-314.0701 0.0000
-313.6984 0.0000
-314.0564 0.0000
-313.5968 0.0000
-313.5972 0.0000
-314.4702 0.0000
-314.4882 0.0000
-314.4314 0.0000
-313.2345 0.0000
-312.7626 0.0000
-315.2588 0.0000
-314.8353 0.0000
-315.1582 0.0000
-314.4811 0.0000
-313.8477 0.0000
-314.4380 0.0000
-314.7984 0.0000
-314.0248 0.0000
-315.1411 0.0000
-314.8722 0.0000
-312.8080 0.0000
-313.5575 0.0000
-314.4700 0.0000
-313.5000 0.0000
-315.3193 0.0000
-314.5498 0.0000
-314.5742 0.0000
-314.3376 0.0000
-314.9016 0.0000
-312.7279 0.0000
-314.0748 0.0000
-314.9926 0.0000
-314.9929 0.0000
-314.8719 0.0000
-314.4819 0.0000
-313.8712 0.0000
-313.1692 0.0000
-313.7929 0.0000
-314.5128 0.0000
-313.3489 0.0000
-313.2870 0.0000
-315.2580 0.0000
-314.5474 0.0000
-315.7432 0.0000
-313.3778 0.0000
-313.8984 0.0000
-314.5602 0.0000
-313.9390 0.0000
-312.6478 0.0000
-314.7548 0.0000
-314.2621 0.0000
-314.7642 0.0000
-314.0032 0.0000
-313.5251 0.0000
-314.7422 0.0000
-312.8232 0.0000
-311.9042 0.0000
-313.6847 0.0000
-313.4985 0.0000
-313.8729 0.0000
-314.9760 0.0000
-313.0739 0.0000
-314.6902 0.0000
-314.4216 0.0000
-311.8379 0.0000
-314.5210 0.0000
-314.3143 0.0000
-313.3603 0.0000
-312.4899 0.0000
-315.2695 0.0000
-313.9902 0.0000
-315.7998 0.0000
-312.5886 0.0000
-313.7567 0.0000
-315.4856 0.0000
-313.7134 0.0000
-315.0295 0.0000
-313.2771 0.0000
-313.4803 0.0000
-316.1460 0.0000
-314.7663 0.0000
-314.1903 0.0000
-313.2915 0.0000
-314.4671 0.0000
-313.4271 0.0000
-314.1476 0.0000
-313.3462 0.0000
-314.2030 0.0000
-312.9977 0.0000
-313.1144 0.0000
-314.1602 0.0000
-314.8442 0.0000
-313.3079 0.0000
-314.2930 0.0000
-314.6876 0.0000
-314.3103 0.0000
-314.6413 0.0000
-313.3124 0.0000
-313.7360 0.0000
-313.1683 0.0000
-313.6891 0.0000
-314.1634 0.0000
-313.0813 0.0000
-313.9128 0.0000
-314.4425 0.0000
-315.5112 0.0000
-312.5404 0.0000
-312.0444 0.0000
-312.2654 0.0000
-313.5654 0.0000
-314.7392 0.0000
-314.1266 0.0000
-313.7702 0.0000
-313.5467 0.0000
-315.5944 0.0000
-313.8146 0.0000
-313.2685 0.0000
-314.9818 0.0000
-314.3061 0.0000
-313.7120 0.0000
-314.1701 0.0000
-315.1972 0.0000
-313.6118 0.0000
-313.2513 0.0000
-314.8939 0.0000
-315.0830 0.0000
-314.2597 0.0000
-314.2747 0.0000
-313.6667 0.0000
-315.5346 0.0000
-315.3273 0.0000
-315.1327 0.0000
-315.8724 0.0000
-313.4680 0.0000
-314.9594 0.0000
-315.2825 0.0000
-314.0901 0.0000
-312.9970 0.0000
-314.3527 0.0000
-312.3356 0.0000
-314.6480 0.0000
-314.6650 0.0000
-315.3575 0.0000
-314.3883 0.0000
-313.9268 0.0000
-313.7620 0.0000
-315.0747 0.0000
-313.1842 0.0000
-314.0505 0.0000
-314.8859 0.0000
-315.1484 0.0000
-313.8413 0.0000
-312.9253 0.0000
-314.2246 0.0000
-314.4410 0.0000
-314.1892 0.0000
-312.9438 0.0000
-315.4602 0.0000
-312.7457 0.0000
-312.9725 0.0000
-315.2855 0.0000
-314.5079 0.0000
-313.9326 0.0000
-313.7098 0.0000
-314.9341 0.0000
-313.6793 0.0000
-314.7560 0.0000
-315.5028 0.0000
-313.6278 0.0000
-315.2065 0.0000
-313.9280 0.0000
-316.0932 0.0000
-316.1967 0.0000
-314.1168 0.0000
-315.4066 0.0000
-313.7605 0.0000
-315.2617 0.0000
-314.4763 0.0000
-315.9325 0.0000
-314.0877 0.0000
-316.0304 0.0000
-313.9335 0.0000
-313.8247 0.0000
-313.8479 0.0000
-316.1161 0.0000
-312.6738 0.0000
-312.8360 0.0000
-314.8915 0.0000
-313.8372 0.0000
-315.0635 0.0000
-313.5576 0.0000
-313.4720 0.0000
-313.9910 0.0000
-314.4930 0.0000
-314.8291 0.0000
-313.3831 0.0000
-315.0260 0.0000
-314.5143 0.0000
-313.9694 0.0000
-313.6015 0.0000
-315.3808 0.0000
-313.1074 0.0000
-315.1414 0.0000
-313.9102 0.0000
-313.8137 0.0000
-315.0686 0.0000
-315.6038 0.0000
-313.9229 0.0000
-313.7101 0.0000
-315.0428 0.0000
-315.1933 0.0000
-313.9497 0.0000
-315.9306 0.0000
-316.0430 0.0000
-313.6423 0.0000
-313.9153 0.0000
-314.5992 0.0000
-313.8772 0.0000
-314.8800 0.0000
-315.1001 0.0000
-313.6875 0.0000
-313.0440 0.0000
-313.9395 0.0000
-315.5019 0.0000
-315.3381 0.0000
-313.8489 0.0000
-314.7258 0.0000
-313.5902 0.0000
-314.1623 0.0000
-314.4231 0.0000
-313.4519 0.0000
-312.4768 0.0000
-314.4669 0.0000
-314.0326 0.0000
-312.7387 0.0000
-313.6934 0.0000
-315.0812 0.0000
-313.8913 0.0000
-312.7922 0.0000
-313.0048 0.0000
-314.7988 0.0000
-312.7531 0.0000
-315.0476 0.0000
-314.7364 0.0000
-315.0444 0.0000
-314.1290 0.0000
-314.6550 0.0000
-314.2467 0.0000
-315.3936 0.0000
-315.1297 0.0000
-314.0976 0.0000
-314.0780 0.0000
-314.2286 0.0000
-313.7727 0.0000
-314.5981 0.0000
-314.9430 0.0000
-315.1107 0.0000
-314.4049 0.0000
-313.6844 0.0000
-313.9639 0.0000
-315.0701 0.0000
-314.8362 0.0000
-313.3215 0.0000
-314.5180 0.0000
-314.3514 0.0000
-313.8572 0.0000
-315.8349 0.0000
-314.7668 0.0000
-313.4612 0.0000
-313.8075 0.0000
-314.0632 0.0000
-315.1419 0.0000
-314.7379 0.0000
-313.1091 0.0000
-312.6979 0.0000
-313.4322 0.0000
-313.2899 0.0000
-312.4486 0.0000
-313.1423 0.0000
-314.4644 0.0000
-314.4616 0.0000
-315.1249 0.0000
-314.1544 0.0000
-314.1700 0.0000
-315.4806 0.0000
-315.0952 0.0000
-315.0265 0.0000
-312.6339 0.0000
-313.6480 0.0000
-314.5820 0.0000
-314.0912 0.0000
-313.5241 0.0000
-315.4064 0.0000
-314.3453 0.0000
-312.6117 0.0000
-312.6222 0.0000
-313.9082 0.0000
-314.4555 0.0000
-314.3252 0.0000
-313.6189 0.0000
-313.3838 0.0000
-313.3745 0.0000
-314.1930 0.0000
-313.9353 0.0000
-314.0274 0.0000
-315.1429 0.0000
-313.6389 0.0000
-315.1518 0.0000
-313.7553 0.0000
-311.9906 0.0000
-314.6123 0.0000
-315.3356 0.0000
-314.7432 0.0000
-314.5304 0.0000
-313.2403 0.0000
-314.7148 0.0000
-313.3558 0.0000
-313.2131 0.0000
-314.4168 0.0000
-314.1830 0.0000
-312.9169 0.0000
-313.5270 0.0000
-314.3149 0.0000
-313.3632 0.0000
-314.4510 0.0000
-315.0050 0.0000
-313.0483 0.0000
-314.9878 0.0000
-313.0283 0.0000
-314.6027 0.0000
-315.0185 0.0000
-313.7588 0.0000
-314.5000 0.0000
-314.7751 0.0000
-315.6009 0.0000
-312.6226 0.0000
-314.7690 0.0000
-315.4600 0.0000
-314.1658 0.0000
-313.6598 0.0000
-313.7471 0.0000
-313.1361 0.0000
-313.1548 0.0000
-314.3273 0.0000
-312.6398 0.0000
-314.2455 0.0000
-314.4624 0.0000
-314.2765 0.0000
-315.1626 0.0000
-315.3393 0.0000
-312.3429 0.0000
-315.1673 0.0000
-314.4900 0.0000
-313.9143 0.0000
-312.4174 0.0000
-314.7427 0.0000
-315.9154 0.0000
-312.7110 0.0000
-314.6786 0.0000
-313.6114 0.0000
-313.9919 0.0000
-313.6258 0.0000
-314.6835 0.0000
-314.6040 0.0000
-313.9131 0.0000
-314.6689 0.0000
-314.8303 0.0000
-314.0627 0.0000
-314.0564 0.0000
-314.8197 0.0000
-315.5975 0.0000
-314.5325 0.0000
-313.4152 0.0000
-314.4996 0.0000
-314.4844 0.0000
-314.0989 0.0000
-313.2940 0.0000
-313.4406 0.0000
-314.4698 0.0000
-315.2175 0.0000
-314.2037 0.0000
-316.8317 0.0000
-315.9054 0.0000
-313.4269 0.0000
-314.5602 0.0000
-314.0476 0.0000
-313.8179 0.0000
-314.9772 0.0000
-312.7221 0.0000
-314.2607 0.0000
-314.4553 0.0000
-314.0325 0.0000
-314.4835 0.0000
-312.8281 0.0000
-313.2416 0.0000
-315.9833 0.0000
-313.5229 0.0000
-314.0396 0.0000
-315.1379 0.0000
-315.0300 0.0000
-314.3210 0.0000
-315.2882 0.0000
-314.6962 0.0000
-313.7105 0.0000
-314.0727 0.0000
-313.2093 0.0000
-314.6847 0.0000
-312.9015 0.0000
-314.3434 0.0000
-314.0380 0.0000
-314.9372 0.0000
-314.9276 0.0000
-315.0155 0.0000
-312.3709 0.0000
-314.5890 0.0000
-314.0370 0.0000
-315.2471 0.0000
-312.9465 0.0000
-312.8895 0.0000
-313.3555 0.0000
-313.3077 0.0000
-314.9367 0.0000
-314.2705 0.0000
-314.4365 0.0000
-315.2261 0.0000
-313.9934 0.0000
-313.8407 0.0000
-314.0915 0.0000
-313.1547 0.0000
-314.2884 0.0000
-314.3369 0.0000
-314.7863 0.0000
-314.4113 0.0000
-313.6952 0.0000
-315.9044 0.0000
-314.4056 0.0000
-313.2872 0.0000
-312.8094 0.0000
-313.9347 0.0000
-315.4446 0.0000
-314.7851 0.0000
-315.0173 0.0000
-315.2124 0.0000
-314.2702 0.0000
-314.0863 0.0000
-314.4012 0.0000
-313.6713 0.0000
-315.6410 0.0000
-314.4568 0.0000
-314.5108 0.0000
-312.9359 0.0000
-315.5521 0.0000
-313.9846 0.0000
-314.3084 0.0000
-314.6720 0.0000
-314.8909 0.0000
-312.7285 0.0000
-315.0460 0.0000
-315.1282 0.0000
-314.8580 0.0000
-314.5804 0.0000
-313.8606 0.0000
-314.9705 0.0000
-315.2415 0.0000
-314.3376 0.0000
-314.6549 0.0000
-313.4419 0.0000
-313.7987 0.0000
-314.8683 0.0000
-315.2132 0.0000
-314.1451 0.0000
-314.3608 0.0000
-315.0453 0.0000
-315.0893 0.0000
-314.4738 0.0000
-315.9383 0.0000
-314.0349 0.0000
-314.4640 0.0000
-314.5243 0.0000
-313.5454 0.0000
-314.4523 0.0000
-313.6935 0.0000
-312.9770 0.0000
-314.4227 0.0000
-313.7799 0.0000
-313.9689 0.0000
-314.2227 0.0000
-314.4162 0.0000
-314.1716 0.0000
-315.1123 0.0000
-314.7998 0.0000
-315.1775 0.0000
-314.9658 0.0000
-314.2600 0.0000
-313.6463 0.0000
-313.4909 0.0000
-314.5302 0.0000
-313.4564 0.0000
-312.7144 0.0000
-314.0078 0.0000
-314.4651 0.0000
-314.9608 0.0000
-314.8623 0.0000
-314.5534 0.0000
-315.6660 0.0000
-313.4494 0.0000
-314.5727 0.0000
-313.8030 0.0000
-313.3840 0.0000
-313.5017 0.0000
-314.9123 0.0000
-315.0812 0.0000
-313.9811 0.0000
-313.7171 0.0000
-313.1313 0.0000
-312.1463 0.0000
-314.6507 0.0000
-313.7476 0.0000
-312.8011 0.0000
-314.3528 0.0000
-314.8089 0.0000
-314.9616 0.0000
-314.0122 0.0000
-312.3164 0.0000
-315.2832 0.0000
-314.0442 0.0000
-314.1506 0.0000
-314.3879 0.0000
-315.4795 0.0000
-314.5717 0.0000
-314.3050 0.0000
-313.9725 0.0000
-314.0799 0.0000
-315.6430 0.0000
-313.2935 0.0000
-314.7494 0.0000
-315.5313 0.0000
-314.3416 0.0000
-313.5560 0.0000
-315.0399 0.0000
-314.7436 0.0000
-314.2312 0.0000
-314.4645 0.0000
-312.6388 0.0000
-314.5397 0.0000
-313.7320 0.0000
-313.9316 0.0000
-313.6566 0.0000
-312.8114 0.0000
-312.5820 0.0000
-312.7393 0.0000
-312.8749 0.0000
-314.3978 0.0000
-315.2168 0.0000
-314.0630 0.0000
-314.2759 0.0000
-313.9621 0.0000
-313.4871 0.0000
-314.2470 0.0000
-314.9855 0.0000
-314.2866 0.0000
-313.2350 0.0000
-314.8849 0.0000
-315.2388 0.0000
-315.7305 0.0000
-313.8932 0.0000
-313.3532 0.0000
-313.4091 0.0000
-314.0217 0.0000
-312.2740 0.0000
-313.7442 0.0000
-313.6677 0.0000
-313.7750 0.0000
-313.8834 0.0000
-314.0161 0.0000
-315.1357 0.0000
-313.9350 0.0000
-315.6163 0.0000
-313.2720 0.0000
-314.5967 0.0000
-314.2556 0.0000
-315.0298 0.0000
-313.6540 0.0000
-313.6823 0.0000
-313.1166 0.0000
-314.2328 0.0000
-314.3715 0.0000
-313.7543 0.0000
-315.2863 0.0000
-317.0466 0.0000
-314.0559 0.0000
-314.5883 0.0000
-313.3272 0.0000
-314.9327 0.0000
-313.7114 0.0000
-314.3211 0.0000
-314.1752 0.0000
-315.3078 0.0000
-313.9521 0.0000
-313.4239 0.0000
-313.8806 0.0000
-312.9661 0.0000
-314.7624 0.0000
-314.7896 0.0000
-313.4724 0.0000
-313.2578 0.0000
-313.6271 0.0000
-312.8999 0.0000
-315.4927 0.0000
-313.3675 0.0000
-313.8193 0.0000
-313.1987 0.0000
-313.4111 0.0000
-314.7802 0.0000
-314.4427 0.0000
-314.7754 0.0000
-314.4431 0.0000
-313.4522 0.0000
-313.5806 0.0000
-312.5622 0.0000
-315.1737 0.0000
-314.2754 0.0000
-315.1196 0.0000
-314.9185 0.0000
-313.7765 0.0000
-314.1514 0.0000
-313.3237 0.0000
-315.5682 0.0000
-314.7878 0.0000
-314.4788 0.0000
-314.8093 0.0000
-313.4202 0.0000
-312.9334 0.0000
-314.2814 0.0000
-314.5387 0.0000
-314.6042 0.0000
-313.4161 0.0000
-314.6470 0.0000
-315.4605 0.0000
-313.6163 0.0000
-315.2975 0.0000
-314.7935 0.0000
-315.0726 0.0000
-313.7405 0.0000
-314.7013 0.0000
-314.3156 0.0000
-312.9483 0.0000
-314.3205 0.0000
-315.0753 0.0000
-316.5289 0.0000
-314.2162 0.0000
-312.9577 0.0000
-314.4686 0.0000
-312.5355 0.0000
-315.0528 0.0000
-313.9484 0.0000
-313.6191 0.0000
-315.2038 0.0000
-315.0017 0.0000
-312.8754 0.0000
-314.2443 0.0000
-314.7643 0.0000
-313.7987 0.0000
-315.0262 0.0000
-314.0118 0.0000
-313.2823 0.0000
-314.2523 0.0000
-313.3689 0.0000
-314.7722 0.0000
-314.6806 0.0000
-314.7168 0.0000
-314.8189 0.0000
-315.5270 0.0000
-314.2361 0.0000
-314.2045 0.0000
-312.2548 0.0000
-312.6253 0.0000
-313.5708 0.0000
-313.7161 0.0000
-313.9378 0.0000
-313.9133 0.0000
-314.4698 0.0000
-313.7698 0.0000
-315.3862 0.0000
-314.2261 0.0000
-314.2062 0.0000
-314.5196 0.0000
-314.2330 0.0000
-314.4957 0.0000
-313.1371 0.0000
-313.6258 0.0000
-314.2624 0.0000
-314.3571 0.0000
-315.3100 0.0000
-314.1944 0.0000
-313.7267 0.0000
-313.6613 0.0000
-315.4426 0.0000
-314.8012 0.0000
-313.9447 0.0000
-314.5397 0.0000
-315.2061 0.0000
-315.1982 0.0000
-312.3127 0.0000
-314.5011 0.0000
-314.7398 0.0000
-313.9564 0.0000
-314.6213 0.0000
-314.5775 0.0000
-314.7317 0.0000
-314.8315 0.0000
-314.1012 0.0000
-313.2650 0.0000
-314.7125 0.0000
-315.5073 0.0000
-314.4281 0.0000
-314.6794 0.0000
-314.0472 0.0000
-313.0350 0.0000
-315.0409 0.0000
-314.6181 0.0000
-314.6169 0.0000
-315.3983 0.0000
-314.9533 0.0000
-313.3300 0.0000
-313.9024 0.0000
-315.2375 0.0000
-315.1174 0.0000
-315.6135 0.0000
-314.8109 0.0000
-313.8580 0.0000
-313.4176 0.0000
-314.0952 0.0000
-313.0111 0.0000
-314.0414 0.0000
-313.8538 0.0000
-313.2757 0.0000
-315.1372 0.0000
-313.2382 0.0000
-313.7521 0.0000
-314.3589 0.0000
-313.4019 0.0000
-313.8757 0.0000
-314.1445 0.0000
-313.2601 0.0000
-313.2331 0.0000
-315.9889 0.0000
-316.2577 0.0000
-313.7505 0.0000
-314.3345 0.0000
-314.4574 0.0000
-315.8765 0.0000
-315.2481 0.0000
-313.3176 0.0000
-313.7648 0.0000
-314.6979 0.0000
-313.7742 0.0000
-314.4723 0.0000
-314.1667 0.0000
-315.2734 0.0000
-313.8087 0.0000
-313.5601 0.0000
-313.9554 0.0000
-314.8948 0.0000
-314.6988 0.0000
-313.6074 0.0000
-314.0303 0.0000
-315.2778 0.0000
-314.2058 0.0000
-315.9040 0.0000
-314.4462 0.0000
-314.0809 0.0000
-314.0827 0.0000
-313.4995 0.0000
-314.4307 0.0000
-314.4332 0.0000
-313.9346 0.0000
-313.9360 0.0000
-315.1257 0.0000
-314.5941 0.0000
-314.2160 0.0000
-314.3895 0.0000
-314.9038 0.0000
-313.6143 0.0000
-313.9533 0.0000
-315.4126 0.0000
-313.8910 0.0000
-315.9935 0.0000
-316.3944 0.0000
-314.9143 0.0000
-314.1959 0.0000
-315.1283 0.0000
-312.3886 0.0000
-314.2823 0.0000
-313.1727 0.0000
-314.9072 0.0000
-315.1316 0.0000
-314.0676 0.0000
-314.5740 0.0000
-314.3226 0.0000
-314.8757 0.0000
-312.2594 0.0000
-314.8033 0.0000
-313.1546 0.0000
-315.2883 0.0000
-313.2462 0.0000
-314.1070 0.0000
-314.1510 0.0000
-314.0542 0.0000
-314.6339 0.0000
-314.8049 0.0000
-315.2569 0.0000
-314.5258 0.0000
-315.2446 0.0000
-312.8513 0.0000
-314.2558 0.0000
-312.4418 0.0000
-315.4198 0.0000
-313.8638 0.0000
-315.5559 0.0000
-313.6347 0.0000
-314.4683 0.0000
-313.4522 0.0000
-313.5464 0.0000
-314.0019 0.0000
-315.2604 0.0000
-312.8824 0.0000
-313.8092 0.0000
-313.3204 0.0000
-316.2371 0.0000
-313.1652 0.0000
-315.3189 0.0000
-315.4550 0.0000
-313.4461 0.0000
-314.4584 0.0000
-314.9427 0.0000
-314.2893 0.0000
-314.2068 0.0000
-314.1293 0.0000
-313.7268 0.0000
-313.3524 0.0000
-313.6824 0.0000
-313.8635 0.0000
-314.5487 0.0000
-313.8042 0.0000
-313.5050 0.0000
-312.5418 0.0000
-315.9863 0.0000
-314.5036 0.0000
-315.3651 0.0000
-313.8855 0.0000
-314.2426 0.0000
-313.4937 0.0000
-313.9498 0.0000
-312.9601 0.0000
-314.1704 0.0000
-314.0887 0.0000
-313.9382 0.0000
-314.2170 0.0000
-314.8532 0.0000
-314.1216 0.0000
-314.8222 0.0000
-314.6396 0.0000
-314.4385 0.0000
-313.0913 0.0000
-314.0352 0.0000
-314.5116 0.0000
-312.5641 0.0000
-315.0290 0.0000
-313.5982 0.0000
-315.2856 0.0000
-314.4915 0.0000
-315.0209 0.0000
-315.1911 0.0000
-314.5365 0.0000
-315.3686 0.0000
-313.9763 0.0000
-312.4969 0.0000
-314.6037 0.0000
-314.4213 0.0000
-314.2516 0.0000
-313.7666 0.0000
-312.9319 0.0000
-314.5732 0.0000
-314.7428 0.0000
-314.3597 0.0000
-314.1770 0.0000
-314.3932 0.0000
-313.8901 0.0000
-312.3872 0.0000
-314.1839 0.0000
-312.3522 0.0000
-314.7732 0.0000
-314.0521 0.0000
-313.3985 0.0000
-313.5859 0.0000
-313.0229 0.0000
-314.0569 0.0000
-313.7065 0.0000
-312.9800 0.0000
-315.0101 0.0000
-314.7549 0.0000
-314.6768 0.0000
-313.9785 0.0000
-314.2948 0.0000
-314.3333 0.0000
-315.5236 0.0000
-314.9866 0.0000
-314.6774 0.0000
-314.6722 0.0000
-315.8077 0.0000
-315.4615 0.0000
-314.2221 0.0000
-313.7189 0.0000
-315.1464 0.0000
-313.2005 0.0000
-313.1378 0.0000
-315.7502 0.0000
-313.3387 0.0000
-314.8039 0.0000
-313.8701 0.0000
-314.2627 0.0000
-313.9817 0.0000
-313.7659 0.0000
-315.3171 0.0000
-313.8582 0.0000
-314.4194 0.0000
-313.0665 0.0000
-313.4876 0.0000
-314.5068 0.0000
-315.5709 0.0000
-315.1696 0.0000
-313.8911 0.0000
-315.2800 0.0000
-314.9907 0.0000
-314.4330 0.0000
-314.7483 0.0000
-313.1321 0.0000
-315.4431 0.0000
-314.6953 0.0000
-314.4090 0.0000
-314.2840 0.0000
-312.7534 0.0000
-314.2408 0.0000
-314.1738 0.0000
-315.8752 0.0000
-314.9729 0.0000
-314.1105 0.0000
-313.2255 0.0000
-314.5439 0.0000
-313.3090 0.0000
-314.5030 0.0000
-314.7029 0.0000
-315.1543 0.0000
-314.7533 0.0000
-314.1214 0.0000
-315.1460 0.0000
-313.8610 0.0000
-313.8366 0.0000
-314.2126 0.0000
-313.3264 0.0000
-314.7326 0.0000
-314.8384 0.0000
-314.2876 0.0000
-313.0633 0.0000
-314.2899 0.0000
-314.4556 0.0000
-313.7241 0.0000
-314.4408 0.0000
-314.0745 0.0000
-313.9606 0.0000
-313.3588 0.0000
-313.5580 0.0000
-314.0760 0.0000
-314.5933 0.0000
-315.2205 0.0000
-314.3681 0.0000
-314.2510 0.0000
-315.3107 0.0000
-313.5661 0.0000
-312.6631 0.0000
-314.4264 0.0000
-314.6946 0.0000
-313.5578 0.0000
-313.9772 0.0000
-313.8517 0.0000
-314.2111 0.0000
-312.6553 0.0000
-313.9612 0.0000
-314.7687 0.0000
-313.8785 0.0000
-315.0179 0.0000
-314.9066 0.0000
-312.5225 0.0000
-313.6770 0.0000
-314.2953 0.0000
-314.0231 0.0000
-314.4866 0.0000
-314.3027 0.0000
-314.3475 0.0000
-312.6459 0.0000
-315.7571 0.0000
-313.9546 0.0000
-313.7210 0.0000
-313.8273 0.0000
-314.0031 0.0000
-314.2833 0.0000
-314.0509 0.0000
-313.3734 0.0000
-313.4078 0.0000
-315.5280 0.0000
-314.7854 0.0000
-313.8528 0.0000
-314.9383 0.0000
-312.5447 0.0000
-314.2896 0.0000
-315.0852 0.0000
-315.3917 0.0000
-314.6878 0.0000
-313.9895 0.0000
-314.0754 0.0000
-313.8750 0.0000
-314.9944 0.0000
-315.3962 0.0000
-313.6098 0.0000
-313.0836 0.0000
-314.7843 0.0000
-315.8056 0.0000
-312.7560 0.0000
-314.7942 0.0000
-315.5824 0.0000
-314.2241 0.0000
-313.9613 0.0000
-313.0422 0.0000
-314.0552 0.0000
-315.4064 0.0000
-314.4331 0.0000
-312.8646 0.0000
-314.6524 0.0000
-315.8204 0.0000
-314.5121 0.0000
-313.4293 0.0000
-314.5754 0.0000
-313.1521 0.0000
-313.8502 0.0000
-313.3850 0.0000
-313.6774 0.0000
-315.0044 0.0000
-314.8957 0.0000
-313.9378 0.0000
-314.6402 0.0000
-314.7210 0.0000
-313.4039 0.0000
-313.9834 0.0000
-313.1159 0.0000
-315.2668 0.0000
-313.9316 0.0000
-313.3048 0.0000
-313.6572 0.0000
-313.2879 0.0000
-312.6297 0.0000
-314.6505 0.0000
-313.8219 0.0000
-312.4851 0.0000
-314.3409 0.0000
-313.8796 0.0000
-314.6765 0.0000
-315.0117 0.0000
-313.9554 0.0000
-313.5927 0.0000
-314.5705 0.0000
-313.7729 0.0000
-315.3727 0.0000
-313.9488 0.0000
-314.6662 0.0000
-313.3107 0.0000
-316.1377 0.0000
-313.7254 0.0000
-312.2201 0.0000
-313.4846 0.0000
-314.0862 0.0000
-314.5164 0.0000
-313.1452 0.0000
-312.3984 0.0000
-314.1723 0.0000
-312.0083 0.0000
-313.7972 0.0000
-314.0761 0.0000
-315.0639 0.0000
-314.6609 0.0000
-315.4680 0.0000
-314.3354 0.0000
-314.4676 0.0000
-313.4253 0.0000
-314.4622 0.0000
-313.4427 0.0000
-313.1101 0.0000
-314.7758 0.0000
-313.2345 0.0000
-314.3305 0.0000
-313.7722 0.0000
-314.6126 0.0000
-315.1863 0.0000
-314.3012 0.0000
-315.2607 0.0000
-314.5978 0.0000
-313.2771 0.0000
-314.3538 0.0000
-313.9993 0.0000
-315.4483 0.0000
-315.3391 0.0000
-313.7896 0.0000
-314.4210 0.0000
-313.4157 0.0000
-313.3820 0.0000
-313.6801 0.0000
-314.1059 0.0000
-313.8206 0.0000
-314.2514 0.0000
-314.2310 0.0000
-314.7154 0.0000
-314.9270 0.0000
-312.7837 0.0000
-313.0451 0.0000
-313.8790 0.0000
-314.5850 0.0000
-314.2874 0.0000
-314.4349 0.0000
-315.2905 0.0000
-314.7111 0.0000
-313.8486 0.0000
-312.0407 0.0000
-314.0762 0.0000
-314.6543 0.0000
-313.1108 0.0000
-314.1332 0.0000
-314.1283 0.0000
-313.0734 0.0000
-313.4537 0.0000
-314.5926 0.0000
-313.6001 0.0000
-314.1845 0.0000
-312.7766 0.0000
-313.8158 0.0000
-313.5268 0.0000
-312.6542 0.0000
-314.6597 0.0000
-315.4822 0.0000
-313.9041 0.0000
-314.9102 0.0000
-314.7581 0.0000
-312.3659 0.0000
-313.5623 0.0000
-313.0980 0.0000
-313.8683 0.0000
-315.5538 0.0000
-313.7691 0.0000
-314.6381 0.0000
-313.0389 0.0000
-314.1813 0.0000
-315.0923 0.0000
-315.3264 0.0000
-314.2315 0.0000
-314.6981 0.0000
-313.7238 0.0000
-313.5410 0.0000
-313.9891 0.0000
-312.4260 0.0000
-315.7930 0.0000
-314.1215 0.0000
-313.6083 0.0000
-313.9198 0.0000
-312.6727 0.0000
-313.4490 0.0000
-314.6709 0.0000
-314.4135 0.0000
-313.7199 0.0000
-314.4194 0.0000
-314.1959 0.0000
-314.1303 0.0000
-314.1011 0.0000
-314.5276 0.0000
-314.6443 0.0000
-314.5610 0.0000
-314.2085 0.0000
-314.0479 0.0000
-315.2169 0.0000
-313.5162 0.0000
-312.7363 0.0000
-313.8178 0.0000
-313.4873 0.0000
-313.2533 0.0000
-314.2742 0.0000
-313.7491 0.0000
-314.6678 0.0000
-315.6877 0.0000
-314.7869 0.0000
-314.0701 0.0000
-313.8315 0.0000
-314.5475 0.0000
-313.3080 0.0000
-314.4839 0.0000
-314.2158 0.0000
-313.5742 0.0000
-314.8938 0.0000
-314.3668 0.0000
-313.1164 0.0000
-314.5886 0.0000
-314.8081 0.0000
-314.6954 0.0000
-314.8416 0.0000
-315.2618 0.0000
-313.9389 0.0000
-313.7127 0.0000
-314.2699 0.0000
-312.9289 0.0000
-314.2315 0.0000
-314.5254 0.0000
-314.6650 0.0000
-313.4900 0.0000
-312.7482 0.0000
-313.1038 0.0000
-314.1816 0.0000
-313.9206 0.0000
-314.3286 0.0000
-314.0712 0.0000
-314.8972 0.0000
-315.1458 0.0000
-313.8806 0.0000
-314.1105 0.0000
-314.7386 0.0000
-313.7019 0.0000
-314.9664 0.0000
-314.7001 0.0000
-314.0512 0.0000
-314.1887 0.0000
-315.2205 0.0000
-313.6136 0.0000
-314.0715 0.0000
-314.3690 0.0000
-314.7855 0.0000
-313.7049 0.0000
-313.7747 0.0000
-314.0956 0.0000
-315.2972 0.0000
-313.1804 0.0000
-314.4305 0.0000
-315.9896 0.0000
-316.1797 0.0000
-314.5389 0.0000
-315.2916 0.0000
-314.0848 0.0000
-314.0223 0.0000
-314.0470 0.0000
-313.2577 0.0000
-313.3947 0.0000
-314.3761 0.0000
-314.1243 0.0000
-314.6651 0.0000
-313.6816 0.0000
-314.9846 0.0000
-313.2015 0.0000
-314.3426 0.0000
-313.8035 0.0000
-313.8164 0.0000
-313.8169 0.0000
-314.6739 0.0000
-314.4267 0.0000
-314.9172 0.0000
-314.4807 0.0000
-313.0334 0.0000
-313.7801 0.0000
-314.5773 0.0000
-313.5642 0.0000
-313.8847 0.0000
-312.7117 0.0000
-314.5004 0.0000
-314.4540 0.0000
-314.5085 0.0000
-313.8906 0.0000
-315.2373 0.0000
-313.3201 0.0000
-312.7867 0.0000
-315.2294 0.0000
-313.7333 0.0000
-314.3466 0.0000
-314.7659 0.0000
-313.9810 0.0000
-313.3532 0.0000
-315.4942 0.0000
-313.2234 0.0000
-314.5449 0.0000
-312.7658 0.0000
-313.8589 0.0000
-313.8248 0.0000
-314.5574 0.0000
-313.7206 0.0000
-315.5459 0.0000
-313.3260 0.0000
-314.5742 0.0000
-312.8194 0.0000
-315.3294 0.0000
-313.7944 0.0000
-313.2493 0.0000
-313.7402 0.0000
-313.7479 0.0000
-314.6969 0.0000
-313.9269 0.0000
-313.4246 0.0000
-314.2553 0.0000
-315.6121 0.0000
-314.8358 0.0000
-313.1235 0.0000
-312.6767 0.0000
-314.4647 0.0000
-313.7283 0.0000
-314.0687 0.0000
-313.6127 0.0000
-313.7559 0.0000
-313.9711 0.0000
-313.3176 0.0000
-315.5594 0.0000
-314.8209 0.0000
-313.3649 0.0000
-314.1555 0.0000
-314.3275 0.0000
-314.6131 0.0000
-313.3103 0.0000
-314.0009 0.0000
-312.4901 0.0000
-314.0909 0.0000
-314.5836 0.0000
-314.3633 0.0000
-314.4001 0.0000
-315.6414 0.0000
-314.2834 0.0000
-314.5426 0.0000
-313.4446 0.0000
-315.0000 0.0000
-315.5933 0.0000
-313.4799 0.0000
-313.9907 0.0000
-314.9744 0.0000
-314.4432 0.0000
-313.7280 0.0000
-315.2702 0.0000
-313.7537 0.0000
-315.2035 0.0000
-316.7273 0.0000
-314.1892 0.0000
-316.0318 0.0000
-313.6948 0.0000
-314.4504 0.0000
-312.9857 0.0000
-314.9739 0.0000
-314.7116 0.0000
-314.0417 0.0000
-313.5816 0.0000
-314.1805 0.0000
-315.0265 0.0000
-314.1319 0.0000
-312.7484 0.0000
-315.2730 0.0000
-315.2965 0.0000
-314.0023 0.0000
-314.0323 0.0000
-313.0343 0.0000
-312.6655 0.0000
-315.0173 0.0000
-312.6478 0.0000
-315.6371 0.0000
-314.0365 0.0000
-315.0071 0.0000
-315.6054 0.0000
-315.1960 0.0000
-314.2581 0.0000
-314.3122 0.0000
-312.9548 0.0000
-313.1941 0.0000
-315.9757 0.0000
-314.8491 0.0000
-314.3220 0.0000
-313.5774 0.0000
-313.6566 0.0000
-314.1125 0.0000
-315.2278 0.0000
-313.8839 0.0000
-315.3123 0.0000
-314.7236 0.0000
-314.8782 0.0000
-313.1172 0.0000
-314.2303 0.0000
-315.2902 0.0000
-315.3471 0.0000
-314.2238 0.0000
-313.7654 0.0000
-315.1797 0.0000
-314.3763 0.0000
-314.2811 0.0000
-313.4814 0.0000
-314.2986 0.0000
-314.4905 0.0000
-313.8526 0.0000
-316.1399 0.0000
-313.5981 0.0000
-314.7927 0.0000
-313.5433 0.0000
-315.9239 0.0000
-313.6248 0.0000
-313.0866 0.0000
-314.7859 0.0000
-313.5413 0.0000
-314.3495 0.0000
-313.8306 0.0000
-313.4834 0.0000
-315.2239 0.0000
-313.2715 0.0000
-313.5199 0.0000
-314.3600 0.0000
-315.5618 0.0000
-314.5801 0.0000
-313.9223 0.0000
-314.9479 0.0000
-313.5428 0.0000
-313.6951 0.0000
-314.2288 0.0000
-314.6087 0.0000
-314.1524 0.0000
-313.2954 0.0000
-313.7839 0.0000
-314.1158 0.0000
-313.6490 0.0000
-312.9333 0.0000
-313.7123 0.0000
-313.5846 0.0000
-314.4012 0.0000
-313.6225 0.0000
-314.4580 0.0000
-313.9044 0.0000
-313.4108 0.0000
-315.0255 0.0000
-314.3702 0.0000
-313.8289 0.0000
-315.5529 0.0000
-314.3444 0.0000
-312.8039 0.0000
-314.0750 0.0000
-314.3714 0.0000
-313.3102 0.0000
-315.7311 0.0000
-313.3541 0.0000
-314.0978 0.0000
-314.6438 0.0000
-313.5229 0.0000
-314.3227 0.0000
-314.6736 0.0000
-313.4651 0.0000
-313.0725 0.0000
-313.8428 0.0000
-312.4367 0.0000
-315.0740 0.0000
-314.3977 0.0000
-313.7364 0.0000
-312.9179 0.0000
-313.9514 0.0000
-314.0036 0.0000
-313.7908 0.0000
-314.2647 0.0000
-313.8580 0.0000
-314.2136 0.0000
-314.0710 0.0000
-314.4714 0.0000
-313.3666 0.0000
-314.5693 0.0000
-314.1833 0.0000
-316.0298 0.0000
-314.5513 0.0000
-314.3951 0.0000
-313.7642 0.0000
-314.8219 0.0000
-313.4001 0.0000
-315.4290 0.0000
-314.2840 0.0000
-312.9822 0.0000
-314.4314 0.0000
-313.6447 0.0000
-313.8937 0.0000
-314.1495 0.0000
-315.6262 0.0000
-313.1461 0.0000
-314.1175 0.0000
-314.8944 0.0000
-314.4888 0.0000
-314.2845 0.0000
-314.5134 0.0000
-314.3793 0.0000
-314.0812 0.0000
-315.7243 0.0000
-313.6242 0.0000
-314.9600 0.0000
-311.4890 0.0000
-314.0001 0.0000
-315.1371 0.0000
-312.5102 0.0000
-314.4066 0.0000
-313.1308 0.0000
-314.3413 0.0000
-315.3364 0.0000
-314.5301 0.0000
-314.2033 0.0000
-315.9302 0.0000
-314.8289 0.0000
-313.4653 0.0000
-314.4368 0.0000
-314.2900 0.0000
-314.2082 0.0000
-313.9262 0.0000
-314.0155 0.0000
-313.8051 0.0000
-313.5290 0.0000
-315.2207 0.0000
-312.5406 0.0000
-313.7248 0.0000
-315.3482 0.0000
-313.2087 0.0000
-313.4031 0.0000
-314.0907 0.0000
-315.4683 0.0000
-312.6573 0.0000
-314.5990 0.0000
-312.8282 0.0000
-314.1015 0.0000
-315.3467 0.0000
-314.6378 0.0000
-315.1440 0.0000
-313.6748 0.0000
-313.8574 0.0000
-314.6735 0.0000
-313.0748 0.0000
-312.8905 0.0000
-314.0338 0.0000
-314.6495 0.0000
-314.1860 0.0000
-313.9324 0.0000
-313.5149 0.0000
-314.5174 0.0000
-314.8830 0.0000
-315.1970 0.0000
-313.7746 0.0000
-311.6004 0.0000
-313.2761 0.0000
-313.9176 0.0000
-313.7934 0.0000
-313.5439 0.0000
-313.9453 0.0000
-314.6752 0.0000
-315.8615 0.0000
-314.0370 0.0000
-314.3867 0.0000
-315.1875 0.0000
-313.8427 0.0000
-313.1820 0.0000
-313.4457 0.0000
-315.1316 0.0000
-314.1766 0.0000
-313.0278 0.0000
-312.8954 0.0000
-312.5460 0.0000
-313.3545 0.0000
-314.5747 0.0000
-313.2927 0.0000
-313.5731 0.0000
-314.0812 0.0000
-314.6746 0.0000
-315.4962 0.0000
-314.0139 0.0000
-313.9223 0.0000
-314.9136 0.0000
-313.9072 0.0000
-312.7482 0.0000
-314.3047 0.0000
-314.1417 0.0000
-315.4198 0.0000
-313.8078 0.0000
-314.6036 0.0000
-314.6899 0.0000
-314.8076 0.0000
-313.2785 0.0000
-313.9645 0.0000
-315.2065 0.0000
-312.9002 0.0000
-313.7017 0.0000
-314.5244 0.0000
-313.8507 0.0000
-313.5732 0.0000
-314.4610 0.0000
-314.4293 0.0000
-314.3695 0.0000
-314.3256 0.0000
-313.0058 0.0000
-314.7283 0.0000
-312.6216 0.0000
-313.9580 0.0000
-313.6942 0.0000
-314.5603 0.0000
-312.8931 0.0000
-314.1186 0.0000
-313.7932 0.0000
-313.7131 0.0000
-314.7118 0.0000
-313.8385 0.0000
-313.1601 0.0000
-314.3982 0.0000
-314.7900 0.0000
-314.0099 0.0000
-313.5369 0.0000
-315.0315 0.0000
-315.0867 0.0000
-314.0938 0.0000
-313.2463 0.0000
-314.8653 0.0000
-314.1039 0.0000
-313.7429 0.0000
-312.5280 0.0000
-313.9743 0.0000
-315.2940 0.0000
-313.8609 0.0000
-314.7532 0.0000
-313.0553 0.0000
-314.0860 0.0000
-313.9617 0.0000
-315.5995 0.0000
-313.2558 0.0000
-315.7210 0.0000
-314.2104 0.0000
-314.4101 0.0000
-313.9097 0.0000
-313.4563 0.0000
-314.3295 0.0000
-313.4114 0.0000
-314.5038 0.0000
-315.5532 0.0000
-314.2810 0.0000
-314.1126 0.0000
-314.8043 0.0000
-314.8250 0.0000
-312.5152 0.0000
-314.2781 0.0000
-315.4673 0.0000
-315.3031 0.0000
-314.5224 0.0000
-314.1501 0.0000
-314.6199 0.0000
-312.7275 0.0000
-313.5764 0.0000
-315.0130 0.0000
-313.5835 0.0000
-314.0794 0.0000
-314.3531 0.0000
-314.5808 0.0000
-315.8166 0.0000
-313.8698 0.0000
-314.0056 0.0000
-314.1100 0.0000
-313.1340 0.0000
-312.9770 0.0000
-314.6911 0.0000
-315.4178 0.0000
-314.4742 0.0000
-314.8749 0.0000
-313.2392 0.0000
-314.6816 0.0000
-313.8886 0.0000
-314.3759 0.0000
-315.3193 0.0000
-313.2081 0.0000
-313.3355 0.0000
-314.9791 0.0000
-314.1099 0.0000
-315.9556 0.0000
-313.9441 0.0000
-314.5227 0.0000
-314.7303 0.0000
-315.1640 0.0000
-314.8142 0.0000
-315.4868 0.0000
-312.9812 0.0000
-312.9688 0.0000
-314.2620 0.0000
-314.7433 0.0000
-315.7363 0.0000
-313.5912 0.0000
-314.5914 0.0000
-314.2567 0.0000
-313.7103 0.0000
-315.4311 0.0000
-313.6750 0.0000
-313.5748 0.0000
-314.4096 0.0000
-313.8386 0.0000
-313.1679 0.0000
-314.0745 0.0000
-314.6314 0.0000
-313.9024 0.0000
-315.5575 0.0000
-312.8185 0.0000
-314.4746 0.0000
-314.3720 0.0000
-314.2893 0.0000
-313.2857 0.0000
-314.5177 0.0000
-314.0080 0.0000
-314.0247 0.0000
-314.0203 0.0000
-313.9061 0.0000
-314.6795 0.0000
-313.0510 0.0000
-312.1542 0.0000
-314.8164 0.0000
-314.2346 0.0000
-313.3236 0.0000
-314.7409 0.0000
-314.5261 0.0000
-313.2215 0.0000
-315.2495 0.0000
-314.8272 0.0000
-312.9370 0.0000
-314.8019 0.0000
-313.6407 0.0000
-314.1874 0.0000
-315.4274 0.0000
-315.5081 0.0000
-315.2869 0.0000
-314.3286 0.0000
-314.0497 0.0000
-315.3355 0.0000
-314.8355 0.0000
-314.5782 0.0000
-315.0626 0.0000
-315.5998 0.0000
-313.4345 0.0000
-314.9341 0.0000
-314.4219 0.0000
-313.1249 0.0000
-314.4150 0.0000
-313.8160 0.0000
-313.1554 0.0000
-315.1193 0.0000
-313.7801 0.0000
-313.7972 0.0000
-315.5417 0.0000
-314.6006 0.0000
-314.7653 0.0000
-314.3577 0.0000
-314.2510 0.0000
-314.8748 0.0000
-312.5746 0.0000
-313.7795 0.0000
-314.3592 0.0000
-316.7595 0.0000
-315.2060 0.0000
-314.2894 0.0000
-316.9055 0.0000
-315.1984 0.0000
-314.4876 0.0000
-313.0947 0.0000
-313.1681 0.0000
-313.5685 0.0000
-314.9537 0.0000
-315.0418 0.0000
-315.0568 0.0000
-315.0895 0.0000
-315.1553 0.0000
-314.0126 0.0000
-314.2588 0.0000
-312.1530 0.0000
-314.7607 0.0000
-313.9044 0.0000
-314.7282 0.0000
-313.9266 0.0000
-314.4462 0.0000
-313.4719 0.0000
-314.3764 0.0000
-313.0333 0.0000
-315.8250 0.0000
-314.3792 0.0000
-314.8246 0.0000
-313.9580 0.0000
-313.9961 0.0000
-313.9025 0.0000
-314.0255 0.0000
-312.9308 0.0000
-314.6075 0.0000
-312.2081 0.0000
-313.4243 0.0000
-314.1680 0.0000
-315.1132 0.0000
-313.1979 0.0000
-314.1223 0.0000
-315.1834 0.0000
-314.2121 0.0000
-314.7324 0.0000
-314.3054 0.0000
-314.8507 0.0000
-315.5886 0.0000
-314.5271 0.0000
-312.8748 0.0000
-313.8579 0.0000
-313.0389 0.0000
-314.0949 0.0000
-315.0960 0.0000
-314.0277 0.0000
-313.1285 0.0000
-314.0131 0.0000
-314.6047 0.0000
-313.8214 0.0000
-314.2573 0.0000
-314.0364 0.0000
-314.2300 0.0000
-313.3936 0.0000
-315.2153 0.0000
-313.5069 0.0000
-314.0436 0.0000
-313.2973 0.0000
-314.2957 0.0000
-314.3042 0.0000
-315.3001 0.0000
-315.2783 0.0000
-312.9456 0.0000
-316.7222 0.0000
-314.0935 0.0000
-313.1382 0.0000
-314.1099 0.0000
-313.3961 0.0000
-316.1606 0.0000
-314.6128 0.0000
-313.8227 0.0000
-313.6176 0.0000
-314.3145 0.0000
-313.8953 0.0000
-314.9734 0.0000
-313.6878 0.0000
-314.3002 0.0000
-314.7655 0.0000
-313.7804 0.0000
-313.6228 0.0000
-314.6234 0.0000
-314.0046 0.0000
-313.2504 0.0000
-315.1781 0.0000
-314.3915 0.0000
-313.5150 0.0000
-314.5628 0.0000
-314.8486 0.0000
-313.3107 0.0000
-313.8411 0.0000
-313.8517 0.0000
-315.1728 0.0000
-313.3431 0.0000
-314.5434 0.0000
-312.3645 0.0000
-314.6986 0.0000
-314.7564 0.0000
-314.3018 0.0000
-314.1417 0.0000
-314.0688 0.0000
-313.9119 0.0000
-315.1474 0.0000
-312.8744 0.0000
-314.7932 0.0000
-312.4390 0.0000
-314.7059 0.0000
-313.7642 0.0000
-313.7152 0.0000
-314.5185 0.0000
-314.4365 0.0000
-315.3054 0.0000
-313.7525 0.0000
-314.4052 0.0000
-314.5332 0.0000
-312.0480 0.0000
-311.5985 0.0000
-314.5672 0.0000
-313.3563 0.0000
-315.2089 0.0000
-312.4478 0.0000
-313.7694 0.0000
-312.9283 0.0000
-313.3867 0.0000
-313.3899 0.0000
-313.4344 0.0000
-313.4859 0.0000
-313.3081 0.0000
-314.2408 0.0000
-314.7695 0.0000
-315.4567 0.0000
-314.7665 0.0000
-313.6891 0.0000
-312.9546 0.0000
-315.0071 0.0000
-314.9556 0.0000
-313.6460 0.0000
-313.9702 0.0000
-314.0854 0.0000
-313.6876 0.0000
-314.0767 0.0000
-315.8360 0.0000
-314.4895 0.0000
-314.4883 0.0000
-313.2378 0.0000
-312.9381 0.0000
-314.0938 0.0000
-312.6691 0.0000
-314.1059 0.0000
-315.6060 0.0000
-314.5588 0.0000
-314.6035 0.0000
-313.7675 0.0000
-315.1631 0.0000
-315.2143 0.0000
-313.5140 0.0000
-313.1077 0.0000
-313.3942 0.0000
-315.5694 0.0000
-314.1521 0.0000
-314.3931 0.0000
-314.7004 0.0000
-315.5425 0.0000
-313.8429 0.0000
-315.1057 0.0000
-315.2037 0.0000
-313.6886 0.0000
-313.7196 0.0000
-314.3086 0.0000
-313.5179 0.0000
-315.7254 0.0000
-314.6967 0.0000
-313.8965 0.0000
-313.1021 0.0000
-314.8155 0.0000
-313.6211 0.0000
-315.7455 0.0000
-314.4217 0.0000
-315.3774 0.0000
-315.2349 0.0000
-313.7289 0.0000
-315.2299 0.0000
-312.7698 0.0000
-312.8072 0.0000
-313.2412 0.0000
-314.5772 0.0000
-314.2409 0.0000
-312.6920 0.0000
-314.4237 0.0000
-314.4073 0.0000
-314.4414 0.0000
-314.6605 0.0000
-314.4316 0.0000
-313.7261 0.0000
-314.4195 0.0000
-315.7012 0.0000
-314.1010 0.0000
-315.2490 0.0000
-313.5397 0.0000
-313.8893 0.0000
-312.6932 0.0000
-314.5211 0.0000
-314.8747 0.0000
-315.1999 0.0000
-314.8826 0.0000
-314.2718 0.0000
-313.0826 0.0000
-314.4295 0.0000
-314.2516 0.0000
-314.2935 0.0000
-314.7481 0.0000
-316.0552 0.0000
-314.5580 0.0000
-315.4825 0.0000
-313.5244 0.0000
-313.5387 0.0000
-315.0141 0.0000
-313.1718 0.0000
-314.5716 0.0000
-313.5618 0.0000
-314.2865 0.0000
-314.9926 0.0000
-314.3067 0.0000
-313.4941 0.0000
-313.3973 0.0000
-313.6700 0.0000
-314.0350 0.0000
-313.5823 0.0000
-314.3761 0.0000
-316.3419 0.0000
-314.4068 0.0000
-314.0932 0.0000
-314.9602 0.0000
-314.0113 0.0000
-313.7406 0.0000
-313.2936 0.0000
-313.5570 0.0000
-312.8949 0.0000
-315.1746 0.0000
-313.3518 0.0000
-314.3073 0.0000
-314.4140 0.0000
-315.3029 0.0000
-314.7651 0.0000
-313.6661 0.0000
-314.7254 0.0000
-313.7829 0.0000
-313.9613 0.0000
-313.9927 0.0000
-314.4816 0.0000
-313.8483 0.0000
-314.9179 0.0000
-313.2088 0.0000
-314.6142 0.0000
-314.0063 0.0000
-313.6390 0.0000
-314.6588 0.0000
-314.4991 0.0000
-313.5324 0.0000
-314.6939 0.0000
-315.9475 0.0000
-314.2713 0.0000
-314.5505 0.0000
-314.8188 0.0000
-314.4491 0.0000
-314.1169 0.0000
-314.8243 0.0000
-314.6685 0.0000
-314.4947 0.0000
-314.9627 0.0000
-313.9893 0.0000
-315.5234 0.0000
-313.9446 0.0000
-315.1291 0.0000
-312.8842 0.0000
-314.0574 0.0000
-313.0655 0.0000
-313.4015 0.0000
-313.7201 0.0000
-314.5362 0.0000
-314.7995 0.0000
-314.6591 0.0000
-315.4459 0.0000
-312.6845 0.0000
-314.5485 0.0000
-316.6965 0.0000
-312.6668 0.0000
-315.0049 0.0000
-313.8332 0.0000
-315.5438 0.0000
-313.4117 0.0000
-312.7314 0.0000
-313.9650 0.0000
-313.8756 0.0000
-313.9887 0.0000
-315.2005 0.0000
-313.4050 0.0000
-314.4193 0.0000
-314.3831 0.0000
-314.3535 0.0000
-313.1032 0.0000
-314.0562 0.0000
-313.8727 0.0000
-313.2190 0.0000
-315.6095 0.0000
-313.6422 0.0000
-313.1956 0.0000
-312.4262 0.0000
-313.5012 0.0000
-313.2682 0.0000
-314.0421 0.0000
-313.5896 0.0000
-314.0671 0.0000
-316.2092 0.0000
-314.9955 0.0000
-314.2206 0.0000
-313.7196 0.0000
-313.8115 0.0000
-313.2417 0.0000
-314.1692 0.0000
-312.2168 0.0000
-314.5089 0.0000
-314.0083 0.0000
-311.9343 0.0000
-315.0006 0.0000
-314.2391 0.0000
-313.1997 0.0000
-314.0780 0.0000
-314.9605 0.0000
-313.4845 0.0000
-313.4846 0.0000
-313.7038 0.0000
-314.5571 0.0000
-314.7537 0.0000
-315.1833 0.0000
-314.7132 0.0000
-316.0571 0.0000
-312.6656 0.0000
-313.6314 0.0000
-313.6319 0.0000
-313.8956 0.0000
-315.4494 0.0000
-313.6174 0.0000
-314.9177 0.0000
-313.1800 0.0000
-313.8168 0.0000
-313.9660 0.0000
-314.5877 0.0000
-313.2253 0.0000
-314.2535 0.0000
-314.2429 0.0000
-313.5927 0.0000
-312.5207 0.0000
-313.4473 0.0000
-313.7754 0.0000
-314.6831 0.0000
-314.2176 0.0000
-314.7653 0.0000
-314.8639 0.0000
-315.3283 0.0000
-314.3020 0.0000
-314.0777 0.0000
-313.5639 0.0000
-313.9871 0.0000
-313.7723 0.0000
-313.3246 0.0000
-313.5368 0.0000
-313.8003 0.0000
-315.4402 0.0000
-315.0944 0.0000
-313.1431 0.0000
-315.1320 0.0000
-315.6105 0.0000
-315.3171 0.0000
-313.4300 0.0000
-313.7411 0.0000
-315.0875 0.0000
-314.2455 0.0000
-313.1779 0.0000
-313.3901 0.0000
-313.0867 0.0000
-313.2091 0.0000
-315.9988 0.0000
-313.4680 0.0000
-315.4811 0.0000
-314.5042 0.0000
-313.4737 0.0000
-315.9372 0.0000
-315.0599 0.0000
-314.8602 0.0000
-312.9629 0.0000
-313.3760 0.0000
-315.3185 0.0000
-313.4398 0.0000
-313.0553 0.0000
-313.8055 0.0000
-313.9309 0.0000
-314.4265 0.0000
-315.5558 0.0000
-313.5033 0.0000
-314.0698 0.0000
-314.2953 0.0000
-314.2277 0.0000
-313.4846 0.0000
-314.7450 0.0000
-313.5082 0.0000
-313.5693 0.0000
-314.6026 0.0000
-315.2495 0.0000
-314.5422 0.0000
-316.1448 0.0000
-313.8167 0.0000
-315.0225 0.0000
-315.2681 0.0000
-314.5156 0.0000
-315.2312 0.0000
-313.1837 0.0000
-314.2267 0.0000
-315.1408 0.0000
-314.2159 0.0000
-314.4808 0.0000
-314.7793 0.0000
-314.3603 0.0000
-315.0538 0.0000
-314.3696 0.0000
-313.8461 0.0000
-314.3657 0.0000
-314.9968 0.0000
-315.0223 0.0000
-313.7772 0.0000
-312.8567 0.0000
-312.5145 0.0000
-313.7430 0.0000
-314.0072 0.0000
-313.5710 0.0000
-313.2316 0.0000
-315.0193 0.0000
-314.2472 0.0000
-314.2242 0.0000
-313.4636 0.0000
-315.4219 0.0000
-315.0410 0.0000
-313.5710 0.0000
-315.1412 0.0000
-314.5464 0.0000
-313.1175 0.0000
-313.4097 0.0000
-314.5525 0.0000
-315.1767 0.0000
-313.0176 0.0000
-313.5952 0.0000
-312.4896 0.0000
-312.7041 0.0000
-314.3614 0.0000
-313.3279 0.0000
-314.4987 0.0000
-314.3214 0.0000
-313.9823 0.0000
-313.5470 0.0000
-313.7444 0.0000
-314.6700 0.0000
-314.8349 0.0000
-314.3216 0.0000
-313.2373 0.0000
-314.4703 0.0000
-314.0799 0.0000
-314.9005 0.0000
-312.1937 0.0000
-316.0303 0.0000
-314.4549 0.0000
-313.9353 0.0000
-314.0350 0.0000
-313.9878 0.0000
-313.7800 0.0000
-313.7300 0.0000
-314.3004 0.0000
-314.9682 0.0000
-314.0470 0.0000
-311.9981 0.0000
-314.2941 0.0000
-312.8846 0.0000
-314.6357 0.0000
-312.7284 0.0000
-315.4696 0.0000
-315.1250 0.0000
-312.6302 0.0000
-313.2606 0.0000
-314.6222 0.0000
-314.8622 0.0000
-313.2017 0.0000
-313.2381 0.0000
-314.0803 0.0000
-314.6674 0.0000
-314.0413 0.0000
-312.8388 0.0000
-313.7598 0.0000
-314.4074 0.0000
-313.6114 0.0000
-313.6255 0.0000
-314.7040 0.0000
-313.5560 0.0000
-315.1952 0.0000
-313.6200 0.0000
-315.4768 0.0000
-314.0676 0.0000
-313.6306 0.0000
-312.7147 0.0000
-313.5325 0.0000
-314.0475 0.0000
-314.6882 0.0000
