-100.0000 -100.0000
-333.5237 0.0000
-333.3839 0.0000
-333.9820 0.0000
-333.7658 0.0000
-333.9781 0.0000
-333.3505 0.0000
-334.0546 0.0000
-333.4414 0.0000
-334.0260 0.0000
-333.0499 0.0000
-333.1820 0.0000
-334.0373 0.0000
-333.7581 0.0000
-334.0064 0.0000
-334.6379 0.0000
-334.7434 0.0000
-334.6986 0.0000
-333.8682 0.0000
-333.5073 0.0000
-333.4666 0.0000
-333.8660 0.0000
-334.1135 0.0000
-333.6155 0.0000
-334.7429 0.0000
-333.5316 0.0000
-333.3036 0.0000
-333.9135 0.0000
-335.6536 0.0000
-335.9940 0.0000
-335.4024 0.0000
-335.8505 0.0000
-335.4556 0.0000
-335.5242 0.0000
-335.7426 0.0000
-335.5668 0.0000
-335.4373 0.0000
-335.1930 0.0000
-336.6321 0.0000
-336.5994 0.0000
-336.8714 0.0000
-337.3269 0.0000
-336.8895 0.0000
-336.3972 0.0000
-337.0807 0.0000
-336.2773 0.0000
-337.3829 0.0000
-337.8508 0.0000
-337.2203 0.0000
-337.0135 0.0000
-336.5558 0.0000
-336.5362 0.0000
-336.5485 0.0000
-337.0710 0.0000
-337.5131 0.0000
-336.8654 0.0000
-336.3422 0.0000
-336.1530 0.0000
-335.8930 0.0000
-336.0093 0.0000
-335.6281 0.0000
-335.7547 0.0000
-336.0473 0.0000
-335.6691 0.0000
-336.0978 0.0000
-336.4137 0.0000
-336.5896 0.0000
-336.3058 0.0000
-336.6853 0.0000
-336.4690 0.0000
-336.8312 0.0000
-336.3222 0.0000
-336.1543 0.0000
-335.7365 0.0000
-335.4596 0.0000
-335.9731 0.0000
-336.1643 0.0000
-335.7822 0.0000
-337.0365 0.0000
-337.6103 0.0000
-337.3418 0.0000
-337.9833 0.0000
-338.9480 0.0000
-338.1905 0.0000
-338.0742 0.0000
-338.7659 0.0000
-338.9932 0.0000
-338.8172 0.0000
-339.1944 0.0000
-339.0922 0.0000
-339.6174 0.0000
-339.6903 0.0000
-338.9376 0.0000
-338.7022 0.0000
-338.7585 0.0000
-338.5541 0.0000
-338.2625 0.0000
-338.1575 0.0000
-337.2604 0.0000
-336.7466 0.0000
-336.7856 0.0000
-337.3936 0.0000
-337.5346 0.0000
-338.2259 0.0000
-338.2883 0.0000
-338.5128 0.0000
-338.9603 0.0000
-338.1607 0.0000
-338.6468 0.0000
-337.4099 0.0000
-338.0894 0.0000
-337.2925 0.0000
-336.9915 0.0000
-335.4003 0.0000
-335.4935 0.0000
-336.2257 0.0000
-336.4981 0.0000
-337.3411 0.0000
-336.0559 0.0000
-335.9796 0.0000
-335.9331 0.0000
-335.4827 0.0000
-335.4520 0.0000
-335.0489 0.0000
-335.7709 0.0000
-335.1180 0.0000
-335.3152 0.0000
-336.2203 0.0000
-334.8291 0.0000
-334.7285 0.0000
-335.7978 0.0000
-335.5239 0.0000
-335.7181 0.0000
-335.2100 0.0000
-335.5039 0.0000
-335.6278 0.0000
-336.0359 0.0000
-335.7761 0.0000
-335.2005 0.0000
-334.5569 0.0000
-334.2542 0.0000
-335.2408 0.0000
-333.2383 0.0000
-333.8241 0.0000
-334.3969 0.0000
-334.7061 0.0000
-334.6864 0.0000
-335.3925 0.0000
-335.1571 0.0000
-335.7285 0.0000
-335.9330 0.0000
-336.5866 0.0000
-337.0851 0.0000
-337.1428 0.0000
-337.1697 0.0000
-337.0843 0.0000
-337.8012 0.0000
-337.6530 0.0000
-337.4297 0.0000
-336.7699 0.0000
-337.4328 0.0000
-337.6036 0.0000
-337.1668 0.0000
-338.2041 0.0000
-338.2652 0.0000
-338.5270 0.0000
-338.5497 0.0000
-337.9356 0.0000
-337.1594 0.0000
-337.5271 0.0000
-337.7415 0.0000
-337.4496 0.0000
-337.0900 0.0000
-337.5667 0.0000
-337.9808 0.0000
-338.5567 0.0000
-338.4124 0.0000
-337.4672 0.0000
-337.4596 0.0000
-337.3438 0.0000
-337.3348 0.0000
-337.5831 0.0000
-337.6765 0.0000
-337.6419 0.0000
-336.3514 0.0000
-336.4184 0.0000
-335.9044 0.0000
-336.3276 0.0000
-336.0907 0.0000
-336.5683 0.0000
-337.3027 0.0000
-337.1154 0.0000
-336.3852 0.0000
-336.5401 0.0000
-335.9682 0.0000
-336.8184 0.0000
-336.3697 0.0000
-337.0143 0.0000
-335.6155 0.0000
-335.5470 0.0000
-335.3605 0.0000
-335.7052 0.0000
-335.2621 0.0000
-336.7430 0.0000
-334.7533 0.0000
-334.7739 0.0000
-335.1286 0.0000
-335.1684 0.0000
-335.6254 0.0000
-335.1434 0.0000
-335.5380 0.0000
-335.1466 0.0000
-335.8942 0.0000
-335.5000 0.0000
-336.2400 0.0000
-336.0160 0.0000
-336.1488 0.0000
-335.2956 0.0000
-334.9958 0.0000
-336.3846 0.0000
-335.7049 0.0000
-336.8932 0.0000
-337.6376 0.0000
-337.4950 0.0000
-337.2988 0.0000
-337.7303 0.0000
-337.3103 0.0000
-338.2097 0.0000
-339.0638 0.0000
-339.7224 0.0000
-340.7384 0.0000
-339.7240 0.0000
-339.3202 0.0000
-338.7051 0.0000
-339.0962 0.0000
-339.8129 0.0000
-340.0949 0.0000
-338.3509 0.0000
-338.8725 0.0000
-339.1073 0.0000
-338.4115 0.0000
-338.7134 0.0000
-337.5408 0.0000
-337.0548 0.0000
-336.7303 0.0000
-337.1371 0.0000
-335.6917 0.0000
-335.6992 0.0000
-336.4636 0.0000
-336.2547 0.0000
-337.4918 0.0000
-336.0532 0.0000
-335.5399 0.0000
-335.9514 0.0000
-336.4813 0.0000
-335.2228 0.0000
-336.0496 0.0000
-335.9419 0.0000
-336.1058 0.0000
-336.3266 0.0000
-336.0616 0.0000
-335.6462 0.0000
-334.7226 0.0000
-335.1810 0.0000
-334.9872 0.0000
-335.0505 0.0000
-334.4890 0.0000
-333.2482 0.0000
-334.1132 0.0000
-334.4849 0.0000
-334.2874 0.0000
-334.0611 0.0000
-334.7993 0.0000
-333.8686 0.0000
-334.1554 0.0000
-334.6092 0.0000
-334.5418 0.0000
-334.0239 0.0000
-333.1353 0.0000
-332.5641 0.0000
-332.7819 0.0000
-331.9663 0.0000
-332.3351 0.0000
-332.5836 0.0000
-332.6565 0.0000
-333.3925 0.0000
-332.8812 0.0000
-331.7468 0.0000
-332.2552 0.0000
-332.4947 0.0000
-331.8959 0.0000
-331.6782 0.0000
-332.1289 0.0000
-331.1270 0.0000
-331.4093 0.0000
-331.8451 0.0000
-332.2820 0.0000
-332.7379 0.0000
-332.0433 0.0000
-332.6442 0.0000
-332.3328 0.0000
-332.2803 0.0000
-331.6044 0.0000
-330.9271 0.0000
-332.2522 0.0000
-331.3862 0.0000
-331.4837 0.0000
-331.3671 0.0000
-331.3812 0.0000
-331.7739 0.0000
-330.7818 0.0000
-330.9360 0.0000
-331.4932 0.0000
-331.3168 0.0000
-331.0733 0.0000
-329.6715 0.0000
-329.2746 0.0000
-330.1455 0.0000
-329.3133 0.0000
-329.0713 0.0000
-328.1678 0.0000
-327.7539 0.0000
-327.8632 0.0000
-328.6158 0.0000
-328.0511 0.0000
-326.9124 0.0000
-325.2094 0.0000
-325.1899 0.0000
-325.2935 0.0000
-324.8005 0.0000
-325.2335 0.0000
-324.6422 0.0000
-324.6553 0.0000
-325.6222 0.0000
-324.4041 0.0000
-325.0470 0.0000
-325.1480 0.0000
-325.2053 0.0000
-325.6916 0.0000
-327.1031 0.0000
-327.1117 0.0000
-326.9814 0.0000
-327.4295 0.0000
-327.4390 0.0000
-326.6754 0.0000
-327.0381 0.0000
-327.2337 0.0000
-327.0258 0.0000
-327.1047 0.0000
-327.2460 0.0000
-327.9352 0.0000
-327.6032 0.0000
-327.7397 0.0000
-327.7410 0.0000
-328.0241 0.0000
-327.4400 0.0000
-328.5780 0.0000
-327.9125 0.0000
-327.8271 0.0000
-327.8204 0.0000
-326.6070 0.0000
-327.1748 0.0000
-327.9607 0.0000
-326.9326 0.0000
-327.9625 0.0000
-326.6369 0.0000
-327.2654 0.0000
-327.5576 0.0000
-326.3901 0.0000
-327.2042 0.0000
-327.4727 0.0000
-326.6119 0.0000
-325.7291 0.0000
-327.0663 0.0000
-327.9147 0.0000
-327.0281 0.0000
-327.0437 0.0000
-327.2072 0.0000
-326.5810 0.0000
-328.2273 0.0000
-325.9824 0.0000
-326.3912 0.0000
-325.3229 0.0000
-326.6314 0.0000
-326.4461 0.0000
-326.3631 0.0000
-325.4323 0.0000
-326.2053 0.0000
-325.5555 0.0000
-326.0363 0.0000
-325.7649 0.0000
-325.2124 0.0000
-325.2220 0.0000
-325.7859 0.0000
-326.3742 0.0000
-326.2270 0.0000
-326.3707 0.0000
-326.9892 0.0000
-326.2403 0.0000
-326.7230 0.0000
-326.6266 0.0000
-324.9373 0.0000
-326.3115 0.0000
-327.3447 0.0000
-326.2969 0.0000
-327.3840 0.0000
-325.9856 0.0000
-326.6446 0.0000
-327.2102 0.0000
-326.5116 0.0000
-326.0288 0.0000
-326.2982 0.0000
-327.0063 0.0000
-326.2304 0.0000
-327.9646 0.0000
-327.7657 0.0000
-328.5905 0.0000
-329.8680 0.0000
-329.8898 0.0000
-329.6764 0.0000
-330.1381 0.0000
-328.2442 0.0000
-328.5584 0.0000
-327.6886 0.0000
-328.3659 0.0000
-328.9819 0.0000
-329.3886 0.0000
-328.6455 0.0000
-327.9954 0.0000
-327.2888 0.0000
-326.8008 0.0000
-326.2275 0.0000
-326.6228 0.0000
-326.6005 0.0000
-327.8289 0.0000
-327.3463 0.0000
-326.2605 0.0000
-326.2605 0.0000
-327.0764 0.0000
-326.9640 0.0000
-326.0615 0.0000
-326.1069 0.0000
-325.4282 0.0000
-324.7849 0.0000
-325.1681 0.0000
-324.9578 0.0000
-325.8831 0.0000
-326.4305 0.0000
-326.1648 0.0000
-325.3134 0.0000
-326.9747 0.0000
-325.8870 0.0000
-324.9051 0.0000
-324.8748 0.0000
-325.2566 0.0000
-325.5885 0.0000
-324.5021 0.0000
-324.6872 0.0000
-324.6707 0.0000
-324.8656 0.0000
-325.6623 0.0000
-325.4201 0.0000
-326.1080 0.0000
-324.8758 0.0000
-325.0397 0.0000
-325.4296 0.0000
-325.4547 0.0000
-325.8475 0.0000
-325.4699 0.0000
-324.8324 0.0000
-323.4325 0.0000
-324.8337 0.0000
-324.1889 0.0000
-325.4488 0.0000
-325.7022 0.0000
-325.2504 0.0000
-325.4930 0.0000
-325.4744 0.0000
-324.7142 0.0000
-324.2867 0.0000
-323.5149 0.0000
-323.0076 0.0000
-323.1562 0.0000
-322.8975 0.0000
-323.0737 0.0000
-322.8458 0.0000
-322.1179 0.0000
-322.4628 0.0000
-321.8241 0.0000
-321.2749 0.0000
-321.3397 0.0000
-321.5302 0.0000
-321.6437 0.0000
-321.2594 0.0000
-321.1881 0.0000
-320.4694 0.0000
-320.3086 0.0000
-320.4129 0.0000
-320.0694 0.0000
-321.2529 0.0000
-321.2760 0.0000
-322.2531 0.0000
-321.9707 0.0000
-321.7370 0.0000
-321.0040 0.0000
-321.3519 0.0000
-321.2259 0.0000
-322.7329 0.0000
-321.7406 0.0000
-320.6472 0.0000
-321.0869 0.0000
-320.3789 0.0000
-320.2217 0.0000
-321.1479 0.0000
-320.4524 0.0000
-319.1955 0.0000
-319.0523 0.0000
-319.4762 0.0000
-319.2639 0.0000
-318.0430 0.0000
-318.5991 0.0000
-318.8825 0.0000
-319.1021 0.0000
-319.1674 0.0000
-319.4765 0.0000
-319.7960 0.0000
-318.6355 0.0000
-318.5930 0.0000
-319.0707 0.0000
-318.7979 0.0000
-318.5071 0.0000
-318.3176 0.0000
-318.6517 0.0000
-318.1041 0.0000
-318.4321 0.0000
-318.6442 0.0000
-318.6658 0.0000
-319.1633 0.0000
-318.6051 0.0000
-318.0046 0.0000
-317.9685 0.0000
-318.5080 0.0000
-318.2631 0.0000
-319.9365 0.0000
-319.8296 0.0000
-320.1372 0.0000
-319.9805 0.0000
-320.6350 0.0000
-319.5148 0.0000
-319.1583 0.0000
-321.0217 0.0000
-318.0844 0.0000
-318.1905 0.0000
-317.2186 0.0000
-317.2321 0.0000
-317.5311 0.0000
-316.4671 0.0000
-316.8784 0.0000
-316.4896 0.0000
-315.5050 0.0000
-314.9659 0.0000
-315.6424 0.0000
-315.4650 0.0000
-314.7700 0.0000
-315.8580 0.0000
-315.3237 0.0000
-315.0002 0.0000
-313.6894 0.0000
-315.9543 0.0000
-316.0699 0.0000
-316.3696 0.0000
-315.2395 0.0000
-316.2107 0.0000
-316.6928 0.0000
-316.2554 0.0000
-314.7900 0.0000
-313.3255 0.0000
-315.5768 0.0000
-316.9109 0.0000
-314.6331 0.0000
-313.9917 0.0000
-314.2434 0.0000
-314.0681 0.0000
-313.6399 0.0000
-313.7964 0.0000
-312.6075 0.0000
-313.7567 0.0000
-313.5694 0.0000
-313.9144 0.0000
-314.2670 0.0000
-315.8315 0.0000
-316.4063 0.0000
-314.9268 0.0000
-315.4493 0.0000
-313.9920 0.0000
-313.4405 0.0000
-313.4428 0.0000
-315.0596 0.0000
-314.4438 0.0000
-314.7429 0.0000
-314.7617 0.0000
-314.9982 0.0000
-315.2496 0.0000
-313.5039 0.0000
-313.0771 0.0000
-311.8438 0.0000
-312.8873 0.0000
-311.6746 0.0000
-311.5056 0.0000
-311.9958 0.0000
-312.4541 0.0000
-311.5201 0.0000
-312.3743 0.0000
-311.4741 0.0000
-311.1418 0.0000
-309.9748 0.0000
-310.9870 0.0000
-310.9085 0.0000
-311.4933 0.0000
-310.3007 0.0000
-310.2959 0.0000
-309.8010 0.0000
-308.7110 0.0000
-309.2908 0.0000
-309.9834 0.0000
-309.0064 0.0000
-307.7954 0.0000
-306.9149 0.0000
-307.6327 0.0000
-309.0342 0.0000
-307.1528 0.0000
-308.0088 0.0000
-306.6851 0.0000
-306.5300 0.0000
-306.6619 0.0000
-307.9114 0.0000
-307.1969 0.0000
-305.9144 0.0000
-306.2391 0.0000
-306.3179 0.0000
-305.2810 0.0000
-306.5273 0.0000
-305.9716 0.0000
-305.9700 0.0000
-305.6005 0.0000
-307.1445 0.0000
-308.2719 0.0000
-306.9604 0.0000
-307.1255 0.0000
-303.6166 0.0000
-303.9579 0.0000
-303.7302 0.0000
-302.4173 0.0000
-304.2299 0.0000
-304.7796 0.0000
-304.2338 0.0000
-303.5244 0.0000
-304.7061 0.0000
-304.4973 0.0000
-302.7296 0.0000
-304.0801 0.0000
-304.5429 0.0000
-304.0927 0.0000
-303.5454 0.0000
-304.0867 0.0000
-304.3094 0.0000
-304.4563 0.0000
-304.2685 0.0000
-306.0965 0.0000
-305.6677 0.0000
-305.3317 0.0000
-306.2064 0.0000
-306.1448 0.0000
-306.3208 0.0000
-306.3469 0.0000
-304.7446 0.0000
-306.1318 0.0000
-306.4204 0.0000
-305.1246 0.0000
-306.5029 0.0000
-307.3908 0.0000
-306.3910 0.0000
-306.3348 0.0000
-306.6699 0.0000
-305.6242 0.0000
-304.2425 0.0000
-303.7421 0.0000
-302.8097 0.0000
-304.3646 0.0000
-302.9556 0.0000
-303.9147 0.0000
-303.2006 0.0000
-302.4527 0.0000
-303.3827 0.0000
-303.6159 0.0000
-301.0804 0.0000
-301.8072 0.0000
-301.2052 0.0000
-302.9182 0.0000
-302.1517 0.0000
-301.2342 0.0000
-302.9309 0.0000
-301.3966 0.0000
-301.7550 0.0000
-299.9340 0.0000
-299.8256 0.0000
-300.2779 0.0000
-299.5922 0.0000
-300.0230 0.0000
-300.3265 0.0000
-301.3226 0.0000
-300.1972 0.0000
-300.3603 0.0000
-299.3815 0.0000
-298.6501 0.0000
-299.0440 0.0000
-300.9591 0.0000
-298.0866 0.0000
-297.1789 0.0000
-297.7574 0.0000
-297.9824 0.0000
-298.0876 0.0000
-299.1230 0.0000
-299.7989 0.0000
-299.5482 0.0000
-301.1436 0.0000
-297.2870 0.0000
-298.7218 0.0000
-301.8588 0.0000
-298.7378 0.0000
-297.8753 0.0000
-297.5738 0.0000
-298.0924 0.0000
-298.2077 0.0000
-298.5651 0.0000
-297.9408 0.0000
-298.3927 0.0000
-298.7436 0.0000
-297.0565 0.0000
-299.9570 0.0000
-299.5935 0.0000
-298.9355 0.0000
-298.7795 0.0000
-299.7085 0.0000
-300.1799 0.0000
-298.1397 0.0000
-298.7140 0.0000
-299.3119 0.0000
-297.6954 0.0000
-298.1104 0.0000
-297.4703 0.0000
-298.0087 0.0000
-297.6735 0.0000
-296.1429 0.0000
-295.7631 0.0000
-294.2229 0.0000
-293.8959 0.0000
-294.1854 0.0000
-294.0434 0.0000
-294.8405 0.0000
-294.3393 0.0000
-294.1414 0.0000
-295.1868 0.0000
-293.3577 0.0000
-295.1695 0.0000
-296.1944 0.0000
-293.6934 0.0000
-293.9936 0.0000
-294.0864 0.0000
-295.0300 0.0000
-293.8599 0.0000
-295.4318 0.0000
-295.6054 0.0000
-298.0621 0.0000
-296.6170 0.0000
-296.4527 0.0000
-297.5339 0.0000
-294.7776 0.0000
-296.0632 0.0000
-296.3626 0.0000
-296.7897 0.0000
-297.0642 0.0000
-298.1399 0.0000
-299.0891 0.0000
-299.8808 0.0000
-297.9234 0.0000
-298.6605 0.0000
-297.4560 0.0000
-297.4763 0.0000
-297.7585 0.0000
-295.9539 0.0000
-295.5638 0.0000
-297.3633 0.0000
-295.1831 0.0000
-297.1267 0.0000
-296.7112 0.0000
-296.1965 0.0000
-298.2069 0.0000
-296.8264 0.0000
-296.8564 0.0000
-298.1061 0.0000
-296.2838 0.0000
-296.8169 0.0000
-294.9909 0.0000
-296.2019 0.0000
-295.0308 0.0000
-295.1899 0.0000
-294.9486 0.0000
-295.0341 0.0000
-296.1597 0.0000
-295.9782 0.0000
-294.2677 0.0000
-294.2013 0.0000
-293.9953 0.0000
-294.9820 0.0000
-294.8010 0.0000
-293.6959 0.0000
-293.6015 0.0000
-293.1532 0.0000
-293.4161 0.0000
-292.6574 0.0000
-293.4270 0.0000
-294.5284 0.0000
-296.3589 0.0000
-295.2287 0.0000
-294.8850 0.0000
-296.0474 0.0000
-295.3054 0.0000
-294.8188 0.0000
-293.8294 0.0000
-294.8172 0.0000
-293.1365 0.0000
-293.8597 0.0000
-291.9066 0.0000
-292.1938 0.0000
-292.6525 0.0000
-291.8047 0.0000
-291.2797 0.0000
-290.9292 0.0000
-291.3775 0.0000
-291.0359 0.0000
-291.2209 0.0000
-290.1845 0.0000
-290.7632 0.0000
-289.6184 0.0000
-290.7529 0.0000
-289.8367 0.0000
-290.8394 0.0000
-291.4948 0.0000
-291.1290 0.0000
-291.8170 0.0000
-290.8318 0.0000
-291.4703 0.0000
-292.2026 0.0000
-291.0416 0.0000
-292.8440 0.0000
-294.1080 0.0000
-292.9217 0.0000
-292.8297 0.0000
-293.2548 0.0000
-293.9757 0.0000
-294.5510 0.0000
-294.4097 0.0000
-295.0645 0.0000
-295.4975 0.0000
-295.1510 0.0000
-295.9071 0.0000
-294.6691 0.0000
-293.5160 0.0000
-291.6698 0.0000
-293.2143 0.0000
-291.6049 0.0000
-291.1228 0.0000
-292.3634 0.0000
-289.1237 0.0000
-291.4373 0.0000
-292.6016 0.0000
-291.9851 0.0000
-292.3613 0.0000
-290.8216 0.0000
-290.3075 0.0000
-290.8399 0.0000
-289.5997 0.0000
-289.6212 0.0000
-290.1231 0.0000
-291.2822 0.0000
-291.5952 0.0000
-290.8607 0.0000
-289.8655 0.0000
-289.1032 0.0000
-289.5185 0.0000
-289.9749 0.0000
-288.6056 0.0000
-290.2997 0.0000
-291.3985 0.0000
-293.2107 0.0000
-292.3043 0.0000
-291.6977 0.0000
-291.2988 0.0000
-290.6280 0.0000
-291.4429 0.0000
-290.9938 0.0000
-290.0819 0.0000
-290.3755 0.0000
-289.5669 0.0000
-291.6836 0.0000
-290.3278 0.0000
-289.4339 0.0000
-289.7629 0.0000
-289.0205 0.0000
-289.6059 0.0000
-289.8951 0.0000
-289.7449 0.0000
-291.7158 0.0000
-294.5213 0.0000
-290.9576 0.0000
-290.3519 0.0000
-289.4051 0.0000
-288.9217 0.0000
-288.2567 0.0000
-287.6172 0.0000
-287.5529 0.0000
-287.5696 0.0000
-286.2578 0.0000
-287.0837 0.0000
-286.5233 0.0000
-286.4257 0.0000
-285.0009 0.0000
-286.7395 0.0000
-287.0650 0.0000
-286.5131 0.0000
-286.4625 0.0000
-288.4251 0.0000
-289.3957 0.0000
-286.4573 0.0000
-286.9559 0.0000
-287.0149 0.0000
-287.4518 0.0000
-287.8797 0.0000
-286.2978 0.0000
-287.0041 0.0000
-285.5215 0.0000
-285.8382 0.0000
-284.8381 0.0000
-285.5362 0.0000
-285.2272 0.0000
-285.4978 0.0000
-287.9125 0.0000
-284.6919 0.0000
-285.9042 0.0000
-286.0619 0.0000
-286.1713 0.0000
-286.6872 0.0000
-284.7586 0.0000
-286.7467 0.0000
-285.2997 0.0000
-285.7706 0.0000
-286.8650 0.0000
-284.9864 0.0000
-284.0483 0.0000
-285.5810 0.0000
-284.2783 0.0000
-285.8625 0.0000
-285.7697 0.0000
-283.4993 0.0000
-286.1128 0.0000
-285.3705 0.0000
-284.5947 0.0000
-284.8195 0.0000
-283.7157 0.0000
-285.5941 0.0000
-282.6907 0.0000
-282.6723 0.0000
-282.2325 0.0000
-283.2180 0.0000
-282.8093 0.0000
-283.3744 0.0000
-283.4561 0.0000
-283.0104 0.0000
-282.0320 0.0000
-283.3917 0.0000
-282.3661 0.0000
-282.8566 0.0000
-283.4693 0.0000
-282.8023 0.0000
-280.7296 0.0000
-283.4513 0.0000
-283.2591 0.0000
-281.6786 0.0000
-283.2212 0.0000
-283.2656 0.0000
-283.6549 0.0000
-284.1763 0.0000
-284.1707 0.0000
-283.3211 0.0000
-284.2020 0.0000
-283.3484 0.0000
-282.4858 0.0000
-281.1344 0.0000
-283.0362 0.0000
-282.3492 0.0000
-283.0993 0.0000
-282.4121 0.0000
-280.9150 0.0000
-281.3969 0.0000
-280.7917 0.0000
-281.9603 0.0000
-281.1804 0.0000
-282.3359 0.0000
-282.6315 0.0000
-284.7431 0.0000
-283.3325 0.0000
-282.7777 0.0000
-282.2076 0.0000
-280.9456 0.0000
-282.8978 0.0000
-283.7437 0.0000
-285.2709 0.0000
-283.1505 0.0000
-281.7457 0.0000
-283.5350 0.0000
-282.0045 0.0000
-282.0961 0.0000
-282.3032 0.0000
-281.1194 0.0000
-279.1331 0.0000
-280.4766 0.0000
-279.8177 0.0000
-278.6140 0.0000
-279.3148 0.0000
-278.6635 0.0000
-277.8658 0.0000
-278.5154 0.0000
-278.1913 0.0000
-278.4190 0.0000
-277.8795 0.0000
-277.1183 0.0000
-277.0434 0.0000
-276.7919 0.0000
-276.9513 0.0000
-277.4430 0.0000
-275.8908 0.0000
-276.6624 0.0000
-274.3980 0.0000
-273.7597 0.0000
-275.1022 0.0000
-273.5066 0.0000
-274.5980 0.0000
-274.5031 0.0000
-274.7164 0.0000
-273.2256 0.0000
-275.0968 0.0000
-274.2821 0.0000
-274.1494 0.0000
-274.9960 0.0000
-272.2379 0.0000
-272.4074 0.0000
-271.8623 0.0000
-271.2648 0.0000
-273.0331 0.0000
-273.3061 0.0000
-271.6315 0.0000
-272.6243 0.0000
-270.3709 0.0000
-270.9809 0.0000
-269.8482 0.0000
-271.6008 0.0000
-270.1168 0.0000
-269.1988 0.0000
-270.3618 0.0000
-269.3497 0.0000
-270.4740 0.0000
-270.8015 0.0000
-270.4311 0.0000
-270.2952 0.0000
-270.4544 0.0000
-269.8255 0.0000
-269.7069 0.0000
-268.5026 0.0000
-267.8634 0.0000
-268.3880 0.0000
-267.0533 0.0000
-266.5015 0.0000
-266.0646 0.0000
-266.6066 0.0000
-266.6909 0.0000
-267.9314 0.0000
-266.2977 0.0000
-266.9314 0.0000
-266.6301 0.0000
-266.2607 0.0000
-266.4247 0.0000
-267.3569 0.0000
-266.4071 0.0000
-265.7059 0.0000
-267.4371 0.0000
-267.4791 0.0000
-266.2350 0.0000
-267.1969 0.0000
-266.9205 0.0000
-267.2527 0.0000
-268.8022 0.0000
-267.5198 0.0000
-267.1497 0.0000
-268.6090 0.0000
-267.8558 0.0000
-268.0060 0.0000
-269.2820 0.0000
-266.9404 0.0000
-267.2472 0.0000
-267.9301 0.0000
-268.9873 0.0000
-267.5095 0.0000
-267.2912 0.0000
-267.7089 0.0000
-268.4005 0.0000
-267.4585 0.0000
-266.5656 0.0000
-266.4148 0.0000
-266.0910 0.0000
-265.2360 0.0000
-266.9932 0.0000
-266.1994 0.0000
-265.6873 0.0000
-265.8547 0.0000
-266.5211 0.0000
-265.7616 0.0000
-266.1895 0.0000
-266.8979 0.0000
-265.4787 0.0000
-266.5554 0.0000
-266.3024 0.0000
-265.4264 0.0000
-266.0186 0.0000
-265.2552 0.0000
-266.0705 0.0000
-267.5536 0.0000
-266.7148 0.0000
-265.1867 0.0000
-266.0464 0.0000
-267.7797 0.0000
-266.6911 0.0000
-266.7905 0.0000
-266.2278 0.0000
-266.0748 0.0000
-267.0177 0.0000
-265.4740 0.0000
-265.8596 0.0000
-266.9012 0.0000
-266.9095 0.0000
-266.5701 0.0000
-266.5030 0.0000
-267.7371 0.0000
-267.6265 0.0000
-266.3979 0.0000
-268.0187 0.0000
-268.2502 0.0000
-268.2171 0.0000
-268.5699 0.0000
-268.8730 0.0000
-269.1762 0.0000
-268.3024 0.0000
-270.5009 0.0000
-268.4149 0.0000
-269.3515 0.0000
-267.6545 0.0000
-267.1261 0.0000
-267.9033 0.0000
-266.9286 0.0000
-266.3534 0.0000
-267.5890 0.0000
-266.3162 0.0000
-268.0604 0.0000
-265.4317 0.0000
-265.1684 0.0000
-264.6072 0.0000
-265.4212 0.0000
-265.3876 0.0000
-264.2193 0.0000
-264.4912 0.0000
-264.1537 0.0000
-264.6791 0.0000
-264.4475 0.0000
-266.0742 0.0000
-264.9675 0.0000
-264.4181 0.0000
-266.2925 0.0000
-264.7098 0.0000
-265.7755 0.0000
-266.4245 0.0000
-267.0265 0.0000
-267.4657 0.0000
-267.2930 0.0000
-263.8346 0.0000
-265.6956 0.0000
-265.6617 0.0000
-265.0646 0.0000
-265.6492 0.0000
-267.3087 0.0000
-264.1692 0.0000
-263.8687 0.0000
-265.0667 0.0000
-265.2236 0.0000
-265.9219 0.0000
-267.9061 0.0000
-267.2025 0.0000
-265.5024 0.0000
-266.8681 0.0000
-264.3495 0.0000
-263.9913 0.0000
-262.9224 0.0000
-262.3013 0.0000
-262.4811 0.0000
-261.9786 0.0000
-262.0058 0.0000
-260.9371 0.0000
-262.9859 0.0000
-260.3658 0.0000
-261.4945 0.0000
-259.1351 0.0000
-259.1488 0.0000
-260.3993 0.0000
-259.5264 0.0000
-260.3634 0.0000
-257.9831 0.0000
-259.2752 0.0000
-257.7490 0.0000
-259.6085 0.0000
-257.5262 0.0000
-257.1020 0.0000
-257.4400 0.0000
-257.5492 0.0000
-257.7033 0.0000
-257.7602 0.0000
-257.7071 0.0000
-257.1312 0.0000
-256.9407 0.0000
-256.2575 0.0000
-255.1556 0.0000
-256.0718 0.0000
-256.3300 0.0000
-257.1163 0.0000
-256.1785 0.0000
-256.5265 0.0000
-256.6833 0.0000
-257.4812 0.0000
-257.7476 0.0000
-257.5339 0.0000
-254.6041 0.0000
-253.3413 0.0000
-254.6845 0.0000
-254.0741 0.0000
-253.5053 0.0000
-254.4859 0.0000
-256.1722 0.0000
-255.9244 0.0000
-254.9392 0.0000
-255.2670 0.0000
-254.7155 0.0000
-255.0760 0.0000
-256.0269 0.0000
-253.5924 0.0000
-254.4719 0.0000
-254.2342 0.0000
-254.6526 0.0000
-254.0883 0.0000
-253.8867 0.0000
-253.8535 0.0000
-253.6105 0.0000
-253.6917 0.0000
-253.5117 0.0000
-254.8759 0.0000
-251.7926 0.0000
-252.0000 0.0000
-252.3269 0.0000
-251.5411 0.0000
-251.2035 0.0000
-251.8081 0.0000
-251.4788 0.0000
-252.3979 0.0000
-251.8826 0.0000
-251.8737 0.0000
-251.4057 0.0000
-252.2639 0.0000
-252.2286 0.0000
-251.9123 0.0000
-252.3844 0.0000
-251.6033 0.0000
-251.0935 0.0000
-249.7906 0.0000
-249.7490 0.0000
-250.7897 0.0000
-250.3316 0.0000
-250.8286 0.0000
-250.1645 0.0000
-250.4067 0.0000
-249.2569 0.0000
-249.8924 0.0000
-249.1741 0.0000
-250.4583 0.0000
-249.3500 0.0000
-250.1883 0.0000
-251.1045 0.0000
-251.4872 0.0000
-251.3260 0.0000
-251.9013 0.0000
-250.4294 0.0000
-251.1980 0.0000
-251.9320 0.0000
-251.5766 0.0000
-252.3453 0.0000
-251.2771 0.0000
-251.0862 0.0000
-249.8212 0.0000
-251.5713 0.0000
-251.6302 0.0000
-252.4094 0.0000
-252.0457 0.0000
-253.7104 0.0000
-253.0066 0.0000
-250.7003 0.0000
-251.8528 0.0000
-252.1029 0.0000
-251.5485 0.0000
-251.0852 0.0000
-250.8118 0.0000
-251.1829 0.0000
-251.9554 0.0000
-250.4423 0.0000
-249.9765 0.0000
-249.6785 0.0000
-249.0771 0.0000
-248.1480 0.0000
-248.9891 0.0000
-248.9473 0.0000
-248.6499 0.0000
-249.5201 0.0000
-248.0981 0.0000
-248.3298 0.0000
-249.1506 0.0000
-247.7342 0.0000
-248.3463 0.0000
-248.8557 0.0000
-248.6893 0.0000
-250.6811 0.0000
-248.9534 0.0000
-248.1758 0.0000
-247.8371 0.0000
-247.2590 0.0000
-247.0784 0.0000
-246.7558 0.0000
-246.5175 0.0000
-246.9316 0.0000
-247.2126 0.0000
-247.3815 0.0000
-246.3560 0.0000
-245.7260 0.0000
-245.9777 0.0000
-246.2719 0.0000
-246.0892 0.0000
-245.5244 0.0000
-245.4465 0.0000
-245.9331 0.0000
-246.3008 0.0000
-245.3221 0.0000
-246.5979 0.0000
-245.9712 0.0000
-245.4295 0.0000
-247.0215 0.0000
-245.4130 0.0000
-245.3068 0.0000
-246.1355 0.0000
-244.2180 0.0000
-243.8150 0.0000
-243.7002 0.0000
-244.8468 0.0000
-244.3388 0.0000
-244.2667 0.0000
-244.4300 0.0000
-245.3779 0.0000
-243.9374 0.0000
-244.2590 0.0000
-243.5302 0.0000
-243.6152 0.0000
-242.7398 0.0000
-245.3670 0.0000
-246.4117 0.0000
-245.8955 0.0000
-247.0943 0.0000
-246.2225 0.0000
-245.9382 0.0000
-246.2920 0.0000
-245.7049 0.0000
-247.8317 0.0000
-246.0480 0.0000
-246.4821 0.0000
-247.3679 0.0000
-246.1183 0.0000
-245.1833 0.0000
-245.9863 0.0000
-246.7161 0.0000
-246.9269 0.0000
-247.4499 0.0000
-248.8238 0.0000
-248.7872 0.0000
-248.3936 0.0000
-247.3673 0.0000
-247.1421 0.0000
-246.7525 0.0000
-248.8302 0.0000
-247.0482 0.0000
-246.5016 0.0000
-247.5200 0.0000
-247.4030 0.0000
-248.4427 0.0000
-247.5589 0.0000
-247.7234 0.0000
-248.7142 0.0000
-247.9992 0.0000
-247.2861 0.0000
-247.9770 0.0000
-249.3755 0.0000
-250.6500 0.0000
-250.6041 0.0000
-248.7857 0.0000
-249.2881 0.0000
-250.9430 0.0000
-250.8374 0.0000
-251.1461 0.0000
-251.1837 0.0000
-250.7408 0.0000
-252.1844 0.0000
-251.1830 0.0000
-249.2482 0.0000
-248.6437 0.0000
-248.6029 0.0000
-249.7971 0.0000
-248.6621 0.0000
-247.8334 0.0000
-248.9490 0.0000
-249.6393 0.0000
-250.1078 0.0000
-249.8343 0.0000
-249.3871 0.0000
-246.9700 0.0000
-247.2840 0.0000
-249.1085 0.0000
-248.7213 0.0000
-249.4464 0.0000
-250.0694 0.0000
-249.4275 0.0000
-249.2718 0.0000
-250.6971 0.0000
-248.2228 0.0000
-249.2872 0.0000
-249.6701 0.0000
-250.2099 0.0000
-249.6874 0.0000
-250.0329 0.0000
-250.1768 0.0000
-249.0775 0.0000
-249.3914 0.0000
-251.0581 0.0000
-248.7639 0.0000
-248.2756 0.0000
-249.8786 0.0000
-249.2195 0.0000
-249.5875 0.0000
-248.9902 0.0000
-248.2749 0.0000
-248.6644 0.0000
-250.0310 0.0000
-248.1973 0.0000
-247.8054 0.0000
-247.4826 0.0000
-246.2664 0.0000
-246.2533 0.0000
-247.2552 0.0000
-245.9829 0.0000
-247.2566 0.0000
-244.8983 0.0000
-244.7091 0.0000
-244.8009 0.0000
-245.1141 0.0000
-245.3249 0.0000
-244.8192 0.0000
-244.7942 0.0000
-245.6095 0.0000
-245.0625 0.0000
-245.7198 0.0000
-245.6273 0.0000
-245.7194 0.0000
-245.9597 0.0000
-245.2610 0.0000
-245.8555 0.0000
-246.0476 0.0000
-246.5348 0.0000
-246.5141 0.0000
-245.4211 0.0000
-245.7223 0.0000
-246.4897 0.0000
-245.8406 0.0000
-245.8665 0.0000
-246.0809 0.0000
-246.4887 0.0000
-247.4190 0.0000
-245.5285 0.0000
-245.6105 0.0000
-244.7743 0.0000
-244.7897 0.0000
-244.6507 0.0000
-243.6430 0.0000
-245.7801 0.0000
-244.4899 0.0000
-244.0358 0.0000
-244.4883 0.0000
-242.7552 0.0000
-244.3807 0.0000
-242.2818 0.0000
-242.3167 0.0000
-242.7069 0.0000
-242.5173 0.0000
-240.8226 0.0000
-240.5694 0.0000
-241.1076 0.0000
-241.6096 0.0000
-242.0942 0.0000
-243.4427 0.0000
-240.4835 0.0000
-239.5715 0.0000
-239.8031 0.0000
-239.7711 0.0000
-238.8216 0.0000
-239.3731 0.0000
-239.9568 0.0000
-238.3910 0.0000
-238.6124 0.0000
-239.1299 0.0000
-238.0120 0.0000
-237.5165 0.0000
-238.7082 0.0000
-239.0372 0.0000
-239.5511 0.0000
-238.8241 0.0000
-240.0517 0.0000
-238.2169 0.0000
-237.4388 0.0000
-238.1308 0.0000
-238.1832 0.0000
-237.4134 0.0000
-237.7567 0.0000
-236.9264 0.0000
-237.9490 0.0000
-238.1486 0.0000
-238.1526 0.0000
-240.4044 0.0000
-241.3604 0.0000
-240.6439 0.0000
-241.3545 0.0000
-239.4541 0.0000
-239.2176 0.0000
-241.1414 0.0000
-240.3198 0.0000
-240.2717 0.0000
-240.5356 0.0000
-240.4243 0.0000
-240.3130 0.0000
-239.8861 0.0000
-240.5728 0.0000
-238.8258 0.0000
-239.3285 0.0000
-239.9833 0.0000
-239.5662 0.0000
-238.9494 0.0000
-240.1114 0.0000
-239.3205 0.0000
-239.2352 0.0000
-238.8840 0.0000
-240.6518 0.0000
-239.3447 0.0000
-240.5752 0.0000
-240.4739 0.0000
-239.7581 0.0000
-241.9522 0.0000
-242.3478 0.0000
-243.5594 0.0000
-241.6340 0.0000
-240.4345 0.0000
-241.0595 0.0000
-241.5151 0.0000
-242.1653 0.0000
-242.2043 0.0000
-241.7194 0.0000
-242.6149 0.0000
-242.5096 0.0000
-241.1633 0.0000
-241.5810 0.0000
-241.0330 0.0000
-240.9710 0.0000
-242.8804 0.0000
-240.9509 0.0000
-240.7399 0.0000
-240.4854 0.0000
-240.8335 0.0000
-242.0018 0.0000
-243.8381 0.0000
-240.6452 0.0000
-240.9640 0.0000
-241.0608 0.0000
-241.3421 0.0000
-242.0399 0.0000
-242.1087 0.0000
-240.5427 0.0000
-241.4254 0.0000
-242.3860 0.0000
-242.9854 0.0000
-243.3883 0.0000
-242.3881 0.0000
-243.1692 0.0000
-242.4320 0.0000
-241.7112 0.0000
-242.5646 0.0000
-240.2458 0.0000
-241.4118 0.0000
-240.0281 0.0000
-241.8231 0.0000
-241.8732 0.0000
-242.8091 0.0000
-241.9328 0.0000
-242.2115 0.0000
-240.5252 0.0000
-239.7101 0.0000
-241.1035 0.0000
-240.8063 0.0000
-240.4961 0.0000
-239.3351 0.0000
-241.1435 0.0000
-240.7229 0.0000
-239.8172 0.0000
-239.3496 0.0000
-239.2972 0.0000
-238.6772 0.0000
-238.4650 0.0000
-238.2902 0.0000
-238.5554 0.0000
-238.4520 0.0000
-240.0929 0.0000
-239.1143 0.0000
-240.2873 0.0000
-238.1568 0.0000
-238.4185 0.0000
-239.4363 0.0000
-238.6689 0.0000
-236.8526 0.0000
-238.5863 0.0000
-240.5774 0.0000
-239.9661 0.0000
-240.6443 0.0000
-242.5402 0.0000
-242.5909 0.0000
-243.1450 0.0000
-242.4100 0.0000
-242.8843 0.0000
-241.7535 0.0000
-242.8730 0.0000
-243.2662 0.0000
-245.0312 0.0000
-241.7360 0.0000
-240.9305 0.0000
-243.3251 0.0000
-241.4532 0.0000
-244.3968 0.0000
-242.2607 0.0000
-241.5873 0.0000
-241.3247 0.0000
-241.9133 0.0000
-242.7626 0.0000
-243.4006 0.0000
-245.0170 0.0000
-246.0003 0.0000
-244.9893 0.0000
-244.9303 0.0000
-244.8055 0.0000
-244.5084 0.0000
-243.9994 0.0000
-245.2765 0.0000
-245.9218 0.0000
-248.4050 0.0000
-244.9627 0.0000
-244.3432 0.0000
-243.6628 0.0000
-245.1168 0.0000
-245.8636 0.0000
-244.5848 0.0000
-244.8222 0.0000
-247.3929 0.0000
-243.5351 0.0000
-242.2796 0.0000
-243.9734 0.0000
-242.9544 0.0000
-243.9356 0.0000
-245.7531 0.0000
-243.5297 0.0000
-243.1214 0.0000
-246.3506 0.0000
-243.2728 0.0000
-241.7522 0.0000
-241.6044 0.0000
-240.2127 0.0000
-242.9522 0.0000
-239.9405 0.0000
-241.1488 0.0000
-240.0866 0.0000
-241.9587 0.0000
-243.3346 0.0000
-243.0467 0.0000
-244.7029 0.0000
-242.7927 0.0000
-242.2392 0.0000
-240.8230 0.0000
-239.7089 0.0000
-238.2493 0.0000
-239.5177 0.0000
-242.0772 0.0000
-242.2081 0.0000
-241.9259 0.0000
-242.5849 0.0000
-242.1242 0.0000
-240.0329 0.0000
-242.0463 0.0000
-239.1089 0.0000
-240.1240 0.0000
-240.5230 0.0000
-240.5513 0.0000
-241.2737 0.0000
-240.3304 0.0000
-241.4896 0.0000
-239.6263 0.0000
-240.1743 0.0000
-241.9549 0.0000
-244.0502 0.0000
-243.2960 0.0000
-243.7827 0.0000
-245.8568 0.0000
-246.0917 0.0000
-244.5805 0.0000
-246.5839 0.0000
-244.9836 0.0000
-244.0558 0.0000
-243.3609 0.0000
-242.1395 0.0000
-244.2926 0.0000
-241.4700 0.0000
-240.9867 0.0000
-242.2691 0.0000
-243.1686 0.0000
-241.0430 0.0000
-239.3404 0.0000
-239.4185 0.0000
-238.5401 0.0000
-238.9987 0.0000
-240.2679 0.0000
-239.7944 0.0000
-238.4701 0.0000
-239.1786 0.0000
-239.4414 0.0000
-239.4805 0.0000
-238.6729 0.0000
-238.4430 0.0000
-237.8203 0.0000
-237.9455 0.0000
-237.1714 0.0000
-239.3507 0.0000
-241.2821 0.0000
-238.7480 0.0000
-239.8688 0.0000
-241.8862 0.0000
-239.7109 0.0000
-240.0399 0.0000
-238.9610 0.0000
-238.8241 0.0000
-237.7370 0.0000
-239.8349 0.0000
-239.1390 0.0000
-238.7805 0.0000
-239.9399 0.0000
-237.9858 0.0000
-237.7671 0.0000
-235.6087 0.0000
-236.4475 0.0000
-234.5845 0.0000
-236.2230 0.0000
-237.7110 0.0000
-237.5471 0.0000
-235.9592 0.0000
-236.1738 0.0000
-237.6298 0.0000
-237.7772 0.0000
-236.0189 0.0000
-235.4900 0.0000
-236.7255 0.0000
-236.8324 0.0000
-236.2687 0.0000
-233.7586 0.0000
-235.1786 0.0000
-235.0423 0.0000
-233.6611 0.0000
-234.3681 0.0000
-233.4635 0.0000
-233.7343 0.0000
-233.3105 0.0000
-231.1236 0.0000
-230.2814 0.0000
-229.8352 0.0000
-230.1273 0.0000
-229.4578 0.0000
-229.7222 0.0000
-230.0857 0.0000
-229.7594 0.0000
-229.5950 0.0000
-230.6029 0.0000
-230.5317 0.0000
-230.0981 0.0000
-231.1447 0.0000
-230.1118 0.0000
-230.6138 0.0000
-230.8866 0.0000
-230.5084 0.0000
-230.3257 0.0000
-230.2475 0.0000
-230.7066 0.0000
-228.9008 0.0000
-230.5114 0.0000
-230.9344 0.0000
-230.9249 0.0000
-231.2916 0.0000
-231.1218 0.0000
-231.8284 0.0000
-231.3003 0.0000
-232.7339 0.0000
-231.3557 0.0000
-231.8374 0.0000
-233.0312 0.0000
-232.3450 0.0000
-231.6735 0.0000
-231.5017 0.0000
-231.3155 0.0000
-231.6026 0.0000
-232.1425 0.0000
-232.7019 0.0000
-231.3334 0.0000
-231.2466 0.0000
-231.2559 0.0000
-231.9958 0.0000
-231.7391 0.0000
-232.3377 0.0000
-231.5247 0.0000
-231.5487 0.0000
-232.5250 0.0000
-230.7854 0.0000
-231.1591 0.0000
-231.4114 0.0000
-232.3982 0.0000
-232.6326 0.0000
-232.2349 0.0000
-231.4304 0.0000
-231.6935 0.0000
-230.2336 0.0000
-230.9253 0.0000
-229.1368 0.0000
-231.9324 0.0000
-231.4143 0.0000
-231.1478 0.0000
-231.4982 0.0000
-231.6153 0.0000
-231.1210 0.0000
-231.1034 0.0000
-231.0708 0.0000
-229.9701 0.0000
-230.6553 0.0000
-229.4898 0.0000
-231.0155 0.0000
-232.0078 0.0000
-230.9239 0.0000
-232.4531 0.0000
-230.4469 0.0000
-230.6538 0.0000
-231.2473 0.0000
-231.2204 0.0000
-232.0545 0.0000
-231.1590 0.0000
-232.1064 0.0000
-230.9575 0.0000
-231.1639 0.0000
-232.8074 0.0000
-231.1238 0.0000
-230.5147 0.0000
-231.2659 0.0000
-230.8971 0.0000
-232.8233 0.0000
-230.1669 0.0000
-229.6348 0.0000
-229.0259 0.0000
-229.5185 0.0000
-229.3253 0.0000
-229.4007 0.0000
-228.7348 0.0000
-228.4765 0.0000
-228.6124 0.0000
-228.9660 0.0000
-228.3579 0.0000
-228.5312 0.0000
-228.3596 0.0000
-228.4499 0.0000
-227.5246 0.0000
-227.0291 0.0000
-226.5159 0.0000
-227.4733 0.0000
-229.6708 0.0000
-226.9389 0.0000
-226.9936 0.0000
-226.0530 0.0000
-227.6047 0.0000
-227.1085 0.0000
-226.6291 0.0000
-227.0403 0.0000
-227.2246 0.0000
-227.7502 0.0000
-225.3318 0.0000
-225.0806 0.0000
-225.8745 0.0000
-224.9027 0.0000
-224.6110 0.0000
-223.8853 0.0000
-224.3525 0.0000
-225.1284 0.0000
-224.7947 0.0000
-224.0176 0.0000
-224.0336 0.0000
-225.1235 0.0000
-223.4860 0.0000
-223.8629 0.0000
-222.7357 0.0000
-222.7897 0.0000
-222.5567 0.0000
-222.7149 0.0000
-222.3991 0.0000
-222.9698 0.0000
-222.8333 0.0000
-223.0477 0.0000
-223.3762 0.0000
-224.2233 0.0000
-223.5951 0.0000
-223.4042 0.0000
-224.0853 0.0000
-223.2933 0.0000
-223.6594 0.0000
-223.2952 0.0000
-223.2338 0.0000
-223.2183 0.0000
-223.0753 0.0000
-223.2135 0.0000
-223.7414 0.0000
-223.6523 0.0000
-224.1441 0.0000
-224.1059 0.0000
-223.4947 0.0000
-222.5634 0.0000
-222.7695 0.0000
-223.0957 0.0000
-222.8349 0.0000
-222.6791 0.0000
-223.4908 0.0000
-222.7465 0.0000
-223.2791 0.0000
-223.6152 0.0000
-223.7959 0.0000
-223.1936 0.0000
-224.1130 0.0000
-224.2030 0.0000
-223.8541 0.0000
-224.9655 0.0000
-224.1356 0.0000
-224.1724 0.0000
-224.2407 0.0000
-223.9475 0.0000
-223.4486 0.0000
-222.6608 0.0000
-222.8309 0.0000
-222.6200 0.0000
-222.0653 0.0000
-222.8304 0.0000
-222.0034 0.0000
-222.2087 0.0000
-221.9010 0.0000
-221.2408 0.0000
-223.3737 0.0000
-221.5261 0.0000
-221.6683 0.0000
-221.8561 0.0000
-222.3908 0.0000
-221.1706 0.0000
-221.6069 0.0000
-221.2043 0.0000
-222.3298 0.0000
-221.8729 0.0000
-221.6776 0.0000
-221.4728 0.0000
-220.8377 0.0000
-221.1240 0.0000
-220.9459 0.0000
-220.0425 0.0000
-220.6464 0.0000
-220.0420 0.0000
-220.5575 0.0000
-220.6324 0.0000
-219.5449 0.0000
-220.5267 0.0000
-220.2313 0.0000
-220.2369 0.0000
-220.2964 0.0000
-220.3823 0.0000
-220.3427 0.0000
-220.4035 0.0000
-220.5282 0.0000
-220.2992 0.0000
-220.8420 0.0000
-219.7747 0.0000
-220.3687 0.0000
-221.1740 0.0000
-221.6292 0.0000
-222.3258 0.0000
-220.8010 0.0000
-221.4382 0.0000
-222.3108 0.0000
-221.1152 0.0000
-221.2929 0.0000
-221.3093 0.0000
-222.0106 0.0000
-221.6317 0.0000
-221.3884 0.0000
-220.6829 0.0000
-220.1426 0.0000
-221.3161 0.0000
-221.4056 0.0000
-222.0249 0.0000
-220.8719 0.0000
-220.8686 0.0000
-221.0116 0.0000
-220.8460 0.0000
-220.6945 0.0000
-220.8682 0.0000
-220.6522 0.0000
-221.1078 0.0000
-220.6849 0.0000
-220.3035 0.0000
-219.9850 0.0000
-219.9424 0.0000
-220.2200 0.0000
-220.5859 0.0000
-220.2347 0.0000
-219.3131 0.0000
-218.9811 0.0000
-218.8691 0.0000
-220.1889 0.0000
-219.4831 0.0000
-220.1128 0.0000
-219.9173 0.0000
-219.5703 0.0000
-219.9759 0.0000
-220.2169 0.0000
-220.4099 0.0000
-220.2839 0.0000
-220.7791 0.0000
-221.1602 0.0000
-222.3784 0.0000
-220.5842 0.0000
-220.9275 0.0000
-221.1374 0.0000
-220.0026 0.0000
-221.0429 0.0000
-219.9659 0.0000
-222.3922 0.0000
-221.9917 0.0000
-222.4048 0.0000
-221.3827 0.0000
-220.8898 0.0000
-221.3850 0.0000
-223.0280 0.0000
-220.5083 0.0000
-219.7642 0.0000
-220.2183 0.0000
-220.2503 0.0000
-220.2161 0.0000
-220.8898 0.0000
-221.6709 0.0000
-220.7641 0.0000
-220.3953 0.0000
-219.8594 0.0000
-220.2177 0.0000
-221.0964 0.0000
-219.5691 0.0000
-218.9098 0.0000
-218.6491 0.0000
-218.6650 0.0000
-218.6337 0.0000
-218.9859 0.0000
-219.2119 0.0000
-219.4535 0.0000
-219.3845 0.0000
-219.8563 0.0000
-219.9717 0.0000
-219.9860 0.0000
-219.8341 0.0000
-219.7493 0.0000
-218.4415 0.0000
-219.1315 0.0000
-218.8246 0.0000
-219.5116 0.0000
-219.6317 0.0000
-218.6248 0.0000
-217.9578 0.0000
-218.7279 0.0000
-218.1027 0.0000
-218.4005 0.0000
-218.3278 0.0000
-218.3329 0.0000
-218.8730 0.0000
-218.2158 0.0000
-219.1949 0.0000
-220.1119 0.0000
-219.7543 0.0000
-220.2473 0.0000
-221.1508 0.0000
-221.0838 0.0000
-221.9217 0.0000
-222.3247 0.0000
-221.4953 0.0000
-221.0638 0.0000
-221.6422 0.0000
-222.0862 0.0000
-222.0825 0.0000
-223.6588 0.0000
-224.0103 0.0000
-222.8904 0.0000
-223.5722 0.0000
-223.0688 0.0000
-224.7795 0.0000
-223.9086 0.0000
-224.9610 0.0000
-224.1752 0.0000
-224.6706 0.0000
-223.1501 0.0000
-223.3884 0.0000
-222.8011 0.0000
-222.6255 0.0000
-222.5822 0.0000
-224.2539 0.0000
-222.6160 0.0000
-223.2422 0.0000
-223.5782 0.0000
-222.7232 0.0000
-223.7153 0.0000
-223.9242 0.0000
-223.9910 0.0000
-225.4570 0.0000
-224.2251 0.0000
-224.0576 0.0000
-223.3689 0.0000
-224.2592 0.0000
-225.7219 0.0000
-224.3418 0.0000
-223.3244 0.0000
-225.0545 0.0000
-225.3034 0.0000
-224.7056 0.0000
-224.4661 0.0000
-224.4352 0.0000
-223.7357 0.0000
-224.2138 0.0000
-224.6856 0.0000
-224.1379 0.0000
-226.4403 0.0000
-225.2853 0.0000
-225.6480 0.0000
-225.3829 0.0000
-225.6592 0.0000
-224.9653 0.0000
-224.1768 0.0000
-223.9453 0.0000
-224.0246 0.0000
-225.5305 0.0000
-223.8969 0.0000
-224.5817 0.0000
-224.0102 0.0000
-224.0679 0.0000
-222.9615 0.0000
-222.6580 0.0000
-222.6679 0.0000
-222.7508 0.0000
-222.2605 0.0000
-220.9318 0.0000
-221.4554 0.0000
-220.8054 0.0000
-220.5962 0.0000
-221.3273 0.0000
-220.6930 0.0000
-221.2601 0.0000
-221.5481 0.0000
-221.3614 0.0000
-221.5197 0.0000
-220.6709 0.0000
-221.8052 0.0000
-221.9280 0.0000
-220.5122 0.0000
-221.9790 0.0000
-222.5251 0.0000
-221.4973 0.0000
-221.3402 0.0000
-221.5659 0.0000
-220.7276 0.0000
-220.2397 0.0000
-220.3406 0.0000
-220.5526 0.0000
-220.3943 0.0000
-220.5275 0.0000
-221.7429 0.0000
-220.9823 0.0000
-221.6938 0.0000
-221.1245 0.0000
-221.1024 0.0000
-221.3449 0.0000
-221.7837 0.0000
-222.6377 0.0000
-222.4101 0.0000
-221.9946 0.0000
-221.8187 0.0000
-220.7975 0.0000
-220.5639 0.0000
-220.7091 0.0000
-221.3941 0.0000
-222.0314 0.0000
-222.9646 0.0000
-221.9751 0.0000
-223.6792 0.0000
-222.5934 0.0000
-222.3800 0.0000
-221.8450 0.0000
-222.4206 0.0000
-222.9816 0.0000
-223.8669 0.0000
-223.6125 0.0000
-224.5428 0.0000
-224.5619 0.0000
-222.6767 0.0000
-222.0477 0.0000
-220.8881 0.0000
-222.3774 0.0000
-220.9058 0.0000
-222.1636 0.0000
-221.1220 0.0000
-222.1747 0.0000
-221.7138 0.0000
-222.0894 0.0000
-221.0463 0.0000
-219.4313 0.0000
-219.6110 0.0000
-219.4730 0.0000
-219.0589 0.0000
-219.4033 0.0000
-217.8924 0.0000
-217.2831 0.0000
-217.4787 0.0000
-217.3957 0.0000
-217.8907 0.0000
-217.4997 0.0000
-217.7406 0.0000
-217.5615 0.0000
-217.9670 0.0000
-218.3874 0.0000
-218.8148 0.0000
-219.7518 0.0000
-220.3813 0.0000
-220.0338 0.0000
-219.8838 0.0000
-218.7471 0.0000
-218.8856 0.0000
-218.0821 0.0000
-217.7876 0.0000
-218.6855 0.0000
-217.5744 0.0000
-216.3639 0.0000
-217.2410 0.0000
-218.2284 0.0000
-217.3336 0.0000
-217.7570 0.0000
-216.5161 0.0000
-215.8677 0.0000
-216.8255 0.0000
-217.3519 0.0000
-218.0540 0.0000
-218.6015 0.0000
-218.5452 0.0000
-218.7617 0.0000
-218.4257 0.0000
-217.9876 0.0000
-218.2578 0.0000
-218.6917 0.0000
-220.2990 0.0000
-219.0539 0.0000
-218.1681 0.0000
-218.5049 0.0000
-217.9115 0.0000
-218.2385 0.0000
-217.5101 0.0000
-217.8790 0.0000
-217.3134 0.0000
-218.4925 0.0000
-217.1991 0.0000
-217.1218 0.0000
-217.5798 0.0000
-217.3518 0.0000
-217.0717 0.0000
-216.6344 0.0000
-217.8067 0.0000
-218.6490 0.0000
-218.2477 0.0000
-218.8043 0.0000
-218.8546 0.0000
-219.2069 0.0000
-218.8258 0.0000
-219.0954 0.0000
-218.2146 0.0000
-217.7925 0.0000
-218.7251 0.0000
-217.8956 0.0000
-217.6826 0.0000
-218.2336 0.0000
-217.9400 0.0000
-217.3688 0.0000
-217.3059 0.0000
-218.4559 0.0000
-217.1580 0.0000
-216.9839 0.0000
-216.2232 0.0000
-216.0720 0.0000
-216.1076 0.0000
-217.1465 0.0000
-217.1634 0.0000
-216.9174 0.0000
-217.1820 0.0000
-217.2403 0.0000
-216.1056 0.0000
-217.1726 0.0000
-217.7170 0.0000
-217.3754 0.0000
-217.1241 0.0000
-216.9914 0.0000
-216.5579 0.0000
-217.1761 0.0000
-218.4940 0.0000
-217.2605 0.0000
-218.1136 0.0000
-217.2433 0.0000
-217.2274 0.0000
-216.7267 0.0000
-217.0016 0.0000
-217.7044 0.0000
-217.4285 0.0000
-218.2543 0.0000
-217.3709 0.0000
-217.0604 0.0000
-217.5804 0.0000
-216.6166 0.0000
-217.1323 0.0000
-216.7881 0.0000
-216.9916 0.0000
-218.2848 0.0000
-216.9671 0.0000
-216.9209 0.0000
-214.8411 0.0000
-217.1853 0.0000
-217.0499 0.0000
-218.4124 0.0000
-218.6878 0.0000
-218.6099 0.0000
-218.7857 0.0000
-218.5200 0.0000
-219.1672 0.0000
-220.0009 0.0000
-220.4419 0.0000
-220.5269 0.0000
-220.6333 0.0000
-220.2993 0.0000
-219.4396 0.0000
-218.6709 0.0000
-219.2982 0.0000
-219.9606 0.0000
-218.9627 0.0000
-219.1969 0.0000
-220.3523 0.0000
-219.8040 0.0000
-219.1828 0.0000
-219.6406 0.0000
-219.4265 0.0000
-219.4897 0.0000
-217.6211 0.0000
-219.8836 0.0000
-220.4590 0.0000
-219.8882 0.0000
-218.8933 0.0000
-220.5075 0.0000
-219.7491 0.0000
-219.4282 0.0000
-219.8914 0.0000
-217.9231 0.0000
-219.2833 0.0000
-219.0621 0.0000
-218.8106 0.0000
-219.7565 0.0000
-218.5924 0.0000
-219.0564 0.0000
-219.7104 0.0000
-219.8844 0.0000
-219.3180 0.0000
-219.9440 0.0000
-219.7747 0.0000
-218.9693 0.0000
-218.4748 0.0000
-219.1987 0.0000
-219.7746 0.0000
-219.1162 0.0000
-219.2469 0.0000
-218.2447 0.0000
-219.7252 0.0000
-218.3665 0.0000
-219.0145 0.0000
-218.3796 0.0000
-218.0097 0.0000
-217.8517 0.0000
-218.9430 0.0000
-217.8343 0.0000
-217.7523 0.0000
-217.5259 0.0000
-217.4905 0.0000
-218.3983 0.0000
-217.3991 0.0000
-218.3564 0.0000
-218.1695 0.0000
-218.8201 0.0000
-219.9326 0.0000
-217.3886 0.0000
-217.8193 0.0000
-217.5021 0.0000
-216.7403 0.0000
-216.8296 0.0000
-217.2225 0.0000
-217.4337 0.0000
-216.8602 0.0000
-216.9522 0.0000
-216.1794 0.0000
-217.4229 0.0000
-216.6883 0.0000
-215.7484 0.0000
-217.0739 0.0000
-217.2938 0.0000
-216.4067 0.0000
-217.3663 0.0000
-217.1078 0.0000
-216.6276 0.0000
-216.3241 0.0000
-216.1521 0.0000
-215.8928 0.0000
-215.4245 0.0000
-214.6964 0.0000
-214.4355 0.0000
-215.0362 0.0000
-215.2152 0.0000
-214.5992 0.0000
-214.8887 0.0000
-216.5169 0.0000
-214.9873 0.0000
-214.5751 0.0000
-214.3720 0.0000
-215.6771 0.0000
-214.7486 0.0000
-215.2647 0.0000
-214.6698 0.0000
-216.1696 0.0000
-214.1442 0.0000
-214.7091 0.0000
-214.9539 0.0000
-214.6107 0.0000
-214.5638 0.0000
-214.4241 0.0000
-214.1994 0.0000
-213.9939 0.0000
-214.6221 0.0000
-213.6993 0.0000
-213.9594 0.0000
-213.8152 0.0000
-214.1458 0.0000
-213.4867 0.0000
-213.5394 0.0000
-214.4700 0.0000
-213.5601 0.0000
-214.2770 0.0000
-214.7763 0.0000
-214.3575 0.0000
-214.6229 0.0000
-215.4934 0.0000
-214.8064 0.0000
-214.9777 0.0000
-215.6192 0.0000
-215.7475 0.0000
-215.9905 0.0000
-215.7449 0.0000
-216.3054 0.0000
-215.6513 0.0000
-216.1676 0.0000
-215.6346 0.0000
-215.4887 0.0000
-215.9514 0.0000
-215.5556 0.0000
-215.7832 0.0000
-216.7668 0.0000
-217.0488 0.0000
-215.9763 0.0000
-216.2544 0.0000
-216.9402 0.0000
-215.8927 0.0000
-215.9171 0.0000
-215.9222 0.0000
-216.0552 0.0000
-216.0306 0.0000
-215.8706 0.0000
-215.9108 0.0000
-215.8935 0.0000
-215.8537 0.0000
-215.6610 0.0000
-216.3276 0.0000
-215.5887 0.0000
-215.9379 0.0000
-215.1376 0.0000
-217.0492 0.0000
-216.3254 0.0000
-215.8424 0.0000
-215.6157 0.0000
-216.0989 0.0000
-215.8372 0.0000
-216.3166 0.0000
-215.5918 0.0000
-216.2691 0.0000
-215.7580 0.0000
-215.0273 0.0000
-216.3408 0.0000
-217.1900 0.0000
-217.4039 0.0000
-215.9007 0.0000
-215.6016 0.0000
-215.5659 0.0000
-215.5195 0.0000
-216.1100 0.0000
-215.6767 0.0000
-215.4507 0.0000
-215.5184 0.0000
-215.9811 0.0000
-215.8897 0.0000
-215.1200 0.0000
-215.4026 0.0000
-215.3674 0.0000
-215.1133 0.0000
-214.3171 0.0000
-214.8416 0.0000
-215.0569 0.0000
-214.8373 0.0000
-214.3410 0.0000
-213.6184 0.0000
-212.8565 0.0000
-212.9152 0.0000
-212.8457 0.0000
-212.9870 0.0000
-212.9806 0.0000
-212.6665 0.0000
-212.6067 0.0000
-212.9697 0.0000
-212.5009 0.0000
-212.5476 0.0000
-212.1533 0.0000
-211.9619 0.0000
-211.4737 0.0000
-211.8073 0.0000
-210.8884 0.0000
-211.0276 0.0000
-211.5266 0.0000
-211.7405 0.0000
-211.1739 0.0000
-210.7131 0.0000
-210.1909 0.0000
-210.5321 0.0000
-210.4293 0.0000
-211.1999 0.0000
-210.2654 0.0000
-210.1404 0.0000
-209.6587 0.0000
-210.1222 0.0000
-210.1553 0.0000
-210.4195 0.0000
-210.4518 0.0000
-211.3305 0.0000
-209.7949 0.0000
-209.7228 0.0000
-209.4436 0.0000
-210.1772 0.0000
-210.0532 0.0000
-209.9143 0.0000
-210.6577 0.0000
-209.8387 0.0000
-210.0488 0.0000
-209.8808 0.0000
-209.5853 0.0000
-210.1445 0.0000
-209.3851 0.0000
-209.8681 0.0000
-209.5923 0.0000
-209.8350 0.0000
-209.4423 0.0000
-210.3465 0.0000
-210.1147 0.0000
-210.2806 0.0000
-210.0426 0.0000
-209.2245 0.0000
-209.3965 0.0000
-208.9138 0.0000
-209.2937 0.0000
-208.7438 0.0000
-208.4733 0.0000
-208.5410 0.0000
-209.8764 0.0000
-207.9535 0.0000
-208.4071 0.0000
-208.4962 0.0000
-208.7592 0.0000
-208.9534 0.0000
-208.3821 0.0000
-208.7309 0.0000
-208.6032 0.0000
-209.1975 0.0000
-209.7003 0.0000
-208.8817 0.0000
-209.4915 0.0000
-208.7990 0.0000
-208.7368 0.0000
-209.2936 0.0000
-208.8872 0.0000
-208.6955 0.0000
-208.0057 0.0000
-207.8024 0.0000
-207.1686 0.0000
-206.9457 0.0000
-207.4155 0.0000
-207.2792 0.0000
-206.8590 0.0000
-206.9034 0.0000
-207.0173 0.0000
-207.1620 0.0000
-206.9167 0.0000
-207.0377 0.0000
-207.4293 0.0000
-207.1158 0.0000
-207.6227 0.0000
-207.9652 0.0000
-207.1606 0.0000
-206.9715 0.0000
-206.6789 0.0000
-206.4281 0.0000
-206.3535 0.0000
-205.6093 0.0000
-205.4178 0.0000
-204.7985 0.0000
-204.7217 0.0000
-204.8655 0.0000
-205.4675 0.0000
-206.0830 0.0000
-205.2250 0.0000
-205.2958 0.0000
-205.5957 0.0000
-205.5036 0.0000
-205.3363 0.0000
-205.5321 0.0000
-205.8652 0.0000
-206.6864 0.0000
-206.9774 0.0000
-207.4025 0.0000
-206.9942 0.0000
-206.7965 0.0000
-207.2651 0.0000
-207.4310 0.0000
-207.6191 0.0000
-207.7403 0.0000
-207.5705 0.0000
-207.4117 0.0000
-207.6873 0.0000
-207.5128 0.0000
-207.4630 0.0000
-207.2927 0.0000
-207.3534 0.0000
-207.3147 0.0000
-207.4638 0.0000
-207.2237 0.0000
-207.2339 0.0000
-207.4314 0.0000
-207.3737 0.0000
-207.2846 0.0000
-207.4612 0.0000
-207.5719 0.0000
-207.4946 0.0000
-208.0492 0.0000
-207.4852 0.0000
-207.6022 0.0000
-207.1805 0.0000
-207.2170 0.0000
-207.4020 0.0000
-207.4146 0.0000
-206.9340 0.0000
-207.2363 0.0000
-206.6165 0.0000
-207.0510 0.0000
-206.8857 0.0000
-206.8077 0.0000
-207.0820 0.0000
-206.6638 0.0000
-206.7854 0.0000
-206.4162 0.0000
-205.5968 0.0000
-206.6125 0.0000
-206.5809 0.0000
-206.4534 0.0000
-206.8686 0.0000
-206.0570 0.0000
-207.0837 0.0000
-207.4912 0.0000
-207.5337 0.0000
-207.3852 0.0000
-207.4802 0.0000
-206.8586 0.0000
-206.6877 0.0000
-206.0281 0.0000
-207.1058 0.0000
-207.0133 0.0000
-206.8567 0.0000
-207.0065 0.0000
-206.6350 0.0000
-207.1520 0.0000
-207.0384 0.0000
-206.5175 0.0000
-207.1619 0.0000
-208.4139 0.0000
-206.9595 0.0000
-206.8505 0.0000
-207.6187 0.0000
-206.2278 0.0000
-207.2373 0.0000
-206.7704 0.0000
-206.6589 0.0000
-206.7674 0.0000
-206.7035 0.0000
-207.3720 0.0000
-207.9013 0.0000
-207.3975 0.0000
-207.4991 0.0000
-207.4087 0.0000
-207.7296 0.0000
-207.0787 0.0000
-207.3113 0.0000
-207.6810 0.0000
-207.3425 0.0000
-206.6688 0.0000
-206.7979 0.0000
-207.2426 0.0000
-206.6384 0.0000
-206.9777 0.0000
-207.2510 0.0000
-207.2766 0.0000
-206.3809 0.0000
-207.4212 0.0000
-207.6715 0.0000
-206.6871 0.0000
-207.1848 0.0000
-207.8302 0.0000
-207.5273 0.0000
-207.1839 0.0000
-207.8755 0.0000
-207.2519 0.0000
-207.8302 0.0000
-207.2149 0.0000
-207.0435 0.0000
-207.5495 0.0000
-206.8676 0.0000
-206.5011 0.0000
-207.4733 0.0000
-207.6511 0.0000
-207.5234 0.0000
-207.2160 0.0000
-208.0579 0.0000
-208.8970 0.0000
-208.3555 0.0000
-209.3265 0.0000
-208.1175 0.0000
-207.7526 0.0000
-207.7717 0.0000
-207.3576 0.0000
-208.3756 0.0000
-207.8158 0.0000
-208.7433 0.0000
-208.6257 0.0000
-208.8792 0.0000
-208.8803 0.0000
-209.4990 0.0000
-209.7196 0.0000
-209.5834 0.0000
-210.6821 0.0000
-209.6380 0.0000
-209.7638 0.0000
-210.1467 0.0000
-210.4926 0.0000
-209.7460 0.0000
-210.5851 0.0000
-210.5878 0.0000
-209.2224 0.0000
-210.3942 0.0000
-210.1166 0.0000
-209.9633 0.0000
-210.5814 0.0000
-211.0855 0.0000
-211.4189 0.0000
-210.5645 0.0000
-210.5538 0.0000
-208.5776 0.0000
-209.1209 0.0000
-209.5122 0.0000
-211.0372 0.0000
-208.6515 0.0000
-208.4477 0.0000
-208.0702 0.0000
-207.8272 0.0000
-207.0295 0.0000
-207.4869 0.0000
-207.7945 0.0000
-207.0774 0.0000
-206.0935 0.0000
-208.0070 0.0000
-207.8034 0.0000
-207.7000 0.0000
-207.7251 0.0000
-207.4142 0.0000
-207.3060 0.0000
-206.4144 0.0000
-206.7995 0.0000
-206.5405 0.0000
-206.3997 0.0000
-206.0745 0.0000
-205.3738 0.0000
-205.5623 0.0000
-205.7120 0.0000
-205.6933 0.0000
-206.0425 0.0000
-205.7693 0.0000
-205.9146 0.0000
-204.8798 0.0000
-205.2632 0.0000
-205.9206 0.0000
-206.4024 0.0000
-205.7296 0.0000
-206.0112 0.0000
-206.6677 0.0000
-205.9812 0.0000
-205.8117 0.0000
-206.2918 0.0000
-206.9033 0.0000
-207.2705 0.0000
-206.5678 0.0000
-207.3548 0.0000
-206.1091 0.0000
-205.5326 0.0000
-205.8877 0.0000
-205.1256 0.0000
-204.9016 0.0000
-204.6102 0.0000
-205.5329 0.0000
-205.2579 0.0000
-205.2338 0.0000
-205.2959 0.0000
-204.8085 0.0000
-205.5737 0.0000
-205.0001 0.0000
-205.2813 0.0000
-205.5520 0.0000
-205.9364 0.0000
-206.3500 0.0000
-205.8495 0.0000
-206.3867 0.0000
-205.9065 0.0000
-206.1985 0.0000
-204.9140 0.0000
-206.2496 0.0000
-206.0025 0.0000
-206.5139 0.0000
-206.1321 0.0000
-205.9621 0.0000
-205.9245 0.0000
-205.7757 0.0000
-206.2845 0.0000
-205.8666 0.0000
-205.6625 0.0000
-205.3663 0.0000
-205.1788 0.0000
-205.5247 0.0000
-205.7146 0.0000
-205.2779 0.0000
-205.8492 0.0000
-205.8748 0.0000
-206.4051 0.0000
-206.9264 0.0000
-207.5439 0.0000
-207.9200 0.0000
-208.9625 0.0000
-208.3992 0.0000
-208.1968 0.0000
-207.4619 0.0000
-207.0749 0.0000
-207.3760 0.0000
-206.2274 0.0000
-206.3735 0.0000
-207.1608 0.0000
-206.9632 0.0000
-206.1810 0.0000
-206.4112 0.0000
-206.3155 0.0000
-206.7681 0.0000
-206.6610 0.0000
-207.1289 0.0000
-206.6740 0.0000
-208.0511 0.0000
-208.7227 0.0000
-207.9489 0.0000
-207.9993 0.0000
-207.6407 0.0000
-208.3909 0.0000
-208.4051 0.0000
-208.1676 0.0000
-208.2582 0.0000
-208.6843 0.0000
-208.1281 0.0000
-207.9615 0.0000
-207.6045 0.0000
-207.0321 0.0000
-207.6095 0.0000
-207.4863 0.0000
-206.8814 0.0000
-207.2506 0.0000
-207.6505 0.0000
-207.8192 0.0000
-206.7893 0.0000
-206.3633 0.0000
-206.5501 0.0000
-206.5466 0.0000
-206.6388 0.0000
-207.3372 0.0000
-207.8842 0.0000
-207.6041 0.0000
-207.7219 0.0000
-207.7363 0.0000
-208.1007 0.0000
-207.6905 0.0000
-207.6582 0.0000
-208.1684 0.0000
-207.8177 0.0000
-207.9160 0.0000
-208.1270 0.0000
-208.3893 0.0000
-208.3033 0.0000
-208.4584 0.0000
-208.3202 0.0000
-208.6420 0.0000
-208.3270 0.0000
-208.6933 0.0000
-207.4338 0.0000
-208.3473 0.0000
-208.4864 0.0000
-208.7812 0.0000
-209.2406 0.0000
-208.4986 0.0000
-208.1482 0.0000
-208.4953 0.0000
-208.3846 0.0000
-209.1849 0.0000
-209.1103 0.0000
-209.7072 0.0000
-209.2898 0.0000
-209.1079 0.0000
-209.5291 0.0000
-209.1984 0.0000
-208.6864 0.0000
-208.9540 0.0000
-208.7340 0.0000
-209.0988 0.0000
-208.4135 0.0000
-208.8753 0.0000
-209.2529 0.0000
-209.4668 0.0000
-209.6661 0.0000
-209.0511 0.0000
-208.7559 0.0000
-209.4029 0.0000
-209.0271 0.0000
-208.8062 0.0000
-208.9643 0.0000
-209.2986 0.0000
-208.9458 0.0000
-208.0752 0.0000
-208.0395 0.0000
-208.6258 0.0000
-208.1218 0.0000
-208.0010 0.0000
-207.1926 0.0000
-207.6238 0.0000
-207.2998 0.0000
-207.5677 0.0000
-207.5870 0.0000
-208.2240 0.0000
-208.5731 0.0000
-208.8872 0.0000
-208.4505 0.0000
-207.9424 0.0000
-207.9003 0.0000
-208.1695 0.0000
-208.7151 0.0000
-209.0602 0.0000
-208.6896 0.0000
-208.4289 0.0000
-208.3328 0.0000
-208.2762 0.0000
-208.0398 0.0000
-207.7366 0.0000
-206.7142 0.0000
-206.1056 0.0000
-206.4419 0.0000
-206.1426 0.0000
-206.2117 0.0000
-206.9341 0.0000
-206.8252 0.0000
-207.4268 0.0000
-207.8458 0.0000
-208.1862 0.0000
-208.9964 0.0000
-208.4472 0.0000
-209.0963 0.0000
-209.2740 0.0000
-210.4011 0.0000
-208.9372 0.0000
-209.4044 0.0000
-209.7843 0.0000
-210.1471 0.0000
-209.3994 0.0000
-209.3970 0.0000
-209.5120 0.0000
-209.1808 0.0000
-209.9640 0.0000
-209.7065 0.0000
-210.2655 0.0000
-209.4943 0.0000
-209.9771 0.0000
-210.2951 0.0000
-210.3952 0.0000
-209.5614 0.0000
-210.3676 0.0000
-210.5117 0.0000
-210.7800 0.0000
-210.9424 0.0000
-211.8160 0.0000
-211.0728 0.0000
-210.3123 0.0000
-211.5388 0.0000
-211.7317 0.0000
-212.0050 0.0000
-212.7462 0.0000
-212.0865 0.0000
-212.1083 0.0000
-212.0641 0.0000
-212.2107 0.0000
-212.0043 0.0000
-213.2867 0.0000
-213.9858 0.0000
-212.9412 0.0000
-213.7682 0.0000
-213.5015 0.0000
-213.1653 0.0000
-212.8037 0.0000
-211.6776 0.0000
-212.1816 0.0000
-212.3131 0.0000
-211.4466 0.0000
-211.5669 0.0000
-212.3693 0.0000
-212.4282 0.0000
-212.8289 0.0000
-213.6771 0.0000
-212.2452 0.0000
-212.4836 0.0000
-212.8533 0.0000
-212.1769 0.0000
-211.7022 0.0000
-211.0117 0.0000
-211.3103 0.0000
-210.4238 0.0000
-210.9785 0.0000
-210.8233 0.0000
-210.8154 0.0000
-210.1812 0.0000
-210.8164 0.0000
-209.8942 0.0000
-210.4259 0.0000
-210.4941 0.0000
-209.8353 0.0000
-210.6190 0.0000
-211.2003 0.0000
-210.5558 0.0000
-210.4969 0.0000
-209.4702 0.0000
-209.9080 0.0000
-210.7365 0.0000
-209.8917 0.0000
-209.8088 0.0000
-209.6463 0.0000
-209.7159 0.0000
-210.1378 0.0000
-209.3383 0.0000
-209.7776 0.0000
-210.4539 0.0000
-211.0860 0.0000
-211.0971 0.0000
-209.6565 0.0000
-209.7705 0.0000
-210.4961 0.0000
-208.9304 0.0000
-209.9771 0.0000
-208.7983 0.0000
-208.9903 0.0000
-209.0791 0.0000
-208.2884 0.0000
-208.4182 0.0000
-209.2531 0.0000
-209.4273 0.0000
-209.3169 0.0000
-209.4306 0.0000
-208.5387 0.0000
-209.0291 0.0000
-208.3149 0.0000
-209.6509 0.0000
-209.2435 0.0000
-209.1612 0.0000
-208.5288 0.0000
-209.4967 0.0000
-208.1919 0.0000
-208.8804 0.0000
-209.0852 0.0000
-209.6484 0.0000
-209.9228 0.0000
-209.4384 0.0000
-209.8782 0.0000
-210.2403 0.0000
-210.8004 0.0000
-211.4341 0.0000
-211.2885 0.0000
-210.8375 0.0000
-211.0280 0.0000
-210.8337 0.0000
-211.0074 0.0000
-210.7003 0.0000
-210.6622 0.0000
-210.0210 0.0000
-211.0033 0.0000
-211.2799 0.0000
-210.8285 0.0000
-211.2875 0.0000
-210.6827 0.0000
-211.2138 0.0000
-212.0242 0.0000
-211.4026 0.0000
-211.5886 0.0000
-211.3688 0.0000
-211.3439 0.0000
-211.3036 0.0000
-211.7254 0.0000
-212.3064 0.0000
-212.8065 0.0000
-212.2623 0.0000
-212.3605 0.0000
-212.7265 0.0000
-213.8173 0.0000
-214.3141 0.0000
-215.1405 0.0000
-215.3842 0.0000
-215.3617 0.0000
-215.7534 0.0000
-214.9547 0.0000
-215.3118 0.0000
-216.0533 0.0000
-215.6659 0.0000
-216.0630 0.0000
-215.6495 0.0000
-216.0650 0.0000
-215.8979 0.0000
-216.1334 0.0000
-216.4859 0.0000
-217.3847 0.0000
-218.1009 0.0000
-217.5679 0.0000
-217.4727 0.0000
-217.0111 0.0000
-217.4641 0.0000
-216.4601 0.0000
-216.5035 0.0000
-216.4556 0.0000
-216.2969 0.0000
-216.1440 0.0000
-216.0810 0.0000
-216.1324 0.0000
-215.9747 0.0000
-216.4840 0.0000
-216.5241 0.0000
-216.7952 0.0000
-216.3497 0.0000
-216.7203 0.0000
-217.1484 0.0000
-217.2658 0.0000
-218.2561 0.0000
-218.4047 0.0000
-218.0847 0.0000
-218.2631 0.0000
-218.9644 0.0000
-220.3159 0.0000
-219.1654 0.0000
-218.7109 0.0000
-218.3793 0.0000
-217.2495 0.0000
-216.8541 0.0000
-217.1211 0.0000
-217.9258 0.0000
-218.8150 0.0000
-216.9373 0.0000
-217.6571 0.0000
-217.8108 0.0000
-219.6732 0.0000
-218.9076 0.0000
-219.7135 0.0000
-219.5490 0.0000
-219.0476 0.0000
-218.4086 0.0000
-218.5888 0.0000
-217.6134 0.0000
-218.3973 0.0000
-217.8049 0.0000
-216.9682 0.0000
-216.1567 0.0000
-215.5059 0.0000
-215.9958 0.0000
-215.0314 0.0000
-214.9144 0.0000
-215.4118 0.0000
-215.9555 0.0000
-215.9671 0.0000
-216.2874 0.0000
-216.6524 0.0000
-216.2618 0.0000
-218.4777 0.0000
-215.6736 0.0000
-216.0880 0.0000
-215.3606 0.0000
-217.2205 0.0000
-216.2631 0.0000
-215.6112 0.0000
-216.1252 0.0000
-216.0544 0.0000
-215.9862 0.0000
-215.8933 0.0000
-216.1871 0.0000
-216.1280 0.0000
-217.1261 0.0000
-216.6463 0.0000
-216.8504 0.0000
-217.0095 0.0000
-217.7293 0.0000
-217.7329 0.0000
-217.6018 0.0000
-216.9709 0.0000
-218.3481 0.0000
-217.8947 0.0000
-219.0677 0.0000
-217.3343 0.0000
-218.4651 0.0000
-217.4958 0.0000
-217.3263 0.0000
-221.0069 0.0000
-216.6887 0.0000
-216.6943 0.0000
-215.2697 0.0000
-215.7295 0.0000
-214.5523 0.0000
-214.5653 0.0000
-215.4892 0.0000
-216.9376 0.0000
-215.3766 0.0000
-214.6020 0.0000
-215.0912 0.0000
-214.4844 0.0000
-217.6421 0.0000
-213.8361 0.0000
-215.0744 0.0000
-215.2660 0.0000
-214.8599 0.0000
-214.9760 0.0000
-216.3992 0.0000
-215.9755 0.0000
-214.0322 0.0000
-215.5284 0.0000
-215.6126 0.0000
-216.1627 0.0000
-214.6678 0.0000
-214.2633 0.0000
-215.0709 0.0000
-214.5394 0.0000
-215.5965 0.0000
-214.7924 0.0000
-215.4809 0.0000
-213.8041 0.0000
-214.2376 0.0000
-213.8350 0.0000
-213.7961 0.0000
-213.9548 0.0000
-212.9874 0.0000
-214.2191 0.0000
-214.5906 0.0000
-215.3577 0.0000
-212.3195 0.0000
-212.4621 0.0000
-212.6521 0.0000
-212.0930 0.0000
-212.0660 0.0000
-211.6686 0.0000
-211.4291 0.0000
-213.1140 0.0000
-212.5741 0.0000
-212.7653 0.0000
-212.6177 0.0000
-212.3796 0.0000
-212.9690 0.0000
-212.9022 0.0000
-211.2983 0.0000
-212.2663 0.0000
-211.0172 0.0000
-211.1138 0.0000
-212.4040 0.0000
-211.9383 0.0000
-211.4545 0.0000
-212.9619 0.0000
-214.2362 0.0000
-212.8125 0.0000
-212.8669 0.0000
-213.6012 0.0000
-213.1058 0.0000
-212.2353 0.0000
-213.9468 0.0000
-214.3478 0.0000
-214.3009 0.0000
-213.8625 0.0000
-214.8328 0.0000
-214.0694 0.0000
-214.1087 0.0000
-213.1545 0.0000
-214.3746 0.0000
-214.5855 0.0000
-214.3404 0.0000
-215.7365 0.0000
-216.5285 0.0000
-216.7154 0.0000
-215.7575 0.0000
-214.4518 0.0000
-214.9849 0.0000
-213.8434 0.0000
-215.6302 0.0000
-215.1413 0.0000
-212.3832 0.0000
-212.7551 0.0000
-214.6282 0.0000
-215.2405 0.0000
-215.8423 0.0000
-215.4350 0.0000
-215.5341 0.0000
-216.0072 0.0000
-215.7774 0.0000
-215.7801 0.0000
-215.4128 0.0000
-214.8879 0.0000
-215.9739 0.0000
-215.5906 0.0000
-215.2622 0.0000
-215.0298 0.0000
-214.7764 0.0000
-215.4547 0.0000
-216.5425 0.0000
-217.6811 0.0000
-216.3951 0.0000
-217.5808 0.0000
-217.1342 0.0000
-215.2394 0.0000
-215.9142 0.0000
-215.6791 0.0000
-216.6378 0.0000
-214.9703 0.0000
-215.0790 0.0000
-215.3095 0.0000
-215.0273 0.0000
-215.6675 0.0000
-215.8930 0.0000
-214.3363 0.0000
-213.4978 0.0000
-213.2261 0.0000
-214.0890 0.0000
-214.6532 0.0000
-213.4707 0.0000
-214.0808 0.0000
-213.9636 0.0000
-214.1113 0.0000
-215.7128 0.0000
-214.7522 0.0000
-215.1397 0.0000
-215.7893 0.0000
-216.5851 0.0000
-218.4815 0.0000
-216.2967 0.0000
-215.5385 0.0000
-214.8110 0.0000
-216.7541 0.0000
-215.3259 0.0000
-216.0816 0.0000
-216.1063 0.0000
-216.1199 0.0000
-215.8110 0.0000
-216.4543 0.0000
-215.4431 0.0000
-216.5491 0.0000
-215.7081 0.0000
-215.6696 0.0000
-214.9456 0.0000
-213.9130 0.0000
-214.0075 0.0000
-213.7860 0.0000
-214.1537 0.0000
-214.1511 0.0000
-213.5775 0.0000
-213.7284 0.0000
-213.8245 0.0000
-213.5126 0.0000
-214.6842 0.0000
-214.7118 0.0000
-214.8414 0.0000
-215.2729 0.0000
-215.2165 0.0000
-215.1499 0.0000
-213.9503 0.0000
-214.4788 0.0000
-215.4113 0.0000
-214.1993 0.0000
-214.2717 0.0000
-213.6752 0.0000
-214.1227 0.0000
-214.1697 0.0000
-214.0337 0.0000
-215.2358 0.0000
-214.4102 0.0000
-215.4641 0.0000
-214.1908 0.0000
-215.2646 0.0000
-214.0813 0.0000
-214.5472 0.0000
-214.4646 0.0000
-214.1853 0.0000
-213.8707 0.0000
-213.8351 0.0000
-213.9822 0.0000
-213.9565 0.0000
-213.0752 0.0000
-214.4036 0.0000
-214.2984 0.0000
-213.8626 0.0000
-213.2213 0.0000
-213.9149 0.0000
-213.6057 0.0000
-213.8901 0.0000
-214.1480 0.0000
-214.0608 0.0000
-214.6610 0.0000
-214.5092 0.0000
-214.5922 0.0000
-213.8895 0.0000
-215.6210 0.0000
-215.0905 0.0000
-214.5560 0.0000
-215.4145 0.0000
-213.9463 0.0000
-215.3455 0.0000
-216.6483 0.0000
-215.1120 0.0000
-215.4823 0.0000
-215.9023 0.0000
-215.6018 0.0000
-214.9344 0.0000
-214.4357 0.0000
-214.5116 0.0000
-215.1611 0.0000
-214.6929 0.0000
-215.2318 0.0000
-214.8828 0.0000
-215.1480 0.0000
-214.1337 0.0000
-215.3659 0.0000
-215.1469 0.0000
-216.0263 0.0000
-215.8364 0.0000
-215.6856 0.0000
-215.2756 0.0000
-214.3920 0.0000
-215.2409 0.0000
-215.8808 0.0000
-215.8322 0.0000
-215.8549 0.0000
-216.5432 0.0000
-215.1464 0.0000
-215.4008 0.0000
-214.6655 0.0000
-215.6469 0.0000
-214.8806 0.0000
-215.6727 0.0000
-215.6337 0.0000
-215.8306 0.0000
-215.6155 0.0000
-215.2175 0.0000
-216.5296 0.0000
-216.1868 0.0000
-215.7787 0.0000
-215.6638 0.0000
-214.7711 0.0000
-215.8918 0.0000
-214.1816 0.0000
-215.3020 0.0000
-216.0262 0.0000
-215.2014 0.0000
-214.6075 0.0000
-214.9736 0.0000
-215.3046 0.0000
-214.5117 0.0000
-214.4006 0.0000
-214.6801 0.0000
-214.4547 0.0000
-214.3901 0.0000
-214.0912 0.0000
-215.2206 0.0000
-214.1309 0.0000
-213.4852 0.0000
-212.5490 0.0000
-213.3810 0.0000
-212.6926 0.0000
-213.3792 0.0000
-213.1065 0.0000
-213.5040 0.0000
-212.9585 0.0000
-212.6558 0.0000
-211.9606 0.0000
-211.7107 0.0000
-211.9367 0.0000
-212.2153 0.0000
-211.9344 0.0000
-212.3156 0.0000
-212.4970 0.0000
-212.4405 0.0000
-213.4465 0.0000
-213.0190 0.0000
-211.8040 0.0000
-212.9533 0.0000
-212.7225 0.0000
-211.4240 0.0000
-212.7162 0.0000
-211.5318 0.0000
-213.5173 0.0000
-214.7941 0.0000
-215.3894 0.0000
-216.0342 0.0000
-215.3014 0.0000
-216.1094 0.0000
-214.9446 0.0000
-213.8802 0.0000
-215.4410 0.0000
-215.8203 0.0000
-215.1466 0.0000
-215.9919 0.0000
-214.7500 0.0000
-215.2100 0.0000
-215.1878 0.0000
-214.6971 0.0000
-215.4262 0.0000
-216.1183 0.0000
-215.7344 0.0000
-214.7976 0.0000
-215.7406 0.0000
-214.8217 0.0000
-215.1450 0.0000
-215.3881 0.0000
-215.2146 0.0000
-215.1589 0.0000
-214.2472 0.0000
-214.0204 0.0000
-213.6215 0.0000
-212.5184 0.0000
-213.4514 0.0000
-213.4547 0.0000
-212.8080 0.0000
-212.8862 0.0000
-213.0560 0.0000
-213.1435 0.0000
-213.7731 0.0000
-214.0535 0.0000
-214.4600 0.0000
-214.0656 0.0000
-215.5286 0.0000
-214.6541 0.0000
-213.7263 0.0000
-214.2963 0.0000
-214.6804 0.0000
-213.6404 0.0000
-213.2869 0.0000
-215.4261 0.0000
-212.9384 0.0000
-213.8499 0.0000
-213.8748 0.0000
-213.5814 0.0000
-214.0424 0.0000
-213.3297 0.0000
-214.0410 0.0000
-212.8303 0.0000
-212.4220 0.0000
-212.2437 0.0000
-212.2947 0.0000
-212.1548 0.0000
-213.2534 0.0000
-212.9316 0.0000
-211.8530 0.0000
-212.7107 0.0000
-212.9050 0.0000
-212.8725 0.0000
-212.5491 0.0000
-211.8196 0.0000
-212.1410 0.0000
-212.1573 0.0000
-212.1064 0.0000
-212.1203 0.0000
-211.4122 0.0000
-211.9762 0.0000
-212.3299 0.0000
-213.1796 0.0000
-212.5290 0.0000
-212.6154 0.0000
-211.8503 0.0000
-212.2073 0.0000
-211.4303 0.0000
-212.1804 0.0000
-212.2112 0.0000
-212.7819 0.0000
-212.6361 0.0000
-211.4726 0.0000
-211.3721 0.0000
-211.3764 0.0000
-211.2639 0.0000
-211.5336 0.0000
-210.7622 0.0000
-211.6095 0.0000
-211.6209 0.0000
-211.6280 0.0000
-211.0614 0.0000
-211.6379 0.0000
-211.8678 0.0000
-211.1779 0.0000
-211.8897 0.0000
-211.8492 0.0000
-211.9493 0.0000
-211.3333 0.0000
-211.5468 0.0000
-211.2693 0.0000
-211.5435 0.0000
-211.8127 0.0000
-211.9445 0.0000
-211.9856 0.0000
-212.6998 0.0000
-211.5852 0.0000
-210.8902 0.0000
-211.2554 0.0000
-211.3285 0.0000
-210.9783 0.0000
-210.5417 0.0000
-210.3888 0.0000
-210.4106 0.0000
-209.6563 0.0000
-209.9645 0.0000
-210.7080 0.0000
-210.6350 0.0000
-211.0990 0.0000
-210.8702 0.0000
-209.3456 0.0000
-209.1950 0.0000
-209.6325 0.0000
-209.4696 0.0000
-209.9257 0.0000
-209.5287 0.0000
-209.2801 0.0000
-208.8634 0.0000
-209.5333 0.0000
-209.0708 0.0000
-209.4247 0.0000
-209.1187 0.0000
-209.0176 0.0000
-209.1086 0.0000
-209.4239 0.0000
-209.4744 0.0000
-209.5315 0.0000
-210.2367 0.0000
-210.4991 0.0000
-209.7278 0.0000
-210.0822 0.0000
-208.5619 0.0000
-209.9875 0.0000
-210.5899 0.0000
-210.4117 0.0000
-210.7507 0.0000
-210.4951 0.0000
-210.6365 0.0000
-210.3487 0.0000
-211.2728 0.0000
-210.7231 0.0000
-210.6548 0.0000
-210.3765 0.0000
-210.7081 0.0000
-211.4232 0.0000
-210.5811 0.0000
-211.1225 0.0000
-211.7507 0.0000
-211.0694 0.0000
-211.8109 0.0000
-211.1397 0.0000
-211.1044 0.0000
-211.7176 0.0000
-212.1159 0.0000
-210.6555 0.0000
-211.2466 0.0000
-211.6595 0.0000
-211.3567 0.0000
-211.0798 0.0000
-211.4423 0.0000
-211.4054 0.0000
-211.0549 0.0000
-210.1521 0.0000
-211.0956 0.0000
-211.0496 0.0000
-211.8560 0.0000
-211.1026 0.0000
-211.4314 0.0000
-211.2667 0.0000
-211.0193 0.0000
-211.7317 0.0000
-211.0532 0.0000
-211.6640 0.0000
-212.2134 0.0000
-212.0698 0.0000
-211.8896 0.0000
-211.9830 0.0000
-211.3086 0.0000
-211.9317 0.0000
-211.3671 0.0000
-211.4552 0.0000
-211.3607 0.0000
-211.1530 0.0000
-211.0490 0.0000
-211.0512 0.0000
-210.0652 0.0000
-210.9980 0.0000
-211.8573 0.0000
-211.0229 0.0000
-211.1572 0.0000
-210.6119 0.0000
-211.3732 0.0000
-210.3607 0.0000
-211.3272 0.0000
-209.6833 0.0000
-209.8284 0.0000
-210.0444 0.0000
-209.0846 0.0000
-211.2426 0.0000
-211.0096 0.0000
-210.7832 0.0000
-214.0586 0.0000
-210.9929 0.0000
-211.0278 0.0000
-210.6866 0.0000
-211.9422 0.0000
-212.3786 0.0000
-211.2838 0.0000
-211.6262 0.0000
-211.6388 0.0000
-211.9737 0.0000
-212.5978 0.0000
-211.6078 0.0000
-212.1823 0.0000
-211.9975 0.0000
-210.2938 0.0000
-211.3404 0.0000
-212.2275 0.0000
-211.3984 0.0000
-210.7038 0.0000
-211.5619 0.0000
-211.0325 0.0000
-210.6512 0.0000
-210.0928 0.0000
-210.6294 0.0000
-209.6063 0.0000
-210.2060 0.0000
-210.8666 0.0000
-211.1435 0.0000
-211.3793 0.0000
-210.4143 0.0000
-210.1514 0.0000
-209.7916 0.0000
-209.7391 0.0000
-209.8167 0.0000
-209.2527 0.0000
-209.4308 0.0000
-209.8253 0.0000
-209.9945 0.0000
-209.6439 0.0000
-209.2715 0.0000
-209.3627 0.0000
-209.0518 0.0000
-209.3626 0.0000
-209.6997 0.0000
-209.3286 0.0000
-209.8465 0.0000
-209.5197 0.0000
-208.3069 0.0000
-209.1810 0.0000
-210.2560 0.0000
-209.1742 0.0000
-209.7825 0.0000
-210.0069 0.0000
-210.5093 0.0000
-209.6171 0.0000
-209.0975 0.0000
-209.3539 0.0000
-209.3029 0.0000
-207.7887 0.0000
-208.7993 0.0000
-207.9483 0.0000
-208.3423 0.0000
-209.4271 0.0000
-210.0023 0.0000
-209.8778 0.0000
-209.6827 0.0000
-209.3165 0.0000
-208.6630 0.0000
-209.4818 0.0000
-208.8931 0.0000
-209.1612 0.0000
-210.0033 0.0000
-208.9299 0.0000
-208.2304 0.0000
-208.9060 0.0000
-209.5670 0.0000
-209.2364 0.0000
-208.9873 0.0000
-209.2974 0.0000
-209.0282 0.0000
-208.4529 0.0000
-208.0452 0.0000
-208.9524 0.0000
-207.9783 0.0000
-209.4161 0.0000
-208.5971 0.0000
-208.0914 0.0000
-207.7544 0.0000
-207.3590 0.0000
-207.6328 0.0000
-207.8030 0.0000
-207.6424 0.0000
-207.4743 0.0000
-207.7775 0.0000
-207.4541 0.0000
-207.7776 0.0000
-207.3699 0.0000
-207.7122 0.0000
-207.6725 0.0000
-207.6998 0.0000
-207.2798 0.0000
-206.8977 0.0000
-207.7758 0.0000
-206.9362 0.0000
-206.8153 0.0000
-206.3474 0.0000
-206.5908 0.0000
-206.2119 0.0000
-206.6193 0.0000
-206.9637 0.0000
-207.2586 0.0000
-207.8176 0.0000
-207.3961 0.0000
-207.3304 0.0000
-207.7159 0.0000
-207.2444 0.0000
-207.0370 0.0000
-207.5384 0.0000
-207.5399 0.0000
-207.2838 0.0000
-207.3677 0.0000
-207.0315 0.0000
-206.8227 0.0000
-207.5055 0.0000
-207.7885 0.0000
-208.0314 0.0000
-208.7317 0.0000
-209.0298 0.0000
-208.8957 0.0000
-208.4238 0.0000
-208.3383 0.0000
-207.9577 0.0000
-208.0389 0.0000
-208.2479 0.0000
-208.0907 0.0000
-207.5730 0.0000
-207.4700 0.0000
-207.0431 0.0000
-206.9439 0.0000
-207.4787 0.0000
-207.9706 0.0000
-207.1381 0.0000
-207.7305 0.0000
-207.9417 0.0000
-208.0125 0.0000
-207.7447 0.0000
-207.6969 0.0000
-207.6868 0.0000
-208.1845 0.0000
-208.7571 0.0000
-208.8737 0.0000
-209.2557 0.0000
-210.0565 0.0000
-209.7324 0.0000
-209.6748 0.0000
-210.3203 0.0000
-210.8449 0.0000
-210.9841 0.0000
-210.6776 0.0000
-210.8425 0.0000
-211.7249 0.0000
-210.5635 0.0000
-211.5278 0.0000
-212.4659 0.0000
-212.6708 0.0000
-212.6836 0.0000
-213.0900 0.0000
-212.1321 0.0000
-212.6309 0.0000
-212.5961 0.0000
-212.2227 0.0000
-212.5527 0.0000
-212.3106 0.0000
-212.4740 0.0000
-212.8967 0.0000
-212.8280 0.0000
-213.5772 0.0000
-212.8476 0.0000
-212.4057 0.0000
-213.1120 0.0000
-213.1196 0.0000
-213.0307 0.0000
-213.6304 0.0000
-214.1907 0.0000
-214.9991 0.0000
-214.9198 0.0000
-214.5424 0.0000
-214.1377 0.0000
-214.4341 0.0000
-213.8462 0.0000
-213.7592 0.0000
-213.1494 0.0000
-213.7363 0.0000
-214.1304 0.0000
-213.2342 0.0000
-212.7115 0.0000
-214.1208 0.0000
-213.0764 0.0000
-212.5022 0.0000
-214.3784 0.0000
-213.2810 0.0000
-213.0153 0.0000
-213.1476 0.0000
-212.3109 0.0000
-212.9463 0.0000
-214.8241 0.0000
-212.1076 0.0000
-213.4372 0.0000
-210.4426 0.0000
-210.1399 0.0000
-210.3001 0.0000
-210.3938 0.0000
-209.9422 0.0000
-211.5597 0.0000
-209.2615 0.0000
-209.4490 0.0000
-208.8221 0.0000
-210.0705 0.0000
-208.9709 0.0000
-208.1155 0.0000
-209.2039 0.0000
-208.8224 0.0000
-209.1938 0.0000
-208.6122 0.0000
-208.3963 0.0000
-208.7277 0.0000
-209.5608 0.0000
-209.0955 0.0000
-208.7492 0.0000
-207.8708 0.0000
-208.5140 0.0000
-207.9194 0.0000
-208.2116 0.0000
-207.3484 0.0000
-207.6022 0.0000
-206.6553 0.0000
-206.3553 0.0000
-206.9370 0.0000
-207.1182 0.0000
-206.1514 0.0000
-205.9254 0.0000
-206.6083 0.0000
-206.7355 0.0000
-205.7227 0.0000
-205.7289 0.0000
-205.2141 0.0000
-205.9951 0.0000
-206.1950 0.0000
-206.3862 0.0000
-205.9145 0.0000
-206.2142 0.0000
-206.3995 0.0000
-206.2114 0.0000
-205.9343 0.0000
-206.3208 0.0000
-207.1050 0.0000
-205.5083 0.0000
-206.3216 0.0000
-207.0169 0.0000
-206.3471 0.0000
-206.0716 0.0000
-207.4620 0.0000
-206.2834 0.0000
-207.0020 0.0000
-208.8168 0.0000
-206.5329 0.0000
-208.2903 0.0000
-206.4651 0.0000
-207.3120 0.0000
-206.9472 0.0000
-207.2463 0.0000
-207.7127 0.0000
-207.4192 0.0000
-207.0682 0.0000
-207.1193 0.0000
-207.9787 0.0000
-208.2517 0.0000
-206.8232 0.0000
-208.8593 0.0000
-210.2648 0.0000
-210.2387 0.0000
-210.1352 0.0000
-210.0256 0.0000
-209.0438 0.0000
-209.4866 0.0000
-209.1679 0.0000
-210.4662 0.0000
-210.3575 0.0000
-211.0285 0.0000
-211.9718 0.0000
-212.1073 0.0000
-211.0897 0.0000
-211.6781 0.0000
-209.9023 0.0000
-209.2307 0.0000
-210.0463 0.0000
-209.3507 0.0000
-209.7280 0.0000
-209.0372 0.0000
-208.7139 0.0000
-209.3333 0.0000
-209.5928 0.0000
-208.7347 0.0000
-209.1909 0.0000
-208.8055 0.0000
-209.2960 0.0000
-208.9222 0.0000
-209.3297 0.0000
-209.8204 0.0000
-209.7995 0.0000
-209.1689 0.0000
-208.8899 0.0000
-209.3728 0.0000
-210.2223 0.0000
-209.5113 0.0000
-208.8770 0.0000
-208.8786 0.0000
-209.1595 0.0000
-208.5725 0.0000
-209.8330 0.0000
-208.8957 0.0000
-208.9847 0.0000
-209.2221 0.0000
-210.0376 0.0000
-208.7894 0.0000
-207.9263 0.0000
-208.4587 0.0000
-207.3140 0.0000
-207.9937 0.0000
-207.8186 0.0000
-207.5234 0.0000
-208.4226 0.0000
-207.9795 0.0000
-207.8751 0.0000
-207.5662 0.0000
-208.3483 0.0000
-208.1461 0.0000
-207.5493 0.0000
-208.2844 0.0000
-207.9695 0.0000
-207.4153 0.0000
-207.4595 0.0000
-207.3286 0.0000
-207.5311 0.0000
-207.4336 0.0000
-207.5529 0.0000
-206.7730 0.0000
-207.1784 0.0000
-206.6944 0.0000
-206.8436 0.0000
-206.4067 0.0000
-207.2004 0.0000
-206.7180 0.0000
-206.6038 0.0000
-206.2337 0.0000
-205.7853 0.0000
-206.5951 0.0000
-206.1101 0.0000
-205.7348 0.0000
-206.9534 0.0000
-206.9896 0.0000
-206.5863 0.0000
-206.2835 0.0000
-205.8084 0.0000
-205.0921 0.0000
-206.0607 0.0000
-205.4516 0.0000
-206.1255 0.0000
-205.9679 0.0000
-205.0660 0.0000
-205.9786 0.0000
-206.2430 0.0000
-206.2143 0.0000
-205.7320 0.0000
-205.6068 0.0000
-204.9635 0.0000
-206.0538 0.0000
-206.2394 0.0000
-206.0392 0.0000
-205.5350 0.0000
-206.6198 0.0000
-206.6956 0.0000
-206.4755 0.0000
-206.4889 0.0000
-206.7512 0.0000
-206.7770 0.0000
-206.7504 0.0000
-207.0244 0.0000
-206.9381 0.0000
-207.4321 0.0000
-208.1219 0.0000
-209.6997 0.0000
-207.9031 0.0000
-208.5508 0.0000
-208.2571 0.0000
-209.2658 0.0000
-209.0602 0.0000
-210.1012 0.0000
-210.5454 0.0000
-209.3625 0.0000
-210.3662 0.0000
-210.9258 0.0000
-210.3752 0.0000
-210.0196 0.0000
-211.0763 0.0000
-210.3926 0.0000
-209.6245 0.0000
-210.3740 0.0000
-211.0035 0.0000
-211.2945 0.0000
-211.5649 0.0000
-211.3748 0.0000
-211.2931 0.0000
-212.0288 0.0000
-210.4730 0.0000
-211.7499 0.0000
-209.7998 0.0000
-211.7307 0.0000
-213.2760 0.0000
-210.7439 0.0000
-211.6332 0.0000
-210.7301 0.0000
-212.3530 0.0000
-213.5299 0.0000
-213.1428 0.0000
-212.6493 0.0000
-213.7492 0.0000
-213.3558 0.0000
-212.7224 0.0000
-212.6239 0.0000
-212.3652 0.0000
-212.6093 0.0000
-211.1404 0.0000
-211.1448 0.0000
-211.6194 0.0000
-211.1423 0.0000
-211.2980 0.0000
-210.5160 0.0000
-211.0374 0.0000
-211.3213 0.0000
-210.2229 0.0000
-210.1847 0.0000
-210.0202 0.0000
-210.4745 0.0000
-209.3141 0.0000
-209.7889 0.0000
-208.8347 0.0000
-208.6222 0.0000
-209.0562 0.0000
-209.5806 0.0000
-209.3930 0.0000
-209.0191 0.0000
-209.4180 0.0000
-209.6680 0.0000
-209.3296 0.0000
-208.7226 0.0000
-209.0323 0.0000
-209.4752 0.0000
-208.9055 0.0000
-208.8834 0.0000
-209.1886 0.0000
-209.4952 0.0000
-209.6126 0.0000
-210.5112 0.0000
-208.9118 0.0000
-207.9384 0.0000
-208.3927 0.0000
-208.7564 0.0000
-207.8259 0.0000
-208.3740 0.0000
-208.8974 0.0000
-209.6822 0.0000
-209.8051 0.0000
-210.0493 0.0000
-210.3839 0.0000
-211.0272 0.0000
-210.9493 0.0000
-211.1584 0.0000
-210.1321 0.0000
-210.9144 0.0000
-210.9462 0.0000
-210.5232 0.0000
-210.4975 0.0000
-210.1683 0.0000
-210.8477 0.0000
-210.4828 0.0000
-210.8267 0.0000
-210.3161 0.0000
-209.2705 0.0000
-209.1293 0.0000
-209.9542 0.0000
-210.5096 0.0000
-209.7462 0.0000
-210.0242 0.0000
-208.7276 0.0000
-209.9479 0.0000
-209.5401 0.0000
-209.5825 0.0000
-209.3382 0.0000
-210.2006 0.0000
-209.4605 0.0000
-209.7193 0.0000
-209.7001 0.0000
-209.9205 0.0000
-210.1648 0.0000
-210.6586 0.0000
-208.7176 0.0000
-208.8280 0.0000
-207.9289 0.0000
-208.6603 0.0000
-208.4977 0.0000
-208.9668 0.0000
-208.4774 0.0000
-209.5125 0.0000
-209.7779 0.0000
-209.4412 0.0000
-209.2386 0.0000
-209.4285 0.0000
-208.1389 0.0000
-208.3486 0.0000
-208.6802 0.0000
-208.0842 0.0000
-208.2466 0.0000
-208.3652 0.0000
-208.4517 0.0000
-208.3872 0.0000
-208.4120 0.0000
-208.1038 0.0000
-208.5953 0.0000
-208.9249 0.0000
-208.3555 0.0000
-207.9389 0.0000
-208.0632 0.0000
-207.7686 0.0000
-208.5293 0.0000
-207.7485 0.0000
-208.4986 0.0000
-208.5566 0.0000
-208.4102 0.0000
-207.3701 0.0000
-208.1120 0.0000
-207.2011 0.0000
-207.1418 0.0000
-207.0053 0.0000
-207.7461 0.0000
-208.1512 0.0000
-207.6653 0.0000
-208.0070 0.0000
-208.2835 0.0000
-208.0219 0.0000
-208.0162 0.0000
-208.0788 0.0000
-207.7701 0.0000
-207.2274 0.0000
-208.2338 0.0000
-208.5341 0.0000
-209.4341 0.0000
-209.6161 0.0000
-210.0001 0.0000
-210.0332 0.0000
-210.9389 0.0000
-211.4161 0.0000
-211.5480 0.0000
-211.3207 0.0000
-211.1146 0.0000
-210.1111 0.0000
-210.1436 0.0000
-210.5558 0.0000
-210.6888 0.0000
-210.7117 0.0000
-210.8577 0.0000
-211.2413 0.0000
-211.1838 0.0000
-211.1007 0.0000
-211.2114 0.0000
-211.0324 0.0000
-211.6400 0.0000
-211.0028 0.0000
-211.1916 0.0000
-210.9763 0.0000
-211.6379 0.0000
-211.4238 0.0000
-211.5237 0.0000
-210.3122 0.0000
-210.7032 0.0000
-211.3610 0.0000
-212.1305 0.0000
-212.5975 0.0000
-212.7036 0.0000
-213.1490 0.0000
-213.4203 0.0000
-212.4224 0.0000
-212.5713 0.0000
-213.0650 0.0000
-214.3510 0.0000
-214.2124 0.0000
-214.4881 0.0000
-214.6069 0.0000
-213.9715 0.0000
-214.9032 0.0000
-213.7147 0.0000
-214.4119 0.0000
-213.4044 0.0000
-213.3394 0.0000
-213.1050 0.0000
-213.7493 0.0000
-214.5864 0.0000
-215.1353 0.0000
-215.6416 0.0000
-214.0629 0.0000
-213.9239 0.0000
-213.8427 0.0000
-213.3186 0.0000
-212.7952 0.0000
-213.5388 0.0000
-213.8200 0.0000
-212.1567 0.0000
-213.2262 0.0000
-213.0112 0.0000
-213.0912 0.0000
-213.2300 0.0000
-212.7768 0.0000
-212.4794 0.0000
-213.0155 0.0000
-213.3917 0.0000
-212.8095 0.0000
-213.0523 0.0000
-212.6377 0.0000
-212.3280 0.0000
-212.1239 0.0000
-213.2143 0.0000
-212.4949 0.0000
-212.5400 0.0000
-212.0885 0.0000
-211.9742 0.0000
-212.1276 0.0000
-211.9922 0.0000
-212.8315 0.0000
-212.8302 0.0000
-212.4964 0.0000
-212.8796 0.0000
-212.9719 0.0000
-212.6797 0.0000
-213.7609 0.0000
-212.9852 0.0000
-213.9232 0.0000
-212.9417 0.0000
-213.5512 0.0000
-213.3580 0.0000
-214.1018 0.0000
-214.2051 0.0000
-213.9188 0.0000
-213.5452 0.0000
-213.3983 0.0000
-213.8389 0.0000
-214.8447 0.0000
-213.6683 0.0000
-214.3138 0.0000
-214.7263 0.0000
-213.6112 0.0000
-213.9371 0.0000
-213.8089 0.0000
-212.5479 0.0000
-213.7626 0.0000
-213.2205 0.0000
-213.7321 0.0000
-214.6732 0.0000
-214.0914 0.0000
-213.9723 0.0000
-213.6926 0.0000
-214.3711 0.0000
-213.4698 0.0000
-213.0793 0.0000
-213.6260 0.0000
-213.5320 0.0000
-213.9293 0.0000
-214.5622 0.0000
-214.7784 0.0000
-216.0953 0.0000
-216.3571 0.0000
-216.9080 0.0000
-216.9802 0.0000
-217.0070 0.0000
-216.6526 0.0000
-216.5293 0.0000
-217.5908 0.0000
-216.8416 0.0000
-216.6936 0.0000
-216.1877 0.0000
-216.0652 0.0000
-216.5996 0.0000
-215.0067 0.0000
-215.0401 0.0000
-214.5730 0.0000
-215.8590 0.0000
-216.8507 0.0000
-216.5425 0.0000
-217.0902 0.0000
-217.5590 0.0000
-216.7613 0.0000
-218.1129 0.0000
-217.2881 0.0000
-217.4030 0.0000
-217.8761 0.0000
-217.6236 0.0000
-217.0269 0.0000
-218.4913 0.0000
-217.5775 0.0000
-219.0242 0.0000
-217.1630 0.0000
-217.6507 0.0000
-217.4853 0.0000
-217.6001 0.0000
-217.4489 0.0000
-217.4998 0.0000
-217.8214 0.0000
-217.7521 0.0000
-218.2821 0.0000
-217.6931 0.0000
-217.0860 0.0000
-218.8702 0.0000
-217.6013 0.0000
-216.4421 0.0000
-215.4091 0.0000
-215.9163 0.0000
-215.8891 0.0000
-216.3787 0.0000
-215.9130 0.0000
-215.7964 0.0000
-215.4952 0.0000
-215.9978 0.0000
-216.2982 0.0000
-216.9630 0.0000
-215.9831 0.0000
-216.1529 0.0000
-215.9080 0.0000
-216.9129 0.0000
-216.1860 0.0000
-216.5756 0.0000
-215.7367 0.0000
-216.5665 0.0000
-217.1035 0.0000
-218.5867 0.0000
-219.3538 0.0000
-216.5759 0.0000
-218.6317 0.0000
-218.6394 0.0000
-218.1418 0.0000
-218.7292 0.0000
-217.5988 0.0000
-219.4758 0.0000
-217.7357 0.0000
-217.3984 0.0000
-217.1223 0.0000
-217.8431 0.0000
-217.8878 0.0000
-217.3399 0.0000
-217.8375 0.0000
-217.2489 0.0000
-217.3913 0.0000
-217.0121 0.0000
-216.5086 0.0000
-217.9193 0.0000
-217.2911 0.0000
-216.6521 0.0000
-218.0787 0.0000
-217.5946 0.0000
-217.7632 0.0000
-219.0059 0.0000
-218.8053 0.0000
-219.3991 0.0000
-217.8326 0.0000
-217.6235 0.0000
-218.3167 0.0000
-216.5859 0.0000
-217.0316 0.0000
-216.3818 0.0000
-216.1597 0.0000
-216.3163 0.0000
-216.4585 0.0000
-215.9010 0.0000
-216.1847 0.0000
-215.6501 0.0000
-216.7777 0.0000
-213.9926 0.0000
-213.5627 0.0000
-213.5254 0.0000
-213.4632 0.0000
-213.6466 0.0000
-212.8846 0.0000
-213.6279 0.0000
-213.9264 0.0000
-213.4071 0.0000
-213.4244 0.0000
-213.3746 0.0000
-213.4557 0.0000
-211.3223 0.0000
-211.6580 0.0000
-211.4184 0.0000
-211.5444 0.0000
-212.5316 0.0000
-211.0827 0.0000
-210.9440 0.0000
-209.6251 0.0000
-208.8729 0.0000
-209.2976 0.0000
-209.3220 0.0000
-209.2070 0.0000
-208.4622 0.0000
-209.2051 0.0000
-208.4854 0.0000
-209.3933 0.0000
-209.3864 0.0000
-208.7537 0.0000
-209.3311 0.0000
-209.9596 0.0000
-210.7235 0.0000
-209.3275 0.0000
-209.7299 0.0000
-209.8425 0.0000
-209.9764 0.0000
-208.9514 0.0000
-209.4403 0.0000
-209.5174 0.0000
-209.8525 0.0000
-209.0658 0.0000
-209.2613 0.0000
-208.2469 0.0000
-207.5832 0.0000
-208.0957 0.0000
-209.3926 0.0000
-207.3512 0.0000
-207.7142 0.0000
-206.8620 0.0000
-207.4134 0.0000
-207.4859 0.0000
-206.9802 0.0000
-206.1262 0.0000
-206.6546 0.0000
-206.7120 0.0000
-206.7026 0.0000
-207.1445 0.0000
-206.7736 0.0000
-207.2985 0.0000
-207.0102 0.0000
-207.1694 0.0000
-207.2270 0.0000
-206.9392 0.0000
-207.2333 0.0000
-206.8750 0.0000
-206.4437 0.0000
-207.2917 0.0000
-207.0262 0.0000
-207.3631 0.0000
-208.1980 0.0000
-207.6733 0.0000
-207.5014 0.0000
-208.4392 0.0000
-208.6503 0.0000
-209.1325 0.0000
-209.1327 0.0000
-208.7958 0.0000
-209.5226 0.0000
-208.4492 0.0000
-208.9705 0.0000
-208.7599 0.0000
-209.0558 0.0000
-208.8900 0.0000
-207.7851 0.0000
-207.6175 0.0000
-207.4722 0.0000
-208.0076 0.0000
-207.7394 0.0000
-208.0856 0.0000
-207.1681 0.0000
-207.1049 0.0000
-207.9648 0.0000
-208.1445 0.0000
-209.1071 0.0000
-207.8320 0.0000
-208.3259 0.0000
-208.1053 0.0000
-208.3440 0.0000
-208.0290 0.0000
-208.7512 0.0000
-208.3334 0.0000
-207.8847 0.0000
-207.3307 0.0000
-208.4128 0.0000
-207.7928 0.0000
-207.7504 0.0000
-207.1529 0.0000
-208.9148 0.0000
-206.8166 0.0000
-206.8921 0.0000
-207.2818 0.0000
-207.0640 0.0000
-207.5580 0.0000
-207.3526 0.0000
-207.2474 0.0000
-207.0396 0.0000
-208.1153 0.0000
-208.0761 0.0000
-208.0735 0.0000
-207.2076 0.0000
-208.0686 0.0000
-207.6798 0.0000
-208.2872 0.0000
-208.5301 0.0000
-208.9403 0.0000
-209.7535 0.0000
-209.4877 0.0000
-208.8178 0.0000
-209.7969 0.0000
-210.4353 0.0000
-209.8235 0.0000
-209.4223 0.0000
-209.0811 0.0000
-208.7436 0.0000
-208.8370 0.0000
-209.0801 0.0000
-208.9306 0.0000
-209.2432 0.0000
-210.4049 0.0000
-211.2397 0.0000
-210.1572 0.0000
-209.7044 0.0000
-209.7837 0.0000
-210.5389 0.0000
-210.4426 0.0000
-210.2605 0.0000
-209.7372 0.0000
-211.2190 0.0000
-210.1333 0.0000
-209.8744 0.0000
-209.8414 0.0000
-208.3728 0.0000
-208.8757 0.0000
-209.0527 0.0000
-208.2114 0.0000
-208.4453 0.0000
-209.8968 0.0000
-209.2892 0.0000
-209.9280 0.0000
-210.0120 0.0000
-210.6456 0.0000
-211.0029 0.0000
-211.0027 0.0000
-211.3553 0.0000
-211.6433 0.0000
-212.2116 0.0000
-211.7801 0.0000
-212.5694 0.0000
-211.1562 0.0000
-212.7644 0.0000
-210.5463 0.0000
-211.5226 0.0000
-210.5531 0.0000
-210.0323 0.0000
-209.2440 0.0000
-210.0134 0.0000
-210.0524 0.0000
-211.1140 0.0000
-211.1041 0.0000
-210.5583 0.0000
-211.0581 0.0000
-212.3054 0.0000
-210.3979 0.0000
-212.0183 0.0000
-210.1060 0.0000
-211.1544 0.0000
-210.5089 0.0000
-209.8083 0.0000
-210.5489 0.0000
-210.5546 0.0000
-210.0852 0.0000
-210.6532 0.0000
-210.3795 0.0000
-210.3785 0.0000
-210.5034 0.0000
-211.3394 0.0000
-211.1517 0.0000
-211.4356 0.0000
-211.5890 0.0000
-211.3270 0.0000
-211.8594 0.0000
-210.9497 0.0000
-210.6487 0.0000
-209.7874 0.0000
-209.6252 0.0000
-209.8753 0.0000
-209.8927 0.0000
-209.9723 0.0000
-210.5533 0.0000
-210.0695 0.0000
-210.6563 0.0000
-209.4812 0.0000
-209.5813 0.0000
-209.3586 0.0000
-210.8416 0.0000
-210.1829 0.0000
-208.4026 0.0000
-209.5348 0.0000
-209.7416 0.0000
-209.7652 0.0000
-211.0924 0.0000
-211.3254 0.0000
-211.7350 0.0000
-211.2803 0.0000
-210.9046 0.0000
-210.7614 0.0000
-211.1686 0.0000
-210.3771 0.0000
-210.9605 0.0000
-211.0765 0.0000
-210.8674 0.0000
-210.9468 0.0000
-211.8296 0.0000
-211.7759 0.0000
-211.6222 0.0000
-211.6852 0.0000
-211.3700 0.0000
-212.3566 0.0000
-211.4488 0.0000
-212.7488 0.0000
-211.3204 0.0000
-210.9091 0.0000
-210.3645 0.0000
-212.1506 0.0000
-212.7072 0.0000
-212.8080 0.0000
-212.8744 0.0000
-213.3811 0.0000
-211.9810 0.0000
-210.7202 0.0000
-210.1125 0.0000
-210.3497 0.0000
-211.0208 0.0000
-211.0060 0.0000
-211.5415 0.0000
-213.7422 0.0000
-212.5149 0.0000
-212.8159 0.0000
-212.4382 0.0000
-211.0795 0.0000
-211.1307 0.0000
-212.2214 0.0000
-210.9483 0.0000
-211.4805 0.0000
-211.9647 0.0000
-210.9390 0.0000
-212.5247 0.0000
-212.4842 0.0000
-213.0696 0.0000
-212.5245 0.0000
-212.9648 0.0000
-214.3602 0.0000
-214.1080 0.0000
-215.2014 0.0000
-214.4508 0.0000
-213.9482 0.0000
-213.7330 0.0000
-214.3103 0.0000
-214.6087 0.0000
-215.7028 0.0000
-216.0439 0.0000
-216.6351 0.0000
-216.5039 0.0000
-215.7260 0.0000
-216.6573 0.0000
-215.8586 0.0000
-214.3376 0.0000
-214.6105 0.0000
-214.4090 0.0000
-213.5197 0.0000
-213.3953 0.0000
-213.3911 0.0000
-213.3788 0.0000
-212.9900 0.0000
-213.8798 0.0000
-213.1334 0.0000
-213.0434 0.0000
-214.1581 0.0000
-212.5077 0.0000
-212.3244 0.0000
-212.4673 0.0000
-212.1375 0.0000
-213.1390 0.0000
-212.2104 0.0000
-211.5847 0.0000
-211.7258 0.0000
-212.9395 0.0000
-212.6249 0.0000
-213.2551 0.0000
-213.7500 0.0000
-213.9963 0.0000
-214.1154 0.0000
-213.5228 0.0000
-213.1904 0.0000
-214.0218 0.0000
-213.5945 0.0000
-214.2411 0.0000
-213.4608 0.0000
-213.4392 0.0000
-213.1863 0.0000
-213.6633 0.0000
-213.0863 0.0000
-213.7058 0.0000
-214.5143 0.0000
-212.8625 0.0000
-212.6988 0.0000
-211.6886 0.0000
-212.7264 0.0000
-212.8000 0.0000
-212.7548 0.0000
-213.1258 0.0000
-214.4696 0.0000
-212.9949 0.0000
-213.2657 0.0000
-213.4501 0.0000
-213.0880 0.0000
-214.8032 0.0000
-213.2675 0.0000
-212.8141 0.0000
-213.3583 0.0000
-213.4460 0.0000
-213.6254 0.0000
-212.9032 0.0000
-213.4619 0.0000
-212.8307 0.0000
-211.5632 0.0000
-212.1461 0.0000
-212.5910 0.0000
-212.3734 0.0000
-212.6724 0.0000
-211.7410 0.0000
-212.9684 0.0000
-214.2441 0.0000
-214.5642 0.0000
-213.3182 0.0000
-214.6010 0.0000
-212.9803 0.0000
-214.4325 0.0000
-213.9646 0.0000
-214.7394 0.0000
-215.1617 0.0000
-214.2406 0.0000
-214.1928 0.0000
-214.0325 0.0000
-213.1041 0.0000
-213.0580 0.0000
-212.7159 0.0000
-211.6617 0.0000
-211.3311 0.0000
-211.6938 0.0000
-211.6115 0.0000
-211.7617 0.0000
-212.2887 0.0000
-211.7497 0.0000
-211.1455 0.0000
-210.8296 0.0000
-211.2307 0.0000
-211.3982 0.0000
-210.5152 0.0000
-211.0184 0.0000
-210.9457 0.0000
-210.7497 0.0000
-209.2989 0.0000
-211.1630 0.0000
-210.6795 0.0000
-210.4701 0.0000
-210.2743 0.0000
-209.9492 0.0000
-209.6102 0.0000
-210.4617 0.0000
-210.1575 0.0000
-210.1420 0.0000
-210.3356 0.0000
-210.7081 0.0000
-209.8543 0.0000
-209.9153 0.0000
-210.1238 0.0000
-210.5358 0.0000
-209.3056 0.0000
-209.9489 0.0000
-209.8776 0.0000
-210.0612 0.0000
-209.6931 0.0000
-209.8800 0.0000
-209.8667 0.0000
-209.5580 0.0000
