-100.0000 -100.0000
-333.5237 0.0000
-333.3839 0.0000
-333.9820 0.0000
-333.1633 0.0000
-333.3559 0.0000
-332.7252 0.0000
-333.4477 0.0000
-332.8316 0.0000
-333.4414 0.0000
-333.0712 0.0000
-333.1817 0.0000
-334.0287 0.0000
-333.7482 0.0000
-333.9930 0.0000
-334.4271 0.0000
-334.5077 0.0000
-334.4748 0.0000
-333.6174 0.0000
-333.3153 0.0000
-333.2685 0.0000
-333.7125 0.0000
-334.0290 0.0000
-333.5918 0.0000
-334.7649 0.0000
-332.3842 0.0000
-332.1318 0.0000
-332.7303 0.0000
-334.4922 0.0000
-334.8674 0.0000
-334.2789 0.0000
-334.6859 0.0000
-333.8868 0.0000
-333.9732 0.0000
-334.1242 0.0000
-333.9576 0.0000
-333.8831 0.0000
-333.6161 0.0000
-335.1277 0.0000
-335.0182 0.0000
-335.3421 0.0000
-335.8131 0.0000
-335.4403 0.0000
-334.9012 0.0000
-335.6375 0.0000
-335.4580 0.0000
-336.7029 0.0000
-337.2076 0.0000
-336.5857 0.0000
-336.4446 0.0000
-335.9830 0.0000
-335.9772 0.0000
-335.9459 0.0000
-336.5010 0.0000
-336.3912 0.0000
-335.7030 0.0000
-335.1730 0.0000
-334.9523 0.0000
-334.7122 0.0000
-334.8495 0.0000
-334.5360 0.0000
-334.6764 0.0000
-334.9810 0.0000
-334.6062 0.0000
-334.9983 0.0000
-335.7084 0.0000
-336.6344 0.0000
-337.2953 0.0000
-337.6333 0.0000
-337.5218 0.0000
-337.9823 0.0000
-337.5344 0.0000
-337.2830 0.0000
-336.8143 0.0000
-336.5293 0.0000
-337.0326 0.0000
-337.1828 0.0000
-336.8310 0.0000
-338.0353 0.0000
-337.4325 0.0000
-337.1466 0.0000
-337.8341 0.0000
-339.4929 0.0000
-337.0062 0.0000
-336.7716 0.0000
-337.5800 0.0000
-337.0692 0.0000
-336.6675 0.0000
-336.9163 0.0000
-336.8415 0.0000
-337.5537 0.0000
-338.2683 0.0000
-338.1202 0.0000
-337.7275 0.0000
-337.8619 0.0000
-337.6668 0.0000
-337.2675 0.0000
-337.2280 0.0000
-336.2785 0.0000
-335.5914 0.0000
-335.6846 0.0000
-336.2228 0.0000
-336.9957 0.0000
-337.6359 0.0000
-337.7681 0.0000
-337.9281 0.0000
-338.3989 0.0000
-338.1496 0.0000
-338.6952 0.0000
-337.1995 0.0000
-337.9018 0.0000
-337.9146 0.0000
-337.9184 0.0000
-336.3092 0.0000
-336.4877 0.0000
-337.3526 0.0000
-337.5256 0.0000
-338.5076 0.0000
-338.0042 0.0000
-337.8409 0.0000
-337.8731 0.0000
-337.3428 0.0000
-337.5124 0.0000
-337.0028 0.0000
-337.3425 0.0000
-337.1469 0.0000
-337.3078 0.0000
-338.1912 0.0000
-337.7448 0.0000
-337.3495 0.0000
-338.5902 0.0000
-339.3817 0.0000
-339.7562 0.0000
-339.4422 0.0000
-339.6114 0.0000
-339.9543 0.0000
-340.2485 0.0000
-340.0519 0.0000
-339.4476 0.0000
-338.8134 0.0000
-339.1607 0.0000
-340.0174 0.0000
-337.7275 0.0000
-338.2879 0.0000
-338.8205 0.0000
-339.0667 0.0000
-339.1994 0.0000
-339.7100 0.0000
-339.5319 0.0000
-340.1249 0.0000
-340.3392 0.0000
-340.8312 0.0000
-341.2124 0.0000
-341.3750 0.0000
-341.3869 0.0000
-341.2277 0.0000
-342.2082 0.0000
-341.2152 0.0000
-341.0278 0.0000
-340.3030 0.0000
-341.0498 0.0000
-341.7706 0.0000
-341.2761 0.0000
-342.4836 0.0000
-342.3692 0.0000
-342.6988 0.0000
-342.5262 0.0000
-342.2375 0.0000
-341.9995 0.0000
-342.0673 0.0000
-342.4175 0.0000
-341.9751 0.0000
-341.8236 0.0000
-342.4327 0.0000
-342.7629 0.0000
-343.4681 0.0000
-344.1300 0.0000
-342.9361 0.0000
-342.8417 0.0000
-342.8507 0.0000
-342.7939 0.0000
-343.1053 0.0000
-343.1306 0.0000
-342.9127 0.0000
-341.7052 0.0000
-341.5889 0.0000
-341.2019 0.0000
-341.8011 0.0000
-341.5682 0.0000
-341.9745 0.0000
-342.5293 0.0000
-341.4380 0.0000
-340.4877 0.0000
-340.7027 0.0000
-339.8242 0.0000
-340.9961 0.0000
-340.9531 0.0000
-341.5728 0.0000
-340.6321 0.0000
-340.2693 0.0000
-340.2396 0.0000
-340.6335 0.0000
-340.1932 0.0000
-341.6317 0.0000
-341.0828 0.0000
-341.0488 0.0000
-341.3922 0.0000
-341.7841 0.0000
-342.0981 0.0000
-342.0721 0.0000
-342.6708 0.0000
-342.1020 0.0000
-342.4422 0.0000
-342.1503 0.0000
-342.8422 0.0000
-342.2534 0.0000
-343.1031 0.0000
-341.9676 0.0000
-341.6588 0.0000
-343.4890 0.0000
-344.2980 0.0000
-345.3859 0.0000
-346.2123 0.0000
-345.4908 0.0000
-345.3037 0.0000
-346.0392 0.0000
-346.3109 0.0000
-347.0661 0.0000
-347.4476 0.0000
-346.8472 0.0000
-347.1994 0.0000
-346.2861 0.0000
-345.8243 0.0000
-344.8688 0.0000
-345.6482 0.0000
-345.6107 0.0000
-345.1512 0.0000
-343.3378 0.0000
-343.9337 0.0000
-344.2766 0.0000
-343.5421 0.0000
-343.3624 0.0000
-341.9026 0.0000
-341.1460 0.0000
-340.7848 0.0000
-341.2118 0.0000
-339.4934 0.0000
-339.8294 0.0000
-340.2226 0.0000
-340.0166 0.0000
-341.2911 0.0000
-341.1675 0.0000
-340.2190 0.0000
-341.6473 0.0000
-342.0482 0.0000
-340.8217 0.0000
-341.6008 0.0000
-340.5322 0.0000
-340.5754 0.0000
-340.2445 0.0000
-339.8999 0.0000
-339.4336 0.0000
-338.5094 0.0000
-338.9589 0.0000
-338.6455 0.0000
-338.5697 0.0000
-338.0956 0.0000
-336.3439 0.0000
-337.1541 0.0000
-337.8063 0.0000
-337.4357 0.0000
-336.8984 0.0000
-337.6424 0.0000
-336.4950 0.0000
-336.9143 0.0000
-337.0095 0.0000
-337.0111 0.0000
-336.5282 0.0000
-335.6809 0.0000
-335.1690 0.0000
-334.7307 0.0000
-333.8089 0.0000
-334.0571 0.0000
-334.6074 0.0000
-334.6974 0.0000
-335.4387 0.0000
-335.9455 0.0000
-335.3833 0.0000
-335.7708 0.0000
-336.3372 0.0000
-336.3713 0.0000
-335.9927 0.0000
-336.3928 0.0000
-336.2403 0.0000
-335.8083 0.0000
-336.1682 0.0000
-336.5995 0.0000
-336.7567 0.0000
-336.0472 0.0000
-336.6817 0.0000
-336.4867 0.0000
-336.2767 0.0000
-335.5369 0.0000
-334.6483 0.0000
-335.3559 0.0000
-335.1454 0.0000
-334.7102 0.0000
-334.7244 0.0000
-334.7585 0.0000
-335.3796 0.0000
-335.0805 0.0000
-335.1879 0.0000
-335.4334 0.0000
-335.2598 0.0000
-335.4486 0.0000
-333.4862 0.0000
-333.1661 0.0000
-333.9103 0.0000
-334.0210 0.0000
-333.2567 0.0000
-332.1100 0.0000
-331.6384 0.0000
-331.5012 0.0000
-331.9196 0.0000
-332.3395 0.0000
-331.4338 0.0000
-330.5058 0.0000
-330.2622 0.0000
-330.6180 0.0000
-329.9114 0.0000
-330.2090 0.0000
-329.3469 0.0000
-328.9512 0.0000
-330.2082 0.0000
-329.4791 0.0000
-330.5981 0.0000
-330.4323 0.0000
-330.9250 0.0000
-331.3451 0.0000
-332.7360 0.0000
-331.5147 0.0000
-331.2426 0.0000
-331.1155 0.0000
-331.6067 0.0000
-331.5556 0.0000
-331.7030 0.0000
-331.9628 0.0000
-332.0063 0.0000
-332.1499 0.0000
-332.1268 0.0000
-333.1452 0.0000
-332.6329 0.0000
-332.5088 0.0000
-332.3868 0.0000
-331.8180 0.0000
-331.2794 0.0000
-331.8846 0.0000
-330.7594 0.0000
-331.5146 0.0000
-331.5337 0.0000
-330.3427 0.0000
-330.3355 0.0000
-331.3289 0.0000
-330.7331 0.0000
-331.5583 0.0000
-331.2859 0.0000
-331.9344 0.0000
-332.5877 0.0000
-332.5114 0.0000
-333.2288 0.0000
-333.0484 0.0000
-333.3066 0.0000
-332.0864 0.0000
-332.0730 0.0000
-332.7702 0.0000
-332.1345 0.0000
-331.2706 0.0000
-332.0291 0.0000
-331.1915 0.0000
-332.7062 0.0000
-331.6700 0.0000
-330.8108 0.0000
-329.5283 0.0000
-329.7510 0.0000
-329.7827 0.0000
-329.6614 0.0000
-328.9017 0.0000
-330.6779 0.0000
-329.7448 0.0000
-330.0881 0.0000
-330.2506 0.0000
-329.3650 0.0000
-328.5735 0.0000
-328.7036 0.0000
-329.7448 0.0000
-329.7616 0.0000
-330.0512 0.0000
-329.9301 0.0000
-329.2919 0.0000
-329.9127 0.0000
-330.1751 0.0000
-327.8491 0.0000
-330.0752 0.0000
-330.6651 0.0000
-330.6458 0.0000
-331.5156 0.0000
-331.3181 0.0000
-331.6277 0.0000
-332.0978 0.0000
-331.4323 0.0000
-330.7523 0.0000
-331.2981 0.0000
-331.6697 0.0000
-331.5042 0.0000
-332.7881 0.0000
-332.9616 0.0000
-333.8921 0.0000
-335.0103 0.0000
-334.9608 0.0000
-334.6559 0.0000
-334.8868 0.0000
-332.9738 0.0000
-333.5539 0.0000
-333.2883 0.0000
-333.2968 0.0000
-333.9274 0.0000
-334.0859 0.0000
-333.1039 0.0000
-332.7034 0.0000
-331.9835 0.0000
-331.2970 0.0000
-330.9107 0.0000
-330.6710 0.0000
-330.6286 0.0000
-331.5414 0.0000
-331.9880 0.0000
-330.7519 0.0000
-330.5233 0.0000
-331.4487 0.0000
-332.7940 0.0000
-330.8856 0.0000
-331.4424 0.0000
-330.8139 0.0000
-330.2292 0.0000
-330.1119 0.0000
-329.8268 0.0000
-330.7403 0.0000
-331.0464 0.0000
-331.6710 0.0000
-331.0593 0.0000
-332.3671 0.0000
-332.3585 0.0000
-331.1742 0.0000
-331.3276 0.0000
-331.8532 0.0000
-332.1084 0.0000
-330.7905 0.0000
-330.9898 0.0000
-330.7776 0.0000
-330.9735 0.0000
-331.8119 0.0000
-332.7621 0.0000
-334.5397 0.0000
-334.4377 0.0000
-334.6660 0.0000
-334.8858 0.0000
-335.0356 0.0000
-335.4302 0.0000
-334.8573 0.0000
-333.8848 0.0000
-332.6426 0.0000
-333.9048 0.0000
-334.6248 0.0000
-335.4826 0.0000
-335.9164 0.0000
-335.4019 0.0000
-335.9383 0.0000
-336.1593 0.0000
-335.3046 0.0000
-334.4607 0.0000
-334.0238 0.0000
-333.3858 0.0000
-333.3096 0.0000
-333.3077 0.0000
-333.4224 0.0000
-333.5558 0.0000
-332.8476 0.0000
-333.3254 0.0000
-332.4286 0.0000
-332.4831 0.0000
-333.0035 0.0000
-333.1097 0.0000
-333.0185 0.0000
-332.6496 0.0000
-332.5783 0.0000
-331.0763 0.0000
-330.8669 0.0000
-330.6531 0.0000
-330.9789 0.0000
-332.2162 0.0000
-331.7995 0.0000
-332.5972 0.0000
-331.9061 0.0000
-331.8034 0.0000
-331.8082 0.0000
-332.1603 0.0000
-332.2324 0.0000
-332.8833 0.0000
-333.4237 0.0000
-332.7570 0.0000
-333.2042 0.0000
-333.4305 0.0000
-333.0234 0.0000
-334.0664 0.0000
-333.9647 0.0000
-333.0474 0.0000
-332.2119 0.0000
-332.2825 0.0000
-332.2084 0.0000
-331.0344 0.0000
-331.6285 0.0000
-331.2578 0.0000
-331.1434 0.0000
-331.0756 0.0000
-331.0683 0.0000
-331.1572 0.0000
-330.6232 0.0000
-330.7663 0.0000
-330.7712 0.0000
-330.6327 0.0000
-331.0239 0.0000
-330.9029 0.0000
-330.9770 0.0000
-330.6901 0.0000
-331.3874 0.0000
-331.0848 0.0000
-331.4926 0.0000
-332.5261 0.0000
-331.4960 0.0000
-331.4635 0.0000
-332.0844 0.0000
-332.3467 0.0000
-332.6801 0.0000
-333.9793 0.0000
-334.9761 0.0000
-334.5400 0.0000
-334.5248 0.0000
-335.2818 0.0000
-334.6969 0.0000
-334.3972 0.0000
-334.9838 0.0000
-333.6114 0.0000
-333.7355 0.0000
-333.4494 0.0000
-334.1317 0.0000
-333.9342 0.0000
-333.4402 0.0000
-333.7815 0.0000
-334.2706 0.0000
-333.0157 0.0000
-332.9265 0.0000
-333.2499 0.0000
-333.3205 0.0000
-333.4365 0.0000
-332.8880 0.0000
-332.6018 0.0000
-332.1820 0.0000
-331.5761 0.0000
-333.3983 0.0000
-332.5146 0.0000
-333.5417 0.0000
-331.6683 0.0000
-332.9925 0.0000
-332.4688 0.0000
-333.0674 0.0000
-332.9959 0.0000
-331.6562 0.0000
-331.4689 0.0000
-332.7387 0.0000
-330.8595 0.0000
-330.1086 0.0000
-329.8424 0.0000
-329.8722 0.0000
-329.3854 0.0000
-328.4981 0.0000
-327.8550 0.0000
-328.3910 0.0000
-328.1575 0.0000
-328.5494 0.0000
-329.2868 0.0000
-330.3104 0.0000
-330.2697 0.0000
-329.8272 0.0000
-330.0304 0.0000
-328.9084 0.0000
-328.2715 0.0000
-328.0956 0.0000
-328.7957 0.0000
-329.0048 0.0000
-329.0278 0.0000
-328.7783 0.0000
-329.0808 0.0000
-329.8373 0.0000
-327.6467 0.0000
-326.8103 0.0000
-326.0120 0.0000
-325.5388 0.0000
-325.2601 0.0000
-325.4880 0.0000
-326.0901 0.0000
-326.3809 0.0000
-326.7475 0.0000
-326.8951 0.0000
-326.9219 0.0000
-327.3143 0.0000
-327.0125 0.0000
-326.6371 0.0000
-326.4217 0.0000
-326.8016 0.0000
-325.8868 0.0000
-324.9392 0.0000
-325.4924 0.0000
-323.7201 0.0000
-324.6215 0.0000
-324.7706 0.0000
-324.2020 0.0000
-323.6296 0.0000
-323.1753 0.0000
-324.1946 0.0000
-325.4251 0.0000
-325.4152 0.0000
-326.6326 0.0000
-325.4929 0.0000
-324.8613 0.0000
-324.7780 0.0000
-325.7801 0.0000
-325.9841 0.0000
-325.1370 0.0000
-325.1889 0.0000
-325.1071 0.0000
-324.2110 0.0000
-324.1440 0.0000
-324.0550 0.0000
-323.8778 0.0000
-323.8740 0.0000
-324.0544 0.0000
-325.0485 0.0000
-324.4332 0.0000
-325.3197 0.0000
-322.9036 0.0000
-323.5837 0.0000
-324.2481 0.0000
-323.5534 0.0000
-323.5917 0.0000
-323.8407 0.0000
-324.1215 0.0000
-323.9148 0.0000
-323.3507 0.0000
-323.8130 0.0000
-323.3597 0.0000
-322.9846 0.0000
-322.8041 0.0000
-322.6778 0.0000
-323.0904 0.0000
-323.4497 0.0000
-324.2700 0.0000
-324.9919 0.0000
-324.4722 0.0000
-326.2056 0.0000
-326.1836 0.0000
-326.7578 0.0000
-327.4306 0.0000
-327.6631 0.0000
-327.3776 0.0000
-327.6896 0.0000
-326.3494 0.0000
-327.3827 0.0000
-327.9611 0.0000
-327.6477 0.0000
-328.7010 0.0000
-327.8340 0.0000
-328.9381 0.0000
-329.4673 0.0000
-330.1565 0.0000
-329.6077 0.0000
-328.4069 0.0000
-327.0847 0.0000
-326.4693 0.0000
-326.4047 0.0000
-325.3553 0.0000
-325.9422 0.0000
-325.4753 0.0000
-325.3577 0.0000
-326.1113 0.0000
-326.3382 0.0000
-324.5827 0.0000
-325.1869 0.0000
-325.6340 0.0000
-326.8912 0.0000
-326.0503 0.0000
-325.7876 0.0000
-326.9195 0.0000
-325.8374 0.0000
-326.2137 0.0000
-325.3768 0.0000
-326.0267 0.0000
-326.5112 0.0000
-325.9453 0.0000
-325.1655 0.0000
-326.3890 0.0000
-326.7396 0.0000
-327.0133 0.0000
-326.5652 0.0000
-327.2026 0.0000
-326.0301 0.0000
-326.0550 0.0000
-326.7247 0.0000
-326.1555 0.0000
-325.1549 0.0000
-325.4594 0.0000
-325.2875 0.0000
-325.4328 0.0000
-325.6001 0.0000
-325.5979 0.0000
-324.5508 0.0000
-324.7331 0.0000
-324.2011 0.0000
-325.5375 0.0000
-326.2644 0.0000
-326.2087 0.0000
-325.4158 0.0000
-325.0461 0.0000
-325.9644 0.0000
-324.8762 0.0000
-325.0100 0.0000
-324.2790 0.0000
-325.4333 0.0000
-326.2390 0.0000
-325.7493 0.0000
-326.6844 0.0000
-326.7191 0.0000
-326.1349 0.0000
-325.8178 0.0000
-326.9814 0.0000
-328.4025 0.0000
-328.6805 0.0000
-328.2732 0.0000
-328.8011 0.0000
-328.9129 0.0000
-327.7820 0.0000
-327.8876 0.0000
-327.3641 0.0000
-327.4176 0.0000
-327.0276 0.0000
-327.1018 0.0000
-325.6515 0.0000
-325.9042 0.0000
-324.9014 0.0000
-325.4602 0.0000
-325.6138 0.0000
-326.1109 0.0000
-325.8404 0.0000
-327.3476 0.0000
-326.9749 0.0000
-328.5464 0.0000
-328.7395 0.0000
-326.4568 0.0000
-325.2399 0.0000
-325.2994 0.0000
-325.9303 0.0000
-325.0841 0.0000
-326.3827 0.0000
-327.1564 0.0000
-328.6398 0.0000
-326.8041 0.0000
-327.7860 0.0000
-329.0034 0.0000
-327.8355 0.0000
-328.4898 0.0000
-327.1790 0.0000
-326.2888 0.0000
-327.3944 0.0000
-328.1939 0.0000
-327.8629 0.0000
-328.6022 0.0000
-327.9670 0.0000
-328.2718 0.0000
-327.1527 0.0000
-327.4750 0.0000
-327.0168 0.0000
-326.6966 0.0000
-326.5927 0.0000
-326.1849 0.0000
-324.5982 0.0000
-324.5556 0.0000
-324.6312 0.0000
-324.0923 0.0000
-324.9462 0.0000
-323.8668 0.0000
-322.8195 0.0000
-323.2988 0.0000
-322.4785 0.0000
-322.3620 0.0000
-322.4689 0.0000
-321.6612 0.0000
-321.1101 0.0000
-321.6159 0.0000
-320.9179 0.0000
-320.6527 0.0000
-320.7822 0.0000
-321.6304 0.0000
-320.3803 0.0000
-321.2323 0.0000
-320.4821 0.0000
-321.4019 0.0000
-321.4747 0.0000
-320.6033 0.0000
-320.5368 0.0000
-320.1475 0.0000
-320.6822 0.0000
-320.4742 0.0000
-320.3472 0.0000
-321.1142 0.0000
-322.2171 0.0000
-321.0638 0.0000
-319.8685 0.0000
-319.8218 0.0000
-320.3924 0.0000
-320.8194 0.0000
-320.3529 0.0000
-320.2628 0.0000
-319.3504 0.0000
-319.6325 0.0000
-319.4007 0.0000
-318.9075 0.0000
-318.9157 0.0000
-319.4854 0.0000
-319.1626 0.0000
-319.2049 0.0000
-318.5501 0.0000
-319.2247 0.0000
-319.5846 0.0000
-317.8775 0.0000
-317.1997 0.0000
-316.5298 0.0000
-316.9789 0.0000
-316.0810 0.0000
-316.0353 0.0000
-315.5141 0.0000
-315.7667 0.0000
-316.7813 0.0000
-316.0391 0.0000
-315.7532 0.0000
-317.1724 0.0000
-316.5234 0.0000
-316.6134 0.0000
-317.1116 0.0000
-317.3017 0.0000
-317.2849 0.0000
-318.0698 0.0000
-318.2706 0.0000
-317.7057 0.0000
-317.7417 0.0000
-316.9927 0.0000
-316.5888 0.0000
-318.1570 0.0000
-316.3363 0.0000
-314.7444 0.0000
-315.1610 0.0000
-314.5937 0.0000
-315.7132 0.0000
-314.8707 0.0000
-314.3483 0.0000
-314.7943 0.0000
-313.6719 0.0000
-313.4899 0.0000
-314.3727 0.0000
-314.2244 0.0000
-314.7634 0.0000
-313.5487 0.0000
-313.8747 0.0000
-313.8785 0.0000
-313.4549 0.0000
-312.6991 0.0000
-313.0992 0.0000
-313.9337 0.0000
-313.9610 0.0000
-313.5132 0.0000
-313.3956 0.0000
-311.6687 0.0000
-311.5170 0.0000
-312.4391 0.0000
-310.4457 0.0000
-310.1621 0.0000
-310.4530 0.0000
-311.3743 0.0000
-310.3056 0.0000
-310.2565 0.0000
-310.3305 0.0000
-311.2764 0.0000
-312.0533 0.0000
-311.6714 0.0000
-311.7133 0.0000
-311.8683 0.0000
-312.0127 0.0000
-312.7238 0.0000
-313.2112 0.0000
-312.1852 0.0000
-312.6894 0.0000
-313.0642 0.0000
-313.2301 0.0000
-312.3906 0.0000
-312.5539 0.0000
-313.6713 0.0000
-314.2473 0.0000
-313.1499 0.0000
-312.9221 0.0000
-312.2423 0.0000
-311.9996 0.0000
-311.3194 0.0000
-310.0081 0.0000
-308.9370 0.0000
-308.6640 0.0000
-307.8139 0.0000
-309.2456 0.0000
-308.3571 0.0000
-308.8404 0.0000
-307.8800 0.0000
-306.9396 0.0000
-309.1247 0.0000
-309.3821 0.0000
-309.2363 0.0000
-310.6922 0.0000
-310.1640 0.0000
-309.4401 0.0000
-309.5049 0.0000
-310.3491 0.0000
-311.4384 0.0000
-312.0091 0.0000
-311.7831 0.0000
-312.1960 0.0000
-310.9982 0.0000
-310.5634 0.0000
-309.4316 0.0000
-308.8612 0.0000
-308.7849 0.0000
-309.1133 0.0000
-309.8696 0.0000
-309.7945 0.0000
-310.6109 0.0000
-311.4032 0.0000
-311.2384 0.0000
-312.0338 0.0000
-311.3002 0.0000
-312.8440 0.0000
-311.4589 0.0000
-311.7946 0.0000
-312.9863 0.0000
-311.5482 0.0000
-312.1827 0.0000
-312.1356 0.0000
-311.6812 0.0000
-312.2431 0.0000
-312.9173 0.0000
-312.7772 0.0000
-312.3279 0.0000
-313.2621 0.0000
-313.6270 0.0000
-312.4601 0.0000
-312.6207 0.0000
-313.5192 0.0000
-310.2830 0.0000
-312.4090 0.0000
-312.7362 0.0000
-312.5975 0.0000
-312.1553 0.0000
-311.7966 0.0000
-311.8601 0.0000
-311.1025 0.0000
-310.0347 0.0000
-310.4883 0.0000
-311.2209 0.0000
-310.7316 0.0000
-310.7088 0.0000
-310.0177 0.0000
-308.5761 0.0000
-310.7356 0.0000
-311.1862 0.0000
-310.9577 0.0000
-311.5773 0.0000
-311.1041 0.0000
-310.4180 0.0000
-311.3575 0.0000
-312.2843 0.0000
-311.3080 0.0000
-312.0448 0.0000
-311.9945 0.0000
-311.8524 0.0000
-310.6351 0.0000
-310.3715 0.0000
-310.2544 0.0000
-310.1393 0.0000
-310.6766 0.0000
-309.7543 0.0000
-309.4491 0.0000
-309.4033 0.0000
-308.8766 0.0000
-309.4402 0.0000
-309.7425 0.0000
-309.4038 0.0000
-310.5835 0.0000
-310.5915 0.0000
-309.7996 0.0000
-308.8223 0.0000
-307.6477 0.0000
-309.0658 0.0000
-309.7453 0.0000
-311.3779 0.0000
-310.8649 0.0000
-310.0730 0.0000
-311.0009 0.0000
-311.4715 0.0000
-311.4634 0.0000
-312.0872 0.0000
-311.4058 0.0000
-310.0275 0.0000
-309.9855 0.0000
-310.3936 0.0000
-309.4615 0.0000
-309.8868 0.0000
-308.4840 0.0000
-309.0458 0.0000
-309.0661 0.0000
-308.1865 0.0000
-308.1845 0.0000
-308.5414 0.0000
-307.7769 0.0000
-307.9459 0.0000
-308.3398 0.0000
-307.6092 0.0000
-307.9232 0.0000
-307.2848 0.0000
-306.7609 0.0000
-305.5776 0.0000
-306.5456 0.0000
-307.8973 0.0000
-308.3789 0.0000
-308.8305 0.0000
-308.2354 0.0000
-308.1934 0.0000
-307.8496 0.0000
-308.6212 0.0000
-308.6651 0.0000
-308.0766 0.0000
-308.9976 0.0000
-308.7957 0.0000
-309.0911 0.0000
-307.9319 0.0000
-307.3340 0.0000
-308.0740 0.0000
-309.5600 0.0000
-308.5531 0.0000
-308.8023 0.0000
-308.2424 0.0000
-307.6786 0.0000
-307.1285 0.0000
-307.5232 0.0000
-306.9382 0.0000
-304.8807 0.0000
-307.2691 0.0000
-306.2579 0.0000
-306.5921 0.0000
-307.2454 0.0000
-307.4136 0.0000
-307.1157 0.0000
-307.5509 0.0000
-307.6347 0.0000
-307.4680 0.0000
-307.1503 0.0000
-307.0205 0.0000
-307.3664 0.0000
-306.5422 0.0000
-304.9942 0.0000
-306.8572 0.0000
-306.4336 0.0000
-305.5968 0.0000
-308.2672 0.0000
-306.1150 0.0000
-306.1511 0.0000
-306.4379 0.0000
-306.4722 0.0000
-307.3875 0.0000
-305.9562 0.0000
-306.6518 0.0000
-306.0840 0.0000
-306.5442 0.0000
-308.0086 0.0000
-306.7718 0.0000
-307.5475 0.0000
-307.0711 0.0000
-307.3401 0.0000
-308.1536 0.0000
-308.5532 0.0000
-308.5234 0.0000
-309.0074 0.0000
-309.1717 0.0000
-308.7597 0.0000
-310.3387 0.0000
-309.9284 0.0000
-308.4490 0.0000
-308.8259 0.0000
-309.1789 0.0000
-308.0596 0.0000
-308.8283 0.0000
-308.4722 0.0000
-309.0047 0.0000
-309.4379 0.0000
-309.2383 0.0000
-308.7381 0.0000
-307.7908 0.0000
-306.6620 0.0000
-307.5374 0.0000
-307.9991 0.0000
-306.9885 0.0000
-307.7070 0.0000
-308.2033 0.0000
-308.2542 0.0000
-308.1033 0.0000
-308.3087 0.0000
-308.7548 0.0000
-308.6246 0.0000
-309.0815 0.0000
-308.2993 0.0000
-308.9813 0.0000
-308.3178 0.0000
-308.9245 0.0000
-308.8511 0.0000
-309.1029 0.0000
-308.6067 0.0000
-309.1456 0.0000
-309.0295 0.0000
-309.5477 0.0000
-309.5246 0.0000
-310.0329 0.0000
-309.1065 0.0000
-309.4180 0.0000
-308.3671 0.0000
-308.9945 0.0000
-310.0397 0.0000
-310.4177 0.0000
-308.5584 0.0000
-309.2276 0.0000
-309.7183 0.0000
-309.5895 0.0000
-309.7115 0.0000
-310.2188 0.0000
-309.7710 0.0000
-310.0954 0.0000
-310.4070 0.0000
-310.7291 0.0000
-310.2443 0.0000
-309.8748 0.0000
-311.2883 0.0000
-311.2368 0.0000
-313.2058 0.0000
-313.4585 0.0000
-313.0759 0.0000
-312.9515 0.0000
-313.4893 0.0000
-313.2024 0.0000
-312.9206 0.0000
-313.8662 0.0000
-314.4053 0.0000
-313.8567 0.0000
-312.7569 0.0000
-311.1265 0.0000
-313.3902 0.0000
-312.8833 0.0000
-312.5000 0.0000
-311.8661 0.0000
-311.8991 0.0000
-312.9276 0.0000
-312.5339 0.0000
-313.3934 0.0000
-311.8153 0.0000
-312.8080 0.0000
-312.9066 0.0000
-312.8388 0.0000
-313.3690 0.0000
-313.5341 0.0000
-313.1648 0.0000
-315.0089 0.0000
-314.0824 0.0000
-313.3218 0.0000
-314.1292 0.0000
-313.4453 0.0000
-312.9950 0.0000
-312.9831 0.0000
-314.2247 0.0000
-314.2095 0.0000
-315.2302 0.0000
-314.8357 0.0000
-316.3353 0.0000
-314.5417 0.0000
-315.3716 0.0000
-314.9059 0.0000
-314.9356 0.0000
-314.2049 0.0000
-313.3103 0.0000
-313.3020 0.0000
-312.5502 0.0000
-312.4062 0.0000
-311.7509 0.0000
-311.1929 0.0000
-311.9576 0.0000
-312.0339 0.0000
-311.8596 0.0000
-311.1290 0.0000
-311.9086 0.0000
-312.2288 0.0000
-312.7516 0.0000
-313.4444 0.0000
-313.2721 0.0000
-314.1707 0.0000
-314.1883 0.0000
-313.9339 0.0000
-313.0437 0.0000
-313.7477 0.0000
-313.9462 0.0000
-313.2177 0.0000
-313.7119 0.0000
-315.1174 0.0000
-314.6505 0.0000
-314.8617 0.0000
-314.2758 0.0000
-313.8236 0.0000
-313.5156 0.0000
-313.7748 0.0000
-313.0149 0.0000
-312.7029 0.0000
-312.1577 0.0000
-312.5307 0.0000
-312.8832 0.0000
-312.9300 0.0000
-313.3670 0.0000
-314.2152 0.0000
-314.8216 0.0000
-315.9790 0.0000
-314.2728 0.0000
-312.7345 0.0000
-312.9785 0.0000
-312.1850 0.0000
-310.7598 0.0000
-312.3761 0.0000
-313.3096 0.0000
-313.4037 0.0000
-313.8656 0.0000
-314.0647 0.0000
-314.3364 0.0000
-314.1859 0.0000
-314.1405 0.0000
-313.8148 0.0000
-312.2641 0.0000
-311.8455 0.0000
-311.6996 0.0000
-311.2260 0.0000
-310.6632 0.0000
-310.2313 0.0000
-310.2038 0.0000
-309.2121 0.0000
-308.1893 0.0000
-308.7360 0.0000
-307.0747 0.0000
-307.2038 0.0000
-307.2951 0.0000
-306.7401 0.0000
-305.9496 0.0000
-306.0108 0.0000
-306.2305 0.0000
-306.4462 0.0000
-306.3576 0.0000
-306.6173 0.0000
-306.9178 0.0000
-307.3828 0.0000
-307.6073 0.0000
-307.3284 0.0000
-306.8632 0.0000
-307.3184 0.0000
-306.6828 0.0000
-305.4405 0.0000
-306.1843 0.0000
-306.8619 0.0000
-307.2555 0.0000
-306.9692 0.0000
-307.2849 0.0000
-307.4627 0.0000
-306.7230 0.0000
-307.0160 0.0000
-305.8710 0.0000
-307.3038 0.0000
-307.8749 0.0000
-308.2177 0.0000
-309.2464 0.0000
-307.7288 0.0000
-308.7738 0.0000
-309.2550 0.0000
-308.2410 0.0000
-307.6237 0.0000
-307.1916 0.0000
-307.2738 0.0000
-307.8482 0.0000
-307.1211 0.0000
-307.0669 0.0000
-305.8494 0.0000
-307.4478 0.0000
-307.4135 0.0000
-308.2191 0.0000
-307.7961 0.0000
-308.0626 0.0000
-308.8099 0.0000
-307.3902 0.0000
-307.1619 0.0000
-307.7988 0.0000
-308.4606 0.0000
-308.1259 0.0000
-308.3664 0.0000
-308.9436 0.0000
-308.5945 0.0000
-307.9421 0.0000
-308.0214 0.0000
-308.1883 0.0000
-307.6791 0.0000
-306.3549 0.0000
-308.7308 0.0000
-308.1856 0.0000
-307.4117 0.0000
-307.6392 0.0000
-307.1932 0.0000
-308.2001 0.0000
-308.1039 0.0000
-306.4126 0.0000
-306.9261 0.0000
-308.1866 0.0000
-307.5533 0.0000
-309.2652 0.0000
-309.0647 0.0000
-308.6542 0.0000
-308.1050 0.0000
-307.8607 0.0000
-308.4320 0.0000
-308.0373 0.0000
-307.7797 0.0000
-308.0818 0.0000
-307.8573 0.0000
-308.8298 0.0000
-307.3535 0.0000
-307.2105 0.0000
-307.4502 0.0000
-307.6123 0.0000
-307.4077 0.0000
-307.0871 0.0000
-306.9735 0.0000
-307.1002 0.0000
-308.4586 0.0000
-308.0156 0.0000
-307.3431 0.0000
-308.1240 0.0000
-307.1077 0.0000
-308.9997 0.0000
-309.3174 0.0000
-309.2100 0.0000
-309.6609 0.0000
-309.5870 0.0000
-308.5897 0.0000
-307.3557 0.0000
-307.6008 0.0000
-307.1198 0.0000
-307.0585 0.0000
-306.9062 0.0000
-307.9233 0.0000
-307.6541 0.0000
-306.9385 0.0000
-306.6385 0.0000
-306.5806 0.0000
-305.6605 0.0000
-307.5477 0.0000
-307.3322 0.0000
-306.9256 0.0000
-307.4495 0.0000
-307.6728 0.0000
-307.4614 0.0000
-308.0121 0.0000
-307.6020 0.0000
-309.5885 0.0000
-310.5786 0.0000
-309.8237 0.0000
-309.8233 0.0000
-309.0891 0.0000
-308.4547 0.0000
-309.0885 0.0000
-309.2579 0.0000
-309.0220 0.0000
-309.5200 0.0000
-310.8976 0.0000
-311.9183 0.0000
-312.3236 0.0000
-311.2730 0.0000
-312.3772 0.0000
-312.2867 0.0000
-313.8628 0.0000
-313.9592 0.0000
-313.4704 0.0000
-314.5634 0.0000
-314.0620 0.0000
-315.0134 0.0000
-314.4953 0.0000
-313.6740 0.0000
-314.2922 0.0000
-314.5894 0.0000
-314.4257 0.0000
-313.3535 0.0000
-314.4119 0.0000
-315.7010 0.0000
-316.4910 0.0000
-315.9837 0.0000
-316.4805 0.0000
-317.3713 0.0000
-317.3544 0.0000
-317.4363 0.0000
-317.3449 0.0000
-316.5934 0.0000
-318.4996 0.0000
-317.2250 0.0000
-316.4753 0.0000
-315.0419 0.0000
-315.6316 0.0000
-315.5915 0.0000
-315.9128 0.0000
-314.8778 0.0000
-315.2138 0.0000
-315.6882 0.0000
-315.8192 0.0000
-316.4391 0.0000
-317.2385 0.0000
-316.9308 0.0000
-315.6047 0.0000
-315.3135 0.0000
-315.0910 0.0000
-315.5668 0.0000
-315.1109 0.0000
-315.2028 0.0000
-314.6895 0.0000
-314.9394 0.0000
-314.0790 0.0000
-314.0541 0.0000
-313.8767 0.0000
-314.5293 0.0000
-315.0243 0.0000
-315.0298 0.0000
-314.5893 0.0000
-314.6394 0.0000
-314.1092 0.0000
-315.2630 0.0000
-315.5924 0.0000
-314.8627 0.0000
-315.4278 0.0000
-314.7328 0.0000
-314.9328 0.0000
-313.8855 0.0000
-313.3396 0.0000
-313.4532 0.0000
-314.4533 0.0000
-313.6040 0.0000
-312.7672 0.0000
-311.7927 0.0000
-310.7703 0.0000
-310.6472 0.0000
-311.3596 0.0000
-311.3699 0.0000
-311.4455 0.0000
-311.3658 0.0000
-310.9951 0.0000
-311.6483 0.0000
-311.6818 0.0000
-312.0170 0.0000
-312.0738 0.0000
-311.6843 0.0000
-311.8589 0.0000
-311.7165 0.0000
-312.0493 0.0000
-312.0026 0.0000
-311.8876 0.0000
-311.4865 0.0000
-311.5205 0.0000
-311.0838 0.0000
-311.3086 0.0000
-310.8827 0.0000
-310.2988 0.0000
-310.1932 0.0000
-310.0485 0.0000
-310.4995 0.0000
-310.7855 0.0000
-310.8845 0.0000
-310.7764 0.0000
-311.6327 0.0000
-312.4741 0.0000
-312.7444 0.0000
-311.3627 0.0000
-312.1209 0.0000
-311.0009 0.0000
-310.6466 0.0000
-310.2944 0.0000
-311.5358 0.0000
-310.7929 0.0000
-310.4763 0.0000
-309.5298 0.0000
-309.2093 0.0000
-309.5079 0.0000
-309.5565 0.0000
-309.7014 0.0000
-309.7878 0.0000
-309.4084 0.0000
-308.8116 0.0000
-309.4512 0.0000
-309.1903 0.0000
-310.0607 0.0000
-310.2231 0.0000
-310.5358 0.0000
-309.2126 0.0000
-308.8653 0.0000
-309.6045 0.0000
-310.0065 0.0000
-309.4592 0.0000
-310.7461 0.0000
-309.9119 0.0000
-309.4852 0.0000
-309.5488 0.0000
-308.9143 0.0000
-310.1119 0.0000
-307.9839 0.0000
-308.5538 0.0000
-308.1949 0.0000
-308.4956 0.0000
-308.1440 0.0000
-307.8341 0.0000
-307.7019 0.0000
-307.2298 0.0000
-307.8351 0.0000
-307.5455 0.0000
-307.6930 0.0000
-307.5451 0.0000
-306.7805 0.0000
-306.8710 0.0000
-306.9825 0.0000
-307.2351 0.0000
-308.5131 0.0000
-308.4350 0.0000
-308.7328 0.0000
-308.9960 0.0000
-308.9980 0.0000
-308.4083 0.0000
-309.4526 0.0000
-309.5182 0.0000
-308.7955 0.0000
-308.8737 0.0000
-309.9755 0.0000
-309.6420 0.0000
-309.3422 0.0000
-309.7351 0.0000
-309.2217 0.0000
-308.9136 0.0000
-308.5630 0.0000
-308.5578 0.0000
-308.2980 0.0000
-308.7331 0.0000
-309.0930 0.0000
-309.3468 0.0000
-309.5821 0.0000
-310.6761 0.0000
-310.1179 0.0000
-311.0057 0.0000
-310.6986 0.0000
-310.5578 0.0000
-311.6441 0.0000
-312.1763 0.0000
-313.3297 0.0000
-312.7115 0.0000
-311.7553 0.0000
-311.1447 0.0000
-311.2078 0.0000
-312.7878 0.0000
-312.9925 0.0000
-312.3012 0.0000
-312.5354 0.0000
-312.3649 0.0000
-311.3166 0.0000
-310.9758 0.0000
-310.5692 0.0000
-310.4894 0.0000
-310.8638 0.0000
-310.7059 0.0000
-311.2980 0.0000
-311.4303 0.0000
-311.8875 0.0000
-313.0438 0.0000
-313.7207 0.0000
-311.7856 0.0000
-312.3369 0.0000
-311.7353 0.0000
-311.8875 0.0000
-312.5049 0.0000
-313.0747 0.0000
-311.3027 0.0000
-311.3660 0.0000
-311.7196 0.0000
-311.8708 0.0000
-311.9810 0.0000
-311.9610 0.0000
-312.5106 0.0000
-312.1472 0.0000
-311.8861 0.0000
-312.8687 0.0000
-312.2531 0.0000
-312.7342 0.0000
-311.4037 0.0000
-311.2396 0.0000
-310.6840 0.0000
-311.2765 0.0000
-311.4399 0.0000
-311.2238 0.0000
-310.1047 0.0000
-310.1531 0.0000
-311.4181 0.0000
-311.7393 0.0000
-311.5539 0.0000
-310.3687 0.0000
-311.7519 0.0000
-312.0472 0.0000
-310.9432 0.0000
-310.4191 0.0000
-310.0188 0.0000
-308.9836 0.0000
-309.0084 0.0000
-309.4509 0.0000
-309.6269 0.0000
-309.8514 0.0000
-310.9983 0.0000
-310.4261 0.0000
-311.1004 0.0000
-309.5801 0.0000
-309.8510 0.0000
-311.2309 0.0000
-308.8361 0.0000
-306.6161 0.0000
-306.3364 0.0000
-308.0173 0.0000
-307.3673 0.0000
-307.1956 0.0000
-308.3258 0.0000
-306.8738 0.0000
-307.5478 0.0000
-307.0983 0.0000
-306.0534 0.0000
-306.5773 0.0000
-306.5421 0.0000
-307.1999 0.0000
-307.5249 0.0000
-306.0623 0.0000
-305.9539 0.0000
-308.0750 0.0000
-308.3394 0.0000
-310.7704 0.0000
-310.8828 0.0000
-310.8752 0.0000
-310.5497 0.0000
-310.3804 0.0000
-310.6993 0.0000
-311.8718 0.0000
-312.3776 0.0000
-312.4480 0.0000
-312.7885 0.0000
-313.3022 0.0000
-313.5056 0.0000
-313.7631 0.0000
-313.5110 0.0000
-314.1430 0.0000
-314.6094 0.0000
-316.4543 0.0000
-315.8160 0.0000
-315.8641 0.0000
-314.4558 0.0000
-315.2708 0.0000
-316.6888 0.0000
-316.3347 0.0000
-317.0154 0.0000
-318.8120 0.0000
-318.1868 0.0000
-317.8392 0.0000
-317.9497 0.0000
-317.4335 0.0000
-317.3318 0.0000
-318.5995 0.0000
-317.8990 0.0000
-317.0579 0.0000
-317.7260 0.0000
-317.4145 0.0000
-316.9847 0.0000
-316.7854 0.0000
-315.9511 0.0000
-315.9402 0.0000
-315.2084 0.0000
-314.6237 0.0000
-313.1767 0.0000
-313.3850 0.0000
-314.3207 0.0000
-314.5221 0.0000
-315.1959 0.0000
-314.2447 0.0000
-313.7015 0.0000
-312.5122 0.0000
-311.7791 0.0000
-311.9939 0.0000
-311.7175 0.0000
-313.2332 0.0000
-314.4219 0.0000
-314.0647 0.0000
-314.2881 0.0000
-313.2542 0.0000
-312.3851 0.0000
-312.6753 0.0000
-312.2907 0.0000
-311.6652 0.0000
-312.4400 0.0000
-312.8177 0.0000
-312.4796 0.0000
-312.5256 0.0000
-312.5806 0.0000
-311.3161 0.0000
-310.4388 0.0000
-311.0478 0.0000
-312.1469 0.0000
-311.3930 0.0000
-311.8920 0.0000
-313.4833 0.0000
-315.5407 0.0000
-313.8369 0.0000
-314.7746 0.0000
-314.4959 0.0000
-314.5804 0.0000
-313.4907 0.0000
-312.5383 0.0000
-314.2785 0.0000
-313.7858 0.0000
-313.2513 0.0000
-313.9551 0.0000
-315.1447 0.0000
-315.5778 0.0000
-315.4444 0.0000
-315.9041 0.0000
-315.7047 0.0000
-315.2596 0.0000
-316.2458 0.0000
-316.4427 0.0000
-316.7098 0.0000
-316.8809 0.0000
-316.4723 0.0000
-316.2637 0.0000
-316.0554 0.0000
-315.6643 0.0000
-314.9518 0.0000
-314.7993 0.0000
-314.4003 0.0000
-315.3998 0.0000
-316.9578 0.0000
-316.8693 0.0000
-317.3743 0.0000
-318.9777 0.0000
-319.1710 0.0000
-319.5585 0.0000
-319.1309 0.0000
-318.9224 0.0000
-318.3744 0.0000
-318.8202 0.0000
-318.3441 0.0000
-318.0954 0.0000
-318.9947 0.0000
-317.2094 0.0000
-317.7590 0.0000
-315.9455 0.0000
-316.5831 0.0000
-315.3737 0.0000
-315.4811 0.0000
-317.1447 0.0000
-318.3796 0.0000
-317.8567 0.0000
-318.0939 0.0000
-319.1348 0.0000
-320.4212 0.0000
-320.2655 0.0000
-319.6264 0.0000
-319.6700 0.0000
-319.6915 0.0000
-319.6212 0.0000
-317.9103 0.0000
-316.7603 0.0000
-316.6841 0.0000
-315.2176 0.0000
-314.5549 0.0000
-313.4808 0.0000
-314.4082 0.0000
-314.7748 0.0000
-313.5736 0.0000
-311.6118 0.0000
-312.7694 0.0000
-313.8697 0.0000
-313.1684 0.0000
-315.2719 0.0000
-313.3578 0.0000
-312.6941 0.0000
-313.6086 0.0000
-313.3444 0.0000
-314.4623 0.0000
-314.9649 0.0000
-315.1848 0.0000
-314.4445 0.0000
-314.5828 0.0000
-315.3976 0.0000
-314.6824 0.0000
-314.8258 0.0000
-314.4246 0.0000
-314.8339 0.0000
-313.3099 0.0000
-314.2055 0.0000
-314.6949 0.0000
-315.1691 0.0000
-315.1126 0.0000
-313.7714 0.0000
-314.9415 0.0000
-315.0433 0.0000
-315.3344 0.0000
-315.0071 0.0000
-315.7609 0.0000
-317.6187 0.0000
-318.2454 0.0000
-317.6105 0.0000
-318.2330 0.0000
-318.5930 0.0000
-318.4670 0.0000
-317.9438 0.0000
-318.1368 0.0000
-317.5089 0.0000
-317.4858 0.0000
-317.1742 0.0000
-317.2042 0.0000
-317.0330 0.0000
-318.6287 0.0000
-316.6151 0.0000
-316.7211 0.0000
-317.5091 0.0000
-315.4475 0.0000
-315.6192 0.0000
-316.2193 0.0000
-316.9014 0.0000
-317.8792 0.0000
-317.5578 0.0000
-316.5930 0.0000
-317.2075 0.0000
-316.3467 0.0000
-315.9838 0.0000
-314.4033 0.0000
-315.3239 0.0000
-315.7625 0.0000
-316.4237 0.0000
-316.8616 0.0000
-317.9441 0.0000
-316.2587 0.0000
-316.6827 0.0000
-316.3968 0.0000
-315.7421 0.0000
-316.3615 0.0000
-315.4567 0.0000
-314.8551 0.0000
-315.5256 0.0000
-315.5705 0.0000
-316.5671 0.0000
-316.3881 0.0000
-316.5187 0.0000
-316.5918 0.0000
-315.4834 0.0000
-316.5157 0.0000
-316.0841 0.0000
-317.2378 0.0000
-316.5702 0.0000
-316.0315 0.0000
-317.0620 0.0000
-315.2109 0.0000
-314.4130 0.0000
-314.0028 0.0000
-313.7764 0.0000
-314.6999 0.0000
-314.1777 0.0000
-313.3650 0.0000
-312.2685 0.0000
-312.4795 0.0000
-312.7643 0.0000
-312.5939 0.0000
-312.9230 0.0000
-312.0875 0.0000
-312.1652 0.0000
-312.5554 0.0000
-312.3023 0.0000
-312.1408 0.0000
-310.9055 0.0000
-310.6820 0.0000
-309.6131 0.0000
-309.6382 0.0000
-308.7270 0.0000
-309.2534 0.0000
-311.3524 0.0000
-311.5983 0.0000
-311.1192 0.0000
-310.7566 0.0000
-311.4989 0.0000
-310.2532 0.0000
-311.4618 0.0000
-312.9536 0.0000
-313.5476 0.0000
-312.5725 0.0000
-311.7432 0.0000
-311.2737 0.0000
-311.5745 0.0000
-310.7361 0.0000
-311.2785 0.0000
-309.4553 0.0000
-309.8534 0.0000
-310.5226 0.0000
-311.6638 0.0000
-311.0901 0.0000
-310.8757 0.0000
-312.0564 0.0000
-312.1620 0.0000
-311.6745 0.0000
-311.5797 0.0000
-310.7406 0.0000
-310.7231 0.0000
-309.7031 0.0000
-309.2865 0.0000
-308.7067 0.0000
-309.0602 0.0000
-310.2354 0.0000
-309.7271 0.0000
-309.8219 0.0000
-310.0476 0.0000
-309.9708 0.0000
-309.9697 0.0000
-310.0328 0.0000
-308.7990 0.0000
-309.3080 0.0000
-310.1217 0.0000
-310.8979 0.0000
-311.3161 0.0000
-310.2631 0.0000
-312.3662 0.0000
-312.2847 0.0000
-313.0042 0.0000
-311.9685 0.0000
-312.6719 0.0000
-311.0917 0.0000
-311.4401 0.0000
-311.2284 0.0000
-310.0763 0.0000
-311.7289 0.0000
-312.4769 0.0000
-311.3645 0.0000
-310.5248 0.0000
-310.6005 0.0000
-311.2634 0.0000
-311.0967 0.0000
-311.5051 0.0000
-311.9534 0.0000
-310.3137 0.0000
-312.0885 0.0000
-311.5526 0.0000
-311.7332 0.0000
-311.7363 0.0000
-312.1226 0.0000
-309.5063 0.0000
-309.7306 0.0000
-309.2715 0.0000
-309.1942 0.0000
-308.5423 0.0000
-309.1331 0.0000
-308.8178 0.0000
-310.0378 0.0000
-308.8951 0.0000
-308.2941 0.0000
-307.3668 0.0000
-306.3330 0.0000
-307.0106 0.0000
-307.2495 0.0000
-308.4256 0.0000
-308.6253 0.0000
-308.9086 0.0000
-308.6249 0.0000
-309.5881 0.0000
-309.1042 0.0000
-308.9083 0.0000
-309.1663 0.0000
-307.8865 0.0000
-309.1891 0.0000
-307.9209 0.0000
-307.4251 0.0000
-309.3740 0.0000
-308.5324 0.0000
-309.2769 0.0000
-308.9125 0.0000
-309.4230 0.0000
-309.4513 0.0000
-309.7578 0.0000
-308.8369 0.0000
-308.9016 0.0000
-308.3743 0.0000
-309.6453 0.0000
-310.0615 0.0000
-308.6288 0.0000
-308.8970 0.0000
-308.4968 0.0000
-307.8226 0.0000
-307.4392 0.0000
-309.4568 0.0000
-309.6982 0.0000
-309.6110 0.0000
-309.3468 0.0000
-308.7337 0.0000
-308.6515 0.0000
-308.6667 0.0000
-309.3123 0.0000
-308.8047 0.0000
-309.9064 0.0000
-310.0206 0.0000
-309.7473 0.0000
-308.6730 0.0000
-308.4236 0.0000
-310.0889 0.0000
-311.0529 0.0000
-311.5695 0.0000
-310.4533 0.0000
-311.0658 0.0000
-311.7842 0.0000
-310.7940 0.0000
-310.3281 0.0000
-310.5491 0.0000
-310.8486 0.0000
-311.6672 0.0000
-311.9012 0.0000
-310.7078 0.0000
-311.6788 0.0000
-311.8708 0.0000
-311.1732 0.0000
-313.2578 0.0000
-311.8075 0.0000
-310.3388 0.0000
-311.0731 0.0000
-311.6299 0.0000
-311.6489 0.0000
-309.5842 0.0000
-309.4928 0.0000
-310.6282 0.0000
-312.5421 0.0000
-312.6100 0.0000
-312.2432 0.0000
-312.5247 0.0000
-313.3216 0.0000
-312.6263 0.0000
-313.6761 0.0000
-312.1721 0.0000
-312.1602 0.0000
-312.9641 0.0000
-312.2577 0.0000
-311.6678 0.0000
-314.0296 0.0000
-314.5332 0.0000
-313.9089 0.0000
-313.6378 0.0000
-313.0868 0.0000
-312.6692 0.0000
-313.3780 0.0000
-315.6580 0.0000
-313.3739 0.0000
-314.4457 0.0000
-313.2813 0.0000
-313.8889 0.0000
-312.6871 0.0000
-312.2695 0.0000
-312.9442 0.0000
-313.0039 0.0000
-312.5620 0.0000
-312.4535 0.0000
-312.0559 0.0000
-311.3231 0.0000
-312.5517 0.0000
-311.8199 0.0000
-313.5477 0.0000
-311.3084 0.0000
-311.1159 0.0000
-310.4959 0.0000
-309.5497 0.0000
-309.9645 0.0000
-310.2144 0.0000
-309.8870 0.0000
-309.9214 0.0000
-310.7834 0.0000
-309.2926 0.0000
-309.4400 0.0000
-309.4751 0.0000
-308.4499 0.0000
-309.0490 0.0000
-310.7694 0.0000
-310.2905 0.0000
-310.9666 0.0000
-310.4330 0.0000
-309.8716 0.0000
-311.0217 0.0000
-311.4749 0.0000
-312.3470 0.0000
-312.0270 0.0000
-311.4568 0.0000
-311.8457 0.0000
-312.2110 0.0000
-311.4544 0.0000
-311.8448 0.0000
-312.1248 0.0000
-310.9301 0.0000
-311.7607 0.0000
-310.6887 0.0000
-310.6660 0.0000
-310.5803 0.0000
-311.2783 0.0000
-309.6159 0.0000
-309.3218 0.0000
-310.3374 0.0000
-310.3408 0.0000
-309.8491 0.0000
-309.9416 0.0000
-310.2205 0.0000
-310.4020 0.0000
-310.5468 0.0000
-311.4513 0.0000
-311.6055 0.0000
-311.7850 0.0000
-311.9621 0.0000
-311.5665 0.0000
-311.4102 0.0000
-311.9311 0.0000
-311.0558 0.0000
-311.1676 0.0000
-310.2038 0.0000
-310.9971 0.0000
-310.5286 0.0000
-310.3475 0.0000
-311.8129 0.0000
-311.4067 0.0000
-311.8096 0.0000
-312.3191 0.0000
-313.0907 0.0000
-313.1940 0.0000
-312.2308 0.0000
-312.7095 0.0000
-312.0329 0.0000
-313.3364 0.0000
-313.3253 0.0000
-313.3740 0.0000
-313.3990 0.0000
-314.4202 0.0000
-314.2060 0.0000
-313.2362 0.0000
-313.3277 0.0000
-313.1097 0.0000
-313.0536 0.0000
-313.4299 0.0000
-314.4054 0.0000
-312.9924 0.0000
-312.9589 0.0000
-313.0834 0.0000
-313.6806 0.0000
-313.6363 0.0000
-313.3905 0.0000
-312.5447 0.0000
-311.8372 0.0000
-311.7031 0.0000
-311.6114 0.0000
-312.6094 0.0000
-312.5192 0.0000
-312.6945 0.0000
-311.7478 0.0000
-312.0203 0.0000
-310.4932 0.0000
-310.8988 0.0000
-311.1224 0.0000
-309.7611 0.0000
-309.6565 0.0000
-309.0325 0.0000
-308.6518 0.0000
-309.4705 0.0000
-309.2854 0.0000
-310.0566 0.0000
-309.4850 0.0000
-310.5351 0.0000
-309.3046 0.0000
-309.9006 0.0000
-309.6722 0.0000
-308.7403 0.0000
-310.1242 0.0000
-310.5550 0.0000
-309.2314 0.0000
-309.6294 0.0000
-310.1655 0.0000
-308.6214 0.0000
-308.0462 0.0000
-308.5859 0.0000
-307.6868 0.0000
-306.6088 0.0000
-305.9717 0.0000
-307.2905 0.0000
-305.9179 0.0000
-306.8553 0.0000
-306.1534 0.0000
-305.1088 0.0000
-305.1923 0.0000
-304.9003 0.0000
-304.6013 0.0000
-304.0890 0.0000
-304.6196 0.0000
-304.3199 0.0000
-303.5105 0.0000
-303.1201 0.0000
-303.4541 0.0000
-303.5264 0.0000
-302.9244 0.0000
-303.0004 0.0000
-302.6951 0.0000
-302.4181 0.0000
-301.3116 0.0000
-301.3067 0.0000
-302.6232 0.0000
-300.7792 0.0000
-301.0195 0.0000
-301.1313 0.0000
-301.8408 0.0000
-301.5741 0.0000
-302.2908 0.0000
-303.3694 0.0000
-303.1517 0.0000
-302.0956 0.0000
-302.4527 0.0000
-303.4667 0.0000
-301.7974 0.0000
-302.7258 0.0000
-302.0115 0.0000
-302.1656 0.0000
-301.9176 0.0000
-302.1263 0.0000
-303.3167 0.0000
-303.2511 0.0000
-302.6568 0.0000
-301.5915 0.0000
-301.6713 0.0000
-300.4945 0.0000
-299.6751 0.0000
-300.9944 0.0000
-300.0583 0.0000
-300.8964 0.0000
-300.6369 0.0000
-300.8117 0.0000
-300.6823 0.0000
-302.0110 0.0000
-302.3027 0.0000
-303.1035 0.0000
-302.1595 0.0000
-302.2669 0.0000
-302.3361 0.0000
-303.3420 0.0000
-303.0542 0.0000
-303.5052 0.0000
-304.0045 0.0000
-303.6194 0.0000
-303.3180 0.0000
-303.8209 0.0000
-303.2318 0.0000
-305.2215 0.0000
-304.6019 0.0000
-304.5523 0.0000
-304.3903 0.0000
-305.3215 0.0000
-305.2668 0.0000
-306.1616 0.0000
-305.9365 0.0000
-304.9657 0.0000
-305.2566 0.0000
-307.0404 0.0000
-306.7099 0.0000
-306.1419 0.0000
-306.9690 0.0000
-308.3547 0.0000
-308.9448 0.0000
-307.8475 0.0000
-307.2056 0.0000
-308.0154 0.0000
-308.4911 0.0000
-310.3285 0.0000
-310.3856 0.0000
-310.2084 0.0000
-309.2643 0.0000
-310.2271 0.0000
-308.8033 0.0000
-311.4267 0.0000
-310.6299 0.0000
-308.9500 0.0000
-308.3276 0.0000
-309.0755 0.0000
-308.8005 0.0000
-308.8968 0.0000
-307.9458 0.0000
-307.4118 0.0000
-307.9058 0.0000
-309.3725 0.0000
-309.1688 0.0000
-310.7508 0.0000
-311.4353 0.0000
-311.5691 0.0000
-311.7503 0.0000
-312.3112 0.0000
-311.5738 0.0000
-311.5942 0.0000
-311.5070 0.0000
-311.2165 0.0000
-310.6256 0.0000
-310.5901 0.0000
-311.5129 0.0000
-311.6593 0.0000
-311.5159 0.0000
-312.5102 0.0000
-313.0649 0.0000
-310.7988 0.0000
-312.7400 0.0000
-310.9406 0.0000
-311.8769 0.0000
-311.4852 0.0000
-312.0072 0.0000
-310.8709 0.0000
-311.2481 0.0000
-310.3518 0.0000
-310.2206 0.0000
-310.3598 0.0000
-310.2493 0.0000
-310.8264 0.0000
-310.5269 0.0000
-309.6588 0.0000
-310.0732 0.0000
-309.9472 0.0000
-310.1000 0.0000
-310.8528 0.0000
-309.7438 0.0000
-311.4481 0.0000
-311.5640 0.0000
-311.7516 0.0000
-311.0906 0.0000
-310.0260 0.0000
-309.4375 0.0000
-309.4967 0.0000
-309.2875 0.0000
-310.7069 0.0000
-312.2078 0.0000
-313.2911 0.0000
-313.0063 0.0000
-311.9049 0.0000
-312.0627 0.0000
-311.8931 0.0000
-311.6986 0.0000
-312.7717 0.0000
-311.7972 0.0000
-311.3053 0.0000
-311.5927 0.0000
-312.6394 0.0000
-312.1347 0.0000
-311.1796 0.0000
-310.8029 0.0000
-312.7482 0.0000
-312.2492 0.0000
-313.2283 0.0000
-312.7238 0.0000
-313.1289 0.0000
-312.7102 0.0000
-311.7073 0.0000
-313.9156 0.0000
-312.1475 0.0000
-312.5018 0.0000
-311.9012 0.0000
-311.2314 0.0000
-310.3660 0.0000
-310.8135 0.0000
-310.2887 0.0000
-310.3030 0.0000
-310.8995 0.0000
-309.8155 0.0000
-311.5305 0.0000
-311.4115 0.0000
-312.2150 0.0000
-312.8973 0.0000
-313.6158 0.0000
-312.9483 0.0000
-315.1303 0.0000
-314.2546 0.0000
-314.4896 0.0000
-313.7665 0.0000
-314.4481 0.0000
-315.2324 0.0000
-314.5818 0.0000
-316.8750 0.0000
-314.5538 0.0000
-316.6509 0.0000
-316.5558 0.0000
-317.8748 0.0000
-317.6130 0.0000
-317.6857 0.0000
-317.5394 0.0000
-317.3901 0.0000
-318.1748 0.0000
-317.9262 0.0000
-316.6233 0.0000
-318.0075 0.0000
-317.7973 0.0000
-318.1934 0.0000
-319.1522 0.0000
-319.1188 0.0000
-319.6534 0.0000
-319.2049 0.0000
-319.3813 0.0000
-319.3231 0.0000
-319.8178 0.0000
-320.6638 0.0000
-321.6460 0.0000
-321.3712 0.0000
-320.7841 0.0000
-320.8445 0.0000
-321.1011 0.0000
-322.0608 0.0000
-319.5353 0.0000
-321.5427 0.0000
-320.2758 0.0000
-318.8989 0.0000
-319.0699 0.0000
-320.8275 0.0000
-322.4141 0.0000
-322.4394 0.0000
-321.9202 0.0000
-322.5401 0.0000
-322.1876 0.0000
-322.6278 0.0000
-322.9222 0.0000
-323.0941 0.0000
-321.7575 0.0000
-322.6137 0.0000
-322.8501 0.0000
-322.6069 0.0000
-321.5710 0.0000
-322.8103 0.0000
-322.6496 0.0000
-322.0524 0.0000
-322.4959 0.0000
-323.0998 0.0000
-323.8931 0.0000
-323.8577 0.0000
-323.9559 0.0000
-324.2851 0.0000
-324.7834 0.0000
-325.0894 0.0000
-325.2517 0.0000
-325.9875 0.0000
-326.3593 0.0000
-327.1416 0.0000
-327.4000 0.0000
-326.8269 0.0000
-326.6039 0.0000
-326.2805 0.0000
-326.5075 0.0000
-327.1111 0.0000
-327.6621 0.0000
-327.8228 0.0000
-327.6271 0.0000
-328.1357 0.0000
-327.6362 0.0000
-327.5889 0.0000
-327.8348 0.0000
-328.6448 0.0000
-327.4050 0.0000
-327.5926 0.0000
-327.6593 0.0000
-327.6961 0.0000
-327.2337 0.0000
-328.1553 0.0000
-327.0972 0.0000
-326.6552 0.0000
-326.2003 0.0000
-327.0788 0.0000
-325.4900 0.0000
-325.5313 0.0000
-325.3553 0.0000
-325.2514 0.0000
-324.7961 0.0000
-325.2825 0.0000
-324.5465 0.0000
-325.4679 0.0000
-325.9709 0.0000
-324.8154 0.0000
-325.4308 0.0000
-326.1865 0.0000
-326.4337 0.0000
-324.9622 0.0000
-325.2238 0.0000
-325.1788 0.0000
-324.7402 0.0000
-324.8221 0.0000
-324.6556 0.0000
-323.2673 0.0000
-323.9478 0.0000
-324.4648 0.0000
-325.6249 0.0000
-323.5320 0.0000
-325.9465 0.0000
-324.3038 0.0000
-325.5242 0.0000
-325.4881 0.0000
-326.1065 0.0000
-326.4671 0.0000
-326.3845 0.0000
-326.7027 0.0000
-327.0939 0.0000
-327.1408 0.0000
-326.7664 0.0000
-326.8337 0.0000
-326.5094 0.0000
-326.2964 0.0000
-325.0562 0.0000
-327.0360 0.0000
-326.7091 0.0000
-326.5415 0.0000
-325.8100 0.0000
-326.1562 0.0000
-326.3871 0.0000
-326.1395 0.0000
-325.7790 0.0000
-326.0311 0.0000
-325.0697 0.0000
-324.7434 0.0000
-325.3973 0.0000
-326.1628 0.0000
-326.6907 0.0000
-326.4597 0.0000
-326.5563 0.0000
-326.8353 0.0000
-326.8350 0.0000
-327.9028 0.0000
-327.6989 0.0000
-327.7058 0.0000
-328.1668 0.0000
-326.6205 0.0000
-326.4992 0.0000
-326.1876 0.0000
-326.8099 0.0000
-325.0801 0.0000
-325.1297 0.0000
-324.3988 0.0000
-324.5314 0.0000
-325.3959 0.0000
-323.8323 0.0000
-323.7220 0.0000
-322.9103 0.0000
-322.3885 0.0000
-321.6981 0.0000
-322.6996 0.0000
-322.7922 0.0000
-321.3971 0.0000
-322.7844 0.0000
-323.6010 0.0000
-324.0085 0.0000
-324.0892 0.0000
-324.0851 0.0000
-323.3147 0.0000
-321.8694 0.0000
-322.3478 0.0000
-323.1547 0.0000
-322.4111 0.0000
-323.5235 0.0000
-323.5615 0.0000
-324.7153 0.0000
-323.7816 0.0000
-323.1063 0.0000
-323.4904 0.0000
-322.6750 0.0000
-322.5344 0.0000
-323.2544 0.0000
-322.6300 0.0000
-323.7973 0.0000
-323.3725 0.0000
-323.6363 0.0000
-323.3722 0.0000
-324.7261 0.0000
-323.6136 0.0000
-323.8460 0.0000
-322.4521 0.0000
-323.0041 0.0000
-323.7640 0.0000
-323.4418 0.0000
-322.8287 0.0000
-321.2487 0.0000
-323.8963 0.0000
-323.0944 0.0000
-322.9425 0.0000
-322.7569 0.0000
-322.4622 0.0000
-322.5551 0.0000
-321.4400 0.0000
-321.5799 0.0000
-320.5831 0.0000
-320.5851 0.0000
-320.7824 0.0000
-321.1780 0.0000
-321.1726 0.0000
-320.2926 0.0000
-319.7368 0.0000
-320.9246 0.0000
-320.7546 0.0000
-319.8887 0.0000
-321.4766 0.0000
-319.2828 0.0000
-318.5812 0.0000
-320.6156 0.0000
-319.3484 0.0000
-318.8324 0.0000
-318.9656 0.0000
-320.0994 0.0000
-317.6517 0.0000
-318.4421 0.0000
-319.3478 0.0000
-319.6574 0.0000
-320.0982 0.0000
-319.9811 0.0000
-319.1876 0.0000
-319.1070 0.0000
-319.1461 0.0000
-321.0977 0.0000
-321.0021 0.0000
-322.0044 0.0000
-321.2544 0.0000
-320.4677 0.0000
-320.5590 0.0000
-320.6860 0.0000
-319.8336 0.0000
-318.8875 0.0000
-319.8678 0.0000
-319.8009 0.0000
-318.8502 0.0000
-318.4368 0.0000
-317.8921 0.0000
-316.3149 0.0000
-318.9154 0.0000
-318.2293 0.0000
-316.2939 0.0000
-317.8398 0.0000
-317.9050 0.0000
-318.1225 0.0000
-318.3380 0.0000
-319.9650 0.0000
-318.1099 0.0000
-317.4361 0.0000
-319.6285 0.0000
-315.5725 0.0000
-317.3689 0.0000
-316.3590 0.0000
-318.5399 0.0000
-320.2863 0.0000
-319.8557 0.0000
-319.1614 0.0000
-318.9198 0.0000
-320.2378 0.0000
-319.6433 0.0000
-319.8380 0.0000
-319.9126 0.0000
-319.7919 0.0000
-320.4902 0.0000
-321.4071 0.0000
-321.8284 0.0000
-320.7843 0.0000
-320.8094 0.0000
-320.5289 0.0000
-321.2560 0.0000
-320.0941 0.0000
-321.0583 0.0000
-321.7234 0.0000
-320.2127 0.0000
-321.9056 0.0000
-321.9083 0.0000
-321.2987 0.0000
-322.0636 0.0000
-322.7482 0.0000
-322.9789 0.0000
-323.4126 0.0000
-323.9324 0.0000
-323.3544 0.0000
-322.8447 0.0000
-323.4889 0.0000
-324.9514 0.0000
-324.3939 0.0000
-324.7221 0.0000
-325.2490 0.0000
-325.4019 0.0000
-326.1294 0.0000
-324.8232 0.0000
-325.0032 0.0000
-324.9753 0.0000
-324.7622 0.0000
-324.5868 0.0000
-325.4169 0.0000
-325.1450 0.0000
-324.8498 0.0000
-324.9721 0.0000
-325.5181 0.0000
-325.3705 0.0000
-325.8349 0.0000
-325.6944 0.0000
-324.9452 0.0000
-324.4267 0.0000
-323.4563 0.0000
-323.0353 0.0000
-323.7987 0.0000
-323.3755 0.0000
-323.2274 0.0000
-324.1081 0.0000
-323.0651 0.0000
-322.8996 0.0000
-323.1519 0.0000
-324.1295 0.0000
-324.6546 0.0000
-324.7304 0.0000
-324.2599 0.0000
-325.0387 0.0000
-324.8981 0.0000
-325.4335 0.0000
-325.4858 0.0000
-324.8374 0.0000
-325.3121 0.0000
-324.8272 0.0000
-325.4023 0.0000
-324.5004 0.0000
-324.4106 0.0000
-324.3743 0.0000
-325.4238 0.0000
-325.2586 0.0000
-323.3924 0.0000
-324.1814 0.0000
-323.3125 0.0000
-324.1377 0.0000
-323.1459 0.0000
-322.9680 0.0000
-323.3295 0.0000
-323.2833 0.0000
-324.3894 0.0000
-323.5754 0.0000
-323.9196 0.0000
-323.5811 0.0000
-322.7525 0.0000
-323.8368 0.0000
-323.1860 0.0000
-324.3436 0.0000
-324.3397 0.0000
-323.9124 0.0000
-323.3068 0.0000
-324.1233 0.0000
-324.3567 0.0000
-323.6701 0.0000
-324.1423 0.0000
-324.2837 0.0000
-324.7902 0.0000
-324.4235 0.0000
-324.8852 0.0000
-324.5837 0.0000
-323.5220 0.0000
-322.5637 0.0000
-324.8417 0.0000
-324.3966 0.0000
-323.7151 0.0000
-324.2842 0.0000
-324.6128 0.0000
-325.7796 0.0000
-325.5409 0.0000
-326.3187 0.0000
-327.2140 0.0000
-326.1100 0.0000
-325.4060 0.0000
-326.5972 0.0000
-325.3043 0.0000
-325.2976 0.0000
-325.0990 0.0000
-325.3244 0.0000
-325.2427 0.0000
-324.1781 0.0000
-325.5897 0.0000
-324.3600 0.0000
-323.8672 0.0000
-323.9927 0.0000
-323.4482 0.0000
-323.5915 0.0000
-323.4848 0.0000
-323.9776 0.0000
-323.8314 0.0000
-323.0990 0.0000
-324.5569 0.0000
-324.4554 0.0000
-324.8926 0.0000
-324.5413 0.0000
-325.7118 0.0000
-324.4072 0.0000
-324.4946 0.0000
-324.7457 0.0000
-325.2441 0.0000
-325.0136 0.0000
-325.8960 0.0000
-325.2048 0.0000
-325.0076 0.0000
-325.9125 0.0000
-326.7016 0.0000
-326.3723 0.0000
-326.3562 0.0000
-326.5947 0.0000
-327.6808 0.0000
-326.8674 0.0000
-327.1692 0.0000
-326.2444 0.0000
-327.3635 0.0000
-327.6292 0.0000
-328.2018 0.0000
-327.1252 0.0000
-326.7428 0.0000
-326.8929 0.0000
-326.4638 0.0000
-326.3165 0.0000
-326.5366 0.0000
-327.4924 0.0000
-327.4413 0.0000
-327.5182 0.0000
-327.6416 0.0000
-327.5802 0.0000
-327.5548 0.0000
-327.6816 0.0000
-327.7541 0.0000
-327.1478 0.0000
-327.2060 0.0000
-327.2934 0.0000
-327.3626 0.0000
-327.2399 0.0000
-326.9149 0.0000
-325.8630 0.0000
-326.3068 0.0000
-326.2775 0.0000
-326.3073 0.0000
-326.2027 0.0000
-326.5898 0.0000
-326.9842 0.0000
-325.7316 0.0000
-325.3736 0.0000
-325.6304 0.0000
-326.5688 0.0000
-325.3974 0.0000
-326.0134 0.0000
-326.1983 0.0000
-325.6824 0.0000
-325.2069 0.0000
-324.8717 0.0000
-325.8953 0.0000
-326.1181 0.0000
-324.1272 0.0000
-325.7340 0.0000
-325.2698 0.0000
-326.5530 0.0000
-325.8530 0.0000
-325.1549 0.0000
-324.2538 0.0000
-324.0350 0.0000
-325.0064 0.0000
-325.1256 0.0000
-324.9892 0.0000
-325.5449 0.0000
-324.8143 0.0000
-324.6545 0.0000
-325.2593 0.0000
-325.5182 0.0000
-326.6450 0.0000
-326.3809 0.0000
-326.6351 0.0000
-326.1755 0.0000
-327.4341 0.0000
-327.1525 0.0000
-327.3228 0.0000
-326.1122 0.0000
-327.6563 0.0000
-327.4564 0.0000
-328.0169 0.0000
-327.5172 0.0000
-327.5139 0.0000
-327.5316 0.0000
-327.4489 0.0000
-328.6930 0.0000
-327.2456 0.0000
-327.3308 0.0000
-326.9435 0.0000
-327.4515 0.0000
-327.7142 0.0000
-327.9796 0.0000
-326.8340 0.0000
-327.4315 0.0000
-328.3168 0.0000
-327.6082 0.0000
-328.4161 0.0000
-328.1925 0.0000
-327.8592 0.0000
-328.4547 0.0000
-328.2497 0.0000
-328.3221 0.0000
-326.3814 0.0000
-326.5305 0.0000
-328.0232 0.0000
-325.6740 0.0000
-327.1362 0.0000
-327.5733 0.0000
-327.4699 0.0000
-326.6515 0.0000
-327.8769 0.0000
-327.3941 0.0000
-328.7694 0.0000
-327.7415 0.0000
-327.9109 0.0000
-327.2823 0.0000
-328.6839 0.0000
-328.5130 0.0000
-327.2668 0.0000
-327.2593 0.0000
-326.7801 0.0000
-328.2982 0.0000
-327.5287 0.0000
-327.8764 0.0000
-327.6078 0.0000
-326.5037 0.0000
-326.8438 0.0000
-326.2525 0.0000
-326.0578 0.0000
-326.1650 0.0000
-326.5987 0.0000
-325.4567 0.0000
-326.2851 0.0000
-325.6523 0.0000
-327.0192 0.0000
-326.7635 0.0000
-326.2477 0.0000
-326.3647 0.0000
-327.0434 0.0000
-327.0068 0.0000
-326.6260 0.0000
-326.6659 0.0000
-326.6470 0.0000
-325.8046 0.0000
-325.1853 0.0000
-326.3820 0.0000
-326.4575 0.0000
-325.9212 0.0000
-326.1934 0.0000
-327.3089 0.0000
-327.2404 0.0000
-327.0567 0.0000
-327.8330 0.0000
-327.6709 0.0000
-329.0159 0.0000
-329.1105 0.0000
-329.7551 0.0000
-329.5468 0.0000
-329.5738 0.0000
-329.1819 0.0000
-328.7941 0.0000
-328.4284 0.0000
-327.3693 0.0000
-328.9662 0.0000
-328.4721 0.0000
-328.3595 0.0000
-327.8258 0.0000
-328.2333 0.0000
-328.0039 0.0000
-328.1474 0.0000
-328.6144 0.0000
-328.7224 0.0000
-329.5575 0.0000
-330.0973 0.0000
-329.7181 0.0000
-328.8318 0.0000
-328.5934 0.0000
-328.9661 0.0000
-329.4896 0.0000
-328.7601 0.0000
-329.1032 0.0000
-328.1721 0.0000
-328.0487 0.0000
-326.5756 0.0000
-326.8201 0.0000
-326.4044 0.0000
-327.8757 0.0000
-328.0171 0.0000
-327.2971 0.0000
-327.0186 0.0000
-326.9196 0.0000
-326.9224 0.0000
-327.6547 0.0000
-327.3956 0.0000
-327.5306 0.0000
-328.1926 0.0000
-328.2021 0.0000
-328.5173 0.0000
-328.0309 0.0000
-327.7081 0.0000
-327.6583 0.0000
-327.0202 0.0000
-326.9314 0.0000
-326.4294 0.0000
-325.6924 0.0000
-326.4524 0.0000
-325.9726 0.0000
-324.6704 0.0000
-325.1779 0.0000
-324.4547 0.0000
-324.0477 0.0000
-322.8646 0.0000
-322.8230 0.0000
-323.0604 0.0000
-323.0921 0.0000
-322.9199 0.0000
-322.7314 0.0000
-322.4856 0.0000
-322.7573 0.0000
-322.7363 0.0000
-322.5840 0.0000
-323.3188 0.0000
-322.9384 0.0000
-323.2282 0.0000
-322.9714 0.0000
-322.7093 0.0000
-323.4639 0.0000
-321.9282 0.0000
-322.0094 0.0000
-320.9815 0.0000
-320.1536 0.0000
-320.4431 0.0000
-321.4687 0.0000
-320.7382 0.0000
-320.8529 0.0000
-320.5000 0.0000
-319.8432 0.0000
-321.2082 0.0000
-321.6131 0.0000
-320.8840 0.0000
-319.2348 0.0000
-318.9035 0.0000
-317.6216 0.0000
-319.5903 0.0000
-319.4912 0.0000
-319.1006 0.0000
-320.7694 0.0000
-319.5715 0.0000
-319.5047 0.0000
-321.3640 0.0000
-321.4596 0.0000
-321.1662 0.0000
-321.7689 0.0000
-323.2241 0.0000
-322.0324 0.0000
-321.9276 0.0000
-322.6233 0.0000
-322.5472 0.0000
-322.9200 0.0000
-321.7036 0.0000
-322.5235 0.0000
-322.7266 0.0000
-323.1539 0.0000
-322.8376 0.0000
-322.9455 0.0000
-322.1414 0.0000
-322.8120 0.0000
-324.1160 0.0000
-323.7952 0.0000
-323.0826 0.0000
-322.8554 0.0000
-322.0786 0.0000
-322.2423 0.0000
-323.4314 0.0000
-322.8812 0.0000
-323.1857 0.0000
-323.2730 0.0000
-322.7539 0.0000
-322.7289 0.0000
-323.3371 0.0000
-323.1262 0.0000
-323.3830 0.0000
-322.8757 0.0000
-323.6627 0.0000
-324.2715 0.0000
-324.2164 0.0000
-323.7431 0.0000
-324.7149 0.0000
-324.2675 0.0000
-324.2260 0.0000
-323.2215 0.0000
-324.2021 0.0000
-322.8635 0.0000
-322.1196 0.0000
-322.0180 0.0000
-321.9428 0.0000
-323.6869 0.0000
-323.8340 0.0000
-324.7375 0.0000
-325.0880 0.0000
-324.4631 0.0000
-324.9453 0.0000
-324.2999 0.0000
-323.7502 0.0000
-322.6777 0.0000
-322.6785 0.0000
-323.1699 0.0000
-323.1218 0.0000
-322.8330 0.0000
-321.7727 0.0000
-321.4434 0.0000
-323.3926 0.0000
-323.0786 0.0000
-322.5301 0.0000
-322.5097 0.0000
-323.2872 0.0000
-322.2738 0.0000
-322.5465 0.0000
-322.0777 0.0000
-323.3410 0.0000
-320.9458 0.0000
-323.2803 0.0000
-322.7607 0.0000
-321.6899 0.0000
-320.5363 0.0000
-319.2092 0.0000
-319.0623 0.0000
-317.4837 0.0000
-317.6138 0.0000
-317.9593 0.0000
-317.5144 0.0000
-317.1724 0.0000
-319.4827 0.0000
-317.4540 0.0000
-315.9561 0.0000
-317.9342 0.0000
-317.3955 0.0000
-318.1236 0.0000
-318.2916 0.0000
-320.1796 0.0000
-319.5309 0.0000
-318.2192 0.0000
-317.8723 0.0000
-318.1194 0.0000
-317.4105 0.0000
-317.6891 0.0000
-318.5694 0.0000
-318.8284 0.0000
-318.0945 0.0000
-318.6051 0.0000
-317.9266 0.0000
-319.7862 0.0000
-318.1999 0.0000
-317.3654 0.0000
-318.1678 0.0000
-316.7365 0.0000
-319.0254 0.0000
-319.4245 0.0000
-318.3435 0.0000
-318.1397 0.0000
-318.7022 0.0000
-318.2507 0.0000
-318.6707 0.0000
-319.0648 0.0000
-318.9938 0.0000
-318.8870 0.0000
-319.7412 0.0000
-320.4358 0.0000
-319.0936 0.0000
-319.4306 0.0000
-319.2660 0.0000
-319.0373 0.0000
-320.2156 0.0000
-319.0459 0.0000
-318.9154 0.0000
-319.7144 0.0000
-318.5838 0.0000
-318.1910 0.0000
-319.7879 0.0000
-318.6032 0.0000
-319.1202 0.0000
-317.8678 0.0000
-319.1887 0.0000
-317.9955 0.0000
-319.2986 0.0000
-317.7275 0.0000
-318.3522 0.0000
-317.8864 0.0000
-318.6633 0.0000
-318.5383 0.0000
-317.8586 0.0000
-317.1445 0.0000
-316.9293 0.0000
-317.7651 0.0000
-318.3660 0.0000
-318.6789 0.0000
-317.8155 0.0000
-317.8679 0.0000
-317.1623 0.0000
-317.7095 0.0000
-317.2150 0.0000
-316.6513 0.0000
-315.5129 0.0000
-315.9900 0.0000
-315.7516 0.0000
-315.6636 0.0000
-317.1450 0.0000
-318.2679 0.0000
-317.1839 0.0000
-316.6684 0.0000
-315.3610 0.0000
-316.0856 0.0000
-316.0638 0.0000
-317.1234 0.0000
-317.1411 0.0000
-318.2526 0.0000
-318.2594 0.0000
-319.1971 0.0000
-316.9059 0.0000
-316.6162 0.0000
-315.9720 0.0000
-316.5608 0.0000
-317.7294 0.0000
-315.7745 0.0000
-313.9466 0.0000
-313.3285 0.0000
-315.5481 0.0000
-317.1590 0.0000
-316.0749 0.0000
-316.1566 0.0000
-316.5031 0.0000
-315.5910 0.0000
-315.3621 0.0000
-314.8603 0.0000
-314.6149 0.0000
-316.1180 0.0000
-314.4474 0.0000
-315.5523 0.0000
-314.1894 0.0000
-315.4472 0.0000
-314.2073 0.0000
-314.5084 0.0000
-314.4238 0.0000
-314.5779 0.0000
-315.2984 0.0000
-316.0860 0.0000
-316.7026 0.0000
-314.1633 0.0000
-314.7360 0.0000
-314.9900 0.0000
-315.6162 0.0000
-316.1358 0.0000
-315.2109 0.0000
-315.9033 0.0000
-315.6418 0.0000
-315.9148 0.0000
-315.8311 0.0000
-317.5063 0.0000
-318.4762 0.0000
-318.5252 0.0000
-318.0062 0.0000
-319.1817 0.0000
-320.7982 0.0000
-318.0404 0.0000
-318.0625 0.0000
-318.7844 0.0000
-318.9290 0.0000
-318.8311 0.0000
-319.3420 0.0000
-318.6637 0.0000
-319.3581 0.0000
-318.6402 0.0000
-318.1329 0.0000
-320.2370 0.0000
-318.1669 0.0000
-317.8754 0.0000
-316.8407 0.0000
-317.3628 0.0000
-316.3868 0.0000
-317.0750 0.0000
-315.7022 0.0000
-315.9451 0.0000
-314.3799 0.0000
-314.7082 0.0000
-315.1586 0.0000
-315.2129 0.0000
-315.5454 0.0000
-314.9981 0.0000
-314.5277 0.0000
-313.6403 0.0000
-314.2588 0.0000
-313.6180 0.0000
-313.2658 0.0000
-313.6036 0.0000
-313.3978 0.0000
-312.6659 0.0000
-314.3178 0.0000
-314.4114 0.0000
-312.9955 0.0000
-313.1077 0.0000
-314.1501 0.0000
-313.9923 0.0000
-313.7286 0.0000
-313.6917 0.0000
-314.0914 0.0000
-313.8471 0.0000
-314.1463 0.0000
-315.1577 0.0000
-315.5121 0.0000
-313.3513 0.0000
-313.8042 0.0000
-314.0790 0.0000
-313.4912 0.0000
-314.0079 0.0000
-313.6122 0.0000
-313.9603 0.0000
-314.3844 0.0000
-313.7203 0.0000
-313.6296 0.0000
-312.8796 0.0000
-312.8411 0.0000
-312.0929 0.0000
-313.3785 0.0000
-313.7423 0.0000
-313.7108 0.0000
-313.4244 0.0000
-314.2633 0.0000
-314.2755 0.0000
-313.9151 0.0000
-314.2025 0.0000
-314.4894 0.0000
-314.3726 0.0000
-312.4422 0.0000
-314.8519 0.0000
-312.8930 0.0000
-312.6988 0.0000
-314.1074 0.0000
-314.2908 0.0000
-313.8879 0.0000
-314.7553 0.0000
-316.4864 0.0000
-314.7363 0.0000
-314.7217 0.0000
-315.5188 0.0000
-314.1531 0.0000
-314.6140 0.0000
-315.1359 0.0000
-314.9050 0.0000
-313.9627 0.0000
-314.2944 0.0000
-314.3517 0.0000
-314.6268 0.0000
-314.6568 0.0000
-313.9972 0.0000
-315.5542 0.0000
-315.4035 0.0000
-315.0424 0.0000
-314.5821 0.0000
-314.1448 0.0000
-314.8967 0.0000
-315.2372 0.0000
-315.8718 0.0000
-315.2146 0.0000
-314.6744 0.0000
-316.1826 0.0000
-315.8409 0.0000
-315.4026 0.0000
-315.7177 0.0000
-315.3278 0.0000
-316.2541 0.0000
-315.1739 0.0000
-315.5689 0.0000
-314.2226 0.0000
-313.7966 0.0000
-313.1036 0.0000
-313.7084 0.0000
-314.7531 0.0000
-313.8435 0.0000
-313.7440 0.0000
-314.2348 0.0000
-313.9371 0.0000
-314.4538 0.0000
-313.2468 0.0000
-312.5151 0.0000
-314.9387 0.0000
-314.3134 0.0000
-314.0624 0.0000
-314.3604 0.0000
-315.1117 0.0000
-313.4878 0.0000
-314.5176 0.0000
-315.0326 0.0000
-314.3371 0.0000
-314.4741 0.0000
-314.6016 0.0000
-314.1817 0.0000
-315.4998 0.0000
-315.7265 0.0000
-315.6497 0.0000
-314.4740 0.0000
-313.0302 0.0000
-313.6021 0.0000
-313.9185 0.0000
-313.9221 0.0000
-312.9386 0.0000
-314.5687 0.0000
-315.3849 0.0000
-314.6374 0.0000
-314.2162 0.0000
-314.8766 0.0000
-315.3910 0.0000
-314.8952 0.0000
-315.6177 0.0000
-314.7179 0.0000
-314.9447 0.0000
-314.9212 0.0000
-315.2917 0.0000
-314.6780 0.0000
-314.4432 0.0000
-315.5059 0.0000
-315.9230 0.0000
-315.2467 0.0000
-314.5353 0.0000
-314.6992 0.0000
-314.5422 0.0000
-315.1826 0.0000
-315.4941 0.0000
-314.4074 0.0000
-313.5022 0.0000
-312.9302 0.0000
-312.4572 0.0000
-313.7369 0.0000
-311.9687 0.0000
-312.6263 0.0000
-312.7179 0.0000
-312.3026 0.0000
-311.9446 0.0000
-311.4286 0.0000
-311.4302 0.0000
-311.3295 0.0000
-310.7653 0.0000
-313.0046 0.0000
-310.9154 0.0000
-311.3345 0.0000
-311.8824 0.0000
-312.3262 0.0000
-312.3809 0.0000
-312.6349 0.0000
-311.3855 0.0000
-311.8549 0.0000
-310.7074 0.0000
-312.1807 0.0000
-312.6500 0.0000
-313.0325 0.0000
-313.3004 0.0000
-312.5261 0.0000
-312.2181 0.0000
-312.8533 0.0000
-312.2825 0.0000
-312.6834 0.0000
-313.7506 0.0000
-313.4009 0.0000
-313.2806 0.0000
-313.9527 0.0000
-313.5537 0.0000
-313.3706 0.0000
-313.6376 0.0000
-313.8615 0.0000
-313.1352 0.0000
-313.1085 0.0000
-311.1390 0.0000
-313.9299 0.0000
-314.2063 0.0000
-314.5755 0.0000
-314.4756 0.0000
-315.4420 0.0000
-316.2193 0.0000
-316.0004 0.0000
-315.2691 0.0000
-314.7493 0.0000
-314.3792 0.0000
-312.7939 0.0000
-311.9584 0.0000
-312.5615 0.0000
-311.8340 0.0000
-311.9537 0.0000
-312.5722 0.0000
-311.7627 0.0000
-311.9306 0.0000
-311.7560 0.0000
-310.8876 0.0000
-311.3939 0.0000
-310.9548 0.0000
-310.9101 0.0000
-311.6379 0.0000
-310.7147 0.0000
-311.3477 0.0000
-312.0550 0.0000
-311.6503 0.0000
-310.7288 0.0000
-313.3451 0.0000
-311.9570 0.0000
-312.1328 0.0000
-312.0477 0.0000
-311.7095 0.0000
-313.1899 0.0000
-311.9650 0.0000
-312.4725 0.0000
-312.3463 0.0000
-312.7483 0.0000
-312.2719 0.0000
-312.0189 0.0000
-311.3493 0.0000
-311.4816 0.0000
-310.8987 0.0000
-311.8148 0.0000
-311.9244 0.0000
-313.1548 0.0000
-314.2148 0.0000
-312.7836 0.0000
-312.4127 0.0000
-312.0572 0.0000
-312.2146 0.0000
-311.8005 0.0000
-312.9454 0.0000
-311.9962 0.0000
-312.0483 0.0000
-312.8770 0.0000
-312.0288 0.0000
-311.6854 0.0000
-312.5246 0.0000
-312.2065 0.0000
-312.2149 0.0000
-311.6974 0.0000
-312.6067 0.0000
-312.2416 0.0000
-312.0973 0.0000
-312.2070 0.0000
-312.3927 0.0000
-313.6936 0.0000
-312.7867 0.0000
-311.8542 0.0000
-312.4140 0.0000
-311.5688 0.0000
-310.4684 0.0000
-312.3431 0.0000
-311.1875 0.0000
-309.7295 0.0000
-311.0743 0.0000
-311.7915 0.0000
-311.7231 0.0000
-311.5721 0.0000
-311.7066 0.0000
-310.3451 0.0000
-310.2117 0.0000
-309.0655 0.0000
-309.3813 0.0000
-308.8291 0.0000
-309.3633 0.0000
-308.9072 0.0000
-308.7679 0.0000
-308.9847 0.0000
-308.6540 0.0000
-308.2786 0.0000
-308.6647 0.0000
-307.9364 0.0000
-309.9363 0.0000
-308.6669 0.0000
-309.1656 0.0000
-308.4939 0.0000
-308.7179 0.0000
-309.1769 0.0000
-308.8347 0.0000
-309.1448 0.0000
-309.0740 0.0000
-309.0996 0.0000
-309.1369 0.0000
-308.4833 0.0000
-309.6886 0.0000
-309.2572 0.0000
-309.6482 0.0000
-310.3905 0.0000
-309.7081 0.0000
-309.3419 0.0000
-309.3650 0.0000
-309.7823 0.0000
-310.1790 0.0000
-309.3327 0.0000
-308.8769 0.0000
-308.2339 0.0000
-308.5662 0.0000
-308.7318 0.0000
-307.8156 0.0000
-306.7412 0.0000
-308.5774 0.0000
-308.5524 0.0000
-309.2112 0.0000
-307.7569 0.0000
-309.0786 0.0000
-309.5291 0.0000
-309.4373 0.0000
-309.8521 0.0000
-310.1654 0.0000
-308.9118 0.0000
-309.9245 0.0000
-309.3407 0.0000
-308.8856 0.0000
-309.6760 0.0000
-309.5079 0.0000
-309.4234 0.0000
-310.5292 0.0000
-310.1984 0.0000
-311.2562 0.0000
-310.0677 0.0000
-309.7539 0.0000
-309.8428 0.0000
-310.9614 0.0000
-310.6091 0.0000
-309.2252 0.0000
-309.5043 0.0000
-309.3481 0.0000
-310.2000 0.0000
-310.4312 0.0000
-309.6430 0.0000
-309.9801 0.0000
-308.9201 0.0000
-308.7155 0.0000
-308.6844 0.0000
-310.2486 0.0000
-310.0530 0.0000
-309.0546 0.0000
-309.5045 0.0000
-308.4625 0.0000
-308.8575 0.0000
-309.3001 0.0000
-309.0233 0.0000
-309.5383 0.0000
-308.6625 0.0000
-308.8960 0.0000
-309.5893 0.0000
-307.3285 0.0000
-306.9281 0.0000
-307.9083 0.0000
-308.4016 0.0000
-309.4267 0.0000
-308.0820 0.0000
-306.8427 0.0000
-308.3531 0.0000
-307.9665 0.0000
-308.1641 0.0000
-308.0936 0.0000
-307.8448 0.0000
-308.4810 0.0000
-308.5839 0.0000
-309.3613 0.0000
-308.2718 0.0000
-308.3891 0.0000
-308.7539 0.0000
-309.3412 0.0000
-309.0239 0.0000
-309.8821 0.0000
-309.5879 0.0000
-308.8808 0.0000
-309.7569 0.0000
-310.1775 0.0000
-310.1729 0.0000
-309.4434 0.0000
-309.2901 0.0000
-309.4864 0.0000
-309.0245 0.0000
-309.5680 0.0000
-309.6381 0.0000
-309.7990 0.0000
-310.3586 0.0000
-310.1083 0.0000
-310.0942 0.0000
-310.1677 0.0000
-309.4516 0.0000
-309.7704 0.0000
-310.6898 0.0000
-311.6501 0.0000
-311.0011 0.0000
-310.1948 0.0000
-310.5207 0.0000
-309.3097 0.0000
-310.5644 0.0000
-311.0829 0.0000
-311.2116 0.0000
-311.9897 0.0000
-311.9667 0.0000
-311.5275 0.0000
-312.0824 0.0000
-311.0252 0.0000
-310.5532 0.0000
-311.1985 0.0000
-311.3167 0.0000
-310.4616 0.0000
-309.9579 0.0000
-309.3806 0.0000
-309.4543 0.0000
-308.1494 0.0000
-308.1052 0.0000
-308.0346 0.0000
-308.1142 0.0000
-308.5130 0.0000
-307.7293 0.0000
-307.7104 0.0000
-307.2836 0.0000
-309.2746 0.0000
-309.0630 0.0000
-309.4409 0.0000
-308.8273 0.0000
-308.0198 0.0000
-309.2042 0.0000
-309.3260 0.0000
-309.8660 0.0000
-309.4359 0.0000
-308.6544 0.0000
-308.8804 0.0000
-308.8942 0.0000
-309.0272 0.0000
-308.3225 0.0000
-308.5440 0.0000
-308.0817 0.0000
-308.1907 0.0000
-308.9803 0.0000
-307.5693 0.0000
-309.4188 0.0000
-309.7129 0.0000
-311.1026 0.0000
-310.0953 0.0000
-310.2105 0.0000
-310.2513 0.0000
-310.3322 0.0000
-310.1174 0.0000
-310.1798 0.0000
-310.5579 0.0000
-309.7232 0.0000
-308.5229 0.0000
-307.7759 0.0000
-308.6443 0.0000
-308.1160 0.0000
-308.1028 0.0000
-307.0457 0.0000
-306.7795 0.0000
-306.8622 0.0000
-307.5811 0.0000
-308.0469 0.0000
-307.5117 0.0000
-307.2370 0.0000
-306.2492 0.0000
-306.9355 0.0000
-307.2612 0.0000
-307.8404 0.0000
-308.2351 0.0000
-308.7733 0.0000
-307.7436 0.0000
-307.1699 0.0000
-307.6403 0.0000
-307.9129 0.0000
-307.7873 0.0000
-306.4114 0.0000
-307.8387 0.0000
-308.9843 0.0000
-308.6241 0.0000
-308.7198 0.0000
-308.7053 0.0000
-309.0744 0.0000
-308.9255 0.0000
-308.7521 0.0000
-309.9596 0.0000
-310.3980 0.0000
-310.0158 0.0000
-310.7236 0.0000
-310.6326 0.0000
-309.9194 0.0000
-310.2116 0.0000
-309.8090 0.0000
-309.9949 0.0000
-310.1909 0.0000
-310.2375 0.0000
-311.1045 0.0000
-311.0038 0.0000
-310.6487 0.0000
-310.5231 0.0000
-310.0991 0.0000
-310.7401 0.0000
-310.6946 0.0000
-310.8244 0.0000
-310.5632 0.0000
-311.0587 0.0000
-309.9693 0.0000
-310.9040 0.0000
-310.2520 0.0000
-310.4457 0.0000
-310.7425 0.0000
-309.5712 0.0000
-309.1301 0.0000
-308.5176 0.0000
-307.3640 0.0000
-307.4742 0.0000
-309.5379 0.0000
-308.5396 0.0000
-309.2189 0.0000
-309.0074 0.0000
-310.0069 0.0000
-309.0489 0.0000
-308.7142 0.0000
-310.3781 0.0000
-308.7490 0.0000
-308.7666 0.0000
-307.8877 0.0000
-308.8073 0.0000
-309.5216 0.0000
-309.6671 0.0000
-309.7238 0.0000
-309.2887 0.0000
-309.3141 0.0000
-309.4023 0.0000
-310.3133 0.0000
-310.2965 0.0000
-309.9997 0.0000
-309.7876 0.0000
-309.4239 0.0000
-309.6977 0.0000
-309.3475 0.0000
-309.6860 0.0000
-309.7436 0.0000
-309.8992 0.0000
-309.0573 0.0000
-309.2674 0.0000
-310.6957 0.0000
-308.6633 0.0000
-308.9884 0.0000
-309.2703 0.0000
-309.4981 0.0000
-309.4237 0.0000
-308.9699 0.0000
-309.7867 0.0000
-310.2051 0.0000
-309.9082 0.0000
-309.8749 0.0000
-309.7380 0.0000
-309.3095 0.0000
-309.1633 0.0000
-310.4283 0.0000
-309.0819 0.0000
-310.5889 0.0000
-309.4326 0.0000
-307.8185 0.0000
-307.3131 0.0000
-306.4332 0.0000
-306.2619 0.0000
-307.2966 0.0000
-305.8876 0.0000
-306.6988 0.0000
-305.8018 0.0000
-306.8764 0.0000
-307.1163 0.0000
-306.9913 0.0000
-306.6841 0.0000
-307.1078 0.0000
-307.1969 0.0000
-306.7552 0.0000
-306.5559 0.0000
-305.7603 0.0000
-307.1709 0.0000
-306.1994 0.0000
-305.5166 0.0000
-306.4815 0.0000
-305.5582 0.0000
-306.5484 0.0000
-307.2041 0.0000
-307.0911 0.0000
-306.5819 0.0000
-307.3274 0.0000
-307.2891 0.0000
-307.1595 0.0000
-307.1161 0.0000
-308.0967 0.0000
-307.1393 0.0000
-307.0692 0.0000
-306.4409 0.0000
-306.3323 0.0000
-305.7897 0.0000
-306.0151 0.0000
-304.9379 0.0000
-306.2464 0.0000
-306.6760 0.0000
-306.5206 0.0000
-306.0330 0.0000
-306.8481 0.0000
-307.1984 0.0000
-308.2561 0.0000
-307.4877 0.0000
-306.4888 0.0000
-307.3639 0.0000
-308.7987 0.0000
-306.9783 0.0000
-307.7576 0.0000
-307.5381 0.0000
-307.2463 0.0000
-306.7033 0.0000
-306.3532 0.0000
-306.3122 0.0000
-306.1580 0.0000
-305.9683 0.0000
-306.4228 0.0000
-306.4345 0.0000
-306.9353 0.0000
-306.7318 0.0000
-306.5637 0.0000
-306.4500 0.0000
-306.4349 0.0000
-306.6275 0.0000
-306.7446 0.0000
-307.5540 0.0000
-307.3367 0.0000
-307.7027 0.0000
-307.4235 0.0000
-308.1002 0.0000
-307.5496 0.0000
-308.5514 0.0000
-307.8575 0.0000
-307.2526 0.0000
-309.0727 0.0000
-309.7295 0.0000
-309.8408 0.0000
-310.0239 0.0000
-310.5725 0.0000
-311.1626 0.0000
-312.4226 0.0000
-311.1674 0.0000
-311.4874 0.0000
-311.5012 0.0000
-311.5802 0.0000
-311.3156 0.0000
-312.0722 0.0000
-312.0815 0.0000
-311.8202 0.0000
-312.4978 0.0000
-313.1146 0.0000
-313.4300 0.0000
-313.9163 0.0000
-314.0739 0.0000
-314.5014 0.0000
-314.8903 0.0000
-315.1687 0.0000
-314.8007 0.0000
-313.7402 0.0000
-313.9474 0.0000
-313.9750 0.0000
-314.6260 0.0000
-314.0594 0.0000
-313.2818 0.0000
-313.5390 0.0000
-313.4521 0.0000
-313.3590 0.0000
-313.7707 0.0000
-313.5410 0.0000
-313.1307 0.0000
-312.8846 0.0000
-313.3639 0.0000
-313.9222 0.0000
-314.1293 0.0000
-313.6531 0.0000
-314.7482 0.0000
-313.2554 0.0000
-312.7463 0.0000
-312.5033 0.0000
-312.5405 0.0000
-312.2073 0.0000
-312.3137 0.0000
-312.2844 0.0000
-312.0615 0.0000
-311.9958 0.0000
-311.6165 0.0000
-311.3667 0.0000
-312.5021 0.0000
-310.3269 0.0000
-311.2058 0.0000
-310.7589 0.0000
-311.8133 0.0000
-311.0080 0.0000
-310.5204 0.0000
-309.8740 0.0000
-310.7968 0.0000
-310.8777 0.0000
-310.7227 0.0000
-311.3090 0.0000
-309.6770 0.0000
-310.3363 0.0000
-310.3524 0.0000
-310.8331 0.0000
-310.5343 0.0000
-311.3923 0.0000
-310.6720 0.0000
-310.0919 0.0000
-309.8971 0.0000
-310.5308 0.0000
-309.5291 0.0000
-309.1087 0.0000
-310.8871 0.0000
-309.2261 0.0000
-310.0417 0.0000
-310.4018 0.0000
-309.5707 0.0000
-310.5889 0.0000
-309.8328 0.0000
-310.2214 0.0000
-310.5971 0.0000
-309.3438 0.0000
-310.4112 0.0000
-310.5662 0.0000
-310.8593 0.0000
-310.6522 0.0000
-310.1977 0.0000
-309.9597 0.0000
-309.9639 0.0000
-310.2623 0.0000
-310.3366 0.0000
-310.2056 0.0000
-310.0381 0.0000
-311.0491 0.0000
-311.7985 0.0000
-311.2572 0.0000
-311.7912 0.0000
-310.3669 0.0000
-311.4272 0.0000
-311.4333 0.0000
-312.3926 0.0000
-310.4517 0.0000
-311.2870 0.0000
-309.9511 0.0000
-310.5577 0.0000
-310.5072 0.0000
-309.6830 0.0000
-309.5590 0.0000
-308.9679 0.0000
-310.3565 0.0000
-311.7443 0.0000
-310.1676 0.0000
-310.3300 0.0000
-311.3376 0.0000
-311.4535 0.0000
-311.2791 0.0000
-311.5491 0.0000
-311.9189 0.0000
-312.4562 0.0000
-312.7451 0.0000
-313.0569 0.0000
-311.9494 0.0000
-312.7502 0.0000
-313.3996 0.0000
-312.7644 0.0000
-312.9727 0.0000
-312.3608 0.0000
-312.8054 0.0000
-312.6631 0.0000
-312.1217 0.0000
-312.9874 0.0000
-312.7075 0.0000
-312.4466 0.0000
-313.1095 0.0000
-312.5446 0.0000
-312.7284 0.0000
-312.1862 0.0000
-312.1093 0.0000
-311.9257 0.0000
-312.2437 0.0000
-311.9373 0.0000
-312.3439 0.0000
-312.9425 0.0000
-312.9566 0.0000
-313.4448 0.0000
-311.8940 0.0000
-311.4678 0.0000
-313.0831 0.0000
-311.5704 0.0000
-311.2403 0.0000
-311.1113 0.0000
-311.3903 0.0000
-312.2837 0.0000
-312.8681 0.0000
-311.7907 0.0000
-311.2518 0.0000
-311.2526 0.0000
-311.4787 0.0000
-311.1524 0.0000
-311.8784 0.0000
-311.2578 0.0000
-311.6503 0.0000
-310.9800 0.0000
-310.7245 0.0000
-311.8255 0.0000
-311.5427 0.0000
-311.1696 0.0000
-311.2741 0.0000
-311.0407 0.0000
-311.0254 0.0000
-310.8228 0.0000
-311.5820 0.0000
-311.1920 0.0000
-311.2264 0.0000
-311.6754 0.0000
-312.1513 0.0000
-311.9169 0.0000
-311.5264 0.0000
-312.1778 0.0000
-312.1239 0.0000
-312.2989 0.0000
-311.4979 0.0000
-311.9285 0.0000
-311.4259 0.0000
-311.5851 0.0000
-311.7167 0.0000
-310.9826 0.0000
-311.8241 0.0000
-312.3742 0.0000
-311.2416 0.0000
-311.2493 0.0000
-311.4054 0.0000
-311.5480 0.0000
-311.5303 0.0000
-311.6086 0.0000
-311.7685 0.0000
-312.3240 0.0000
-311.4700 0.0000
-311.4198 0.0000
-310.4653 0.0000
-309.7848 0.0000
-309.6716 0.0000
-310.0083 0.0000
-309.5078 0.0000
-309.6966 0.0000
-308.8811 0.0000
-309.4460 0.0000
-308.6855 0.0000
-309.1131 0.0000
-309.7997 0.0000
-309.2393 0.0000
-308.9933 0.0000
-308.6593 0.0000
-308.2392 0.0000
-307.3434 0.0000
-306.6975 0.0000
-306.8199 0.0000
-307.7729 0.0000
-307.3673 0.0000
-308.6995 0.0000
-307.6223 0.0000
-306.7822 0.0000
-307.6468 0.0000
-308.1352 0.0000
-307.8416 0.0000
-306.3396 0.0000
-307.8133 0.0000
-307.2056 0.0000
-308.2925 0.0000
-308.6801 0.0000
-308.3257 0.0000
-308.7251 0.0000
-308.8939 0.0000
-308.3980 0.0000
-308.6246 0.0000
-308.6314 0.0000
-309.1742 0.0000
-309.5761 0.0000
-309.1167 0.0000
-309.4675 0.0000
-309.5216 0.0000
-309.6625 0.0000
-309.9698 0.0000
-311.6491 0.0000
-309.8223 0.0000
-310.6912 0.0000
-309.3384 0.0000
-309.9898 0.0000
-310.4448 0.0000
-310.6909 0.0000
-310.2497 0.0000
-309.4958 0.0000
-309.9229 0.0000
-310.3997 0.0000
-309.6217 0.0000
-310.4961 0.0000
-310.3686 0.0000
-310.1339 0.0000
-309.1493 0.0000
-310.4137 0.0000
-309.9926 0.0000
-310.5026 0.0000
-310.0827 0.0000
-309.2794 0.0000
-309.4088 0.0000
-310.2386 0.0000
-309.7965 0.0000
-310.2921 0.0000
-309.6219 0.0000
-309.3445 0.0000
-310.7399 0.0000
-310.4289 0.0000
-310.8140 0.0000
-310.4539 0.0000
-310.0991 0.0000
-310.4226 0.0000
-310.4008 0.0000
-309.9819 0.0000
-310.6313 0.0000
-311.6184 0.0000
-309.6225 0.0000
-310.8974 0.0000
-311.5855 0.0000
-311.1896 0.0000
-311.3328 0.0000
-311.0725 0.0000
-311.2844 0.0000
-311.1588 0.0000
-311.3899 0.0000
-311.3557 0.0000
-310.9717 0.0000
-312.2538 0.0000
-311.9848 0.0000
-312.4936 0.0000
-312.7467 0.0000
-312.9452 0.0000
-313.0884 0.0000
-312.6190 0.0000
-311.9554 0.0000
-311.9339 0.0000
-312.1331 0.0000
-312.3882 0.0000
-312.5319 0.0000
-312.0047 0.0000
-312.0935 0.0000
-312.7263 0.0000
-311.6593 0.0000
-311.5369 0.0000
-311.3834 0.0000
-311.7504 0.0000
-311.6894 0.0000
-311.1932 0.0000
-311.1123 0.0000
-311.2326 0.0000
-310.9230 0.0000
-311.6163 0.0000
-310.2011 0.0000
-309.9020 0.0000
-311.1373 0.0000
-311.5271 0.0000
-310.5277 0.0000
-308.7217 0.0000
-308.9153 0.0000
-308.5108 0.0000
-309.4166 0.0000
-308.8425 0.0000
-308.2977 0.0000
-309.6246 0.0000
-307.9810 0.0000
-308.9724 0.0000
-309.1210 0.0000
-309.3453 0.0000
-309.8162 0.0000
-310.4000 0.0000
-309.7288 0.0000
-309.5132 0.0000
-310.2208 0.0000
-309.4597 0.0000
-309.6016 0.0000
-309.9926 0.0000
-309.6577 0.0000
-310.4281 0.0000
-309.7694 0.0000
-310.3558 0.0000
-309.7811 0.0000
-309.9392 0.0000
-308.8967 0.0000
-309.1432 0.0000
-308.6683 0.0000
-307.8100 0.0000
-308.9741 0.0000
-309.7672 0.0000
-310.0000 0.0000
-309.9294 0.0000
-310.0120 0.0000
-310.1435 0.0000
-310.3249 0.0000
-310.6030 0.0000
-309.0015 0.0000
-310.3593 0.0000
-310.1175 0.0000
-310.2318 0.0000
-310.2478 0.0000
-310.3247 0.0000
-310.2703 0.0000
-310.8755 0.0000
-310.6987 0.0000
-310.4750 0.0000
-310.0899 0.0000
-309.8372 0.0000
-309.9407 0.0000
-310.0250 0.0000
-310.6017 0.0000
-311.1738 0.0000
-310.2606 0.0000
-311.2724 0.0000
-311.1968 0.0000
-311.7118 0.0000
-310.5632 0.0000
-311.0147 0.0000
-311.4754 0.0000
-312.5635 0.0000
-312.6643 0.0000
-312.9932 0.0000
-312.3462 0.0000
-311.8423 0.0000
-313.7656 0.0000
-313.6246 0.0000
-314.6562 0.0000
-314.1775 0.0000
-313.6628 0.0000
-315.3516 0.0000
-315.4130 0.0000
-315.4093 0.0000
-315.9477 0.0000
-315.8564 0.0000
-315.1167 0.0000
-314.9086 0.0000
-315.4733 0.0000
-316.0822 0.0000
-315.6091 0.0000
-316.0321 0.0000
-316.9468 0.0000
-317.5100 0.0000
-317.7116 0.0000
-316.9623 0.0000
-316.7144 0.0000
-317.1821 0.0000
-317.2198 0.0000
-318.0755 0.0000
-316.7695 0.0000
-317.0311 0.0000
-316.9162 0.0000
-317.7710 0.0000
-317.3021 0.0000
-316.7051 0.0000
-317.7777 0.0000
-318.1062 0.0000
-317.4707 0.0000
-317.3865 0.0000
-318.3709 0.0000
-318.3849 0.0000
-318.4963 0.0000
-317.9793 0.0000
-317.5255 0.0000
-318.6183 0.0000
-317.5834 0.0000
-318.2262 0.0000
-318.7465 0.0000
-318.3018 0.0000
-318.3552 0.0000
-318.8074 0.0000
-318.9476 0.0000
-318.3092 0.0000
-318.7802 0.0000
-318.2295 0.0000
-319.1031 0.0000
-318.7742 0.0000
-318.0541 0.0000
-317.9821 0.0000
-318.3390 0.0000
-318.3516 0.0000
-318.6343 0.0000
-316.8142 0.0000
-316.4711 0.0000
-316.5969 0.0000
-317.4654 0.0000
-316.9042 0.0000
-317.0129 0.0000
-315.6392 0.0000
-316.3369 0.0000
-316.8678 0.0000
-316.5016 0.0000
-316.7857 0.0000
-317.4229 0.0000
-316.9002 0.0000
-316.7438 0.0000
-316.9402 0.0000
-316.7189 0.0000
-316.6526 0.0000
-316.4509 0.0000
-316.8635 0.0000
-318.2610 0.0000
-318.9517 0.0000
-319.0371 0.0000
-318.5896 0.0000
-319.4359 0.0000
-318.9531 0.0000
-319.4027 0.0000
-319.6938 0.0000
-319.6672 0.0000
-320.4115 0.0000
-320.1843 0.0000
-320.6020 0.0000
-320.1305 0.0000
-320.5178 0.0000
-320.2828 0.0000
-320.0763 0.0000
-319.8632 0.0000
-319.8273 0.0000
-319.4106 0.0000
-318.4540 0.0000
-318.8626 0.0000
-319.2832 0.0000
-318.9548 0.0000
-318.8089 0.0000
-318.6025 0.0000
-318.8877 0.0000
-319.7170 0.0000
-319.5005 0.0000
-318.9696 0.0000
-318.6637 0.0000
-317.7905 0.0000
-318.1503 0.0000
-318.1126 0.0000
-317.9160 0.0000
-317.7250 0.0000
-318.3437 0.0000
-318.5522 0.0000
-318.2867 0.0000
-317.8110 0.0000
-317.4750 0.0000
-317.1505 0.0000
-317.4519 0.0000
-316.8506 0.0000
-316.5750 0.0000
-317.0998 0.0000
-316.7594 0.0000
-316.7776 0.0000
-316.4861 0.0000
-316.6757 0.0000
-316.4317 0.0000
-316.4020 0.0000
-316.8532 0.0000
-316.2010 0.0000
-316.8739 0.0000
-317.1975 0.0000
-316.7084 0.0000
-316.0020 0.0000
-316.8652 0.0000
-317.3859 0.0000
-317.0229 0.0000
-317.2896 0.0000
-317.5057 0.0000
-317.9413 0.0000
-317.7135 0.0000
-318.1102 0.0000
-318.9182 0.0000
-318.8683 0.0000
-318.8645 0.0000
-320.3501 0.0000
-318.5679 0.0000
-318.5098 0.0000
-318.2717 0.0000
-318.6149 0.0000
-318.5124 0.0000
-318.3108 0.0000
-318.4947 0.0000
-319.0682 0.0000
-319.3870 0.0000
-319.5546 0.0000
-319.3403 0.0000
-319.3699 0.0000
-319.0812 0.0000
-319.4545 0.0000
-318.9587 0.0000
-319.8411 0.0000
-318.6224 0.0000
-318.2381 0.0000
-318.8834 0.0000
-318.4217 0.0000
-317.4264 0.0000
-317.6433 0.0000
-317.8261 0.0000
-317.9381 0.0000
-317.7173 0.0000
-318.5171 0.0000
-318.8959 0.0000
-317.6329 0.0000
-318.5976 0.0000
-318.7605 0.0000
-318.3652 0.0000
-318.9439 0.0000
-319.1741 0.0000
-317.4009 0.0000
-318.3053 0.0000
-317.8772 0.0000
-319.3740 0.0000
-318.9065 0.0000
-319.1402 0.0000
-318.5906 0.0000
-318.2022 0.0000
-319.2103 0.0000
-318.0790 0.0000
-317.2824 0.0000
-317.0226 0.0000
-316.9147 0.0000
-316.4273 0.0000
-316.7493 0.0000
-317.1372 0.0000
-316.2997 0.0000
-315.8319 0.0000
-316.2810 0.0000
-315.5175 0.0000
-315.7969 0.0000
-315.6071 0.0000
-314.9718 0.0000
-314.5744 0.0000
-315.0100 0.0000
-314.7259 0.0000
-316.1549 0.0000
-315.7728 0.0000
-315.7402 0.0000
-315.3515 0.0000
-315.7375 0.0000
-315.8910 0.0000
-316.0042 0.0000
-316.0587 0.0000
-314.3837 0.0000
-314.2536 0.0000
-314.3732 0.0000
-314.3880 0.0000
-314.6224 0.0000
-314.9955 0.0000
-313.9213 0.0000
-314.1414 0.0000
-313.5021 0.0000
-313.8698 0.0000
-313.4641 0.0000
-313.4173 0.0000
-313.6377 0.0000
-313.9785 0.0000
-313.6746 0.0000
-313.1298 0.0000
-314.0603 0.0000
-313.1260 0.0000
-313.4032 0.0000
-313.2832 0.0000
-313.2333 0.0000
-313.3000 0.0000
-313.3188 0.0000
-313.2071 0.0000
-312.8381 0.0000
-313.3978 0.0000
-312.4430 0.0000
-312.6433 0.0000
-312.6069 0.0000
-312.6169 0.0000
-311.9435 0.0000
-312.8081 0.0000
-312.3922 0.0000
-312.2426 0.0000
-312.3897 0.0000
-311.9045 0.0000
-311.0355 0.0000
-310.8703 0.0000
-311.0368 0.0000
-311.5217 0.0000
-311.4232 0.0000
-311.9852 0.0000
-311.0019 0.0000
-310.2750 0.0000
-309.5700 0.0000
-310.2028 0.0000
-309.7476 0.0000
-310.2549 0.0000
-309.7043 0.0000
-310.6277 0.0000
-310.6762 0.0000
-310.9027 0.0000
-311.0037 0.0000
-309.8884 0.0000
-311.2247 0.0000
-310.4364 0.0000
-310.4101 0.0000
-311.2859 0.0000
-311.2439 0.0000
-311.4981 0.0000
-311.2657 0.0000
-311.1633 0.0000
-311.8441 0.0000
-310.3874 0.0000
-311.1022 0.0000
-312.3201 0.0000
-312.1524 0.0000
-311.0377 0.0000
-310.0296 0.0000
-310.8070 0.0000
-310.7264 0.0000
-310.8596 0.0000
-310.6933 0.0000
-310.6195 0.0000
-310.8615 0.0000
-310.8253 0.0000
-311.0345 0.0000
-311.7641 0.0000
-311.8126 0.0000
-312.4869 0.0000
-311.7183 0.0000
-312.0260 0.0000
-311.8924 0.0000
-311.9356 0.0000
-311.5394 0.0000
-311.7424 0.0000
-311.3237 0.0000
-311.8439 0.0000
-312.4668 0.0000
-312.4635 0.0000
-312.2360 0.0000
-312.7975 0.0000
-313.6073 0.0000
-314.1502 0.0000
-314.7045 0.0000
-313.6945 0.0000
-315.0926 0.0000
-314.3874 0.0000
-314.6695 0.0000
-315.1220 0.0000
-315.7211 0.0000
-314.6013 0.0000
-314.4749 0.0000
-314.9305 0.0000
-315.2583 0.0000
-315.2336 0.0000
-315.8026 0.0000
-316.1861 0.0000
-316.1745 0.0000
-315.7327 0.0000
-315.9680 0.0000
-316.9303 0.0000
-316.2367 0.0000
-316.1322 0.0000
-316.3427 0.0000
-317.3618 0.0000
-316.7131 0.0000
-315.9104 0.0000
-316.0677 0.0000
-315.6855 0.0000
-316.2146 0.0000
-316.5240 0.0000
-315.1965 0.0000
-315.4626 0.0000
-315.4593 0.0000
-315.2513 0.0000
-314.7500 0.0000
-315.0752 0.0000
-314.9574 0.0000
-315.1395 0.0000
-315.5546 0.0000
-314.9464 0.0000
-315.7771 0.0000
-314.3143 0.0000
-314.2028 0.0000
-314.2016 0.0000
-314.4189 0.0000
-313.5687 0.0000
-313.2396 0.0000
-313.3598 0.0000
-313.0554 0.0000
-313.4965 0.0000
-312.8831 0.0000
-312.8204 0.0000
-312.9234 0.0000
-312.6080 0.0000
-313.0002 0.0000
-313.4248 0.0000
-313.2830 0.0000
-312.1817 0.0000
-312.5819 0.0000
-312.9938 0.0000
-312.1517 0.0000
-312.3097 0.0000
-312.1302 0.0000
-312.1175 0.0000
-312.8218 0.0000
-312.9466 0.0000
-313.3554 0.0000
-312.5209 0.0000
-313.3243 0.0000
-312.8706 0.0000
-313.3838 0.0000
-313.6760 0.0000
-313.8719 0.0000
-313.5049 0.0000
-313.8698 0.0000
-313.6945 0.0000
-314.1817 0.0000
-314.3110 0.0000
-314.8278 0.0000
-314.2395 0.0000
-314.5289 0.0000
-314.1554 0.0000
-314.2443 0.0000
-314.2476 0.0000
-313.9596 0.0000
-313.3954 0.0000
-313.4579 0.0000
-313.1323 0.0000
-312.9116 0.0000
-312.7052 0.0000
-312.3593 0.0000
-312.2193 0.0000
-312.2905 0.0000
-312.4441 0.0000
-311.9492 0.0000
-311.1868 0.0000
-312.0844 0.0000
-312.4068 0.0000
-311.8363 0.0000
-312.2299 0.0000
-312.2954 0.0000
-312.5547 0.0000
-312.5863 0.0000
-312.2524 0.0000
-312.0598 0.0000
-311.9106 0.0000
-312.5872 0.0000
-311.5992 0.0000
-311.8006 0.0000
-311.9119 0.0000
-311.9776 0.0000
-311.9399 0.0000
-312.4227 0.0000
-312.4189 0.0000
-312.1786 0.0000
-312.9343 0.0000
-311.7488 0.0000
-311.9838 0.0000
-311.5710 0.0000
-311.3683 0.0000
-312.2434 0.0000
-312.2096 0.0000
-312.2910 0.0000
-311.7960 0.0000
-311.2878 0.0000
-311.9098 0.0000
-311.8528 0.0000
-312.0176 0.0000
-312.0581 0.0000
-311.7427 0.0000
-311.2503 0.0000
-311.8800 0.0000
-312.7316 0.0000
-312.8717 0.0000
-313.0449 0.0000
-313.2590 0.0000
-312.9066 0.0000
-312.3486 0.0000
-311.9505 0.0000
-311.3813 0.0000
-311.9218 0.0000
-312.3485 0.0000
-311.5217 0.0000
-312.1256 0.0000
-311.8053 0.0000
-311.5196 0.0000
-310.2794 0.0000
-311.5576 0.0000
-311.3597 0.0000
-311.1762 0.0000
-310.2304 0.0000
-311.5287 0.0000
-311.5572 0.0000
-311.0884 0.0000
-311.1771 0.0000
-311.2985 0.0000
-311.0920 0.0000
-311.0616 0.0000
-311.7573 0.0000
-312.3287 0.0000
-311.6179 0.0000
-311.3499 0.0000
-311.8549 0.0000
-312.2018 0.0000
-312.7270 0.0000
-311.8953 0.0000
-312.5364 0.0000
-311.9994 0.0000
-311.5736 0.0000
-312.0995 0.0000
-311.8977 0.0000
-311.4645 0.0000
-311.7883 0.0000
-311.5254 0.0000
-311.4607 0.0000
-311.7707 0.0000
-311.6373 0.0000
-311.8119 0.0000
-311.7817 0.0000
-311.9557 0.0000
-311.2195 0.0000
-312.5137 0.0000
-311.9718 0.0000
-311.6141 0.0000
-312.4012 0.0000
-312.2580 0.0000
-311.3525 0.0000
-311.1897 0.0000
-311.7670 0.0000
-311.3163 0.0000
-311.9732 0.0000
-312.0879 0.0000
-311.5226 0.0000
-311.7601 0.0000
-311.8822 0.0000
-311.3382 0.0000
-310.8636 0.0000
-311.4722 0.0000
-310.9485 0.0000
-310.6876 0.0000
-310.5651 0.0000
-310.1527 0.0000
-311.0947 0.0000
-310.8427 0.0000
-311.8255 0.0000
-311.1392 0.0000
-310.7895 0.0000
-310.8982 0.0000
-310.8823 0.0000
-310.4982 0.0000
-310.8316 0.0000
-311.4506 0.0000
-310.5314 0.0000
-311.0648 0.0000
-311.1666 0.0000
-311.5589 0.0000
-311.4182 0.0000
-311.4457 0.0000
-311.8689 0.0000
-311.4231 0.0000
-310.3500 0.0000
-310.5833 0.0000
-310.9064 0.0000
-311.4084 0.0000
-311.2307 0.0000
-311.0271 0.0000
-310.6016 0.0000
-310.9403 0.0000
-310.2915 0.0000
-310.3184 0.0000
-310.3372 0.0000
-311.0202 0.0000
-311.2666 0.0000
-311.2771 0.0000
-311.3944 0.0000
-312.4688 0.0000
-311.2381 0.0000
-311.6680 0.0000
-312.5355 0.0000
-312.8445 0.0000
-311.6038 0.0000
-311.3429 0.0000
-310.4966 0.0000
-310.2929 0.0000
-311.3482 0.0000
-310.6632 0.0000
-311.0014 0.0000
-311.0941 0.0000
-310.9248 0.0000
-311.0706 0.0000
-310.5471 0.0000
-310.3821 0.0000
-311.1493 0.0000
-310.9806 0.0000
-310.8765 0.0000
-311.4082 0.0000
-311.2231 0.0000
-311.7818 0.0000
-311.8855 0.0000
-311.7649 0.0000
-311.4371 0.0000
-311.8844 0.0000
-311.2251 0.0000
-311.3911 0.0000
-311.3511 0.0000
-312.2089 0.0000
-312.6329 0.0000
-311.7437 0.0000
-311.7776 0.0000
-312.2801 0.0000
-312.7011 0.0000
-313.1893 0.0000
-313.4726 0.0000
-312.4846 0.0000
-313.1347 0.0000
-312.9424 0.0000
-313.4513 0.0000
-312.4777 0.0000
-313.8390 0.0000
-314.0069 0.0000
-313.0153 0.0000
-312.7041 0.0000
-312.4471 0.0000
-312.4818 0.0000
-312.9910 0.0000
-311.6643 0.0000
-312.9485 0.0000
-313.2891 0.0000
-312.4234 0.0000
-313.9218 0.0000
-313.7116 0.0000
-313.5994 0.0000
-313.0753 0.0000
-312.4656 0.0000
-312.8901 0.0000
-314.1889 0.0000
-313.9478 0.0000
-313.7303 0.0000
-314.1178 0.0000
-313.5305 0.0000
-313.1090 0.0000
-313.9106 0.0000
-313.0252 0.0000
-314.4530 0.0000
-314.2990 0.0000
-313.7119 0.0000
-314.1725 0.0000
-314.2316 0.0000
-313.5491 0.0000
-313.0275 0.0000
-314.4005 0.0000
-315.1657 0.0000
-314.6728 0.0000
-314.4618 0.0000
-313.6939 0.0000
-313.7201 0.0000
-314.2754 0.0000
-313.9022 0.0000
-314.8601 0.0000
-314.3113 0.0000
-314.7850 0.0000
-314.6151 0.0000
-315.3796 0.0000
-314.3228 0.0000
-314.8669 0.0000
-315.3761 0.0000
-315.0154 0.0000
-315.3801 0.0000
-314.9654 0.0000
-315.4211 0.0000
-316.0886 0.0000
-315.1819 0.0000
-316.9891 0.0000
-315.2530 0.0000
-315.4781 0.0000
-315.9889 0.0000
-316.2115 0.0000
-314.9944 0.0000
-315.2584 0.0000
-314.4218 0.0000
-315.5997 0.0000
-315.9403 0.0000
-315.3478 0.0000
-315.2545 0.0000
-315.6727 0.0000
-315.2578 0.0000
-315.7241 0.0000
-315.1765 0.0000
-315.2592 0.0000
-315.5414 0.0000
-315.2871 0.0000
-316.0226 0.0000
-315.2847 0.0000
