1.670221827225759625e-04
2.184713775932323188e-05
3.524062321957899258e-06
1.018293642118806019e-05
9.144167961494531482e-06
1.876825990621000528e-05
1.954457366082351655e-05
1.499308655183995143e-05
1.448628427169751376e-05
5.793113359686685726e-06
1.245014027517754585e-05
3.707832365762442350e-05
6.929579740244662389e-06
1.226931635756045580e-05
2.966306965390685946e-05
6.853796548966784030e-06
5.327184771886095405e-05
1.809876848710700870e-04
3.938285772164817899e-06
7.071873369568493217e-06
1.122132471209624782e-05
6.891823431942611933e-06
1.217264525621430948e-05
2.158241113647818565e-05
4.970502050127834082e-05
1.170155592262744904e-04
1.768320507835596800e-04
2.526566677261143923e-04
1.439564039174001664e-05
1.329983024334069341e-05
1.008992148854304105e-05
5.175289061298826709e-06
7.565014584542950615e-06
6.365819899656344205e-06
6.521339855680707842e-06
5.655765562551096082e-06
1.054638414643704891e-05
9.430594218429177999e-06
5.136343588674208149e-06
1.256983796338317916e-05
5.088516445539426059e-06
1.081279424397507682e-05
9.294349183619488031e-06
2.178607428504619747e-05
3.665039230327238329e-06
8.475345566694159061e-06
1.117804094974417239e-05
6.726883384544635192e-06
8.551018254365772009e-06
5.100293550640344620e-03
