4.00 50000.00 4.00 100000.00 0.05 0.25 1.00 0.01 99.14 0.72 100.00 91.29 3.54 96.33 0.83 47.35 175.25 7.10 Ionosphere_0 
5.00 50000.00 4.00 100000.00 0.05 0.25 1.00 0.01 99.13 0.08 99.18 96.59 0.38 97.62 0.02 41.30 299.25 9.78 Cancer_0 
5.00 5000.00 4.00 100000.00 0.05 0.25 1.00 0.01 97.21 0.16 97.55 98.52 0.16 99.05 1.48 45.02 285.73 3.66 Cancer_1 
5.00 5000.00 4.00 100000.00 0.05 0.25 1.00 0.01 97.18 0.23 97.96 98.08 0.27 98.57 2.62 46.48 311.05 3.55 Cancer_2 
5.00 10000.00 4.00 100000.00 0.10 0.50 1.00 0.01 97.35 0.20 97.55 97.53 0.33 98.57 3.50 38.59 187.97 3.10 Cancer_8 
5.00 10000.00 4.00 100000.00 0.10 0.50 1.00 0.01 97.05 0.24 97.34 98.30 0.26 99.05 0.07 23.64 307.59 3.37 Cancer_9 
5.00 10000.00 4.00 100000.00 0.10 0.50 1.00 0.01 97.27 0.19 97.96 98.05 0.19 98.57 0.18 40.22 187.72 3.51 Cancer_10 
5.00 10000.00 4.00 100000.00 0.50 0.50 0.00 0.01 70.14 13.71 89.78 81.88 21.03 97.62 1.51 52.93 296.79 1.66 Cancer_13 
5.00 10000.00 4.00 100000.00 0.50 0.50 0.00 0.01 78.94 8.71 93.46 86.59 4.57 96.67 1.88 51.88 261.88 1.72 Cancer_14 
5.00 10000.00 4.00 100000.00 0.05 0.50 0.00 0.01 38.55 2.65 39.67 22.02 2.67 37.62 0.12 34.00 325.22 3.34 Cancer_15 
5.00 10000.00 4.00 100000.00 0.05 0.50 0.00 0.01 33.83 19.43 65.44 38.53 28.77 85.71 2.53 34.53 352.88 2.89 Cancer_16 
5.00 10000.00 4.00 100000.00 0.05 0.50 0.00 0.01 94.43 1.94 96.11 97.94 0.83 99.52 3.04 30.84 299.27 3.14 Cancer_18 
5.00 10000.00 4.00 100000.00 0.05 0.50 0.00 0.01 67.99 8.46 91.00 80.69 9.21 97.14 0.71 33.33 354.67 3.20 Cancer_20 
5.00 10000.00 4.00 100000.00 0.05 0.50 0.00 0.01 60.33 0.00 60.33 77.62 0.00 77.62 0.17 36.92 336.06 3.41 Cancer_21 
5.00 10000.00 4.00 100000.00 0.05 0.50 0.00 0.01 60.33 0.00 60.33 77.62 0.00 77.62 0.01 43.53 312.54 3.26 Cancer_22 
