-335.92310 0.00000
-336.07920 0.00000
-335.95430 0.00000
-335.85950 0.00000
-336.01120 0.00000
-336.67930 0.00000
-336.35350 0.00000
-335.52430 0.00000
-336.10950 0.00000
-336.36380 0.00000
-336.17270 0.00000
-336.33860 0.00000
-335.92430 0.00000
-336.57420 0.00000
-335.56600 0.00000
-336.31020 0.00000
-335.73350 0.00000
-335.78530 0.00000
-334.96970 0.00000
-335.48170 0.00000
-334.91970 0.00000
-335.09990 0.00000
-334.92260 0.00000
-334.64110 0.00000
-334.27870 0.00000
-334.70560 0.00000
-334.50820 0.00000
-334.99970 0.00000
-335.40250 0.00000
-334.55870 0.00000
-334.83530 0.00000
-335.93220 0.00000
-334.85830 0.00000
-334.96780 0.00000
-333.96130 0.00000
-334.05280 0.00000
-333.69300 0.00000
-334.97550 0.00000
-334.32220 0.00000
-334.06720 0.00000
-334.03390 0.00000
-334.57160 0.00000
-334.31580 0.00000
-335.00540 0.00000
-334.14440 0.00000
-334.15090 0.00000
-334.00040 0.00000
-334.15160 0.00000
-334.39930 0.00000
-334.97790 0.00000
-335.28360 0.00000
-334.89390 0.00000
-335.75490 0.00000
-334.72750 0.00000
-335.67130 0.00000
-335.21970 0.00000
-335.01150 0.00000
-334.85950 0.00000
-335.02620 0.00000
-335.64820 0.00000
-334.73250 0.00000
-335.36050 0.00000
-335.19520 0.00000
-334.92010 0.00000
-335.29360 0.00000
-335.45260 0.00000
-336.21570 0.00000
-335.19780 0.00000
-334.30050 0.00000
-334.27510 0.00000
-334.52310 0.00000
-333.74730 0.00000
-333.83990 0.00000
-334.01950 0.00000
-333.57780 0.00000
-333.23040 0.00000
-332.96730 0.00000
-334.01090 0.00000
-332.54570 0.00000
-332.49590 0.00000
-332.54300 0.00000
-332.21430 0.00000
-333.05560 0.00000
-333.04410 0.00000
-333.92010 0.00000
-332.45250 0.00000
-332.28580 0.00000
-331.87100 0.00000
-331.90780 0.00000
-332.79010 0.00000
-331.75640 0.00000
-331.19610 0.00000
-330.62040 0.00000
-330.51660 0.00000
-330.59380 0.00000
-331.18020 0.00000
-331.10950 0.00000
-331.36390 0.00000
-331.89560 0.00000
-331.13430 0.00000
-330.76790 0.00000
-332.65470 0.00000
-332.77860 0.00000
-332.80950 0.00000
-332.30390 0.00000
-332.61840 0.00000
-332.23510 0.00000
-332.26370 0.00000
-331.77050 0.00000
-331.72190 0.00000
-332.03230 0.00000
-331.53520 0.00000
-332.32680 0.00000
-331.38160 0.00000
-332.11520 0.00000
-332.77500 0.00000
-332.41720 0.00000
-331.85560 0.00000
-332.24090 0.00000
-333.04220 0.00000
-333.04710 0.00000
-331.70510 0.00000
-331.51610 0.00000
-331.19020 0.00000
-330.88980 0.00000
-330.94230 0.00000
-330.83970 0.00000
-331.31680 0.00000
-330.64520 0.00000
-331.06750 0.00000
-329.98270 0.00000
-329.85760 0.00000
-330.38400 0.00000
-329.78070 0.00000
-329.27920 0.00000
-329.54830 0.00000
-329.24320 0.00000
-328.76590 0.00000
-328.71480 0.00000
-328.92780 0.00000
-328.45290 0.00000
-328.12400 0.00000
-328.42650 0.00000
-327.98110 0.00000
-328.51250 0.00000
-328.22640 0.00000
-328.04840 0.00000
-327.84560 0.00000
-328.75440 0.00000
-329.69950 0.00000
-328.84020 0.00000
-329.53790 0.00000
-328.37670 0.00000
-328.11070 0.00000
-328.54250 0.00000
-328.80300 0.00000
-328.46340 0.00000
-328.57270 0.00000
-328.52960 0.00000
-329.39950 0.00000
-329.49610 0.00000
-329.90010 0.00000
-329.79850 0.00000
-329.65170 0.00000
-329.23610 0.00000
-329.69480 0.00000
-329.71830 0.00000
-329.60160 0.00000
-329.34550 0.00000
-329.23430 0.00000
-329.04140 0.00000
-330.54790 0.00000
-331.15510 0.00000
-331.14700 0.00000
-330.51470 0.00000
-331.63140 0.00000
-330.54690 0.00000
-330.72550 0.00000
-330.86340 0.00000
-331.73740 0.00000
-331.78230 0.00000
-330.97820 0.00000
-331.01190 0.00000
-331.32290 0.00000
-331.12870 0.00000
-330.85850 0.00000
-331.72580 0.00000
-331.82660 0.00000
-331.79470 0.00000
-331.63240 0.00000
-331.30700 0.00000
-330.25710 0.00000
-331.01420 0.00000
-331.34800 0.00000
-331.49210 0.00000
-332.32490 0.00000
-332.78810 0.00000
-333.16760 0.00000
-333.38110 0.00000
-333.78330 0.00000
-331.82880 0.00000
-333.89420 0.00000
-333.94150 0.00000
-334.66820 0.00000
-334.29650 0.00000
-334.73400 0.00000
-334.71640 0.00000
-334.20380 0.00000
-335.33060 0.00000
-336.05820 0.00000
-335.13750 0.00000
-335.81290 0.00000
-336.05050 0.00000
-335.61990 0.00000
-336.21790 0.00000
-336.23020 0.00000
-335.43340 0.00000
-335.71880 0.00000
-335.40680 0.00000
-335.33400 0.00000
-335.35330 0.00000
-335.89680 0.00000
-335.63090 0.00000
-335.70280 0.00000
-336.15810 0.00000
-336.39340 0.00000
-335.54560 0.00000
-334.53540 0.00000
-335.90620 0.00000
-335.73550 0.00000
-334.56510 0.00000
-334.39940 0.00000
-334.75940 0.00000
-334.75070 0.00000
-335.05490 0.00000
-334.59160 0.00000
-334.07150 0.00000
-334.40220 0.00000
-334.18520 0.00000
-333.32430 0.00000
-333.09710 0.00000
-332.84270 0.00000
-332.77120 0.00000
-333.10670 0.00000
-332.65940 0.00000
-332.74210 0.00000
-332.69240 0.00000
-331.75370 0.00000
-332.44450 0.00000
-332.05300 0.00000
-331.67290 0.00000
-330.75050 0.00000
-329.90780 0.00000
-328.58300 0.00000
-328.89360 0.00000
-328.13640 0.00000
-327.94920 0.00000
-327.27420 0.00000
-327.33090 0.00000
-326.92840 0.00000
-327.60460 0.00000
-327.93030 0.00000
-327.33010 0.00000
-327.36420 0.00000
-327.02960 0.00000
-327.46100 0.00000
-327.52930 0.00000
-327.73040 0.00000
-327.07550 0.00000
-327.02050 0.00000
-327.35180 0.00000
-327.19600 0.00000
-326.65190 0.00000
-327.31850 0.00000
-327.14640 0.00000
-327.64330 0.00000
-326.88830 0.00000
-327.08390 0.00000
-326.82910 0.00000
-326.38220 0.00000
-325.65480 0.00000
-325.98040 0.00000
-326.52140 0.00000
-326.79670 0.00000
-326.71050 0.00000
-326.54560 0.00000
-326.95260 0.00000
-326.38080 0.00000
-327.07640 0.00000
-327.80070 0.00000
-327.68210 0.00000
-327.85150 0.00000
-328.13940 0.00000
-328.98180 0.00000
-329.01520 0.00000
-328.69390 0.00000
-328.59520 0.00000
-327.98420 0.00000
-328.06800 0.00000
-328.42600 0.00000
-328.76340 0.00000
-332.36280 0.00000
-331.74520 0.00000
-332.45170 0.00000
-331.73280 0.00000
-331.90850 0.00000
-332.19450 0.00000
-331.55160 0.00000
-331.54560 0.00000
-332.31080 0.00000
-331.64320 0.00000
-331.89290 0.00000
-332.34760 0.00000
-331.63000 0.00000
-331.88440 0.00000
-331.37130 0.00000
-331.57360 0.00000
-331.29470 0.00000
-331.35020 0.00000
-331.15970 0.00000
-331.54790 0.00000
-331.69210 0.00000
-332.28050 0.00000
-332.40420 0.00000
-331.61130 0.00000
-332.42770 0.00000
-332.58160 0.00000
-332.99920 0.00000
-333.48220 0.00000
-332.61700 0.00000
-332.47570 0.00000
-331.43300 0.00000
-332.37850 0.00000
-332.53550 0.00000
-332.43520 0.00000
-332.49790 0.00000
-332.22620 0.00000
-332.12640 0.00000
-332.05090 0.00000
-332.20750 0.00000
-332.40820 0.00000
-333.21720 0.00000
-333.48470 0.00000
-332.73570 0.00000
-332.57310 0.00000
-332.20210 0.00000
-333.08410 0.00000
-333.05410 0.00000
-332.16730 0.00000
-331.54260 0.00000
-330.79190 0.00000
-330.80550 0.00000
-330.84360 0.00000
-330.77140 0.00000
-330.68090 0.00000
-331.29420 0.00000
-331.79670 0.00000
-331.52100 0.00000
-331.91730 0.00000
-332.06510 0.00000
-332.23450 0.00000
-331.83690 0.00000
-333.04470 0.00000
-332.88330 0.00000
-334.38390 0.00000
-334.02160 0.00000
-334.09650 0.00000
-333.77590 0.00000
-334.01360 0.00000
-333.71640 0.00000
-334.09450 0.00000
-334.29660 0.00000
-334.64780 0.00000
-334.26370 0.00000
-333.90220 0.00000
-332.91180 0.00000
-332.70500 0.00000
-332.74480 0.00000
-332.61160 0.00000
-332.65880 0.00000
-333.40510 0.00000
-332.56970 0.00000
-333.04310 0.00000
-333.67910 0.00000
-333.16610 0.00000
-333.28840 0.00000
-332.75330 0.00000
-332.18140 0.00000
-333.36250 0.00000
-332.64870 0.00000
-332.43290 0.00000
-332.28310 0.00000
-332.80270 0.00000
-332.82550 0.00000
-333.00550 0.00000
-331.81260 0.00000
-332.66150 0.00000
-332.56420 0.00000
-332.93690 0.00000
-333.44320 0.00000
-333.44900 0.00000
-331.05760 0.00000
-330.62630 0.00000
-330.42950 0.00000
-329.59420 0.00000
-329.71520 0.00000
-329.27780 0.00000
-328.46910 0.00000
-328.91650 0.00000
-328.26350 0.00000
-327.90360 0.00000
-327.45360 0.00000
-327.75590 0.00000
-327.19520 0.00000
-327.72280 0.00000
-327.42080 0.00000
-327.87130 0.00000
-327.95390 0.00000
-327.38600 0.00000
-327.08920 0.00000
-326.92890 0.00000
-326.63680 0.00000
-326.25680 0.00000
-326.37130 0.00000
-326.78110 0.00000
-326.30220 0.00000
-326.22470 0.00000
-326.20070 0.00000
-325.78860 0.00000
-325.33110 0.00000
-325.75640 0.00000
-325.37370 0.00000
-324.77210 0.00000
-324.84690 0.00000
-324.54700 0.00000
-324.15170 0.00000
-324.52990 0.00000
-324.34760 0.00000
-324.56370 0.00000
-324.05510 0.00000
-323.94020 0.00000
-324.96710 0.00000
-323.62850 0.00000
-325.59210 0.00000
-324.43650 0.00000
-324.16330 0.00000
-324.27230 0.00000
-323.89540 0.00000
-324.59330 0.00000
-324.28940 0.00000
-324.18110 0.00000
-323.35130 0.00000
-324.03110 0.00000
-324.38390 0.00000
-323.89530 0.00000
-323.56240 0.00000
-323.78820 0.00000
-324.04090 0.00000
-323.95640 0.00000
-324.94590 0.00000
-325.42140 0.00000
-324.63560 0.00000
-324.88920 0.00000
-325.33180 0.00000
-324.34160 0.00000
-324.56300 0.00000
-323.80410 0.00000
-324.01920 0.00000
-324.31630 0.00000
-324.74870 0.00000
-324.71870 0.00000
-323.96410 0.00000
-323.97280 0.00000
-324.02110 0.00000
-323.07990 0.00000
-323.36710 0.00000
-323.18030 0.00000
-323.20600 0.00000
-322.49580 0.00000
-323.04330 0.00000
-323.30510 0.00000
-322.46340 0.00000
-321.99880 0.00000
-321.88000 0.00000
-322.44550 0.00000
-322.71700 0.00000
-322.96750 0.00000
-322.69920 0.00000
-322.34040 0.00000
-322.80740 0.00000
-322.39050 0.00000
-322.44160 0.00000
-323.54420 0.00000
-324.23720 0.00000
-324.37270 0.00000
-324.13610 0.00000
-323.76150 0.00000
-324.20630 0.00000
-323.94980 0.00000
-335.92310 0.00000
-336.07920 0.00000
-335.95430 0.00000
-335.85950 0.00000
-336.01120 0.00000
-336.67930 0.00000
-337.04290 0.00000
-336.20170 0.00000
-336.78540 0.00000
-337.05390 0.00000
-336.59090 0.00000
-336.73600 0.00000
-336.23950 0.00000
-336.91140 0.00000
-335.83970 0.00000
-336.54990 0.00000
-335.96950 0.00000
-336.00470 0.00000
-335.17680 0.00000
-335.72060 0.00000
-335.68730 0.00000
-335.88550 0.00000
-335.59410 0.00000
-335.29870 0.00000
-334.93470 0.00000
-335.39830 0.00000
-335.19410 0.00000
-335.63220 0.00000
-335.98040 0.00000
-335.57980 0.00000
-335.86000 0.00000
-336.93250 0.00000
-337.18670 0.00000
-337.29410 0.00000
-336.27860 0.00000
-336.34860 0.00000
-336.09360 0.00000
-337.34900 0.00000
-336.62890 0.00000
-336.35660 0.00000
-336.32380 0.00000
-336.82580 0.00000
-336.64260 0.00000
-337.33440 0.00000
-336.43720 0.00000
-336.38750 0.00000
-336.21870 0.00000
-336.34620 0.00000
-336.54550 0.00000
-337.12280 0.00000
-336.90070 0.00000
-336.17800 0.00000
-337.14520 0.00000
-336.05660 0.00000
-336.85490 0.00000
-336.55900 0.00000
-336.28860 0.00000
-336.10460 0.00000
-336.32100 0.00000
-336.92910 0.00000
-335.93110 0.00000
-336.32990 0.00000
-336.19900 0.00000
-336.00790 0.00000
-336.39530 0.00000
-336.21650 0.00000
-336.90010 0.00000
-336.54830 0.00000
-335.81980 0.00000
-335.74510 0.00000
-335.86350 0.00000
-335.40110 0.00000
-335.47840 0.00000
-335.67290 0.00000
-335.40320 0.00000
-335.09320 0.00000
-334.80570 0.00000
-335.81550 0.00000
-334.39820 0.00000
-334.34820 0.00000
-334.40820 0.00000
-334.17420 0.00000
-334.92950 0.00000
-334.21570 0.00000
-334.99590 0.00000
-334.35080 0.00000
-334.15960 0.00000
-333.74780 0.00000
-333.73500 0.00000
-334.42000 0.00000
-333.52220 0.00000
-332.84670 0.00000
-332.30750 0.00000
-332.11710 0.00000
-332.19530 0.00000
-332.93090 0.00000
-332.81690 0.00000
-333.08840 0.00000
-333.65180 0.00000
-333.39230 0.00000
-332.94690 0.00000
-330.41640 0.00000
-330.62000 0.00000
-330.81520 0.00000
-330.43960 0.00000
-330.72940 0.00000
-330.63000 0.00000
-330.59630 0.00000
-330.15370 0.00000
-330.04240 0.00000
-330.34390 0.00000
-330.09370 0.00000
-330.70540 0.00000
-330.05900 0.00000
-330.60030 0.00000
-330.78960 0.00000
-329.77110 0.00000
-329.37370 0.00000
-330.24190 0.00000
-330.87880 0.00000
-330.64550 0.00000
-329.39070 0.00000
-329.04470 0.00000
-328.86520 0.00000
-328.62050 0.00000
-328.75550 0.00000
-328.70560 0.00000
-329.19490 0.00000
-329.19340 0.00000
-329.62530 0.00000
-329.19720 0.00000
-328.96800 0.00000
-329.14940 0.00000
-329.08060 0.00000
-328.46450 0.00000
-328.95680 0.00000
-328.93070 0.00000
-328.51940 0.00000
-328.88260 0.00000
-329.08960 0.00000
-329.09590 0.00000
-328.78880 0.00000
-328.93500 0.00000
-328.59390 0.00000
-329.16440 0.00000
-328.88970 0.00000
-328.87850 0.00000
-328.76260 0.00000
-329.53720 0.00000
-330.46980 0.00000
-329.68740 0.00000
-330.34040 0.00000
-328.99550 0.00000
-329.27300 0.00000
-329.87480 0.00000
-330.35010 0.00000
-329.55050 0.00000
-329.80540 0.00000
-329.84250 0.00000
-330.61600 0.00000
-330.08920 0.00000
-330.48090 0.00000
-330.27920 0.00000
-330.08270 0.00000
-329.70840 0.00000
-330.55960 0.00000
-330.26200 0.00000
-330.09720 0.00000
-330.08830 0.00000
-330.03890 0.00000
-330.01580 0.00000
-331.32240 0.00000
-332.02740 0.00000
-332.48880 0.00000
-331.08600 0.00000
-332.43330 0.00000
-331.18320 0.00000
-331.59100 0.00000
-331.73250 0.00000
-332.70540 0.00000
-332.55840 0.00000
-332.05120 0.00000
-331.83910 0.00000
-332.19950 0.00000
-331.76160 0.00000
-331.62770 0.00000
-332.54350 0.00000
-332.41460 0.00000
-332.27370 0.00000
-332.49220 0.00000
-332.69180 0.00000
-331.68330 0.00000
-332.32150 0.00000
-332.76930 0.00000
-332.72810 0.00000
-333.49400 0.00000
-333.66100 0.00000
-333.99410 0.00000
-333.90950 0.00000
-334.06940 0.00000
-332.60820 0.00000
-332.19650 0.00000
-332.20600 0.00000
-332.54570 0.00000
-331.25110 0.00000
-332.03710 0.00000
-331.78400 0.00000
-331.46240 0.00000
-332.48520 0.00000
-332.67850 0.00000
-330.99770 0.00000
-331.67890 0.00000
-332.02460 0.00000
-331.67780 0.00000
-332.29790 0.00000
-332.18900 0.00000
-331.46140 0.00000
-331.97250 0.00000
-331.50330 0.00000
-331.57130 0.00000
-331.33060 0.00000
-332.11770 0.00000
-331.33560 0.00000
-332.06050 0.00000
-332.54900 0.00000
-332.53670 0.00000
-331.49520 0.00000
-330.74600 0.00000
-332.14750 0.00000
-331.59160 0.00000
-330.42930 0.00000
-331.65390 0.00000
-332.21810 0.00000
-332.04920 0.00000
-332.28280 0.00000
-331.90450 0.00000
-331.23560 0.00000
-331.47600 0.00000
-331.61990 0.00000
-330.71360 0.00000
-331.72860 0.00000
-331.77990 0.00000
-332.01930 0.00000
-332.27800 0.00000
-331.36790 0.00000
-331.91540 0.00000
-331.97470 0.00000
-330.76080 0.00000
-331.71030 0.00000
-331.13470 0.00000
-331.51880 0.00000
-330.89560 0.00000
-331.12840 0.00000
-330.60730 0.00000
-332.37240 0.00000
-331.01320 0.00000
-331.61170 0.00000
-331.30020 0.00000
-331.73460 0.00000
-331.53210 0.00000
-332.24430 0.00000
-332.34590 0.00000
-330.66580 0.00000
-331.99010 0.00000
-331.41800 0.00000
-332.05200 0.00000
-331.64350 0.00000
-331.75670 0.00000
-330.93840 0.00000
-331.79710 0.00000
-332.17530 0.00000
-331.98310 0.00000
-331.42510 0.00000
-332.42350 0.00000
-331.54770 0.00000
-332.68050 0.00000
-331.76300 0.00000
-331.77200 0.00000
-331.63630 0.00000
-331.71520 0.00000
-331.32570 0.00000
-332.44410 0.00000
-332.17130 0.00000
-332.18570 0.00000
-332.05810 0.00000
-331.91460 0.00000
-331.93970 0.00000
-331.41360 0.00000
-332.45850 0.00000
-332.23760 0.00000
-331.92380 0.00000
-331.49590 0.00000
-331.96030 0.00000
-332.49850 0.00000
-332.40540 0.00000
-331.61430 0.00000
-331.75130 0.00000
-331.26180 0.00000
-331.89850 0.00000
-331.85440 0.00000
-332.00840 0.00000
-329.18890 0.00000
-328.65910 0.00000
-329.61840 0.00000
-328.83590 0.00000
-328.63230 0.00000
-329.19870 0.00000
-328.87880 0.00000
-328.61630 0.00000
-329.08350 0.00000
-328.84250 0.00000
-329.10140 0.00000
-329.40430 0.00000
-328.45800 0.00000
-328.72250 0.00000
-328.62540 0.00000
-328.72050 0.00000
-328.67350 0.00000
-328.80660 0.00000
-328.65080 0.00000
-328.97390 0.00000
-329.52330 0.00000
-329.97330 0.00000
-329.61180 0.00000
-329.37370 0.00000
-329.53780 0.00000
-329.93810 0.00000
-330.43460 0.00000
-331.28860 0.00000
-330.18360 0.00000
-330.21100 0.00000
-329.79190 0.00000
-331.34220 0.00000
-330.81400 0.00000
-330.91390 0.00000
-330.85340 0.00000
-330.95520 0.00000
-330.62850 0.00000
-330.93370 0.00000
-330.58850 0.00000
-330.53910 0.00000
-330.96570 0.00000
-331.38500 0.00000
-331.33860 0.00000
-331.47270 0.00000
-330.87860 0.00000
-331.21370 0.00000
-331.44440 0.00000
-329.61240 0.00000
-329.22710 0.00000
-328.82250 0.00000
-329.27640 0.00000
-328.43670 0.00000
-328.63000 0.00000
-327.78770 0.00000
-328.41350 0.00000
-327.96380 0.00000
-328.02540 0.00000
-328.16910 0.00000
-328.50930 0.00000
-328.91520 0.00000
-327.73450 0.00000
-329.06730 0.00000
-328.90180 0.00000
-329.90830 0.00000
-331.22150 0.00000
-329.82930 0.00000
-329.42970 0.00000
-329.74310 0.00000
-329.61290 0.00000
-330.18440 0.00000
-330.53710 0.00000
-330.66270 0.00000
-330.73400 0.00000
-330.58310 0.00000
-329.32080 0.00000
-329.12980 0.00000
-329.26710 0.00000
-329.20560 0.00000
-329.33030 0.00000
-329.86950 0.00000
-329.65490 0.00000
-330.37590 0.00000
-331.01620 0.00000
-331.34720 0.00000
-331.08230 0.00000
-330.59770 0.00000
-330.82960 0.00000
-330.99410 0.00000
-330.73270 0.00000
-330.89860 0.00000
-330.73660 0.00000
-331.61650 0.00000
-330.71340 0.00000
-331.23820 0.00000
-330.01960 0.00000
-331.16420 0.00000
-331.04130 0.00000
-331.46020 0.00000
-331.81910 0.00000
-332.03390 0.00000
-332.23730 0.00000
-332.61890 0.00000
-332.64660 0.00000
-332.76760 0.00000
-333.86350 0.00000
-332.77010 0.00000
-333.24070 0.00000
-334.05970 0.00000
-333.23430 0.00000
-333.46930 0.00000
-332.84400 0.00000
-333.72520 0.00000
-332.82670 0.00000
-334.26600 0.00000
-333.26520 0.00000
-333.43340 0.00000
-333.94070 0.00000
-333.37380 0.00000
-332.80530 0.00000
-332.45770 0.00000
-332.47590 0.00000
-332.80780 0.00000
-332.98750 0.00000
-333.38220 0.00000
-332.88420 0.00000
-332.82450 0.00000
-333.12150 0.00000
-332.62230 0.00000
-332.40550 0.00000
-332.43780 0.00000
-332.94780 0.00000
-332.18760 0.00000
-332.32140 0.00000
-332.14400 0.00000
-331.44000 0.00000
-331.57480 0.00000
-330.83010 0.00000
-331.03130 0.00000
-330.32860 0.00000
-330.84080 0.00000
-331.14450 0.00000
-330.52100 0.00000
-332.02740 0.00000
-330.39490 0.00000
-330.10330 0.00000
-330.53200 0.00000
-330.32730 0.00000
-330.64260 0.00000
-330.44820 0.00000
-330.84560 0.00000
-329.44720 0.00000
-329.46460 0.00000
-329.70570 0.00000
-329.39670 0.00000
-328.97750 0.00000
-329.03840 0.00000
-329.23770 0.00000
-329.06670 0.00000
-330.02680 0.00000
-330.19290 0.00000
-329.55450 0.00000
-330.01430 0.00000
-330.36490 0.00000
-329.77270 0.00000
-329.67590 0.00000
-328.96380 0.00000
-329.06770 0.00000
-329.67720 0.00000
-329.69280 0.00000
-329.21120 0.00000
-328.64540 0.00000
-328.50740 0.00000
-328.81090 0.00000
-327.75570 0.00000
-327.88150 0.00000
-328.15770 0.00000
-327.56950 0.00000
-327.15700 0.00000
-327.74230 0.00000
-328.18190 0.00000
-327.26590 0.00000
-327.29870 0.00000
-327.03450 0.00000
-327.58970 0.00000
-327.74810 0.00000
-328.01550 0.00000
-327.81280 0.00000
-327.97100 0.00000
-328.56740 0.00000
-327.34380 0.00000
-328.18830 0.00000
-329.11240 0.00000
-328.68370 0.00000
-328.10520 0.00000
-327.81160 0.00000
-327.79470 0.00000
-327.95370 0.00000
-327.48240 0.00000
-335.92310 0.00000
-335.40240 0.00000
-335.13140 0.00000
-335.02520 0.00000
-335.19890 0.00000
-335.88830 0.00000
-336.26740 0.00000
-335.78410 0.00000
-336.38390 0.00000
-336.67100 0.00000
-336.48360 0.00000
-336.58640 0.00000
-336.07460 0.00000
-336.71990 0.00000
-335.67810 0.00000
-336.40930 0.00000
-335.79820 0.00000
-335.81700 0.00000
-334.98410 0.00000
-335.52810 0.00000
-334.96740 0.00000
-335.14930 0.00000
-334.70730 0.00000
-334.37560 0.00000
-334.01240 0.00000
-334.49080 0.00000
-334.30680 0.00000
-334.47520 0.00000
-334.86770 0.00000
-334.42570 0.00000
-334.67450 0.00000
-336.05840 0.00000
-334.97660 0.00000
-335.11430 0.00000
-334.06100 0.00000
-334.13590 0.00000
-333.86580 0.00000
-335.16650 0.00000
-333.21940 0.00000
-333.01560 0.00000
-332.96570 0.00000
-333.53710 0.00000
-333.28110 0.00000
-333.95900 0.00000
-333.08410 0.00000
-333.11000 0.00000
-332.98120 0.00000
-333.14920 0.00000
-333.51640 0.00000
-334.05410 0.00000
-334.33770 0.00000
-333.98660 0.00000
-334.78000 0.00000
-333.77830 0.00000
-334.73410 0.00000
-335.19390 0.00000
-334.46220 0.00000
-334.28080 0.00000
-334.39540 0.00000
-335.06990 0.00000
-334.73920 0.00000
-335.41020 0.00000
-335.09290 0.00000
-334.88050 0.00000
-335.19450 0.00000
-335.12700 0.00000
-335.87600 0.00000
-335.64020 0.00000
-334.82130 0.00000
-334.86190 0.00000
-335.01920 0.00000
-334.64000 0.00000
-334.73070 0.00000
-334.72200 0.00000
-334.28620 0.00000
-333.96400 0.00000
-333.78900 0.00000
-334.94440 0.00000
-334.74820 0.00000
-334.73150 0.00000
-334.81010 0.00000
-334.31150 0.00000
-335.09200 0.00000
-334.63300 0.00000
-335.49240 0.00000
-334.97270 0.00000
-334.60770 0.00000
-334.50300 0.00000
-334.62680 0.00000
-335.65650 0.00000
-335.33910 0.00000
-334.89430 0.00000
-334.34770 0.00000
-334.44630 0.00000
-334.58940 0.00000
-334.99370 0.00000
-334.90160 0.00000
-335.04580 0.00000
-335.52260 0.00000
-335.17890 0.00000
-334.93050 0.00000
-333.61540 0.00000
-333.79670 0.00000
-333.91530 0.00000
-333.45370 0.00000
-333.35470 0.00000
-333.15360 0.00000
-333.15100 0.00000
-332.73000 0.00000
-333.06560 0.00000
-333.56650 0.00000
-333.46660 0.00000
-334.11240 0.00000
-333.96140 0.00000
-334.50580 0.00000
-335.11730 0.00000
-334.79270 0.00000
-334.29650 0.00000
-334.66260 0.00000
-335.36330 0.00000
-335.33970 0.00000
-333.98250 0.00000
-333.78960 0.00000
-333.58120 0.00000
-333.30640 0.00000
-333.32250 0.00000
-333.24090 0.00000
-333.77950 0.00000
-333.14030 0.00000
-333.71960 0.00000
-332.62040 0.00000
-333.21910 0.00000
-333.67780 0.00000
-333.10110 0.00000
-332.46320 0.00000
-332.67830 0.00000
-332.41590 0.00000
-331.97050 0.00000
-332.00270 0.00000
-332.09790 0.00000
-331.86870 0.00000
-331.63300 0.00000
-331.90930 0.00000
-331.75000 0.00000
-332.04360 0.00000
-331.81080 0.00000
-331.69130 0.00000
-331.57660 0.00000
-332.36630 0.00000
-332.45800 0.00000
-330.47530 0.00000
-331.31230 0.00000
-330.91430 0.00000
-330.87720 0.00000
-331.26280 0.00000
-331.67830 0.00000
-331.09460 0.00000
-331.20180 0.00000
-331.13160 0.00000
-332.06250 0.00000
-332.11850 0.00000
-332.74070 0.00000
-332.69870 0.00000
-332.47920 0.00000
-332.11580 0.00000
-332.55890 0.00000
-331.99990 0.00000
-331.80870 0.00000
-331.22710 0.00000
-330.78050 0.00000
-330.66120 0.00000
-331.88020 0.00000
-332.55230 0.00000
-332.35150 0.00000
-331.91140 0.00000
-332.71770 0.00000
-331.90500 0.00000
-331.52020 0.00000
-331.21390 0.00000
-331.67880 0.00000
-332.34630 0.00000
-332.00290 0.00000
-331.84780 0.00000
-331.75230 0.00000
-331.57210 0.00000
-331.20750 0.00000
-331.76200 0.00000
-332.53990 0.00000
-332.26720 0.00000
-332.73070 0.00000
-332.75520 0.00000
-331.91950 0.00000
-331.99090 0.00000
-331.98490 0.00000
-332.23140 0.00000
-332.93840 0.00000
-333.26630 0.00000
-333.49820 0.00000
-334.13790 0.00000
-335.14210 0.00000
-334.04010 0.00000
-336.56770 0.00000
-336.83960 0.00000
-337.26580 0.00000
-337.19300 0.00000
-337.67750 0.00000
-337.33080 0.00000
-336.53690 0.00000
-337.77360 0.00000
-337.96110 0.00000
-336.91140 0.00000
-336.34670 0.00000
-337.41810 0.00000
-336.83400 0.00000
-337.59490 0.00000
-337.40050 0.00000
-336.60410 0.00000
-336.29690 0.00000
-335.92010 0.00000
-335.65120 0.00000
-335.79450 0.00000
-335.86000 0.00000
-335.56200 0.00000
-335.71410 0.00000
-336.23910 0.00000
-337.03540 0.00000
-336.05450 0.00000
-334.74500 0.00000
-336.32410 0.00000
-335.82970 0.00000
-334.50310 0.00000
-334.22400 0.00000
-335.05240 0.00000
-335.28940 0.00000
-335.34350 0.00000
-335.42630 0.00000
-335.04650 0.00000
-334.64020 0.00000
-334.60750 0.00000
-333.65220 0.00000
-334.14040 0.00000
-334.23570 0.00000
-334.65490 0.00000
-334.49420 0.00000
-333.61070 0.00000
-333.82510 0.00000
-333.95610 0.00000
-333.03160 0.00000
-332.67290 0.00000
-332.05830 0.00000
-331.69880 0.00000
-330.97930 0.00000
-330.61850 0.00000
-329.91050 0.00000
-330.38220 0.00000
-329.86340 0.00000
-329.98520 0.00000
-329.87830 0.00000
-329.46000 0.00000
-330.02690 0.00000
-330.41240 0.00000
-330.76680 0.00000
-330.53930 0.00000
-330.41960 0.00000
-330.28080 0.00000
-330.91800 0.00000
-330.49780 0.00000
-330.87200 0.00000
-330.43550 0.00000
-330.60900 0.00000
-330.77400 0.00000
-331.01260 0.00000
-330.57660 0.00000
-331.49350 0.00000
-330.39280 0.00000
-330.51000 0.00000
-329.86960 0.00000
-329.77860 0.00000
-329.91300 0.00000
-328.95840 0.00000
-327.71250 0.00000
-327.74040 0.00000
-328.20040 0.00000
-328.03230 0.00000
-328.22010 0.00000
-328.53900 0.00000
-328.52840 0.00000
-328.05650 0.00000
-329.12220 0.00000
-329.95040 0.00000
-329.67550 0.00000
-330.23820 0.00000
-330.50170 0.00000
-330.98580 0.00000
-330.29860 0.00000
-329.69550 0.00000
-329.53050 0.00000
-328.53740 0.00000
-328.50860 0.00000
-329.04500 0.00000
-328.67240 0.00000
-329.10840 0.00000
-329.31010 0.00000
-329.99770 0.00000
-329.78200 0.00000
-329.62090 0.00000
-330.07920 0.00000
-330.26240 0.00000
-329.86080 0.00000
-330.45280 0.00000
-330.36210 0.00000
-330.80150 0.00000
-330.65030 0.00000
-329.66820 0.00000
-329.95730 0.00000
-329.77120 0.00000
-329.94860 0.00000
-329.74290 0.00000
-329.88080 0.00000
-329.66380 0.00000
-329.83970 0.00000
-330.27980 0.00000
-330.87460 0.00000
-330.77580 0.00000
-330.66070 0.00000
-330.97510 0.00000
-331.46390 0.00000
-332.05840 0.00000
-332.44270 0.00000
-332.18120 0.00000
-332.41250 0.00000
-331.42380 0.00000
-333.08010 0.00000
-332.79740 0.00000
-332.83180 0.00000
-332.53340 0.00000
-332.54460 0.00000
-332.89430 0.00000
-333.31640 0.00000
-333.07900 0.00000
-332.56780 0.00000
-333.30490 0.00000
-333.43460 0.00000
-332.52180 0.00000
-332.94790 0.00000
-332.21460 0.00000
-333.07400 0.00000
-333.72620 0.00000
-331.67450 0.00000
-331.11090 0.00000
-330.47030 0.00000
-330.84360 0.00000
-330.42780 0.00000
-330.48490 0.00000
-329.77050 0.00000
-330.46640 0.00000
-329.87240 0.00000
-329.72290 0.00000
-329.88330 0.00000
-330.17240 0.00000
-330.59630 0.00000
-330.07440 0.00000
-331.03190 0.00000
-330.83720 0.00000
-332.12730 0.00000
-332.18720 0.00000
-332.25120 0.00000
-331.61910 0.00000
-332.17890 0.00000
-332.01720 0.00000
-332.77590 0.00000
-332.58420 0.00000
-331.99120 0.00000
-332.51200 0.00000
-331.83430 0.00000
-331.11610 0.00000
-331.34130 0.00000
-331.24750 0.00000
-330.73520 0.00000
-331.50210 0.00000
-331.51300 0.00000
-331.12390 0.00000
-331.30190 0.00000
-332.07330 0.00000
-332.72430 0.00000
-332.89380 0.00000
-332.43110 0.00000
-332.93690 0.00000
-332.83940 0.00000
-332.53790 0.00000
-332.78500 0.00000
-332.53070 0.00000
-333.39780 0.00000
-332.33560 0.00000
-332.44450 0.00000
-331.16040 0.00000
-331.52240 0.00000
-331.00990 0.00000
-331.65770 0.00000
-331.96750 0.00000
-331.79170 0.00000
-329.39340 0.00000
-329.89470 0.00000
-330.49300 0.00000
-328.95350 0.00000
-328.71070 0.00000
-328.70420 0.00000
-327.75600 0.00000
-328.07410 0.00000
-328.12520 0.00000
-328.01240 0.00000
-327.63240 0.00000
-327.93180 0.00000
-327.65330 0.00000
-327.79900 0.00000
-327.67240 0.00000
-328.02970 0.00000
-327.80990 0.00000
-327.37930 0.00000
-327.14940 0.00000
-326.77530 0.00000
-326.43210 0.00000
-326.15030 0.00000
-326.12840 0.00000
-326.66320 0.00000
-326.56890 0.00000
-326.54820 0.00000
-326.46170 0.00000
-326.10950 0.00000
-326.14520 0.00000
-326.24550 0.00000
-326.07530 0.00000
-325.82760 0.00000
-326.18340 0.00000
-325.98730 0.00000
-325.12650 0.00000
-326.01200 0.00000
-325.68950 0.00000
-325.84030 0.00000
-325.97840 0.00000
-325.93890 0.00000
-327.09020 0.00000
-326.66260 0.00000
-327.91110 0.00000
-328.36480 0.00000
-328.37630 0.00000
-328.92100 0.00000
-328.43850 0.00000
-328.85480 0.00000
-328.72910 0.00000
-328.55350 0.00000
-328.28880 0.00000
-327.94050 0.00000
-328.55800 0.00000
-328.03210 0.00000
-328.07320 0.00000
-328.52360 0.00000
-328.41330 0.00000
-328.00530 0.00000
-328.77260 0.00000
-329.00280 0.00000
-327.99410 0.00000
-328.30260 0.00000
-328.23870 0.00000
-328.00130 0.00000
-327.99660 0.00000
-327.46590 0.00000
-327.37820 0.00000
-327.16730 0.00000
-327.29960 0.00000
-327.42820 0.00000
-326.90920 0.00000
-326.77170 0.00000
-326.59240 0.00000
-326.01420 0.00000
-326.41130 0.00000
-326.41560 0.00000
-326.39870 0.00000
-325.63970 0.00000
-326.26500 0.00000
-326.44310 0.00000
-325.89600 0.00000
-325.51600 0.00000
-325.18270 0.00000
-325.10380 0.00000
-325.51830 0.00000
-325.82140 0.00000
-325.48770 0.00000
-325.12540 0.00000
-325.55370 0.00000
-325.16580 0.00000
-325.37050 0.00000
-326.33720 0.00000
-325.81120 0.00000
-326.00490 0.00000
-325.20520 0.00000
-324.74430 0.00000
-324.71170 0.00000
-324.70750 0.00000
-335.92310 0.00000
-335.40240 0.00000
-335.28460 0.00000
-335.17510 0.00000
-335.35940 0.00000
-336.07400 0.00000
-336.45700 0.00000
-335.97680 0.00000
-336.55750 0.00000
-336.27210 0.00000
-335.80390 0.00000
-335.87180 0.00000
-335.31520 0.00000
-335.98190 0.00000
-334.89400 0.00000
-335.57440 0.00000
-335.67150 0.00000
-335.68310 0.00000
-334.86410 0.00000
-335.46330 0.00000
-335.42390 0.00000
-335.60910 0.00000
-335.26310 0.00000
-334.98610 0.00000
-334.61900 0.00000
-335.09990 0.00000
-335.33330 0.00000
-335.76530 0.00000
-336.12290 0.00000
-335.72170 0.00000
-336.00930 0.00000
-337.05810 0.00000
-336.01800 0.00000
-336.14620 0.00000
-335.13760 0.00000
-335.20970 0.00000
-334.91700 0.00000
-336.19580 0.00000
-335.53060 0.00000
-335.30060 0.00000
-335.21760 0.00000
-335.84130 0.00000
-335.01920 0.00000
-335.72040 0.00000
-335.55580 0.00000
-335.50110 0.00000
-335.35270 0.00000
-335.46750 0.00000
-335.72260 0.00000
-336.29570 0.00000
-336.55350 0.00000
-336.19600 0.00000
-337.08050 0.00000
-335.98210 0.00000
-336.86350 0.00000
-336.44680 0.00000
-336.22280 0.00000
-336.05420 0.00000
-336.24210 0.00000
-336.90920 0.00000
-336.58900 0.00000
-337.06380 0.00000
-336.79000 0.00000
-336.55880 0.00000
-336.88580 0.00000
-337.06670 0.00000
-337.74320 0.00000
-337.49210 0.00000
-336.65150 0.00000
-336.61810 0.00000
-336.76990 0.00000
-336.16990 0.00000
-336.19690 0.00000
-336.31710 0.00000
-336.02990 0.00000
-335.73000 0.00000
-335.40560 0.00000
-336.44620 0.00000
-335.05490 0.00000
-334.99280 0.00000
-335.04550 0.00000
-334.70670 0.00000
-335.53050 0.00000
-335.60160 0.00000
-336.44570 0.00000
-334.99890 0.00000
-334.82260 0.00000
-334.40850 0.00000
-334.46070 0.00000
-335.24700 0.00000
-334.22470 0.00000
-333.67750 0.00000
-333.15200 0.00000
-333.07210 0.00000
-333.16020 0.00000
-333.82230 0.00000
-333.80580 0.00000
-334.11010 0.00000
-334.56790 0.00000
-334.25820 0.00000
-333.91730 0.00000
-334.55510 0.00000
-334.84980 0.00000
-334.79650 0.00000
-334.66890 0.00000
-334.69240 0.00000
-334.48820 0.00000
-334.34000 0.00000
-334.14830 0.00000
-334.15920 0.00000
-334.54290 0.00000
-334.33330 0.00000
-334.60970 0.00000
-334.68590 0.00000
-334.88410 0.00000
-335.30310 0.00000
-335.33760 0.00000
-335.05430 0.00000
-335.28160 0.00000
-335.80900 0.00000
-335.62950 0.00000
-334.59050 0.00000
-334.42500 0.00000
-334.29580 0.00000
-333.85390 0.00000
-334.00590 0.00000
-334.00890 0.00000
-334.54520 0.00000
-334.30210 0.00000
-334.79170 0.00000
-334.32420 0.00000
-333.93320 0.00000
-334.01050 0.00000
-334.47630 0.00000
-334.30870 0.00000
-334.78940 0.00000
-334.76970 0.00000
-334.46490 0.00000
-334.94280 0.00000
-334.99410 0.00000
-335.26900 0.00000
-335.19120 0.00000
-335.64200 0.00000
-335.09460 0.00000
-335.40630 0.00000
-335.11160 0.00000
-335.33250 0.00000
-335.10220 0.00000
-335.64670 0.00000
-336.87760 0.00000
-334.78010 0.00000
-335.58600 0.00000
-335.12820 0.00000
-334.72910 0.00000
-334.86020 0.00000
-335.39040 0.00000
-334.89790 0.00000
-334.90270 0.00000
-334.92180 0.00000
-335.90140 0.00000
-335.14730 0.00000
-335.62210 0.00000
-335.45200 0.00000
-334.68520 0.00000
-334.77770 0.00000
-335.17690 0.00000
-335.04810 0.00000
-334.85750 0.00000
-334.50620 0.00000
-334.36970 0.00000
-334.11630 0.00000
-335.62370 0.00000
-335.09070 0.00000
-335.39870 0.00000
-334.34460 0.00000
-335.57930 0.00000
-334.92740 0.00000
-334.42960 0.00000
-334.48560 0.00000
-335.14280 0.00000
-335.85990 0.00000
-335.00620 0.00000
-334.64570 0.00000
-334.88750 0.00000
-334.64650 0.00000
-334.31830 0.00000
-334.93780 0.00000
-335.68160 0.00000
-336.17260 0.00000
-336.25190 0.00000
-335.50290 0.00000
-334.70970 0.00000
-335.43160 0.00000
-335.63630 0.00000
-335.77220 0.00000
-336.42300 0.00000
-336.30150 0.00000
-336.15410 0.00000
-337.10300 0.00000
-337.06760 0.00000
-336.20570 0.00000
-334.41280 0.00000
-334.58010 0.00000
-334.77930 0.00000
-333.64850 0.00000
-334.35820 0.00000
-333.94750 0.00000
-333.47550 0.00000
-334.69690 0.00000
-334.91470 0.00000
-333.19930 0.00000
-333.82040 0.00000
-334.29100 0.00000
-334.08070 0.00000
-334.66190 0.00000
-334.35110 0.00000
-333.68960 0.00000
-333.93280 0.00000
-333.80270 0.00000
-333.47170 0.00000
-333.57110 0.00000
-334.40170 0.00000
-333.54530 0.00000
-333.78660 0.00000
-334.51120 0.00000
-335.22900 0.00000
-334.12700 0.00000
-332.91860 0.00000
-334.39960 0.00000
-334.07010 0.00000
-332.72490 0.00000
-332.50130 0.00000
-332.68960 0.00000
-333.08010 0.00000
-333.50230 0.00000
-333.61920 0.00000
-333.09570 0.00000
-332.64990 0.00000
-332.49010 0.00000
-331.36080 0.00000
-331.12140 0.00000
-331.43350 0.00000
-331.31830 0.00000
-331.52600 0.00000
-331.08320 0.00000
-331.36660 0.00000
-331.37290 0.00000
-330.44430 0.00000
-330.42940 0.00000
-329.81190 0.00000
-329.62370 0.00000
-328.82670 0.00000
-328.33390 0.00000
-327.62360 0.00000
-327.97910 0.00000
-327.56920 0.00000
-327.70230 0.00000
-327.46420 0.00000
-327.03660 0.00000
-327.82760 0.00000
-328.17760 0.00000
-328.53390 0.00000
-327.23770 0.00000
-328.27110 0.00000
-328.15100 0.00000
-328.81900 0.00000
-328.37290 0.00000
-328.61030 0.00000
-328.09010 0.00000
-328.21710 0.00000
-328.47350 0.00000
-328.63430 0.00000
-328.12980 0.00000
-328.86700 0.00000
-327.91260 0.00000
-328.43920 0.00000
-328.02160 0.00000
-327.95700 0.00000
-328.11310 0.00000
-327.39290 0.00000
-326.36500 0.00000
-327.47520 0.00000
-327.92860 0.00000
-328.19130 0.00000
-328.45130 0.00000
-328.73370 0.00000
-328.79840 0.00000
-328.28150 0.00000
-329.53810 0.00000
-330.54700 0.00000
-330.08170 0.00000
-330.80390 0.00000
-331.01600 0.00000
-331.78680 0.00000
-331.23610 0.00000
-330.98360 0.00000
-330.68240 0.00000
-329.91780 0.00000
-329.64350 0.00000
-330.03710 0.00000
-330.17560 0.00000
-330.64740 0.00000
-330.87050 0.00000
-331.49170 0.00000
-330.19530 0.00000
-330.01410 0.00000
-330.48420 0.00000
-330.76540 0.00000
-330.77530 0.00000
-331.08810 0.00000
-330.83680 0.00000
-331.27350 0.00000
-330.63380 0.00000
-329.89270 0.00000
-330.14380 0.00000
-330.32700 0.00000
-330.32840 0.00000
-330.36190 0.00000
-330.37270 0.00000
-330.11270 0.00000
-330.30510 0.00000
-330.87730 0.00000
-331.46930 0.00000
-331.38360 0.00000
-331.39910 0.00000
-331.47820 0.00000
-331.87900 0.00000
-331.90350 0.00000
-332.88450 0.00000
-331.57000 0.00000
-331.70640 0.00000
-330.84770 0.00000
-331.52110 0.00000
-331.08000 0.00000
-331.06020 0.00000
-330.54560 0.00000
-330.34210 0.00000
-330.38480 0.00000
-331.06540 0.00000
-331.13070 0.00000
-330.81060 0.00000
-330.85990 0.00000
-331.59320 0.00000
-331.28700 0.00000
-331.59640 0.00000
-330.74910 0.00000
-331.10080 0.00000
-331.44120 0.00000
-329.84640 0.00000
-329.06100 0.00000
-328.49360 0.00000
-329.03270 0.00000
-329.13550 0.00000
-329.17670 0.00000
-328.01290 0.00000
-329.24460 0.00000
-329.45590 0.00000
-329.56280 0.00000
-329.46270 0.00000
-329.69790 0.00000
-330.19330 0.00000
-329.33120 0.00000
-330.47460 0.00000
-329.31330 0.00000
-330.16860 0.00000
-331.42450 0.00000
-330.51720 0.00000
-329.65740 0.00000
-329.65600 0.00000
-329.83640 0.00000
-330.42090 0.00000
-330.05970 0.00000
-329.96890 0.00000
-330.33900 0.00000
-329.86830 0.00000
-328.91510 0.00000
-329.17940 0.00000
-329.25970 0.00000
-329.03210 0.00000
-329.35730 0.00000
-329.78590 0.00000
-329.48210 0.00000
-329.88520 0.00000
-330.77870 0.00000
-331.39610 0.00000
-331.69190 0.00000
-330.93270 0.00000
-331.04140 0.00000
-330.92510 0.00000
-330.60670 0.00000
-330.86130 0.00000
-330.22780 0.00000
-331.31940 0.00000
-330.39930 0.00000
-330.56990 0.00000
-329.01820 0.00000
-329.44510 0.00000
-329.06190 0.00000
-330.00270 0.00000
-330.26960 0.00000
-330.28490 0.00000
-330.63550 0.00000
-330.25040 0.00000
-330.58160 0.00000
-329.73370 0.00000
-329.66420 0.00000
-329.56210 0.00000
-328.70810 0.00000
-328.91760 0.00000
-329.11320 0.00000
-328.89610 0.00000
-328.33210 0.00000
-328.45160 0.00000
-328.20650 0.00000
-328.54630 0.00000
-328.22420 0.00000
-328.72500 0.00000
-328.80320 0.00000
-328.32180 0.00000
-328.22350 0.00000
-327.67770 0.00000
-327.15460 0.00000
-326.92210 0.00000
-326.59070 0.00000
-327.07390 0.00000
-327.15550 0.00000
-327.56550 0.00000
-327.13300 0.00000
-326.59950 0.00000
-326.48190 0.00000
-326.54800 0.00000
-326.25870 0.00000
-325.76420 0.00000
-325.51870 0.00000
-325.00410 0.00000
-324.15580 0.00000
-324.95720 0.00000
-324.73170 0.00000
-325.02410 0.00000
-325.02100 0.00000
-324.91350 0.00000
-325.91520 0.00000
-325.56900 0.00000
-326.88750 0.00000
-325.93870 0.00000
-325.91990 0.00000
-326.46530 0.00000
-326.69440 0.00000
-327.01290 0.00000
-326.21470 0.00000
-326.55990 0.00000
-326.29990 0.00000
-326.11990 0.00000
-326.70650 0.00000
-325.64130 0.00000
-325.48080 0.00000
-326.00110 0.00000
-325.74830 0.00000
-325.53920 0.00000
-326.29010 0.00000
-325.87620 0.00000
-324.41920 0.00000
-324.63910 0.00000
-324.88060 0.00000
-324.69460 0.00000
-324.79400 0.00000
-324.07020 0.00000
-324.13040 0.00000
-323.63270 0.00000
-323.48210 0.00000
-323.59910 0.00000
-322.88940 0.00000
-322.79990 0.00000
-322.43890 0.00000
-321.99970 0.00000
-322.07150 0.00000
-322.04310 0.00000
-322.29540 0.00000
-321.59170 0.00000
-322.47320 0.00000
-321.79120 0.00000
-321.06470 0.00000
-321.01600 0.00000
-320.63070 0.00000
-320.36110 0.00000
-320.77480 0.00000
-321.43220 0.00000
-320.58440 0.00000
-320.50170 0.00000
-320.90460 0.00000
-319.92910 0.00000
-320.15850 0.00000
-320.97800 0.00000
-320.40470 0.00000
-320.55390 0.00000
-319.52080 0.00000
-319.52310 0.00000
-319.18000 0.00000
-319.12290 0.00000
-335.92310 0.00000
-336.07920 0.00000
-335.95430 0.00000
-335.85950 0.00000
-336.01120 0.00000
-336.67930 0.00000
-336.35350 0.00000
-335.85730 0.00000
-336.45520 0.00000
-336.69830 0.00000
-336.51430 0.00000
-336.69210 0.00000
-336.05990 0.00000
-336.70350 0.00000
-336.32670 0.00000
-337.05350 0.00000
-337.23980 0.00000
-337.28700 0.00000
-336.40740 0.00000
-336.94390 0.00000
-336.94440 0.00000
-337.11240 0.00000
-336.80830 0.00000
-336.49840 0.00000
-336.09720 0.00000
-336.51930 0.00000
-336.72550 0.00000
-337.16700 0.00000
-337.55800 0.00000
-337.10480 0.00000
-337.33050 0.00000
-338.63430 0.00000
-337.71370 0.00000
-337.89340 0.00000
-336.89900 0.00000
-337.00930 0.00000
-336.74200 0.00000
-338.01920 0.00000
-336.10870 0.00000
-335.85820 0.00000
-335.82320 0.00000
-336.40290 0.00000
-335.66800 0.00000
-336.34570 0.00000
-336.15010 0.00000
-336.21740 0.00000
-336.11700 0.00000
-336.35880 0.00000
-336.67620 0.00000
-337.18400 0.00000
-337.37600 0.00000
-337.06060 0.00000
-337.87540 0.00000
-336.84780 0.00000
-337.71200 0.00000
-338.13290 0.00000
-337.94330 0.00000
-337.80750 0.00000
-337.93250 0.00000
-338.51410 0.00000
-338.26040 0.00000
-338.82330 0.00000
-338.49860 0.00000
-338.26210 0.00000
-338.49570 0.00000
-338.62120 0.00000
-339.13760 0.00000
-338.94960 0.00000
-337.99940 0.00000
-338.00250 0.00000
-338.16400 0.00000
-337.44160 0.00000
-337.37090 0.00000
-337.43230 0.00000
-337.11420 0.00000
-336.85010 0.00000
-336.52360 0.00000
-337.57100 0.00000
-337.32870 0.00000
-337.23490 0.00000
-337.25130 0.00000
-336.80070 0.00000
-337.64220 0.00000
-336.96270 0.00000
-337.85330 0.00000
-337.27630 0.00000
-337.02190 0.00000
-336.77420 0.00000
-336.90920 0.00000
-337.86080 0.00000
-337.55980 0.00000
-337.18950 0.00000
-336.67840 0.00000
-336.77360 0.00000
-336.93080 0.00000
-337.37260 0.00000
-337.39040 0.00000
-337.60970 0.00000
-337.96760 0.00000
-337.59530 0.00000
-337.33400 0.00000
-337.05130 0.00000
-337.32060 0.00000
-337.35840 0.00000
-337.06000 0.00000
-337.05170 0.00000
-336.90720 0.00000
-336.88980 0.00000
-336.58180 0.00000
-336.54020 0.00000
-337.05560 0.00000
-336.87620 0.00000
-337.28230 0.00000
-337.23790 0.00000
-337.58150 0.00000
-338.21730 0.00000
-338.14580 0.00000
-337.76590 0.00000
-338.05640 0.00000
-338.64760 0.00000
-337.99930 0.00000
-336.80090 0.00000
-336.55760 0.00000
-336.46240 0.00000
-336.12230 0.00000
-336.14060 0.00000
-336.08340 0.00000
-336.56670 0.00000
-336.65310 0.00000
-337.04720 0.00000
-336.04070 0.00000
-335.80080 0.00000
-335.88990 0.00000
-336.14810 0.00000
-335.79740 0.00000
-336.13810 0.00000
-335.95840 0.00000
-335.70910 0.00000
-336.09100 0.00000
-336.08730 0.00000
-336.18600 0.00000
-335.95900 0.00000
-336.28920 0.00000
-335.85190 0.00000
-336.11980 0.00000
-335.86260 0.00000
-335.93780 0.00000
-335.99840 0.00000
-336.61610 0.00000
-337.11220 0.00000
-334.99990 0.00000
-335.91250 0.00000
-335.46290 0.00000
-335.17340 0.00000
-335.20510 0.00000
-335.77890 0.00000
-335.20840 0.00000
-335.24040 0.00000
-335.26250 0.00000
-336.34340 0.00000
-335.48620 0.00000
-336.15070 0.00000
-336.45210 0.00000
-335.93890 0.00000
-336.09180 0.00000
-336.54680 0.00000
-336.81650 0.00000
-336.24920 0.00000
-335.89360 0.00000
-335.73650 0.00000
-335.61950 0.00000
-336.87500 0.00000
-337.74030 0.00000
-338.01420 0.00000
-337.06110 0.00000
-338.14270 0.00000
-337.56280 0.00000
-337.60050 0.00000
-338.00600 0.00000
-338.61140 0.00000
-339.36120 0.00000
-339.07300 0.00000
-338.86920 0.00000
-339.16990 0.00000
-339.11490 0.00000
-338.79310 0.00000
-339.29990 0.00000
-339.97850 0.00000
-340.41570 0.00000
-340.40530 0.00000
-339.91710 0.00000
-339.06570 0.00000
-339.97000 0.00000
-339.89860 0.00000
-339.97970 0.00000
-340.42550 0.00000
-340.89170 0.00000
-341.28230 0.00000
-342.71020 0.00000
-343.80230 0.00000
-343.15060 0.00000
-344.28210 0.00000
-345.36080 0.00000
-346.79490 0.00000
-345.80210 0.00000
-345.76330 0.00000
-345.30960 0.00000
-344.39170 0.00000
-345.71900 0.00000
-345.90400 0.00000
-344.26590 0.00000
-344.48570 0.00000
-346.00450 0.00000
-345.68120 0.00000
-346.27400 0.00000
-345.78630 0.00000
-345.43000 0.00000
-344.93020 0.00000
-344.61030 0.00000
-343.49730 0.00000
-343.05490 0.00000
-343.44250 0.00000
-343.39230 0.00000
-343.58140 0.00000
-344.11830 0.00000
-345.11210 0.00000
-344.91510 0.00000
-343.71080 0.00000
-343.89910 0.00000
-343.26180 0.00000
-341.70260 0.00000
-341.43420 0.00000
-341.74810 0.00000
-342.18360 0.00000
-342.49810 0.00000
-342.48820 0.00000
-342.20900 0.00000
-341.45070 0.00000
-342.34160 0.00000
-341.26150 0.00000
-341.10490 0.00000
-341.07990 0.00000
-341.21740 0.00000
-341.93760 0.00000
-340.80500 0.00000
-341.06870 0.00000
-341.12960 0.00000
-340.24090 0.00000
-340.03970 0.00000
-339.67510 0.00000
-339.48110 0.00000
-338.73590 0.00000
-337.87990 0.00000
-336.93230 0.00000
-337.23900 0.00000
-336.03980 0.00000
-336.09270 0.00000
-336.16960 0.00000
-335.74170 0.00000
-336.02400 0.00000
-336.24600 0.00000
-336.62160 0.00000
-336.33050 0.00000
-336.38670 0.00000
-336.07480 0.00000
-336.92800 0.00000
-336.73280 0.00000
-336.98720 0.00000
-336.45720 0.00000
-336.59290 0.00000
-336.59320 0.00000
-336.84120 0.00000
-336.58250 0.00000
-337.07220 0.00000
-336.62450 0.00000
-337.18100 0.00000
-336.52790 0.00000
-336.46280 0.00000
-336.67100 0.00000
-336.16840 0.00000
-335.44060 0.00000
-335.61710 0.00000
-336.01930 0.00000
-335.80100 0.00000
-336.21530 0.00000
-336.42970 0.00000
-336.08160 0.00000
-335.83040 0.00000
-336.48170 0.00000
-337.33600 0.00000
-336.08220 0.00000
-336.38450 0.00000
-336.02540 0.00000
-336.81040 0.00000
-336.92140 0.00000
-336.88180 0.00000
-336.55370 0.00000
-335.72100 0.00000
-335.40270 0.00000
-335.40810 0.00000
-335.40630 0.00000
-330.03310 0.00000
-330.07340 0.00000
-330.97190 0.00000
-330.72970 0.00000
-330.65390 0.00000
-331.47210 0.00000
-331.62130 0.00000
-331.68360 0.00000
-332.29800 0.00000
-331.87730 0.00000
-332.41220 0.00000
-332.51870 0.00000
-331.70740 0.00000
-331.93710 0.00000
-331.68700 0.00000
-331.93520 0.00000
-331.80610 0.00000
-332.20490 0.00000
-331.54060 0.00000
-331.90890 0.00000
-332.01210 0.00000
-332.14210 0.00000
-332.10280 0.00000
-331.70300 0.00000
-331.80170 0.00000
-332.21010 0.00000
-332.29570 0.00000
-333.47760 0.00000
-333.19770 0.00000
-332.99970 0.00000
-331.94130 0.00000
-333.91170 0.00000
-333.14980 0.00000
-332.68080 0.00000
-332.40190 0.00000
-332.15960 0.00000
-332.31390 0.00000
-332.38250 0.00000
-332.68200 0.00000
-332.87420 0.00000
-333.31700 0.00000
-333.74360 0.00000
-332.89870 0.00000
-333.25410 0.00000
-332.62070 0.00000
-333.35980 0.00000
-333.65180 0.00000
-332.56260 0.00000
-332.53170 0.00000
-331.79610 0.00000
-332.57190 0.00000
-332.54770 0.00000
-332.49370 0.00000
-332.12200 0.00000
-332.73470 0.00000
-333.39510 0.00000
-332.66210 0.00000
-332.97200 0.00000
-332.88970 0.00000
-333.06670 0.00000
-332.58750 0.00000
-333.74010 0.00000
-332.52560 0.00000
-333.79370 0.00000
-335.10180 0.00000
-335.60840 0.00000
-334.54400 0.00000
-334.80780 0.00000
-334.44470 0.00000
-335.13110 0.00000
-334.94840 0.00000
-335.22310 0.00000
-335.64960 0.00000
-335.36400 0.00000
-334.17080 0.00000
-334.18790 0.00000
-334.40380 0.00000
-334.23290 0.00000
-334.39910 0.00000
-335.04940 0.00000
-334.48780 0.00000
-335.13140 0.00000
-335.25310 0.00000
-335.64500 0.00000
-335.75050 0.00000
-335.19260 0.00000
-335.70470 0.00000
-336.33770 0.00000
-334.91980 0.00000
-335.12250 0.00000
-334.54690 0.00000
-335.51860 0.00000
-335.18070 0.00000
-335.12190 0.00000
-333.58060 0.00000
-335.03830 0.00000
-334.59700 0.00000
-335.46090 0.00000
-336.12830 0.00000
-335.38640 0.00000
-334.25970 0.00000
-334.81840 0.00000
-335.30750 0.00000
-334.57790 0.00000
-335.13730 0.00000
-334.93050 0.00000
-334.21830 0.00000
-334.78990 0.00000
-334.72320 0.00000
-334.74900 0.00000
-334.16140 0.00000
-334.38740 0.00000
-333.84520 0.00000
-334.38920 0.00000
-334.09550 0.00000
-334.30930 0.00000
-334.69190 0.00000
-334.39920 0.00000
-333.86850 0.00000
-333.74410 0.00000
-333.70590 0.00000
-333.93270 0.00000
-333.89390 0.00000
-334.71700 0.00000
-334.72360 0.00000
-334.73230 0.00000
-334.79430 0.00000
-334.45700 0.00000
-334.50660 0.00000
-334.50260 0.00000
-335.19960 0.00000
-335.21480 0.00000
-335.18220 0.00000
-335.34070 0.00000
-334.15430 0.00000
-334.22780 0.00000
-333.35250 0.00000
-333.25130 0.00000
-332.81300 0.00000
-333.20430 0.00000
-333.28740 0.00000
-332.87400 0.00000
-334.49110 0.00000
-334.62200 0.00000
-334.26130 0.00000
-335.11250 0.00000
-334.97410 0.00000
-335.66640 0.00000
-336.05260 0.00000
-336.26130 0.00000
-335.53870 0.00000
-335.31830 0.00000
-335.62360 0.00000
-335.16440 0.00000
-334.86070 0.00000
-334.96440 0.00000
-334.72100 0.00000
-334.29560 0.00000
-335.44070 0.00000
-335.21180 0.00000
-334.33350 0.00000
-334.64210 0.00000
-334.87660 0.00000
-334.46480 0.00000
-334.68120 0.00000
-334.17670 0.00000
-334.02800 0.00000
-334.38970 0.00000
-335.02470 0.00000
-335.22070 0.00000
-334.86910 0.00000
-335.02270 0.00000
-334.85760 0.00000
-334.08690 0.00000
-334.22990 0.00000
-334.53080 0.00000
-334.08320 0.00000
-334.18140 0.00000
-334.84970 0.00000
-334.65380 0.00000
-334.15290 0.00000
-334.07300 0.00000
-334.37630 0.00000
-334.53350 0.00000
-335.05350 0.00000
-335.18270 0.00000
-334.64730 0.00000
-335.80460 0.00000
-336.07050 0.00000
-334.48720 0.00000
-335.14360 0.00000
-336.13040 0.00000
-335.69090 0.00000
-335.74050 0.00000
-334.90760 0.00000
-334.58520 0.00000
-334.62820 0.00000
-334.49750 0.00000
-335.92310 0.00000
-336.07920 0.00000
-335.95430 0.00000
-335.85950 0.00000
-336.01120 0.00000
-336.67930 0.00000
-337.04290 0.00000
-336.55580 0.00000
-337.15030 0.00000
-337.40770 0.00000
-337.21660 0.00000
-337.36790 0.00000
-336.88590 0.00000
-337.52520 0.00000
-337.14680 0.00000
-337.85110 0.00000
-338.00580 0.00000
-338.03940 0.00000
-337.21220 0.00000
-337.78840 0.00000
-337.78360 0.00000
-337.93810 0.00000
-337.61110 0.00000
-337.33770 0.00000
-336.95010 0.00000
-337.38340 0.00000
-337.57650 0.00000
-338.01160 0.00000
-338.37960 0.00000
-337.96230 0.00000
-338.21560 0.00000
-339.52940 0.00000
-339.86730 0.00000
-340.00520 0.00000
-339.04600 0.00000
-339.17580 0.00000
-338.88200 0.00000
-340.09050 0.00000
-338.19810 0.00000
-337.94420 0.00000
-337.93100 0.00000
-338.46660 0.00000
-337.76830 0.00000
-338.45760 0.00000
-338.20520 0.00000
-338.22690 0.00000
-338.13130 0.00000
-338.25210 0.00000
-338.50380 0.00000
-339.08840 0.00000
-339.37620 0.00000
-339.05820 0.00000
-339.94250 0.00000
-338.86740 0.00000
-339.68240 0.00000
-340.10280 0.00000
-339.93190 0.00000
-339.72390 0.00000
-339.80000 0.00000
-340.36900 0.00000
-340.13110 0.00000
-340.58320 0.00000
-340.23810 0.00000
-339.99310 0.00000
-340.27470 0.00000
-340.42590 0.00000
-340.99300 0.00000
-340.31780 0.00000
-339.33710 0.00000
-339.33230 0.00000
-339.49590 0.00000
-339.03530 0.00000
-339.04690 0.00000
-339.08190 0.00000
-338.77140 0.00000
-338.42980 0.00000
-338.13410 0.00000
-339.19690 0.00000
-338.95350 0.00000
-338.85780 0.00000
-338.95150 0.00000
-338.48920 0.00000
-339.27850 0.00000
-339.47380 0.00000
-340.33130 0.00000
-339.79320 0.00000
-339.55560 0.00000
-339.23040 0.00000
-339.35300 0.00000
-340.25850 0.00000
-340.04890 0.00000
-339.54030 0.00000
-339.01300 0.00000
-339.21560 0.00000
-339.24530 0.00000
-339.72480 0.00000
-339.68600 0.00000
-339.88010 0.00000
-340.18450 0.00000
-339.72980 0.00000
-339.42150 0.00000
-339.15150 0.00000
-339.42710 0.00000
-339.68290 0.00000
-339.31950 0.00000
-339.21450 0.00000
-338.97780 0.00000
-338.97660 0.00000
-338.70920 0.00000
-338.70260 0.00000
-339.15800 0.00000
-339.08430 0.00000
-339.46480 0.00000
-339.43230 0.00000
-339.80700 0.00000
-340.49890 0.00000
-340.41890 0.00000
-339.91450 0.00000
-340.30190 0.00000
-340.93490 0.00000
-340.97750 0.00000
-339.76310 0.00000
-339.54300 0.00000
-339.60070 0.00000
-339.32110 0.00000
-339.41330 0.00000
-339.40380 0.00000
-339.85710 0.00000
-339.83620 0.00000
-340.26690 0.00000
-339.61950 0.00000
-339.48640 0.00000
-339.73250 0.00000
-339.77830 0.00000
-339.31210 0.00000
-339.52410 0.00000
-339.21530 0.00000
-338.89350 0.00000
-338.92480 0.00000
-338.82820 0.00000
-338.67160 0.00000
-338.46360 0.00000
-338.67910 0.00000
-338.37670 0.00000
-338.59260 0.00000
-338.38790 0.00000
-338.26570 0.00000
-338.24800 0.00000
-338.86000 0.00000
-339.75230 0.00000
-338.66240 0.00000
-339.48190 0.00000
-339.11960 0.00000
-338.95270 0.00000
-339.03150 0.00000
-339.52790 0.00000
-338.94890 0.00000
-339.18860 0.00000
-339.17040 0.00000
-340.40910 0.00000
-339.37620 0.00000
-340.03140 0.00000
-340.44450 0.00000
-339.88150 0.00000
-339.65890 0.00000
-339.95090 0.00000
-339.75140 0.00000
-339.46980 0.00000
-338.88950 0.00000
-338.83890 0.00000
-338.66260 0.00000
-339.58510 0.00000
-340.38840 0.00000
-340.60990 0.00000
-339.72970 0.00000
-340.26010 0.00000
-339.93090 0.00000
-339.48590 0.00000
-339.28160 0.00000
-339.90180 0.00000
-340.61950 0.00000
-340.27850 0.00000
-340.16670 0.00000
-340.28970 0.00000
-340.14100 0.00000
-339.78310 0.00000
-340.32010 0.00000
-341.05770 0.00000
-340.61650 0.00000
-341.18950 0.00000
-340.97950 0.00000
-340.26110 0.00000
-340.41240 0.00000
-340.08560 0.00000
-339.93320 0.00000
-340.27490 0.00000
-340.53100 0.00000
-340.75090 0.00000
-341.70300 0.00000
-342.53060 0.00000
-341.88840 0.00000
-338.91420 0.00000
-339.70910 0.00000
-340.91070 0.00000
-341.11680 0.00000
-341.60980 0.00000
-341.15510 0.00000
-340.13480 0.00000
-341.48050 0.00000
-341.95110 0.00000
-339.77190 0.00000
-338.99080 0.00000
-339.61490 0.00000
-338.99020 0.00000
-339.78600 0.00000
-339.53220 0.00000
-339.11390 0.00000
-338.93820 0.00000
-338.60470 0.00000
-337.59880 0.00000
-336.97590 0.00000
-337.05330 0.00000
-336.68490 0.00000
-336.79850 0.00000
-337.55220 0.00000
-338.49850 0.00000
-338.30930 0.00000
-336.92610 0.00000
-337.16910 0.00000
-336.84880 0.00000
-335.39390 0.00000
-335.12570 0.00000
-335.24180 0.00000
-335.51290 0.00000
-336.04220 0.00000
-336.25950 0.00000
-335.76560 0.00000
-335.07510 0.00000
-334.82730 0.00000
-333.76670 0.00000
-333.55210 0.00000
-333.49690 0.00000
-333.57460 0.00000
-334.09600 0.00000
-333.56110 0.00000
-333.70260 0.00000
-333.70590 0.00000
-332.77490 0.00000
-332.62720 0.00000
-332.20580 0.00000
-331.99620 0.00000
-331.10810 0.00000
-330.41320 0.00000
-329.35770 0.00000
-329.64350 0.00000
-328.92620 0.00000
-329.67980 0.00000
-329.58620 0.00000
-329.17200 0.00000
-329.99990 0.00000
-329.94520 0.00000
-330.42980 0.00000
-329.94820 0.00000
-330.00650 0.00000
-329.60150 0.00000
-330.40900 0.00000
-330.21330 0.00000
-330.51390 0.00000
-329.96470 0.00000
-330.07570 0.00000
-330.10200 0.00000
-330.27050 0.00000
-329.91080 0.00000
-330.74960 0.00000
-330.30610 0.00000
-330.82690 0.00000
-330.58660 0.00000
-330.42710 0.00000
-330.46230 0.00000
-329.89570 0.00000
-329.08120 0.00000
-329.30590 0.00000
-329.58740 0.00000
-329.60570 0.00000
-330.04080 0.00000
-330.23550 0.00000
-330.18820 0.00000
-329.80920 0.00000
-330.35250 0.00000
-331.14740 0.00000
-330.78520 0.00000
-331.03710 0.00000
-331.18490 0.00000
-332.08440 0.00000
-330.98420 0.00000
-331.02340 0.00000
-330.68740 0.00000
-329.47450 0.00000
-329.33230 0.00000
-329.59490 0.00000
-329.26860 0.00000
-336.14260 0.00000
-336.30850 0.00000
-337.13840 0.00000
-335.90130 0.00000
-335.55760 0.00000
-336.52640 0.00000
-335.97640 0.00000
-335.94220 0.00000
-336.39150 0.00000
-336.24490 0.00000
-336.39330 0.00000
-335.81870 0.00000
-335.09010 0.00000
-335.34980 0.00000
-334.95240 0.00000
-334.99190 0.00000
-335.10340 0.00000
-335.12780 0.00000
-334.80390 0.00000
-335.11220 0.00000
-335.85580 0.00000
-336.35650 0.00000
-336.08990 0.00000
-335.78350 0.00000
-336.18600 0.00000
-336.70810 0.00000
-337.53530 0.00000
-338.70560 0.00000
-338.31870 0.00000
-338.26300 0.00000
-337.30790 0.00000
-338.19180 0.00000
-337.33120 0.00000
-337.21450 0.00000
-336.64100 0.00000
-336.78280 0.00000
-336.81890 0.00000
-337.20330 0.00000
-337.13680 0.00000
-337.14650 0.00000
-337.06690 0.00000
-337.75420 0.00000
-337.58180 0.00000
-337.93200 0.00000
-337.07440 0.00000
-337.50380 0.00000
-337.46700 0.00000
-336.38440 0.00000
-335.56080 0.00000
-335.70240 0.00000
-336.63700 0.00000
-336.80930 0.00000
-337.07020 0.00000
-336.22970 0.00000
-337.02890 0.00000
-336.86620 0.00000
-337.35840 0.00000
-337.54970 0.00000
-337.89680 0.00000
-338.34960 0.00000
-337.98990 0.00000
-339.21830 0.00000
-338.98260 0.00000
-340.24550 0.00000
-340.49020 0.00000
-340.63860 0.00000
-340.19820 0.00000
-340.61650 0.00000
-340.38060 0.00000
-340.86250 0.00000
-340.99120 0.00000
-341.04860 0.00000
-341.06070 0.00000
-341.06460 0.00000
-340.13850 0.00000
-340.12950 0.00000
-340.34100 0.00000
-340.46000 0.00000
-340.90760 0.00000
-341.60310 0.00000
-340.14410 0.00000
-340.52520 0.00000
-341.54940 0.00000
-341.19190 0.00000
-341.46030 0.00000
-340.67160 0.00000
-341.39010 0.00000
-341.32670 0.00000
-340.74490 0.00000
-340.64360 0.00000
-340.45650 0.00000
-341.13080 0.00000
-340.74340 0.00000
-340.52290 0.00000
-339.26560 0.00000
-339.59580 0.00000
-339.46740 0.00000
-340.25750 0.00000
-339.93740 0.00000
-339.98040 0.00000
-339.33910 0.00000
-338.94870 0.00000
-339.25220 0.00000
-338.75000 0.00000
-338.40500 0.00000
-338.54790 0.00000
-337.66450 0.00000
-337.96880 0.00000
-338.14310 0.00000
-337.97810 0.00000
-337.70660 0.00000
-338.32760 0.00000
-337.75400 0.00000
-338.12420 0.00000
-337.80780 0.00000
-337.97990 0.00000
-338.04540 0.00000
-337.44860 0.00000
-337.21580 0.00000
-337.50670 0.00000
-337.01360 0.00000
-336.99660 0.00000
-336.52380 0.00000
-337.10570 0.00000
-337.07330 0.00000
-337.32280 0.00000
-337.18630 0.00000
-337.04470 0.00000
-337.39530 0.00000
-337.34760 0.00000
-337.46780 0.00000
-337.10110 0.00000
-337.30910 0.00000
-337.27260 0.00000
-336.34420 0.00000
-337.33920 0.00000
-336.15110 0.00000
-336.12240 0.00000
-336.39400 0.00000
-336.63360 0.00000
-337.45170 0.00000
-337.20650 0.00000
-338.07190 0.00000
-338.06350 0.00000
-337.62830 0.00000
-338.36770 0.00000
-338.19680 0.00000
-338.61770 0.00000
-338.72070 0.00000
-338.92820 0.00000
-338.82400 0.00000
-338.55280 0.00000
-338.93900 0.00000
-338.42240 0.00000
-338.26670 0.00000
-338.93220 0.00000
-339.07680 0.00000
-338.50560 0.00000
-339.19160 0.00000
-339.50310 0.00000
-338.34330 0.00000
-338.88650 0.00000
-338.52490 0.00000
-338.57200 0.00000
-338.39400 0.00000
-337.95010 0.00000
-337.69690 0.00000
-337.26720 0.00000
-337.42130 0.00000
-337.68860 0.00000
-337.37960 0.00000
-337.49290 0.00000
-336.92470 0.00000
-336.39440 0.00000
-337.15330 0.00000
-337.18410 0.00000
-337.08900 0.00000
-336.52650 0.00000
-336.97030 0.00000
-337.15410 0.00000
-336.77410 0.00000
-337.60290 0.00000
-337.65700 0.00000
-337.21910 0.00000
-337.98530 0.00000
-338.19030 0.00000
-337.31070 0.00000
-337.50730 0.00000
-338.28170 0.00000
-338.02350 0.00000
-338.42610 0.00000
-339.34470 0.00000
-338.54330 0.00000
-338.35180 0.00000
-337.22830 0.00000
-336.84850 0.00000
-336.93700 0.00000
-336.76480 0.00000
-335.92310 0.00000
-336.07920 0.00000
-335.95430 0.00000
-335.85950 0.00000
-336.01120 0.00000
-336.67930 0.00000
-336.35350 0.00000
-335.52430 0.00000
-336.10950 0.00000
-336.36380 0.00000
-336.17270 0.00000
-336.33860 0.00000
-335.92430 0.00000
-336.57420 0.00000
-336.20830 0.00000
-336.93140 0.00000
-337.11740 0.00000
-337.18260 0.00000
-336.37110 0.00000
-336.91420 0.00000
-336.88130 0.00000
-337.03980 0.00000
-336.78420 0.00000
-336.49420 0.00000
-336.08430 0.00000
-336.52000 0.00000
-336.68030 0.00000
-337.12980 0.00000
-337.53220 0.00000
-337.11770 0.00000
-337.38790 0.00000
-338.67970 0.00000
-337.74030 0.00000
-337.90080 0.00000
-336.96040 0.00000
-337.10420 0.00000
-336.83900 0.00000
-338.08360 0.00000
-337.47700 0.00000
-337.22260 0.00000
-337.23580 0.00000
-337.78690 0.00000
-337.03040 0.00000
-337.69390 0.00000
-336.79960 0.00000
-336.82290 0.00000
-336.66140 0.00000
-336.75000 0.00000
-336.98380 0.00000
-337.54830 0.00000
-337.29250 0.00000
-336.92030 0.00000
-337.80450 0.00000
-337.62420 0.00000
-338.44060 0.00000
-338.86180 0.00000
-338.64760 0.00000
-338.39050 0.00000
-338.54510 0.00000
-339.19950 0.00000
-338.31420 0.00000
-338.78470 0.00000
-337.97300 0.00000
-337.72640 0.00000
-337.99350 0.00000
-338.14240 0.00000
-338.78350 0.00000
-337.92340 0.00000
-337.03780 0.00000
-337.06340 0.00000
-337.17920 0.00000
-336.59300 0.00000
-336.59730 0.00000
-336.68140 0.00000
-336.42100 0.00000
-336.13550 0.00000
-335.80530 0.00000
-336.94300 0.00000
-336.62840 0.00000
-336.53620 0.00000
-336.62790 0.00000
-336.15980 0.00000
-336.86450 0.00000
-337.09380 0.00000
-337.95820 0.00000
-337.36530 0.00000
-337.22140 0.00000
-336.80490 0.00000
-336.93310 0.00000
-337.72740 0.00000
-337.44300 0.00000
-336.91230 0.00000
-336.34370 0.00000
-336.40820 0.00000
-336.68200 0.00000
-336.99070 0.00000
-336.28250 0.00000
-336.51180 0.00000
-336.99780 0.00000
-336.53870 0.00000
-336.14440 0.00000
-335.92320 0.00000
-336.18730 0.00000
-336.37110 0.00000
-336.12430 0.00000
-335.98600 0.00000
-335.84870 0.00000
-335.79940 0.00000
-335.54630 0.00000
-335.62880 0.00000
-336.01400 0.00000
-335.42590 0.00000
-335.91500 0.00000
-335.85800 0.00000
-336.34480 0.00000
-336.44730 0.00000
-335.69770 0.00000
-335.21550 0.00000
-335.45810 0.00000
-335.98160 0.00000
-335.11300 0.00000
-333.96110 0.00000
-333.72030 0.00000
-333.55780 0.00000
-333.40410 0.00000
-333.48070 0.00000
-333.42450 0.00000
-333.89260 0.00000
-333.44910 0.00000
-333.94990 0.00000
-332.81910 0.00000
-333.20230 0.00000
-333.35750 0.00000
-333.38920 0.00000
-332.86790 0.00000
-333.29230 0.00000
-333.07350 0.00000
-332.63600 0.00000
-332.85480 0.00000
-332.94390 0.00000
-332.85240 0.00000
-332.53320 0.00000
-332.89220 0.00000
-332.46110 0.00000
-332.75870 0.00000
-332.52850 0.00000
-332.54670 0.00000
-332.51570 0.00000
-333.23460 0.00000
-333.58560 0.00000
-332.68960 0.00000
-333.63830 0.00000
-333.09880 0.00000
-332.90200 0.00000
-333.14570 0.00000
-333.71700 0.00000
-333.05470 0.00000
-333.04450 0.00000
-333.07480 0.00000
-334.01320 0.00000
-334.25850 0.00000
-334.84950 0.00000
-334.41890 0.00000
-333.84560 0.00000
-333.46060 0.00000
-333.96600 0.00000
-334.03930 0.00000
-333.77320 0.00000
-333.25570 0.00000
-333.00050 0.00000
-332.70410 0.00000
-334.10200 0.00000
-334.89080 0.00000
-335.29480 0.00000
-334.63500 0.00000
-335.00180 0.00000
-333.99510 0.00000
-333.51850 0.00000
-333.29350 0.00000
-333.87920 0.00000
-334.54340 0.00000
-334.30660 0.00000
-334.00530 0.00000
-334.28530 0.00000
-334.14060 0.00000
-333.82300 0.00000
-334.42670 0.00000
-335.04670 0.00000
-335.47420 0.00000
-336.00660 0.00000
-335.93290 0.00000
-335.03780 0.00000
-335.96300 0.00000
-336.00700 0.00000
-336.19950 0.00000
-336.78650 0.00000
-337.07290 0.00000
-337.43670 0.00000
-338.32760 0.00000
-339.18160 0.00000
-338.44960 0.00000
-342.26680 0.00000
-343.03330 0.00000
-343.14880 0.00000
-342.32080 0.00000
-342.52760 0.00000
-342.05370 0.00000
-341.43610 0.00000
-341.98640 0.00000
-342.40340 0.00000
-341.65860 0.00000
-341.35750 0.00000
-341.62970 0.00000
-341.82740 0.00000
-342.45280 0.00000
-342.61810 0.00000
-342.15160 0.00000
-341.99130 0.00000
-342.11680 0.00000
-341.82410 0.00000
-341.72280 0.00000
-341.89150 0.00000
-341.50230 0.00000
-341.64770 0.00000
-341.96890 0.00000
-342.78970 0.00000
-341.79860 0.00000
-340.58040 0.00000
-340.63250 0.00000
-340.46100 0.00000
-339.53830 0.00000
-339.10850 0.00000
-340.19060 0.00000
-340.38360 0.00000
-340.66780 0.00000
-340.97170 0.00000
-340.86090 0.00000
-340.37050 0.00000
-340.48200 0.00000
-339.69070 0.00000
-339.17460 0.00000
-339.03580 0.00000
-339.27490 0.00000
-339.23510 0.00000
-338.79090 0.00000
-339.43620 0.00000
-339.41260 0.00000
-338.68890 0.00000
-338.36620 0.00000
-337.82420 0.00000
-337.83880 0.00000
-337.22720 0.00000
-336.82040 0.00000
-336.38820 0.00000
-336.78420 0.00000
-336.49820 0.00000
-336.84770 0.00000
-336.89600 0.00000
-336.49750 0.00000
-336.90780 0.00000
-337.18730 0.00000
-337.32850 0.00000
-337.28290 0.00000
-337.16040 0.00000
-337.07130 0.00000
-337.49350 0.00000
-337.10840 0.00000
-337.39700 0.00000
-336.92510 0.00000
-336.93010 0.00000
-337.11670 0.00000
-337.30270 0.00000
-337.07850 0.00000
-337.45130 0.00000
-337.19110 0.00000
-337.60740 0.00000
-337.45950 0.00000
-337.32420 0.00000
-337.45440 0.00000
-336.84960 0.00000
-335.84890 0.00000
-335.92110 0.00000
-336.38720 0.00000
-336.56880 0.00000
-336.67000 0.00000
-336.79060 0.00000
-336.86540 0.00000
-336.38620 0.00000
-336.79030 0.00000
-337.61300 0.00000
-337.17350 0.00000
-337.90320 0.00000
-337.27460 0.00000
-337.82760 0.00000
-337.55650 0.00000
-337.24420 0.00000
-336.99700 0.00000
-336.04300 0.00000
-335.66230 0.00000
-335.79680 0.00000
-336.12590 0.00000
-336.56380 0.00000
-336.76930 0.00000
-337.34570 0.00000
-336.04910 0.00000
-336.50180 0.00000
-336.87740 0.00000
-336.96090 0.00000
-336.86540 0.00000
-337.29670 0.00000
-337.44770 0.00000
-337.77310 0.00000
-337.22350 0.00000
-336.53000 0.00000
-336.62800 0.00000
-336.41350 0.00000
-336.60820 0.00000
-336.80640 0.00000
-336.43640 0.00000
-336.06180 0.00000
-336.26940 0.00000
-336.76630 0.00000
-337.44970 0.00000
-336.36470 0.00000
-336.17080 0.00000
-336.04660 0.00000
-336.83530 0.00000
-336.73650 0.00000
-337.80580 0.00000
-337.55990 0.00000
-337.31850 0.00000
-335.99390 0.00000
-336.71330 0.00000
-336.57510 0.00000
-336.88640 0.00000
-336.06700 0.00000
-335.46930 0.00000
-335.75850 0.00000
-336.65800 0.00000
-336.34540 0.00000
-336.12760 0.00000
-335.88470 0.00000
-336.61410 0.00000
-336.13110 0.00000
-336.63530 0.00000
-335.02680 0.00000
-335.56210 0.00000
-335.94940 0.00000
-334.80350 0.00000
-333.55240 0.00000
-332.88070 0.00000
-333.34110 0.00000
-333.45960 0.00000
-333.85810 0.00000
-333.02190 0.00000
-334.09910 0.00000
-334.74880 0.00000
-334.63890 0.00000
-334.86740 0.00000
-335.45730 0.00000
-335.09440 0.00000
-334.96580 0.00000
-336.45580 0.00000
-336.59440 0.00000
-337.47020 0.00000
-338.50660 0.00000
-337.86610 0.00000
-337.91030 0.00000
-338.35940 0.00000
-338.66980 0.00000
-339.37970 0.00000
-339.72450 0.00000
-339.66740 0.00000
-339.73110 0.00000
-339.83560 0.00000
-338.83790 0.00000
-340.20830 0.00000
-340.35650 0.00000
-340.38180 0.00000
-340.81930 0.00000
-341.42760 0.00000
-340.80180 0.00000
-341.04450 0.00000
-341.87740 0.00000
-341.94890 0.00000
-342.07320 0.00000
-341.55660 0.00000
-341.87730 0.00000
-341.59320 0.00000
-341.10550 0.00000
-341.24800 0.00000
-340.68380 0.00000
-341.03950 0.00000
-340.82280 0.00000
-340.48610 0.00000
-339.44490 0.00000
-339.83760 0.00000
-339.54340 0.00000
-340.80140 0.00000
-341.05490 0.00000
-341.28350 0.00000
-340.88720 0.00000
-340.50210 0.00000
-341.10910 0.00000
-339.79170 0.00000
-339.68890 0.00000
-340.01540 0.00000
-339.24210 0.00000
-339.39200 0.00000
-339.39770 0.00000
-339.35980 0.00000
-339.08160 0.00000
-339.50240 0.00000
-339.40140 0.00000
-339.56660 0.00000
-339.61610 0.00000
-339.63670 0.00000
-339.93690 0.00000
-339.74310 0.00000
-339.59360 0.00000
-339.12790 0.00000
-338.87020 0.00000
-338.65270 0.00000
-338.61970 0.00000
-339.48370 0.00000
-339.46450 0.00000
-339.47710 0.00000
-339.32300 0.00000
-338.86000 0.00000
-338.98210 0.00000
-338.93420 0.00000
-338.84950 0.00000
-338.83340 0.00000
-338.79300 0.00000
-338.63210 0.00000
-337.68360 0.00000
-338.82950 0.00000
-338.57220 0.00000
-338.59150 0.00000
-339.25870 0.00000
-339.23170 0.00000
-339.77210 0.00000
-339.78970 0.00000
-339.92030 0.00000
-339.77210 0.00000
-339.45820 0.00000
-340.18050 0.00000
-339.30010 0.00000
-339.63960 0.00000
-339.79820 0.00000
-339.95900 0.00000
-339.91240 0.00000
-339.78890 0.00000
-340.22490 0.00000
-339.94680 0.00000
-340.24400 0.00000
-340.51320 0.00000
-339.93330 0.00000
-339.57790 0.00000
-340.65980 0.00000
-340.91790 0.00000
-339.90620 0.00000
-340.28930 0.00000
-340.21530 0.00000
-340.11630 0.00000
-340.01550 0.00000
-339.69850 0.00000
-340.02210 0.00000
-339.80960 0.00000
-339.86660 0.00000
-339.97020 0.00000
-339.77190 0.00000
-339.89940 0.00000
-339.67810 0.00000
-339.38030 0.00000
-340.02470 0.00000
-339.80900 0.00000
-339.85610 0.00000
-339.42340 0.00000
-339.76890 0.00000
-339.96920 0.00000
-339.51370 0.00000
-339.75390 0.00000
-339.32760 0.00000
-339.20840 0.00000
-339.57400 0.00000
-339.72390 0.00000
-339.33530 0.00000
-338.77730 0.00000
-339.66320 0.00000
-339.19340 0.00000
-339.45990 0.00000
-339.94180 0.00000
-339.22250 0.00000
-339.52270 0.00000
-339.06520 0.00000
-338.55860 0.00000
-338.28180 0.00000
-338.19010 0.00000
-335.92310 0.00000
-336.07920 0.00000
-335.95430 0.00000
-335.85950 0.00000
-336.01120 0.00000
-336.67930 0.00000
-337.04290 0.00000
-336.55580 0.00000
-337.15030 0.00000
-337.40770 0.00000
-337.21660 0.00000
-337.36790 0.00000
-336.88590 0.00000
-337.52520 0.00000
-336.51180 0.00000
-337.23980 0.00000
-337.37740 0.00000
-337.41070 0.00000
-336.58650 0.00000
-337.14740 0.00000
-337.13210 0.00000
-337.30110 0.00000
-337.00900 0.00000
-336.74270 0.00000
-336.36710 0.00000
-336.81160 0.00000
-337.00850 0.00000
-337.45570 0.00000
-337.39730 0.00000
-336.99760 0.00000
-337.27960 0.00000
-338.57040 0.00000
-337.62630 0.00000
-337.43650 0.00000
-336.47960 0.00000
-336.62680 0.00000
-336.32110 0.00000
-337.56330 0.00000
-336.91830 0.00000
-336.67360 0.00000
-336.65830 0.00000
-337.22760 0.00000
-337.10310 0.00000
-337.77630 0.00000
-337.59560 0.00000
-337.61340 0.00000
-337.51130 0.00000
-337.74300 0.00000
-337.97940 0.00000
-338.49040 0.00000
-338.74370 0.00000
-338.42520 0.00000
-339.31790 0.00000
-339.14180 0.00000
-339.96020 0.00000
-340.39590 0.00000
-340.18620 0.00000
-340.02130 0.00000
-340.12870 0.00000
-340.71370 0.00000
-340.47430 0.00000
-340.91570 0.00000
-340.56980 0.00000
-340.33200 0.00000
-340.54340 0.00000
-340.62410 0.00000
-341.23180 0.00000
-340.42950 0.00000
-339.50640 0.00000
-339.54290 0.00000
-339.69320 0.00000
-339.11560 0.00000
-339.10830 0.00000
-339.16180 0.00000
-338.88420 0.00000
-338.56980 0.00000
-338.24810 0.00000
-339.33030 0.00000
-339.09510 0.00000
-338.99750 0.00000
-339.02960 0.00000
-338.57010 0.00000
-339.35570 0.00000
-338.78650 0.00000
-339.65660 0.00000
-339.09720 0.00000
-338.86910 0.00000
-338.55100 0.00000
-338.70000 0.00000
-339.66230 0.00000
-338.43320 0.00000
-338.01900 0.00000
-337.61070 0.00000
-337.69260 0.00000
-337.78860 0.00000
-338.33690 0.00000
-338.35300 0.00000
-338.53970 0.00000
-338.82370 0.00000
-338.08230 0.00000
-337.82480 0.00000
-337.54560 0.00000
-337.77940 0.00000
-337.89880 0.00000
-337.49080 0.00000
-337.44730 0.00000
-337.20400 0.00000
-337.22960 0.00000
-336.90540 0.00000
-336.83500 0.00000
-337.31100 0.00000
-337.18310 0.00000
-337.62480 0.00000
-337.56240 0.00000
-338.01490 0.00000
-338.70580 0.00000
-338.64570 0.00000
-338.23770 0.00000
-338.62550 0.00000
-339.36930 0.00000
-339.34490 0.00000
-338.16140 0.00000
-338.01550 0.00000
-337.85450 0.00000
-337.52590 0.00000
-337.61460 0.00000
-337.60860 0.00000
-337.99780 0.00000
-337.99170 0.00000
-338.38440 0.00000
-337.72240 0.00000
-337.53740 0.00000
-337.81720 0.00000
-337.95200 0.00000
-337.55690 0.00000
-337.68280 0.00000
-337.38060 0.00000
-337.01290 0.00000
-337.04530 0.00000
-336.94110 0.00000
-336.86830 0.00000
-336.60260 0.00000
-336.87530 0.00000
-336.57850 0.00000
-336.78530 0.00000
-336.48430 0.00000
-336.36880 0.00000
-336.34900 0.00000
-337.00870 0.00000
-337.90760 0.00000
-336.88110 0.00000
-337.73810 0.00000
-336.47180 0.00000
-336.25180 0.00000
-336.41590 0.00000
-336.83010 0.00000
-336.34020 0.00000
-336.53980 0.00000
-336.47700 0.00000
-337.57630 0.00000
-337.78180 0.00000
-338.38400 0.00000
-338.19850 0.00000
-337.70210 0.00000
-337.47360 0.00000
-337.67620 0.00000
-337.65160 0.00000
-337.38790 0.00000
-336.86350 0.00000
-336.79230 0.00000
-336.59570 0.00000
-337.52470 0.00000
-338.28560 0.00000
-338.57140 0.00000
-337.92360 0.00000
-338.47140 0.00000
-338.15710 0.00000
-337.79170 0.00000
-337.53360 0.00000
-338.18510 0.00000
-338.84040 0.00000
-338.53680 0.00000
-338.48340 0.00000
-338.79500 0.00000
-338.67480 0.00000
-338.34510 0.00000
-338.92920 0.00000
-339.65510 0.00000
-339.90110 0.00000
-340.47350 0.00000
-340.21190 0.00000
-339.50330 0.00000
-339.63240 0.00000
-339.26930 0.00000
-339.15270 0.00000
-339.48370 0.00000
-339.72900 0.00000
-340.03370 0.00000
-340.88860 0.00000
-341.58360 0.00000
-341.04390 0.00000
-341.45010 0.00000
-342.14810 0.00000
-343.09660 0.00000
-343.40840 0.00000
-343.31180 0.00000
-343.20440 0.00000
-342.55310 0.00000
-342.93140 0.00000
-343.36350 0.00000
-342.53950 0.00000
-342.08650 0.00000
-342.49170 0.00000
-342.66190 0.00000
-343.31370 0.00000
-343.60340 0.00000
-343.29990 0.00000
-342.69970 0.00000
-342.29790 0.00000
-341.97940 0.00000
-342.48510 0.00000
-342.33680 0.00000
-342.27550 0.00000
-342.34200 0.00000
-342.77410 0.00000
-343.65130 0.00000
-343.54150 0.00000
-342.38540 0.00000
-342.57160 0.00000
-342.34530 0.00000
-341.19500 0.00000
-340.88900 0.00000
-341.25870 0.00000
-341.47920 0.00000
-341.67280 0.00000
-341.96550 0.00000
-341.82780 0.00000
-341.21960 0.00000
-341.19730 0.00000
-340.39430 0.00000
-340.01470 0.00000
-339.84520 0.00000
-340.01230 0.00000
-340.30460 0.00000
-339.59420 0.00000
-340.11980 0.00000
-340.12040 0.00000
-339.37020 0.00000
-338.99390 0.00000
-338.53140 0.00000
-338.50630 0.00000
-337.82080 0.00000
-337.16750 0.00000
-336.42260 0.00000
-336.89880 0.00000
-336.26740 0.00000
-336.50930 0.00000
-336.62400 0.00000
-336.26240 0.00000
-336.31780 0.00000
-336.66670 0.00000
-336.76230 0.00000
-337.17550 0.00000
-336.90700 0.00000
-336.63170 0.00000
-336.97070 0.00000
-337.08830 0.00000
-337.37470 0.00000
-336.95180 0.00000
-337.16180 0.00000
-337.32680 0.00000
-337.67040 0.00000
-337.48790 0.00000
-338.04400 0.00000
-337.70030 0.00000
-338.19400 0.00000
-337.99800 0.00000
-337.93850 0.00000
-337.84280 0.00000
-337.23210 0.00000
-336.38230 0.00000
-336.51350 0.00000
-336.92190 0.00000
-337.13850 0.00000
-337.27570 0.00000
-337.26000 0.00000
-337.70480 0.00000
-337.29800 0.00000
-337.96660 0.00000
-338.82030 0.00000
-338.73100 0.00000
-339.05770 0.00000
-339.32600 0.00000
-339.84930 0.00000
-338.87780 0.00000
-338.27670 0.00000
-338.32490 0.00000
-337.32010 0.00000
-337.15500 0.00000
-337.39350 0.00000
-337.64630 0.00000
-337.22700 0.00000
-337.46520 0.00000
-338.15910 0.00000
-337.78220 0.00000
-337.77740 0.00000
-338.25260 0.00000
-338.45330 0.00000
-338.15680 0.00000
-338.47750 0.00000
-338.56030 0.00000
-339.06370 0.00000
-338.45560 0.00000
-337.82090 0.00000
-337.92640 0.00000
-338.11220 0.00000
-338.37140 0.00000
-338.59480 0.00000
-338.49220 0.00000
-338.10970 0.00000
-338.37470 0.00000
-339.02360 0.00000
-339.29160 0.00000
-338.79220 0.00000
-338.84300 0.00000
-338.86070 0.00000
-339.47180 0.00000
-340.20870 0.00000
-341.33680 0.00000
-340.87080 0.00000
-341.20590 0.00000
-340.26240 0.00000
-341.85190 0.00000
-341.87240 0.00000
-341.79680 0.00000
-341.27770 0.00000
-340.78720 0.00000
-340.75080 0.00000
-341.17420 0.00000
-340.92810 0.00000
-340.94520 0.00000
-340.52400 0.00000
-341.57330 0.00000
-340.43850 0.00000
-340.96650 0.00000
-340.09640 0.00000
-340.30820 0.00000
-340.62320 0.00000
-339.23290 0.00000
-338.44780 0.00000
-337.85950 0.00000
-338.39560 0.00000
-338.74690 0.00000
-338.88150 0.00000
-337.70290 0.00000
-338.69320 0.00000
-339.13740 0.00000
-339.77150 0.00000
-339.92280 0.00000
-340.37850 0.00000
-340.39640 0.00000
-340.14500 0.00000
-341.45760 0.00000
-340.30730 0.00000
-341.23670 0.00000
-341.53120 0.00000
-340.72370 0.00000
-340.13490 0.00000
-340.42980 0.00000
-340.76060 0.00000
-341.25400 0.00000
-341.35740 0.00000
-341.06820 0.00000
-340.90650 0.00000
-341.09180 0.00000
-340.33630 0.00000
-340.63690 0.00000
-340.78480 0.00000
-340.63200 0.00000
-341.30510 0.00000
-341.98950 0.00000
-341.42210 0.00000
-341.72440 0.00000
-342.63550 0.00000
-343.42880 0.00000
-342.89120 0.00000
-342.48800 0.00000
-343.09970 0.00000
-342.10440 0.00000
-341.57390 0.00000
-342.30770 0.00000
-342.12870 0.00000
-342.78390 0.00000
-342.64960 0.00000
-342.53270 0.00000
-341.06740 0.00000
-341.46190 0.00000
-340.84300 0.00000
-341.69780 0.00000
-340.84320 0.00000
-340.90080 0.00000
-340.39410 0.00000
-340.41420 0.00000
-341.45800 0.00000
-340.39780 0.00000
-340.54850 0.00000
-341.42120 0.00000
-339.64020 0.00000
-341.06630 0.00000
-340.89270 0.00000
-340.69440 0.00000
-340.27460 0.00000
-341.09290 0.00000
-340.91420 0.00000
-341.05900 0.00000
-341.07890 0.00000
-340.75040 0.00000
-340.94810 0.00000
-340.26080 0.00000
-340.14640 0.00000
-339.53450 0.00000
-339.28200 0.00000
-338.83610 0.00000
-338.00490 0.00000
-338.63770 0.00000
-338.77360 0.00000
-338.94230 0.00000
-338.84190 0.00000
-338.06510 0.00000
-337.81650 0.00000
-337.47100 0.00000
-337.76610 0.00000
-337.47470 0.00000
-336.90380 0.00000
-336.32750 0.00000
-335.02380 0.00000
-336.55870 0.00000
-336.20290 0.00000
-336.02770 0.00000
-336.61330 0.00000
-336.35430 0.00000
-336.82090 0.00000
-336.47790 0.00000
-337.20680 0.00000
-337.12280 0.00000
-336.48500 0.00000
-337.48870 0.00000
-337.24450 0.00000
-337.94830 0.00000
-337.51910 0.00000
-337.88020 0.00000
-338.01060 0.00000
-337.82690 0.00000
-338.33020 0.00000
-338.24190 0.00000
-338.20230 0.00000
-338.79360 0.00000
-338.80560 0.00000
-338.38670 0.00000
-339.47090 0.00000
-338.96640 0.00000
-337.27910 0.00000
-337.34140 0.00000
-337.13820 0.00000
-337.62860 0.00000
-337.29320 0.00000
-337.01150 0.00000
-336.70010 0.00000
-336.17260 0.00000
-336.33210 0.00000
-336.25850 0.00000
-335.61240 0.00000
-335.93440 0.00000
-335.71680 0.00000
-335.32510 0.00000
-335.37190 0.00000
-335.13820 0.00000
-335.14780 0.00000
-334.62140 0.00000
-335.12370 0.00000
-335.31220 0.00000
-334.79850 0.00000
-334.86380 0.00000
-334.59630 0.00000
-334.29770 0.00000
-334.64990 0.00000
-335.25890 0.00000
-334.95320 0.00000
-334.88200 0.00000
-335.20160 0.00000
-334.80670 0.00000
-335.35950 0.00000
-335.78980 0.00000
-336.06840 0.00000
-335.88760 0.00000
-334.90160 0.00000
-334.46160 0.00000
-334.67730 0.00000
-334.17680 0.00000
-335.92310 0.00000
-336.07920 0.00000
-335.95430 0.00000
-335.85950 0.00000
-336.01120 0.00000
-336.67930 0.00000
-336.35350 0.00000
-335.85730 0.00000
-336.45520 0.00000
-336.69830 0.00000
-336.51430 0.00000
-336.69210 0.00000
-336.27810 0.00000
-336.90370 0.00000
-336.55120 0.00000
-337.29300 0.00000
-337.48510 0.00000
-337.52380 0.00000
-336.69970 0.00000
-337.23620 0.00000
-337.22730 0.00000
-337.37820 0.00000
-337.11940 0.00000
-336.82940 0.00000
-336.42780 0.00000
-336.85030 0.00000
-337.02120 0.00000
-337.46910 0.00000
-337.86460 0.00000
-337.43480 0.00000
-337.67560 0.00000
-339.00490 0.00000
-339.36580 0.00000
-339.51860 0.00000
-338.55970 0.00000
-338.69280 0.00000
-338.41320 0.00000
-339.63460 0.00000
-338.97690 0.00000
-338.71290 0.00000
-338.71480 0.00000
-339.24230 0.00000
-338.51570 0.00000
-339.20220 0.00000
-338.23750 0.00000
-338.27630 0.00000
-338.15030 0.00000
-338.21960 0.00000
-338.44720 0.00000
-338.80160 0.00000
-339.10940 0.00000
-338.78060 0.00000
-339.61040 0.00000
-338.55570 0.00000
-339.39140 0.00000
-339.80140 0.00000
-339.62600 0.00000
-339.37990 0.00000
-339.50090 0.00000
-340.11310 0.00000
-339.28760 0.00000
-339.78660 0.00000
-339.46750 0.00000
-339.20450 0.00000
-339.50620 0.00000
-339.66230 0.00000
-340.24840 0.00000
-340.14890 0.00000
-339.20660 0.00000
-339.22540 0.00000
-339.36390 0.00000
-338.81510 0.00000
-338.82510 0.00000
-338.91750 0.00000
-338.66600 0.00000
-338.39860 0.00000
-338.09440 0.00000
-339.11450 0.00000
-337.76180 0.00000
-337.63670 0.00000
-337.74920 0.00000
-337.29880 0.00000
-338.00780 0.00000
-338.13160 0.00000
-338.96120 0.00000
-338.38510 0.00000
-338.25640 0.00000
-337.83040 0.00000
-337.90510 0.00000
-338.65230 0.00000
-338.48130 0.00000
-338.01760 0.00000
-337.42930 0.00000
-337.53000 0.00000
-337.79970 0.00000
-338.28240 0.00000
-338.16310 0.00000
-338.33730 0.00000
-338.80460 0.00000
-338.42850 0.00000
-338.05860 0.00000
-337.78640 0.00000
-338.05470 0.00000
-338.32650 0.00000
-338.07920 0.00000
-337.94820 0.00000
-337.78140 0.00000
-337.71340 0.00000
-337.40380 0.00000
-337.41510 0.00000
-337.79480 0.00000
-337.62400 0.00000
-338.11380 0.00000
-338.13430 0.00000
-338.57800 0.00000
-339.20330 0.00000
-339.00630 0.00000
-338.53800 0.00000
-338.82630 0.00000
-339.41130 0.00000
-338.82850 0.00000
-337.56820 0.00000
-337.30430 0.00000
-337.12100 0.00000
-336.83680 0.00000
-336.86040 0.00000
-336.77430 0.00000
-337.23760 0.00000
-336.75140 0.00000
-337.24520 0.00000
-336.58970 0.00000
-336.43260 0.00000
-336.58580 0.00000
-336.63910 0.00000
-336.07340 0.00000
-336.95000 0.00000
-336.60490 0.00000
-336.24430 0.00000
-336.32400 0.00000
-336.28310 0.00000
-335.96530 0.00000
-335.62710 0.00000
-335.82620 0.00000
-335.63400 0.00000
-335.85130 0.00000
-335.65940 0.00000
-335.44470 0.00000
-335.43560 0.00000
-336.16680 0.00000
-336.94910 0.00000
-335.82250 0.00000
-336.58820 0.00000
-336.15610 0.00000
-336.14540 0.00000
-336.30590 0.00000
-336.89710 0.00000
-336.33800 0.00000
-336.34040 0.00000
-336.22630 0.00000
-337.29990 0.00000
-337.40630 0.00000
-338.02650 0.00000
-338.14900 0.00000
-337.61550 0.00000
-337.37950 0.00000
-337.87240 0.00000
-337.19470 0.00000
-336.88450 0.00000
-336.26620 0.00000
-336.00300 0.00000
-335.84230 0.00000
-337.01910 0.00000
-337.80560 0.00000
-338.11910 0.00000
-337.76320 0.00000
-338.13030 0.00000
-337.68820 0.00000
-337.25320 0.00000
-336.99620 0.00000
-337.39820 0.00000
-338.09470 0.00000
-337.77090 0.00000
-337.63350 0.00000
-337.66880 0.00000
-337.24680 0.00000
-336.85850 0.00000
-337.38070 0.00000
-338.14840 0.00000
-338.39900 0.00000
-338.89330 0.00000
-338.69610 0.00000
-338.01440 0.00000
-338.37880 0.00000
-338.07140 0.00000
-338.05780 0.00000
-338.54100 0.00000
-338.68110 0.00000
-338.76900 0.00000
-339.32660 0.00000
-340.13880 0.00000
-339.15000 0.00000
-339.42540 0.00000
-339.85530 0.00000
-340.48900 0.00000
-339.32430 0.00000
-339.79370 0.00000
-339.69560 0.00000
-339.10680 0.00000
-339.76370 0.00000
-340.59030 0.00000
-338.88980 0.00000
-338.77240 0.00000
-339.02510 0.00000
-339.21330 0.00000
-339.78400 0.00000
-339.90810 0.00000
-339.62310 0.00000
-339.35210 0.00000
-339.13860 0.00000
-338.57520 0.00000
-338.31510 0.00000
-338.70050 0.00000
-338.21700 0.00000
-338.31080 0.00000
-339.10650 0.00000
-339.83460 0.00000
-338.95230 0.00000
-338.12840 0.00000
-337.99610 0.00000
-337.87920 0.00000
-337.20630 0.00000
-336.61910 0.00000
-337.19430 0.00000
-337.43130 0.00000
-337.93670 0.00000
-338.26840 0.00000
-338.16970 0.00000
-337.67290 0.00000
-337.80600 0.00000
-336.99670 0.00000
-336.67800 0.00000
-336.54120 0.00000
-336.68800 0.00000
-336.55930 0.00000
-335.93430 0.00000
-336.03660 0.00000
-335.97300 0.00000
-335.46800 0.00000
-335.34680 0.00000
-334.93280 0.00000
-335.56710 0.00000
-335.17500 0.00000
-334.69160 0.00000
-334.16580 0.00000
-334.44990 0.00000
-334.19540 0.00000
-334.68820 0.00000
-334.45180 0.00000
-333.99290 0.00000
-334.70360 0.00000
-334.82570 0.00000
-335.06910 0.00000
-335.32010 0.00000
-335.26990 0.00000
-335.25490 0.00000
-335.93620 0.00000
-335.81590 0.00000
-336.33000 0.00000
-336.13470 0.00000
-336.38450 0.00000
-336.64180 0.00000
-336.87170 0.00000
-336.64080 0.00000
-337.18040 0.00000
-336.77220 0.00000
-337.03950 0.00000
-336.70990 0.00000
-336.48500 0.00000
-336.57640 0.00000
-336.03640 0.00000
-335.15770 0.00000
-335.06360 0.00000
-335.27980 0.00000
-335.56490 0.00000
-335.96250 0.00000
-336.07440 0.00000
-336.18140 0.00000
-335.72470 0.00000
-336.20490 0.00000
-337.09630 0.00000
-336.56250 0.00000
-337.19820 0.00000
-337.50370 0.00000
-338.30040 0.00000
-337.95530 0.00000
-338.20710 0.00000
-337.81120 0.00000
-336.54520 0.00000
-336.35520 0.00000
-336.70490 0.00000
-336.75680 0.00000
-338.28270 0.00000
-338.55350 0.00000
-339.06260 0.00000
-339.20940 0.00000
-339.44470 0.00000
-339.55280 0.00000
-339.32870 0.00000
-339.30610 0.00000
-339.74710 0.00000
-339.59200 0.00000
-340.27160 0.00000
-340.21740 0.00000
-339.41010 0.00000
-340.47440 0.00000
-340.39160 0.00000
-340.44850 0.00000
-340.45330 0.00000
-340.66610 0.00000
-340.43630 0.00000
-340.84440 0.00000
-340.82580 0.00000
-341.26450 0.00000
-341.19990 0.00000
-341.23420 0.00000
-341.19470 0.00000
-341.56580 0.00000
-342.19920 0.00000
-343.31510 0.00000
-341.94270 0.00000
-342.01660 0.00000
-341.56190 0.00000
-342.85100 0.00000
-342.33000 0.00000
-342.06390 0.00000
-341.83110 0.00000
-341.88590 0.00000
-341.65290 0.00000
-341.88950 0.00000
-342.06860 0.00000
-341.90860 0.00000
-342.16880 0.00000
-342.95330 0.00000
-342.77900 0.00000
-342.91170 0.00000
-342.30750 0.00000
-342.65440 0.00000
-343.17970 0.00000
-341.50080 0.00000
-341.25030 0.00000
-340.82290 0.00000
-341.31450 0.00000
-341.10350 0.00000
-341.54350 0.00000
-340.88770 0.00000
-341.40220 0.00000
-341.70440 0.00000
-341.75070 0.00000
-341.80370 0.00000
-342.13230 0.00000
-342.53150 0.00000
-342.21290 0.00000
-343.41420 0.00000
-343.02490 0.00000
-344.32220 0.00000
-344.71280 0.00000
-344.47180 0.00000
-343.61380 0.00000
-343.17700 0.00000
-342.79680 0.00000
-343.26180 0.00000
-342.95040 0.00000
-342.73710 0.00000
-343.04050 0.00000
-342.84270 0.00000
-341.98870 0.00000
-341.93170 0.00000
-342.24980 0.00000
-342.61670 0.00000
-342.46450 0.00000
-342.51790 0.00000
-342.42530 0.00000
-342.81090 0.00000
-342.91520 0.00000
-343.18740 0.00000
-343.02520 0.00000
-342.35540 0.00000
-342.39820 0.00000
-342.22380 0.00000
-342.02110 0.00000
-342.18210 0.00000
-342.05300 0.00000
-342.66080 0.00000
-342.20010 0.00000
-342.29500 0.00000
-341.14890 0.00000
-340.83780 0.00000
-340.69100 0.00000
-341.26850 0.00000
-341.91730 0.00000
-342.15400 0.00000
-343.02460 0.00000
-343.84930 0.00000
-344.27680 0.00000
-343.25300 0.00000
-343.77550 0.00000
-343.74310 0.00000
-343.14280 0.00000
-343.51000 0.00000
-343.66230 0.00000
-343.30070 0.00000
-343.04790 0.00000
-343.19050 0.00000
-342.76560 0.00000
-343.04920 0.00000
-342.73090 0.00000
-343.04230 0.00000
-342.76250 0.00000
-342.66850 0.00000
-342.51530 0.00000
-342.51760 0.00000
-341.95420 0.00000
-342.05650 0.00000
-342.21560 0.00000
-342.85970 0.00000
-342.82360 0.00000
-342.79800 0.00000
-342.62450 0.00000
-342.34850 0.00000
-342.31940 0.00000
-342.74710 0.00000
-342.67220 0.00000
-342.36370 0.00000
-342.50470 0.00000
-342.49920 0.00000
-342.09850 0.00000
-342.72310 0.00000
-342.73960 0.00000
-342.78630 0.00000
-342.80140 0.00000
-342.99190 0.00000
-343.74900 0.00000
-343.17220 0.00000
-344.59200 0.00000
-343.59300 0.00000
-343.29070 0.00000
-343.62080 0.00000
-343.63850 0.00000
-343.91650 0.00000
-343.70500 0.00000
-343.79690 0.00000
-343.18230 0.00000
-342.72220 0.00000
-342.62160 0.00000
-341.97200 0.00000
-342.01650 0.00000
-342.26320 0.00000
-342.04910 0.00000
-341.72380 0.00000
-342.73780 0.00000
-341.89500 0.00000
-340.86180 0.00000
-342.13990 0.00000
-342.35020 0.00000
-341.48160 0.00000
-342.00010 0.00000
-341.56530 0.00000
-342.16110 0.00000
-342.07720 0.00000
-341.79890 0.00000
-342.02930 0.00000
-342.26870 0.00000
-342.03350 0.00000
-341.70020 0.00000
-341.36510 0.00000
-341.64580 0.00000
-341.66710 0.00000
-341.25780 0.00000
-341.17240 0.00000
-341.59720 0.00000
-341.99880 0.00000
-341.58290 0.00000
-341.69920 0.00000
-341.67770 0.00000
-341.80550 0.00000
-342.20000 0.00000
-341.97260 0.00000
-341.52430 0.00000
-341.14620 0.00000
-341.81320 0.00000
-341.39930 0.00000
-341.37300 0.00000
-341.82340 0.00000
-341.92480 0.00000
-342.05590 0.00000
-341.72940 0.00000
-341.73080 0.00000
-341.29530 0.00000
-340.87320 0.00000
-335.92310 0.00000
-336.07920 0.00000
-335.95430 0.00000
-335.85950 0.00000
-336.01120 0.00000
-336.67930 0.00000
-337.04290 0.00000
-336.55580 0.00000
-337.15030 0.00000
-336.82570 0.00000
-336.66060 0.00000
-336.78110 0.00000
-336.27910 0.00000
-336.91680 0.00000
-336.52920 0.00000
-337.20080 0.00000
-337.33430 0.00000
-337.35150 0.00000
-336.53770 0.00000
-337.14770 0.00000
-337.11630 0.00000
-337.25830 0.00000
-336.90780 0.00000
-336.64880 0.00000
-336.26670 0.00000
-336.71180 0.00000
-336.90630 0.00000
-337.33290 0.00000
-337.69890 0.00000
-337.28220 0.00000
-337.56180 0.00000
-338.89150 0.00000
-339.20030 0.00000
-339.03290 0.00000
-338.09100 0.00000
-338.24580 0.00000
-337.91880 0.00000
-339.10100 0.00000
-338.42520 0.00000
-338.19470 0.00000
-338.17150 0.00000
-338.71610 0.00000
-338.58840 0.00000
-339.26290 0.00000
-338.37920 0.00000
-338.36970 0.00000
-338.22680 0.00000
-338.35780 0.00000
-338.53650 0.00000
-339.09970 0.00000
-339.40090 0.00000
-339.08070 0.00000
-339.98930 0.00000
-339.83400 0.00000
-340.58960 0.00000
-341.00130 0.00000
-340.83330 0.00000
-340.60570 0.00000
-340.69160 0.00000
-341.31330 0.00000
-341.11970 0.00000
-341.46680 0.00000
-341.12230 0.00000
-340.87490 0.00000
-341.11200 0.00000
-341.19760 0.00000
-341.73170 0.00000
-341.61070 0.00000
-340.69830 0.00000
-340.70550 0.00000
-340.82220 0.00000
-340.31910 0.00000
-340.29450 0.00000
-340.34060 0.00000
-340.14170 0.00000
-339.82440 0.00000
-339.48660 0.00000
-340.48660 0.00000
-340.21740 0.00000
-340.11160 0.00000
-340.20900 0.00000
-339.76390 0.00000
-340.44240 0.00000
-340.62590 0.00000
-341.41620 0.00000
-340.87510 0.00000
-340.70930 0.00000
-340.24590 0.00000
-340.36310 0.00000
-341.10390 0.00000
-340.90530 0.00000
-340.44220 0.00000
-339.93320 0.00000
-340.08830 0.00000
-340.37470 0.00000
-340.90210 0.00000
-340.84590 0.00000
-341.00740 0.00000
-341.33600 0.00000
-340.86420 0.00000
-340.47480 0.00000
-340.22870 0.00000
-340.47120 0.00000
-340.78090 0.00000
-340.42590 0.00000
-340.31570 0.00000
-340.06590 0.00000
-340.07340 0.00000
-339.81380 0.00000
-339.82990 0.00000
-340.28900 0.00000
-340.14590 0.00000
-340.60640 0.00000
-340.58060 0.00000
-341.02380 0.00000
-341.60570 0.00000
-341.46650 0.00000
-340.92180 0.00000
-341.27370 0.00000
-341.93080 0.00000
-341.98610 0.00000
-340.84920 0.00000
-340.59090 0.00000
-340.42860 0.00000
-340.20720 0.00000
-340.27360 0.00000
-340.24880 0.00000
-340.62590 0.00000
-340.53820 0.00000
-341.02590 0.00000
-340.31000 0.00000
-340.20890 0.00000
-340.44680 0.00000
-340.46880 0.00000
-339.94210 0.00000
-340.19860 0.00000
-339.80640 0.00000
-339.44960 0.00000
-339.42730 0.00000
-339.40590 0.00000
-339.13960 0.00000
-338.85620 0.00000
-339.10220 0.00000
-338.79760 0.00000
-339.01550 0.00000
-338.78040 0.00000
-338.55140 0.00000
-338.59530 0.00000
-339.28960 0.00000
-339.46620 0.00000
-338.31840 0.00000
-339.22010 0.00000
-338.88470 0.00000
-338.78970 0.00000
-338.92910 0.00000
-339.46600 0.00000
-338.78410 0.00000
-338.97050 0.00000
-338.90400 0.00000
-340.12990 0.00000
-340.37060 0.00000
-341.05090 0.00000
-341.36850 0.00000
-340.79350 0.00000
-340.48290 0.00000
-340.82160 0.00000
-340.77530 0.00000
-340.45900 0.00000
-340.04190 0.00000
-339.93310 0.00000
-339.69780 0.00000
-340.80170 0.00000
-341.66750 0.00000
-341.95130 0.00000
-341.35460 0.00000
-341.76770 0.00000
-341.03840 0.00000
-340.60130 0.00000
-340.42720 0.00000
-340.98910 0.00000
-341.73690 0.00000
-341.34380 0.00000
-341.18300 0.00000
-341.31270 0.00000
-341.10280 0.00000
-340.68920 0.00000
-341.64520 0.00000
-342.43470 0.00000
-342.73110 0.00000
-343.24560 0.00000
-342.90790 0.00000
-342.44570 0.00000
-342.78330 0.00000
-342.32450 0.00000
-342.17060 0.00000
-342.77080 0.00000
-342.98490 0.00000
-343.12940 0.00000
-344.14060 0.00000
-345.07420 0.00000
-344.23760 0.00000
-344.68990 0.00000
-345.43660 0.00000
-346.42330 0.00000
-345.28030 0.00000
-345.67960 0.00000
-345.28520 0.00000
-344.61370 0.00000
-345.29650 0.00000
-345.89880 0.00000
-345.02000 0.00000
-344.74160 0.00000
-345.39110 0.00000
-345.70380 0.00000
-346.14020 0.00000
-345.58300 0.00000
-345.33590 0.00000
-345.02370 0.00000
-344.64130 0.00000
-343.97640 0.00000
-343.80730 0.00000
-343.98330 0.00000
-343.74740 0.00000
-343.85520 0.00000
-344.42160 0.00000
-345.29850 0.00000
-345.18770 0.00000
-343.94960 0.00000
-343.89490 0.00000
-343.80690 0.00000
-343.09010 0.00000
-342.55100 0.00000
-343.28090 0.00000
-343.58310 0.00000
-343.89250 0.00000
-344.20960 0.00000
-343.83900 0.00000
-343.12100 0.00000
-343.33190 0.00000
-342.49780 0.00000
-342.78500 0.00000
-342.60020 0.00000
-342.90190 0.00000
-342.93090 0.00000
-342.27080 0.00000
-342.42240 0.00000
-342.50200 0.00000
-341.85910 0.00000
-341.48200 0.00000
-340.98730 0.00000
-341.08500 0.00000
-340.47380 0.00000
-339.92950 0.00000
-339.39320 0.00000
-339.81430 0.00000
-339.36340 0.00000
-339.81270 0.00000
-340.03660 0.00000
-339.35420 0.00000
-339.75160 0.00000
-339.96280 0.00000
-340.14830 0.00000
-340.32730 0.00000
-340.10360 0.00000
-339.99300 0.00000
-340.54880 0.00000
-340.44990 0.00000
-340.78340 0.00000
-340.12030 0.00000
-340.22740 0.00000
-340.39100 0.00000
-340.65900 0.00000
-340.38730 0.00000
-340.88110 0.00000
-340.57440 0.00000
-341.06660 0.00000
-340.76500 0.00000
-340.54080 0.00000
-340.58430 0.00000
-339.99490 0.00000
-339.00690 0.00000
-339.23660 0.00000
-339.61950 0.00000
-339.92890 0.00000
-340.13420 0.00000
-340.16800 0.00000
-340.33180 0.00000
-339.87820 0.00000
-340.46740 0.00000
-341.32190 0.00000
-341.03280 0.00000
-341.49470 0.00000
-341.65900 0.00000
-342.39470 0.00000
-342.28970 0.00000
-341.95160 0.00000
-341.68740 0.00000
-340.47920 0.00000
-340.28450 0.00000
-340.45490 0.00000
-340.58430 0.00000
-341.14770 0.00000
-341.42370 0.00000
-342.19740 0.00000
-342.00950 0.00000
-342.09100 0.00000
-342.53400 0.00000
-342.70470 0.00000
-342.52630 0.00000
-343.24600 0.00000
-343.31170 0.00000
-343.93210 0.00000
-342.96290 0.00000
-342.17990 0.00000
-342.32620 0.00000
-342.17590 0.00000
-342.29240 0.00000
-342.39790 0.00000
-342.52460 0.00000
-342.20170 0.00000
-342.55900 0.00000
-342.99240 0.00000
-343.37090 0.00000
-343.06650 0.00000
-343.37480 0.00000
-343.39790 0.00000
-343.85210 0.00000
-344.03180 0.00000
-344.64520 0.00000
-343.12790 0.00000
-343.22270 0.00000
-342.24520 0.00000
-343.88640 0.00000
-343.23770 0.00000
-343.13650 0.00000
-342.72550 0.00000
-342.30750 0.00000
-342.29750 0.00000
-342.83820 0.00000
-342.93620 0.00000
-342.80340 0.00000
-342.90540 0.00000
-343.53730 0.00000
-343.21140 0.00000
-343.49170 0.00000
-342.77640 0.00000
-342.99920 0.00000
-343.40930 0.00000
-342.29700 0.00000
-341.73460 0.00000
-341.22760 0.00000
-342.22980 0.00000
-342.33220 0.00000
-342.68270 0.00000
-341.97400 0.00000
-342.75620 0.00000
-343.14290 0.00000
-343.32810 0.00000
-343.46290 0.00000
-343.86760 0.00000
-344.20750 0.00000
-343.59350 0.00000
-344.84180 0.00000
-343.65140 0.00000
-344.51600 0.00000
-345.61680 0.00000
-344.52810 0.00000
-343.88720 0.00000
-343.69600 0.00000
-343.43170 0.00000
-343.92500 0.00000
-343.51890 0.00000
-343.48980 0.00000
-343.90490 0.00000
-343.67720 0.00000
-343.18640 0.00000
-343.22030 0.00000
-343.63170 0.00000
-343.94820 0.00000
-344.12940 0.00000
-344.27950 0.00000
-344.01170 0.00000
-344.29530 0.00000
-344.93720 0.00000
-345.37520 0.00000
-345.38310 0.00000
-344.87370 0.00000
-344.96690 0.00000
-344.88720 0.00000
-344.40290 0.00000
-344.78190 0.00000
-344.05110 0.00000
-344.54010 0.00000
-344.12330 0.00000
-344.01230 0.00000
-342.90780 0.00000
-342.94580 0.00000
-342.46100 0.00000
-343.22990 0.00000
-343.76220 0.00000
-344.04900 0.00000
-340.93140 0.00000
-340.64070 0.00000
-340.68580 0.00000
-339.88890 0.00000
-339.56220 0.00000
-339.40020 0.00000
-338.73150 0.00000
-339.17990 0.00000
-339.24190 0.00000
-338.83220 0.00000
-338.64230 0.00000
-338.81970 0.00000
-338.26290 0.00000
-338.53880 0.00000
-338.15790 0.00000
-338.50830 0.00000
-338.40920 0.00000
-337.98650 0.00000
-337.77450 0.00000
-337.78880 0.00000
-337.34610 0.00000
-337.33610 0.00000
-337.57120 0.00000
-338.10780 0.00000
-338.12550 0.00000
-338.04940 0.00000
-337.82530 0.00000
-337.48760 0.00000
-337.20530 0.00000
-337.81460 0.00000
-337.84400 0.00000
-337.31080 0.00000
-337.41450 0.00000
-337.19800 0.00000
-336.88240 0.00000
-337.15860 0.00000
-337.21560 0.00000
-337.30980 0.00000
-337.22860 0.00000
-337.04840 0.00000
-337.82530 0.00000
-337.12260 0.00000
-338.90230 0.00000
-337.78590 0.00000
-337.43850 0.00000
-337.26010 0.00000
-337.24220 0.00000
-337.62690 0.00000
-337.27610 0.00000
-337.43330 0.00000
-336.97250 0.00000
-336.29970 0.00000
-336.21100 0.00000
-335.62490 0.00000
-335.41260 0.00000
-335.62880 0.00000
-335.34830 0.00000
-335.16250 0.00000
-335.97120 0.00000
-336.02000 0.00000
-334.99340 0.00000
-334.93290 0.00000
-335.30560 0.00000
-334.52290 0.00000
-334.75450 0.00000
-334.07830 0.00000
-334.28120 0.00000
-334.75870 0.00000
-334.78800 0.00000
-335.20520 0.00000
-335.34040 0.00000
-335.03900 0.00000
-334.98310 0.00000
-334.36630 0.00000
-334.45160 0.00000
-334.56010 0.00000
-334.26530 0.00000
-333.63780 0.00000
-333.94580 0.00000
-334.23260 0.00000
-333.72200 0.00000
-333.19940 0.00000
-333.32250 0.00000
-333.35800 0.00000
-333.48040 0.00000
-333.31870 0.00000
-332.95540 0.00000
-332.85580 0.00000
-333.48330 0.00000
-333.19630 0.00000
-333.19090 0.00000
-334.04710 0.00000
-334.49460 0.00000
-334.08290 0.00000
-333.96790 0.00000
-333.63240 0.00000
-333.89750 0.00000
-333.63990 0.00000
