-100.0000 -100.0000
-324.3049 0.0000
-323.0381 0.0000
-323.7081 0.0000
-324.7393 0.0000
-323.2588 0.0000
-324.3406 0.0000
-323.1681 0.0000
-322.8829 0.0000
-323.1208 0.0000
-323.4548 0.0000
-322.8826 0.0000
-323.8825 0.0000
-324.0797 0.0000
-324.4682 0.0000
-323.7135 0.0000
-323.6488 0.0000
-323.1090 0.0000
-322.5488 0.0000
-323.8489 0.0000
-323.0379 0.0000
-324.2629 0.0000
-322.9910 0.0000
-323.4426 0.0000
-322.9563 0.0000
-323.8283 0.0000
-322.7504 0.0000
-322.5061 0.0000
-324.3935 0.0000
-322.5467 0.0000
-323.3014 0.0000
-323.6571 0.0000
-323.6106 0.0000
-321.4830 0.0000
-322.0794 0.0000
-321.3698 0.0000
-321.1497 0.0000
-322.0378 0.0000
-323.5955 0.0000
-323.6164 0.0000
-322.2783 0.0000
-320.9445 0.0000
-322.1494 0.0000
-320.3564 0.0000
-320.2115 0.0000
-321.7530 0.0000
-320.7944 0.0000
-321.0244 0.0000
-321.1956 0.0000
-320.2406 0.0000
-320.0146 0.0000
-320.0629 0.0000
-319.3264 0.0000
-318.3899 0.0000
-318.4404 0.0000
-318.6190 0.0000
-318.9420 0.0000
-318.1361 0.0000
-318.3777 0.0000
-318.5712 0.0000
-319.5442 0.0000
-317.7107 0.0000
-317.1050 0.0000
-317.6709 0.0000
-317.5198 0.0000
-317.7379 0.0000
-318.1143 0.0000
-317.9761 0.0000
-318.8755 0.0000
-317.6240 0.0000
-319.0242 0.0000
-318.0072 0.0000
-318.1253 0.0000
-319.0279 0.0000
-317.5745 0.0000
-317.1415 0.0000
-318.1077 0.0000
-316.5622 0.0000
-317.5493 0.0000
-316.2818 0.0000
-315.8917 0.0000
-315.5934 0.0000
-315.7075 0.0000
-316.2183 0.0000
-315.0503 0.0000
-314.9258 0.0000
-315.2840 0.0000
-314.6958 0.0000
-314.9617 0.0000
-314.1440 0.0000
-314.1441 0.0000
-314.9714 0.0000
-314.2741 0.0000
-314.9921 0.0000
-314.4861 0.0000
-314.4501 0.0000
-314.1576 0.0000
-314.4418 0.0000
-313.8115 0.0000
-313.3551 0.0000
-313.9045 0.0000
-314.4392 0.0000
-314.4957 0.0000
-314.4201 0.0000
-314.3527 0.0000
-313.2118 0.0000
-313.6638 0.0000
-313.3243 0.0000
-312.3923 0.0000
-313.2372 0.0000
-312.9031 0.0000
-312.6501 0.0000
-312.9538 0.0000
-312.9328 0.0000
-312.3139 0.0000
-313.1566 0.0000
-312.2820 0.0000
-312.8487 0.0000
-312.0396 0.0000
-312.5824 0.0000
-311.5968 0.0000
-311.4756 0.0000
-310.8756 0.0000
-311.0992 0.0000
-311.0519 0.0000
-311.4064 0.0000
-310.8905 0.0000
-311.0988 0.0000
-311.3044 0.0000
-311.2055 0.0000
-310.9688 0.0000
-310.5767 0.0000
-310.9784 0.0000
-310.9790 0.0000
-311.1304 0.0000
-311.1911 0.0000
-310.6958 0.0000
-309.9126 0.0000
-310.6016 0.0000
-310.1517 0.0000
-310.3647 0.0000
-310.3401 0.0000
-311.3954 0.0000
-310.3416 0.0000
-310.5220 0.0000
-310.5189 0.0000
-310.9414 0.0000
-310.0640 0.0000
-310.5184 0.0000
-310.3683 0.0000
-310.0923 0.0000
-309.1950 0.0000
-309.2943 0.0000
-309.9245 0.0000
-309.2164 0.0000
-310.2739 0.0000
-309.7009 0.0000
-310.3528 0.0000
-309.4949 0.0000
-309.8873 0.0000
-309.8164 0.0000
-309.5035 0.0000
-309.9818 0.0000
-309.9769 0.0000
-309.2505 0.0000
-308.6109 0.0000
-307.9642 0.0000
-307.4681 0.0000
-307.8081 0.0000
-306.9957 0.0000
-306.7958 0.0000
-308.2907 0.0000
-307.5338 0.0000
-306.9991 0.0000
-307.3748 0.0000
-308.0537 0.0000
-307.4214 0.0000
-306.4600 0.0000
-306.9961 0.0000
-305.9774 0.0000
-306.9959 0.0000
-306.8776 0.0000
-307.0886 0.0000
-307.3551 0.0000
-306.5168 0.0000
-307.5311 0.0000
-306.6299 0.0000
-307.3159 0.0000
-307.1327 0.0000
-307.2532 0.0000
-307.8192 0.0000
-306.5728 0.0000
-305.4353 0.0000
-305.8529 0.0000
-305.9293 0.0000
-305.9113 0.0000
-305.6487 0.0000
-306.3268 0.0000
-305.2416 0.0000
-305.1111 0.0000
-304.8865 0.0000
-305.3411 0.0000
-305.2242 0.0000
-304.6781 0.0000
-304.6090 0.0000
-305.7104 0.0000
-305.1273 0.0000
-305.7121 0.0000
-305.2248 0.0000
-304.8141 0.0000
-303.9158 0.0000
-306.0763 0.0000
-305.6673 0.0000
-305.9225 0.0000
-303.8834 0.0000
-305.2777 0.0000
-305.1020 0.0000
-305.5350 0.0000
-304.9885 0.0000
-304.6072 0.0000
-305.3342 0.0000
-305.4431 0.0000
-304.8993 0.0000
-304.9213 0.0000
-305.2095 0.0000
-305.2194 0.0000
-304.1597 0.0000
-305.7511 0.0000
-305.7173 0.0000
-305.1672 0.0000
-304.7036 0.0000
-305.1918 0.0000
-304.6890 0.0000
-304.8208 0.0000
-305.3084 0.0000
-305.7298 0.0000
-305.4597 0.0000
-305.3691 0.0000
-305.2420 0.0000
-305.4272 0.0000
-304.4189 0.0000
-305.3524 0.0000
-305.1546 0.0000
-304.6155 0.0000
-305.0375 0.0000
-304.9118 0.0000
-303.9355 0.0000
-305.7206 0.0000
-305.2744 0.0000
-304.5915 0.0000
-304.5705 0.0000
-305.0404 0.0000
-305.3551 0.0000
-304.6826 0.0000
-304.9178 0.0000
-305.2465 0.0000
-304.9914 0.0000
-305.1234 0.0000
-305.3719 0.0000
-305.0713 0.0000
-305.4103 0.0000
-305.0977 0.0000
-305.9715 0.0000
-304.2807 0.0000
-305.4168 0.0000
-305.3625 0.0000
-305.4235 0.0000
-305.7025 0.0000
-304.9476 0.0000
-305.3933 0.0000
-306.0134 0.0000
-306.3925 0.0000
-304.7655 0.0000
-305.2280 0.0000
-306.2014 0.0000
-304.0010 0.0000
-305.2198 0.0000
-305.0840 0.0000
-305.0788 0.0000
-305.8844 0.0000
-304.6114 0.0000
-304.3450 0.0000
-305.3330 0.0000
-305.1202 0.0000
-305.3111 0.0000
-304.9294 0.0000
-305.1106 0.0000
-304.8221 0.0000
-304.2970 0.0000
-305.0898 0.0000
-305.4199 0.0000
-305.6619 0.0000
-305.1689 0.0000
-304.6768 0.0000
-304.4515 0.0000
-304.5287 0.0000
-305.4732 0.0000
-304.0534 0.0000
-305.1835 0.0000
-306.4521 0.0000
-305.4020 0.0000
-305.2805 0.0000
-305.1932 0.0000
-304.5229 0.0000
-303.8623 0.0000
-304.8454 0.0000
-304.9075 0.0000
-305.1194 0.0000
-305.4851 0.0000
-304.8552 0.0000
-304.8917 0.0000
-305.0122 0.0000
-304.3854 0.0000
-304.9756 0.0000
-305.4308 0.0000
-304.6236 0.0000
-304.7514 0.0000
-305.3343 0.0000
-305.4483 0.0000
-304.6506 0.0000
-305.2763 0.0000
-305.5631 0.0000
-304.7420 0.0000
-304.8466 0.0000
-304.9850 0.0000
-305.3371 0.0000
-305.2300 0.0000
-305.5732 0.0000
-305.2612 0.0000
-305.6749 0.0000
-303.4704 0.0000
-305.4734 0.0000
-305.1661 0.0000
-305.8091 0.0000
-304.8597 0.0000
-305.5522 0.0000
-304.6004 0.0000
-305.2607 0.0000
-305.3793 0.0000
-304.6371 0.0000
-305.2507 0.0000
-306.2054 0.0000
-305.1389 0.0000
-304.8214 0.0000
-305.0670 0.0000
-304.8402 0.0000
-304.9898 0.0000
-305.1337 0.0000
-305.3278 0.0000
-305.1220 0.0000
-304.9584 0.0000
-304.9686 0.0000
-304.7315 0.0000
-305.0764 0.0000
-304.7087 0.0000
-306.4368 0.0000
-305.3689 0.0000
-304.6655 0.0000
-305.7656 0.0000
-305.3271 0.0000
-304.7845 0.0000
-306.1477 0.0000
-305.1259 0.0000
-304.7809 0.0000
-304.3590 0.0000
-305.5307 0.0000
-304.8911 0.0000
-305.1007 0.0000
-305.2633 0.0000
-305.4692 0.0000
-304.8964 0.0000
-305.1438 0.0000
-305.7761 0.0000
-305.5777 0.0000
-305.2726 0.0000
-304.5759 0.0000
-305.3845 0.0000
-304.7072 0.0000
-305.3048 0.0000
-304.3704 0.0000
-304.4106 0.0000
-304.9737 0.0000
-305.2167 0.0000
-304.8650 0.0000
-305.8900 0.0000
-304.8798 0.0000
-304.8137 0.0000
-305.5206 0.0000
-305.0303 0.0000
-305.0439 0.0000
-305.9850 0.0000
-305.2299 0.0000
-304.9099 0.0000
-304.9549 0.0000
-305.6021 0.0000
-305.1066 0.0000
-305.2372 0.0000
-304.7999 0.0000
-305.9462 0.0000
-305.0098 0.0000
-304.3467 0.0000
-305.1642 0.0000
-305.3990 0.0000
-304.4697 0.0000
-304.6519 0.0000
-305.6495 0.0000
-304.7800 0.0000
-305.3329 0.0000
-305.0510 0.0000
-305.8062 0.0000
-305.0165 0.0000
-305.4579 0.0000
-305.9686 0.0000
-306.8132 0.0000
-305.8089 0.0000
-305.8915 0.0000
-305.0723 0.0000
-304.3585 0.0000
-304.9680 0.0000
-305.2272 0.0000
-305.5663 0.0000
-305.7920 0.0000
-305.4845 0.0000
-305.1259 0.0000
-304.7842 0.0000
-305.6170 0.0000
-305.0187 0.0000
-304.4380 0.0000
-306.4893 0.0000
-304.7385 0.0000
-305.4844 0.0000
-304.9408 0.0000
-305.3810 0.0000
-305.7983 0.0000
-305.7393 0.0000
-304.7898 0.0000
-305.6861 0.0000
-304.6890 0.0000
-305.0544 0.0000
-305.7672 0.0000
-305.6154 0.0000
-305.4968 0.0000
-305.4742 0.0000
-305.0840 0.0000
-304.2714 0.0000
-304.9479 0.0000
-304.1680 0.0000
-305.0691 0.0000
-304.6640 0.0000
-305.2003 0.0000
-305.1341 0.0000
-304.1525 0.0000
-305.1731 0.0000
-304.9546 0.0000
-305.2964 0.0000
-305.6899 0.0000
-305.5891 0.0000
-305.6729 0.0000
-304.4687 0.0000
-304.7337 0.0000
-305.1655 0.0000
-305.3991 0.0000
-304.8107 0.0000
-305.7760 0.0000
-305.0621 0.0000
-305.1467 0.0000
-305.9094 0.0000
-305.1639 0.0000
-304.9739 0.0000
-305.3108 0.0000
-305.3734 0.0000
-304.4881 0.0000
-304.7782 0.0000
-304.4527 0.0000
-305.4901 0.0000
-305.6080 0.0000
-305.4224 0.0000
-304.9525 0.0000
-304.9432 0.0000
-304.9923 0.0000
-306.3273 0.0000
-304.8683 0.0000
-305.4325 0.0000
-305.3981 0.0000
-306.3031 0.0000
-304.5210 0.0000
-305.8013 0.0000
-305.5480 0.0000
-305.4923 0.0000
-304.7979 0.0000
-305.4201 0.0000
-305.3743 0.0000
-305.6216 0.0000
-305.3533 0.0000
-304.6535 0.0000
-305.0646 0.0000
-305.0454 0.0000
-304.6797 0.0000
-304.9294 0.0000
-305.5165 0.0000
-304.6222 0.0000
-304.6107 0.0000
-304.7498 0.0000
-305.4625 0.0000
-305.2650 0.0000
-305.1305 0.0000
-305.4612 0.0000
-305.9397 0.0000
-304.7164 0.0000
-304.7365 0.0000
-304.4575 0.0000
-304.9218 0.0000
-304.5410 0.0000
-304.7375 0.0000
-306.2623 0.0000
-305.4234 0.0000
-305.1826 0.0000
-305.3774 0.0000
-305.7866 0.0000
-304.5303 0.0000
-304.4156 0.0000
-304.5254 0.0000
-304.4518 0.0000
-305.7379 0.0000
-304.1282 0.0000
-305.4282 0.0000
-305.1263 0.0000
-304.1651 0.0000
-304.5563 0.0000
-304.9018 0.0000
-304.7932 0.0000
-305.2614 0.0000
-305.8169 0.0000
-305.0068 0.0000
-305.2936 0.0000
-304.7710 0.0000
-305.0684 0.0000
-304.2624 0.0000
-305.0762 0.0000
-305.4918 0.0000
-304.6726 0.0000
-304.9028 0.0000
-305.7935 0.0000
-304.9912 0.0000
-305.6284 0.0000
-305.3627 0.0000
-305.8467 0.0000
-304.8164 0.0000
-305.5032 0.0000
-304.7051 0.0000
-305.1404 0.0000
-304.7849 0.0000
-304.9219 0.0000
-305.8386 0.0000
-305.9166 0.0000
-305.0619 0.0000
-304.8915 0.0000
-305.1009 0.0000
-306.1318 0.0000
-304.1490 0.0000
-305.6818 0.0000
-305.1450 0.0000
-305.8150 0.0000
-306.4977 0.0000
-305.2423 0.0000
-305.9394 0.0000
-306.5281 0.0000
-305.2663 0.0000
-305.7887 0.0000
-305.1596 0.0000
-304.6913 0.0000
-305.3368 0.0000
-305.3325 0.0000
-305.2567 0.0000
-305.6020 0.0000
-304.3624 0.0000
-305.8655 0.0000
-305.3599 0.0000
-304.8913 0.0000
-305.1707 0.0000
-304.4582 0.0000
-306.1712 0.0000
-305.4966 0.0000
-305.7278 0.0000
-304.3663 0.0000
-305.4640 0.0000
-304.4453 0.0000
-305.2328 0.0000
-304.9381 0.0000
-305.4482 0.0000
-305.0298 0.0000
-306.2157 0.0000
-305.0564 0.0000
-305.6216 0.0000
-305.1951 0.0000
-305.1319 0.0000
-305.6702 0.0000
-304.4459 0.0000
-304.6183 0.0000
-305.2984 0.0000
-305.8758 0.0000
-306.3930 0.0000
-305.2125 0.0000
-305.3937 0.0000
-305.5869 0.0000
-305.3300 0.0000
-305.3175 0.0000
-305.7996 0.0000
-304.8441 0.0000
-305.4090 0.0000
-305.4872 0.0000
-304.4453 0.0000
-305.2726 0.0000
-304.8154 0.0000
-304.1710 0.0000
-305.0271 0.0000
-305.0247 0.0000
-305.6080 0.0000
-305.0524 0.0000
-304.8283 0.0000
-304.5601 0.0000
-305.6893 0.0000
-305.3548 0.0000
-305.0923 0.0000
-304.0249 0.0000
-304.6668 0.0000
-304.5208 0.0000
-304.7474 0.0000
-304.5061 0.0000
-304.5491 0.0000
-304.6248 0.0000
-304.8972 0.0000
-304.8563 0.0000
-305.8880 0.0000
-305.6631 0.0000
-305.2867 0.0000
-304.7602 0.0000
-305.9605 0.0000
-305.3391 0.0000
-304.9089 0.0000
-305.1284 0.0000
-304.8318 0.0000
-304.8564 0.0000
-305.5144 0.0000
-305.1483 0.0000
-306.4735 0.0000
-305.2281 0.0000
-304.0898 0.0000
-305.0075 0.0000
-305.1758 0.0000
-305.1359 0.0000
-305.6705 0.0000
-304.9850 0.0000
-304.3531 0.0000
-304.9558 0.0000
-304.6069 0.0000
-305.3423 0.0000
-305.9267 0.0000
-305.0329 0.0000
-305.1554 0.0000
-305.3835 0.0000
-305.2693 0.0000
-305.2396 0.0000
-304.7382 0.0000
-305.3255 0.0000
-305.2329 0.0000
-305.1551 0.0000
-305.2344 0.0000
-304.5529 0.0000
-305.0745 0.0000
-305.1320 0.0000
-304.5899 0.0000
-305.6444 0.0000
-304.8072 0.0000
-305.4992 0.0000
-304.8632 0.0000
-305.4481 0.0000
-305.7492 0.0000
-305.0252 0.0000
-304.7891 0.0000
-305.4043 0.0000
-304.7634 0.0000
-305.2246 0.0000
-305.1632 0.0000
-305.6563 0.0000
-305.1644 0.0000
-305.6415 0.0000
-305.1388 0.0000
-303.9460 0.0000
-304.3259 0.0000
-305.7112 0.0000
-305.3402 0.0000
-304.9928 0.0000
-305.0078 0.0000
-304.1467 0.0000
-305.4571 0.0000
-304.9445 0.0000
-305.1692 0.0000
-305.4391 0.0000
-305.1494 0.0000
-305.7606 0.0000
-305.4972 0.0000
-305.6378 0.0000
-305.0416 0.0000
-305.4598 0.0000
-305.5599 0.0000
-304.9908 0.0000
-305.4579 0.0000
-304.3826 0.0000
-305.8819 0.0000
-305.2162 0.0000
-304.2396 0.0000
-305.2932 0.0000
-305.6350 0.0000
-306.2985 0.0000
-304.0070 0.0000
-304.6341 0.0000
-304.4787 0.0000
-305.2026 0.0000
-305.5933 0.0000
-304.3419 0.0000
-305.1773 0.0000
-304.8241 0.0000
-304.9494 0.0000
-305.4306 0.0000
-305.1720 0.0000
-305.9958 0.0000
-304.6377 0.0000
-304.5483 0.0000
-305.3615 0.0000
-304.6173 0.0000
-304.4939 0.0000
-305.6226 0.0000
-305.1031 0.0000
-305.1595 0.0000
-305.8422 0.0000
-306.1756 0.0000
-304.8858 0.0000
-304.5012 0.0000
-304.8759 0.0000
-305.2021 0.0000
-305.3706 0.0000
-305.8134 0.0000
-305.4368 0.0000
-304.9607 0.0000
-303.8839 0.0000
-304.9959 0.0000
-305.3383 0.0000
-304.6825 0.0000
-305.0458 0.0000
-305.0118 0.0000
-305.1310 0.0000
-304.3353 0.0000
-305.9734 0.0000
-305.3107 0.0000
-305.0800 0.0000
-305.3120 0.0000
-305.2457 0.0000
-305.4902 0.0000
-305.3366 0.0000
-306.2014 0.0000
-305.6556 0.0000
-304.9395 0.0000
-304.8168 0.0000
-304.5473 0.0000
-304.1990 0.0000
-305.3673 0.0000
-304.9693 0.0000
-304.9848 0.0000
-304.9037 0.0000
-306.8841 0.0000
-305.0902 0.0000
-303.5652 0.0000
-305.0164 0.0000
-305.0702 0.0000
-305.2735 0.0000
-305.5534 0.0000
-305.4186 0.0000
-304.4253 0.0000
-305.2717 0.0000
-305.0685 0.0000
-304.7000 0.0000
-305.2942 0.0000
-305.0390 0.0000
-305.4884 0.0000
-304.6466 0.0000
-304.9143 0.0000
-305.7013 0.0000
-304.7476 0.0000
-305.1401 0.0000
-305.5840 0.0000
-305.5790 0.0000
-305.6213 0.0000
-305.7335 0.0000
-304.7243 0.0000
-305.7474 0.0000
-304.1610 0.0000
-306.0612 0.0000
-306.4849 0.0000
-305.3995 0.0000
-305.1909 0.0000
-304.9057 0.0000
-304.3401 0.0000
-304.7940 0.0000
-305.8713 0.0000
-304.8842 0.0000
-304.4628 0.0000
-303.4804 0.0000
-305.0574 0.0000
-304.6491 0.0000
-304.7529 0.0000
-306.4583 0.0000
-305.5042 0.0000
-305.5773 0.0000
-304.8931 0.0000
-304.6439 0.0000
-305.3880 0.0000
-304.5482 0.0000
-305.2127 0.0000
-305.2661 0.0000
-305.9141 0.0000
-304.3291 0.0000
-305.5552 0.0000
-304.6104 0.0000
-303.9021 0.0000
-305.1987 0.0000
-304.7387 0.0000
-304.5708 0.0000
-305.1349 0.0000
-305.0794 0.0000
-305.1884 0.0000
-304.4132 0.0000
-305.4378 0.0000
-304.7573 0.0000
-304.3299 0.0000
-304.5688 0.0000
-305.0401 0.0000
-305.0493 0.0000
-304.8859 0.0000
-305.7918 0.0000
-304.5999 0.0000
-305.2432 0.0000
-304.9385 0.0000
-305.4520 0.0000
-305.2041 0.0000
-305.3023 0.0000
-304.2006 0.0000
-304.8949 0.0000
-304.8086 0.0000
-305.3016 0.0000
-305.1232 0.0000
-305.7237 0.0000
-304.6781 0.0000
-304.9176 0.0000
-305.3194 0.0000
-304.5991 0.0000
-305.1931 0.0000
-304.7679 0.0000
-305.4910 0.0000
-304.8913 0.0000
-304.9296 0.0000
-305.4015 0.0000
-305.5799 0.0000
-304.6355 0.0000
-305.8645 0.0000
-305.2476 0.0000
-304.7938 0.0000
-304.6902 0.0000
-305.9250 0.0000
-305.8850 0.0000
-305.2842 0.0000
-305.0240 0.0000
-306.1567 0.0000
-304.9455 0.0000
-305.2071 0.0000
-305.3625 0.0000
-306.5166 0.0000
-305.6105 0.0000
-304.7682 0.0000
-305.8158 0.0000
-304.6014 0.0000
-304.6023 0.0000
-305.7808 0.0000
-305.2303 0.0000
-305.0081 0.0000
-305.1323 0.0000
-306.1724 0.0000
-305.3552 0.0000
-305.4709 0.0000
-305.4590 0.0000
-305.0055 0.0000
-305.6350 0.0000
-305.6734 0.0000
-304.7377 0.0000
-305.2176 0.0000
-304.8447 0.0000
-305.7389 0.0000
-304.9668 0.0000
-304.5712 0.0000
-305.0040 0.0000
-304.4159 0.0000
-304.8957 0.0000
-304.6036 0.0000
-305.3161 0.0000
-305.4338 0.0000
-305.4067 0.0000
-304.9220 0.0000
-305.1907 0.0000
-305.3690 0.0000
-305.4038 0.0000
-305.5228 0.0000
-305.2475 0.0000
-306.0449 0.0000
-305.7043 0.0000
-304.8312 0.0000
-304.7579 0.0000
-305.3147 0.0000
-305.3593 0.0000
-305.5079 0.0000
-305.7254 0.0000
-305.2615 0.0000
-304.5384 0.0000
-306.0739 0.0000
-305.4544 0.0000
-305.2704 0.0000
-305.0248 0.0000
-305.4083 0.0000
-304.7970 0.0000
-305.6306 0.0000
-305.4467 0.0000
-304.2019 0.0000
-305.0455 0.0000
-304.3881 0.0000
-305.3118 0.0000
-304.8886 0.0000
-305.1844 0.0000
-304.9779 0.0000
-304.2836 0.0000
-305.1950 0.0000
-305.3229 0.0000
-304.7650 0.0000
-305.8454 0.0000
-305.4358 0.0000
-304.3422 0.0000
-304.5797 0.0000
-305.0501 0.0000
-305.3593 0.0000
-304.3477 0.0000
-304.6687 0.0000
-305.1879 0.0000
-305.2375 0.0000
-305.3039 0.0000
-304.5213 0.0000
-305.7651 0.0000
-305.5885 0.0000
-305.1463 0.0000
-305.5061 0.0000
-304.4648 0.0000
-305.3017 0.0000
-304.4531 0.0000
-304.9013 0.0000
-304.7559 0.0000
-305.6620 0.0000
-305.7650 0.0000
-305.6706 0.0000
-305.0084 0.0000
-305.3203 0.0000
-304.7648 0.0000
-303.8274 0.0000
-305.1270 0.0000
-305.0183 0.0000
-305.1058 0.0000
-306.0490 0.0000
-305.2603 0.0000
-305.7645 0.0000
-304.8019 0.0000
-305.0721 0.0000
-304.5409 0.0000
-305.1472 0.0000
-304.3266 0.0000
-305.0659 0.0000
-305.1729 0.0000
-305.5175 0.0000
-305.2048 0.0000
-304.3278 0.0000
-304.9460 0.0000
-305.0136 0.0000
-304.9185 0.0000
-306.0056 0.0000
-305.6170 0.0000
-305.1517 0.0000
-305.6858 0.0000
-304.3221 0.0000
-304.6212 0.0000
-305.8401 0.0000
-304.6656 0.0000
-305.6263 0.0000
-304.4513 0.0000
-304.7304 0.0000
-304.9820 0.0000
-305.7100 0.0000
-305.1137 0.0000
-305.0440 0.0000
-305.1639 0.0000
-305.0724 0.0000
-305.6926 0.0000
-305.9161 0.0000
-305.2079 0.0000
-305.7097 0.0000
-305.2497 0.0000
-305.7836 0.0000
-304.0055 0.0000
-305.2533 0.0000
-305.2017 0.0000
-305.1845 0.0000
-304.1248 0.0000
-304.9935 0.0000
-304.4811 0.0000
-305.0114 0.0000
-306.0524 0.0000
-304.9630 0.0000
-305.5134 0.0000
-305.3611 0.0000
-304.5658 0.0000
-305.3901 0.0000
-305.1287 0.0000
-305.7841 0.0000
-305.1685 0.0000
-305.8857 0.0000
-304.8439 0.0000
-305.4668 0.0000
-305.8908 0.0000
-304.8931 0.0000
-305.0832 0.0000
-305.0265 0.0000
-304.7478 0.0000
-305.0326 0.0000
-305.1357 0.0000
-304.6741 0.0000
-305.5257 0.0000
-304.4619 0.0000
-305.1349 0.0000
-305.9319 0.0000
-305.8744 0.0000
-306.1080 0.0000
-304.7371 0.0000
-305.4145 0.0000
-304.6875 0.0000
-305.7730 0.0000
-305.5378 0.0000
-305.3978 0.0000
-305.6884 0.0000
-305.4159 0.0000
-304.9137 0.0000
-306.4803 0.0000
-306.0116 0.0000
-305.0025 0.0000
-305.6710 0.0000
-305.1376 0.0000
-305.5695 0.0000
-305.1253 0.0000
-304.2278 0.0000
-305.2517 0.0000
-305.2288 0.0000
-305.5390 0.0000
-305.1945 0.0000
-305.9462 0.0000
-305.2308 0.0000
-304.8369 0.0000
-305.1743 0.0000
-304.6433 0.0000
-304.7355 0.0000
-306.1661 0.0000
-305.8184 0.0000
-305.7463 0.0000
-305.2575 0.0000
-305.3017 0.0000
-304.9260 0.0000
-305.1800 0.0000
-305.6922 0.0000
-305.0267 0.0000
-305.4059 0.0000
-306.0225 0.0000
-305.2683 0.0000
-304.9633 0.0000
-306.4097 0.0000
-305.1676 0.0000
-305.5897 0.0000
-304.5881 0.0000
-305.3431 0.0000
-304.9959 0.0000
-305.8742 0.0000
-305.1333 0.0000
-304.8413 0.0000
-305.1333 0.0000
-305.6338 0.0000
-305.4631 0.0000
-305.3833 0.0000
-304.9366 0.0000
-305.4659 0.0000
-305.4078 0.0000
-305.4632 0.0000
-304.7496 0.0000
-304.3058 0.0000
-305.1628 0.0000
-304.7671 0.0000
-304.4197 0.0000
-305.6444 0.0000
-305.0318 0.0000
-305.0768 0.0000
-304.5620 0.0000
-304.8912 0.0000
-304.6397 0.0000
-305.7843 0.0000
-305.2315 0.0000
-304.9981 0.0000
-304.9106 0.0000
-304.5690 0.0000
-305.8494 0.0000
-305.5481 0.0000
-305.7960 0.0000
-304.2140 0.0000
-306.2953 0.0000
-304.9533 0.0000
-304.5232 0.0000
-304.7459 0.0000
-305.2006 0.0000
-305.3461 0.0000
-305.6515 0.0000
-305.3032 0.0000
-305.9243 0.0000
-305.2325 0.0000
-305.4549 0.0000
-305.0948 0.0000
-305.1992 0.0000
-304.2701 0.0000
-306.0095 0.0000
-305.5239 0.0000
-305.2892 0.0000
-305.1923 0.0000
-304.5920 0.0000
-305.0137 0.0000
-304.4254 0.0000
-304.5060 0.0000
-304.2588 0.0000
-306.0638 0.0000
-305.9806 0.0000
-305.5865 0.0000
-304.9585 0.0000
-305.2341 0.0000
-304.9283 0.0000
-305.0330 0.0000
-304.9054 0.0000
-305.1386 0.0000
-305.2021 0.0000
-306.5308 0.0000
-304.2831 0.0000
-305.3883 0.0000
-304.9145 0.0000
-304.1512 0.0000
-304.9269 0.0000
-305.6335 0.0000
-305.0255 0.0000
-305.3147 0.0000
-305.1925 0.0000
-305.8978 0.0000
-304.4354 0.0000
-305.5598 0.0000
-305.4657 0.0000
-305.0993 0.0000
-304.6975 0.0000
-304.8749 0.0000
-305.1310 0.0000
-305.1740 0.0000
-305.0538 0.0000
-305.1306 0.0000
-306.0842 0.0000
-305.7738 0.0000
-305.3020 0.0000
-304.6865 0.0000
-306.1930 0.0000
-305.3594 0.0000
-305.3149 0.0000
-305.5890 0.0000
-304.9538 0.0000
-305.3071 0.0000
-305.7394 0.0000
-305.6066 0.0000
-304.9064 0.0000
-306.2497 0.0000
-305.5750 0.0000
-305.2947 0.0000
-306.1552 0.0000
-305.9587 0.0000
-304.2716 0.0000
-304.0925 0.0000
-304.6815 0.0000
-304.8442 0.0000
-305.1244 0.0000
-305.1608 0.0000
-306.1201 0.0000
-305.3834 0.0000
-304.6167 0.0000
-305.0664 0.0000
-304.5718 0.0000
-305.4145 0.0000
-306.0355 0.0000
-305.6347 0.0000
-305.4948 0.0000
-304.4102 0.0000
-305.9811 0.0000
-305.4230 0.0000
-305.0500 0.0000
-304.7406 0.0000
-306.7647 0.0000
-305.6809 0.0000
-305.3178 0.0000
-305.2356 0.0000
-305.6987 0.0000
-305.4302 0.0000
-304.8700 0.0000
-305.3740 0.0000
-304.7545 0.0000
-306.0073 0.0000
-305.6088 0.0000
-304.1841 0.0000
-305.3854 0.0000
-304.1753 0.0000
-305.6205 0.0000
-305.2650 0.0000
-304.6767 0.0000
-304.6875 0.0000
-305.8464 0.0000
-305.6468 0.0000
-305.6287 0.0000
-304.6969 0.0000
-305.1816 0.0000
-305.6831 0.0000
-304.5517 0.0000
-304.8094 0.0000
-305.3563 0.0000
-305.5473 0.0000
-306.1307 0.0000
-304.6376 0.0000
-304.7806 0.0000
-305.8806 0.0000
-304.5884 0.0000
-305.4810 0.0000
-304.9646 0.0000
-306.0254 0.0000
-305.1611 0.0000
-305.6623 0.0000
-304.2644 0.0000
-305.2839 0.0000
-305.2565 0.0000
-305.4566 0.0000
-305.7217 0.0000
-305.0653 0.0000
-304.8684 0.0000
-306.2055 0.0000
-305.6559 0.0000
-305.9674 0.0000
-305.5412 0.0000
-305.0412 0.0000
-304.8439 0.0000
-305.2479 0.0000
-304.8139 0.0000
-303.7310 0.0000
-304.8880 0.0000
-305.0895 0.0000
-305.4714 0.0000
-304.4882 0.0000
-305.5597 0.0000
-305.7037 0.0000
-305.6628 0.0000
-304.5843 0.0000
-305.2873 0.0000
-303.9984 0.0000
-304.7165 0.0000
-305.4104 0.0000
-304.8697 0.0000
-306.4321 0.0000
-305.4995 0.0000
-304.5411 0.0000
-305.3006 0.0000
-305.1065 0.0000
-305.7133 0.0000
-304.3886 0.0000
-305.4146 0.0000
-304.4364 0.0000
-304.7439 0.0000
-304.7306 0.0000
-305.6720 0.0000
-305.2589 0.0000
-305.3356 0.0000
-305.6745 0.0000
-304.5849 0.0000
-304.2256 0.0000
-305.3681 0.0000
-305.3448 0.0000
-304.7945 0.0000
-305.7389 0.0000
-304.6512 0.0000
-305.6317 0.0000
-305.1316 0.0000
-305.4647 0.0000
-306.0511 0.0000
-305.0736 0.0000
-304.7090 0.0000
-305.6206 0.0000
-304.9998 0.0000
-305.3318 0.0000
-305.7249 0.0000
-304.0889 0.0000
-303.5179 0.0000
-304.4670 0.0000
-304.9011 0.0000
-305.1932 0.0000
-305.6912 0.0000
-305.7295 0.0000
-306.1136 0.0000
-305.3807 0.0000
-305.3865 0.0000
-304.9608 0.0000
-304.3659 0.0000
-305.4747 0.0000
-305.4766 0.0000
-305.2470 0.0000
-306.3442 0.0000
-305.7292 0.0000
-304.5856 0.0000
-305.6054 0.0000
-304.7605 0.0000
-305.9405 0.0000
-304.9885 0.0000
-304.5861 0.0000
-305.8533 0.0000
-304.9162 0.0000
-305.2829 0.0000
-304.3987 0.0000
-305.1596 0.0000
-304.6955 0.0000
-305.4791 0.0000
-304.7645 0.0000
-304.3210 0.0000
-305.1981 0.0000
-305.2315 0.0000
-306.0018 0.0000
-305.1823 0.0000
-305.2642 0.0000
-306.3641 0.0000
-305.3624 0.0000
-305.5610 0.0000
-305.0492 0.0000
-304.5114 0.0000
-305.2152 0.0000
-304.3735 0.0000
-305.5112 0.0000
-305.4218 0.0000
-305.3151 0.0000
-305.3074 0.0000
-305.3246 0.0000
-304.7390 0.0000
-305.0022 0.0000
-305.4863 0.0000
-304.3300 0.0000
-305.2029 0.0000
-305.6623 0.0000
-305.1664 0.0000
-304.9275 0.0000
-304.3234 0.0000
-305.5195 0.0000
-305.3973 0.0000
-304.4897 0.0000
-304.3302 0.0000
-305.3732 0.0000
-305.4706 0.0000
-304.6207 0.0000
-304.5199 0.0000
-305.2451 0.0000
-305.1514 0.0000
-304.6218 0.0000
-305.6638 0.0000
-305.5690 0.0000
-305.6855 0.0000
-305.7576 0.0000
-306.2247 0.0000
-305.9458 0.0000
-305.1127 0.0000
-305.4669 0.0000
-305.4541 0.0000
-304.7166 0.0000
-305.2930 0.0000
-305.8415 0.0000
-305.6360 0.0000
-304.8454 0.0000
-305.5409 0.0000
-305.4800 0.0000
-305.0049 0.0000
-304.3567 0.0000
-305.3656 0.0000
-305.1617 0.0000
-305.3524 0.0000
-305.6747 0.0000
-305.7101 0.0000
-305.4923 0.0000
-306.2507 0.0000
-305.4256 0.0000
-305.8132 0.0000
-305.8127 0.0000
-305.1456 0.0000
-304.6900 0.0000
-306.1844 0.0000
-304.5215 0.0000
-305.3660 0.0000
-304.3266 0.0000
-304.8657 0.0000
-305.0244 0.0000
-304.3103 0.0000
-304.9672 0.0000
-305.6382 0.0000
-305.7537 0.0000
-305.2153 0.0000
-305.5245 0.0000
-304.5062 0.0000
-305.4408 0.0000
-305.0264 0.0000
-304.4862 0.0000
-304.7060 0.0000
-305.1369 0.0000
-305.3443 0.0000
-305.8350 0.0000
-305.0433 0.0000
-305.4321 0.0000
-305.6902 0.0000
-305.2091 0.0000
-304.6474 0.0000
-304.6732 0.0000
-304.7136 0.0000
-304.5650 0.0000
-306.7256 0.0000
-304.4901 0.0000
-305.1153 0.0000
-304.8309 0.0000
-305.7433 0.0000
-306.0754 0.0000
-305.2930 0.0000
-304.6942 0.0000
-304.5172 0.0000
-304.1639 0.0000
-304.9106 0.0000
-305.5319 0.0000
-305.8408 0.0000
-305.2436 0.0000
-305.5128 0.0000
-305.1490 0.0000
-304.1083 0.0000
-304.3360 0.0000
-305.2112 0.0000
-305.0971 0.0000
-305.0709 0.0000
-304.4208 0.0000
-304.7317 0.0000
-305.3765 0.0000
-305.1185 0.0000
-305.8179 0.0000
-305.1801 0.0000
-304.8280 0.0000
-305.4033 0.0000
-304.9809 0.0000
-305.2191 0.0000
-305.2070 0.0000
-304.7394 0.0000
-305.0662 0.0000
-304.8182 0.0000
-304.7995 0.0000
-306.0621 0.0000
-305.1686 0.0000
-304.7170 0.0000
-306.1404 0.0000
-305.2918 0.0000
-305.5368 0.0000
-305.0529 0.0000
-304.0509 0.0000
-304.5505 0.0000
-305.1664 0.0000
-304.9594 0.0000
-305.1069 0.0000
-305.8713 0.0000
-305.0676 0.0000
-304.0785 0.0000
-303.9211 0.0000
-305.4138 0.0000
-305.2693 0.0000
-304.9371 0.0000
-305.1620 0.0000
-305.7372 0.0000
-305.4230 0.0000
-305.3946 0.0000
-305.6170 0.0000
-305.0421 0.0000
-305.1565 0.0000
-305.8461 0.0000
-305.5744 0.0000
-305.3860 0.0000
-305.0711 0.0000
-304.6589 0.0000
-305.1688 0.0000
-305.6922 0.0000
-305.0995 0.0000
-305.4532 0.0000
-305.3362 0.0000
-304.6204 0.0000
-305.0537 0.0000
-305.5612 0.0000
-304.6495 0.0000
-305.0327 0.0000
-305.1889 0.0000
-305.0142 0.0000
-303.8894 0.0000
-305.8501 0.0000
-304.5770 0.0000
-305.4898 0.0000
-305.7590 0.0000
-305.3648 0.0000
-305.3641 0.0000
-305.6552 0.0000
-304.0208 0.0000
-304.5261 0.0000
-305.1225 0.0000
-305.6457 0.0000
-305.1811 0.0000
-305.4664 0.0000
-305.3781 0.0000
-304.9540 0.0000
-305.2023 0.0000
-305.2062 0.0000
-305.3483 0.0000
-305.0036 0.0000
-305.6175 0.0000
-305.8669 0.0000
-305.2611 0.0000
-304.9121 0.0000
-305.8446 0.0000
-304.8835 0.0000
-304.9909 0.0000
-305.6282 0.0000
-304.9926 0.0000
-305.5757 0.0000
-304.2906 0.0000
-305.2578 0.0000
-305.5790 0.0000
-306.4223 0.0000
-304.6956 0.0000
-304.7792 0.0000
-305.3224 0.0000
-305.7585 0.0000
-304.6651 0.0000
-305.3942 0.0000
-306.5929 0.0000
-305.3979 0.0000
-304.2307 0.0000
-305.9158 0.0000
-304.5437 0.0000
-305.3701 0.0000
-305.3911 0.0000
-304.8056 0.0000
-305.0879 0.0000
-305.0543 0.0000
-304.3196 0.0000
-304.7698 0.0000
-306.1366 0.0000
-306.2763 0.0000
-305.7475 0.0000
-306.1498 0.0000
-305.2145 0.0000
-305.1124 0.0000
-305.4050 0.0000
-304.5373 0.0000
-304.4945 0.0000
-304.6642 0.0000
-304.2418 0.0000
-305.0338 0.0000
-305.3724 0.0000
-304.5762 0.0000
-305.3378 0.0000
-305.5305 0.0000
-304.7401 0.0000
-305.1218 0.0000
-305.3000 0.0000
-305.2358 0.0000
-305.9159 0.0000
-306.2671 0.0000
-305.4006 0.0000
-304.5678 0.0000
-305.4250 0.0000
-305.3010 0.0000
-304.1890 0.0000
-305.3640 0.0000
-305.2727 0.0000
-305.3220 0.0000
-305.3670 0.0000
-304.6640 0.0000
-305.4795 0.0000
-304.6731 0.0000
-305.5019 0.0000
-304.5811 0.0000
-304.8643 0.0000
-304.9381 0.0000
-305.6082 0.0000
-304.9521 0.0000
-306.4851 0.0000
-304.9421 0.0000
-305.5382 0.0000
-304.8413 0.0000
-304.4094 0.0000
-305.2620 0.0000
-306.6326 0.0000
-305.3811 0.0000
-306.4099 0.0000
-304.5130 0.0000
-304.6780 0.0000
-305.2522 0.0000
-306.1410 0.0000
-305.1010 0.0000
-305.0322 0.0000
-304.5628 0.0000
-304.1866 0.0000
-304.9679 0.0000
-304.9799 0.0000
-305.3548 0.0000
-305.4211 0.0000
-305.0824 0.0000
-305.3451 0.0000
-305.1146 0.0000
-305.0657 0.0000
-305.8744 0.0000
-305.3286 0.0000
-304.5935 0.0000
-305.6333 0.0000
-305.5731 0.0000
-304.8218 0.0000
-304.8469 0.0000
-304.8239 0.0000
-305.4080 0.0000
-304.9571 0.0000
-306.0627 0.0000
-305.3316 0.0000
-304.9589 0.0000
-305.3721 0.0000
-305.8162 0.0000
-305.6859 0.0000
-306.0051 0.0000
-304.5523 0.0000
-305.2404 0.0000
-304.4773 0.0000
-305.0282 0.0000
-304.9495 0.0000
-305.1960 0.0000
-304.8360 0.0000
-304.5508 0.0000
-305.9424 0.0000
-305.7538 0.0000
-305.4375 0.0000
-304.6651 0.0000
-305.5261 0.0000
-304.5639 0.0000
-304.8895 0.0000
-304.7812 0.0000
-305.7361 0.0000
-304.4248 0.0000
-304.5782 0.0000
-305.5760 0.0000
-305.1807 0.0000
-305.1077 0.0000
-305.4837 0.0000
-305.5040 0.0000
-304.1896 0.0000
-305.3290 0.0000
-306.7712 0.0000
-304.5426 0.0000
-304.3447 0.0000
-304.9852 0.0000
-305.9361 0.0000
-304.5289 0.0000
-305.3761 0.0000
-305.7846 0.0000
-304.9092 0.0000
-305.6547 0.0000
-304.8575 0.0000
-304.7953 0.0000
-305.4350 0.0000
-305.2799 0.0000
-305.5708 0.0000
-305.4400 0.0000
-305.6626 0.0000
-305.3381 0.0000
-304.8277 0.0000
-304.5573 0.0000
-305.0883 0.0000
-304.3391 0.0000
-305.0447 0.0000
-304.5937 0.0000
-305.3676 0.0000
-305.0409 0.0000
-305.9806 0.0000
-305.4864 0.0000
-305.3580 0.0000
-305.2586 0.0000
-305.3331 0.0000
-305.4722 0.0000
-305.1023 0.0000
-304.8815 0.0000
-304.3790 0.0000
-305.0885 0.0000
-304.5349 0.0000
-305.0123 0.0000
-304.6260 0.0000
-304.3881 0.0000
-304.6409 0.0000
-305.6253 0.0000
-305.0218 0.0000
-306.2236 0.0000
-304.6277 0.0000
-306.6064 0.0000
-305.2154 0.0000
-305.0192 0.0000
-305.0196 0.0000
-305.2712 0.0000
-305.6510 0.0000
-305.4062 0.0000
-305.6263 0.0000
-304.8495 0.0000
-304.0647 0.0000
-304.8075 0.0000
-305.6204 0.0000
-304.8886 0.0000
-305.1129 0.0000
-304.6664 0.0000
-305.2888 0.0000
-305.3056 0.0000
-305.3349 0.0000
-305.7113 0.0000
-304.9059 0.0000
-305.6416 0.0000
-305.5373 0.0000
-304.8470 0.0000
-304.6807 0.0000
-304.6555 0.0000
-305.7263 0.0000
-304.9155 0.0000
-305.0262 0.0000
-305.1341 0.0000
-304.4431 0.0000
-305.7452 0.0000
-305.4404 0.0000
-305.8102 0.0000
-305.6004 0.0000
-305.6345 0.0000
-304.7327 0.0000
-304.9868 0.0000
-304.6211 0.0000
-305.9830 0.0000
-304.9687 0.0000
-305.3218 0.0000
-304.8950 0.0000
-305.6090 0.0000
-305.3350 0.0000
-304.5674 0.0000
-306.2519 0.0000
-305.3425 0.0000
-305.1239 0.0000
-305.6846 0.0000
-305.1300 0.0000
-304.8939 0.0000
-305.5305 0.0000
-305.3025 0.0000
-305.5230 0.0000
-304.4199 0.0000
-304.7665 0.0000
-305.8531 0.0000
-305.5545 0.0000
-304.9836 0.0000
-304.6051 0.0000
-304.0648 0.0000
-305.4889 0.0000
-304.9316 0.0000
-305.2422 0.0000
-305.3425 0.0000
-304.8761 0.0000
-305.4174 0.0000
-304.7529 0.0000
-304.8422 0.0000
-305.7471 0.0000
-305.4090 0.0000
-304.3428 0.0000
-305.6193 0.0000
-304.7313 0.0000
-304.7811 0.0000
-306.0946 0.0000
-304.0475 0.0000
-305.2540 0.0000
-304.7249 0.0000
-304.7755 0.0000
-305.1923 0.0000
-305.7491 0.0000
-305.5979 0.0000
-305.0675 0.0000
-305.9827 0.0000
-304.8163 0.0000
-304.9071 0.0000
-304.9228 0.0000
-305.6019 0.0000
-304.9923 0.0000
-304.5702 0.0000
-306.1243 0.0000
-303.9059 0.0000
-304.6644 0.0000
-305.3839 0.0000
-305.3298 0.0000
-305.1854 0.0000
-305.3210 0.0000
-305.4694 0.0000
-305.0367 0.0000
-305.3464 0.0000
-304.9327 0.0000
-305.0447 0.0000
-305.1700 0.0000
-305.8580 0.0000
-304.9262 0.0000
-304.0901 0.0000
-304.3273 0.0000
-305.3390 0.0000
-305.4685 0.0000
-304.4550 0.0000
-304.1794 0.0000
-305.2115 0.0000
-304.0503 0.0000
-304.8005 0.0000
-305.4437 0.0000
-305.3273 0.0000
-305.0680 0.0000
-305.3295 0.0000
-305.2213 0.0000
-304.7901 0.0000
-304.9197 0.0000
-304.7936 0.0000
-305.1009 0.0000
-305.7220 0.0000
-304.1636 0.0000
-304.6566 0.0000
-304.3949 0.0000
-305.5076 0.0000
-304.7716 0.0000
-305.2780 0.0000
-304.7471 0.0000
-305.5681 0.0000
-305.1680 0.0000
-305.6209 0.0000
-304.6834 0.0000
-304.7556 0.0000
-304.7714 0.0000
-303.8355 0.0000
-304.9034 0.0000
-305.4717 0.0000
-304.8870 0.0000
-305.6627 0.0000
-305.1549 0.0000
-305.7776 0.0000
-305.7061 0.0000
-305.7859 0.0000
-306.5621 0.0000
-305.3453 0.0000
-304.6613 0.0000
-304.2282 0.0000
-304.0089 0.0000
-305.0692 0.0000
-305.7905 0.0000
-304.4803 0.0000
-305.3098 0.0000
-304.0646 0.0000
-303.7704 0.0000
-304.1920 0.0000
-304.4023 0.0000
-304.8623 0.0000
-305.9088 0.0000
-305.0636 0.0000
-304.4117 0.0000
-306.0324 0.0000
-304.3265 0.0000
-305.5263 0.0000
-304.7034 0.0000
-305.8774 0.0000
-305.1319 0.0000
-306.1622 0.0000
-305.6670 0.0000
-304.5422 0.0000
-305.0627 0.0000
-304.7207 0.0000
-306.1354 0.0000
-305.5454 0.0000
-306.5341 0.0000
-305.2643 0.0000
-304.8997 0.0000
-304.4034 0.0000
-305.4482 0.0000
-305.6729 0.0000
-305.9308 0.0000
-305.0454 0.0000
-305.3396 0.0000
-305.1914 0.0000
-304.5014 0.0000
-305.2839 0.0000
-304.2925 0.0000
-303.7225 0.0000
-305.3971 0.0000
-304.2349 0.0000
-304.5759 0.0000
-305.2247 0.0000
-305.7836 0.0000
-304.7115 0.0000
-304.9470 0.0000
-305.2618 0.0000
-305.2254 0.0000
-304.2510 0.0000
-304.9527 0.0000
-306.4215 0.0000
-304.8611 0.0000
-305.5053 0.0000
-305.1186 0.0000
-305.4616 0.0000
-305.3192 0.0000
-305.7132 0.0000
-304.5503 0.0000
-304.8756 0.0000
-303.6405 0.0000
-304.8930 0.0000
-304.6413 0.0000
-304.5671 0.0000
-305.6539 0.0000
-305.3806 0.0000
-305.1263 0.0000
-305.6002 0.0000
-305.2975 0.0000
-305.4638 0.0000
-305.7474 0.0000
-305.5375 0.0000
-305.7250 0.0000
-304.5490 0.0000
-305.5363 0.0000
-304.7988 0.0000
-305.2466 0.0000
-305.4974 0.0000
-304.8150 0.0000
-304.6724 0.0000
-304.7936 0.0000
-305.9457 0.0000
-305.5191 0.0000
-305.1196 0.0000
-305.4533 0.0000
-304.8409 0.0000
-305.4835 0.0000
-305.4847 0.0000
-304.5790 0.0000
-304.9664 0.0000
-305.9390 0.0000
-305.4612 0.0000
-304.0992 0.0000
-305.2354 0.0000
-305.2553 0.0000
-305.1152 0.0000
-305.6561 0.0000
-305.9690 0.0000
-306.0402 0.0000
-304.9878 0.0000
-304.9876 0.0000
-305.4905 0.0000
-304.8475 0.0000
-305.0406 0.0000
-306.0366 0.0000
-305.9055 0.0000
-306.5176 0.0000
-305.7856 0.0000
-305.4008 0.0000
-305.8333 0.0000
-305.7635 0.0000
-305.2924 0.0000
-304.9376 0.0000
-305.0207 0.0000
-305.7496 0.0000
-305.6348 0.0000
-305.4789 0.0000
-303.7203 0.0000
-304.8542 0.0000
-305.1738 0.0000
-305.0090 0.0000
-304.9073 0.0000
-305.5672 0.0000
-304.9561 0.0000
-305.0503 0.0000
-304.5773 0.0000
-305.5455 0.0000
-304.7395 0.0000
-305.2345 0.0000
-305.1072 0.0000
-305.8469 0.0000
-305.3271 0.0000
-305.0573 0.0000
-304.6938 0.0000
-304.8533 0.0000
-304.8769 0.0000
-305.7657 0.0000
-304.5515 0.0000
-305.5795 0.0000
-305.2987 0.0000
-305.8601 0.0000
-304.9550 0.0000
-305.6563 0.0000
-305.1620 0.0000
-304.8948 0.0000
-305.6845 0.0000
-305.8229 0.0000
-305.9437 0.0000
-305.1458 0.0000
-304.9663 0.0000
-306.2971 0.0000
-305.2657 0.0000
-305.1179 0.0000
-304.0189 0.0000
-304.6756 0.0000
-306.1498 0.0000
-304.9505 0.0000
-305.0697 0.0000
-305.0004 0.0000
-305.2582 0.0000
-304.8984 0.0000
-305.8504 0.0000
-305.3359 0.0000
-304.9244 0.0000
-304.6914 0.0000
-305.0727 0.0000
-305.7423 0.0000
-304.5316 0.0000
-304.5153 0.0000
-305.0617 0.0000
-305.6750 0.0000
-305.3395 0.0000
-305.0560 0.0000
-305.4620 0.0000
-305.0336 0.0000
-305.2364 0.0000
-305.6904 0.0000
-305.2533 0.0000
-304.6411 0.0000
-305.3971 0.0000
-305.6311 0.0000
-305.6275 0.0000
-304.3862 0.0000
-305.2621 0.0000
-305.3107 0.0000
-305.4716 0.0000
-304.7554 0.0000
-304.7456 0.0000
-305.4351 0.0000
-305.3393 0.0000
-304.8637 0.0000
-305.2745 0.0000
-305.6069 0.0000
-305.7256 0.0000
-305.5367 0.0000
-305.0216 0.0000
-305.7734 0.0000
-304.4370 0.0000
-305.4651 0.0000
-304.7695 0.0000
-305.3755 0.0000
-306.0107 0.0000
-305.3606 0.0000
-305.0895 0.0000
-305.2206 0.0000
-304.3503 0.0000
-305.4183 0.0000
-304.2732 0.0000
-305.2722 0.0000
-305.8836 0.0000
-304.1576 0.0000
-305.8632 0.0000
-304.3692 0.0000
-305.4145 0.0000
-304.7881 0.0000
-305.7158 0.0000
-304.4006 0.0000
-305.7474 0.0000
-304.6954 0.0000
-305.0031 0.0000
-304.5604 0.0000
-305.4218 0.0000
-305.6152 0.0000
-304.5888 0.0000
-306.0600 0.0000
-305.2703 0.0000
-304.9710 0.0000
-305.5297 0.0000
-305.2879 0.0000
-304.9599 0.0000
-303.9888 0.0000
-304.8751 0.0000
-304.6125 0.0000
-306.1598 0.0000
-306.0216 0.0000
-305.1979 0.0000
-304.3724 0.0000
-304.6833 0.0000
-305.7319 0.0000
-305.4889 0.0000
-304.8600 0.0000
-305.5630 0.0000
-305.0844 0.0000
-305.1229 0.0000
-304.6735 0.0000
-305.3332 0.0000
-305.5131 0.0000
-304.6072 0.0000
-305.2681 0.0000
-304.6486 0.0000
-304.6827 0.0000
-304.2472 0.0000
-305.0070 0.0000
-304.9969 0.0000
-305.1694 0.0000
-305.7332 0.0000
-305.4446 0.0000
-305.5282 0.0000
-305.3625 0.0000
-304.7741 0.0000
-304.7994 0.0000
-304.8397 0.0000
-305.3335 0.0000
-305.7857 0.0000
-305.3858 0.0000
-305.1936 0.0000
-304.4946 0.0000
-305.0429 0.0000
-304.5652 0.0000
-304.9220 0.0000
-305.2774 0.0000
-305.0815 0.0000
-305.0320 0.0000
-305.4734 0.0000
-305.7941 0.0000
-305.6833 0.0000
-305.5301 0.0000
-304.6703 0.0000
-305.7268 0.0000
-304.9176 0.0000
-304.3821 0.0000
-306.5332 0.0000
-306.0099 0.0000
-304.9089 0.0000
-305.2424 0.0000
-305.2076 0.0000
-304.4873 0.0000
-304.7238 0.0000
-305.8783 0.0000
-305.2028 0.0000
-304.8933 0.0000
-304.7116 0.0000
-304.8001 0.0000
-305.0622 0.0000
-304.4013 0.0000
-305.3425 0.0000
-305.1220 0.0000
-305.0595 0.0000
-305.1719 0.0000
-305.5149 0.0000
-305.3989 0.0000
-304.4306 0.0000
-305.0879 0.0000
-304.8525 0.0000
-304.4265 0.0000
-304.9528 0.0000
-305.3663 0.0000
-304.8636 0.0000
-305.8445 0.0000
-305.4210 0.0000
-305.2751 0.0000
-305.1945 0.0000
-305.2551 0.0000
-304.8671 0.0000
-304.0974 0.0000
-305.0045 0.0000
-304.7980 0.0000
-304.6183 0.0000
-304.5765 0.0000
-305.6059 0.0000
-303.9740 0.0000
-305.1370 0.0000
-305.2149 0.0000
-306.0209 0.0000
-305.3210 0.0000
-305.0704 0.0000
-304.9376 0.0000
-305.1278 0.0000
-305.3288 0.0000
-305.2164 0.0000
-306.0935 0.0000
-304.1262 0.0000
-305.0510 0.0000
-305.1148 0.0000
-305.5752 0.0000
-304.9393 0.0000
-305.9359 0.0000
-305.3694 0.0000
-305.0941 0.0000
-305.0936 0.0000
-304.7832 0.0000
-306.4263 0.0000
-305.2804 0.0000
-305.5792 0.0000
-305.4998 0.0000
-305.4299 0.0000
-305.3120 0.0000
-305.4605 0.0000
-305.4812 0.0000
-305.0202 0.0000
-304.5667 0.0000
-305.5630 0.0000
-303.6735 0.0000
-304.1479 0.0000
-304.8507 0.0000
-304.9717 0.0000
-303.5905 0.0000
-305.1113 0.0000
-305.1537 0.0000
-305.0715 0.0000
-305.0803 0.0000
-305.2915 0.0000
-305.3430 0.0000
-304.7491 0.0000
-305.1694 0.0000
-305.4397 0.0000
-304.8051 0.0000
-304.6394 0.0000
-304.8745 0.0000
-305.6446 0.0000
-304.9071 0.0000
-304.3247 0.0000
-304.9861 0.0000
-304.9747 0.0000
-305.3758 0.0000
-306.3411 0.0000
-304.7443 0.0000
-304.0274 0.0000
-305.1434 0.0000
-304.7180 0.0000
-304.9573 0.0000
-305.2936 0.0000
-306.5215 0.0000
-305.8855 0.0000
-303.9367 0.0000
-304.7130 0.0000
-305.0742 0.0000
-305.2707 0.0000
-305.8300 0.0000
-304.9277 0.0000
-305.8724 0.0000
-304.4398 0.0000
-304.3593 0.0000
-305.5168 0.0000
-304.4281 0.0000
-304.4633 0.0000
-305.0593 0.0000
-305.6254 0.0000
-306.1950 0.0000
-305.3681 0.0000
-305.2870 0.0000
-305.8391 0.0000
-304.9760 0.0000
-305.2609 0.0000
-304.3789 0.0000
-305.6910 0.0000
-303.6390 0.0000
-305.4548 0.0000
-304.8591 0.0000
-305.2468 0.0000
-305.0652 0.0000
-305.4354 0.0000
-305.6627 0.0000
-304.7510 0.0000
-304.2319 0.0000
-305.5397 0.0000
-304.7980 0.0000
-305.2438 0.0000
-305.4348 0.0000
-305.0208 0.0000
-305.5818 0.0000
-305.1836 0.0000
-304.9249 0.0000
-306.0161 0.0000
-304.7158 0.0000
-305.7337 0.0000
-305.2782 0.0000
-304.3955 0.0000
-304.5215 0.0000
-304.6079 0.0000
-305.2064 0.0000
-305.6449 0.0000
-304.8632 0.0000
-305.2918 0.0000
-304.5658 0.0000
-304.4595 0.0000
-305.0277 0.0000
-305.5589 0.0000
-306.1435 0.0000
-304.5930 0.0000
-304.7696 0.0000
-304.5942 0.0000
-305.8446 0.0000
-305.1316 0.0000
-305.7989 0.0000
-304.6377 0.0000
-304.8726 0.0000
-304.5349 0.0000
-304.8050 0.0000
-305.2166 0.0000
-304.1760 0.0000
-305.2482 0.0000
-304.8170 0.0000
-304.8676 0.0000
-305.8482 0.0000
-304.9429 0.0000
-305.3363 0.0000
-305.1185 0.0000
-304.5755 0.0000
-304.9872 0.0000
-304.9916 0.0000
-304.9193 0.0000
-305.2843 0.0000
-305.0659 0.0000
-305.3337 0.0000
-304.9257 0.0000
-305.0230 0.0000
-306.0084 0.0000
-304.5093 0.0000
-305.2361 0.0000
-305.4774 0.0000
-305.5519 0.0000
-305.4651 0.0000
-305.0467 0.0000
-304.7934 0.0000
-304.9259 0.0000
-305.5789 0.0000
-305.3063 0.0000
-305.2179 0.0000
-305.1889 0.0000
-305.2354 0.0000
-304.4643 0.0000
-304.0456 0.0000
-305.0893 0.0000
-305.4006 0.0000
-305.1300 0.0000
-304.7518 0.0000
-305.3873 0.0000
-305.9834 0.0000
-306.0416 0.0000
-305.5662 0.0000
-305.5065 0.0000
-305.5692 0.0000
-305.0997 0.0000
-306.0694 0.0000
-305.8801 0.0000
-305.3248 0.0000
-305.3525 0.0000
-304.4879 0.0000
-304.5599 0.0000
-304.7535 0.0000
-306.0007 0.0000
-305.5785 0.0000
-304.1113 0.0000
-305.1066 0.0000
-305.2541 0.0000
-305.7579 0.0000
-305.7276 0.0000
-306.1185 0.0000
-306.0464 0.0000
-305.0039 0.0000
-305.2242 0.0000
-305.0243 0.0000
-305.9337 0.0000
-305.6265 0.0000
-305.7990 0.0000
-304.7912 0.0000
-306.0206 0.0000
-305.2804 0.0000
-305.3208 0.0000
-304.9321 0.0000
-305.3030 0.0000
-305.3427 0.0000
-305.4649 0.0000
-305.2753 0.0000
-305.4536 0.0000
-304.8236 0.0000
-304.2721 0.0000
-304.3774 0.0000
-304.8119 0.0000
-306.5913 0.0000
-306.0703 0.0000
-305.0874 0.0000
-305.1923 0.0000
-304.7489 0.0000
-304.9465 0.0000
-305.3700 0.0000
-304.3968 0.0000
-305.3253 0.0000
-305.3578 0.0000
-305.0625 0.0000
-305.5158 0.0000
-304.5561 0.0000
-304.8393 0.0000
-304.8581 0.0000
-305.9266 0.0000
-305.3392 0.0000
-306.5392 0.0000
-305.5756 0.0000
-305.6393 0.0000
-305.3404 0.0000
-304.6721 0.0000
-305.0356 0.0000
-304.8421 0.0000
-304.3099 0.0000
-305.2880 0.0000
-304.8500 0.0000
-304.1665 0.0000
-304.3039 0.0000
-305.1617 0.0000
-304.9473 0.0000
-304.0441 0.0000
-305.1475 0.0000
-306.6183 0.0000
-305.0424 0.0000
-305.2001 0.0000
-304.0777 0.0000
-304.2472 0.0000
-305.8911 0.0000
-305.0171 0.0000
-304.9572 0.0000
-305.2692 0.0000
-306.4039 0.0000
-304.7649 0.0000
-304.6468 0.0000
-305.8293 0.0000
-305.5424 0.0000
-305.3824 0.0000
-303.8986 0.0000
-304.7611 0.0000
-304.5364 0.0000
-304.9818 0.0000
-305.2137 0.0000
-305.0795 0.0000
-304.6131 0.0000
-305.8138 0.0000
-305.0996 0.0000
-304.9418 0.0000
-305.6364 0.0000
-305.3084 0.0000
-305.4616 0.0000
-305.6749 0.0000
-305.0453 0.0000
-305.3546 0.0000
-305.4554 0.0000
-305.7661 0.0000
-306.3773 0.0000
-305.5979 0.0000
-306.1801 0.0000
-305.2871 0.0000
-306.0409 0.0000
-303.5967 0.0000
-304.9021 0.0000
-304.9519 0.0000
-304.6514 0.0000
-304.4619 0.0000
-305.2572 0.0000
-305.4531 0.0000
-305.9755 0.0000
-304.4792 0.0000
-305.1371 0.0000
-305.0515 0.0000
-305.1966 0.0000
-304.9965 0.0000
-305.4782 0.0000
-304.9989 0.0000
-304.8921 0.0000
-305.1728 0.0000
-306.1593 0.0000
-306.7257 0.0000
-305.6085 0.0000
-305.1023 0.0000
-305.1709 0.0000
-304.7306 0.0000
-306.9140 0.0000
-305.2152 0.0000
-306.3678 0.0000
-304.7993 0.0000
-306.3952 0.0000
-304.7066 0.0000
-304.5613 0.0000
-305.6643 0.0000
-305.3395 0.0000
-304.8578 0.0000
-305.2637 0.0000
-304.5600 0.0000
-304.9615 0.0000
-305.1657 0.0000
-306.4773 0.0000
-306.2854 0.0000
-304.5270 0.0000
-304.2749 0.0000
-305.2314 0.0000
-304.8084 0.0000
-305.4810 0.0000
-305.0910 0.0000
-306.0721 0.0000
-305.6891 0.0000
-305.2210 0.0000
-304.0553 0.0000
-304.9811 0.0000
-305.2162 0.0000
-305.0390 0.0000
-305.1559 0.0000
-304.8142 0.0000
-305.8900 0.0000
-306.2512 0.0000
-305.7352 0.0000
-304.9782 0.0000
-305.3100 0.0000
-305.3720 0.0000
-305.2988 0.0000
-305.1077 0.0000
-304.8717 0.0000
-305.6479 0.0000
-304.5632 0.0000
-304.3700 0.0000
-305.3752 0.0000
-304.2655 0.0000
-304.3730 0.0000
-304.9327 0.0000
-305.5613 0.0000
-305.4305 0.0000
-305.4733 0.0000
-305.2283 0.0000
-304.7840 0.0000
-305.8647 0.0000
-304.1553 0.0000
-304.1155 0.0000
-305.8856 0.0000
-304.7848 0.0000
-304.5006 0.0000
-305.4256 0.0000
-305.4906 0.0000
-304.1744 0.0000
-305.5764 0.0000
-305.1351 0.0000
-304.9398 0.0000
-305.6983 0.0000
-305.7139 0.0000
-304.9508 0.0000
-305.5413 0.0000
-304.4474 0.0000
-305.1496 0.0000
-305.2372 0.0000
-305.2949 0.0000
-304.9071 0.0000
-305.0175 0.0000
-305.5695 0.0000
-305.0105 0.0000
-305.1861 0.0000
-305.0351 0.0000
-305.1618 0.0000
-305.6155 0.0000
-304.6963 0.0000
-304.6473 0.0000
-304.9543 0.0000
-304.8685 0.0000
-305.7156 0.0000
-305.5298 0.0000
-304.5038 0.0000
-304.5699 0.0000
-304.2578 0.0000
-305.0708 0.0000
-305.0575 0.0000
-305.1688 0.0000
-304.8360 0.0000
-305.1130 0.0000
-304.1499 0.0000
-304.7720 0.0000
-304.6872 0.0000
-305.1433 0.0000
-304.9523 0.0000
-305.1504 0.0000
-304.8565 0.0000
-304.8864 0.0000
-305.3350 0.0000
-305.6492 0.0000
-306.1195 0.0000
-306.2671 0.0000
-305.8901 0.0000
-305.4843 0.0000
-305.4690 0.0000
-305.4284 0.0000
-306.0993 0.0000
-305.8608 0.0000
-304.6005 0.0000
-305.0259 0.0000
-304.4462 0.0000
-305.7517 0.0000
-304.8067 0.0000
-305.0676 0.0000
-305.3207 0.0000
-305.3965 0.0000
-304.3817 0.0000
-305.3093 0.0000
-304.9854 0.0000
-305.1106 0.0000
-305.2364 0.0000
-305.7842 0.0000
-303.8768 0.0000
-304.5643 0.0000
-304.8328 0.0000
-304.9532 0.0000
-306.0668 0.0000
-305.5436 0.0000
-305.5156 0.0000
-304.3006 0.0000
-305.3878 0.0000
-305.0571 0.0000
-305.1880 0.0000
-303.8660 0.0000
-306.1042 0.0000
-305.2184 0.0000
-305.3318 0.0000
-304.6350 0.0000
-305.9432 0.0000
-305.5962 0.0000
-304.5930 0.0000
-305.3862 0.0000
-305.2318 0.0000
-305.8334 0.0000
-304.7698 0.0000
-305.4561 0.0000
-304.5335 0.0000
-304.4057 0.0000
-304.7785 0.0000
-305.4599 0.0000
-305.6831 0.0000
-306.1595 0.0000
-304.7865 0.0000
-305.4202 0.0000
-305.0199 0.0000
-304.5277 0.0000
-305.8266 0.0000
-305.1045 0.0000
-304.6829 0.0000
-304.4796 0.0000
-305.9381 0.0000
-305.3252 0.0000
-305.2878 0.0000
-305.8730 0.0000
-305.2064 0.0000
-305.8648 0.0000
-305.3771 0.0000
-304.9476 0.0000
-305.4420 0.0000
-305.5197 0.0000
-305.6244 0.0000
-304.7181 0.0000
-305.2538 0.0000
-304.9706 0.0000
-305.7814 0.0000
-305.3094 0.0000
-305.0531 0.0000
-304.9349 0.0000
-304.6197 0.0000
-305.2130 0.0000
-305.2268 0.0000
-305.1423 0.0000
-304.9496 0.0000
-304.2834 0.0000
-306.2592 0.0000
-305.3839 0.0000
-304.8039 0.0000
-306.0348 0.0000
-304.7959 0.0000
-305.5296 0.0000
-305.9127 0.0000
-305.5306 0.0000
-305.0130 0.0000
-304.0815 0.0000
-304.5701 0.0000
-305.5723 0.0000
-306.0072 0.0000
-305.1554 0.0000
-305.4938 0.0000
-305.6826 0.0000
-304.8117 0.0000
-304.4110 0.0000
-305.3959 0.0000
-304.5285 0.0000
-305.4966 0.0000
-304.9612 0.0000
-305.6146 0.0000
-305.7803 0.0000
-304.2082 0.0000
-305.6394 0.0000
-305.2223 0.0000
-305.6914 0.0000
-304.8774 0.0000
-305.7654 0.0000
-304.8716 0.0000
-304.3051 0.0000
-305.4364 0.0000
-306.3459 0.0000
-304.6314 0.0000
-305.7644 0.0000
-305.2411 0.0000
-305.3314 0.0000
-304.8561 0.0000
-304.4079 0.0000
-304.9561 0.0000
-305.1858 0.0000
-305.9550 0.0000
-304.7006 0.0000
-305.0852 0.0000
-306.2002 0.0000
-306.0478 0.0000
-304.8214 0.0000
-304.1654 0.0000
-305.0479 0.0000
-304.4985 0.0000
-305.3202 0.0000
-305.3400 0.0000
-304.1644 0.0000
-305.0529 0.0000
-306.2660 0.0000
-304.4471 0.0000
-305.0258 0.0000
-304.5647 0.0000
-304.9436 0.0000
-305.4926 0.0000
-305.2721 0.0000
-305.9124 0.0000
-305.7334 0.0000
-304.3852 0.0000
-305.1267 0.0000
-304.5369 0.0000
-305.5807 0.0000
-305.1946 0.0000
-305.4939 0.0000
-305.1569 0.0000
-306.0138 0.0000
-304.5855 0.0000
-304.4295 0.0000
-304.8763 0.0000
-305.2581 0.0000
-304.9311 0.0000
-304.5159 0.0000
-304.7353 0.0000
-304.6464 0.0000
-305.4034 0.0000
-304.7723 0.0000
-305.0435 0.0000
-305.5185 0.0000
-304.5099 0.0000
-304.8845 0.0000
-305.3288 0.0000
-304.7972 0.0000
-304.6622 0.0000
-305.9702 0.0000
-304.8708 0.0000
-305.4491 0.0000
-305.1398 0.0000
-304.9019 0.0000
-306.0250 0.0000
-304.8600 0.0000
-304.7540 0.0000
-305.0235 0.0000
-305.1290 0.0000
-305.5464 0.0000
-305.1002 0.0000
-306.0746 0.0000
-304.8108 0.0000
-305.6149 0.0000
-306.3851 0.0000
-305.4705 0.0000
-305.3151 0.0000
-305.3166 0.0000
-304.6117 0.0000
-304.7908 0.0000
-305.2568 0.0000
-306.5352 0.0000
-305.2474 0.0000
-305.4390 0.0000
-305.3963 0.0000
-305.3577 0.0000
-304.7559 0.0000
-304.8692 0.0000
-306.1973 0.0000
-305.3745 0.0000
-304.9514 0.0000
-304.9303 0.0000
-305.2419 0.0000
-305.7711 0.0000
-305.2011 0.0000
-305.5382 0.0000
-304.1777 0.0000
-305.5614 0.0000
-304.4851 0.0000
-305.2364 0.0000
-305.1368 0.0000
-305.3039 0.0000
-304.6622 0.0000
-305.0097 0.0000
-304.6988 0.0000
-305.6505 0.0000
-304.9707 0.0000
-305.9074 0.0000
-305.1433 0.0000
-305.6841 0.0000
-305.0835 0.0000
-305.3163 0.0000
-305.5179 0.0000
-304.7699 0.0000
-304.3447 0.0000
-304.4041 0.0000
-305.2508 0.0000
-304.8195 0.0000
-305.6605 0.0000
-305.2287 0.0000
-305.0987 0.0000
-305.9938 0.0000
-306.4668 0.0000
-305.3757 0.0000
-306.4077 0.0000
-305.1841 0.0000
-304.6143 0.0000
-304.6517 0.0000
-305.0335 0.0000
-304.6836 0.0000
-305.3092 0.0000
-304.8509 0.0000
-305.5464 0.0000
-305.1926 0.0000
-306.2935 0.0000
-305.5296 0.0000
-304.7980 0.0000
-304.5236 0.0000
-305.6637 0.0000
-305.3864 0.0000
-304.4444 0.0000
-305.5766 0.0000
-304.4070 0.0000
-304.5010 0.0000
-305.9824 0.0000
-304.8057 0.0000
-305.7893 0.0000
-304.3433 0.0000
-304.4523 0.0000
-305.1549 0.0000
-305.1785 0.0000
-304.9994 0.0000
-305.2255 0.0000
-305.3242 0.0000
-306.2259 0.0000
-305.8017 0.0000
-305.5378 0.0000
-306.0504 0.0000
-305.9441 0.0000
-305.2133 0.0000
-305.0182 0.0000
-304.9162 0.0000
-304.6685 0.0000
-306.3421 0.0000
-305.2297 0.0000
-305.9385 0.0000
-304.7895 0.0000
-304.7333 0.0000
-305.2751 0.0000
-305.5010 0.0000
-305.2697 0.0000
-304.7398 0.0000
-305.8050 0.0000
-306.1553 0.0000
-304.8939 0.0000
-305.2669 0.0000
-304.7133 0.0000
-305.0016 0.0000
-305.1862 0.0000
-305.8797 0.0000
-304.9173 0.0000
-304.7791 0.0000
-305.1633 0.0000
-305.2071 0.0000
-306.2899 0.0000
-305.4689 0.0000
-305.8250 0.0000
-305.3559 0.0000
-305.3529 0.0000
-304.5486 0.0000
-304.3200 0.0000
-305.7664 0.0000
-304.9398 0.0000
-304.6671 0.0000
-305.0249 0.0000
-304.8144 0.0000
-304.3853 0.0000
-305.1736 0.0000
-305.0020 0.0000
-304.5584 0.0000
-304.6682 0.0000
-305.1556 0.0000
-305.7763 0.0000
-304.9921 0.0000
-305.1576 0.0000
-304.9685 0.0000
-305.2303 0.0000
-304.4876 0.0000
-303.4510 0.0000
-304.4558 0.0000
-305.9882 0.0000
-303.8865 0.0000
-304.8342 0.0000
-305.5645 0.0000
-304.2295 0.0000
-304.8377 0.0000
-305.5975 0.0000
-305.9943 0.0000
-305.6426 0.0000
-305.5673 0.0000
-305.4832 0.0000
-304.0869 0.0000
-304.4711 0.0000
-304.4246 0.0000
-305.0295 0.0000
-305.0851 0.0000
-305.9947 0.0000
-305.5307 0.0000
-305.0624 0.0000
-305.2180 0.0000
-305.0080 0.0000
-304.4016 0.0000
-305.9348 0.0000
-305.3611 0.0000
-305.5122 0.0000
-306.1983 0.0000
-306.0990 0.0000
-305.1943 0.0000
-304.5413 0.0000
-305.0951 0.0000
-305.8335 0.0000
-303.6455 0.0000
-305.9413 0.0000
-305.2099 0.0000
-306.2836 0.0000
-305.2517 0.0000
-304.2283 0.0000
-305.3327 0.0000
-305.2437 0.0000
-305.0155 0.0000
-304.8956 0.0000
-305.4149 0.0000
-305.0823 0.0000
-304.6822 0.0000
-305.4986 0.0000
-305.3356 0.0000
-305.6912 0.0000
-305.0593 0.0000
-305.5542 0.0000
-305.5723 0.0000
-304.7813 0.0000
-305.3349 0.0000
-305.0412 0.0000
-305.0522 0.0000
-305.8559 0.0000
-305.9150 0.0000
-304.8018 0.0000
-304.7903 0.0000
-304.4759 0.0000
-305.1107 0.0000
-305.8397 0.0000
-305.3657 0.0000
-304.7892 0.0000
-305.7470 0.0000
-305.6943 0.0000
-304.6221 0.0000
-305.5182 0.0000
-305.2489 0.0000
-305.4507 0.0000
-305.1753 0.0000
-305.1621 0.0000
-304.7556 0.0000
-304.6918 0.0000
-305.3819 0.0000
-304.8725 0.0000
-304.9009 0.0000
-304.7642 0.0000
-304.9252 0.0000
-304.7882 0.0000
-304.9846 0.0000
-304.4058 0.0000
-304.5636 0.0000
-305.1006 0.0000
-304.6499 0.0000
-305.4002 0.0000
-305.3240 0.0000
-305.5095 0.0000
-304.9133 0.0000
-305.5174 0.0000
-304.9027 0.0000
-304.8341 0.0000
-305.0138 0.0000
-306.0375 0.0000
-306.1268 0.0000
-304.8962 0.0000
-304.9096 0.0000
-304.4919 0.0000
-305.4292 0.0000
-305.0948 0.0000
-306.1155 0.0000
-305.5025 0.0000
-305.3002 0.0000
-304.7854 0.0000
-305.0298 0.0000
-305.0325 0.0000
-305.4785 0.0000
-304.6402 0.0000
-304.7152 0.0000
-304.9866 0.0000
-306.0780 0.0000
-305.0422 0.0000
-304.6833 0.0000
-304.7181 0.0000
-305.1070 0.0000
-305.0984 0.0000
-305.6805 0.0000
-304.7587 0.0000
-305.5673 0.0000
-305.3803 0.0000
-305.2510 0.0000
-305.6813 0.0000
-304.8004 0.0000
-303.5802 0.0000
-304.5938 0.0000
-305.4717 0.0000
-306.3775 0.0000
-305.5510 0.0000
-305.9442 0.0000
-304.7038 0.0000
-306.2944 0.0000
-305.4385 0.0000
-304.8654 0.0000
-305.1113 0.0000
-304.5616 0.0000
-306.4159 0.0000
-305.0408 0.0000
-305.6778 0.0000
-305.3742 0.0000
-304.8138 0.0000
-304.6267 0.0000
-305.0975 0.0000
-305.1443 0.0000
-303.7694 0.0000
-305.2048 0.0000
-305.0244 0.0000
-304.5788 0.0000
-305.0416 0.0000
-304.8744 0.0000
-305.4608 0.0000
-305.5828 0.0000
-305.9292 0.0000
-305.1691 0.0000
-304.5284 0.0000
-305.1234 0.0000
-304.0873 0.0000
-305.4727 0.0000
-305.7826 0.0000
-304.9594 0.0000
-304.8208 0.0000
-304.5952 0.0000
-305.7963 0.0000
-305.2302 0.0000
-304.9169 0.0000
-304.8135 0.0000
-304.1447 0.0000
-305.2343 0.0000
-304.3206 0.0000
-304.9301 0.0000
-305.3683 0.0000
-304.7273 0.0000
-305.4746 0.0000
-304.6999 0.0000
-305.8264 0.0000
-304.6777 0.0000
-305.8361 0.0000
-305.5345 0.0000
-304.8904 0.0000
-305.2313 0.0000
-305.4767 0.0000
-304.5484 0.0000
-304.6236 0.0000
-305.7144 0.0000
-305.0569 0.0000
-305.2381 0.0000
-305.0377 0.0000
-305.1482 0.0000
-305.7462 0.0000
-305.0283 0.0000
-305.2097 0.0000
-304.9077 0.0000
-304.7845 0.0000
-305.3451 0.0000
-303.6272 0.0000
-304.5106 0.0000
-304.3897 0.0000
-304.4366 0.0000
-305.0401 0.0000
-305.5752 0.0000
-303.7393 0.0000
-305.3312 0.0000
-304.8290 0.0000
-304.6269 0.0000
-304.9229 0.0000
-305.8174 0.0000
-305.0764 0.0000
-305.6534 0.0000
-305.3288 0.0000
-304.7996 0.0000
-305.5852 0.0000
-305.1335 0.0000
-304.8371 0.0000
-304.0441 0.0000
-305.1309 0.0000
-305.4436 0.0000
-305.3225 0.0000
-305.7805 0.0000
-304.1216 0.0000
-305.9860 0.0000
-305.5169 0.0000
-304.7499 0.0000
-304.3649 0.0000
-304.9879 0.0000
-305.2093 0.0000
-305.0476 0.0000
-305.8405 0.0000
-305.6642 0.0000
-305.5332 0.0000
-304.6576 0.0000
-304.0014 0.0000
-306.1874 0.0000
-304.7449 0.0000
-305.3993 0.0000
-304.6329 0.0000
-304.7316 0.0000
-305.0312 0.0000
-305.1413 0.0000
-306.1275 0.0000
-305.6013 0.0000
-305.5671 0.0000
-305.2588 0.0000
-305.0978 0.0000
-305.2356 0.0000
-305.1417 0.0000
-303.9226 0.0000
-304.9672 0.0000
-304.3025 0.0000
-305.3364 0.0000
-305.2359 0.0000
-304.7688 0.0000
-305.2697 0.0000
-305.7262 0.0000
-305.2099 0.0000
-305.4452 0.0000
-304.0390 0.0000
-305.4786 0.0000
-305.3833 0.0000
-305.3586 0.0000
-304.8322 0.0000
-305.3239 0.0000
-305.0786 0.0000
-305.3670 0.0000
-305.9771 0.0000
-303.9598 0.0000
-304.8914 0.0000
-306.2016 0.0000
-305.6047 0.0000
-305.0573 0.0000
-304.9283 0.0000
-304.5368 0.0000
-304.6786 0.0000
-304.5956 0.0000
-304.7001 0.0000
-305.1893 0.0000
-305.3710 0.0000
-305.6795 0.0000
-305.3772 0.0000
-305.2773 0.0000
-304.6972 0.0000
-304.4918 0.0000
-305.5340 0.0000
-305.3016 0.0000
-305.1051 0.0000
-304.9371 0.0000
-304.6528 0.0000
-305.3249 0.0000
-305.8177 0.0000
-305.7004 0.0000
-305.3105 0.0000
-305.3206 0.0000
-305.0666 0.0000
-305.5944 0.0000
-304.7259 0.0000
-304.3949 0.0000
-304.6431 0.0000
-304.3719 0.0000
-305.2538 0.0000
-305.2548 0.0000
-305.7681 0.0000
-304.7305 0.0000
-305.5306 0.0000
-306.0514 0.0000
-305.1517 0.0000
-305.4789 0.0000
-305.7692 0.0000
-305.3323 0.0000
-305.3504 0.0000
-305.0984 0.0000
-304.5837 0.0000
-304.7545 0.0000
-304.7857 0.0000
-305.9201 0.0000
-304.5829 0.0000
-305.5586 0.0000
-304.5666 0.0000
-305.0651 0.0000
-305.0711 0.0000
-304.1952 0.0000
-305.6027 0.0000
-305.1357 0.0000
-305.9362 0.0000
-304.6891 0.0000
-304.8503 0.0000
-304.5489 0.0000
-305.0402 0.0000
-304.7142 0.0000
-305.6433 0.0000
-305.4692 0.0000
-306.2865 0.0000
-304.8366 0.0000
-305.8048 0.0000
-305.1379 0.0000
-305.0156 0.0000
-304.6902 0.0000
-306.1236 0.0000
-305.0118 0.0000
-305.1794 0.0000
-304.3535 0.0000
-304.4323 0.0000
-305.6398 0.0000
-304.4226 0.0000
-306.0650 0.0000
-304.8366 0.0000
-305.5565 0.0000
-304.6858 0.0000
-305.3842 0.0000
-305.2551 0.0000
-305.9036 0.0000
-305.4789 0.0000
-304.7754 0.0000
-304.1986 0.0000
-305.1431 0.0000
-305.2565 0.0000
-305.1219 0.0000
-305.5683 0.0000
-305.5236 0.0000
-303.9344 0.0000
-305.9518 0.0000
-305.1070 0.0000
-305.4408 0.0000
-305.0530 0.0000
-305.1762 0.0000
-305.1172 0.0000
-305.4802 0.0000
-305.7900 0.0000
-304.8357 0.0000
-306.1475 0.0000
-305.7683 0.0000
-305.1537 0.0000
-304.8978 0.0000
-305.0129 0.0000
-304.9972 0.0000
-305.4654 0.0000
-305.6009 0.0000
-304.3376 0.0000
-304.3336 0.0000
-305.8406 0.0000
-305.2054 0.0000
-304.2690 0.0000
-305.2740 0.0000
-305.7692 0.0000
-304.4710 0.0000
-304.6173 0.0000
-305.4814 0.0000
-304.6363 0.0000
-306.3594 0.0000
-305.2855 0.0000
-304.8936 0.0000
-304.4861 0.0000
-305.3675 0.0000
-305.2242 0.0000
-305.1076 0.0000
-305.8599 0.0000
-305.1054 0.0000
-304.0985 0.0000
-304.1336 0.0000
-304.9458 0.0000
-303.9605 0.0000
-305.1448 0.0000
-305.9457 0.0000
-305.0254 0.0000
-306.2203 0.0000
-305.1256 0.0000
-304.8783 0.0000
-305.1557 0.0000
-305.6825 0.0000
-305.1797 0.0000
-304.6338 0.0000
-305.9112 0.0000
-304.7640 0.0000
-305.2370 0.0000
-304.6454 0.0000
-304.3941 0.0000
-304.5878 0.0000
-304.6707 0.0000
-304.3192 0.0000
-305.3708 0.0000
-305.4065 0.0000
-305.5202 0.0000
-304.3655 0.0000
-305.9975 0.0000
-304.6007 0.0000
-305.4239 0.0000
-305.0950 0.0000
-305.3555 0.0000
-304.3332 0.0000
-305.1226 0.0000
-305.5093 0.0000
-305.2206 0.0000
-304.9540 0.0000
-305.3628 0.0000
-305.3890 0.0000
-304.7223 0.0000
-304.2414 0.0000
-304.2347 0.0000
-305.6660 0.0000
-304.9598 0.0000
-304.4080 0.0000
-304.8459 0.0000
-305.1188 0.0000
-304.9553 0.0000
-305.2423 0.0000
-304.4148 0.0000
-305.7095 0.0000
-305.0306 0.0000
-305.6632 0.0000
-303.9811 0.0000
-304.7323 0.0000
-305.4574 0.0000
-304.7552 0.0000
-305.1288 0.0000
-305.2989 0.0000
-304.7725 0.0000
-305.7687 0.0000
-305.2583 0.0000
-304.5791 0.0000
-305.1872 0.0000
-305.4908 0.0000
-306.7120 0.0000
-304.7218 0.0000
-305.3917 0.0000
-304.9224 0.0000
-304.9199 0.0000
-305.4425 0.0000
-304.8752 0.0000
-304.7318 0.0000
-305.9346 0.0000
-305.6478 0.0000
-305.5145 0.0000
-305.2869 0.0000
-305.1832 0.0000
-305.0565 0.0000
-304.5739 0.0000
-305.3088 0.0000
-304.9463 0.0000
-304.7513 0.0000
-304.8324 0.0000
-304.9346 0.0000
-305.2277 0.0000
-305.5942 0.0000
-303.6490 0.0000
-305.2952 0.0000
-305.4046 0.0000
-305.2716 0.0000
-304.1311 0.0000
-305.1122 0.0000
-304.8069 0.0000
-304.4435 0.0000
-305.2081 0.0000
-305.9835 0.0000
-304.9518 0.0000
-305.0999 0.0000
-306.2359 0.0000
-305.1782 0.0000
-304.8552 0.0000
-305.4139 0.0000
-305.9234 0.0000
-306.5998 0.0000
-305.9650 0.0000
-305.0325 0.0000
-305.5431 0.0000
-305.5024 0.0000
-304.8609 0.0000
-305.7662 0.0000
-305.0095 0.0000
-305.3016 0.0000
-304.7924 0.0000
-305.2372 0.0000
-304.6867 0.0000
-304.6485 0.0000
-305.1313 0.0000
-305.1741 0.0000
-304.7540 0.0000
-305.5558 0.0000
-304.9614 0.0000
-304.9799 0.0000
-305.7018 0.0000
-305.2670 0.0000
-305.3773 0.0000
-304.6181 0.0000
-305.0599 0.0000
-305.2610 0.0000
-305.0114 0.0000
-304.5197 0.0000
-305.5608 0.0000
-305.3106 0.0000
-305.4049 0.0000
-305.2081 0.0000
-306.6162 0.0000
-304.5545 0.0000
-305.4557 0.0000
-304.7809 0.0000
-304.6274 0.0000
-304.9030 0.0000
-305.2299 0.0000
-304.4396 0.0000
-305.2860 0.0000
-304.8382 0.0000
-304.1243 0.0000
-305.3768 0.0000
-304.6489 0.0000
-303.9710 0.0000
-305.2060 0.0000
-304.3671 0.0000
-304.8044 0.0000
-304.1037 0.0000
-305.1074 0.0000
-305.3103 0.0000
-305.5922 0.0000
-305.7987 0.0000
-305.0457 0.0000
-304.1061 0.0000
-305.2737 0.0000
-304.9028 0.0000
-305.7269 0.0000
-306.4363 0.0000
-304.7326 0.0000
-305.5399 0.0000
-304.6316 0.0000
-306.5484 0.0000
-305.2222 0.0000
-304.8905 0.0000
-304.8601 0.0000
-305.1618 0.0000
-304.6749 0.0000
-304.9088 0.0000
-304.8493 0.0000
-305.3448 0.0000
-305.0753 0.0000
-305.3833 0.0000
-305.3229 0.0000
-303.9462 0.0000
-306.0046 0.0000
-305.0547 0.0000
-306.3857 0.0000
-305.2465 0.0000
-304.7875 0.0000
-304.8406 0.0000
-304.6917 0.0000
-305.5274 0.0000
-305.7642 0.0000
-304.3931 0.0000
-305.2543 0.0000
-305.0905 0.0000
-305.5992 0.0000
-304.9144 0.0000
-304.7417 0.0000
-305.2768 0.0000
-304.6499 0.0000
-304.9314 0.0000
-305.4589 0.0000
-304.2573 0.0000
-305.4498 0.0000
-305.2160 0.0000
-304.4240 0.0000
-305.2347 0.0000
-305.1413 0.0000
-305.9544 0.0000
-305.1590 0.0000
-305.1359 0.0000
-305.4609 0.0000
-305.3712 0.0000
-305.3716 0.0000
-305.3678 0.0000
-303.8524 0.0000
-304.7159 0.0000
-304.7601 0.0000
-305.1423 0.0000
-303.8217 0.0000
-304.1565 0.0000
-305.5061 0.0000
-305.8262 0.0000
-304.8331 0.0000
-304.9093 0.0000
-304.8131 0.0000
-305.2001 0.0000
-304.1193 0.0000
-305.9521 0.0000
-304.7303 0.0000
-304.3474 0.0000
-303.9530 0.0000
-305.3167 0.0000
-305.0009 0.0000
-304.5173 0.0000
-305.8365 0.0000
-304.9866 0.0000
-305.5605 0.0000
-304.4820 0.0000
-304.6756 0.0000
-304.4668 0.0000
-305.4642 0.0000
-306.1974 0.0000
-305.8035 0.0000
-305.9605 0.0000
-305.8870 0.0000
-304.7896 0.0000
-304.8911 0.0000
-305.3897 0.0000
-304.4887 0.0000
-306.0192 0.0000
-305.4866 0.0000
-305.3822 0.0000
-305.2942 0.0000
-305.3077 0.0000
-304.9405 0.0000
-305.0619 0.0000
-304.4733 0.0000
-305.7822 0.0000
-305.5360 0.0000
-304.6237 0.0000
-306.4754 0.0000
-304.9269 0.0000
-304.2372 0.0000
-304.7838 0.0000
-305.0543 0.0000
-304.5479 0.0000
-305.1394 0.0000
-304.6155 0.0000
-304.5662 0.0000
-304.6389 0.0000
-305.6572 0.0000
-304.9509 0.0000
-304.2495 0.0000
-304.9892 0.0000
-304.8225 0.0000
-305.2727 0.0000
-305.5876 0.0000
-305.2979 0.0000
-304.8963 0.0000
-305.0175 0.0000
-305.2918 0.0000
-305.2107 0.0000
-304.5406 0.0000
-305.6721 0.0000
-305.6039 0.0000
-305.1107 0.0000
-305.8244 0.0000
-305.4570 0.0000
-305.0993 0.0000
-305.6133 0.0000
-305.1625 0.0000
-304.8172 0.0000
-304.4843 0.0000
-304.9402 0.0000
-305.2725 0.0000
-305.2200 0.0000
-304.5031 0.0000
-304.9442 0.0000
-305.2867 0.0000
-305.0136 0.0000
-305.8632 0.0000
-305.6042 0.0000
-304.0873 0.0000
-304.8499 0.0000
-305.2377 0.0000
-305.4888 0.0000
-305.6713 0.0000
-304.9195 0.0000
-305.6254 0.0000
-305.1788 0.0000
-305.3001 0.0000
-305.2258 0.0000
-304.8389 0.0000
-306.3414 0.0000
-304.5088 0.0000
-305.0879 0.0000
-304.8128 0.0000
-305.3707 0.0000
-305.3218 0.0000
-304.4909 0.0000
-304.6060 0.0000
-306.0385 0.0000
-305.1255 0.0000
-305.7618 0.0000
-305.8188 0.0000
-305.5069 0.0000
-304.6883 0.0000
-304.6672 0.0000
-305.5180 0.0000
-305.2744 0.0000
-305.9176 0.0000
-304.7166 0.0000
-304.3674 0.0000
-304.5200 0.0000
-306.0141 0.0000
-305.5938 0.0000
-305.9407 0.0000
-305.4387 0.0000
-306.2181 0.0000
-305.0255 0.0000
-305.9629 0.0000
-304.9832 0.0000
-305.8739 0.0000
-304.4322 0.0000
-305.7409 0.0000
-304.8057 0.0000
-304.5622 0.0000
-305.4267 0.0000
-304.5943 0.0000
-305.0945 0.0000
-306.2267 0.0000
-304.8342 0.0000
-305.0935 0.0000
-305.0518 0.0000
-304.8184 0.0000
-305.6824 0.0000
-305.2681 0.0000
-305.3049 0.0000
-305.0264 0.0000
-306.0642 0.0000
-305.5955 0.0000
-305.2403 0.0000
-303.8406 0.0000
-304.9079 0.0000
-304.5713 0.0000
-304.6099 0.0000
-305.7347 0.0000
-304.4973 0.0000
-304.7418 0.0000
-305.5892 0.0000
-304.7087 0.0000
-305.7902 0.0000
-304.5410 0.0000
-305.7571 0.0000
-305.8721 0.0000
-304.9749 0.0000
-305.4622 0.0000
-304.5612 0.0000
-304.6409 0.0000
-305.6762 0.0000
-305.0231 0.0000
-304.5450 0.0000
-306.2429 0.0000
-305.0237 0.0000
-304.9109 0.0000
-305.4754 0.0000
-305.2496 0.0000
-305.5689 0.0000
-305.4840 0.0000
-304.7438 0.0000
-305.0850 0.0000
-306.0644 0.0000
-305.1977 0.0000
-305.0397 0.0000
-305.6837 0.0000
-304.7158 0.0000
-305.6804 0.0000
-305.0869 0.0000
-304.8115 0.0000
-304.5840 0.0000
-305.4835 0.0000
-305.3423 0.0000
-305.2179 0.0000
-305.7563 0.0000
-305.2770 0.0000
-304.5971 0.0000
-304.9427 0.0000
-305.5847 0.0000
-305.6429 0.0000
-306.5806 0.0000
-305.3673 0.0000
-304.8100 0.0000
-305.8729 0.0000
-305.2654 0.0000
-304.8738 0.0000
-305.0766 0.0000
-304.5797 0.0000
-304.4887 0.0000
-304.8312 0.0000
-304.5649 0.0000
-305.6914 0.0000
-305.0654 0.0000
-304.9020 0.0000
-305.5220 0.0000
-305.4532 0.0000
-304.6065 0.0000
-304.8743 0.0000
-305.5411 0.0000
-305.0527 0.0000
-305.4862 0.0000
-304.9918 0.0000
-304.9863 0.0000
-304.5955 0.0000
-304.8741 0.0000
-304.1680 0.0000
-305.7351 0.0000
-306.3741 0.0000
-305.0988 0.0000
-304.8260 0.0000
-306.0234 0.0000
-305.1912 0.0000
-305.0372 0.0000
-305.8434 0.0000
-304.9080 0.0000
-305.6046 0.0000
-306.0833 0.0000
-304.9921 0.0000
-304.8787 0.0000
-305.7426 0.0000
-304.0647 0.0000
-304.4529 0.0000
-306.5677 0.0000
-305.6318 0.0000
-304.2638 0.0000
-305.0519 0.0000
-305.1548 0.0000
-304.9953 0.0000
-305.1660 0.0000
-305.2757 0.0000
-304.2348 0.0000
-305.4643 0.0000
-304.9888 0.0000
-304.5545 0.0000
-304.8526 0.0000
-304.3068 0.0000
-305.0437 0.0000
-305.3480 0.0000
-305.5053 0.0000
-304.5580 0.0000
-304.9012 0.0000
-305.1681 0.0000
-304.6937 0.0000
-304.9269 0.0000
-305.2937 0.0000
-304.6901 0.0000
-304.6257 0.0000
-305.1127 0.0000
-304.5259 0.0000
-305.8418 0.0000
-304.1917 0.0000
-305.4006 0.0000
-304.7376 0.0000
-305.0797 0.0000
-305.2827 0.0000
-305.9154 0.0000
-304.5629 0.0000
-304.7132 0.0000
-304.6712 0.0000
-305.0918 0.0000
-304.9317 0.0000
-304.8731 0.0000
-305.3340 0.0000
-305.0806 0.0000
-305.1840 0.0000
-305.5897 0.0000
-304.9971 0.0000
-304.8540 0.0000
-305.1721 0.0000
-305.3951 0.0000
-305.7373 0.0000
-305.4407 0.0000
-305.0955 0.0000
-305.2201 0.0000
-305.9609 0.0000
-305.3601 0.0000
-305.2185 0.0000
-305.7608 0.0000
-306.0650 0.0000
-305.3278 0.0000
-304.2469 0.0000
-305.8300 0.0000
-305.2422 0.0000
-304.4152 0.0000
-305.1095 0.0000
-305.3344 0.0000
-303.5076 0.0000
-305.7644 0.0000
-304.4144 0.0000
-305.6868 0.0000
-304.3038 0.0000
-304.8909 0.0000
-305.4457 0.0000
-305.8717 0.0000
-303.6456 0.0000
-305.7222 0.0000
-305.1191 0.0000
-305.7871 0.0000
-304.8486 0.0000
-305.5266 0.0000
-305.2568 0.0000
-304.9166 0.0000
-304.4553 0.0000
-304.7702 0.0000
-306.0132 0.0000
-304.2515 0.0000
-304.6832 0.0000
-305.0630 0.0000
-304.9120 0.0000
-305.3961 0.0000
-304.5901 0.0000
-305.4903 0.0000
-305.2845 0.0000
-305.2389 0.0000
-305.0197 0.0000
-305.9504 0.0000
-306.1803 0.0000
-305.1183 0.0000
-304.6457 0.0000
-304.9656 0.0000
-304.7598 0.0000
-304.5527 0.0000
-304.3878 0.0000
-304.9769 0.0000
-304.6916 0.0000
-304.3031 0.0000
-305.3669 0.0000
-304.8538 0.0000
-305.0327 0.0000
-305.2876 0.0000
-305.5095 0.0000
-305.5995 0.0000
-305.9952 0.0000
-305.3734 0.0000
-305.3531 0.0000
-304.8377 0.0000
-305.2825 0.0000
-304.9013 0.0000
-305.4380 0.0000
-305.6242 0.0000
-304.0271 0.0000
-305.1207 0.0000
-305.6457 0.0000
-305.6896 0.0000
-305.7025 0.0000
-305.4537 0.0000
-304.6596 0.0000
-306.2425 0.0000
-304.9924 0.0000
-304.4231 0.0000
-304.9720 0.0000
-305.3082 0.0000
-306.0632 0.0000
-304.8765 0.0000
-304.8611 0.0000
-304.6861 0.0000
-304.0027 0.0000
-304.8759 0.0000
-305.4453 0.0000
-304.7381 0.0000
-305.6288 0.0000
-304.8116 0.0000
-304.8937 0.0000
-304.8339 0.0000
-305.7506 0.0000
-304.3788 0.0000
-304.5426 0.0000
-305.5638 0.0000
-304.7527 0.0000
-305.2577 0.0000
-304.8514 0.0000
-305.9335 0.0000
-304.8313 0.0000
-305.4544 0.0000
-306.1261 0.0000
-305.5558 0.0000
-305.5420 0.0000
-304.9421 0.0000
-305.4578 0.0000
-304.9302 0.0000
-305.5093 0.0000
-304.7441 0.0000
-305.3599 0.0000
-306.6575 0.0000
-304.8616 0.0000
-305.7281 0.0000
-304.9019 0.0000
-304.7392 0.0000
-304.8031 0.0000
-305.3920 0.0000
-305.9841 0.0000
-305.2877 0.0000
-305.1014 0.0000
-304.9309 0.0000
-305.1591 0.0000
-304.5839 0.0000
-303.9829 0.0000
-305.5598 0.0000
-304.5505 0.0000
-305.2057 0.0000
-305.6110 0.0000
-304.7563 0.0000
-304.5963 0.0000
-304.2339 0.0000
-304.7549 0.0000
-305.7108 0.0000
-304.4745 0.0000
-305.6440 0.0000
-305.1509 0.0000
-305.4909 0.0000
-305.4637 0.0000
-305.0049 0.0000
-306.0909 0.0000
-304.4481 0.0000
-304.4892 0.0000
-304.6347 0.0000
-305.2993 0.0000
-304.5401 0.0000
-304.6550 0.0000
-305.7925 0.0000
-305.8059 0.0000
-304.8897 0.0000
-304.3043 0.0000
-304.4154 0.0000
-304.1253 0.0000
-306.0138 0.0000
-305.0398 0.0000
-305.2913 0.0000
-305.3243 0.0000
-304.8592 0.0000
-304.3851 0.0000
-305.8423 0.0000
-305.1916 0.0000
-305.3154 0.0000
-305.7182 0.0000
-305.0301 0.0000
-304.7876 0.0000
-304.8737 0.0000
-304.2922 0.0000
-304.8342 0.0000
-305.4098 0.0000
-304.0302 0.0000
-304.9366 0.0000
-305.9632 0.0000
-305.5818 0.0000
-304.3640 0.0000
-305.8016 0.0000
-304.8915 0.0000
-305.2916 0.0000
-305.3318 0.0000
-304.6197 0.0000
-305.3239 0.0000
-305.5253 0.0000
-305.4341 0.0000
-304.7749 0.0000
-305.5242 0.0000
-305.0618 0.0000
-305.6171 0.0000
-306.1922 0.0000
-305.2767 0.0000
-306.1610 0.0000
-305.3233 0.0000
-304.4628 0.0000
-304.0671 0.0000
-303.9588 0.0000
-304.7682 0.0000
-305.1197 0.0000
-304.3452 0.0000
-305.4024 0.0000
-304.7139 0.0000
-305.6911 0.0000
-305.9720 0.0000
-305.3540 0.0000
-305.4930 0.0000
-305.2814 0.0000
-304.9991 0.0000
-304.5502 0.0000
-304.9801 0.0000
-306.0234 0.0000
-305.1711 0.0000
-305.0076 0.0000
-304.0459 0.0000
-305.2779 0.0000
-304.2935 0.0000
-305.3387 0.0000
-303.6358 0.0000
-304.6067 0.0000
-305.0058 0.0000
-305.4350 0.0000
-305.1382 0.0000
-305.5379 0.0000
-306.2412 0.0000
-305.3412 0.0000
-304.6254 0.0000
-305.2997 0.0000
-305.7801 0.0000
-304.4572 0.0000
-305.1440 0.0000
-305.7754 0.0000
-305.2946 0.0000
-304.7338 0.0000
-305.9930 0.0000
-304.4939 0.0000
-304.0081 0.0000
-305.1372 0.0000
-305.1268 0.0000
-305.7160 0.0000
-306.0003 0.0000
-305.0102 0.0000
-305.6383 0.0000
-305.3863 0.0000
-305.7419 0.0000
-305.4122 0.0000
-305.8574 0.0000
-305.3231 0.0000
-305.8395 0.0000
-305.3627 0.0000
-305.5758 0.0000
-305.3398 0.0000
-305.6674 0.0000
-304.8719 0.0000
-304.2483 0.0000
-305.1910 0.0000
-305.5755 0.0000
-304.9377 0.0000
-305.8865 0.0000
-304.6717 0.0000
-305.3847 0.0000
-305.3238 0.0000
-305.6722 0.0000
-305.6350 0.0000
-305.7020 0.0000
-305.1024 0.0000
-304.5322 0.0000
-304.7855 0.0000
-305.1920 0.0000
-305.6897 0.0000
-305.3653 0.0000
-305.7067 0.0000
-303.3307 0.0000
-305.3486 0.0000
-304.6669 0.0000
-305.8561 0.0000
-305.2426 0.0000
-305.8524 0.0000
-304.1163 0.0000
-304.9990 0.0000
-305.0710 0.0000
-304.3321 0.0000
-305.4898 0.0000
-304.3454 0.0000
-304.5881 0.0000
-305.4009 0.0000
-304.7595 0.0000
-305.9956 0.0000
-305.1580 0.0000
-304.8441 0.0000
-305.0121 0.0000
-305.1539 0.0000
-304.9722 0.0000
-304.6679 0.0000
-305.5025 0.0000
-304.8004 0.0000
-305.3737 0.0000
-304.4690 0.0000
-305.0707 0.0000
-303.9472 0.0000
-305.2987 0.0000
-305.0210 0.0000
-306.1454 0.0000
-305.7497 0.0000
-305.7455 0.0000
-304.2709 0.0000
-305.0584 0.0000
-305.4553 0.0000
-305.0282 0.0000
-305.4814 0.0000
-305.2366 0.0000
-304.8502 0.0000
-304.3903 0.0000
-305.8362 0.0000
-306.0702 0.0000
-304.3727 0.0000
-304.8653 0.0000
-304.7168 0.0000
-304.8817 0.0000
-304.9704 0.0000
-305.5383 0.0000
-305.4364 0.0000
-305.3853 0.0000
-304.8572 0.0000
-304.5273 0.0000
-305.7377 0.0000
-304.0809 0.0000
-305.7582 0.0000
-305.6404 0.0000
-305.1528 0.0000
-304.8735 0.0000
-304.1468 0.0000
-304.6582 0.0000
-305.2515 0.0000
-305.1582 0.0000
-306.1367 0.0000
-304.2640 0.0000
-305.5349 0.0000
-305.4548 0.0000
-305.2015 0.0000
-304.8504 0.0000
-304.9271 0.0000
-304.5279 0.0000
-305.2829 0.0000
-305.3246 0.0000
-305.0422 0.0000
-306.0888 0.0000
-304.8072 0.0000
-305.3089 0.0000
-304.4582 0.0000
-304.6793 0.0000
-305.3286 0.0000
-304.3911 0.0000
-304.6049 0.0000
-304.9750 0.0000
-305.1382 0.0000
-305.4802 0.0000
-304.9983 0.0000
-305.8392 0.0000
-304.6217 0.0000
-305.2515 0.0000
-305.3568 0.0000
-305.1624 0.0000
-304.7711 0.0000
-304.6141 0.0000
-305.4784 0.0000
-305.3692 0.0000
-305.2247 0.0000
-305.7769 0.0000
-305.0443 0.0000
-305.1836 0.0000
-304.6696 0.0000
-304.2785 0.0000
-304.9145 0.0000
-305.5096 0.0000
-304.8155 0.0000
-305.5914 0.0000
-305.6393 0.0000
-304.9625 0.0000
-305.5160 0.0000
-305.0311 0.0000
-304.8393 0.0000
-305.0662 0.0000
-304.8364 0.0000
-305.9273 0.0000
-304.6762 0.0000
-305.4854 0.0000
-305.2390 0.0000
-305.1287 0.0000
-304.7980 0.0000
-304.3984 0.0000
-304.7955 0.0000
-304.7966 0.0000
-304.7938 0.0000
-304.9403 0.0000
-305.4597 0.0000
-304.4921 0.0000
-305.1359 0.0000
-305.4924 0.0000
-305.7137 0.0000
-305.7135 0.0000
-306.2643 0.0000
-304.4920 0.0000
-305.0600 0.0000
-305.8867 0.0000
-305.3522 0.0000
-305.4581 0.0000
-304.5655 0.0000
-304.9201 0.0000
-305.5352 0.0000
-304.7446 0.0000
-304.7880 0.0000
-305.9558 0.0000
-303.8164 0.0000
-303.4722 0.0000
-305.0154 0.0000
-305.0146 0.0000
-304.8475 0.0000
-304.8323 0.0000
-305.5903 0.0000
-305.2435 0.0000
-304.8520 0.0000
-305.7069 0.0000
-304.6893 0.0000
-304.8953 0.0000
-305.7545 0.0000
-304.9746 0.0000
-304.5853 0.0000
-305.0248 0.0000
-305.5156 0.0000
-305.3316 0.0000
-305.3060 0.0000
-306.5005 0.0000
-306.0446 0.0000
-305.6435 0.0000
-305.7899 0.0000
-305.4332 0.0000
-305.5038 0.0000
-305.0923 0.0000
-306.0947 0.0000
-305.5210 0.0000
-304.8774 0.0000
-304.9993 0.0000
-304.9136 0.0000
-305.0954 0.0000
-305.3473 0.0000
-304.4466 0.0000
-303.8445 0.0000
-305.1386 0.0000
-304.9123 0.0000
-305.3645 0.0000
-304.9927 0.0000
-305.1148 0.0000
-305.3596 0.0000
-304.4644 0.0000
-305.9538 0.0000
-305.2267 0.0000
-305.4644 0.0000
-304.8900 0.0000
-305.1509 0.0000
-305.0465 0.0000
-305.0773 0.0000
-305.8913 0.0000
-305.1904 0.0000
-305.5739 0.0000
-305.7909 0.0000
-305.1833 0.0000
-305.3710 0.0000
-305.3536 0.0000
-305.0894 0.0000
-305.8080 0.0000
-304.4424 0.0000
-304.2887 0.0000
-304.8346 0.0000
-305.9365 0.0000
-304.9078 0.0000
-304.2055 0.0000
-305.2580 0.0000
-305.8351 0.0000
-303.8103 0.0000
-304.7819 0.0000
-304.3768 0.0000
-305.1582 0.0000
-304.9980 0.0000
-305.2396 0.0000
-304.9984 0.0000
-304.9377 0.0000
-305.5112 0.0000
-304.9293 0.0000
-304.1374 0.0000
-304.8485 0.0000
-305.4636 0.0000
-304.8739 0.0000
-304.1179 0.0000
-306.4843 0.0000
-306.0065 0.0000
-304.9741 0.0000
-304.9974 0.0000
-305.3594 0.0000
-305.7536 0.0000
-304.3568 0.0000
-305.0958 0.0000
-304.5274 0.0000
-304.3550 0.0000
-303.8267 0.0000
-305.5700 0.0000
-305.6576 0.0000
-305.2905 0.0000
-305.2644 0.0000
-305.1163 0.0000
-304.5721 0.0000
-306.2404 0.0000
-303.8572 0.0000
-305.1682 0.0000
-304.3953 0.0000
-305.1988 0.0000
-304.1886 0.0000
-305.3324 0.0000
-304.8099 0.0000
-305.1526 0.0000
-305.5091 0.0000
-304.4219 0.0000
-304.6404 0.0000
-304.9007 0.0000
-304.9429 0.0000
-305.0546 0.0000
-305.4721 0.0000
-304.9007 0.0000
-305.4984 0.0000
-305.7373 0.0000
-305.3652 0.0000
-304.9481 0.0000
-306.0109 0.0000
-305.5351 0.0000
-304.9910 0.0000
-305.6477 0.0000
-305.3942 0.0000
-304.6201 0.0000
-304.5549 0.0000
-304.5659 0.0000
-304.6279 0.0000
-305.7785 0.0000
-305.0358 0.0000
-304.9512 0.0000
-305.3295 0.0000
-305.0533 0.0000
-305.9785 0.0000
-305.5646 0.0000
-305.9758 0.0000
-305.8928 0.0000
-305.5272 0.0000
-304.5902 0.0000
-304.6406 0.0000
-305.5438 0.0000
-305.1168 0.0000
-305.9696 0.0000
-304.9771 0.0000
-305.8621 0.0000
-304.8597 0.0000
-304.8853 0.0000
-305.5941 0.0000
-305.1062 0.0000
-304.9810 0.0000
-304.8587 0.0000
-305.9640 0.0000
-304.5802 0.0000
-305.1056 0.0000
-303.9955 0.0000
-304.7644 0.0000
-305.5027 0.0000
-304.6416 0.0000
-305.7132 0.0000
-305.7253 0.0000
-304.2510 0.0000
-305.3419 0.0000
-304.3508 0.0000
-306.2083 0.0000
-305.3672 0.0000
-304.5729 0.0000
-304.3169 0.0000
-305.1994 0.0000
-304.4933 0.0000
-305.4312 0.0000
-304.9781 0.0000
-305.3315 0.0000
-304.4698 0.0000
-304.6525 0.0000
-305.8032 0.0000
-305.2189 0.0000
-304.8394 0.0000
-305.9422 0.0000
-305.2446 0.0000
-304.8088 0.0000
-305.6758 0.0000
-305.4653 0.0000
-305.5774 0.0000
-304.9880 0.0000
-305.6009 0.0000
-305.2731 0.0000
-305.0160 0.0000
-305.5793 0.0000
-305.2690 0.0000
-305.2265 0.0000
-305.3525 0.0000
-306.5461 0.0000
-305.2374 0.0000
-305.3271 0.0000
-304.9784 0.0000
-305.0039 0.0000
-305.4967 0.0000
-305.9906 0.0000
-305.2041 0.0000
-305.3265 0.0000
-304.9965 0.0000
-305.6234 0.0000
-305.4877 0.0000
-304.2592 0.0000
-304.9381 0.0000
-304.9600 0.0000
-305.4805 0.0000
-305.2908 0.0000
-304.9873 0.0000
-304.4165 0.0000
-304.6624 0.0000
-305.4472 0.0000
-306.0201 0.0000
-304.8222 0.0000
-305.7274 0.0000
-304.6084 0.0000
-304.8216 0.0000
-305.7371 0.0000
-306.2654 0.0000
-306.3097 0.0000
-306.2257 0.0000
-304.7837 0.0000
-305.2940 0.0000
-305.5992 0.0000
-305.6491 0.0000
-305.2338 0.0000
-305.1622 0.0000
-304.5686 0.0000
-304.8849 0.0000
-305.1814 0.0000
-305.8339 0.0000
-305.0506 0.0000
-304.8938 0.0000
-304.5258 0.0000
-304.9550 0.0000
-304.5613 0.0000
-305.3080 0.0000
-305.2491 0.0000
-304.6786 0.0000
-304.4445 0.0000
-306.0619 0.0000
-305.3509 0.0000
-304.8571 0.0000
-305.5934 0.0000
-304.9434 0.0000
-304.3493 0.0000
-305.3081 0.0000
-305.4455 0.0000
-305.6833 0.0000
-304.5972 0.0000
-305.4790 0.0000
-305.0704 0.0000
-306.0365 0.0000
-305.7662 0.0000
-304.4429 0.0000
-306.0042 0.0000
-305.0169 0.0000
-304.2660 0.0000
-304.6612 0.0000
-305.9320 0.0000
-305.2499 0.0000
-305.3506 0.0000
-305.6161 0.0000
-305.5543 0.0000
-305.8735 0.0000
-304.3872 0.0000
-305.2572 0.0000
-304.6559 0.0000
-304.9875 0.0000
-304.8906 0.0000
-304.9869 0.0000
-303.9975 0.0000
-305.2039 0.0000
-304.7365 0.0000
-305.2959 0.0000
-306.0392 0.0000
-305.2670 0.0000
-304.5187 0.0000
-305.4719 0.0000
-305.0489 0.0000
-305.5204 0.0000
-304.9247 0.0000
-306.0820 0.0000
-305.2860 0.0000
-304.6916 0.0000
-304.0426 0.0000
-306.3184 0.0000
-305.6177 0.0000
-305.2970 0.0000
-304.2690 0.0000
-305.5573 0.0000
-305.0660 0.0000
-306.1104 0.0000
-304.6097 0.0000
-305.4362 0.0000
-305.8481 0.0000
-306.0582 0.0000
-305.0590 0.0000
-304.7746 0.0000
-305.6030 0.0000
-305.9120 0.0000
-305.0332 0.0000
-304.6787 0.0000
-305.1894 0.0000
-304.8074 0.0000
-306.0326 0.0000
-305.3849 0.0000
-305.5381 0.0000
-305.4307 0.0000
-304.5109 0.0000
-304.1611 0.0000
-304.6317 0.0000
-305.0357 0.0000
-305.2067 0.0000
-305.3507 0.0000
-305.3259 0.0000
-304.0544 0.0000
-305.0616 0.0000
-305.4844 0.0000
-305.2756 0.0000
-305.1740 0.0000
-305.2140 0.0000
-305.0090 0.0000
-305.2986 0.0000
-305.3276 0.0000
-304.9505 0.0000
-304.7324 0.0000
-305.6519 0.0000
-305.3508 0.0000
-305.8042 0.0000
-305.4095 0.0000
-305.1451 0.0000
-304.4299 0.0000
-305.4009 0.0000
-305.1055 0.0000
-305.2371 0.0000
-303.9466 0.0000
-305.1810 0.0000
-305.9596 0.0000
-306.4419 0.0000
-305.6937 0.0000
-305.1714 0.0000
-305.0226 0.0000
-305.0246 0.0000
-304.9645 0.0000
-305.6420 0.0000
-304.7921 0.0000
-305.3452 0.0000
-304.2160 0.0000
-305.0629 0.0000
-304.4011 0.0000
-304.8556 0.0000
-305.6768 0.0000
-305.1145 0.0000
-305.1079 0.0000
-305.4982 0.0000
-305.6541 0.0000
-304.3521 0.0000
-304.4374 0.0000
-304.8795 0.0000
-305.6463 0.0000
-305.3949 0.0000
-304.8222 0.0000
-304.8223 0.0000
-305.8395 0.0000
-304.6231 0.0000
-305.9285 0.0000
-305.2625 0.0000
-305.7887 0.0000
-305.0889 0.0000
-305.0438 0.0000
-305.7544 0.0000
-305.1769 0.0000
-304.4403 0.0000
-305.1692 0.0000
-305.1498 0.0000
-303.9054 0.0000
-304.7482 0.0000
-305.2456 0.0000
-304.9700 0.0000
-305.5250 0.0000
-304.3536 0.0000
-304.3528 0.0000
-305.1996 0.0000
-305.3574 0.0000
-305.6916 0.0000
-305.0655 0.0000
-305.9484 0.0000
-305.3563 0.0000
-305.1204 0.0000
-305.2023 0.0000
-304.4338 0.0000
-304.5513 0.0000
-305.9863 0.0000
-305.4349 0.0000
-305.8256 0.0000
-304.9299 0.0000
-305.3443 0.0000
-304.4069 0.0000
-304.4928 0.0000
-305.6424 0.0000
-305.8573 0.0000
-305.9608 0.0000
-305.4282 0.0000
-305.4471 0.0000
-304.7576 0.0000
-304.3751 0.0000
-304.2373 0.0000
-305.0872 0.0000
-304.9246 0.0000
-304.8389 0.0000
-305.2125 0.0000
-304.6593 0.0000
-305.6610 0.0000
-305.2565 0.0000
-305.6527 0.0000
-304.1710 0.0000
-306.0693 0.0000
-304.0343 0.0000
-305.4638 0.0000
-305.1288 0.0000
-305.5914 0.0000
-305.6399 0.0000
-305.6179 0.0000
-304.5650 0.0000
-305.5400 0.0000
-304.8605 0.0000
-305.0955 0.0000
-305.7455 0.0000
-305.3937 0.0000
-305.3114 0.0000
-305.3881 0.0000
-305.6998 0.0000
-305.3639 0.0000
-304.9080 0.0000
-305.9870 0.0000
-304.8079 0.0000
-305.6239 0.0000
-305.5299 0.0000
-305.3282 0.0000
-305.2008 0.0000
-304.7423 0.0000
-304.1911 0.0000
-304.9647 0.0000
-304.7885 0.0000
-304.8509 0.0000
-304.7262 0.0000
-305.3832 0.0000
-304.8214 0.0000
-305.3526 0.0000
-306.2256 0.0000
-305.6287 0.0000
-305.0196 0.0000
-304.9924 0.0000
-305.7968 0.0000
-305.3829 0.0000
-304.7477 0.0000
-304.5107 0.0000
-305.1348 0.0000
-305.0380 0.0000
-304.7385 0.0000
-303.9025 0.0000
-304.4692 0.0000
-304.9777 0.0000
-304.3417 0.0000
-305.2519 0.0000
-305.1601 0.0000
-305.9137 0.0000
-305.3248 0.0000
-304.6697 0.0000
-304.8205 0.0000
-305.4010 0.0000
-305.5870 0.0000
-305.8623 0.0000
-305.0334 0.0000
-305.4104 0.0000
-305.5533 0.0000
-305.8959 0.0000
-304.5988 0.0000
-305.8483 0.0000
-305.5435 0.0000
-305.2134 0.0000
-305.3895 0.0000
-304.4947 0.0000
-305.0993 0.0000
-305.5566 0.0000
-304.8940 0.0000
-306.1054 0.0000
-305.2042 0.0000
-304.8738 0.0000
-304.6565 0.0000
-304.3497 0.0000
-305.6492 0.0000
-305.2704 0.0000
-305.7779 0.0000
-304.7679 0.0000
-305.6726 0.0000
-306.2308 0.0000
-304.4379 0.0000
-304.2641 0.0000
-305.4711 0.0000
-306.5045 0.0000
-306.1065 0.0000
-304.7531 0.0000
-305.2102 0.0000
-305.0965 0.0000
-304.7187 0.0000
-305.0742 0.0000
-305.3282 0.0000
-305.2924 0.0000
-305.5592 0.0000
-304.5164 0.0000
-305.5232 0.0000
-306.3138 0.0000
-304.6106 0.0000
-304.6277 0.0000
-305.7785 0.0000
-305.4045 0.0000
-304.1856 0.0000
-305.0688 0.0000
-305.8175 0.0000
-304.6620 0.0000
-304.5510 0.0000
-305.8671 0.0000
-304.9828 0.0000
-305.3949 0.0000
-304.9249 0.0000
-305.3206 0.0000
-305.0617 0.0000
-305.8843 0.0000
-305.3630 0.0000
-304.6916 0.0000
-305.9146 0.0000
-305.0898 0.0000
-305.5288 0.0000
-305.5163 0.0000
-305.5588 0.0000
-305.4006 0.0000
-305.3808 0.0000
-304.8708 0.0000
-304.9496 0.0000
-305.0932 0.0000
-304.7071 0.0000
-305.3996 0.0000
-304.5640 0.0000
-304.7539 0.0000
-305.8336 0.0000
-304.6558 0.0000
-305.9349 0.0000
-305.6645 0.0000
-305.1889 0.0000
-305.5939 0.0000
-305.4875 0.0000
-304.8891 0.0000
-305.3144 0.0000
-306.1000 0.0000
-305.0555 0.0000
-305.3428 0.0000
-304.1186 0.0000
-304.5793 0.0000
-304.6126 0.0000
-305.0104 0.0000
-305.4425 0.0000
-305.1621 0.0000
-305.9981 0.0000
-304.7764 0.0000
-305.0827 0.0000
-304.7822 0.0000
-305.8673 0.0000
-304.7466 0.0000
-304.7359 0.0000
-305.3447 0.0000
-305.2180 0.0000
-303.9970 0.0000
-305.3488 0.0000
-305.0409 0.0000
-305.0433 0.0000
-304.6681 0.0000
-305.0352 0.0000
-305.6872 0.0000
-305.6010 0.0000
-304.7724 0.0000
-304.6932 0.0000
-304.9224 0.0000
-304.6201 0.0000
-305.8956 0.0000
-305.3300 0.0000
-304.9087 0.0000
-304.4543 0.0000
-305.3579 0.0000
-304.9883 0.0000
-305.4464 0.0000
-305.5437 0.0000
-305.4717 0.0000
-306.0083 0.0000
-305.6409 0.0000
-305.6973 0.0000
-304.7744 0.0000
-305.2095 0.0000
-305.1145 0.0000
-305.3276 0.0000
-304.8039 0.0000
-305.8312 0.0000
-304.2631 0.0000
-306.2395 0.0000
-305.1221 0.0000
-303.8951 0.0000
-305.4740 0.0000
-305.0852 0.0000
-304.2948 0.0000
-305.1666 0.0000
-304.8587 0.0000
-304.7356 0.0000
-305.0677 0.0000
-304.6530 0.0000
-304.5601 0.0000
-304.6640 0.0000
-305.0854 0.0000
-304.4819 0.0000
-305.1596 0.0000
-305.3219 0.0000
-303.8821 0.0000
-304.7587 0.0000
-305.0802 0.0000
-304.9134 0.0000
-305.7272 0.0000
-304.7577 0.0000
-304.6061 0.0000
-305.4371 0.0000
-304.6216 0.0000
-305.7920 0.0000
-305.4391 0.0000
-305.0232 0.0000
-304.5610 0.0000
-306.0538 0.0000
-305.8309 0.0000
-306.1702 0.0000
-304.5565 0.0000
-305.3218 0.0000
-304.8810 0.0000
-304.9832 0.0000
-304.9533 0.0000
-304.9453 0.0000
-304.2069 0.0000
-305.1449 0.0000
-304.9260 0.0000
-306.6763 0.0000
-305.4231 0.0000
-304.6578 0.0000
-304.3968 0.0000
-304.7661 0.0000
-305.0194 0.0000
-306.1878 0.0000
-305.8706 0.0000
-303.8136 0.0000
-305.1751 0.0000
-305.3991 0.0000
-305.7356 0.0000
-305.1573 0.0000
-305.1864 0.0000
-305.0868 0.0000
-305.6921 0.0000
-304.6333 0.0000
-305.5840 0.0000
-304.5261 0.0000
-304.4856 0.0000
-305.4750 0.0000
-305.1917 0.0000
-305.2230 0.0000
-305.2183 0.0000
-305.1341 0.0000
-304.7730 0.0000
-305.4675 0.0000
-305.5445 0.0000
-304.7666 0.0000
-305.0145 0.0000
-304.9722 0.0000
-304.8133 0.0000
-305.1887 0.0000
-304.9588 0.0000
-304.7557 0.0000
-305.8903 0.0000
-304.6336 0.0000
-305.5767 0.0000
-303.7433 0.0000
-305.1975 0.0000
-305.6054 0.0000
-305.4414 0.0000
-306.0564 0.0000
-305.4169 0.0000
-305.8800 0.0000
-304.8871 0.0000
-305.9044 0.0000
-306.4424 0.0000
-306.1711 0.0000
-305.2444 0.0000
-305.1086 0.0000
-305.4050 0.0000
-304.6501 0.0000
-305.0798 0.0000
-304.5288 0.0000
-304.7223 0.0000
-305.7570 0.0000
-305.4968 0.0000
-305.2840 0.0000
-304.7024 0.0000
-305.7219 0.0000
-305.1387 0.0000
-304.4931 0.0000
-305.1354 0.0000
-305.7030 0.0000
-305.5131 0.0000
-305.1802 0.0000
-304.5028 0.0000
-305.4295 0.0000
-305.7222 0.0000
-305.2840 0.0000
-305.5703 0.0000
-306.1644 0.0000
-303.6304 0.0000
-304.5956 0.0000
-305.0937 0.0000
-306.3757 0.0000
-305.0327 0.0000
-305.1806 0.0000
-305.5285 0.0000
-305.1383 0.0000
-306.1361 0.0000
-306.1586 0.0000
-305.8476 0.0000
-305.0026 0.0000
-304.3205 0.0000
-306.5033 0.0000
-303.8327 0.0000
-305.7513 0.0000
-305.5028 0.0000
-305.2951 0.0000
-304.4353 0.0000
-304.7625 0.0000
-304.4593 0.0000
-305.7566 0.0000
-303.8306 0.0000
-305.4387 0.0000
-305.0793 0.0000
-305.0460 0.0000
-305.3931 0.0000
-304.4191 0.0000
-304.6869 0.0000
-304.6013 0.0000
-304.5727 0.0000
-305.0173 0.0000
-305.0249 0.0000
-304.5253 0.0000
-304.8764 0.0000
-304.7610 0.0000
-305.7296 0.0000
-305.8933 0.0000
-306.1014 0.0000
-304.4720 0.0000
-304.9852 0.0000
-305.1791 0.0000
-305.9983 0.0000
-306.1056 0.0000
-305.0993 0.0000
-305.0878 0.0000
-304.3803 0.0000
-304.4236 0.0000
-304.7361 0.0000
-304.4114 0.0000
-304.8563 0.0000
-304.8208 0.0000
-305.4864 0.0000
-305.0976 0.0000
-305.5708 0.0000
-304.6411 0.0000
