-100.0000 -100.0000
-324.3049 0.0000
-323.6617 0.0000
-324.3413 0.0000
-325.3828 0.0000
-324.8864 0.0000
-326.0046 0.0000
-326.0117 0.0000
-325.7415 0.0000
-325.8775 0.0000
-326.3553 0.0000
-325.7236 0.0000
-326.9116 0.0000
-325.7809 0.0000
-326.3905 0.0000
-326.3194 0.0000
-326.4145 0.0000
-325.9458 0.0000
-325.3009 0.0000
-326.6860 0.0000
-327.2129 0.0000
-328.5810 0.0000
-328.5567 0.0000
-328.9050 0.0000
-328.4032 0.0000
-329.3380 0.0000
-328.1735 0.0000
-328.1024 0.0000
-330.3610 0.0000
-328.1907 0.0000
-329.0389 0.0000
-329.3656 0.0000
-329.1103 0.0000
-326.8958 0.0000
-327.4784 0.0000
-327.2689 0.0000
-327.0683 0.0000
-328.1427 0.0000
-329.6473 0.0000
-329.5343 0.0000
-327.9391 0.0000
-326.4913 0.0000
-327.7339 0.0000
-325.6632 0.0000
-325.7894 0.0000
-327.4125 0.0000
-326.5929 0.0000
-326.5558 0.0000
-325.9311 0.0000
-324.8549 0.0000
-324.6537 0.0000
-324.7961 0.0000
-324.0948 0.0000
-323.2526 0.0000
-323.4495 0.0000
-323.6585 0.0000
-324.0648 0.0000
-323.2611 0.0000
-323.6693 0.0000
-323.9166 0.0000
-324.6747 0.0000
-323.7212 0.0000
-323.1884 0.0000
-323.9889 0.0000
-323.0118 0.0000
-323.2312 0.0000
-323.5283 0.0000
-323.8444 0.0000
-324.8603 0.0000
-324.4555 0.0000
-325.6731 0.0000
-324.5675 0.0000
-324.8725 0.0000
-325.8525 0.0000
-324.9118 0.0000
-324.2325 0.0000
-325.5516 0.0000
-324.9562 0.0000
-325.9260 0.0000
-325.5500 0.0000
-325.1966 0.0000
-324.8344 0.0000
-325.1582 0.0000
-325.8852 0.0000
-324.5555 0.0000
-324.3703 0.0000
-324.4983 0.0000
-324.1302 0.0000
-324.2200 0.0000
-323.5229 0.0000
-323.3222 0.0000
-324.3347 0.0000
-324.4796 0.0000
-325.4502 0.0000
-325.0130 0.0000
-324.9542 0.0000
-324.4827 0.0000
-324.6881 0.0000
-324.3017 0.0000
-323.7116 0.0000
-324.4472 0.0000
-325.0516 0.0000
-324.2796 0.0000
-323.9917 0.0000
-324.0583 0.0000
-322.8308 0.0000
-323.0418 0.0000
-322.7635 0.0000
-321.5853 0.0000
-322.6100 0.0000
-321.4992 0.0000
-321.0018 0.0000
-321.0932 0.0000
-321.2903 0.0000
-320.5298 0.0000
-321.6688 0.0000
-320.6879 0.0000
-321.4986 0.0000
-321.3422 0.0000
-322.0294 0.0000
-321.1505 0.0000
-321.1865 0.0000
-320.1065 0.0000
-320.6695 0.0000
-320.7322 0.0000
-320.7279 0.0000
-320.5718 0.0000
-320.7507 0.0000
-320.7386 0.0000
-321.0498 0.0000
-321.0593 0.0000
-320.6344 0.0000
-321.0555 0.0000
-321.5392 0.0000
-321.8641 0.0000
-321.8838 0.0000
-321.3453 0.0000
-320.7012 0.0000
-320.5350 0.0000
-319.8617 0.0000
-320.3053 0.0000
-320.3564 0.0000
-321.6214 0.0000
-321.6769 0.0000
-321.8354 0.0000
-321.7135 0.0000
-322.6541 0.0000
-321.5619 0.0000
-321.9500 0.0000
-321.3989 0.0000
-320.7450 0.0000
-319.6092 0.0000
-319.5057 0.0000
-320.5407 0.0000
-318.6070 0.0000
-318.9934 0.0000
-318.5072 0.0000
-318.9569 0.0000
-318.8879 0.0000
-319.1313 0.0000
-319.5785 0.0000
-318.8953 0.0000
-319.0891 0.0000
-319.0853 0.0000
-318.1438 0.0000
-317.2434 0.0000
-316.3485 0.0000
-315.9294 0.0000
-316.1149 0.0000
-315.5166 0.0000
-314.6719 0.0000
-315.3733 0.0000
-315.2656 0.0000
-314.8168 0.0000
-315.1039 0.0000
-316.1703 0.0000
-316.0882 0.0000
-315.7244 0.0000
-316.1103 0.0000
-314.7902 0.0000
-314.5551 0.0000
-314.5209 0.0000
-314.8206 0.0000
-315.5554 0.0000
-314.2617 0.0000
-315.2353 0.0000
-314.7971 0.0000
-315.3104 0.0000
-314.9451 0.0000
-315.2156 0.0000
-315.6406 0.0000
-314.6629 0.0000
-313.4917 0.0000
-314.0394 0.0000
-314.4347 0.0000
-314.1988 0.0000
-314.1354 0.0000
-314.9689 0.0000
-313.7224 0.0000
-314.0896 0.0000
-314.2684 0.0000
-314.3141 0.0000
-314.4808 0.0000
-313.2487 0.0000
-313.4654 0.0000
-314.8163 0.0000
-313.8721 0.0000
-314.3268 0.0000
-314.2973 0.0000
-314.0720 0.0000
-312.8733 0.0000
-314.0042 0.0000
-314.8210 0.0000
-315.5783 0.0000
-314.6707 0.0000
-314.8631 0.0000
-314.9263 0.0000
-315.7444 0.0000
-315.9706 0.0000
-315.5222 0.0000
-315.5074 0.0000
-315.5614 0.0000
-315.3304 0.0000
-314.8222 0.0000
-314.9726 0.0000
-315.1348 0.0000
-314.7046 0.0000
-314.9186 0.0000
-315.5265 0.0000
-315.2741 0.0000
-314.3341 0.0000
-313.7089 0.0000
-312.9981 0.0000
-312.5181 0.0000
-312.9021 0.0000
-313.5216 0.0000
-313.7782 0.0000
-313.8297 0.0000
-313.6398 0.0000
-313.8877 0.0000
-313.1949 0.0000
-313.7841 0.0000
-313.1525 0.0000
-312.3974 0.0000
-312.3691 0.0000
-311.9850 0.0000
-310.6316 0.0000
-311.1198 0.0000
-311.5433 0.0000
-310.8086 0.0000
-310.5198 0.0000
-310.3480 0.0000
-310.7809 0.0000
-310.3205 0.0000
-309.8232 0.0000
-309.8123 0.0000
-309.6666 0.0000
-310.2335 0.0000
-310.0130 0.0000
-310.3175 0.0000
-310.5805 0.0000
-310.5212 0.0000
-311.2577 0.0000
-310.0236 0.0000
-309.8611 0.0000
-310.1735 0.0000
-311.0451 0.0000
-311.4644 0.0000
-311.4228 0.0000
-312.0416 0.0000
-312.8371 0.0000
-313.4322 0.0000
-311.8304 0.0000
-312.4330 0.0000
-313.7113 0.0000
-310.7569 0.0000
-311.4055 0.0000
-310.1794 0.0000
-310.1017 0.0000
-310.7582 0.0000
-310.3453 0.0000
-309.6098 0.0000
-309.4016 0.0000
-309.2417 0.0000
-309.2346 0.0000
-309.1965 0.0000
-309.5188 0.0000
-309.1691 0.0000
-308.0005 0.0000
-308.3507 0.0000
-308.5129 0.0000
-309.2719 0.0000
-308.4899 0.0000
-308.4380 0.0000
-307.7383 0.0000
-307.4898 0.0000
-307.9270 0.0000
-306.8868 0.0000
-306.7562 0.0000
-308.0371 0.0000
-307.1852 0.0000
-307.3908 0.0000
-306.9784 0.0000
-306.5168 0.0000
-305.2090 0.0000
-305.0383 0.0000
-305.4432 0.0000
-305.7187 0.0000
-305.6630 0.0000
-306.1067 0.0000
-306.4090 0.0000
-306.2834 0.0000
-305.4847 0.0000
-304.9569 0.0000
-305.1567 0.0000
-304.7346 0.0000
-304.3241 0.0000
-303.9671 0.0000
-304.5785 0.0000
-304.1261 0.0000
-304.0997 0.0000
-304.5829 0.0000
-303.4286 0.0000
-303.4589 0.0000
-302.8014 0.0000
-302.9219 0.0000
-303.1740 0.0000
-303.5684 0.0000
-302.8563 0.0000
-303.0226 0.0000
-301.8470 0.0000
-302.3968 0.0000
-302.5622 0.0000
-303.2338 0.0000
-302.8737 0.0000
-303.1736 0.0000
-302.8060 0.0000
-302.7286 0.0000
-302.6850 0.0000
-301.9310 0.0000
-301.9295 0.0000
-302.9071 0.0000
-303.2405 0.0000
-302.9625 0.0000
-303.2517 0.0000
-303.1252 0.0000
-303.0907 0.0000
-302.8314 0.0000
-302.9362 0.0000
-303.1745 0.0000
-302.6763 0.0000
-303.0029 0.0000
-302.0303 0.0000
-302.0967 0.0000
-301.6784 0.0000
-303.2238 0.0000
-301.6592 0.0000
-301.1151 0.0000
-301.5348 0.0000
-301.5226 0.0000
-301.3893 0.0000
-302.3734 0.0000
-302.9433 0.0000
-302.5453 0.0000
-302.2126 0.0000
-302.7478 0.0000
-302.5536 0.0000
-302.6166 0.0000
-302.4614 0.0000
-302.6219 0.0000
-302.5755 0.0000
-302.3337 0.0000
-303.0769 0.0000
-303.3324 0.0000
-303.3785 0.0000
-302.9114 0.0000
-303.1128 0.0000
-302.9067 0.0000
-302.5144 0.0000
-302.3912 0.0000
-301.9135 0.0000
-302.1020 0.0000
-302.4878 0.0000
-302.3508 0.0000
-303.5971 0.0000
-302.2369 0.0000
-301.5116 0.0000
-302.0656 0.0000
-302.2155 0.0000
-301.9868 0.0000
-302.9923 0.0000
-303.2107 0.0000
-303.0723 0.0000
-302.7467 0.0000
-303.2979 0.0000
-303.4377 0.0000
-303.2461 0.0000
-303.1391 0.0000
-304.2085 0.0000
-303.0200 0.0000
-301.6881 0.0000
-301.6165 0.0000
-301.4492 0.0000
-301.0941 0.0000
-300.5858 0.0000
-300.7716 0.0000
-300.2580 0.0000
-300.4284 0.0000
-300.8704 0.0000
-301.6862 0.0000
-301.6171 0.0000
-302.3688 0.0000
-302.4272 0.0000
-303.0184 0.0000
-302.8741 0.0000
-304.1304 0.0000
-304.0321 0.0000
-303.7292 0.0000
-303.9317 0.0000
-304.1899 0.0000
-304.4686 0.0000
-305.3125 0.0000
-304.2368 0.0000
-304.1173 0.0000
-303.6613 0.0000
-304.1768 0.0000
-303.9663 0.0000
-303.2259 0.0000
-304.3099 0.0000
-304.0095 0.0000
-304.1765 0.0000
-304.1966 0.0000
-304.2207 0.0000
-304.8145 0.0000
-304.8772 0.0000
-304.7950 0.0000
-305.1849 0.0000
-304.6387 0.0000
-304.4278 0.0000
-304.9002 0.0000
-304.1475 0.0000
-304.4488 0.0000
-304.7145 0.0000
-304.9226 0.0000
-304.3349 0.0000
-304.3025 0.0000
-303.9376 0.0000
-303.5281 0.0000
-303.2841 0.0000
-303.5654 0.0000
-304.1440 0.0000
-303.7413 0.0000
-303.6583 0.0000
-303.9871 0.0000
-303.7988 0.0000
-304.5257 0.0000
-304.5566 0.0000
-303.6226 0.0000
-303.4158 0.0000
-304.2455 0.0000
-304.8023 0.0000
-305.3784 0.0000
-305.0084 0.0000
-304.1712 0.0000
-304.0229 0.0000
-303.9512 0.0000
-304.3096 0.0000
-304.2977 0.0000
-304.1947 0.0000
-304.6808 0.0000
-305.0849 0.0000
-304.6726 0.0000
-304.6443 0.0000
-304.4071 0.0000
-304.3884 0.0000
-304.9623 0.0000
-305.0326 0.0000
-305.2066 0.0000
-304.6844 0.0000
-304.1712 0.0000
-305.2995 0.0000
-304.4417 0.0000
-305.1918 0.0000
-305.1417 0.0000
-306.6643 0.0000
-307.0561 0.0000
-308.0448 0.0000
-308.2878 0.0000
-308.2916 0.0000
-307.2695 0.0000
-307.6055 0.0000
-307.9140 0.0000
-308.6792 0.0000
-308.9662 0.0000
-309.4716 0.0000
-309.1354 0.0000
-308.6111 0.0000
-308.5898 0.0000
-308.8059 0.0000
-309.0434 0.0000
-309.2338 0.0000
-308.1571 0.0000
-307.9750 0.0000
-308.5846 0.0000
-308.4487 0.0000
-308.0655 0.0000
-308.0952 0.0000
-308.5552 0.0000
-307.8372 0.0000
-307.4961 0.0000
-306.8810 0.0000
-306.7197 0.0000
-305.6708 0.0000
-305.5897 0.0000
-306.2153 0.0000
-306.3522 0.0000
-306.5169 0.0000
-306.5950 0.0000
-307.2275 0.0000
-306.5946 0.0000
-305.8885 0.0000
-305.9144 0.0000
-305.7223 0.0000
-305.9759 0.0000
-305.0824 0.0000
-305.7883 0.0000
-305.7579 0.0000
-304.4506 0.0000
-305.0031 0.0000
-305.3487 0.0000
-305.0044 0.0000
-304.9002 0.0000
-305.8386 0.0000
-305.5997 0.0000
-305.2489 0.0000
-305.5965 0.0000
-305.0885 0.0000
-305.2654 0.0000
-305.2103 0.0000
-306.0431 0.0000
-306.5230 0.0000
-306.9629 0.0000
-307.0080 0.0000
-306.8491 0.0000
-307.7508 0.0000
-307.3016 0.0000
-307.4929 0.0000
-307.6888 0.0000
-309.1809 0.0000
-308.9564 0.0000
-309.0044 0.0000
-308.9225 0.0000
-308.5914 0.0000
-309.5337 0.0000
-309.8561 0.0000
-309.6925 0.0000
-308.6919 0.0000
-309.7915 0.0000
-310.4748 0.0000
-311.1960 0.0000
-311.4010 0.0000
-310.8723 0.0000
-312.2284 0.0000
-313.2501 0.0000
-313.2482 0.0000
-313.6576 0.0000
-313.9140 0.0000
-315.4080 0.0000
-315.5839 0.0000
-315.9766 0.0000
-316.8383 0.0000
-316.1167 0.0000
-317.3173 0.0000
-317.1719 0.0000
-316.9708 0.0000
-316.3896 0.0000
-316.9175 0.0000
-317.8784 0.0000
-317.4136 0.0000
-316.7902 0.0000
-316.0549 0.0000
-316.0991 0.0000
-316.3405 0.0000
-315.1851 0.0000
-315.4949 0.0000
-315.8522 0.0000
-315.1780 0.0000
-314.3255 0.0000
-314.0813 0.0000
-314.1034 0.0000
-313.3009 0.0000
-314.6717 0.0000
-312.8866 0.0000
-314.1040 0.0000
-313.5339 0.0000
-313.9159 0.0000
-314.1649 0.0000
-312.8766 0.0000
-311.5079 0.0000
-311.2817 0.0000
-311.9164 0.0000
-312.3822 0.0000
-313.0278 0.0000
-313.0660 0.0000
-313.1253 0.0000
-312.3949 0.0000
-313.3241 0.0000
-313.8561 0.0000
-313.7255 0.0000
-314.3506 0.0000
-315.0846 0.0000
-315.1359 0.0000
-314.9064 0.0000
-315.7432 0.0000
-315.6530 0.0000
-315.7483 0.0000
-315.5522 0.0000
-315.9708 0.0000
-316.2752 0.0000
-315.8398 0.0000
-315.2423 0.0000
-315.6579 0.0000
-315.8637 0.0000
-315.9907 0.0000
-315.2852 0.0000
-314.4029 0.0000
-313.1433 0.0000
-313.1827 0.0000
-314.1938 0.0000
-315.0743 0.0000
-313.3451 0.0000
-312.7951 0.0000
-312.7897 0.0000
-312.8228 0.0000
-312.5135 0.0000
-313.0241 0.0000
-312.8886 0.0000
-314.1339 0.0000
-314.5572 0.0000
-313.8225 0.0000
-313.4331 0.0000
-313.7530 0.0000
-313.2900 0.0000
-312.5723 0.0000
-312.8684 0.0000
-312.7154 0.0000
-312.5901 0.0000
-311.6774 0.0000
-311.5645 0.0000
-311.2290 0.0000
-310.6419 0.0000
-311.1410 0.0000
-310.9394 0.0000
-310.4111 0.0000
-310.1378 0.0000
-310.2968 0.0000
-310.7093 0.0000
-310.7007 0.0000
-310.8898 0.0000
-311.7816 0.0000
-311.8375 0.0000
-311.8180 0.0000
-312.5916 0.0000
-312.8409 0.0000
-312.8743 0.0000
-313.3795 0.0000
-314.1570 0.0000
-314.1174 0.0000
-313.0234 0.0000
-313.0098 0.0000
-312.8419 0.0000
-312.8665 0.0000
-312.6201 0.0000
-310.7671 0.0000
-311.0081 0.0000
-310.2091 0.0000
-310.5333 0.0000
-310.8247 0.0000
-310.1464 0.0000
-309.5517 0.0000
-310.0531 0.0000
-310.5862 0.0000
-310.1338 0.0000
-310.4403 0.0000
-310.4965 0.0000
-310.6972 0.0000
-310.9202 0.0000
-310.3911 0.0000
-308.9833 0.0000
-308.8623 0.0000
-309.6114 0.0000
-308.0523 0.0000
-307.6931 0.0000
-307.6910 0.0000
-307.1461 0.0000
-307.6986 0.0000
-307.7486 0.0000
-307.4458 0.0000
-307.1157 0.0000
-307.0722 0.0000
-307.2787 0.0000
-307.5374 0.0000
-306.9999 0.0000
-306.7967 0.0000
-307.2640 0.0000
-308.5427 0.0000
-308.1021 0.0000
-308.2838 0.0000
-307.5525 0.0000
-307.7920 0.0000
-307.7374 0.0000
-306.8739 0.0000
-306.9566 0.0000
-307.5179 0.0000
-308.6357 0.0000
-307.1962 0.0000
-306.3772 0.0000
-306.2528 0.0000
-306.2960 0.0000
-306.4273 0.0000
-305.4426 0.0000
-305.0242 0.0000
-305.2226 0.0000
-304.9193 0.0000
-304.9856 0.0000
-305.3030 0.0000
-306.7555 0.0000
-305.8853 0.0000
-305.9345 0.0000
-305.5272 0.0000
-305.0651 0.0000
-305.2373 0.0000
-305.6471 0.0000
-304.6090 0.0000
-304.5721 0.0000
-304.3418 0.0000
-305.2050 0.0000
-305.1598 0.0000
-305.3614 0.0000
-305.3166 0.0000
-306.0554 0.0000
-306.1830 0.0000
-306.7843 0.0000
-308.7370 0.0000
-308.4667 0.0000
-307.8766 0.0000
-308.6988 0.0000
-307.7836 0.0000
-307.9765 0.0000
-308.7351 0.0000
-308.0288 0.0000
-308.1846 0.0000
-307.6143 0.0000
-307.3460 0.0000
-306.0064 0.0000
-306.9348 0.0000
-306.5372 0.0000
-305.5194 0.0000
-305.1418 0.0000
-305.5264 0.0000
-306.1847 0.0000
-306.9328 0.0000
-306.3074 0.0000
-305.7588 0.0000
-305.6450 0.0000
-305.2585 0.0000
-306.2987 0.0000
-306.4550 0.0000
-305.9507 0.0000
-306.4264 0.0000
-306.5979 0.0000
-306.1381 0.0000
-306.3730 0.0000
-306.1477 0.0000
-305.8027 0.0000
-305.7059 0.0000
-306.8398 0.0000
-307.8825 0.0000
-307.8143 0.0000
-307.7385 0.0000
-307.0794 0.0000
-308.1268 0.0000
-308.1647 0.0000
-308.0529 0.0000
-307.6611 0.0000
-307.0096 0.0000
-307.4887 0.0000
-307.3364 0.0000
-307.2095 0.0000
-307.2253 0.0000
-307.1339 0.0000
-306.4625 0.0000
-306.5280 0.0000
-306.4664 0.0000
-306.6754 0.0000
-306.2197 0.0000
-305.8242 0.0000
-305.8113 0.0000
-307.0603 0.0000
-307.2773 0.0000
-306.9275 0.0000
-307.2797 0.0000
-306.4974 0.0000
-306.3598 0.0000
-306.3874 0.0000
-306.3841 0.0000
-305.6992 0.0000
-304.4382 0.0000
-305.2543 0.0000
-304.9956 0.0000
-305.1096 0.0000
-305.7238 0.0000
-305.4085 0.0000
-305.2071 0.0000
-305.6128 0.0000
-306.1396 0.0000
-306.1982 0.0000
-304.9474 0.0000
-304.4927 0.0000
-304.1455 0.0000
-304.4005 0.0000
-304.7341 0.0000
-305.6175 0.0000
-304.0971 0.0000
-303.7768 0.0000
-303.9409 0.0000
-304.1515 0.0000
-303.6726 0.0000
-303.6555 0.0000
-303.9593 0.0000
-303.6528 0.0000
-302.4158 0.0000
-301.8778 0.0000
-301.4640 0.0000
-301.1300 0.0000
-300.3052 0.0000
-300.8205 0.0000
-301.0244 0.0000
-300.8560 0.0000
-301.2742 0.0000
-300.5094 0.0000
-300.9732 0.0000
-301.1742 0.0000
-301.5590 0.0000
-301.1101 0.0000
-301.4855 0.0000
-300.8507 0.0000
-301.2174 0.0000
-301.3343 0.0000
-302.4673 0.0000
-302.6429 0.0000
-302.6470 0.0000
-303.3154 0.0000
-303.4526 0.0000
-304.3136 0.0000
-304.7667 0.0000
-303.4757 0.0000
-302.5005 0.0000
-302.2141 0.0000
-301.5559 0.0000
-302.1438 0.0000
-301.7052 0.0000
-302.3457 0.0000
-300.8753 0.0000
-300.9631 0.0000
-300.6823 0.0000
-300.4501 0.0000
-300.5775 0.0000
-299.9162 0.0000
-300.0238 0.0000
-299.7615 0.0000
-299.4864 0.0000
-300.0948 0.0000
-298.9369 0.0000
-299.2292 0.0000
-299.1921 0.0000
-300.3876 0.0000
-300.4038 0.0000
-299.8279 0.0000
-300.3534 0.0000
-299.6093 0.0000
-299.0364 0.0000
-299.3281 0.0000
-299.3300 0.0000
-299.3883 0.0000
-299.4005 0.0000
-300.6094 0.0000
-300.9567 0.0000
-301.3948 0.0000
-301.0346 0.0000
-300.7320 0.0000
-301.4054 0.0000
-301.7631 0.0000
-301.0212 0.0000
-302.0785 0.0000
-302.1254 0.0000
-302.3080 0.0000
-302.1549 0.0000
-302.0013 0.0000
-301.9197 0.0000
-301.6320 0.0000
-301.4699 0.0000
-301.1070 0.0000
-301.8087 0.0000
-301.6756 0.0000
-301.4265 0.0000
-301.6012 0.0000
-301.8806 0.0000
-302.5427 0.0000
-303.0732 0.0000
-303.4818 0.0000
-303.6808 0.0000
-304.4324 0.0000
-303.8967 0.0000
-303.2075 0.0000
-302.7307 0.0000
-303.3694 0.0000
-303.6401 0.0000
-303.8707 0.0000
-304.6444 0.0000
-303.7915 0.0000
-303.8684 0.0000
-303.9834 0.0000
-303.9671 0.0000
-304.0398 0.0000
-303.9729 0.0000
-304.0639 0.0000
-304.0959 0.0000
-305.1687 0.0000
-305.3775 0.0000
-304.9530 0.0000
-304.8703 0.0000
-304.6384 0.0000
-305.4575 0.0000
-305.1694 0.0000
-305.1093 0.0000
-304.3511 0.0000
-304.5661 0.0000
-305.7426 0.0000
-305.3799 0.0000
-305.4472 0.0000
-305.5740 0.0000
-306.2181 0.0000
-305.7435 0.0000
-305.5486 0.0000
-304.9417 0.0000
-304.8510 0.0000
-303.6312 0.0000
-304.2295 0.0000
-304.2841 0.0000
-304.3121 0.0000
-304.2180 0.0000
-303.5472 0.0000
-305.0371 0.0000
-305.2263 0.0000
-305.3340 0.0000
-305.7608 0.0000
-305.0703 0.0000
-305.5270 0.0000
-304.6800 0.0000
-305.0902 0.0000
-304.9765 0.0000
-305.4476 0.0000
-305.6644 0.0000
-306.1962 0.0000
-306.0690 0.0000
-306.5652 0.0000
-305.3387 0.0000
-303.9969 0.0000
-304.5922 0.0000
-304.1511 0.0000
-304.4583 0.0000
-304.7284 0.0000
-304.8718 0.0000
-304.7737 0.0000
-304.3251 0.0000
-304.2361 0.0000
-303.9321 0.0000
-304.1154 0.0000
-303.0833 0.0000
-304.0861 0.0000
-304.7888 0.0000
-304.5195 0.0000
-304.8599 0.0000
-304.7892 0.0000
-304.9284 0.0000
-305.0690 0.0000
-304.9167 0.0000
-305.4831 0.0000
-305.2228 0.0000
-304.7795 0.0000
-305.6282 0.0000
-304.2036 0.0000
-304.2981 0.0000
-305.2150 0.0000
-304.8762 0.0000
-304.5386 0.0000
-304.6389 0.0000
-304.4210 0.0000
-305.0180 0.0000
-306.1691 0.0000
-305.3038 0.0000
-305.5027 0.0000
-305.6333 0.0000
-305.8891 0.0000
-305.5669 0.0000
-306.5415 0.0000
-306.2473 0.0000
-307.1440 0.0000
-307.0849 0.0000
-307.8045 0.0000
-306.7449 0.0000
-306.7284 0.0000
-307.2565 0.0000
-307.3982 0.0000
-305.7528 0.0000
-305.3331 0.0000
-306.1736 0.0000
-305.4477 0.0000
-305.6121 0.0000
-306.5050 0.0000
-306.7689 0.0000
-306.0944 0.0000
-304.4081 0.0000
-305.1761 0.0000
-304.7184 0.0000
-305.9745 0.0000
-306.6036 0.0000
-307.9144 0.0000
-306.3266 0.0000
-307.5271 0.0000
-307.6626 0.0000
-307.0755 0.0000
-306.9303 0.0000
-306.6156 0.0000
-305.7080 0.0000
-306.3104 0.0000
-305.4106 0.0000
-304.7317 0.0000
-304.4628 0.0000
-303.9906 0.0000
-303.6159 0.0000
-305.0248 0.0000
-306.1725 0.0000
-305.5062 0.0000
-305.2105 0.0000
-305.5298 0.0000
-305.7499 0.0000
-306.8833 0.0000
-307.7201 0.0000
-306.4612 0.0000
-307.3860 0.0000
-307.5316 0.0000
-306.2969 0.0000
-307.7159 0.0000
-308.0741 0.0000
-307.4928 0.0000
-307.2125 0.0000
-307.2828 0.0000
-307.4666 0.0000
-308.0151 0.0000
-307.9372 0.0000
-307.8203 0.0000
-307.6319 0.0000
-308.0112 0.0000
-307.7067 0.0000
-309.5741 0.0000
-310.0878 0.0000
-308.3276 0.0000
-308.2412 0.0000
-308.7904 0.0000
-307.7497 0.0000
-309.3956 0.0000
-310.7637 0.0000
-309.6633 0.0000
-309.8203 0.0000
-310.4846 0.0000
-310.8654 0.0000
-310.2194 0.0000
-311.2414 0.0000
-310.9021 0.0000
-311.3313 0.0000
-312.0939 0.0000
-313.3853 0.0000
-313.7294 0.0000
-314.6290 0.0000
-314.6665 0.0000
-315.4746 0.0000
-315.2674 0.0000
-316.9644 0.0000
-316.0790 0.0000
-317.3010 0.0000
-316.0334 0.0000
-317.7616 0.0000
-316.8844 0.0000
-319.1465 0.0000
-318.6241 0.0000
-318.4818 0.0000
-317.8420 0.0000
-318.2141 0.0000
-318.4966 0.0000
-318.4891 0.0000
-318.2296 0.0000
-316.7476 0.0000
-316.3804 0.0000
-316.6057 0.0000
-315.9002 0.0000
-317.3803 0.0000
-315.9612 0.0000
-316.0011 0.0000
-316.0044 0.0000
-315.7612 0.0000
-315.1430 0.0000
-316.1866 0.0000
-316.6329 0.0000
-317.1617 0.0000
-316.9390 0.0000
-316.2592 0.0000
-317.3128 0.0000
-317.5419 0.0000
-317.0546 0.0000
-316.5262 0.0000
-318.3324 0.0000
-316.8924 0.0000
-315.7979 0.0000
-315.9135 0.0000
-314.7439 0.0000
-315.4222 0.0000
-315.7037 0.0000
-316.1251 0.0000
-317.7658 0.0000
-319.3919 0.0000
-318.5653 0.0000
-319.1085 0.0000
-319.4065 0.0000
-317.4426 0.0000
-317.1696 0.0000
-317.9303 0.0000
-319.0884 0.0000
-318.5577 0.0000
-317.4800 0.0000
-317.7633 0.0000
-316.6495 0.0000
-315.2157 0.0000
-314.1136 0.0000
-315.3670 0.0000
-316.8517 0.0000
-317.8951 0.0000
-316.3726 0.0000
-317.6411 0.0000
-316.2852 0.0000
-316.8950 0.0000
-316.5626 0.0000
-315.9780 0.0000
-316.5543 0.0000
-316.3387 0.0000
-315.5295 0.0000
-315.9232 0.0000
-316.9254 0.0000
-316.0835 0.0000
-316.2079 0.0000
-315.6193 0.0000
-315.8249 0.0000
-315.7491 0.0000
-314.5621 0.0000
-315.3974 0.0000
-315.1619 0.0000
-315.2253 0.0000
-315.5514 0.0000
-315.3803 0.0000
-314.2901 0.0000
-313.8621 0.0000
-315.4562 0.0000
-316.7343 0.0000
-315.6431 0.0000
-314.3857 0.0000
-315.2711 0.0000
-313.7426 0.0000
-315.2389 0.0000
-314.9420 0.0000
-316.6233 0.0000
-313.9389 0.0000
-315.0456 0.0000
-315.4764 0.0000
-315.0767 0.0000
-315.5467 0.0000
-316.4992 0.0000
-316.0510 0.0000
-315.7805 0.0000
-317.2971 0.0000
-317.8483 0.0000
-317.3300 0.0000
-317.9265 0.0000
-319.2175 0.0000
-318.1983 0.0000
-317.9892 0.0000
-319.3542 0.0000
-319.3745 0.0000
-319.8645 0.0000
-319.0856 0.0000
-320.6495 0.0000
-320.5614 0.0000
-320.8422 0.0000
-321.2970 0.0000
-319.0645 0.0000
-320.2587 0.0000
-321.8588 0.0000
-321.2944 0.0000
-321.7138 0.0000
-320.8984 0.0000
-321.1555 0.0000
-322.0859 0.0000
-322.0571 0.0000
-322.7905 0.0000
-323.7176 0.0000
-321.6331 0.0000
-321.3328 0.0000
-322.1200 0.0000
-322.3714 0.0000
-322.1518 0.0000
-322.0504 0.0000
-322.3645 0.0000
-321.3091 0.0000
-322.9445 0.0000
-321.5909 0.0000
-321.1018 0.0000
-322.3973 0.0000
-321.2285 0.0000
-322.9022 0.0000
-323.0507 0.0000
-322.7393 0.0000
-321.3398 0.0000
-321.4927 0.0000
-322.2460 0.0000
-320.8831 0.0000
-322.0112 0.0000
-320.7662 0.0000
-321.9759 0.0000
-319.5309 0.0000
-319.5583 0.0000
-319.3337 0.0000
-320.1944 0.0000
-318.9190 0.0000
-318.4628 0.0000
-317.8245 0.0000
-317.3789 0.0000
-318.3697 0.0000
-317.8096 0.0000
-317.2673 0.0000
-317.2865 0.0000
-316.1378 0.0000
-318.0166 0.0000
-316.0220 0.0000
-316.2560 0.0000
-315.8417 0.0000
-316.5286 0.0000
-317.1178 0.0000
-316.0757 0.0000
-315.6719 0.0000
-317.1543 0.0000
-317.1659 0.0000
-317.1366 0.0000
-317.6551 0.0000
-316.8591 0.0000
-316.6513 0.0000
-316.5409 0.0000
-315.5244 0.0000
-313.4781 0.0000
-313.6057 0.0000
-313.7717 0.0000
-314.0314 0.0000
-314.2727 0.0000
-314.6218 0.0000
-314.9400 0.0000
-315.5755 0.0000
-315.2887 0.0000
-315.9689 0.0000
-315.2427 0.0000
-314.9724 0.0000
-315.5640 0.0000
-315.2527 0.0000
-317.3144 0.0000
-316.5481 0.0000
-315.8211 0.0000
-315.8082 0.0000
-315.6665 0.0000
-316.4061 0.0000
-315.0146 0.0000
-315.9393 0.0000
-316.0241 0.0000
-315.5367 0.0000
-315.9344 0.0000
-316.9078 0.0000
-317.3305 0.0000
-317.0221 0.0000
-317.2336 0.0000
-316.6545 0.0000
-314.8581 0.0000
-315.1711 0.0000
-314.1539 0.0000
-313.8237 0.0000
-314.8733 0.0000
-314.2634 0.0000
-315.0167 0.0000
-315.6400 0.0000
-315.6182 0.0000
-316.6655 0.0000
-316.6313 0.0000
-316.3979 0.0000
-315.9781 0.0000
-314.6624 0.0000
-315.7473 0.0000
-315.4501 0.0000
-314.9646 0.0000
-313.7413 0.0000
-314.2332 0.0000
-312.8719 0.0000
-311.8583 0.0000
-310.8456 0.0000
-311.2332 0.0000
-312.1970 0.0000
-312.6518 0.0000
-313.8380 0.0000
-314.3912 0.0000
-313.8262 0.0000
-314.2114 0.0000
-315.3965 0.0000
-313.8010 0.0000
-315.4720 0.0000
-315.7852 0.0000
-315.2507 0.0000
-315.3981 0.0000
-316.1104 0.0000
-316.4863 0.0000
-316.9796 0.0000
-316.4424 0.0000
-315.5359 0.0000
-315.2325 0.0000
-315.0244 0.0000
-314.5225 0.0000
-313.8174 0.0000
-312.7456 0.0000
-312.4181 0.0000
-311.4253 0.0000
-310.9277 0.0000
-311.7013 0.0000
-311.7506 0.0000
-312.4594 0.0000
-312.4068 0.0000
-312.4158 0.0000
-312.6369 0.0000
-313.1283 0.0000
-313.7638 0.0000
-313.6619 0.0000
-314.4000 0.0000
-314.3123 0.0000
-312.7361 0.0000
-312.9626 0.0000
-312.4106 0.0000
-312.8783 0.0000
-313.6627 0.0000
-313.6762 0.0000
-313.5178 0.0000
-312.9767 0.0000
-313.0629 0.0000
-312.0813 0.0000
-311.2144 0.0000
-312.4857 0.0000
-313.0563 0.0000
-312.7225 0.0000
-311.3030 0.0000
-310.6660 0.0000
-310.0312 0.0000
-309.7429 0.0000
-309.5817 0.0000
-310.1583 0.0000
-309.9995 0.0000
-310.2269 0.0000
-310.4564 0.0000
-309.3446 0.0000
-308.6034 0.0000
-308.3733 0.0000
-308.9288 0.0000
-308.2805 0.0000
-309.3678 0.0000
-309.6327 0.0000
-310.8867 0.0000
-309.4372 0.0000
-308.9946 0.0000
-308.8212 0.0000
-308.6331 0.0000
-307.9705 0.0000
-308.0734 0.0000
-308.2306 0.0000
-308.5750 0.0000
-308.8309 0.0000
-309.8927 0.0000
-310.3846 0.0000
-310.6281 0.0000
-309.7801 0.0000
-309.3595 0.0000
-309.3140 0.0000
-309.2782 0.0000
-309.7600 0.0000
-310.5696 0.0000
-309.3179 0.0000
-310.5397 0.0000
-311.4423 0.0000
-312.0084 0.0000
-312.2382 0.0000
-312.6076 0.0000
-312.1243 0.0000
-313.3746 0.0000
-311.6450 0.0000
-312.0101 0.0000
-311.2822 0.0000
-312.0472 0.0000
-311.9632 0.0000
-311.2530 0.0000
-311.3255 0.0000
-311.7051 0.0000
-312.2328 0.0000
-312.1574 0.0000
-312.3005 0.0000
-311.4776 0.0000
-311.4378 0.0000
-311.4433 0.0000
-310.3863 0.0000
-309.7533 0.0000
-309.6843 0.0000
-309.7161 0.0000
-310.4006 0.0000
-310.5205 0.0000
-311.4824 0.0000
-310.5149 0.0000
-310.5667 0.0000
-309.5323 0.0000
-309.5465 0.0000
-309.2652 0.0000
-309.4181 0.0000
-310.7971 0.0000
-308.4289 0.0000
-308.3179 0.0000
-307.9063 0.0000
-307.1401 0.0000
-307.4847 0.0000
-307.0889 0.0000
-307.3694 0.0000
-306.7564 0.0000
-305.5988 0.0000
-305.5071 0.0000
-305.8571 0.0000
-306.8307 0.0000
-306.8848 0.0000
-306.4974 0.0000
-307.0977 0.0000
-306.4181 0.0000
-306.3219 0.0000
-307.0943 0.0000
-306.5478 0.0000
-306.7445 0.0000
-306.5173 0.0000
-305.7457 0.0000
-305.1919 0.0000
-305.4226 0.0000
-305.5659 0.0000
-305.0904 0.0000
-305.1966 0.0000
-305.5892 0.0000
-305.9611 0.0000
-305.8002 0.0000
-307.1226 0.0000
-305.0140 0.0000
-306.1152 0.0000
-305.8459 0.0000
-306.0253 0.0000
-306.5049 0.0000
-305.1788 0.0000
-304.9395 0.0000
-305.4008 0.0000
-305.1851 0.0000
-304.5509 0.0000
-304.8876 0.0000
-304.1525 0.0000
-303.4997 0.0000
-303.6647 0.0000
-304.4499 0.0000
-303.8946 0.0000
-304.9090 0.0000
-304.6150 0.0000
-303.1419 0.0000
-301.1292 0.0000
-301.2162 0.0000
-301.5179 0.0000
-300.9028 0.0000
-302.0308 0.0000
-302.8310 0.0000
-303.0354 0.0000
-301.9013 0.0000
-302.3930 0.0000
-301.7915 0.0000
-301.7704 0.0000
-303.2638 0.0000
-301.6737 0.0000
-302.0002 0.0000
-301.6841 0.0000
-301.6129 0.0000
-302.1894 0.0000
-302.5750 0.0000
-301.9542 0.0000
-302.0629 0.0000
-302.3774 0.0000
-301.8472 0.0000
-302.3400 0.0000
-303.6081 0.0000
-301.9552 0.0000
-302.8068 0.0000
-302.9726 0.0000
-302.7261 0.0000
-301.2662 0.0000
-303.6675 0.0000
-304.2159 0.0000
-305.0372 0.0000
-304.3388 0.0000
-303.3916 0.0000
-303.7260 0.0000
-303.3778 0.0000
-303.1381 0.0000
-303.4751 0.0000
-303.8320 0.0000
-304.0328 0.0000
-302.8990 0.0000
-303.8791 0.0000
-305.0034 0.0000
-303.3107 0.0000
-302.9296 0.0000
-302.9659 0.0000
-303.3761 0.0000
-302.4377 0.0000
-303.9585 0.0000
-304.3489 0.0000
-304.6178 0.0000
-304.2728 0.0000
-305.1506 0.0000
-304.5733 0.0000
-304.0853 0.0000
-304.8984 0.0000
-304.7388 0.0000
-305.0364 0.0000
-306.4401 0.0000
-306.9508 0.0000
-307.5942 0.0000
-307.3569 0.0000
-307.3272 0.0000
-307.0485 0.0000
-308.8858 0.0000
-309.6281 0.0000
-307.9113 0.0000
-309.4879 0.0000
-310.3621 0.0000
-311.0931 0.0000
-311.5552 0.0000
-311.1901 0.0000
-310.4113 0.0000
-309.3947 0.0000
-308.1216 0.0000
-308.6456 0.0000
-309.0039 0.0000
-309.1428 0.0000
-307.5387 0.0000
-307.3066 0.0000
-307.8149 0.0000
-309.6453 0.0000
-309.6011 0.0000
-308.4972 0.0000
-308.9224 0.0000
-308.8084 0.0000
-309.0323 0.0000
-308.8054 0.0000
-308.5051 0.0000
-309.7289 0.0000
-308.9607 0.0000
-308.0810 0.0000
-307.7038 0.0000
-306.6111 0.0000
-305.7162 0.0000
-304.4437 0.0000
-304.2613 0.0000
-305.2836 0.0000
-305.3581 0.0000
-305.3432 0.0000
-306.3519 0.0000
-307.7011 0.0000
-307.0379 0.0000
-308.1437 0.0000
-308.1993 0.0000
-308.4867 0.0000
-308.3703 0.0000
-308.1725 0.0000
-308.5642 0.0000
-309.2244 0.0000
-307.6197 0.0000
-307.9034 0.0000
-308.2385 0.0000
-309.0851 0.0000
-309.0055 0.0000
-307.9703 0.0000
-310.0232 0.0000
-309.2836 0.0000
-308.2622 0.0000
-307.9409 0.0000
-308.5346 0.0000
-307.9830 0.0000
-308.1071 0.0000
-307.7539 0.0000
-307.4001 0.0000
-306.4214 0.0000
-306.8773 0.0000
-307.2915 0.0000
-307.3931 0.0000
-306.8776 0.0000
-305.7916 0.0000
-307.0234 0.0000
-308.3888 0.0000
-308.8757 0.0000
-309.3207 0.0000
-307.7744 0.0000
-308.5353 0.0000
-307.7462 0.0000
-307.2119 0.0000
-306.9196 0.0000
-306.5315 0.0000
-307.1336 0.0000
-306.4571 0.0000
-307.1140 0.0000
-308.0334 0.0000
-309.4713 0.0000
-308.7921 0.0000
-309.2285 0.0000
-309.9595 0.0000
-310.3046 0.0000
-310.4631 0.0000
-311.0061 0.0000
-311.7650 0.0000
-313.1370 0.0000
-311.6315 0.0000
-312.0802 0.0000
-312.0115 0.0000
-312.7293 0.0000
-312.4409 0.0000
-313.6867 0.0000
-313.6217 0.0000
-312.9012 0.0000
-312.7489 0.0000
-313.2075 0.0000
-311.7833 0.0000
-310.9637 0.0000
-310.5085 0.0000
-310.4168 0.0000
-310.2372 0.0000
-310.9863 0.0000
-311.5447 0.0000
-312.8126 0.0000
-313.0619 0.0000
-312.2073 0.0000
-313.5550 0.0000
-311.3058 0.0000
-310.7170 0.0000
-310.4277 0.0000
-310.1250 0.0000
-309.9547 0.0000
-311.1427 0.0000
-311.3091 0.0000
-311.8950 0.0000
-311.2769 0.0000
-312.0397 0.0000
-312.3789 0.0000
-312.7151 0.0000
-313.2405 0.0000
-313.7393 0.0000
-312.1500 0.0000
-311.7803 0.0000
-311.4110 0.0000
-313.2742 0.0000
-311.6308 0.0000
-312.3079 0.0000
-312.0996 0.0000
-311.4145 0.0000
-312.8906 0.0000
-314.2145 0.0000
-312.5591 0.0000
-311.5746 0.0000
-310.6316 0.0000
-310.9273 0.0000
-310.5927 0.0000
-311.1118 0.0000
-311.4698 0.0000
-311.0777 0.0000
-309.8371 0.0000
-308.5337 0.0000
-309.5184 0.0000
-308.9122 0.0000
-309.5182 0.0000
-311.3612 0.0000
-311.2287 0.0000
-311.4405 0.0000
-312.2969 0.0000
-310.8584 0.0000
-311.2259 0.0000
-310.6739 0.0000
-310.1028 0.0000
-309.6005 0.0000
-310.8824 0.0000
-311.2582 0.0000
-311.0413 0.0000
-311.4529 0.0000
-310.6649 0.0000
-309.3305 0.0000
-310.4900 0.0000
-310.7546 0.0000
-309.5102 0.0000
-310.3628 0.0000
-311.2614 0.0000
-308.5942 0.0000
-308.8640 0.0000
-308.0258 0.0000
-307.7647 0.0000
-307.1256 0.0000
-307.8256 0.0000
-307.6283 0.0000
-308.2685 0.0000
-308.8685 0.0000
-309.0734 0.0000
-307.7884 0.0000
-308.4368 0.0000
-308.0883 0.0000
-307.5848 0.0000
-306.9315 0.0000
-306.9530 0.0000
-307.2987 0.0000
-306.9798 0.0000
-307.6500 0.0000
-306.9083 0.0000
-307.6541 0.0000
-307.9667 0.0000
-308.8375 0.0000
-308.3874 0.0000
-307.8622 0.0000
-308.8533 0.0000
-308.2922 0.0000
-309.1559 0.0000
-309.0284 0.0000
-308.8719 0.0000
-308.6480 0.0000
-309.1054 0.0000
-308.3113 0.0000
-309.3866 0.0000
-308.2804 0.0000
-309.2287 0.0000
-307.9506 0.0000
-308.1706 0.0000
-309.5862 0.0000
-310.1122 0.0000
-309.0472 0.0000
-308.5181 0.0000
-308.9365 0.0000
-309.4165 0.0000
-309.7571 0.0000
-309.1839 0.0000
-309.7754 0.0000
-310.3791 0.0000
-308.5512 0.0000
-309.4811 0.0000
-309.0715 0.0000
-309.0160 0.0000
-309.2462 0.0000
-308.2310 0.0000
-308.3581 0.0000
-307.7010 0.0000
-308.5189 0.0000
-309.6333 0.0000
-310.4645 0.0000
-309.7473 0.0000
-310.0142 0.0000
-309.2668 0.0000
-310.6403 0.0000
-310.8382 0.0000
-310.6490 0.0000
-310.9273 0.0000
-309.9981 0.0000
-310.9988 0.0000
-310.3552 0.0000
-309.6230 0.0000
-311.3198 0.0000
-311.2421 0.0000
-310.0928 0.0000
-309.4131 0.0000
-310.2117 0.0000
-309.6114 0.0000
-309.4232 0.0000
-308.7908 0.0000
-309.0690 0.0000
-308.8706 0.0000
-309.1669 0.0000
-308.8814 0.0000
-308.5358 0.0000
-307.7800 0.0000
-307.0022 0.0000
-306.8602 0.0000
-306.3914 0.0000
-306.2627 0.0000
-305.4293 0.0000
-305.6201 0.0000
-305.1176 0.0000
-305.2829 0.0000
-305.6574 0.0000
-304.8819 0.0000
-304.9619 0.0000
-304.2132 0.0000
-303.6826 0.0000
-303.7851 0.0000
-302.6810 0.0000
-303.6199 0.0000
-302.7873 0.0000
-302.3294 0.0000
-301.9822 0.0000
-302.3584 0.0000
-302.8876 0.0000
-303.5596 0.0000
-303.3458 0.0000
-303.9787 0.0000
-303.4835 0.0000
-304.4464 0.0000
-304.2532 0.0000
-303.9016 0.0000
-302.5142 0.0000
-302.2364 0.0000
-302.0765 0.0000
-302.7916 0.0000
-302.6033 0.0000
-302.4046 0.0000
-302.5955 0.0000
-302.1906 0.0000
-302.0700 0.0000
-301.7242 0.0000
-302.5038 0.0000
-302.6219 0.0000
-302.8820 0.0000
-303.0269 0.0000
-302.2840 0.0000
-301.4213 0.0000
-300.3241 0.0000
-300.6557 0.0000
-300.8206 0.0000
-300.5331 0.0000
-300.4835 0.0000
-300.4750 0.0000
-300.8492 0.0000
-300.6629 0.0000
-300.5673 0.0000
-300.0151 0.0000
-299.0032 0.0000
-297.6928 0.0000
-298.1878 0.0000
-298.2728 0.0000
-296.8953 0.0000
-297.3953 0.0000
-297.0772 0.0000
-298.3535 0.0000
-296.5764 0.0000
-297.3396 0.0000
-299.2202 0.0000
-296.8721 0.0000
-296.7098 0.0000
-297.2456 0.0000
-295.2452 0.0000
-294.4400 0.0000
-294.8294 0.0000
-294.5917 0.0000
-294.0409 0.0000
-293.7783 0.0000
-293.6674 0.0000
-295.2320 0.0000
-294.0965 0.0000
-294.3906 0.0000
-295.3726 0.0000
-293.7365 0.0000
-293.0358 0.0000
-294.1316 0.0000
-292.7496 0.0000
-292.3301 0.0000
-291.9040 0.0000
-293.0274 0.0000
-292.7191 0.0000
-294.0289 0.0000
-292.2343 0.0000
-291.5562 0.0000
-291.2578 0.0000
-290.6481 0.0000
-290.0482 0.0000
-290.8729 0.0000
-289.8718 0.0000
-289.9329 0.0000
-290.8321 0.0000
-290.4276 0.0000
-291.0226 0.0000
-290.3665 0.0000
-291.7895 0.0000
-291.4954 0.0000
-290.5383 0.0000
-290.7749 0.0000
-290.7807 0.0000
-291.3208 0.0000
-290.8135 0.0000
-290.0876 0.0000
-290.1445 0.0000
-289.5018 0.0000
-288.9803 0.0000
-288.9985 0.0000
-289.2312 0.0000
-287.4245 0.0000
-286.9310 0.0000
-286.3278 0.0000
-286.3603 0.0000
-285.6655 0.0000
-287.1264 0.0000
-288.8096 0.0000
-288.5688 0.0000
-289.2071 0.0000
-288.8162 0.0000
-289.2931 0.0000
-289.5013 0.0000
-289.5760 0.0000
-288.9734 0.0000
-289.3549 0.0000
-288.1544 0.0000
-286.4637 0.0000
-288.6835 0.0000
-289.3025 0.0000
-290.2785 0.0000
-290.2633 0.0000
-291.8389 0.0000
-292.6843 0.0000
-293.0982 0.0000
-292.6135 0.0000
-292.2428 0.0000
-293.3793 0.0000
-293.8644 0.0000
-293.1344 0.0000
-293.6268 0.0000
-293.8134 0.0000
-293.3633 0.0000
-293.5132 0.0000
-292.8622 0.0000
-291.9566 0.0000
-290.5524 0.0000
-291.9990 0.0000
-290.9262 0.0000
-289.0409 0.0000
-290.9341 0.0000
-289.8985 0.0000
-291.1396 0.0000
-290.8021 0.0000
-290.9310 0.0000
-290.5075 0.0000
-291.3504 0.0000
-290.5031 0.0000
-288.8359 0.0000
-289.6556 0.0000
-288.9542 0.0000
-289.9666 0.0000
-290.3629 0.0000
-290.0210 0.0000
-293.0955 0.0000
-293.3547 0.0000
-291.9570 0.0000
-293.2480 0.0000
-292.6898 0.0000
-292.9881 0.0000
-293.8831 0.0000
-293.7252 0.0000
-294.1464 0.0000
-292.2348 0.0000
-295.4184 0.0000
-293.7290 0.0000
-293.3707 0.0000
-292.5137 0.0000
-291.6884 0.0000
-292.8247 0.0000
-292.7042 0.0000
-292.7034 0.0000
-294.0316 0.0000
-293.1315 0.0000
-292.4109 0.0000
-291.7892 0.0000
-292.2445 0.0000
-291.8378 0.0000
-294.2630 0.0000
-292.3462 0.0000
-291.4951 0.0000
-292.0378 0.0000
-292.3788 0.0000
-290.6865 0.0000
-290.1180 0.0000
-290.3605 0.0000
-291.0897 0.0000
-289.9757 0.0000
-290.1256 0.0000
-288.4076 0.0000
-287.9308 0.0000
-287.6176 0.0000
-288.6920 0.0000
-286.4122 0.0000
-288.1661 0.0000
-288.1417 0.0000
-289.2048 0.0000
-286.7196 0.0000
-288.3057 0.0000
-288.7725 0.0000
-287.8572 0.0000
-288.7365 0.0000
-289.1696 0.0000
-289.6044 0.0000
-289.0210 0.0000
-289.1350 0.0000
-290.9492 0.0000
-291.3643 0.0000
-289.9127 0.0000
-290.3541 0.0000
-290.3714 0.0000
-290.0179 0.0000
-289.8846 0.0000
-289.1503 0.0000
-290.1202 0.0000
-291.0571 0.0000
-291.0317 0.0000
-291.8178 0.0000
-289.8414 0.0000
-288.9719 0.0000
-290.3089 0.0000
-289.9571 0.0000
-291.0929 0.0000
-289.7160 0.0000
-289.6396 0.0000
-289.3967 0.0000
-290.3695 0.0000
-291.2763 0.0000
-290.5670 0.0000
-291.2973 0.0000
-290.9766 0.0000
-291.1218 0.0000
-291.5933 0.0000
-291.5022 0.0000
-291.2174 0.0000
-291.7816 0.0000
-291.7469 0.0000
-293.4084 0.0000
-292.5217 0.0000
-294.5180 0.0000
-292.7346 0.0000
-293.3696 0.0000
-294.7074 0.0000
-295.7120 0.0000
-295.0514 0.0000
-294.1754 0.0000
-294.4135 0.0000
-294.8884 0.0000
-293.4549 0.0000
-296.6189 0.0000
-294.5697 0.0000
-296.8615 0.0000
-295.4695 0.0000
-294.5132 0.0000
-295.5648 0.0000
-295.0316 0.0000
-297.0085 0.0000
-295.4024 0.0000
-295.8850 0.0000
-296.7303 0.0000
-294.6169 0.0000
-295.2405 0.0000
-294.4092 0.0000
-294.1926 0.0000
-295.7351 0.0000
-294.7987 0.0000
-294.8052 0.0000
-295.7706 0.0000
-295.7498 0.0000
-294.4931 0.0000
-295.6096 0.0000
-294.4363 0.0000
-294.2083 0.0000
-294.9619 0.0000
-295.7544 0.0000
-294.3783 0.0000
-294.3206 0.0000
-296.8033 0.0000
-294.6883 0.0000
-293.5288 0.0000
-294.1559 0.0000
-292.6578 0.0000
-293.4404 0.0000
-295.5516 0.0000
-296.1713 0.0000
-296.1941 0.0000
-294.6058 0.0000
-294.5662 0.0000
-294.3280 0.0000
-293.9422 0.0000
-294.7453 0.0000
-295.8025 0.0000
-295.0540 0.0000
-294.6070 0.0000
-294.5837 0.0000
-294.1899 0.0000
-293.4919 0.0000
-294.0518 0.0000
-293.8984 0.0000
-293.6253 0.0000
-293.8524 0.0000
-294.2064 0.0000
-294.6672 0.0000
-295.4563 0.0000
-295.4978 0.0000
-294.7020 0.0000
-295.6182 0.0000
-295.1769 0.0000
-294.0873 0.0000
-292.9289 0.0000
-292.5997 0.0000
-293.2522 0.0000
-293.2968 0.0000
-290.8685 0.0000
-292.4237 0.0000
-291.2677 0.0000
-291.6870 0.0000
-290.5579 0.0000
-291.0703 0.0000
-290.9073 0.0000
-290.6147 0.0000
-290.1301 0.0000
-289.9950 0.0000
-289.7611 0.0000
-288.9992 0.0000
-288.2985 0.0000
-289.3509 0.0000
-288.4152 0.0000
-290.2271 0.0000
-289.5802 0.0000
-290.8189 0.0000
-289.8934 0.0000
-288.6021 0.0000
-289.3925 0.0000
-288.4169 0.0000
-288.7403 0.0000
-289.1797 0.0000
-291.0270 0.0000
-291.6241 0.0000
-292.5609 0.0000
-292.4792 0.0000
-291.9221 0.0000
-291.9186 0.0000
-291.3662 0.0000
-291.4331 0.0000
-291.5712 0.0000
-291.3590 0.0000
-290.4756 0.0000
-288.8911 0.0000
-289.5539 0.0000
-290.0593 0.0000
-291.0731 0.0000
-291.3158 0.0000
-289.3370 0.0000
-289.4250 0.0000
-289.5196 0.0000
-290.6793 0.0000
-290.6908 0.0000
-291.3372 0.0000
-289.9115 0.0000
-290.1839 0.0000
-291.3792 0.0000
-289.7875 0.0000
-290.1148 0.0000
-290.6159 0.0000
-290.5768 0.0000
-291.0767 0.0000
-291.9376 0.0000
-292.7175 0.0000
-291.8756 0.0000
-291.3068 0.0000
-291.9293 0.0000
-291.6988 0.0000
-291.8722 0.0000
-290.7868 0.0000
-291.6346 0.0000
-291.3001 0.0000
-290.5240 0.0000
-291.7013 0.0000
-292.1762 0.0000
-292.9714 0.0000
-292.9070 0.0000
-291.5490 0.0000
-292.1165 0.0000
-291.3007 0.0000
-290.4169 0.0000
-289.7266 0.0000
-289.6254 0.0000
-289.3614 0.0000
-289.8618 0.0000
-290.1681 0.0000
-288.6368 0.0000
-289.9551 0.0000
-291.5548 0.0000
-292.1799 0.0000
-292.9763 0.0000
-293.0136 0.0000
-293.3645 0.0000
-294.4680 0.0000
-293.7513 0.0000
-293.4801 0.0000
-293.5622 0.0000
-293.0823 0.0000
-293.9643 0.0000
-293.9957 0.0000
-294.6149 0.0000
-294.7621 0.0000
-295.6001 0.0000
-294.4282 0.0000
-292.8715 0.0000
-292.0110 0.0000
-293.1877 0.0000
-292.1999 0.0000
-292.1255 0.0000
-292.0653 0.0000
-291.3322 0.0000
-291.3858 0.0000
-291.2076 0.0000
-290.7624 0.0000
-290.5613 0.0000
-291.6792 0.0000
-291.3571 0.0000
-290.7817 0.0000
-289.9863 0.0000
-290.3989 0.0000
-291.5553 0.0000
-292.2352 0.0000
-291.2307 0.0000
-291.0510 0.0000
-291.1541 0.0000
-290.5543 0.0000
-291.8697 0.0000
-291.5509 0.0000
-291.3911 0.0000
-293.6146 0.0000
-292.8368 0.0000
-291.6661 0.0000
-291.8226 0.0000
-292.7104 0.0000
-293.5378 0.0000
-291.9588 0.0000
-290.1905 0.0000
-291.1803 0.0000
-291.8055 0.0000
-292.1259 0.0000
-291.3721 0.0000
-289.6756 0.0000
-289.9053 0.0000
-289.5247 0.0000
-289.5972 0.0000
-287.7319 0.0000
-286.1271 0.0000
-286.8136 0.0000
-288.2683 0.0000
-288.4338 0.0000
-288.0242 0.0000
-288.2363 0.0000
-290.8981 0.0000
-288.9114 0.0000
-289.2891 0.0000
-288.8849 0.0000
-288.8802 0.0000
-287.6766 0.0000
-287.6831 0.0000
-287.6550 0.0000
-287.9066 0.0000
-286.8873 0.0000
-287.1857 0.0000
-288.2975 0.0000
-287.9176 0.0000
-287.5193 0.0000
-288.0632 0.0000
-287.1835 0.0000
-288.0814 0.0000
-287.2448 0.0000
-287.6015 0.0000
-287.1129 0.0000
-286.7638 0.0000
-286.4192 0.0000
-288.3110 0.0000
-288.4973 0.0000
-288.2581 0.0000
-289.6056 0.0000
-288.3852 0.0000
-288.1186 0.0000
-288.9353 0.0000
-288.2475 0.0000
-290.0913 0.0000
-289.7595 0.0000
-287.8213 0.0000
-289.1376 0.0000
-288.4114 0.0000
-288.7944 0.0000
-288.1775 0.0000
-289.7382 0.0000
-289.3937 0.0000
-288.9557 0.0000
-289.6599 0.0000
-290.7108 0.0000
-288.5160 0.0000
-288.7060 0.0000
-287.8177 0.0000
-287.1033 0.0000
-286.3605 0.0000
-286.7609 0.0000
-287.7722 0.0000
-287.6790 0.0000
-288.6915 0.0000
-287.8084 0.0000
-289.2999 0.0000
-290.3369 0.0000
-289.7712 0.0000
-290.0325 0.0000
-289.6094 0.0000
-289.8695 0.0000
-289.2908 0.0000
-289.5875 0.0000
-290.3478 0.0000
-290.4136 0.0000
-289.8445 0.0000
-290.8589 0.0000
-289.8349 0.0000
-289.0262 0.0000
-289.5288 0.0000
-289.2420 0.0000
-288.9007 0.0000
-288.6853 0.0000
-288.8571 0.0000
-289.0388 0.0000
-288.6159 0.0000
-287.6558 0.0000
-289.1158 0.0000
-288.9649 0.0000
-289.2006 0.0000
-289.1396 0.0000
-288.9871 0.0000
-289.6745 0.0000
-289.6098 0.0000
-290.0184 0.0000
-289.8412 0.0000
-291.0633 0.0000
-290.7716 0.0000
-290.8992 0.0000
-291.0475 0.0000
-291.8724 0.0000
-291.5651 0.0000
-291.4441 0.0000
-292.4268 0.0000
-292.0141 0.0000
-292.6388 0.0000
-291.4239 0.0000
-292.2923 0.0000
-292.3819 0.0000
-292.2745 0.0000
-292.0253 0.0000
-293.3119 0.0000
-293.3382 0.0000
-293.4570 0.0000
-293.6043 0.0000
-293.1712 0.0000
-293.3530 0.0000
-292.7285 0.0000
-294.9159 0.0000
-293.5282 0.0000
-294.1933 0.0000
-293.6377 0.0000
-293.9524 0.0000
-294.8899 0.0000
-294.6531 0.0000
-294.2504 0.0000
-293.6084 0.0000
-295.2934 0.0000
-296.5151 0.0000
-294.3194 0.0000
-295.5069 0.0000
-296.8127 0.0000
-295.2610 0.0000
-295.5330 0.0000
-296.5920 0.0000
-295.1812 0.0000
-295.4921 0.0000
-296.5926 0.0000
-295.5198 0.0000
-294.7921 0.0000
-293.7510 0.0000
-294.3400 0.0000
-295.3728 0.0000
-294.7949 0.0000
-294.6248 0.0000
-294.7695 0.0000
-294.8492 0.0000
-295.5811 0.0000
-294.6487 0.0000
-294.6914 0.0000
-293.8559 0.0000
-294.5184 0.0000
-295.7145 0.0000
-293.6590 0.0000
-292.8996 0.0000
-292.6206 0.0000
-291.3591 0.0000
-291.1334 0.0000
-290.9781 0.0000
-292.1823 0.0000
-291.3207 0.0000
-291.6620 0.0000
-291.4642 0.0000
-289.4930 0.0000
-291.0105 0.0000
-291.5098 0.0000
-288.9265 0.0000
-290.5977 0.0000
-291.4891 0.0000
-290.9104 0.0000
-288.9697 0.0000
-288.4680 0.0000
-290.5350 0.0000
-290.8281 0.0000
-290.7934 0.0000
-292.3843 0.0000
-290.3241 0.0000
-290.5655 0.0000
-290.0872 0.0000
-289.3307 0.0000
-289.2928 0.0000
-290.1316 0.0000
-290.3805 0.0000
-290.6081 0.0000
-291.5448 0.0000
-288.9378 0.0000
-288.2665 0.0000
-288.9641 0.0000
-290.5890 0.0000
-287.4337 0.0000
-287.9903 0.0000
-288.1518 0.0000
-287.2394 0.0000
-286.9789 0.0000
-287.9198 0.0000
-287.4757 0.0000
-287.3466 0.0000
-287.7490 0.0000
-288.0240 0.0000
-287.3172 0.0000
-286.9776 0.0000
-288.0047 0.0000
-288.6177 0.0000
-288.8008 0.0000
-287.9444 0.0000
-288.5443 0.0000
-286.9424 0.0000
-288.2727 0.0000
-288.7642 0.0000
-289.1432 0.0000
-288.0297 0.0000
-288.1458 0.0000
-288.2909 0.0000
-289.0402 0.0000
-288.2262 0.0000
-289.4115 0.0000
-288.2875 0.0000
-286.5929 0.0000
-285.8611 0.0000
-286.5778 0.0000
-286.9843 0.0000
-286.6741 0.0000
-286.9664 0.0000
-286.6415 0.0000
-286.5982 0.0000
-286.7648 0.0000
-287.3792 0.0000
-288.5596 0.0000
-287.3793 0.0000
-286.8155 0.0000
-287.2958 0.0000
-287.5851 0.0000
-287.1026 0.0000
-287.2019 0.0000
-288.2181 0.0000
-287.4490 0.0000
-287.2740 0.0000
-287.3443 0.0000
-285.9202 0.0000
-284.8527 0.0000
-286.0410 0.0000
-286.2843 0.0000
-285.8565 0.0000
-286.4411 0.0000
-285.0751 0.0000
-286.1921 0.0000
-285.2092 0.0000
-286.4067 0.0000
-286.0304 0.0000
-285.2325 0.0000
-286.2537 0.0000
-285.5487 0.0000
-283.9113 0.0000
-283.2498 0.0000
-284.1175 0.0000
-282.5229 0.0000
-282.9063 0.0000
-283.1487 0.0000
-282.3216 0.0000
-283.1820 0.0000
-281.5584 0.0000
-281.7728 0.0000
-282.0575 0.0000
-282.9003 0.0000
-280.7017 0.0000
-281.1572 0.0000
-279.9084 0.0000
-282.4609 0.0000
-282.4941 0.0000
-282.1384 0.0000
-282.5495 0.0000
-281.0826 0.0000
-282.0628 0.0000
-281.7288 0.0000
-281.4303 0.0000
-281.8931 0.0000
-282.2099 0.0000
-281.6585 0.0000
-282.5418 0.0000
-282.6996 0.0000
-282.8840 0.0000
-282.4821 0.0000
-283.5226 0.0000
-283.8265 0.0000
-283.5807 0.0000
-282.5546 0.0000
-282.8022 0.0000
-282.1283 0.0000
-282.4739 0.0000
-281.9861 0.0000
-281.8905 0.0000
-283.1617 0.0000
-280.6454 0.0000
-281.6268 0.0000
-280.7307 0.0000
-281.9574 0.0000
-281.9392 0.0000
-282.4974 0.0000
-281.8147 0.0000
-281.2932 0.0000
-281.6325 0.0000
-281.4621 0.0000
-283.2800 0.0000
-282.7628 0.0000
-281.8872 0.0000
-282.4635 0.0000
-282.0489 0.0000
-282.1997 0.0000
-281.4182 0.0000
-281.9858 0.0000
-280.6493 0.0000
-282.1240 0.0000
-281.1813 0.0000
-281.4088 0.0000
-281.8225 0.0000
-282.5645 0.0000
-280.0720 0.0000
-280.2840 0.0000
-280.2808 0.0000
-280.7540 0.0000
-280.1662 0.0000
-280.4908 0.0000
-280.1553 0.0000
-279.5849 0.0000
-280.0796 0.0000
-280.3258 0.0000
-281.5667 0.0000
-280.2149 0.0000
-280.1229 0.0000
-280.3654 0.0000
-279.8848 0.0000
-279.6571 0.0000
-280.0941 0.0000
-279.5204 0.0000
-280.3555 0.0000
-279.5703 0.0000
-279.1829 0.0000
-279.3515 0.0000
-280.7168 0.0000
-279.9267 0.0000
-280.1496 0.0000
-281.1147 0.0000
-280.9844 0.0000
-280.6124 0.0000
-280.2968 0.0000
-281.0684 0.0000
-282.1609 0.0000
-282.1104 0.0000
-281.8070 0.0000
-282.5190 0.0000
-281.7882 0.0000
-282.7005 0.0000
-282.9111 0.0000
-282.3934 0.0000
-283.2171 0.0000
-281.8001 0.0000
-280.5354 0.0000
-282.3740 0.0000
-282.0022 0.0000
-282.1828 0.0000
-282.8887 0.0000
-283.3390 0.0000
-283.4540 0.0000
-283.1514 0.0000
-283.8756 0.0000
-284.0017 0.0000
-284.3767 0.0000
-284.6087 0.0000
-285.9269 0.0000
-285.0603 0.0000
-285.0285 0.0000
-285.2371 0.0000
-284.2284 0.0000
-284.5397 0.0000
-286.0829 0.0000
-287.5144 0.0000
-287.8821 0.0000
-289.2338 0.0000
-290.5738 0.0000
-291.5548 0.0000
-292.1748 0.0000
-293.0832 0.0000
-293.0762 0.0000
-294.2218 0.0000
-293.7741 0.0000
-294.2708 0.0000
-294.5867 0.0000
-294.1171 0.0000
-294.8539 0.0000
-294.6357 0.0000
-295.5431 0.0000
-296.7546 0.0000
-295.1714 0.0000
-295.2895 0.0000
-294.5034 0.0000
-293.4266 0.0000
-292.8077 0.0000
-293.9582 0.0000
-293.5778 0.0000
-292.5793 0.0000
-293.3194 0.0000
-292.7322 0.0000
-293.4626 0.0000
-294.1842 0.0000
-292.8808 0.0000
-294.9808 0.0000
-295.3871 0.0000
-293.1286 0.0000
-291.4900 0.0000
-292.4174 0.0000
-292.1284 0.0000
-291.5761 0.0000
-291.9786 0.0000
-292.2060 0.0000
-291.0452 0.0000
-292.3643 0.0000
-291.7569 0.0000
-292.5705 0.0000
-290.4151 0.0000
-289.5064 0.0000
-289.4627 0.0000
-289.2520 0.0000
-288.3946 0.0000
-287.4430 0.0000
-288.1406 0.0000
-289.6897 0.0000
-288.1918 0.0000
-288.9650 0.0000
-288.0651 0.0000
-288.0547 0.0000
-287.7569 0.0000
-288.1566 0.0000
-286.9623 0.0000
-287.4294 0.0000
-286.6577 0.0000
-288.9003 0.0000
-288.4877 0.0000
-287.7902 0.0000
-289.3975 0.0000
-289.6902 0.0000
-288.3781 0.0000
-288.1032 0.0000
-288.6591 0.0000
-287.0726 0.0000
-288.9953 0.0000
-288.5120 0.0000
-288.5664 0.0000
-288.8654 0.0000
-289.5326 0.0000
-290.0780 0.0000
-290.2062 0.0000
-291.9926 0.0000
-290.5872 0.0000
-290.9853 0.0000
-290.1184 0.0000
-289.0984 0.0000
-289.2926 0.0000
-290.5950 0.0000
-288.5048 0.0000
-290.3859 0.0000
-288.7752 0.0000
-289.7324 0.0000
-288.9353 0.0000
-288.5398 0.0000
-289.2617 0.0000
-291.5854 0.0000
-290.7894 0.0000
-290.0175 0.0000
-288.7354 0.0000
-290.5987 0.0000
-290.0682 0.0000
-287.7354 0.0000
-286.9825 0.0000
-286.3697 0.0000
-287.0594 0.0000
-288.5700 0.0000
-289.7530 0.0000
-287.7198 0.0000
-285.8846 0.0000
-287.3316 0.0000
-286.6900 0.0000
-286.1223 0.0000
-285.3413 0.0000
-284.8827 0.0000
-286.0225 0.0000
-285.2181 0.0000
-287.6043 0.0000
-285.6344 0.0000
-285.0920 0.0000
-284.4231 0.0000
-284.8689 0.0000
-285.9721 0.0000
-284.6009 0.0000
-285.4855 0.0000
-284.6233 0.0000
-285.4464 0.0000
-283.8294 0.0000
-283.3093 0.0000
-282.0157 0.0000
-283.5745 0.0000
-283.8149 0.0000
-282.4929 0.0000
-282.4047 0.0000
-282.3669 0.0000
-282.0161 0.0000
-283.1172 0.0000
-283.2138 0.0000
-283.8747 0.0000
-282.6109 0.0000
-283.3848 0.0000
-282.6509 0.0000
-282.6906 0.0000
-282.0043 0.0000
-282.8101 0.0000
-283.2095 0.0000
-282.5729 0.0000
-283.1607 0.0000
-283.0448 0.0000
-282.7590 0.0000
-282.8762 0.0000
-283.2552 0.0000
-282.6787 0.0000
-283.2791 0.0000
-281.9587 0.0000
-282.4464 0.0000
-283.8597 0.0000
-283.0458 0.0000
-283.0801 0.0000
-285.2613 0.0000
-283.6116 0.0000
-283.3205 0.0000
-282.9593 0.0000
-282.8882 0.0000
-282.9523 0.0000
-283.6755 0.0000
-284.0906 0.0000
-282.9467 0.0000
-283.3647 0.0000
-283.2327 0.0000
-283.0919 0.0000
-281.9415 0.0000
-283.0331 0.0000
-283.9779 0.0000
-283.4329 0.0000
-284.8971 0.0000
-284.8583 0.0000
-283.5678 0.0000
-282.2163 0.0000
-282.3886 0.0000
-281.8213 0.0000
-280.7370 0.0000
-281.1580 0.0000
-280.9958 0.0000
-281.0073 0.0000
-281.5709 0.0000
-282.4825 0.0000
-282.6915 0.0000
-282.0272 0.0000
-281.6028 0.0000
-282.0499 0.0000
-281.7669 0.0000
-283.0017 0.0000
-283.5164 0.0000
-284.1125 0.0000
-285.1627 0.0000
-283.7684 0.0000
-283.9962 0.0000
-283.1585 0.0000
-282.0773 0.0000
-281.7000 0.0000
-282.7504 0.0000
-281.9274 0.0000
-282.5406 0.0000
-282.9588 0.0000
-283.8707 0.0000
-284.1111 0.0000
-284.7667 0.0000
-285.3810 0.0000
-285.8849 0.0000
-285.3224 0.0000
-284.1066 0.0000
-284.2093 0.0000
-284.6278 0.0000
-284.7963 0.0000
-286.2663 0.0000
-285.4180 0.0000
-285.3538 0.0000
-285.6597 0.0000
-288.0012 0.0000
-288.3870 0.0000
-287.6472 0.0000
-287.9034 0.0000
-288.9171 0.0000
-288.5709 0.0000
-287.6241 0.0000
-287.2242 0.0000
-285.7571 0.0000
-285.8994 0.0000
-285.7635 0.0000
-286.0888 0.0000
-286.1547 0.0000
-287.4551 0.0000
-285.8981 0.0000
-285.9368 0.0000
-284.6162 0.0000
-284.5314 0.0000
-284.2096 0.0000
-284.5280 0.0000
-284.9328 0.0000
-285.4811 0.0000
-286.4084 0.0000
-289.2957 0.0000
-291.0731 0.0000
-292.6693 0.0000
-294.2336 0.0000
-293.8838 0.0000
-293.9426 0.0000
-295.5175 0.0000
-295.5870 0.0000
-297.1927 0.0000
-295.5444 0.0000
-296.4755 0.0000
-296.1778 0.0000
-296.7457 0.0000
-295.1316 0.0000
-295.7430 0.0000
-296.7424 0.0000
-297.0909 0.0000
-297.2707 0.0000
-296.0298 0.0000
-296.7502 0.0000
-294.8314 0.0000
-295.9676 0.0000
-296.7833 0.0000
-295.6088 0.0000
-294.2199 0.0000
-296.6902 0.0000
-297.3004 0.0000
-298.3509 0.0000
-296.8650 0.0000
-297.9968 0.0000
-297.8426 0.0000
-298.3247 0.0000
-297.0526 0.0000
-295.7098 0.0000
-299.7417 0.0000
-296.6304 0.0000
-296.5436 0.0000
-296.7575 0.0000
-297.5705 0.0000
-295.5292 0.0000
-296.5617 0.0000
-296.9823 0.0000
-295.6344 0.0000
-294.8594 0.0000
-293.8471 0.0000
-293.4176 0.0000
-293.3345 0.0000
-292.7048 0.0000
-292.8645 0.0000
-291.7112 0.0000
-290.9983 0.0000
-289.3844 0.0000
-289.0019 0.0000
-289.4912 0.0000
-287.8713 0.0000
-287.2446 0.0000
-288.0475 0.0000
-288.5204 0.0000
-288.7257 0.0000
-289.8485 0.0000
-287.4868 0.0000
-287.9179 0.0000
-288.5877 0.0000
-288.1798 0.0000
-287.1616 0.0000
-286.7303 0.0000
-284.2197 0.0000
-285.0202 0.0000
-285.4091 0.0000
-286.4296 0.0000
-287.4309 0.0000
-287.6756 0.0000
-286.7292 0.0000
-285.0040 0.0000
-283.2675 0.0000
-282.6150 0.0000
-282.5905 0.0000
-281.8928 0.0000
-284.1579 0.0000
-285.3947 0.0000
-283.9913 0.0000
-284.1146 0.0000
-284.9504 0.0000
-284.7774 0.0000
-282.2310 0.0000
-282.4515 0.0000
-283.0470 0.0000
-284.1864 0.0000
-283.7345 0.0000
-282.9934 0.0000
-282.2845 0.0000
-283.8499 0.0000
-282.4230 0.0000
-281.1719 0.0000
-281.1917 0.0000
-281.2337 0.0000
-281.2468 0.0000
-281.7116 0.0000
-281.8938 0.0000
-282.5601 0.0000
-282.3469 0.0000
-282.9975 0.0000
-283.7196 0.0000
-281.0205 0.0000
-282.9603 0.0000
-283.0210 0.0000
-282.9929 0.0000
-282.9744 0.0000
-284.9382 0.0000
-282.1519 0.0000
-283.3727 0.0000
-284.3000 0.0000
-284.7093 0.0000
-285.8427 0.0000
-287.2330 0.0000
-287.3922 0.0000
-287.5898 0.0000
-288.0938 0.0000
-286.9174 0.0000
-287.6256 0.0000
-287.8993 0.0000
-288.1320 0.0000
-289.8711 0.0000
-286.5255 0.0000
-288.6440 0.0000
-287.8422 0.0000
-287.8348 0.0000
-287.0499 0.0000
-287.2846 0.0000
-287.5973 0.0000
-287.3196 0.0000
-286.1986 0.0000
-286.4268 0.0000
-285.6315 0.0000
-285.0921 0.0000
-285.2011 0.0000
-284.8708 0.0000
-285.3135 0.0000
-286.4138 0.0000
-286.3593 0.0000
-285.7630 0.0000
-286.7025 0.0000
-284.6664 0.0000
-283.8551 0.0000
-283.1727 0.0000
-283.0708 0.0000
-282.9273 0.0000
-283.4406 0.0000
-282.8680 0.0000
-282.8163 0.0000
-283.1786 0.0000
-283.7861 0.0000
-284.4549 0.0000
-285.3911 0.0000
-285.6442 0.0000
-286.0921 0.0000
-285.8013 0.0000
-285.3096 0.0000
-285.0686 0.0000
-284.2841 0.0000
-283.5736 0.0000
-283.6403 0.0000
-285.2243 0.0000
-284.5802 0.0000
-283.9560 0.0000
-283.0330 0.0000
-281.9799 0.0000
-282.1111 0.0000
-282.8064 0.0000
-282.7597 0.0000
-282.3779 0.0000
-282.2293 0.0000
-282.7629 0.0000
-282.4053 0.0000
-282.5215 0.0000
-281.7650 0.0000
-281.1718 0.0000
-280.9443 0.0000
-280.7243 0.0000
-280.5595 0.0000
-280.7371 0.0000
-280.6954 0.0000
-280.6872 0.0000
-281.1337 0.0000
-280.5860 0.0000
-280.5382 0.0000
-280.2246 0.0000
-280.8486 0.0000
-281.2985 0.0000
-281.3718 0.0000
-281.7145 0.0000
-281.7285 0.0000
-281.1169 0.0000
-281.7629 0.0000
-281.5304 0.0000
-280.8628 0.0000
-282.0401 0.0000
-282.0320 0.0000
-282.3101 0.0000
-283.0871 0.0000
-282.5085 0.0000
-282.8574 0.0000
-283.4509 0.0000
-283.1104 0.0000
-283.7627 0.0000
-282.7669 0.0000
-282.6433 0.0000
-282.6331 0.0000
-282.5120 0.0000
-281.5853 0.0000
-281.8196 0.0000
-282.9392 0.0000
-283.5412 0.0000
-283.8823 0.0000
-284.2214 0.0000
-283.2570 0.0000
-282.9175 0.0000
-282.2608 0.0000
-281.8520 0.0000
-281.2585 0.0000
-281.7479 0.0000
-283.1000 0.0000
-281.8195 0.0000
-281.1321 0.0000
-281.5430 0.0000
-281.7235 0.0000
-281.1898 0.0000
-281.3773 0.0000
-281.6153 0.0000
-280.9715 0.0000
-280.4351 0.0000
-280.3082 0.0000
-280.4782 0.0000
-279.8178 0.0000
-280.5949 0.0000
-280.3282 0.0000
-280.1312 0.0000
-280.7878 0.0000
-280.8027 0.0000
-281.7566 0.0000
-282.1651 0.0000
-282.2319 0.0000
-282.2781 0.0000
-282.6676 0.0000
-282.9463 0.0000
-281.8620 0.0000
-281.8004 0.0000
-280.5361 0.0000
-279.9535 0.0000
-280.5606 0.0000
-279.8362 0.0000
-278.6780 0.0000
-279.9170 0.0000
-278.8813 0.0000
-278.1298 0.0000
-278.1458 0.0000
-278.6150 0.0000
-279.2213 0.0000
-279.9115 0.0000
-280.1338 0.0000
-279.2259 0.0000
-279.6043 0.0000
-280.2290 0.0000
-280.5855 0.0000
-279.9793 0.0000
-280.4564 0.0000
-281.1820 0.0000
-280.6600 0.0000
-282.4549 0.0000
-279.3997 0.0000
-281.0022 0.0000
-280.8047 0.0000
-280.3237 0.0000
-279.9052 0.0000
-279.1421 0.0000
-278.6182 0.0000
-278.8422 0.0000
-279.2414 0.0000
-280.9582 0.0000
-281.2880 0.0000
-281.0040 0.0000
-280.4115 0.0000
-281.7502 0.0000
-281.4201 0.0000
-281.5616 0.0000
-280.5533 0.0000
-279.0752 0.0000
-279.2465 0.0000
-279.5184 0.0000
-279.8084 0.0000
-279.2405 0.0000
-280.0998 0.0000
-280.1657 0.0000
-280.2970 0.0000
-280.4073 0.0000
-279.1906 0.0000
-278.7165 0.0000
-278.4215 0.0000
-277.4854 0.0000
-277.0684 0.0000
-277.4508 0.0000
-277.2074 0.0000
-277.0122 0.0000
-277.5907 0.0000
-278.0250 0.0000
-277.8661 0.0000
-277.4803 0.0000
-278.3175 0.0000
-278.0208 0.0000
-277.6994 0.0000
-277.4319 0.0000
-278.5776 0.0000
-279.0887 0.0000
-279.2296 0.0000
-279.8216 0.0000
-279.1377 0.0000
-278.9238 0.0000
-279.6490 0.0000
-279.1922 0.0000
-278.8587 0.0000
-278.6983 0.0000
-278.4928 0.0000
-277.9099 0.0000
-278.2201 0.0000
-277.6827 0.0000
-276.9569 0.0000
-277.2457 0.0000
-277.4039 0.0000
-278.2828 0.0000
-277.2369 0.0000
-276.3410 0.0000
-275.9556 0.0000
-276.4040 0.0000
-276.0381 0.0000
-276.2639 0.0000
-276.9766 0.0000
-276.2032 0.0000
-276.1080 0.0000
-277.2387 0.0000
-277.5712 0.0000
-278.1640 0.0000
-278.4145 0.0000
-277.7703 0.0000
-277.2357 0.0000
-277.5999 0.0000
-276.9237 0.0000
-276.6533 0.0000
-275.6786 0.0000
-276.3426 0.0000
-276.4632 0.0000
-275.8757 0.0000
-275.4319 0.0000
-275.8762 0.0000
-275.8169 0.0000
-275.6852 0.0000
-276.2973 0.0000
-276.1775 0.0000
-276.6268 0.0000
-276.6327 0.0000
-276.3586 0.0000
-276.6335 0.0000
-276.3944 0.0000
-276.3226 0.0000
-277.0249 0.0000
-276.5134 0.0000
-276.3675 0.0000
-276.4008 0.0000
-275.0515 0.0000
-275.8798 0.0000
-274.4069 0.0000
-275.1449 0.0000
-274.3891 0.0000
-274.4937 0.0000
-273.5258 0.0000
-273.3338 0.0000
-273.2291 0.0000
-272.8328 0.0000
-272.8897 0.0000
-273.2608 0.0000
-273.9025 0.0000
-274.7168 0.0000
-273.1779 0.0000
-273.7404 0.0000
-273.9927 0.0000
-274.0522 0.0000
-273.2967 0.0000
-274.0852 0.0000
-273.7313 0.0000
-273.4479 0.0000
-274.2548 0.0000
-274.2260 0.0000
-274.8887 0.0000
-273.7798 0.0000
-275.8700 0.0000
-274.4596 0.0000
-275.3492 0.0000
-274.1609 0.0000
-274.0956 0.0000
-274.7188 0.0000
-274.8227 0.0000
-275.6867 0.0000
-275.3089 0.0000
-273.6237 0.0000
-274.4138 0.0000
-274.6502 0.0000
-274.5348 0.0000
-274.6959 0.0000
-275.4174 0.0000
-275.0622 0.0000
-275.8765 0.0000
-274.8212 0.0000
-275.0299 0.0000
-275.7547 0.0000
-274.6502 0.0000
-276.1963 0.0000
-275.8538 0.0000
-275.9162 0.0000
-275.5046 0.0000
-275.1496 0.0000
-275.5951 0.0000
-275.0812 0.0000
-275.1976 0.0000
-275.1104 0.0000
-276.1800 0.0000
-276.9967 0.0000
-276.2056 0.0000
-275.0978 0.0000
-274.9584 0.0000
-275.8320 0.0000
-274.2160 0.0000
-273.3349 0.0000
-272.9459 0.0000
-272.6812 0.0000
-272.0510 0.0000
-272.4224 0.0000
-273.1057 0.0000
-270.9980 0.0000
-273.7794 0.0000
-272.0406 0.0000
-272.0574 0.0000
-271.5384 0.0000
-272.5711 0.0000
-273.5816 0.0000
-273.0759 0.0000
-273.0817 0.0000
-272.9678 0.0000
-271.8612 0.0000
-271.4373 0.0000
-270.9215 0.0000
-269.7222 0.0000
-270.1149 0.0000
-270.4005 0.0000
-270.9820 0.0000
-271.2714 0.0000
-270.3383 0.0000
-269.6213 0.0000
-270.5687 0.0000
-270.5648 0.0000
-269.3401 0.0000
-269.0240 0.0000
-269.7507 0.0000
-270.0419 0.0000
-270.1767 0.0000
-269.3696 0.0000
-268.8463 0.0000
-269.5823 0.0000
-269.3139 0.0000
-268.8416 0.0000
-269.5999 0.0000
-269.5157 0.0000
-269.4526 0.0000
-269.1350 0.0000
-270.1769 0.0000
-270.3392 0.0000
-269.6765 0.0000
-270.3149 0.0000
-271.0993 0.0000
-270.4109 0.0000
-270.8689 0.0000
-270.7408 0.0000
-270.1227 0.0000
-271.2554 0.0000
-270.3576 0.0000
-270.6797 0.0000
-271.2285 0.0000
-271.1488 0.0000
-270.8172 0.0000
-270.5566 0.0000
-271.2178 0.0000
-270.0071 0.0000
-270.2298 0.0000
-269.6730 0.0000
-269.1520 0.0000
-269.6572 0.0000
-269.7638 0.0000
-268.3259 0.0000
-268.1631 0.0000
-268.9005 0.0000
-267.0750 0.0000
-268.2470 0.0000
-270.3399 0.0000
-269.6299 0.0000
-269.9966 0.0000
-269.2196 0.0000
-269.7388 0.0000
-269.2667 0.0000
-269.3949 0.0000
-270.7265 0.0000
-269.0650 0.0000
-269.5244 0.0000
-268.9679 0.0000
-268.6926 0.0000
-267.4563 0.0000
-268.7357 0.0000
-269.0505 0.0000
-269.0027 0.0000
-269.6295 0.0000
-267.6960 0.0000
-268.4767 0.0000
-267.3028 0.0000
-268.2755 0.0000
-267.9135 0.0000
-267.9528 0.0000
-268.8454 0.0000
-266.9066 0.0000
-268.2362 0.0000
-268.5386 0.0000
-268.2917 0.0000
-268.9732 0.0000
-268.1946 0.0000
-267.8472 0.0000
-268.2372 0.0000
-267.8648 0.0000
-268.0698 0.0000
-267.1233 0.0000
-268.4841 0.0000
-269.3752 0.0000
-269.9620 0.0000
-269.7721 0.0000
-269.9181 0.0000
-268.9757 0.0000
-269.2264 0.0000
-270.1408 0.0000
-269.2377 0.0000
-269.9778 0.0000
-270.8561 0.0000
-271.0126 0.0000
-270.6877 0.0000
-271.3126 0.0000
-271.7876 0.0000
-271.3653 0.0000
-271.4057 0.0000
-271.8270 0.0000
-272.2064 0.0000
-271.2975 0.0000
-271.3181 0.0000
-272.1370 0.0000
-272.8456 0.0000
-271.0410 0.0000
-273.3237 0.0000
-274.7973 0.0000
-274.8981 0.0000
-274.5000 0.0000
-274.8234 0.0000
-275.0174 0.0000
-274.3714 0.0000
-273.7292 0.0000
-274.2295 0.0000
-273.2803 0.0000
-274.0403 0.0000
-272.8241 0.0000
-272.3361 0.0000
-272.7232 0.0000
-273.0736 0.0000
-272.9448 0.0000
-273.0012 0.0000
-272.9140 0.0000
-272.9165 0.0000
-272.7681 0.0000
-272.8952 0.0000
-273.2098 0.0000
-272.6231 0.0000
-273.3400 0.0000
-273.8146 0.0000
-273.9424 0.0000
-273.9116 0.0000
-275.2558 0.0000
-276.1863 0.0000
-276.1036 0.0000
-276.4026 0.0000
-276.8277 0.0000
-276.3372 0.0000
-276.0842 0.0000
-276.4422 0.0000
-275.9967 0.0000
-275.6767 0.0000
-275.2596 0.0000
-275.0971 0.0000
-275.9895 0.0000
-276.5461 0.0000
-276.4030 0.0000
-275.3137 0.0000
-274.9259 0.0000
-273.9508 0.0000
-274.5912 0.0000
-274.2600 0.0000
-274.2554 0.0000
-273.7029 0.0000
-273.1640 0.0000
-272.6474 0.0000
-272.2598 0.0000
-273.3739 0.0000
-273.7380 0.0000
-273.4996 0.0000
-273.2865 0.0000
-274.5911 0.0000
-273.8974 0.0000
-273.9342 0.0000
-274.6260 0.0000
-273.9419 0.0000
-273.5859 0.0000
-273.6585 0.0000
-274.1947 0.0000
-274.2897 0.0000
-274.5722 0.0000
-275.0731 0.0000
-274.4770 0.0000
-273.7624 0.0000
-275.2141 0.0000
-276.4079 0.0000
-275.3486 0.0000
-274.9627 0.0000
-275.1655 0.0000
-274.7176 0.0000
-274.3416 0.0000
-274.2016 0.0000
-274.1651 0.0000
-274.2781 0.0000
-273.9879 0.0000
-273.4778 0.0000
-274.3234 0.0000
-274.3695 0.0000
-274.6547 0.0000
-274.2256 0.0000
-274.0745 0.0000
-273.2741 0.0000
-273.2044 0.0000
-274.4436 0.0000
-273.2041 0.0000
-273.9796 0.0000
-274.2704 0.0000
-274.2531 0.0000
-273.6455 0.0000
-273.4295 0.0000
-274.2940 0.0000
-274.2361 0.0000
-273.1609 0.0000
-273.6078 0.0000
-274.0028 0.0000
-273.6418 0.0000
-273.5911 0.0000
-273.6310 0.0000
-273.3390 0.0000
-273.7293 0.0000
-273.6392 0.0000
-273.2936 0.0000
-272.8378 0.0000
-272.9008 0.0000
-271.8392 0.0000
-272.9761 0.0000
-272.4663 0.0000
-272.2404 0.0000
-271.3959 0.0000
-271.8280 0.0000
-272.0115 0.0000
-270.9057 0.0000
-271.7723 0.0000
-271.9023 0.0000
-271.7695 0.0000
-271.5068 0.0000
-271.2846 0.0000
-272.2539 0.0000
-271.7723 0.0000
-272.0021 0.0000
-272.0075 0.0000
-272.9503 0.0000
-271.8262 0.0000
-271.7431 0.0000
-271.7366 0.0000
-271.7495 0.0000
-270.4122 0.0000
-270.5944 0.0000
-270.4483 0.0000
-271.1902 0.0000
-270.6752 0.0000
-270.7491 0.0000
-271.0180 0.0000
-270.1788 0.0000
-270.2380 0.0000
-271.0402 0.0000
-271.6670 0.0000
-271.7735 0.0000
-272.6577 0.0000
-272.8715 0.0000
-272.2522 0.0000
-270.8527 0.0000
-272.5653 0.0000
-273.0257 0.0000
-272.2776 0.0000
-271.7937 0.0000
-272.8051 0.0000
-272.3273 0.0000
-272.1243 0.0000
-272.7633 0.0000
-272.5321 0.0000
-272.1019 0.0000
-272.4095 0.0000
-272.1501 0.0000
-272.9635 0.0000
-273.2941 0.0000
-272.5738 0.0000
-273.5885 0.0000
-273.6446 0.0000
-273.3310 0.0000
-272.7792 0.0000
-272.8161 0.0000
-272.6349 0.0000
-273.1329 0.0000
-273.8752 0.0000
-273.7640 0.0000
-274.3976 0.0000
-273.2815 0.0000
-275.0347 0.0000
-274.7296 0.0000
-274.3246 0.0000
-275.1696 0.0000
-274.9823 0.0000
-275.7368 0.0000
-274.7658 0.0000
-274.8668 0.0000
-274.8039 0.0000
-274.4561 0.0000
-274.3457 0.0000
-275.8173 0.0000
-273.4940 0.0000
-274.5706 0.0000
-274.7574 0.0000
-274.9925 0.0000
-274.9248 0.0000
-275.8540 0.0000
-275.8872 0.0000
-276.2707 0.0000
-275.9553 0.0000
-277.4146 0.0000
-275.5293 0.0000
-276.0375 0.0000
-276.0234 0.0000
-276.5658 0.0000
-275.6997 0.0000
-276.6062 0.0000
-274.9752 0.0000
-275.4975 0.0000
-275.6134 0.0000
-276.3249 0.0000
-276.3300 0.0000
-277.0240 0.0000
-276.1339 0.0000
-275.6151 0.0000
-275.4621 0.0000
-275.1431 0.0000
-276.9533 0.0000
-274.6245 0.0000
-275.8747 0.0000
-275.0841 0.0000
-275.2712 0.0000
-275.1683 0.0000
-275.5422 0.0000
-275.3995 0.0000
-275.9653 0.0000
-274.6948 0.0000
-276.1900 0.0000
-274.5158 0.0000
-276.1923 0.0000
-275.5323 0.0000
-276.2773 0.0000
-276.0154 0.0000
-275.9432 0.0000
-275.7481 0.0000
-275.9704 0.0000
-275.7231 0.0000
-273.4160 0.0000
-274.8674 0.0000
-276.2527 0.0000
-275.1281 0.0000
-275.7203 0.0000
-276.4402 0.0000
-276.0539 0.0000
-276.7357 0.0000
-277.2877 0.0000
-277.4323 0.0000
-277.7565 0.0000
-278.4290 0.0000
-277.6780 0.0000
-278.9385 0.0000
-276.3187 0.0000
-277.0644 0.0000
-276.0332 0.0000
-276.0122 0.0000
-276.1480 0.0000
-275.8111 0.0000
-275.6624 0.0000
-275.5636 0.0000
-274.9370 0.0000
-275.4357 0.0000
-274.9750 0.0000
-276.1309 0.0000
-275.6440 0.0000
-274.7994 0.0000
-274.5356 0.0000
-274.9584 0.0000
-273.4410 0.0000
-274.4579 0.0000
-274.5749 0.0000
-273.2706 0.0000
-273.1127 0.0000
-272.7375 0.0000
-272.2862 0.0000
-273.5806 0.0000
-273.8329 0.0000
-274.2160 0.0000
-273.9887 0.0000
-272.8192 0.0000
-273.8605 0.0000
-274.3200 0.0000
-274.4269 0.0000
-274.5316 0.0000
-274.5304 0.0000
-274.7836 0.0000
-275.2548 0.0000
-274.4495 0.0000
-274.2946 0.0000
-272.5362 0.0000
-273.9822 0.0000
-274.6369 0.0000
-273.5843 0.0000
-274.5829 0.0000
-274.7342 0.0000
-274.7368 0.0000
-274.9754 0.0000
-275.0281 0.0000
-274.7185 0.0000
-276.6133 0.0000
-275.3951 0.0000
-273.8774 0.0000
-275.6557 0.0000
-274.7859 0.0000
-274.8976 0.0000
-274.5466 0.0000
-274.5465 0.0000
-274.7590 0.0000
-274.2052 0.0000
-274.7652 0.0000
-275.8876 0.0000
-276.1983 0.0000
-275.8784 0.0000
-276.2865 0.0000
-276.4574 0.0000
-276.5766 0.0000
-276.8433 0.0000
-277.4811 0.0000
-275.7378 0.0000
-275.3000 0.0000
-274.8440 0.0000
-275.6081 0.0000
-275.1005 0.0000
-277.2162 0.0000
-275.2108 0.0000
-274.8369 0.0000
-276.0162 0.0000
-274.7856 0.0000
-275.1410 0.0000
-275.1904 0.0000
-276.4011 0.0000
-274.3561 0.0000
-275.8155 0.0000
-276.0065 0.0000
-274.6172 0.0000
-275.4430 0.0000
-275.2564 0.0000
-274.8496 0.0000
-274.9371 0.0000
-274.3574 0.0000
-274.3737 0.0000
-276.0941 0.0000
-276.4716 0.0000
-276.0232 0.0000
-276.5880 0.0000
-276.3421 0.0000
-276.5190 0.0000
-276.2302 0.0000
-275.9341 0.0000
-275.0163 0.0000
-273.4134 0.0000
-276.4861 0.0000
-274.9376 0.0000
-275.7670 0.0000
-275.3999 0.0000
-275.7330 0.0000
-275.2829 0.0000
-275.6734 0.0000
-274.7613 0.0000
-275.1284 0.0000
-276.1776 0.0000
-273.9480 0.0000
-274.9940 0.0000
-276.5039 0.0000
-273.5728 0.0000
-272.5220 0.0000
-272.8927 0.0000
-272.9326 0.0000
-273.5721 0.0000
-272.4769 0.0000
-273.2135 0.0000
-270.4683 0.0000
-274.0407 0.0000
-271.4158 0.0000
-273.0188 0.0000
-272.3477 0.0000
-273.7733 0.0000
-272.5188 0.0000
-272.8843 0.0000
-272.2872 0.0000
-272.6013 0.0000
-274.3012 0.0000
-273.8554 0.0000
-273.0378 0.0000
-273.1292 0.0000
-273.9153 0.0000
-273.3333 0.0000
-272.4496 0.0000
-273.3516 0.0000
-273.3014 0.0000
-273.4706 0.0000
-272.5396 0.0000
-271.4696 0.0000
-274.1124 0.0000
-274.4513 0.0000
-275.9030 0.0000
-276.0162 0.0000
-276.4667 0.0000
-275.8290 0.0000
-274.0380 0.0000
-275.5495 0.0000
-276.0678 0.0000
-275.4690 0.0000
-274.7933 0.0000
-276.8457 0.0000
-275.8799 0.0000
-278.5033 0.0000
-275.3052 0.0000
-275.5228 0.0000
-277.7618 0.0000
-277.8547 0.0000
-277.0374 0.0000
-276.1596 0.0000
-275.2351 0.0000
-275.4276 0.0000
-275.9784 0.0000
-275.8434 0.0000
-276.9067 0.0000
-275.3319 0.0000
-275.3280 0.0000
-275.7963 0.0000
-275.5896 0.0000
-277.1516 0.0000
-274.8723 0.0000
-273.5259 0.0000
-272.9227 0.0000
-273.8132 0.0000
-274.9142 0.0000
-278.0862 0.0000
-275.9561 0.0000
-276.1698 0.0000
-275.2325 0.0000
-275.8467 0.0000
-275.0912 0.0000
-278.1388 0.0000
-276.3511 0.0000
-273.8992 0.0000
-273.8220 0.0000
-274.9158 0.0000
-273.8600 0.0000
-273.7176 0.0000
-272.5335 0.0000
-273.9520 0.0000
-274.3380 0.0000
-272.1388 0.0000
-270.9382 0.0000
-271.0396 0.0000
-269.2994 0.0000
-271.2980 0.0000
-271.6899 0.0000
-272.1640 0.0000
-271.4774 0.0000
-270.6889 0.0000
-271.1358 0.0000
-272.1997 0.0000
-271.3510 0.0000
-270.6143 0.0000
-270.8064 0.0000
-270.2268 0.0000
-268.7597 0.0000
-268.0449 0.0000
-267.0192 0.0000
-266.4089 0.0000
-267.6903 0.0000
-267.3696 0.0000
-268.8920 0.0000
-267.2411 0.0000
-265.7950 0.0000
-266.3865 0.0000
-267.3033 0.0000
-267.3258 0.0000
-267.1255 0.0000
-266.1863 0.0000
-265.0265 0.0000
-264.3169 0.0000
-265.1163 0.0000
-264.2136 0.0000
-265.2268 0.0000
-264.1223 0.0000
-264.0891 0.0000
-264.6949 0.0000
-262.0614 0.0000
-261.6541 0.0000
-262.5557 0.0000
-262.2731 0.0000
-261.9447 0.0000
-262.3696 0.0000
-262.2613 0.0000
-263.8498 0.0000
-263.1711 0.0000
-261.2486 0.0000
-260.3894 0.0000
-260.2375 0.0000
-259.8145 0.0000
-260.4869 0.0000
-260.1362 0.0000
-260.1963 0.0000
-259.0724 0.0000
-258.2142 0.0000
-258.2298 0.0000
-259.1238 0.0000
-259.0736 0.0000
-259.1880 0.0000
-258.2069 0.0000
-260.4615 0.0000
-258.7835 0.0000
-258.6541 0.0000
-257.5096 0.0000
-260.2071 0.0000
-259.2310 0.0000
-260.0178 0.0000
-259.0958 0.0000
-259.7629 0.0000
-259.4106 0.0000
-259.3424 0.0000
-257.2244 0.0000
-258.4584 0.0000
-258.1006 0.0000
-257.4370 0.0000
-258.2635 0.0000
-256.8089 0.0000
-257.3137 0.0000
-257.8766 0.0000
-257.6017 0.0000
-256.2160 0.0000
-255.1197 0.0000
-257.2487 0.0000
-256.5155 0.0000
-256.3375 0.0000
-257.5687 0.0000
-255.9812 0.0000
-256.5585 0.0000
-255.4680 0.0000
-256.0167 0.0000
-254.5465 0.0000
-254.1443 0.0000
-253.1006 0.0000
-254.5431 0.0000
-254.8841 0.0000
-255.4497 0.0000
-253.8536 0.0000
-253.7666 0.0000
-252.4689 0.0000
-253.3733 0.0000
-253.6983 0.0000
-252.2497 0.0000
-253.2491 0.0000
-253.4615 0.0000
-253.8366 0.0000
-252.9479 0.0000
-253.2560 0.0000
-252.9283 0.0000
-253.2431 0.0000
-253.1894 0.0000
-252.6586 0.0000
-251.9589 0.0000
-252.2858 0.0000
-251.3092 0.0000
-250.4653 0.0000
-249.2894 0.0000
-248.0106 0.0000
-249.6916 0.0000
-250.8340 0.0000
-251.2423 0.0000
-250.9154 0.0000
-251.3451 0.0000
-250.0815 0.0000
-251.0490 0.0000
-251.6483 0.0000
-251.3447 0.0000
-251.1746 0.0000
-251.5661 0.0000
-250.9563 0.0000
-251.1093 0.0000
-252.1631 0.0000
-250.3320 0.0000
-249.7687 0.0000
-249.0071 0.0000
-249.0899 0.0000
-249.6767 0.0000
-250.5838 0.0000
-250.3335 0.0000
-249.8636 0.0000
-248.7936 0.0000
-248.8558 0.0000
-249.0448 0.0000
-248.9246 0.0000
-248.3510 0.0000
-247.7117 0.0000
-248.9633 0.0000
-248.2355 0.0000
-248.4621 0.0000
-248.7811 0.0000
-248.2918 0.0000
-249.0136 0.0000
-247.5914 0.0000
-247.7181 0.0000
-248.6990 0.0000
-249.0042 0.0000
-248.1084 0.0000
-249.6836 0.0000
-249.0138 0.0000
-249.1006 0.0000
-248.8427 0.0000
-248.2941 0.0000
-248.5432 0.0000
-248.1368 0.0000
-247.7743 0.0000
-247.8360 0.0000
-247.5561 0.0000
-248.3642 0.0000
-247.8503 0.0000
-246.9400 0.0000
-247.5857 0.0000
-246.4319 0.0000
-246.4422 0.0000
-246.0105 0.0000
-246.4778 0.0000
-246.2371 0.0000
-246.3687 0.0000
-247.2804 0.0000
-246.5814 0.0000
-245.4011 0.0000
-244.9310 0.0000
-245.7339 0.0000
-245.3614 0.0000
-245.8311 0.0000
-244.9354 0.0000
-245.7832 0.0000
-244.5563 0.0000
-244.5253 0.0000
-244.6761 0.0000
-245.3441 0.0000
-244.6821 0.0000
-245.0270 0.0000
-243.6382 0.0000
-245.3859 0.0000
-245.2951 0.0000
-245.5664 0.0000
-246.2882 0.0000
-245.8307 0.0000
-246.2740 0.0000
-245.8162 0.0000
-246.5934 0.0000
-246.4997 0.0000
-245.9955 0.0000
-245.8431 0.0000
-247.1800 0.0000
-247.1276 0.0000
-246.7538 0.0000
-247.3846 0.0000
-247.2886 0.0000
-247.2748 0.0000
-247.1400 0.0000
-247.3361 0.0000
-248.0730 0.0000
-247.8425 0.0000
-247.9793 0.0000
-246.5791 0.0000
-247.6536 0.0000
-246.7397 0.0000
-247.2455 0.0000
-247.3379 0.0000
-247.5108 0.0000
-247.0318 0.0000
-246.7027 0.0000
-247.2818 0.0000
-246.9458 0.0000
-246.8562 0.0000
-247.1715 0.0000
-247.5512 0.0000
-248.4847 0.0000
-247.3673 0.0000
-249.4288 0.0000
-248.7580 0.0000
-248.8853 0.0000
-248.4684 0.0000
-249.2471 0.0000
-249.1204 0.0000
-248.0729 0.0000
-248.2559 0.0000
-248.0635 0.0000
-248.6064 0.0000
-248.9139 0.0000
-249.2505 0.0000
-248.2792 0.0000
-248.3139 0.0000
-248.3099 0.0000
-248.6822 0.0000
-247.2717 0.0000
-247.9805 0.0000
-246.1245 0.0000
-246.0584 0.0000
-245.8548 0.0000
-245.7168 0.0000
-246.1127 0.0000
-245.9289 0.0000
-245.2148 0.0000
-244.9771 0.0000
-246.2098 0.0000
-246.0976 0.0000
-245.8657 0.0000
-244.5191 0.0000
-244.7923 0.0000
-244.6472 0.0000
-244.6716 0.0000
-244.6362 0.0000
-244.4771 0.0000
-245.2646 0.0000
-245.1676 0.0000
-245.3957 0.0000
-245.7002 0.0000
-244.1236 0.0000
-244.6275 0.0000
-245.3040 0.0000
-244.0215 0.0000
-243.5050 0.0000
-244.1052 0.0000
-244.1644 0.0000
-244.5553 0.0000
-244.0497 0.0000
-245.4382 0.0000
-244.6748 0.0000
-244.4334 0.0000
-244.7125 0.0000
-244.5840 0.0000
-244.6808 0.0000
-244.6307 0.0000
-244.0389 0.0000
-243.5071 0.0000
-242.8959 0.0000
-243.9708 0.0000
-244.2448 0.0000
-243.9003 0.0000
-244.5000 0.0000
-244.5803 0.0000
-243.4526 0.0000
-244.5098 0.0000
-244.0049 0.0000
-244.1043 0.0000
-244.1654 0.0000
-244.2482 0.0000
-244.8580 0.0000
-244.9175 0.0000
-244.9257 0.0000
-244.8984 0.0000
-245.4499 0.0000
-245.4359 0.0000
-245.1294 0.0000
-243.7675 0.0000
-243.5003 0.0000
-244.3918 0.0000
-243.5546 0.0000
-242.8497 0.0000
-243.3190 0.0000
-243.5450 0.0000
-243.3568 0.0000
-242.7163 0.0000
-242.1023 0.0000
-242.9582 0.0000
-243.4124 0.0000
-243.9203 0.0000
-243.8780 0.0000
-243.6197 0.0000
-243.2826 0.0000
-242.7052 0.0000
-243.1708 0.0000
-242.4296 0.0000
-242.4447 0.0000
-243.2191 0.0000
-243.6908 0.0000
-244.2351 0.0000
-244.8627 0.0000
-244.0249 0.0000
-243.8013 0.0000
-244.0454 0.0000
-243.8249 0.0000
-243.3888 0.0000
-242.8503 0.0000
-242.5851 0.0000
-244.3932 0.0000
-243.5301 0.0000
-242.1819 0.0000
-243.0493 0.0000
-243.8458 0.0000
-244.4403 0.0000
-245.8396 0.0000
-246.4759 0.0000
-246.8327 0.0000
-245.9778 0.0000
-245.7764 0.0000
-246.8846 0.0000
-247.5576 0.0000
-247.2145 0.0000
-247.6398 0.0000
-248.5738 0.0000
-247.7994 0.0000
-248.4822 0.0000
-248.8389 0.0000
-248.3785 0.0000
-248.5799 0.0000
-248.8633 0.0000
-248.5352 0.0000
-247.7004 0.0000
-247.2551 0.0000
-247.6629 0.0000
-247.5079 0.0000
-246.3500 0.0000
-247.6383 0.0000
-246.7250 0.0000
-245.9629 0.0000
-246.2699 0.0000
-245.3498 0.0000
-245.7828 0.0000
-245.2044 0.0000
-247.1113 0.0000
-247.8194 0.0000
-247.9435 0.0000
-248.6331 0.0000
-248.2725 0.0000
-248.0895 0.0000
-248.5302 0.0000
-248.5964 0.0000
-249.4276 0.0000
-249.4280 0.0000
-250.4257 0.0000
-249.7893 0.0000
-249.5591 0.0000
-249.0458 0.0000
-249.5803 0.0000
-250.5140 0.0000
-251.0904 0.0000
-250.5201 0.0000
-249.7128 0.0000
-250.5419 0.0000
-249.1222 0.0000
-249.0109 0.0000
-248.9999 0.0000
-248.9829 0.0000
-249.3834 0.0000
-249.9899 0.0000
-250.4370 0.0000
-249.4913 0.0000
-251.2814 0.0000
-251.7897 0.0000
-251.5566 0.0000
-251.3448 0.0000
-250.4846 0.0000
-250.9472 0.0000
-250.1140 0.0000
-249.7615 0.0000
-250.9151 0.0000
-250.3592 0.0000
-250.3778 0.0000
-251.0059 0.0000
-251.3200 0.0000
-252.3129 0.0000
-251.2352 0.0000
-250.6762 0.0000
-250.4283 0.0000
-250.6105 0.0000
-250.6062 0.0000
-249.7857 0.0000
-251.2571 0.0000
-252.1240 0.0000
-250.4155 0.0000
-249.6962 0.0000
-249.1027 0.0000
-249.3425 0.0000
-248.5695 0.0000
-248.6583 0.0000
-249.0121 0.0000
-248.6183 0.0000
-248.3131 0.0000
-248.0634 0.0000
-247.6747 0.0000
-249.4568 0.0000
-249.0768 0.0000
-249.1305 0.0000
-247.8487 0.0000
-249.0929 0.0000
-249.6306 0.0000
-249.5338 0.0000
-248.3600 0.0000
-248.4308 0.0000
-249.6008 0.0000
-248.8151 0.0000
-249.6211 0.0000
-248.8023 0.0000
-248.7586 0.0000
-249.0174 0.0000
-248.3824 0.0000
-250.2373 0.0000
-249.0913 0.0000
-250.1184 0.0000
-250.9580 0.0000
-250.2910 0.0000
-250.8928 0.0000
-249.8991 0.0000
-250.2102 0.0000
-249.5345 0.0000
-250.2922 0.0000
-250.0480 0.0000
-249.3035 0.0000
-249.8321 0.0000
-250.3005 0.0000
-250.1271 0.0000
-249.4290 0.0000
-249.4048 0.0000
-249.0800 0.0000
-248.9201 0.0000
-249.3713 0.0000
-247.4674 0.0000
-248.5682 0.0000
-250.1425 0.0000
-249.1307 0.0000
-249.1765 0.0000
-250.1583 0.0000
-249.4493 0.0000
-250.6239 0.0000
-249.2703 0.0000
-250.5687 0.0000
-248.3774 0.0000
-248.6956 0.0000
-247.1065 0.0000
-246.2172 0.0000
-245.6256 0.0000
-247.7853 0.0000
-246.5003 0.0000
-245.7083 0.0000
-246.6111 0.0000
-246.9495 0.0000
-246.5621 0.0000
-246.6054 0.0000
-247.7781 0.0000
-246.9745 0.0000
-247.1768 0.0000
-246.6129 0.0000
-246.6673 0.0000
-247.5603 0.0000
-247.4714 0.0000
-248.6390 0.0000
-247.2585 0.0000
-248.5056 0.0000
-247.8883 0.0000
-248.0363 0.0000
-248.1346 0.0000
-247.8408 0.0000
-247.1575 0.0000
-248.7211 0.0000
-249.3305 0.0000
-249.6472 0.0000
-250.0381 0.0000
-249.2656 0.0000
-249.1788 0.0000
-249.9866 0.0000
-249.8262 0.0000
-250.2510 0.0000
-251.4725 0.0000
-250.1928 0.0000
-250.4435 0.0000
-249.7788 0.0000
-251.7209 0.0000
-250.5150 0.0000
-250.5926 0.0000
-250.3541 0.0000
-249.8062 0.0000
-249.8694 0.0000
-250.1144 0.0000
-251.2263 0.0000
-251.2967 0.0000
-249.9062 0.0000
-249.9938 0.0000
-250.8128 0.0000
-251.1011 0.0000
-250.7318 0.0000
-251.9820 0.0000
-252.4207 0.0000
-253.3302 0.0000
-253.2537 0.0000
-252.6955 0.0000
-251.0645 0.0000
-251.9292 0.0000
-253.8405 0.0000
-251.5297 0.0000
-251.2275 0.0000
-252.2605 0.0000
-252.4038 0.0000
-252.7076 0.0000
-252.6369 0.0000
-253.8289 0.0000
-252.1763 0.0000
-253.6055 0.0000
-253.7429 0.0000
-253.6969 0.0000
-253.7815 0.0000
-254.1810 0.0000
-253.6747 0.0000
-253.7204 0.0000
-253.0117 0.0000
-254.4253 0.0000
-255.4011 0.0000
-254.1038 0.0000
-254.3211 0.0000
-255.2962 0.0000
-255.1742 0.0000
-255.2536 0.0000
-255.5010 0.0000
-254.1208 0.0000
-253.2327 0.0000
-253.6118 0.0000
-253.5967 0.0000
-253.9536 0.0000
-255.7736 0.0000
-254.5058 0.0000
-253.8450 0.0000
-254.7484 0.0000
-253.4491 0.0000
-253.2093 0.0000
-252.5673 0.0000
-251.6597 0.0000
-253.3266 0.0000
-253.4675 0.0000
-253.7735 0.0000
-252.8447 0.0000
-252.8202 0.0000
-252.6068 0.0000
-252.3728 0.0000
-252.6480 0.0000
-253.9038 0.0000
-253.3149 0.0000
-252.8058 0.0000
-252.6866 0.0000
-253.1957 0.0000
-251.2880 0.0000
-251.1723 0.0000
-251.0771 0.0000
-249.8327 0.0000
-250.6811 0.0000
-252.2989 0.0000
-251.6516 0.0000
-250.4231 0.0000
-250.7686 0.0000
-250.8471 0.0000
-250.0196 0.0000
-250.4326 0.0000
-251.8402 0.0000
-252.4810 0.0000
-252.5490 0.0000
-250.8436 0.0000
-250.5887 0.0000
-251.0336 0.0000
-251.2101 0.0000
-250.0245 0.0000
-251.0428 0.0000
-249.5820 0.0000
-248.9673 0.0000
-248.0057 0.0000
-248.5754 0.0000
-248.7155 0.0000
-247.6327 0.0000
-248.6744 0.0000
-247.7245 0.0000
-248.5447 0.0000
-247.2157 0.0000
-247.5611 0.0000
-248.2868 0.0000
-247.7414 0.0000
-246.7526 0.0000
-248.4269 0.0000
-247.7389 0.0000
-248.1169 0.0000
-247.0715 0.0000
-247.2952 0.0000
-249.2118 0.0000
-246.2103 0.0000
-245.9791 0.0000
-245.9422 0.0000
-245.8595 0.0000
-245.7385 0.0000
-246.1217 0.0000
-246.0195 0.0000
-246.7034 0.0000
-245.4143 0.0000
-246.3177 0.0000
-248.6834 0.0000
-248.9637 0.0000
-248.4819 0.0000
-248.6310 0.0000
-248.5437 0.0000
-248.2319 0.0000
-248.3355 0.0000
-247.7360 0.0000
-247.5120 0.0000
-248.3671 0.0000
-250.0138 0.0000
-250.7742 0.0000
-250.2046 0.0000
-251.2768 0.0000
-251.7089 0.0000
-250.0349 0.0000
-249.5654 0.0000
-249.3297 0.0000
-249.1227 0.0000
-250.6035 0.0000
-250.4280 0.0000
-250.1138 0.0000
-251.2888 0.0000
-250.8955 0.0000
-251.1660 0.0000
-250.7630 0.0000
-250.6582 0.0000
-250.7794 0.0000
-250.6034 0.0000
-251.2317 0.0000
-250.5004 0.0000
-251.2844 0.0000
-252.3794 0.0000
-251.5745 0.0000
-251.5298 0.0000
-251.8777 0.0000
-250.9739 0.0000
-251.2666 0.0000
-252.7501 0.0000
-252.1032 0.0000
-251.3082 0.0000
-253.7505 0.0000
-255.2782 0.0000
-254.8605 0.0000
-254.9014 0.0000
-253.2503 0.0000
-253.3143 0.0000
-254.1925 0.0000
-252.7965 0.0000
-253.9559 0.0000
-253.1494 0.0000
-252.1140 0.0000
-253.5662 0.0000
-252.6730 0.0000
-253.6293 0.0000
-254.2315 0.0000
-253.8557 0.0000
-253.2913 0.0000
-253.9089 0.0000
-254.2556 0.0000
-254.8284 0.0000
-253.8090 0.0000
-252.9318 0.0000
-254.5644 0.0000
-253.9235 0.0000
-252.7219 0.0000
-254.1674 0.0000
-254.3525 0.0000
-253.5958 0.0000
-254.1530 0.0000
-255.3131 0.0000
-254.7548 0.0000
-255.5144 0.0000
-255.0016 0.0000
-256.5467 0.0000
-256.3420 0.0000
-257.8725 0.0000
-258.3338 0.0000
-258.9858 0.0000
-259.0865 0.0000
-261.3971 0.0000
-260.5696 0.0000
-259.7564 0.0000
-261.5468 0.0000
-261.4098 0.0000
-261.3543 0.0000
-261.7722 0.0000
-259.9267 0.0000
-261.4043 0.0000
-261.4976 0.0000
-259.8097 0.0000
-259.2149 0.0000
-261.4525 0.0000
-259.2927 0.0000
-259.8396 0.0000
-258.0385 0.0000
-258.4720 0.0000
-258.3892 0.0000
-258.8319 0.0000
-260.0820 0.0000
-257.1851 0.0000
-257.9807 0.0000
-256.0651 0.0000
-256.0905 0.0000
-256.5338 0.0000
-256.1862 0.0000
-255.7231 0.0000
-256.4541 0.0000
-256.5836 0.0000
-256.9748 0.0000
-257.0240 0.0000
-255.8187 0.0000
-255.9275 0.0000
-255.9703 0.0000
-256.4188 0.0000
-258.9000 0.0000
-256.7714 0.0000
-256.3110 0.0000
-256.8964 0.0000
-255.0361 0.0000
-255.1394 0.0000
-254.6112 0.0000
-254.0816 0.0000
-253.7045 0.0000
-253.4598 0.0000
-254.6196 0.0000
-254.3868 0.0000
-255.0614 0.0000
-255.0677 0.0000
-254.2996 0.0000
-254.0826 0.0000
-256.2378 0.0000
-254.5349 0.0000
-254.0937 0.0000
-254.4999 0.0000
-253.7439 0.0000
-254.3373 0.0000
-254.1229 0.0000
-254.7591 0.0000
-255.9199 0.0000
-255.4468 0.0000
-255.3730 0.0000
-256.5415 0.0000
-256.0037 0.0000
-256.4238 0.0000
-257.1313 0.0000
-257.2285 0.0000
-258.4000 0.0000
-257.5030 0.0000
-258.5626 0.0000
-257.4151 0.0000
-257.7579 0.0000
-258.4173 0.0000
-259.6248 0.0000
-259.1496 0.0000
-257.6013 0.0000
-257.9810 0.0000
-259.2542 0.0000
-259.4797 0.0000
-258.1800 0.0000
-258.4949 0.0000
-259.4420 0.0000
-258.8582 0.0000
-259.2494 0.0000
-260.2462 0.0000
-259.3799 0.0000
-260.0993 0.0000
-259.7619 0.0000
-260.7412 0.0000
-260.2992 0.0000
-260.4115 0.0000
-260.2024 0.0000
-261.5639 0.0000
-261.8623 0.0000
-262.2491 0.0000
-261.0871 0.0000
-260.5925 0.0000
-261.5804 0.0000
-261.4231 0.0000
-262.0834 0.0000
-262.0314 0.0000
-263.1983 0.0000
-263.4026 0.0000
-263.1473 0.0000
-263.5923 0.0000
-263.8811 0.0000
-264.1806 0.0000
-264.3856 0.0000
-264.5950 0.0000
-264.9389 0.0000
-265.9140 0.0000
-267.3055 0.0000
-267.0711 0.0000
-267.2414 0.0000
-268.7587 0.0000
-269.6747 0.0000
-268.7227 0.0000
-267.6624 0.0000
-268.1783 0.0000
-268.8855 0.0000
-267.6846 0.0000
-268.5691 0.0000
-269.5105 0.0000
-269.0179 0.0000
-268.6211 0.0000
-267.6233 0.0000
-267.4226 0.0000
-267.0771 0.0000
-267.0863 0.0000
-267.4446 0.0000
-268.1083 0.0000
-267.0957 0.0000
-265.6490 0.0000
-264.7931 0.0000
-264.7943 0.0000
-266.3569 0.0000
-265.5705 0.0000
-264.2664 0.0000
-263.3199 0.0000
-263.1758 0.0000
-261.8310 0.0000
-261.6520 0.0000
-261.1115 0.0000
-262.8612 0.0000
-261.5857 0.0000
-261.5710 0.0000
-262.6447 0.0000
-261.5793 0.0000
-261.5370 0.0000
-260.2839 0.0000
-260.4065 0.0000
-261.3648 0.0000
-259.2543 0.0000
-259.2929 0.0000
-260.2599 0.0000
-259.1491 0.0000
-259.3186 0.0000
-259.9612 0.0000
-259.9846 0.0000
-258.4826 0.0000
-258.9228 0.0000
-258.9860 0.0000
-259.8140 0.0000
-259.8771 0.0000
-258.9671 0.0000
-258.2331 0.0000
-257.3695 0.0000
-258.5599 0.0000
-259.8161 0.0000
-261.0046 0.0000
-261.7110 0.0000
-261.7354 0.0000
-261.1687 0.0000
-260.7113 0.0000
-259.8026 0.0000
-260.6111 0.0000
-260.1065 0.0000
-261.2769 0.0000
-260.1490 0.0000
-260.9120 0.0000
-261.1320 0.0000
-260.4725 0.0000
-261.5157 0.0000
-261.3576 0.0000
-261.7258 0.0000
-262.8533 0.0000
-261.2913 0.0000
-261.6172 0.0000
-262.4115 0.0000
-263.7476 0.0000
-263.0312 0.0000
-262.9915 0.0000
-263.2191 0.0000
-262.8860 0.0000
-261.9579 0.0000
-262.2850 0.0000
-263.2815 0.0000
-262.5028 0.0000
-262.5605 0.0000
-261.8475 0.0000
-262.4781 0.0000
-261.8616 0.0000
-262.2020 0.0000
-261.8938 0.0000
-261.3316 0.0000
-261.1983 0.0000
-261.5987 0.0000
-261.8221 0.0000
-261.8400 0.0000
-261.4056 0.0000
-262.0442 0.0000
-262.2100 0.0000
-262.0984 0.0000
-263.8542 0.0000
-263.4704 0.0000
-265.9493 0.0000
-264.9485 0.0000
-264.9839 0.0000
-265.2440 0.0000
-265.4118 0.0000
-265.5054 0.0000
-263.5037 0.0000
-262.9173 0.0000
-262.8052 0.0000
-263.6971 0.0000
-263.3214 0.0000
-264.0378 0.0000
-263.9972 0.0000
-263.5606 0.0000
-263.5497 0.0000
-264.8787 0.0000
-262.9407 0.0000
-262.6953 0.0000
-262.1561 0.0000
-263.6085 0.0000
-260.9844 0.0000
-260.9352 0.0000
-261.3067 0.0000
-262.4901 0.0000
-259.9333 0.0000
-261.6527 0.0000
-261.0282 0.0000
-261.4417 0.0000
-262.4583 0.0000
-261.0044 0.0000
-261.7360 0.0000
-260.2142 0.0000
-261.6291 0.0000
-261.6053 0.0000
-261.1665 0.0000
-260.9474 0.0000
-262.1201 0.0000
-260.0090 0.0000
-258.9945 0.0000
-264.1336 0.0000
-261.2979 0.0000
-262.5412 0.0000
-260.2805 0.0000
-259.8566 0.0000
-260.8394 0.0000
-261.2140 0.0000
-262.5653 0.0000
-263.6718 0.0000
-259.8596 0.0000
-263.6706 0.0000
-257.9342 0.0000
-262.0610 0.0000
-262.4047 0.0000
-261.7175 0.0000
-262.0681 0.0000
-264.8993 0.0000
-262.7012 0.0000
-261.8581 0.0000
-263.2177 0.0000
-261.9391 0.0000
-263.9366 0.0000
-263.8241 0.0000
-262.3575 0.0000
-262.5628 0.0000
-262.0830 0.0000
-263.3669 0.0000
-262.2998 0.0000
-261.4568 0.0000
-261.3456 0.0000
-258.9395 0.0000
-257.8652 0.0000
-261.0232 0.0000
-259.9071 0.0000
-260.4583 0.0000
-262.2028 0.0000
-261.1588 0.0000
-263.8097 0.0000
-261.1838 0.0000
-260.3651 0.0000
-259.8841 0.0000
-259.2902 0.0000
-258.4141 0.0000
-258.4148 0.0000
-258.5133 0.0000
-259.7212 0.0000
-261.2402 0.0000
-260.8831 0.0000
-260.7227 0.0000
-260.1078 0.0000
-260.9900 0.0000
-260.6581 0.0000
-259.7046 0.0000
-260.7980 0.0000
-262.6890 0.0000
-262.1107 0.0000
-264.2634 0.0000
-261.0397 0.0000
-261.0487 0.0000
-262.0780 0.0000
-261.3778 0.0000
-261.4618 0.0000
-263.8182 0.0000
-261.6380 0.0000
-261.5442 0.0000
-262.1083 0.0000
-261.4871 0.0000
-263.3051 0.0000
-263.9156 0.0000
-262.4192 0.0000
-262.1748 0.0000
-263.8859 0.0000
-261.8313 0.0000
-263.3027 0.0000
-262.8067 0.0000
-261.5150 0.0000
-262.3242 0.0000
-261.8941 0.0000
-262.7217 0.0000
-262.8116 0.0000
-260.6792 0.0000
-261.3254 0.0000
-259.1469 0.0000
-260.0468 0.0000
-259.4325 0.0000
-260.8207 0.0000
-260.4748 0.0000
-261.6534 0.0000
-260.4180 0.0000
-259.7810 0.0000
-260.3237 0.0000
-256.8727 0.0000
-255.6528 0.0000
-257.9589 0.0000
-256.9488 0.0000
-258.2119 0.0000
-259.5101 0.0000
-261.5877 0.0000
-260.7148 0.0000
-260.9624 0.0000
-261.9306 0.0000
-262.1433 0.0000
-263.0458 0.0000
-262.3582 0.0000
-263.6841 0.0000
-264.3606 0.0000
-264.9640 0.0000
-265.6886 0.0000
-266.1727 0.0000
-264.2213 0.0000
-264.0416 0.0000
-264.5889 0.0000
-265.6650 0.0000
-263.2054 0.0000
-263.9142 0.0000
-263.3338 0.0000
-264.0892 0.0000
-265.2747 0.0000
-263.6397 0.0000
-267.8077 0.0000
-268.1200 0.0000
-267.3768 0.0000
-268.5295 0.0000
-266.0369 0.0000
-268.3896 0.0000
-265.7598 0.0000
-264.3714 0.0000
-265.4680 0.0000
-263.5421 0.0000
-263.8604 0.0000
-262.3801 0.0000
-261.4987 0.0000
-261.0885 0.0000
-261.7282 0.0000
-261.1856 0.0000
-260.7952 0.0000
-261.1685 0.0000
-261.3217 0.0000
-257.8147 0.0000
-256.2073 0.0000
-257.5742 0.0000
-257.7989 0.0000
-258.7165 0.0000
-256.6837 0.0000
-256.5916 0.0000
-257.7747 0.0000
-254.9843 0.0000
-257.2171 0.0000
-258.1642 0.0000
-257.4386 0.0000
-258.5014 0.0000
-258.2593 0.0000
-258.0551 0.0000
-257.8625 0.0000
-259.0512 0.0000
