-100.0000 -100.0000
-324.3049 0.0000
-323.6617 0.0000
-324.3413 0.0000
-325.3828 0.0000
-323.8836 0.0000
-325.0242 0.0000
-325.0398 0.0000
-324.7819 0.0000
-324.9132 0.0000
-325.3460 0.0000
-324.7176 0.0000
-325.8468 0.0000
-326.0138 0.0000
-326.6421 0.0000
-326.6193 0.0000
-326.6821 0.0000
-326.2452 0.0000
-325.6707 0.0000
-326.9895 0.0000
-327.5942 0.0000
-328.3695 0.0000
-328.3621 0.0000
-328.7200 0.0000
-328.2535 0.0000
-329.1888 0.0000
-328.0067 0.0000
-327.9079 0.0000
-330.0647 0.0000
-327.9764 0.0000
-328.7914 0.0000
-329.0851 0.0000
-328.8827 0.0000
-326.7105 0.0000
-327.3164 0.0000
-327.1851 0.0000
-326.9492 0.0000
-328.0048 0.0000
-329.5145 0.0000
-327.7243 0.0000
-326.2563 0.0000
-324.8754 0.0000
-326.0826 0.0000
-325.1920 0.0000
-325.3596 0.0000
-327.0028 0.0000
-327.6986 0.0000
-328.6403 0.0000
-328.8598 0.0000
-327.6727 0.0000
-327.5053 0.0000
-327.5579 0.0000
-326.6093 0.0000
-325.4176 0.0000
-325.5851 0.0000
-325.7586 0.0000
-326.1073 0.0000
-325.2597 0.0000
-325.6677 0.0000
-325.8218 0.0000
-326.9031 0.0000
-325.8986 0.0000
-325.2252 0.0000
-326.0776 0.0000
-325.9196 0.0000
-326.0186 0.0000
-326.4084 0.0000
-326.6515 0.0000
-327.7462 0.0000
-327.3842 0.0000
-328.7539 0.0000
-327.7760 0.0000
-328.1112 0.0000
-329.0780 0.0000
-328.0808 0.0000
-327.4471 0.0000
-328.5444 0.0000
-327.6960 0.0000
-328.7564 0.0000
-328.3483 0.0000
-327.9283 0.0000
-327.4947 0.0000
-327.8114 0.0000
-328.2846 0.0000
-326.9276 0.0000
-326.8255 0.0000
-327.0034 0.0000
-326.6467 0.0000
-326.5051 0.0000
-325.6617 0.0000
-325.5858 0.0000
-326.6838 0.0000
-326.8035 0.0000
-327.6190 0.0000
-327.1625 0.0000
-327.0502 0.0000
-326.7522 0.0000
-326.7047 0.0000
-326.3581 0.0000
-325.8504 0.0000
-326.6923 0.0000
-327.2441 0.0000
-327.2254 0.0000
-327.1096 0.0000
-327.2165 0.0000
-325.8894 0.0000
-326.1170 0.0000
-326.2200 0.0000
-325.1213 0.0000
-326.3479 0.0000
-326.2079 0.0000
-325.6805 0.0000
-325.6588 0.0000
-325.9270 0.0000
-325.2849 0.0000
-326.2753 0.0000
-325.0740 0.0000
-325.8066 0.0000
-325.6657 0.0000
-326.3415 0.0000
-325.1298 0.0000
-325.1099 0.0000
-324.0252 0.0000
-324.7150 0.0000
-324.6754 0.0000
-324.6609 0.0000
-324.4506 0.0000
-324.8630 0.0000
-325.2604 0.0000
-325.9063 0.0000
-325.8025 0.0000
-325.6819 0.0000
-326.8635 0.0000
-327.4328 0.0000
-327.9575 0.0000
-327.9660 0.0000
-327.5047 0.0000
-326.7715 0.0000
-326.6414 0.0000
-325.5436 0.0000
-326.3849 0.0000
-325.4690 0.0000
-327.0096 0.0000
-327.1463 0.0000
-327.1126 0.0000
-326.9099 0.0000
-327.7724 0.0000
-327.5542 0.0000
-328.0881 0.0000
-327.5091 0.0000
-327.2717 0.0000
-326.6333 0.0000
-326.2787 0.0000
-327.8152 0.0000
-326.3062 0.0000
-326.7643 0.0000
-326.1189 0.0000
-327.9316 0.0000
-326.5447 0.0000
-327.0710 0.0000
-327.4390 0.0000
-327.0681 0.0000
-327.4266 0.0000
-327.6316 0.0000
-325.7760 0.0000
-326.4334 0.0000
-325.2115 0.0000
-325.9657 0.0000
-326.3320 0.0000
-325.0650 0.0000
-325.4479 0.0000
-326.3480 0.0000
-325.5739 0.0000
-324.3059 0.0000
-326.7417 0.0000
-326.9063 0.0000
-326.5639 0.0000
-327.1014 0.0000
-327.1505 0.0000
-325.8426 0.0000
-326.9959 0.0000
-326.3690 0.0000
-325.8944 0.0000
-326.7082 0.0000
-325.4781 0.0000
-327.4630 0.0000
-327.3857 0.0000
-328.7420 0.0000
-328.3562 0.0000
-330.2951 0.0000
-328.4996 0.0000
-326.9605 0.0000
-325.2127 0.0000
-327.4957 0.0000
-327.6425 0.0000
-327.3542 0.0000
-326.8297 0.0000
-328.4665 0.0000
-325.7738 0.0000
-325.4149 0.0000
-326.1260 0.0000
-326.2186 0.0000
-325.7008 0.0000
-324.6211 0.0000
-323.6552 0.0000
-324.6091 0.0000
-324.6468 0.0000
-325.2938 0.0000
-325.5207 0.0000
-325.1277 0.0000
-323.8936 0.0000
-325.3679 0.0000
-326.7313 0.0000
-327.5774 0.0000
-326.4797 0.0000
-326.9974 0.0000
-327.3767 0.0000
-328.3145 0.0000
-328.8097 0.0000
-328.8339 0.0000
-328.4527 0.0000
-328.5479 0.0000
-327.4995 0.0000
-326.5837 0.0000
-326.5879 0.0000
-327.0425 0.0000
-327.3912 0.0000
-326.7758 0.0000
-327.3325 0.0000
-327.7311 0.0000
-325.7060 0.0000
-324.7384 0.0000
-323.9859 0.0000
-323.2375 0.0000
-323.5226 0.0000
-323.9997 0.0000
-324.2759 0.0000
-324.0157 0.0000
-323.6895 0.0000
-323.2424 0.0000
-321.9092 0.0000
-321.9816 0.0000
-321.1716 0.0000
-320.5708 0.0000
-321.0255 0.0000
-321.2838 0.0000
-320.0715 0.0000
-320.3582 0.0000
-320.2851 0.0000
-319.6556 0.0000
-319.3206 0.0000
-318.1418 0.0000
-318.5630 0.0000
-317.9319 0.0000
-317.9874 0.0000
-318.2315 0.0000
-318.5802 0.0000
-319.1868 0.0000
-320.0174 0.0000
-319.7030 0.0000
-320.3809 0.0000
-319.9509 0.0000
-321.0483 0.0000
-320.2632 0.0000
-319.8801 0.0000
-320.0592 0.0000
-321.3604 0.0000
-321.4275 0.0000
-321.5394 0.0000
-321.2093 0.0000
-322.4303 0.0000
-321.9448 0.0000
-321.3102 0.0000
-321.4957 0.0000
-322.6982 0.0000
-321.3958 0.0000
-321.8400 0.0000
-321.4372 0.0000
-322.1534 0.0000
-322.8699 0.0000
-321.1752 0.0000
-321.4192 0.0000
-321.2680 0.0000
-320.7955 0.0000
-320.7216 0.0000
-321.0091 0.0000
-321.0143 0.0000
-320.7694 0.0000
-320.3940 0.0000
-320.5436 0.0000
-320.4191 0.0000
-320.9255 0.0000
-321.1292 0.0000
-320.3323 0.0000
-319.1810 0.0000
-319.9124 0.0000
-320.2635 0.0000
-318.6832 0.0000
-318.6049 0.0000
-319.6080 0.0000
-318.9233 0.0000
-319.8134 0.0000
-319.2145 0.0000
-318.1056 0.0000
-317.0366 0.0000
-316.3047 0.0000
-316.2377 0.0000
-316.1069 0.0000
-316.0530 0.0000
-316.7175 0.0000
-316.8696 0.0000
-316.6912 0.0000
-315.4887 0.0000
-315.2285 0.0000
-315.6497 0.0000
-315.0824 0.0000
-314.8428 0.0000
-314.9391 0.0000
-316.2338 0.0000
-314.9678 0.0000
-314.5820 0.0000
-314.3722 0.0000
-312.9767 0.0000
-312.7119 0.0000
-312.1457 0.0000
-312.4410 0.0000
-312.3018 0.0000
-312.4166 0.0000
-311.7592 0.0000
-312.9102 0.0000
-311.2938 0.0000
-311.1078 0.0000
-311.4681 0.0000
-312.6596 0.0000
-310.9933 0.0000
-311.2212 0.0000
-310.7752 0.0000
-310.6922 0.0000
-311.5954 0.0000
-311.2116 0.0000
-311.0556 0.0000
-311.7565 0.0000
-312.4052 0.0000
-312.1047 0.0000
-312.1892 0.0000
-311.3668 0.0000
-311.4116 0.0000
-311.3636 0.0000
-310.9471 0.0000
-311.1267 0.0000
-310.4653 0.0000
-310.2326 0.0000
-309.5937 0.0000
-309.8757 0.0000
-309.5106 0.0000
-311.6990 0.0000
-311.6094 0.0000
-311.1597 0.0000
-312.4429 0.0000
-312.8009 0.0000
-311.8639 0.0000
-313.5382 0.0000
-313.6763 0.0000
-313.6081 0.0000
-312.5647 0.0000
-313.0365 0.0000
-312.1867 0.0000
-312.1104 0.0000
-312.3469 0.0000
-312.4821 0.0000
-311.8343 0.0000
-312.4648 0.0000
-312.8817 0.0000
-313.2841 0.0000
-313.7264 0.0000
-313.1203 0.0000
-314.1554 0.0000
-313.7202 0.0000
-313.8397 0.0000
-312.8011 0.0000
-312.0137 0.0000
-311.8038 0.0000
-312.5403 0.0000
-311.9848 0.0000
-312.3159 0.0000
-312.9423 0.0000
-312.5610 0.0000
-312.4571 0.0000
-312.5842 0.0000
-311.7361 0.0000
-312.8946 0.0000
-313.3686 0.0000
-312.8885 0.0000
-312.4152 0.0000
-312.9575 0.0000
-313.3961 0.0000
-314.0040 0.0000
-313.1516 0.0000
-314.7074 0.0000
-314.1702 0.0000
-313.6630 0.0000
-313.7039 0.0000
-313.4867 0.0000
-312.9459 0.0000
-313.4845 0.0000
-313.7862 0.0000
-313.1654 0.0000
-313.3647 0.0000
-313.7253 0.0000
-315.2145 0.0000
-315.4975 0.0000
-315.6288 0.0000
-316.1561 0.0000
-317.6323 0.0000
-319.6899 0.0000
-319.0836 0.0000
-319.1083 0.0000
-318.3907 0.0000
-318.4544 0.0000
-317.9612 0.0000
-318.7958 0.0000
-320.3449 0.0000
-320.2224 0.0000
-320.0335 0.0000
-319.5728 0.0000
-319.9637 0.0000
-319.7757 0.0000
-318.5815 0.0000
-319.1344 0.0000
-318.2800 0.0000
-318.9235 0.0000
-318.2199 0.0000
-317.9512 0.0000
-318.5720 0.0000
-319.1110 0.0000
-318.9818 0.0000
-319.2371 0.0000
-319.1523 0.0000
-318.8962 0.0000
-319.6687 0.0000
-319.8860 0.0000
-320.0134 0.0000
-320.5963 0.0000
-320.9203 0.0000
-319.9059 0.0000
-320.0491 0.0000
-318.8277 0.0000
-318.6649 0.0000
-317.8879 0.0000
-317.9733 0.0000
-318.9815 0.0000
-318.0584 0.0000
-317.6825 0.0000
-317.8866 0.0000
-317.5276 0.0000
-318.9457 0.0000
-319.9418 0.0000
-319.5344 0.0000
-319.1231 0.0000
-319.2994 0.0000
-319.4012 0.0000
-320.7806 0.0000
-319.3595 0.0000
-319.0697 0.0000
-319.0214 0.0000
-318.6894 0.0000
-319.0625 0.0000
-319.7617 0.0000
-320.3529 0.0000
-320.6187 0.0000
-321.2463 0.0000
-319.8223 0.0000
-319.6369 0.0000
-319.3690 0.0000
-319.7713 0.0000
-320.3908 0.0000
-319.4115 0.0000
-319.7676 0.0000
-319.2890 0.0000
-318.4736 0.0000
-319.3707 0.0000
-318.0625 0.0000
-318.0710 0.0000
-318.3753 0.0000
-319.8453 0.0000
-318.5300 0.0000
-318.6284 0.0000
-319.0654 0.0000
-319.5487 0.0000
-317.8350 0.0000
-318.5276 0.0000
-319.0520 0.0000
-319.1410 0.0000
-319.0009 0.0000
-319.3333 0.0000
-318.9116 0.0000
-318.5572 0.0000
-318.3876 0.0000
-318.6669 0.0000
-318.8815 0.0000
-319.0735 0.0000
-318.2217 0.0000
-317.6200 0.0000
-317.5278 0.0000
-317.1734 0.0000
-316.7998 0.0000
-316.9713 0.0000
-318.0081 0.0000
-316.0924 0.0000
-315.0920 0.0000
-314.4977 0.0000
-314.4941 0.0000
-313.6150 0.0000
-313.3034 0.0000
-314.2832 0.0000
-314.2543 0.0000
-313.3149 0.0000
-313.1580 0.0000
-313.9237 0.0000
-313.7752 0.0000
-312.9054 0.0000
-312.6592 0.0000
-312.3015 0.0000
-312.8507 0.0000
-312.1488 0.0000
-313.4618 0.0000
-313.7436 0.0000
-312.6320 0.0000
-312.3466 0.0000
-313.3281 0.0000
-312.6170 0.0000
-312.2070 0.0000
-313.6765 0.0000
-313.1503 0.0000
-313.4970 0.0000
-314.1504 0.0000
-313.3425 0.0000
-313.7453 0.0000
-313.7315 0.0000
-314.2269 0.0000
-314.5187 0.0000
-314.1031 0.0000
-314.3240 0.0000
-313.5916 0.0000
-314.7202 0.0000
-315.3081 0.0000
-315.0493 0.0000
-315.6298 0.0000
-317.3000 0.0000
-317.2266 0.0000
-317.3091 0.0000
-317.6970 0.0000
-317.2636 0.0000
-318.4697 0.0000
-317.6565 0.0000
-316.7573 0.0000
-315.3984 0.0000
-316.0235 0.0000
-315.9029 0.0000
-316.2260 0.0000
-316.4529 0.0000
-315.9508 0.0000
-317.9556 0.0000
-318.8204 0.0000
-318.1617 0.0000
-318.6887 0.0000
-319.1552 0.0000
-321.0096 0.0000
-320.8772 0.0000
-321.4655 0.0000
-322.6489 0.0000
-321.9862 0.0000
-322.4132 0.0000
-322.8927 0.0000
-323.3226 0.0000
-322.1990 0.0000
-322.8290 0.0000
-323.8478 0.0000
-323.0528 0.0000
-322.5308 0.0000
-322.1422 0.0000
-322.7125 0.0000
-323.2888 0.0000
-322.3344 0.0000
-322.0826 0.0000
-322.1642 0.0000
-321.9645 0.0000
-321.2961 0.0000
-321.3292 0.0000
-322.0218 0.0000
-321.7363 0.0000
-322.9132 0.0000
-322.7906 0.0000
-324.0501 0.0000
-323.3248 0.0000
-323.3116 0.0000
-324.1524 0.0000
-322.1819 0.0000
-320.8502 0.0000
-321.1134 0.0000
-321.8180 0.0000
-321.5573 0.0000
-321.8640 0.0000
-321.7949 0.0000
-322.0432 0.0000
-321.1551 0.0000
-321.9341 0.0000
-322.7705 0.0000
-322.0633 0.0000
-323.1440 0.0000
-323.5256 0.0000
-323.3311 0.0000
-323.2241 0.0000
-324.3462 0.0000
-324.2669 0.0000
-324.0549 0.0000
-323.3324 0.0000
-324.2525 0.0000
-324.4321 0.0000
-323.8860 0.0000
-323.4221 0.0000
-323.9776 0.0000
-323.8800 0.0000
-324.1707 0.0000
-323.0355 0.0000
-322.3648 0.0000
-321.3942 0.0000
-321.1054 0.0000
-321.4415 0.0000
-322.7314 0.0000
-322.1817 0.0000
-321.6449 0.0000
-321.3972 0.0000
-321.6147 0.0000
-320.8652 0.0000
-321.4423 0.0000
-321.5962 0.0000
-323.4785 0.0000
-323.4890 0.0000
-322.9153 0.0000
-322.5536 0.0000
-323.2311 0.0000
-322.3433 0.0000
-321.2582 0.0000
-321.2453 0.0000
-321.4243 0.0000
-321.2994 0.0000
-320.2684 0.0000
-319.8256 0.0000
-319.1830 0.0000
-318.5155 0.0000
-319.9220 0.0000
-320.1675 0.0000
-320.0299 0.0000
-319.9780 0.0000
-320.3960 0.0000
-320.6969 0.0000
-320.1836 0.0000
-320.8982 0.0000
-322.2989 0.0000
-322.2214 0.0000
-322.9676 0.0000
-323.9394 0.0000
-322.7969 0.0000
-322.8925 0.0000
-324.4516 0.0000
-325.3666 0.0000
-326.5692 0.0000
-325.0287 0.0000
-325.3197 0.0000
-324.8800 0.0000
-324.9248 0.0000
-324.9356 0.0000
-322.0642 0.0000
-322.1537 0.0000
-321.2640 0.0000
-321.8072 0.0000
-321.1958 0.0000
-320.9132 0.0000
-320.7032 0.0000
-321.3910 0.0000
-322.2889 0.0000
-321.5315 0.0000
-321.9893 0.0000
-321.2622 0.0000
-322.0702 0.0000
-322.6627 0.0000
-322.8309 0.0000
-321.6521 0.0000
-321.3483 0.0000
-322.5225 0.0000
-321.3092 0.0000
-320.9384 0.0000
-320.6869 0.0000
-320.2447 0.0000
-320.9542 0.0000
-320.6531 0.0000
-320.3359 0.0000
-319.5073 0.0000
-319.9625 0.0000
-319.9067 0.0000
-319.9669 0.0000
-318.8909 0.0000
-319.1518 0.0000
-319.5985 0.0000
-320.9863 0.0000
-320.3323 0.0000
-320.7019 0.0000
-320.3998 0.0000
-320.4714 0.0000
-320.1379 0.0000
-319.1650 0.0000
-318.8941 0.0000
-319.5151 0.0000
-320.1582 0.0000
-319.2298 0.0000
-318.6759 0.0000
-319.6592 0.0000
-318.4289 0.0000
-318.8657 0.0000
-318.4381 0.0000
-317.6720 0.0000
-317.7157 0.0000
-317.7231 0.0000
-317.7201 0.0000
-317.9936 0.0000
-319.6730 0.0000
-318.6572 0.0000
-318.7076 0.0000
-317.7406 0.0000
-316.9399 0.0000
-316.7699 0.0000
-317.6333 0.0000
-316.3255 0.0000
-316.0682 0.0000
-315.5801 0.0000
-317.0768 0.0000
-316.6345 0.0000
-316.3347 0.0000
-316.8955 0.0000
-317.7517 0.0000
-318.5188 0.0000
-318.6605 0.0000
-319.9292 0.0000
-319.5563 0.0000
-319.6179 0.0000
-320.3525 0.0000
-319.1303 0.0000
-318.8215 0.0000
-319.3237 0.0000
-318.1374 0.0000
-318.2924 0.0000
-317.4520 0.0000
-316.8735 0.0000
-315.0432 0.0000
-315.9399 0.0000
-316.5284 0.0000
-316.3443 0.0000
-316.7496 0.0000
-317.1316 0.0000
-318.2125 0.0000
-318.5378 0.0000
-318.3421 0.0000
-317.5686 0.0000
-316.8903 0.0000
-315.8654 0.0000
-316.9355 0.0000
-316.6854 0.0000
-315.9506 0.0000
-316.3974 0.0000
-317.1910 0.0000
-315.5996 0.0000
-315.1873 0.0000
-314.0568 0.0000
-313.3951 0.0000
-313.5159 0.0000
-314.7056 0.0000
-315.3043 0.0000
-314.9158 0.0000
-315.4474 0.0000
-315.1369 0.0000
-315.9607 0.0000
-315.7109 0.0000
-315.7332 0.0000
-316.0971 0.0000
-315.5128 0.0000
-315.3869 0.0000
-314.8320 0.0000
-315.2170 0.0000
-315.5770 0.0000
-315.7135 0.0000
-315.2736 0.0000
-315.0187 0.0000
-314.6553 0.0000
-314.7248 0.0000
-313.9214 0.0000
-313.2135 0.0000
-313.1541 0.0000
-314.7088 0.0000
-314.5900 0.0000
-315.4843 0.0000
-315.0174 0.0000
-313.8775 0.0000
-314.5551 0.0000
-315.0268 0.0000
-314.7096 0.0000
-313.9672 0.0000
-312.3590 0.0000
-313.6477 0.0000
-313.6277 0.0000
-314.5577 0.0000
-315.6879 0.0000
-314.0760 0.0000
-314.3099 0.0000
-313.8712 0.0000
-314.7422 0.0000
-314.7012 0.0000
-313.5187 0.0000
-312.8955 0.0000
-312.1863 0.0000
-312.8615 0.0000
-312.5481 0.0000
-313.2277 0.0000
-311.3672 0.0000
-310.9312 0.0000
-310.8132 0.0000
-311.4353 0.0000
-310.4450 0.0000
-310.6583 0.0000
-310.7009 0.0000
-310.3487 0.0000
-309.1085 0.0000
-308.8312 0.0000
-308.8678 0.0000
-308.4897 0.0000
-307.7051 0.0000
-307.5265 0.0000
-307.6237 0.0000
-307.7980 0.0000
-308.6625 0.0000
-307.7925 0.0000
-307.9447 0.0000
-307.2794 0.0000
-307.4455 0.0000
-307.6714 0.0000
-307.8799 0.0000
-306.9967 0.0000
-306.9052 0.0000
-306.9616 0.0000
-308.1591 0.0000
-307.9613 0.0000
-308.0965 0.0000
-308.3942 0.0000
-308.1401 0.0000
-309.0403 0.0000
-308.9354 0.0000
-307.8033 0.0000
-306.8413 0.0000
-306.1407 0.0000
-305.5735 0.0000
-306.0323 0.0000
-305.8545 0.0000
-306.3940 0.0000
-305.8418 0.0000
-305.7654 0.0000
-305.6044 0.0000
-305.6392 0.0000
-305.4907 0.0000
-304.9947 0.0000
-305.5059 0.0000
-305.2999 0.0000
-304.9150 0.0000
-306.1545 0.0000
-305.8961 0.0000
-306.3657 0.0000
-306.0751 0.0000
-307.4579 0.0000
-308.0029 0.0000
-307.1778 0.0000
-307.3934 0.0000
-306.6153 0.0000
-306.3502 0.0000
-306.9202 0.0000
-306.9062 0.0000
-306.1382 0.0000
-306.2877 0.0000
-306.9195 0.0000
-306.6452 0.0000
-306.8817 0.0000
-306.7391 0.0000
-306.5996 0.0000
-307.2180 0.0000
-307.5701 0.0000
-307.3040 0.0000
-307.5924 0.0000
-307.6895 0.0000
-307.4583 0.0000
-308.2593 0.0000
-307.0820 0.0000
-306.6784 0.0000
-306.2856 0.0000
-306.4279 0.0000
-305.7592 0.0000
-305.8395 0.0000
-306.3885 0.0000
-306.7495 0.0000
-306.3762 0.0000
-306.4611 0.0000
-306.7806 0.0000
-307.1405 0.0000
-308.0877 0.0000
-309.2744 0.0000
-308.2976 0.0000
-309.1117 0.0000
-307.7594 0.0000
-307.2440 0.0000
-307.4689 0.0000
-307.5577 0.0000
-308.1007 0.0000
-308.0212 0.0000
-308.8055 0.0000
-308.6484 0.0000
-309.9335 0.0000
-310.2911 0.0000
-310.4546 0.0000
-310.2174 0.0000
-310.5606 0.0000
-310.8013 0.0000
-311.3424 0.0000
-311.0398 0.0000
-310.8701 0.0000
-311.2416 0.0000
-310.4910 0.0000
-310.1182 0.0000
-309.9759 0.0000
-310.5277 0.0000
-309.7046 0.0000
-309.1592 0.0000
-310.3796 0.0000
-309.4515 0.0000
-310.0863 0.0000
-311.2862 0.0000
-312.2123 0.0000
-311.8847 0.0000
-310.4340 0.0000
-310.1727 0.0000
-310.2448 0.0000
-309.9147 0.0000
-309.8854 0.0000
-309.7726 0.0000
-310.5984 0.0000
-309.0572 0.0000
-309.6330 0.0000
-310.5463 0.0000
-311.0818 0.0000
-311.7033 0.0000
-312.7207 0.0000
-310.8705 0.0000
-311.6789 0.0000
-310.7664 0.0000
-309.6750 0.0000
-309.2713 0.0000
-309.7632 0.0000
-309.6684 0.0000
-310.4584 0.0000
-310.1330 0.0000
-310.5999 0.0000
-309.8890 0.0000
-308.8313 0.0000
-311.2683 0.0000
-311.3023 0.0000
-311.3962 0.0000
-312.1696 0.0000
-312.1077 0.0000
-312.7565 0.0000
-312.4073 0.0000
-313.2450 0.0000
-312.6348 0.0000
-313.1222 0.0000
-312.2586 0.0000
-312.3882 0.0000
-312.8195 0.0000
-313.6854 0.0000
-313.6218 0.0000
-313.9559 0.0000
-313.4838 0.0000
-313.0667 0.0000
-312.3801 0.0000
-312.4792 0.0000
-312.7371 0.0000
-312.4965 0.0000
-313.1555 0.0000
-312.5433 0.0000
-312.8022 0.0000
-312.7783 0.0000
-312.1231 0.0000
-311.9737 0.0000
-311.3728 0.0000
-312.0671 0.0000
-311.5573 0.0000
-311.8125 0.0000
-311.5012 0.0000
-312.0307 0.0000
-312.1732 0.0000
-311.7418 0.0000
-311.5666 0.0000
-312.2758 0.0000
-311.8819 0.0000
-312.8635 0.0000
-313.4142 0.0000
-314.1784 0.0000
-313.4519 0.0000
-313.7149 0.0000
-314.3589 0.0000
-313.6130 0.0000
-312.4360 0.0000
-311.8861 0.0000
-312.4182 0.0000
-312.1911 0.0000
-312.5919 0.0000
-313.1936 0.0000
-313.7519 0.0000
-314.5259 0.0000
-312.5798 0.0000
-313.1065 0.0000
-313.1163 0.0000
-314.1047 0.0000
-314.4647 0.0000
-315.2686 0.0000
-314.9570 0.0000
-315.9192 0.0000
-316.6703 0.0000
-316.6055 0.0000
-316.4492 0.0000
-316.2764 0.0000
-315.5570 0.0000
-316.2655 0.0000
-315.3372 0.0000
-314.8177 0.0000
-314.9882 0.0000
-314.5146 0.0000
-314.2234 0.0000
-314.9761 0.0000
-315.6919 0.0000
-316.3239 0.0000
-316.6667 0.0000
-317.0907 0.0000
-317.4305 0.0000
-318.0309 0.0000
-319.2265 0.0000
-318.4559 0.0000
-319.6424 0.0000
-318.5692 0.0000
-317.5206 0.0000
-318.7339 0.0000
-318.0852 0.0000
-317.3871 0.0000
-316.9652 0.0000
-317.3029 0.0000
-317.0277 0.0000
-317.5868 0.0000
-316.8682 0.0000
-316.7641 0.0000
-316.4540 0.0000
-316.9182 0.0000
-316.7279 0.0000
-318.4611 0.0000
-317.1849 0.0000
-316.7967 0.0000
-317.0039 0.0000
-317.1571 0.0000
-317.0475 0.0000
-318.3923 0.0000
-317.7574 0.0000
-317.8050 0.0000
-318.0080 0.0000
-318.1749 0.0000
-318.5039 0.0000
-317.9966 0.0000
-319.0045 0.0000
-318.6152 0.0000
-318.8077 0.0000
-319.5854 0.0000
-320.6424 0.0000
-320.8657 0.0000
-321.8414 0.0000
-321.9988 0.0000
-322.2996 0.0000
-321.8062 0.0000
-322.8115 0.0000
-322.3581 0.0000
-323.3558 0.0000
-322.4957 0.0000
-323.2213 0.0000
-321.8415 0.0000
-322.7499 0.0000
-322.2909 0.0000
-322.1687 0.0000
-321.4561 0.0000
-321.9067 0.0000
-322.1781 0.0000
-322.1391 0.0000
-321.8339 0.0000
-320.6442 0.0000
-320.3219 0.0000
-319.7953 0.0000
-319.2485 0.0000
-320.0578 0.0000
-320.0684 0.0000
-320.0430 0.0000
-319.8248 0.0000
-319.4872 0.0000
-319.2029 0.0000
-319.8604 0.0000
-320.3717 0.0000
-320.4905 0.0000
-320.2943 0.0000
-319.7666 0.0000
-320.6041 0.0000
-319.8803 0.0000
-319.4765 0.0000
-318.3689 0.0000
-320.0331 0.0000
-318.8455 0.0000
-318.0096 0.0000
-317.9599 0.0000
-317.3174 0.0000
-317.9696 0.0000
-318.1597 0.0000
-318.3710 0.0000
-319.9181 0.0000
-318.7706 0.0000
-319.4462 0.0000
-319.6548 0.0000
-320.1941 0.0000
-319.2961 0.0000
-319.3199 0.0000
-320.0397 0.0000
-320.7213 0.0000
-320.3764 0.0000
-319.7098 0.0000
-319.9483 0.0000
-318.8221 0.0000
-317.3801 0.0000
-316.1036 0.0000
-317.1797 0.0000
-318.3826 0.0000
-319.1584 0.0000
-319.1900 0.0000
-319.4870 0.0000
-318.8020 0.0000
-318.7476 0.0000
-318.1100 0.0000
-318.5943 0.0000
-318.9412 0.0000
-318.9681 0.0000
-318.1001 0.0000
-319.1145 0.0000
-319.8393 0.0000
-318.2919 0.0000
-317.8473 0.0000
-317.6286 0.0000
-317.9505 0.0000
-318.1772 0.0000
-317.4276 0.0000
-318.3725 0.0000
-318.2233 0.0000
-318.6501 0.0000
-318.7302 0.0000
-318.7589 0.0000
-318.2530 0.0000
-317.8734 0.0000
-318.5157 0.0000
-319.4348 0.0000
-317.7718 0.0000
-316.8537 0.0000
-317.4910 0.0000
-317.1804 0.0000
-317.9258 0.0000
-317.4622 0.0000
-319.3816 0.0000
-319.1064 0.0000
-319.7572 0.0000
-320.9539 0.0000
-320.6630 0.0000
-320.9561 0.0000
-321.9418 0.0000
-321.7165 0.0000
-321.7881 0.0000
-322.9330 0.0000
-322.4435 0.0000
-322.1321 0.0000
-322.5866 0.0000
-323.5512 0.0000
-321.5450 0.0000
-320.1388 0.0000
-320.3764 0.0000
-320.3762 0.0000
-321.1082 0.0000
-320.3168 0.0000
-321.8032 0.0000
-322.5845 0.0000
-321.9689 0.0000
-322.1850 0.0000
-320.4497 0.0000
-320.5196 0.0000
-321.8992 0.0000
-321.5453 0.0000
-322.1146 0.0000
-321.0537 0.0000
-321.7450 0.0000
-321.8197 0.0000
-322.3605 0.0000
-321.9153 0.0000
-323.9812 0.0000
-324.3223 0.0000
-323.9764 0.0000
-323.6714 0.0000
-324.2587 0.0000
-323.5999 0.0000
-323.5108 0.0000
-323.7234 0.0000
-323.1174 0.0000
-324.5492 0.0000
-323.4151 0.0000
-322.5770 0.0000
-324.1134 0.0000
-321.8794 0.0000
-322.5034 0.0000
-322.1059 0.0000
-321.5170 0.0000
-320.8322 0.0000
-321.1908 0.0000
-321.7947 0.0000
-320.4361 0.0000
-320.9569 0.0000
-321.0483 0.0000
-322.0470 0.0000
-320.2070 0.0000
-320.0707 0.0000
-320.5220 0.0000
-321.0221 0.0000
-321.0783 0.0000
-320.4019 0.0000
-319.8735 0.0000
-320.3542 0.0000
-320.5221 0.0000
-320.2676 0.0000
-319.2765 0.0000
-319.6546 0.0000
-318.8967 0.0000
-320.2221 0.0000
-320.0888 0.0000
-320.4593 0.0000
-320.4687 0.0000
-320.9507 0.0000
-321.2611 0.0000
-320.2636 0.0000
-320.7654 0.0000
-322.3914 0.0000
-322.1027 0.0000
-322.3681 0.0000
-322.7670 0.0000
-322.3743 0.0000
-322.4233 0.0000
-322.5058 0.0000
-321.7639 0.0000
-320.0973 0.0000
-320.2240 0.0000
-320.5420 0.0000
-320.5811 0.0000
-320.5070 0.0000
-320.9575 0.0000
-320.5441 0.0000
-321.2037 0.0000
-320.6304 0.0000
-320.8437 0.0000
-320.2363 0.0000
-319.7632 0.0000
-320.1186 0.0000
-319.4462 0.0000
-320.9100 0.0000
-320.7336 0.0000
-319.9391 0.0000
-320.7351 0.0000
-320.8557 0.0000
-321.2525 0.0000
-320.4305 0.0000
-321.1322 0.0000
-321.0205 0.0000
-320.2817 0.0000
-320.4355 0.0000
-321.0619 0.0000
-321.5659 0.0000
-320.9287 0.0000
-321.5543 0.0000
-320.6421 0.0000
-319.5808 0.0000
-319.7774 0.0000
-319.3773 0.0000
-319.4261 0.0000
-320.4110 0.0000
-320.0604 0.0000
-320.6558 0.0000
-321.0019 0.0000
-320.8878 0.0000
-322.0792 0.0000
-322.4333 0.0000
-322.0544 0.0000
-322.2067 0.0000
-321.8968 0.0000
-322.7298 0.0000
-323.3253 0.0000
-322.8904 0.0000
-321.1695 0.0000
-320.8811 0.0000
-320.1534 0.0000
-319.1721 0.0000
-318.5855 0.0000
-319.0728 0.0000
-320.1527 0.0000
-320.3639 0.0000
-321.0818 0.0000
-321.6349 0.0000
-321.1029 0.0000
-321.1458 0.0000
-321.8335 0.0000
-321.4530 0.0000
-322.9879 0.0000
-323.1483 0.0000
-323.0706 0.0000
-323.1703 0.0000
-323.7514 0.0000
-323.9700 0.0000
-324.2326 0.0000
-323.2960 0.0000
-322.7521 0.0000
-322.7130 0.0000
-322.6549 0.0000
-322.3733 0.0000
-321.8332 0.0000
-321.1515 0.0000
-320.6484 0.0000
-319.8011 0.0000
-319.2075 0.0000
-319.3711 0.0000
-319.4459 0.0000
-320.2301 0.0000
-319.9455 0.0000
-320.1239 0.0000
-320.5621 0.0000
-320.9034 0.0000
-320.8385 0.0000
-320.8800 0.0000
-320.5091 0.0000
-320.5204 0.0000
-318.8745 0.0000
-319.4999 0.0000
-319.1141 0.0000
-319.2103 0.0000
-320.0507 0.0000
-320.2456 0.0000
-319.9004 0.0000
-319.5584 0.0000
-319.7646 0.0000
-318.8119 0.0000
-318.4323 0.0000
-318.5994 0.0000
-319.1133 0.0000
-318.9630 0.0000
-318.1397 0.0000
-317.8279 0.0000
-317.4260 0.0000
-317.1357 0.0000
-316.7615 0.0000
-317.3871 0.0000
-317.4964 0.0000
-317.2507 0.0000
-317.2735 0.0000
-316.5003 0.0000
-316.5326 0.0000
-316.2314 0.0000
-316.4030 0.0000
-316.3488 0.0000
-317.3274 0.0000
-317.7601 0.0000
-318.8862 0.0000
-318.9693 0.0000
-318.4571 0.0000
-319.1046 0.0000
-319.2635 0.0000
-318.3815 0.0000
-318.5560 0.0000
-318.6259 0.0000
-319.0491 0.0000
-318.8618 0.0000
-319.6192 0.0000
-319.4108 0.0000
-319.0085 0.0000
-318.2725 0.0000
-318.2000 0.0000
-318.0813 0.0000
-318.0962 0.0000
-318.8682 0.0000
-319.5686 0.0000
-319.2283 0.0000
-320.9097 0.0000
-321.5432 0.0000
-322.3171 0.0000
-322.7557 0.0000
-323.1040 0.0000
-322.1682 0.0000
-323.2902 0.0000
-321.5056 0.0000
-322.4948 0.0000
-321.3660 0.0000
-321.8008 0.0000
-321.9233 0.0000
-321.2512 0.0000
-321.6245 0.0000
-322.2521 0.0000
-322.3111 0.0000
-322.4899 0.0000
-322.6857 0.0000
-321.9297 0.0000
-322.9322 0.0000
-322.8974 0.0000
-321.9805 0.0000
-321.7460 0.0000
-321.8807 0.0000
-321.8915 0.0000
-322.1592 0.0000
-321.9608 0.0000
-322.3418 0.0000
-321.8665 0.0000
-322.3175 0.0000
-320.9572 0.0000
-321.3081 0.0000
-320.3862 0.0000
-319.9076 0.0000
-321.4996 0.0000
-320.7091 0.0000
-320.1449 0.0000
-319.5741 0.0000
-319.1483 0.0000
-319.6795 0.0000
-319.5423 0.0000
-319.1882 0.0000
-318.7778 0.0000
-317.6654 0.0000
-317.5701 0.0000
-317.8056 0.0000
-318.7390 0.0000
-318.0081 0.0000
-317.9441 0.0000
-318.6478 0.0000
-317.4195 0.0000
-318.4873 0.0000
-319.0767 0.0000
-318.8476 0.0000
-319.2639 0.0000
-318.6364 0.0000
-318.0449 0.0000
-317.8779 0.0000
-318.4115 0.0000
-318.6495 0.0000
-318.3778 0.0000
-318.3898 0.0000
-318.7167 0.0000
-319.4060 0.0000
-319.5517 0.0000
-320.8630 0.0000
-320.9203 0.0000
-322.2302 0.0000
-321.7996 0.0000
-321.8093 0.0000
-321.9171 0.0000
-320.5384 0.0000
-319.6339 0.0000
-320.6078 0.0000
-320.7031 0.0000
-319.7763 0.0000
-320.8853 0.0000
-320.1998 0.0000
-319.5623 0.0000
-319.9814 0.0000
-320.7277 0.0000
-320.9546 0.0000
-321.2594 0.0000
-320.3000 0.0000
-319.6234 0.0000
-319.9905 0.0000
-320.5994 0.0000
-321.3386 0.0000
-320.4695 0.0000
-320.7369 0.0000
-321.2246 0.0000
-321.6514 0.0000
-320.6365 0.0000
-320.7321 0.0000
-320.3745 0.0000
-320.1889 0.0000
-320.9671 0.0000
-320.3241 0.0000
-320.2452 0.0000
-319.9016 0.0000
-319.3328 0.0000
-319.5634 0.0000
-319.7538 0.0000
-319.3019 0.0000
-319.8465 0.0000
-319.9156 0.0000
-319.1688 0.0000
-319.7684 0.0000
-320.5646 0.0000
-319.9724 0.0000
-319.9058 0.0000
-319.9722 0.0000
-320.2745 0.0000
-319.3438 0.0000
-321.4614 0.0000
-321.9327 0.0000
-322.2480 0.0000
-321.6134 0.0000
-320.7748 0.0000
-321.3078 0.0000
-320.8867 0.0000
-320.5914 0.0000
-321.1659 0.0000
-321.6033 0.0000
-321.9718 0.0000
-321.5987 0.0000
-322.2286 0.0000
-321.9582 0.0000
-321.3720 0.0000
-321.3767 0.0000
-320.9571 0.0000
-321.2272 0.0000
-320.9703 0.0000
-321.6873 0.0000
-321.6010 0.0000
-321.8740 0.0000
-321.6245 0.0000
-322.0847 0.0000
-321.6940 0.0000
-321.3731 0.0000
-322.2896 0.0000
-322.2816 0.0000
-322.5273 0.0000
-322.9153 0.0000
-323.4192 0.0000
-323.3452 0.0000
-324.2445 0.0000
-323.8317 0.0000
-323.2024 0.0000
-324.4884 0.0000
-325.6197 0.0000
-324.6825 0.0000
-324.9298 0.0000
-325.8122 0.0000
-326.5882 0.0000
-326.0203 0.0000
-326.9267 0.0000
-325.5280 0.0000
-324.9194 0.0000
-324.3155 0.0000
-324.3851 0.0000
-324.4294 0.0000
-323.6414 0.0000
-322.0576 0.0000
-321.9737 0.0000
-322.6139 0.0000
-324.0419 0.0000
-325.2758 0.0000
-326.5623 0.0000
-326.8671 0.0000
-327.0530 0.0000
-327.3726 0.0000
-326.2567 0.0000
-326.2106 0.0000
-326.7706 0.0000
-325.7160 0.0000
-324.8188 0.0000
-324.4308 0.0000
-323.1041 0.0000
-322.7050 0.0000
-321.4521 0.0000
-320.4134 0.0000
-320.9229 0.0000
-321.0360 0.0000
-320.9783 0.0000
-321.3570 0.0000
-322.5301 0.0000
-322.4649 0.0000
-323.2505 0.0000
-323.4356 0.0000
-323.5701 0.0000
-323.3886 0.0000
-322.9780 0.0000
-323.1167 0.0000
-323.5442 0.0000
-322.6249 0.0000
-323.0509 0.0000
-323.8183 0.0000
-324.2894 0.0000
-324.0392 0.0000
-323.0060 0.0000
-323.8627 0.0000
-323.4660 0.0000
-322.5847 0.0000
-322.7118 0.0000
-323.2155 0.0000
-323.3681 0.0000
-322.8969 0.0000
-323.0590 0.0000
-322.8755 0.0000
-321.8596 0.0000
-322.2532 0.0000
-322.4606 0.0000
-322.8296 0.0000
-322.4068 0.0000
-322.0574 0.0000
-323.0367 0.0000
-324.4357 0.0000
-324.7278 0.0000
-324.6519 0.0000
-322.5898 0.0000
-325.2549 0.0000
-323.3650 0.0000
-322.9732 0.0000
-323.1613 0.0000
-322.4403 0.0000
-322.7305 0.0000
-322.3169 0.0000
-323.0541 0.0000
-323.3102 0.0000
-324.4082 0.0000
-324.1971 0.0000
-324.5564 0.0000
-324.9891 0.0000
-325.2092 0.0000
-325.1385 0.0000
-325.4180 0.0000
-326.3069 0.0000
-327.3105 0.0000
-326.5551 0.0000
-327.2870 0.0000
-327.9343 0.0000
-327.7085 0.0000
-327.0469 0.0000
-328.4752 0.0000
-327.4479 0.0000
-326.4102 0.0000
-325.9661 0.0000
-326.0672 0.0000
-324.5144 0.0000
-324.0179 0.0000
-323.6806 0.0000
-323.0614 0.0000
-323.2742 0.0000
-323.5130 0.0000
-324.0021 0.0000
-324.5063 0.0000
-324.9212 0.0000
-324.3216 0.0000
-324.9458 0.0000
-323.7107 0.0000
-322.8759 0.0000
-322.6785 0.0000
-322.9669 0.0000
-322.3656 0.0000
-322.9127 0.0000
-323.0081 0.0000
-322.8050 0.0000
-322.5232 0.0000
-322.8522 0.0000
-323.1315 0.0000
-323.6543 0.0000
-323.6988 0.0000
-324.7907 0.0000
-324.6438 0.0000
-324.3513 0.0000
-323.9666 0.0000
-325.1301 0.0000
-325.6540 0.0000
-326.1358 0.0000
-326.1397 0.0000
-325.7051 0.0000
-327.2232 0.0000
-326.3974 0.0000
-325.9829 0.0000
-325.3983 0.0000
-324.9227 0.0000
-325.0997 0.0000
-324.5191 0.0000
-325.0813 0.0000
-324.7179 0.0000
-324.3117 0.0000
-323.3992 0.0000
-322.8880 0.0000
-322.7702 0.0000
-322.0736 0.0000
-321.8592 0.0000
-322.8474 0.0000
-321.6430 0.0000
-321.4866 0.0000
-322.0147 0.0000
-321.6210 0.0000
-321.8608 0.0000
-322.0935 0.0000
-322.4018 0.0000
-322.3371 0.0000
-323.0735 0.0000
-323.6824 0.0000
-323.7192 0.0000
-323.5873 0.0000
-323.0926 0.0000
-321.7995 0.0000
-322.0882 0.0000
-322.6838 0.0000
-321.2690 0.0000
-321.7685 0.0000
-322.0025 0.0000
-320.0252 0.0000
-321.1391 0.0000
-321.3021 0.0000
-320.1490 0.0000
-319.8594 0.0000
-320.7455 0.0000
-320.7735 0.0000
-321.5124 0.0000
-321.3131 0.0000
-321.4982 0.0000
-320.4256 0.0000
-320.5859 0.0000
-320.7863 0.0000
-320.6341 0.0000
-320.0963 0.0000
-319.9747 0.0000
-320.3745 0.0000
-320.2801 0.0000
-320.4448 0.0000
-320.5571 0.0000
-320.8481 0.0000
-320.8331 0.0000
-321.8793 0.0000
-321.2711 0.0000
-320.7678 0.0000
-320.7080 0.0000
-320.7944 0.0000
-321.2043 0.0000
-321.4126 0.0000
-321.2891 0.0000
-320.9766 0.0000
-321.7595 0.0000
-320.5464 0.0000
-320.7293 0.0000
-320.2638 0.0000
-320.6450 0.0000
-319.9963 0.0000
-320.4107 0.0000
-320.9473 0.0000
-321.3575 0.0000
-320.5813 0.0000
-320.7796 0.0000
-321.1815 0.0000
-320.6526 0.0000
-321.3688 0.0000
-320.4279 0.0000
-321.1792 0.0000
-321.6514 0.0000
-320.9165 0.0000
-322.3839 0.0000
-322.0947 0.0000
-321.8756 0.0000
-321.8512 0.0000
-321.7114 0.0000
-321.4395 0.0000
-320.1996 0.0000
-320.9012 0.0000
-321.8912 0.0000
-321.7398 0.0000
-321.1493 0.0000
-320.8647 0.0000
-319.9248 0.0000
-320.8981 0.0000
-321.0277 0.0000
-320.5513 0.0000
-321.0207 0.0000
-320.5146 0.0000
-320.6991 0.0000
-320.3768 0.0000
-319.3701 0.0000
-320.6933 0.0000
-320.7900 0.0000
-319.5865 0.0000
-318.9584 0.0000
-319.1576 0.0000
-318.8451 0.0000
-319.7279 0.0000
-318.5613 0.0000
-318.4585 0.0000
-318.2385 0.0000
-318.0555 0.0000
-317.8820 0.0000
-318.0590 0.0000
-318.1018 0.0000
-317.9092 0.0000
-318.4081 0.0000
-318.0572 0.0000
-318.1658 0.0000
-317.8034 0.0000
-318.4306 0.0000
-318.4362 0.0000
-318.0609 0.0000
-318.4595 0.0000
-317.6830 0.0000
-317.5673 0.0000
-317.1531 0.0000
-316.7171 0.0000
-317.0893 0.0000
-316.4379 0.0000
-317.2991 0.0000
-317.5184 0.0000
-317.5390 0.0000
-317.1762 0.0000
-317.2740 0.0000
-317.8033 0.0000
-318.6443 0.0000
-319.0114 0.0000
-318.9797 0.0000
-318.3602 0.0000
-319.6321 0.0000
-319.4228 0.0000
-319.0383 0.0000
-318.2010 0.0000
-317.9498 0.0000
-317.8394 0.0000
-318.2178 0.0000
-318.2867 0.0000
-318.3386 0.0000
-318.7257 0.0000
-318.6115 0.0000
-318.2705 0.0000
-317.9944 0.0000
-318.3964 0.0000
-318.0875 0.0000
-318.0461 0.0000
-318.6983 0.0000
-317.1966 0.0000
-316.7506 0.0000
-315.7824 0.0000
-316.3935 0.0000
-316.1038 0.0000
-315.9803 0.0000
-316.1050 0.0000
-316.8008 0.0000
-316.7491 0.0000
-316.7296 0.0000
-316.4328 0.0000
-315.9541 0.0000
-315.8435 0.0000
-314.7211 0.0000
-314.9739 0.0000
-314.9845 0.0000
-314.0178 0.0000
-314.2823 0.0000
-314.7412 0.0000
-316.0209 0.0000
-316.0685 0.0000
-315.8522 0.0000
-317.1810 0.0000
-316.6287 0.0000
-316.9033 0.0000
-317.0199 0.0000
-315.4167 0.0000
-314.8627 0.0000
-315.2126 0.0000
-315.0617 0.0000
-314.9106 0.0000
-314.1524 0.0000
-313.7163 0.0000
-314.3259 0.0000
-313.5784 0.0000
-313.8370 0.0000
-314.3828 0.0000
-313.1752 0.0000
-312.0462 0.0000
-312.7977 0.0000
-313.0633 0.0000
-312.3318 0.0000
-311.6105 0.0000
-311.8768 0.0000
-312.0106 0.0000
-313.9043 0.0000
-312.7527 0.0000
-311.5153 0.0000
-311.1572 0.0000
-310.6276 0.0000
-310.0151 0.0000
-310.5717 0.0000
-310.0396 0.0000
-310.5299 0.0000
-310.7323 0.0000
-309.5764 0.0000
-310.0083 0.0000
-310.2580 0.0000
-310.2855 0.0000
-309.6324 0.0000
-308.3880 0.0000
-308.4526 0.0000
-308.1216 0.0000
-308.4580 0.0000
-307.5963 0.0000
-306.4163 0.0000
-305.9655 0.0000
-305.5059 0.0000
-305.3386 0.0000
-306.0186 0.0000
-305.7350 0.0000
-304.1985 0.0000
-305.2268 0.0000
-305.1114 0.0000
-304.9010 0.0000
-304.1488 0.0000
-305.6915 0.0000
-305.8098 0.0000
-305.4869 0.0000
-306.0257 0.0000
-305.8973 0.0000
-306.2816 0.0000
-306.3839 0.0000
-306.2129 0.0000
-306.1763 0.0000
-306.1132 0.0000
-304.3255 0.0000
-303.5790 0.0000
-303.5596 0.0000
-303.9612 0.0000
-304.8935 0.0000
-303.7841 0.0000
-304.9042 0.0000
-305.4907 0.0000
-305.5030 0.0000
-304.6280 0.0000
-304.4187 0.0000
-304.6208 0.0000
-305.5224 0.0000
-304.9951 0.0000
-305.3564 0.0000
-306.1408 0.0000
-306.5328 0.0000
-306.3449 0.0000
-305.8553 0.0000
-305.3518 0.0000
-304.1267 0.0000
-304.9379 0.0000
-304.5835 0.0000
-303.1515 0.0000
-304.3628 0.0000
-304.4129 0.0000
-305.0013 0.0000
-305.5267 0.0000
-304.7621 0.0000
-304.3192 0.0000
-304.7889 0.0000
-304.2927 0.0000
-302.8480 0.0000
-305.0125 0.0000
-304.8346 0.0000
-305.1743 0.0000
-305.8951 0.0000
-306.5198 0.0000
-308.1344 0.0000
-308.0422 0.0000
-307.7198 0.0000
-308.0013 0.0000
-307.2025 0.0000
-307.8162 0.0000
-308.4042 0.0000
-308.6890 0.0000
-309.9002 0.0000
-308.4279 0.0000
-309.7661 0.0000
-308.4514 0.0000
-308.8167 0.0000
-308.6847 0.0000
-308.2046 0.0000
-308.8056 0.0000
-309.1547 0.0000
-309.7494 0.0000
-310.7236 0.0000
-309.6344 0.0000
-309.5294 0.0000
-310.8042 0.0000
-311.1732 0.0000
-310.6614 0.0000
-311.6426 0.0000
-311.8721 0.0000
-311.6531 0.0000
-312.1612 0.0000
-311.8285 0.0000
-310.7408 0.0000
-310.3442 0.0000
-311.1123 0.0000
-311.5022 0.0000
-311.4157 0.0000
-311.7480 0.0000
-310.0268 0.0000
-311.5096 0.0000
-311.4453 0.0000
-312.0848 0.0000
-310.1101 0.0000
-310.8500 0.0000
-311.2413 0.0000
-312.6867 0.0000
-310.5561 0.0000
-311.1660 0.0000
-311.6818 0.0000
-311.1978 0.0000
-311.5538 0.0000
-312.6706 0.0000
-312.5772 0.0000
-311.7943 0.0000
-312.4710 0.0000
-313.5935 0.0000
-313.9624 0.0000
-313.0323 0.0000
-313.2897 0.0000
-312.9820 0.0000
-312.9067 0.0000
-312.7174 0.0000
-311.8209 0.0000
-312.3343 0.0000
-313.2693 0.0000
-313.0988 0.0000
-313.8598 0.0000
-312.3319 0.0000
-311.8114 0.0000
-311.9886 0.0000
-311.8228 0.0000
-312.5001 0.0000
-311.3271 0.0000
-310.1316 0.0000
-309.9231 0.0000
-310.6436 0.0000
-310.8807 0.0000
-310.3416 0.0000
-311.6883 0.0000
-311.6891 0.0000
-312.0282 0.0000
-312.0053 0.0000
-311.9948 0.0000
-311.3790 0.0000
-311.3979 0.0000
-311.3000 0.0000
-312.5492 0.0000
-310.3535 0.0000
-311.4708 0.0000
-311.9398 0.0000
-312.7460 0.0000
-312.8903 0.0000
-313.4987 0.0000
-312.9004 0.0000
-312.2627 0.0000
-312.5364 0.0000
-312.5149 0.0000
-312.2018 0.0000
-313.7138 0.0000
-312.4675 0.0000
-313.4728 0.0000
-312.7052 0.0000
-311.3626 0.0000
-311.6887 0.0000
-310.9286 0.0000
-311.9565 0.0000
-312.1883 0.0000
-312.4253 0.0000
-313.2256 0.0000
-311.9584 0.0000
-312.4011 0.0000
-312.2299 0.0000
-311.9405 0.0000
-312.9480 0.0000
-313.2468 0.0000
-312.9490 0.0000
-314.0759 0.0000
-314.6495 0.0000
-313.4164 0.0000
-314.2158 0.0000
-314.4015 0.0000
-313.9146 0.0000
-314.3494 0.0000
-314.2632 0.0000
-314.2303 0.0000
-313.7147 0.0000
-315.0655 0.0000
-315.2650 0.0000
-315.0241 0.0000
-315.6166 0.0000
-315.1797 0.0000
-315.2414 0.0000
-316.3147 0.0000
-315.5968 0.0000
-315.9877 0.0000
-314.3273 0.0000
-314.4931 0.0000
-313.7131 0.0000
-313.9215 0.0000
-314.0559 0.0000
-314.9335 0.0000
-313.9503 0.0000
-313.3156 0.0000
-313.3231 0.0000
-313.1577 0.0000
-312.1824 0.0000
-313.0506 0.0000
-312.0031 0.0000
-311.3687 0.0000
-311.2078 0.0000
-311.5554 0.0000
-311.3159 0.0000
-312.0642 0.0000
-312.3723 0.0000
-311.8900 0.0000
-312.5254 0.0000
-311.3495 0.0000
-310.7008 0.0000
-310.0463 0.0000
-309.4760 0.0000
-310.0446 0.0000
-310.1333 0.0000
-309.2229 0.0000
-308.6975 0.0000
-308.0076 0.0000
-308.7425 0.0000
-307.8858 0.0000
-307.7339 0.0000
-307.3872 0.0000
-307.3604 0.0000
-306.9927 0.0000
-306.9390 0.0000
-306.8107 0.0000
-306.4057 0.0000
-305.4526 0.0000
-306.7406 0.0000
-305.9209 0.0000
-306.5310 0.0000
-306.7970 0.0000
-308.2060 0.0000
-309.0162 0.0000
-307.9762 0.0000
-308.4487 0.0000
-307.7433 0.0000
-307.6457 0.0000
-307.8919 0.0000
-309.7443 0.0000
-308.4217 0.0000
-308.8764 0.0000
-307.6346 0.0000
-307.7426 0.0000
-307.0324 0.0000
-306.3417 0.0000
-306.5368 0.0000
-306.4236 0.0000
-306.4241 0.0000
-306.3792 0.0000
-304.9740 0.0000
-303.9070 0.0000
-303.4894 0.0000
-304.5171 0.0000
-303.6216 0.0000
-302.8296 0.0000
-302.2216 0.0000
-302.3549 0.0000
-302.7296 0.0000
-302.4040 0.0000
-302.8102 0.0000
-301.9717 0.0000
-303.1810 0.0000
-303.4252 0.0000
-303.6296 0.0000
-303.8225 0.0000
-304.6596 0.0000
-304.6874 0.0000
-305.0193 0.0000
-306.3254 0.0000
-305.0728 0.0000
-304.1355 0.0000
-305.1324 0.0000
-305.0909 0.0000
-304.8028 0.0000
-304.8157 0.0000
-304.1143 0.0000
-304.7776 0.0000
-303.5684 0.0000
-303.2960 0.0000
-304.2577 0.0000
-304.6095 0.0000
-305.4807 0.0000
-305.2390 0.0000
-305.1533 0.0000
-305.0242 0.0000
-304.7862 0.0000
-304.2966 0.0000
-304.6837 0.0000
-304.0968 0.0000
-304.0503 0.0000
-304.9848 0.0000
-304.4573 0.0000
-303.8941 0.0000
-304.7180 0.0000
-305.3707 0.0000
-305.6348 0.0000
-306.1295 0.0000
-306.9671 0.0000
-307.5513 0.0000
-308.1505 0.0000
-307.7638 0.0000
-308.0625 0.0000
-308.3762 0.0000
-308.3669 0.0000
-308.8809 0.0000
-309.4146 0.0000
-309.0882 0.0000
-308.9376 0.0000
-310.1075 0.0000
-309.3180 0.0000
-307.8416 0.0000
-307.0582 0.0000
-306.9372 0.0000
-305.9452 0.0000
-306.2786 0.0000
-305.6200 0.0000
-305.0765 0.0000
-305.2742 0.0000
-304.9451 0.0000
-304.7867 0.0000
-304.5433 0.0000
-305.3741 0.0000
-305.6788 0.0000
-304.7906 0.0000
-304.0082 0.0000
-304.0686 0.0000
-305.0771 0.0000
-305.9331 0.0000
-304.0109 0.0000
-303.9922 0.0000
-303.7812 0.0000
-302.8411 0.0000
-303.4750 0.0000
-303.6268 0.0000
-303.1772 0.0000
-304.6699 0.0000
-304.3217 0.0000
-304.3241 0.0000
-304.3732 0.0000
-304.8762 0.0000
-305.2299 0.0000
-303.8891 0.0000
-303.7949 0.0000
-304.2898 0.0000
-304.3568 0.0000
-304.7010 0.0000
-304.1448 0.0000
-303.3744 0.0000
-303.5248 0.0000
-302.8553 0.0000
-303.2818 0.0000
-302.3903 0.0000
-301.6067 0.0000
-302.2101 0.0000
-303.6861 0.0000
-303.5975 0.0000
-303.3298 0.0000
-303.3276 0.0000
-304.2014 0.0000
-302.3238 0.0000
-303.6831 0.0000
-303.6742 0.0000
-303.7145 0.0000
-302.7402 0.0000
-302.7612 0.0000
-302.4967 0.0000
-302.2736 0.0000
-301.7735 0.0000
-302.2966 0.0000
-303.0911 0.0000
-303.3325 0.0000
-303.1760 0.0000
-303.8202 0.0000
-303.3584 0.0000
-303.8148 0.0000
-303.1711 0.0000
-304.0420 0.0000
-303.9332 0.0000
-303.5861 0.0000
-303.4959 0.0000
-305.2649 0.0000
-303.6636 0.0000
-303.6383 0.0000
-304.5845 0.0000
-304.1961 0.0000
-303.9944 0.0000
-303.9876 0.0000
-304.2746 0.0000
-305.2584 0.0000
-304.9863 0.0000
-304.8185 0.0000
-304.9965 0.0000
-303.5742 0.0000
-305.3201 0.0000
-304.7655 0.0000
-304.8943 0.0000
-304.4868 0.0000
-303.8175 0.0000
-303.7280 0.0000
-304.9838 0.0000
-303.2641 0.0000
-304.0499 0.0000
-303.1737 0.0000
-302.3821 0.0000
-301.7782 0.0000
-301.1042 0.0000
-302.4347 0.0000
-302.3377 0.0000
-303.3679 0.0000
-302.0280 0.0000
-302.1138 0.0000
-303.2545 0.0000
-302.2714 0.0000
-302.2454 0.0000
-302.1467 0.0000
-301.9438 0.0000
-301.5032 0.0000
-301.3093 0.0000
-301.8875 0.0000
-302.4768 0.0000
-302.1201 0.0000
-302.5943 0.0000
-303.1633 0.0000
-302.3301 0.0000
-303.3820 0.0000
-302.4211 0.0000
-302.2747 0.0000
-302.7578 0.0000
-302.4317 0.0000
-302.3475 0.0000
-302.1430 0.0000
-301.2487 0.0000
-302.7212 0.0000
-302.3673 0.0000
-302.3317 0.0000
-302.2395 0.0000
-302.0769 0.0000
-302.8654 0.0000
-302.9838 0.0000
-303.0717 0.0000
-303.2958 0.0000
-303.8582 0.0000
-304.5734 0.0000
-303.8970 0.0000
-303.9652 0.0000
-304.5582 0.0000
-305.2789 0.0000
-305.2223 0.0000
-305.7145 0.0000
-307.1190 0.0000
-307.1836 0.0000
-307.2541 0.0000
-307.8234 0.0000
-306.5645 0.0000
-306.5686 0.0000
-306.3822 0.0000
-307.0901 0.0000
-307.4590 0.0000
-307.4959 0.0000
-307.8207 0.0000
-306.2265 0.0000
-306.0099 0.0000
-305.0238 0.0000
-306.5158 0.0000
-307.1660 0.0000
-307.7009 0.0000
-308.3832 0.0000
-308.1691 0.0000
-308.6003 0.0000
-308.1718 0.0000
-309.5229 0.0000
-309.4709 0.0000
-311.2138 0.0000
-311.5851 0.0000
-310.8997 0.0000
-309.4618 0.0000
-309.2146 0.0000
-308.5946 0.0000
-308.9647 0.0000
-309.3501 0.0000
-309.1479 0.0000
-309.5243 0.0000
-308.1667 0.0000
-308.6710 0.0000
-308.2316 0.0000
-307.7623 0.0000
-307.6159 0.0000
-309.6048 0.0000
-310.0025 0.0000
-308.7488 0.0000
-309.6885 0.0000
-309.3612 0.0000
-309.7327 0.0000
-310.1120 0.0000
-309.2627 0.0000
-308.5806 0.0000
-308.9037 0.0000
-309.0651 0.0000
-308.3736 0.0000
-308.3845 0.0000
-308.3603 0.0000
-307.4333 0.0000
-307.7715 0.0000
-308.6666 0.0000
-309.6246 0.0000
-310.4492 0.0000
-311.7154 0.0000
-312.1907 0.0000
-311.0881 0.0000
-312.3155 0.0000
-312.8480 0.0000
-311.1938 0.0000
-312.7874 0.0000
-312.1521 0.0000
-312.2117 0.0000
-311.4817 0.0000
-311.1089 0.0000
-312.5328 0.0000
-312.1514 0.0000
-312.8603 0.0000
-313.4074 0.0000
-313.0952 0.0000
-312.6006 0.0000
-312.9073 0.0000
-311.7487 0.0000
-312.9235 0.0000
-312.3997 0.0000
-312.2099 0.0000
-312.8525 0.0000
-314.5318 0.0000
-313.5728 0.0000
-312.5811 0.0000
-312.6992 0.0000
-312.5683 0.0000
-312.3687 0.0000
-311.5950 0.0000
-310.6827 0.0000
-310.7501 0.0000
-310.9735 0.0000
-310.9411 0.0000
-310.5111 0.0000
-311.1659 0.0000
-310.9603 0.0000
-309.9718 0.0000
-308.6593 0.0000
-310.2340 0.0000
-310.3465 0.0000
-310.8461 0.0000
-309.9936 0.0000
-310.0442 0.0000
-309.7085 0.0000
-309.4830 0.0000
-310.9542 0.0000
-311.6158 0.0000
-311.5121 0.0000
-311.0806 0.0000
-310.5273 0.0000
-311.1935 0.0000
-311.3850 0.0000
-311.0212 0.0000
-312.2238 0.0000
-311.6218 0.0000
-310.8736 0.0000
-311.8171 0.0000
-311.7309 0.0000
-312.7310 0.0000
-312.9134 0.0000
-313.8412 0.0000
-313.9277 0.0000
-313.3273 0.0000
-312.6321 0.0000
-313.9891 0.0000
-313.2568 0.0000
-313.1325 0.0000
-312.3843 0.0000
-312.0252 0.0000
-312.8838 0.0000
-311.4248 0.0000
-311.9992 0.0000
-312.2247 0.0000
-311.2371 0.0000
-311.7480 0.0000
-311.9577 0.0000
-311.5273 0.0000
-310.9343 0.0000
-311.0957 0.0000
-311.2051 0.0000
-310.2354 0.0000
-310.9877 0.0000
-311.1270 0.0000
-312.4464 0.0000
-312.2431 0.0000
-311.6473 0.0000
-312.3646 0.0000
-312.1780 0.0000
-312.6063 0.0000
-313.8976 0.0000
-313.2748 0.0000
-312.8230 0.0000
-313.0709 0.0000
-311.6118 0.0000
-311.7686 0.0000
-312.5534 0.0000
-312.5074 0.0000
-314.0691 0.0000
-311.1691 0.0000
-311.9559 0.0000
-311.7046 0.0000
-312.2459 0.0000
-310.9931 0.0000
-311.1640 0.0000
-310.8027 0.0000
-312.4195 0.0000
-311.9548 0.0000
-311.9505 0.0000
-312.1642 0.0000
-311.5930 0.0000
-312.1572 0.0000
-312.8054 0.0000
-312.0224 0.0000
-311.6198 0.0000
-311.0339 0.0000
-311.5041 0.0000
-312.2499 0.0000
-312.1253 0.0000
-312.0074 0.0000
-311.3576 0.0000
-311.7962 0.0000
-312.1059 0.0000
-312.7310 0.0000
-312.4383 0.0000
-312.1764 0.0000
-312.7408 0.0000
-312.1832 0.0000
-311.8782 0.0000
-312.1408 0.0000
-312.8269 0.0000
-311.5654 0.0000
-311.3622 0.0000
-311.2552 0.0000
-311.4524 0.0000
-311.4569 0.0000
-311.5179 0.0000
-310.6739 0.0000
-310.1941 0.0000
-311.2335 0.0000
-311.4817 0.0000
-312.8970 0.0000
-311.6574 0.0000
-311.4577 0.0000
-311.6372 0.0000
-311.1624 0.0000
-311.7804 0.0000
-311.4229 0.0000
-311.9063 0.0000
-312.0149 0.0000
-312.3896 0.0000
-312.0320 0.0000
-313.0104 0.0000
-313.7780 0.0000
-314.8436 0.0000
-314.4209 0.0000
-314.9543 0.0000
-314.4682 0.0000
-315.7356 0.0000
-315.7168 0.0000
-315.7082 0.0000
-315.2335 0.0000
-314.4211 0.0000
-315.4525 0.0000
-314.7613 0.0000
-315.8698 0.0000
-316.2235 0.0000
-316.2754 0.0000
-316.3054 0.0000
-315.2847 0.0000
-316.4759 0.0000
-316.5125 0.0000
-315.9262 0.0000
-316.2238 0.0000
-316.4037 0.0000
-316.2591 0.0000
-316.3945 0.0000
-316.2546 0.0000
-316.8172 0.0000
-316.9041 0.0000
-318.2816 0.0000
-317.0124 0.0000
-317.4927 0.0000
-316.7401 0.0000
-317.9363 0.0000
-318.8508 0.0000
-318.9574 0.0000
-318.7238 0.0000
-318.0999 0.0000
-318.1019 0.0000
-318.6552 0.0000
-319.0551 0.0000
-319.0470 0.0000
-319.5434 0.0000
-318.5886 0.0000
-317.9311 0.0000
-318.8443 0.0000
-319.1878 0.0000
-319.2093 0.0000
-319.7624 0.0000
-320.2227 0.0000
-320.2688 0.0000
-319.6187 0.0000
-319.4978 0.0000
-319.7931 0.0000
-319.8204 0.0000
-319.7724 0.0000
-321.0205 0.0000
-320.2778 0.0000
-320.1124 0.0000
-320.5075 0.0000
-319.9320 0.0000
-320.2266 0.0000
-321.9656 0.0000
-322.8063 0.0000
-322.3963 0.0000
-322.6941 0.0000
-323.3593 0.0000
-322.8366 0.0000
-323.1503 0.0000
-323.6416 0.0000
-323.4919 0.0000
-324.4272 0.0000
-323.5696 0.0000
-323.5939 0.0000
-323.6841 0.0000
-323.6703 0.0000
-323.9289 0.0000
-323.6887 0.0000
-324.6658 0.0000
-325.0558 0.0000
-324.3799 0.0000
-324.7183 0.0000
-324.3667 0.0000
-324.0952 0.0000
-323.9435 0.0000
-324.0121 0.0000
-323.9513 0.0000
-323.6294 0.0000
-324.3755 0.0000
-323.7909 0.0000
-324.2295 0.0000
-324.2520 0.0000
-323.3574 0.0000
-323.6001 0.0000
-323.7666 0.0000
-322.9629 0.0000
-322.0388 0.0000
-322.5341 0.0000
-323.1094 0.0000
-323.2153 0.0000
-323.0780 0.0000
-323.3278 0.0000
-322.6559 0.0000
-322.8785 0.0000
-322.3784 0.0000
-322.9877 0.0000
-322.4333 0.0000
-321.8750 0.0000
-322.4677 0.0000
-322.3970 0.0000
-321.9654 0.0000
-321.7895 0.0000
-321.4917 0.0000
-322.3479 0.0000
-322.6363 0.0000
-322.6824 0.0000
-323.2321 0.0000
-323.4838 0.0000
-322.7657 0.0000
-322.7789 0.0000
-322.6034 0.0000
-322.5102 0.0000
-322.3556 0.0000
-322.8322 0.0000
-322.4897 0.0000
-322.3417 0.0000
-322.8590 0.0000
-322.7451 0.0000
-322.5861 0.0000
-322.7125 0.0000
-323.4060 0.0000
-322.6862 0.0000
-323.5483 0.0000
-323.0087 0.0000
-323.4050 0.0000
-323.4376 0.0000
-323.8647 0.0000
-324.5009 0.0000
-324.9612 0.0000
-326.3110 0.0000
-326.3545 0.0000
-326.5326 0.0000
-325.6910 0.0000
-325.0066 0.0000
-324.6687 0.0000
-325.5325 0.0000
-325.0584 0.0000
-325.6608 0.0000
-325.6684 0.0000
-326.2008 0.0000
-326.0289 0.0000
-325.7813 0.0000
-326.1662 0.0000
-327.5349 0.0000
-328.3700 0.0000
-328.8156 0.0000
-328.8282 0.0000
-329.5124 0.0000
-329.8487 0.0000
-328.7597 0.0000
-328.3895 0.0000
-327.5395 0.0000
-327.7146 0.0000
-329.2831 0.0000
-329.7070 0.0000
-328.5114 0.0000
-327.7681 0.0000
-327.2462 0.0000
-326.9670 0.0000
-326.4886 0.0000
-326.4842 0.0000
-325.7602 0.0000
-326.7410 0.0000
-325.8382 0.0000
-327.2723 0.0000
-325.6412 0.0000
-325.5219 0.0000
-325.1258 0.0000
-325.4494 0.0000
-326.2880 0.0000
-324.9986 0.0000
-325.8930 0.0000
-325.2423 0.0000
-326.6792 0.0000
-326.1072 0.0000
-325.5183 0.0000
-324.6733 0.0000
-325.2103 0.0000
-324.8364 0.0000
-323.7603 0.0000
-323.6842 0.0000
-323.4396 0.0000
-323.1106 0.0000
-323.7779 0.0000
-323.7141 0.0000
-324.2857 0.0000
-323.4122 0.0000
-324.0600 0.0000
-324.0909 0.0000
-324.4552 0.0000
-323.9993 0.0000
-325.0436 0.0000
-324.2777 0.0000
-323.9566 0.0000
-324.7903 0.0000
-324.5345 0.0000
-324.0603 0.0000
-323.9225 0.0000
-323.9826 0.0000
-323.8685 0.0000
-324.1843 0.0000
-322.7350 0.0000
-323.2010 0.0000
-323.8375 0.0000
-323.4295 0.0000
-323.3843 0.0000
-325.0799 0.0000
-324.4792 0.0000
-324.2863 0.0000
-324.2721 0.0000
-324.3994 0.0000
-324.6044 0.0000
-325.0900 0.0000
-324.3238 0.0000
-323.6446 0.0000
-324.0727 0.0000
-324.2038 0.0000
-323.8358 0.0000
-323.0751 0.0000
-324.2978 0.0000
-324.6413 0.0000
-323.6601 0.0000
-324.4833 0.0000
-324.5167 0.0000
-323.3183 0.0000
-322.1072 0.0000
-322.0400 0.0000
-321.4916 0.0000
-320.8010 0.0000
-320.6119 0.0000
-319.8286 0.0000
-320.4895 0.0000
-321.0129 0.0000
-322.4977 0.0000
-321.1862 0.0000
-320.2309 0.0000
-319.4688 0.0000
-320.2559 0.0000
-319.5317 0.0000
-320.8917 0.0000
-321.3339 0.0000
-321.3217 0.0000
-322.3397 0.0000
-321.6562 0.0000
-322.0855 0.0000
-321.6339 0.0000
-320.4135 0.0000
-319.7583 0.0000
-320.6646 0.0000
-319.7786 0.0000
-320.6843 0.0000
-321.2336 0.0000
-321.3811 0.0000
-321.5814 0.0000
-321.9056 0.0000
-322.2557 0.0000
-322.7585 0.0000
-322.0516 0.0000
-321.4944 0.0000
-322.4199 0.0000
-322.4943 0.0000
-323.0153 0.0000
-323.8444 0.0000
-323.3578 0.0000
-323.1812 0.0000
-323.8015 0.0000
-325.4138 0.0000
-325.5931 0.0000
-325.5400 0.0000
-325.7461 0.0000
-326.9520 0.0000
-325.4671 0.0000
-325.5620 0.0000
-325.2066 0.0000
-323.7457 0.0000
-323.3518 0.0000
-323.6003 0.0000
-323.9683 0.0000
-324.2976 0.0000
-325.2186 0.0000
-324.5679 0.0000
-324.6137 0.0000
-323.5399 0.0000
-323.5367 0.0000
-322.9080 0.0000
-323.1064 0.0000
-323.2062 0.0000
-323.2137 0.0000
-324.2148 0.0000
-325.5318 0.0000
-325.6040 0.0000
-326.0576 0.0000
-327.1440 0.0000
-327.4057 0.0000
-327.2431 0.0000
-327.8923 0.0000
-327.9122 0.0000
-329.2006 0.0000
-327.4816 0.0000
-328.0375 0.0000
-327.8626 0.0000
-327.6175 0.0000
-327.4287 0.0000
-327.6667 0.0000
-328.3521 0.0000
-329.1806 0.0000
-328.5508 0.0000
-328.0434 0.0000
-328.1784 0.0000
-327.3043 0.0000
-327.5573 0.0000
-328.3132 0.0000
-328.0536 0.0000
-327.9509 0.0000
-329.0505 0.0000
-329.7234 0.0000
-330.1916 0.0000
-330.3744 0.0000
-331.1279 0.0000
-331.4621 0.0000
-331.7584 0.0000
-331.8227 0.0000
-330.6560 0.0000
-331.8751 0.0000
-330.3468 0.0000
-330.3720 0.0000
-329.9379 0.0000
-330.0163 0.0000
-329.1770 0.0000
-328.9283 0.0000
-329.0007 0.0000
-328.8358 0.0000
-328.3364 0.0000
-327.7390 0.0000
-327.4013 0.0000
-327.3636 0.0000
-326.9864 0.0000
-326.3984 0.0000
-325.4621 0.0000
-325.0175 0.0000
-323.5960 0.0000
-324.1544 0.0000
-324.0126 0.0000
-323.2293 0.0000
-323.9014 0.0000
-324.7819 0.0000
-325.0243 0.0000
-324.8277 0.0000
-325.4239 0.0000
-325.1337 0.0000
-325.4239 0.0000
-325.9635 0.0000
-325.6817 0.0000
-325.0857 0.0000
-323.7464 0.0000
-322.1239 0.0000
-322.5986 0.0000
-323.0350 0.0000
-323.4195 0.0000
-323.7652 0.0000
-324.0427 0.0000
-323.2400 0.0000
-322.5013 0.0000
-320.8249 0.0000
-322.1290 0.0000
-322.4587 0.0000
-321.9020 0.0000
-323.3028 0.0000
-324.7743 0.0000
-324.0837 0.0000
-324.4187 0.0000
-325.5049 0.0000
-325.5314 0.0000
-324.6659 0.0000
-324.0595 0.0000
-324.4213 0.0000
-324.9460 0.0000
-324.4655 0.0000
-323.3438 0.0000
-323.0324 0.0000
-323.9339 0.0000
-323.2082 0.0000
-322.7030 0.0000
-322.6439 0.0000
-322.7052 0.0000
-322.8267 0.0000
-322.8452 0.0000
-323.7513 0.0000
-323.3721 0.0000
-323.7691 0.0000
-324.0911 0.0000
-325.1536 0.0000
-324.7022 0.0000
-325.3259 0.0000
-325.4776 0.0000
-325.2166 0.0000
-324.7584 0.0000
-325.5503 0.0000
-325.3942 0.0000
-326.4625 0.0000
-326.9236 0.0000
-327.2940 0.0000
-327.9160 0.0000
-328.4722 0.0000
-329.0802 0.0000
-329.4185 0.0000
-330.1200 0.0000
-329.3858 0.0000
-329.7052 0.0000
-329.7357 0.0000
-329.8429 0.0000
-330.8717 0.0000
-330.5912 0.0000
-330.7379 0.0000
-330.3206 0.0000
-330.2918 0.0000
-329.2168 0.0000
-328.4052 0.0000
-328.4151 0.0000
-327.9281 0.0000
-327.2037 0.0000
-327.3130 0.0000
-327.2320 0.0000
-325.9174 0.0000
-325.4012 0.0000
-325.2708 0.0000
-325.4535 0.0000
-326.1553 0.0000
-325.7526 0.0000
-325.6332 0.0000
-326.6573 0.0000
-325.4040 0.0000
-324.5728 0.0000
-324.3830 0.0000
-324.5153 0.0000
-324.0262 0.0000
-324.2555 0.0000
-323.1993 0.0000
-324.2901 0.0000
-324.2014 0.0000
-324.9278 0.0000
-325.7974 0.0000
-326.2903 0.0000
-326.8991 0.0000
-326.9584 0.0000
-326.6350 0.0000
-325.7491 0.0000
-324.8207 0.0000
-323.9677 0.0000
-324.2592 0.0000
-324.4247 0.0000
-325.7577 0.0000
-326.0419 0.0000
-324.4289 0.0000
-324.5719 0.0000
-324.3875 0.0000
-324.5077 0.0000
-325.0776 0.0000
-325.2582 0.0000
-325.2477 0.0000
-324.6965 0.0000
-323.9586 0.0000
-323.6171 0.0000
-323.6112 0.0000
-322.5409 0.0000
-321.5853 0.0000
-322.0809 0.0000
-322.9695 0.0000
-323.0212 0.0000
-323.8838 0.0000
-323.9597 0.0000
-324.4383 0.0000
-324.4094 0.0000
-323.6832 0.0000
-324.0924 0.0000
-323.9800 0.0000
-324.5540 0.0000
-324.1107 0.0000
-324.8805 0.0000
-325.1443 0.0000
-324.4758 0.0000
-323.5911 0.0000
-324.0786 0.0000
-323.8576 0.0000
-322.4678 0.0000
-322.7834 0.0000
-322.3802 0.0000
-322.2606 0.0000
-322.3055 0.0000
-322.4835 0.0000
-323.1993 0.0000
-324.0212 0.0000
-325.1412 0.0000
-323.3794 0.0000
-322.0994 0.0000
-321.4173 0.0000
-321.2461 0.0000
-321.2547 0.0000
-321.3407 0.0000
-321.4970 0.0000
-322.1401 0.0000
-321.6634 0.0000
-322.2418 0.0000
-322.0221 0.0000
-321.6055 0.0000
-320.6212 0.0000
-320.3860 0.0000
-320.1492 0.0000
-318.4602 0.0000
-319.6262 0.0000
-318.7436 0.0000
-318.6522 0.0000
-319.5711 0.0000
-319.7668 0.0000
-320.0897 0.0000
-320.5115 0.0000
-321.3286 0.0000
-320.7729 0.0000
-320.0426 0.0000
-319.7646 0.0000
-319.4616 0.0000
-319.5555 0.0000
-318.7392 0.0000
-319.5663 0.0000
-319.3209 0.0000
-318.7335 0.0000
-319.2976 0.0000
-319.5623 0.0000
-319.8541 0.0000
-319.5731 0.0000
-319.4031 0.0000
-319.0191 0.0000
-319.1697 0.0000
-319.1916 0.0000
-318.6880 0.0000
-318.4553 0.0000
-317.0103 0.0000
-316.3848 0.0000
-317.0690 0.0000
-317.0170 0.0000
-316.3537 0.0000
-316.7608 0.0000
-316.8811 0.0000
-316.4977 0.0000
-315.8904 0.0000
-316.5333 0.0000
-315.9169 0.0000
-315.8378 0.0000
-316.7118 0.0000
-315.5136 0.0000
-315.8686 0.0000
-316.1809 0.0000
-315.4186 0.0000
-313.9954 0.0000
-313.8027 0.0000
-314.1609 0.0000
-313.9546 0.0000
-313.7438 0.0000
-312.4747 0.0000
-311.9829 0.0000
-312.9218 0.0000
-312.9511 0.0000
-312.3165 0.0000
-312.8616 0.0000
-311.8402 0.0000
-312.4127 0.0000
-312.6784 0.0000
-314.1203 0.0000
-314.8778 0.0000
-314.0660 0.0000
-312.9099 0.0000
-314.0394 0.0000
-312.2188 0.0000
-312.7251 0.0000
-311.4521 0.0000
-309.9031 0.0000
-308.6187 0.0000
-308.6327 0.0000
-309.0238 0.0000
-308.7131 0.0000
-309.7931 0.0000
-309.7935 0.0000
-310.2207 0.0000
-311.4795 0.0000
-309.7712 0.0000
-308.6185 0.0000
-310.2094 0.0000
-308.3744 0.0000
-308.9681 0.0000
-310.4509 0.0000
-308.7433 0.0000
-310.0104 0.0000
-311.1027 0.0000
-310.9660 0.0000
-310.5195 0.0000
-309.8124 0.0000
-309.9057 0.0000
-310.3080 0.0000
-309.8718 0.0000
-308.8452 0.0000
-311.5219 0.0000
-311.8688 0.0000
-312.1488 0.0000
-313.8698 0.0000
-312.7221 0.0000
-312.9140 0.0000
-314.4840 0.0000
-313.9174 0.0000
-313.3547 0.0000
-312.6445 0.0000
-312.4570 0.0000
-313.0469 0.0000
-312.8580 0.0000
-311.2920 0.0000
-313.0137 0.0000
-313.9636 0.0000
-314.2211 0.0000
-315.9026 0.0000
-315.3049 0.0000
-314.8865 0.0000
-315.2915 0.0000
-315.4772 0.0000
-315.2041 0.0000
-315.6585 0.0000
-317.4455 0.0000
-316.2536 0.0000
-316.1360 0.0000
-317.1087 0.0000
-316.5464 0.0000
-315.6932 0.0000
-314.7248 0.0000
-315.4263 0.0000
-315.4021 0.0000
-313.7784 0.0000
-312.7848 0.0000
-312.5466 0.0000
-311.4652 0.0000
-313.6477 0.0000
-313.6035 0.0000
-311.5504 0.0000
-311.3379 0.0000
-312.1993 0.0000
-312.3470 0.0000
-311.0578 0.0000
-311.9788 0.0000
-312.2010 0.0000
-312.2511 0.0000
-312.8484 0.0000
-312.4723 0.0000
-312.1786 0.0000
-311.0196 0.0000
-310.7130 0.0000
-311.7597 0.0000
-309.3768 0.0000
-310.7533 0.0000
-310.3337 0.0000
-308.9550 0.0000
-310.3639 0.0000
-309.0985 0.0000
-310.2530 0.0000
-309.6723 0.0000
-310.7397 0.0000
-310.2157 0.0000
-310.8119 0.0000
-310.5671 0.0000
-309.8831 0.0000
-310.5799 0.0000
-310.8593 0.0000
-311.5530 0.0000
-312.8078 0.0000
-310.2063 0.0000
-310.4680 0.0000
-310.3658 0.0000
-309.8046 0.0000
-309.2495 0.0000
-310.5115 0.0000
-309.8309 0.0000
-309.8902 0.0000
-310.4339 0.0000
-309.5529 0.0000
-310.4353 0.0000
-309.3615 0.0000
-310.7569 0.0000
-310.2412 0.0000
-311.1516 0.0000
-310.1238 0.0000
-310.9504 0.0000
-311.6074 0.0000
-312.6874 0.0000
-313.7590 0.0000
-313.3149 0.0000
-311.9484 0.0000
-311.6903 0.0000
-312.3869 0.0000
-312.0448 0.0000
-313.6247 0.0000
-314.4044 0.0000
-312.4315 0.0000
-314.5260 0.0000
-313.8526 0.0000
-313.9427 0.0000
-314.6414 0.0000
-315.2288 0.0000
-315.5491 0.0000
-317.1325 0.0000
-318.2897 0.0000
-318.4400 0.0000
-318.2986 0.0000
-318.9367 0.0000
-318.6592 0.0000
-318.8189 0.0000
-317.9717 0.0000
-318.6572 0.0000
-318.4302 0.0000
-319.1089 0.0000
-317.9607 0.0000
-317.1558 0.0000
-317.5238 0.0000
-316.9154 0.0000
-315.1667 0.0000
-314.7608 0.0000
-314.6246 0.0000
-313.6832 0.0000
-313.4020 0.0000
-314.3745 0.0000
-312.6761 0.0000
-313.9272 0.0000
-312.2456 0.0000
-312.0981 0.0000
-311.5863 0.0000
-312.7906 0.0000
-311.2847 0.0000
-311.5796 0.0000
-312.0374 0.0000
-311.6388 0.0000
-310.3925 0.0000
-308.2967 0.0000
-307.7092 0.0000
-306.7170 0.0000
-307.5990 0.0000
-308.5399 0.0000
-308.0470 0.0000
-308.3272 0.0000
-308.2491 0.0000
-307.7575 0.0000
-307.4845 0.0000
-308.1356 0.0000
-308.9110 0.0000
-307.7453 0.0000
-308.8501 0.0000
-308.8257 0.0000
-309.0364 0.0000
-307.9410 0.0000
-308.7784 0.0000
-308.1441 0.0000
-307.0115 0.0000
-307.8896 0.0000
-308.1585 0.0000
-308.0455 0.0000
-308.5095 0.0000
-307.4525 0.0000
-308.8966 0.0000
-307.2708 0.0000
-308.9228 0.0000
-309.1580 0.0000
-309.6623 0.0000
-308.7248 0.0000
-309.7549 0.0000
-309.8330 0.0000
-308.8902 0.0000
-308.7788 0.0000
-308.6365 0.0000
-308.9134 0.0000
-307.4089 0.0000
-308.3092 0.0000
-307.7903 0.0000
-308.2717 0.0000
-309.0115 0.0000
-306.5202 0.0000
-306.9980 0.0000
-306.4853 0.0000
-305.5011 0.0000
-305.5584 0.0000
-305.9840 0.0000
-305.0078 0.0000
-306.9101 0.0000
-307.1092 0.0000
-304.9237 0.0000
-303.8396 0.0000
-304.0174 0.0000
-304.1085 0.0000
-303.6640 0.0000
-303.3434 0.0000
-301.6691 0.0000
-302.8192 0.0000
-300.3884 0.0000
-301.9584 0.0000
-301.5527 0.0000
-302.1220 0.0000
-303.5062 0.0000
-302.9444 0.0000
-304.0251 0.0000
-303.0543 0.0000
-302.7867 0.0000
-303.3838 0.0000
-303.2541 0.0000
-303.0935 0.0000
-304.6282 0.0000
-303.5384 0.0000
-302.9530 0.0000
-303.6526 0.0000
-303.1580 0.0000
-303.2191 0.0000
-302.4828 0.0000
-303.3939 0.0000
-302.8533 0.0000
-303.5188 0.0000
-303.3114 0.0000
-304.1234 0.0000
-304.6726 0.0000
-304.9304 0.0000
-303.0448 0.0000
-303.1578 0.0000
-303.5092 0.0000
-303.8545 0.0000
-303.0943 0.0000
-304.4498 0.0000
-304.6486 0.0000
-303.4691 0.0000
-304.4443 0.0000
-305.0725 0.0000
-304.5693 0.0000
-304.2534 0.0000
-306.4773 0.0000
-307.0210 0.0000
-307.6272 0.0000
-307.0469 0.0000
-307.6297 0.0000
-308.4992 0.0000
-308.0415 0.0000
-307.5950 0.0000
-308.3056 0.0000
-307.8339 0.0000
-307.8140 0.0000
-307.5467 0.0000
-307.9432 0.0000
-307.6675 0.0000
-306.9835 0.0000
-307.5972 0.0000
-307.3880 0.0000
-307.3049 0.0000
-306.9913 0.0000
-307.3843 0.0000
-306.8599 0.0000
-307.7596 0.0000
-308.3032 0.0000
-308.6116 0.0000
-307.8783 0.0000
-308.6804 0.0000
-307.9296 0.0000
-307.4910 0.0000
-308.0920 0.0000
-307.4157 0.0000
-307.1603 0.0000
-306.7281 0.0000
-308.1564 0.0000
-307.9901 0.0000
-308.3155 0.0000
-307.1478 0.0000
-310.5828 0.0000
-307.4265 0.0000
-309.0679 0.0000
-309.0543 0.0000
-308.6638 0.0000
-307.6352 0.0000
-308.1861 0.0000
-307.6272 0.0000
-308.1783 0.0000
-307.7561 0.0000
-306.5625 0.0000
-308.3898 0.0000
-307.7753 0.0000
-307.1516 0.0000
-308.0450 0.0000
-307.4494 0.0000
-306.3086 0.0000
-304.8392 0.0000
-305.9272 0.0000
-305.6178 0.0000
-306.5035 0.0000
-306.8083 0.0000
-307.0011 0.0000
-304.9750 0.0000
-304.9633 0.0000
-304.6407 0.0000
-304.1448 0.0000
-305.1059 0.0000
-304.1085 0.0000
-303.8132 0.0000
-302.9112 0.0000
-304.8667 0.0000
-304.1763 0.0000
-303.2295 0.0000
-302.3439 0.0000
-303.9275 0.0000
-304.1767 0.0000
-303.8339 0.0000
-304.7721 0.0000
-303.4741 0.0000
-302.4993 0.0000
-305.9285 0.0000
-303.4653 0.0000
-302.7805 0.0000
-303.1528 0.0000
-303.9787 0.0000
-305.0288 0.0000
-304.3697 0.0000
-305.2349 0.0000
-306.3112 0.0000
-305.0340 0.0000
-304.0910 0.0000
-306.1032 0.0000
-305.6325 0.0000
-306.0977 0.0000
-306.6165 0.0000
-306.6025 0.0000
-306.8427 0.0000
-306.6495 0.0000
-305.4275 0.0000
-305.3790 0.0000
-305.1980 0.0000
-306.5429 0.0000
-306.8635 0.0000
-307.4669 0.0000
-306.2735 0.0000
-306.3275 0.0000
-307.7336 0.0000
-305.3024 0.0000
-306.5991 0.0000
-306.9656 0.0000
-307.2019 0.0000
-307.0774 0.0000
-306.9057 0.0000
-308.1199 0.0000
-308.6043 0.0000
-306.3168 0.0000
-307.3545 0.0000
-307.5835 0.0000
-308.4781 0.0000
-307.7446 0.0000
-307.2425 0.0000
-307.5662 0.0000
-308.5438 0.0000
-307.0021 0.0000
-306.6994 0.0000
-305.5079 0.0000
-305.1863 0.0000
-302.9666 0.0000
-303.4777 0.0000
-302.1304 0.0000
-301.3728 0.0000
-301.5233 0.0000
-303.3772 0.0000
-302.5491 0.0000
-300.8102 0.0000
-301.5187 0.0000
-301.5188 0.0000
-301.6738 0.0000
-301.5127 0.0000
-301.6271 0.0000
-302.3277 0.0000
-303.1149 0.0000
-301.9994 0.0000
-301.9574 0.0000
-303.2505 0.0000
-302.5180 0.0000
-302.0507 0.0000
-302.1327 0.0000
-301.7866 0.0000
-300.5421 0.0000
-300.4031 0.0000
-300.3850 0.0000
-301.3564 0.0000
-301.1534 0.0000
-300.8114 0.0000
-301.7621 0.0000
-301.2299 0.0000
-301.0093 0.0000
-302.3334 0.0000
-302.4936 0.0000
-302.0455 0.0000
-303.1964 0.0000
-301.1427 0.0000
-300.6934 0.0000
-298.2716 0.0000
-300.4192 0.0000
-300.6931 0.0000
-301.1717 0.0000
-299.6585 0.0000
-300.6516 0.0000
-299.6267 0.0000
-300.1790 0.0000
-300.0724 0.0000
-299.4242 0.0000
-299.8606 0.0000
-300.7648 0.0000
-300.6738 0.0000
-301.1865 0.0000
-301.5995 0.0000
-300.0916 0.0000
-301.4999 0.0000
-301.5505 0.0000
-301.9050 0.0000
-301.9948 0.0000
-302.0316 0.0000
-301.2942 0.0000
-302.7073 0.0000
-304.3371 0.0000
-303.6313 0.0000
-304.8523 0.0000
-303.4088 0.0000
-304.3234 0.0000
-302.8892 0.0000
-302.8711 0.0000
-305.0383 0.0000
-305.0406 0.0000
-307.0530 0.0000
-307.0565 0.0000
-306.4233 0.0000
-306.5076 0.0000
-305.3622 0.0000
-306.7021 0.0000
-308.1420 0.0000
-305.8825 0.0000
-307.8378 0.0000
-308.7141 0.0000
-309.2194 0.0000
-308.2103 0.0000
-308.6527 0.0000
-308.0619 0.0000
-309.2535 0.0000
-308.8464 0.0000
-309.6756 0.0000
-308.2295 0.0000
-309.7257 0.0000
-309.6259 0.0000
-309.2734 0.0000
-309.3876 0.0000
-309.1481 0.0000
-308.9149 0.0000
-308.9382 0.0000
-308.9368 0.0000
-309.6095 0.0000
-309.8655 0.0000
-310.4956 0.0000
-310.4435 0.0000
-309.9622 0.0000
-310.3893 0.0000
-310.1649 0.0000
-311.9315 0.0000
-310.0355 0.0000
-311.4014 0.0000
-309.1834 0.0000
-310.2026 0.0000
-309.4776 0.0000
-309.5255 0.0000
-309.2990 0.0000
-310.6848 0.0000
-308.4521 0.0000
-310.0124 0.0000
-308.7272 0.0000
-310.4110 0.0000
-311.1633 0.0000
-312.8289 0.0000
-312.9720 0.0000
-313.4017 0.0000
-313.1489 0.0000
-312.8922 0.0000
-313.2563 0.0000
-310.0224 0.0000
-311.3136 0.0000
-312.9121 0.0000
-311.6479 0.0000
-311.5392 0.0000
-312.3018 0.0000
-310.9726 0.0000
-311.0903 0.0000
-311.8484 0.0000
-311.6763 0.0000
-312.9399 0.0000
-314.2482 0.0000
-313.7033 0.0000
-314.4308 0.0000
-313.2199 0.0000
-313.1621 0.0000
-312.2903 0.0000
-313.0614 0.0000
-314.0514 0.0000
-313.8491 0.0000
-313.9578 0.0000
-313.8457 0.0000
-312.8857 0.0000
-313.6411 0.0000
-312.8190 0.0000
-314.1364 0.0000
-314.9475 0.0000
-315.1142 0.0000
-314.4763 0.0000
-315.1702 0.0000
-313.0639 0.0000
-313.2944 0.0000
-313.5650 0.0000
-312.1928 0.0000
-312.5223 0.0000
-312.6937 0.0000
-312.3856 0.0000
-312.8463 0.0000
-313.1260 0.0000
-313.2597 0.0000
-312.4767 0.0000
-310.6970 0.0000
-311.2128 0.0000
-311.9266 0.0000
-311.8118 0.0000
-311.6378 0.0000
-311.6405 0.0000
-311.8692 0.0000
-312.4158 0.0000
-311.1551 0.0000
-311.1760 0.0000
-308.8712 0.0000
-307.4486 0.0000
-310.0708 0.0000
-308.3067 0.0000
-310.9313 0.0000
-310.2974 0.0000
-311.2441 0.0000
-311.7697 0.0000
-312.0068 0.0000
-311.5179 0.0000
-314.0827 0.0000
-313.7502 0.0000
-312.2094 0.0000
-312.4541 0.0000
-311.6122 0.0000
-311.5164 0.0000
-310.6800 0.0000
-310.9251 0.0000
-311.7366 0.0000
-312.1993 0.0000
-311.7406 0.0000
-313.1381 0.0000
-313.7573 0.0000
-313.3320 0.0000
-313.2692 0.0000
-313.9173 0.0000
-314.3070 0.0000
-315.1808 0.0000
-316.7569 0.0000
-314.4008 0.0000
-313.2696 0.0000
-311.9893 0.0000
-312.1196 0.0000
-311.3354 0.0000
-312.8269 0.0000
-310.8649 0.0000
-311.2705 0.0000
-311.6189 0.0000
-311.0334 0.0000
-312.0815 0.0000
-311.7131 0.0000
-311.9060 0.0000
-310.8901 0.0000
-311.1481 0.0000
-311.8164 0.0000
-311.2806 0.0000
-310.7794 0.0000
-311.5623 0.0000
-311.3590 0.0000
-311.5102 0.0000
-310.7413 0.0000
-309.0777 0.0000
-310.6164 0.0000
-309.5505 0.0000
-309.5354 0.0000
-309.4892 0.0000
-308.9163 0.0000
-308.3528 0.0000
-308.6345 0.0000
-308.5746 0.0000
-308.0208 0.0000
-305.3366 0.0000
-309.3589 0.0000
-307.2934 0.0000
-310.2736 0.0000
-308.0760 0.0000
-310.3275 0.0000
-307.8628 0.0000
-309.3588 0.0000
-309.2300 0.0000
-309.7109 0.0000
-310.7672 0.0000
-309.9140 0.0000
-310.0296 0.0000
-311.1492 0.0000
-309.4985 0.0000
-307.6354 0.0000
-307.1286 0.0000
-306.9781 0.0000
-307.4297 0.0000
-306.4010 0.0000
-307.5994 0.0000
-304.9496 0.0000
-306.1965 0.0000
-305.2763 0.0000
-305.1309 0.0000
-304.8843 0.0000
-304.8574 0.0000
-303.3040 0.0000
-303.5575 0.0000
-303.3546 0.0000
-303.3605 0.0000
-303.9198 0.0000
-304.7512 0.0000
-304.7909 0.0000
-304.9331 0.0000
-306.4154 0.0000
-307.2619 0.0000
-306.3108 0.0000
-307.5890 0.0000
-307.5073 0.0000
-307.4428 0.0000
-307.1751 0.0000
-305.6174 0.0000
-307.3596 0.0000
-307.9475 0.0000
-309.2990 0.0000
-310.0598 0.0000
-310.8109 0.0000
-311.0009 0.0000
-308.6061 0.0000
-309.9357 0.0000
-311.2127 0.0000
-311.4135 0.0000
-310.5200 0.0000
-312.2038 0.0000
-310.5474 0.0000
-311.6450 0.0000
-309.5668 0.0000
-309.9294 0.0000
-310.5779 0.0000
-311.4922 0.0000
-310.6844 0.0000
-311.0406 0.0000
-310.3761 0.0000
-309.9381 0.0000
-309.4386 0.0000
-309.8997 0.0000
-310.5889 0.0000
-310.2171 0.0000
-309.7608 0.0000
-310.0836 0.0000
-310.1207 0.0000
-310.3230 0.0000
-308.8229 0.0000
-307.3572 0.0000
-306.4999 0.0000
-305.9970 0.0000
-305.8674 0.0000
-308.3630 0.0000
-306.6685 0.0000
-308.0983 0.0000
-307.4769 0.0000
-307.9052 0.0000
-307.1879 0.0000
-310.0056 0.0000
-308.4947 0.0000
-307.2427 0.0000
-306.7451 0.0000
-307.3171 0.0000
-307.2103 0.0000
-307.4339 0.0000
-306.0279 0.0000
-305.2423 0.0000
-305.7637 0.0000
-303.5069 0.0000
-302.9326 0.0000
-301.9896 0.0000
-300.5738 0.0000
-301.4641 0.0000
-300.9926 0.0000
-301.8804 0.0000
-302.7134 0.0000
-302.1960 0.0000
-302.6172 0.0000
-304.0846 0.0000
-301.9705 0.0000
-300.9190 0.0000
-301.4880 0.0000
-301.3127 0.0000
-299.2799 0.0000
-298.6731 0.0000
-297.7139 0.0000
-297.9442 0.0000
-298.7749 0.0000
-299.0984 0.0000
-299.2314 0.0000
-299.5865 0.0000
-297.1744 0.0000
-297.4558 0.0000
-297.1125 0.0000
-296.6395 0.0000
-297.6448 0.0000
-296.7901 0.0000
-296.3675 0.0000
-296.6111 0.0000
-295.9970 0.0000
-294.6936 0.0000
-294.5183 0.0000
-294.0192 0.0000
-294.4490 0.0000
-294.3404 0.0000
-292.7732 0.0000
-294.0788 0.0000
-295.0493 0.0000
-293.3371 0.0000
-294.1594 0.0000
-294.7477 0.0000
-295.2227 0.0000
-296.4628 0.0000
-296.7710 0.0000
-295.9886 0.0000
-294.6346 0.0000
-294.0859 0.0000
-294.3590 0.0000
-295.9649 0.0000
-295.5597 0.0000
-293.7095 0.0000
-293.0736 0.0000
-292.4958 0.0000
-292.9616 0.0000
-292.4804 0.0000
-292.8354 0.0000
-293.8550 0.0000
-293.4353 0.0000
-293.4057 0.0000
-292.9280 0.0000
-292.9887 0.0000
-293.9260 0.0000
-294.1783 0.0000
-294.6915 0.0000
-295.0601 0.0000
-294.1884 0.0000
-294.9661 0.0000
-294.7151 0.0000
-295.4746 0.0000
-294.4823 0.0000
-295.6767 0.0000
-294.0320 0.0000
-294.0852 0.0000
-294.3943 0.0000
-294.1372 0.0000
-294.1023 0.0000
-293.6388 0.0000
-294.2562 0.0000
-294.8566 0.0000
-293.4851 0.0000
-293.7562 0.0000
-293.5432 0.0000
-294.2616 0.0000
-292.9345 0.0000
-293.6370 0.0000
-294.0981 0.0000
-293.2981 0.0000
-293.2827 0.0000
-293.4940 0.0000
-293.6400 0.0000
-293.4449 0.0000
-292.3245 0.0000
-292.4568 0.0000
-293.1262 0.0000
-292.6071 0.0000
-291.6055 0.0000
-290.9130 0.0000
-291.6813 0.0000
-293.0387 0.0000
-291.5561 0.0000
-292.5706 0.0000
-290.8051 0.0000
-291.5669 0.0000
-289.7429 0.0000
-289.4899 0.0000
-289.0024 0.0000
-290.1379 0.0000
-290.6147 0.0000
-289.9039 0.0000
-289.9351 0.0000
-289.8626 0.0000
-288.8579 0.0000
-288.5080 0.0000
-287.7498 0.0000
-286.2552 0.0000
-286.4020 0.0000
-286.4766 0.0000
-287.0255 0.0000
-286.2822 0.0000
-287.2375 0.0000
-287.3830 0.0000
-287.6689 0.0000
-288.9451 0.0000
-288.2475 0.0000
-286.3031 0.0000
-288.7984 0.0000
-287.8021 0.0000
-287.1362 0.0000
-287.6715 0.0000
-287.2221 0.0000
-288.0837 0.0000
-289.8227 0.0000
-291.2570 0.0000
-289.7403 0.0000
-290.8136 0.0000
-290.2691 0.0000
-289.7853 0.0000
-289.2431 0.0000
-288.7506 0.0000
-288.4530 0.0000
-288.6905 0.0000
-289.4641 0.0000
-289.2251 0.0000
-288.0247 0.0000
-289.7396 0.0000
-289.5046 0.0000
-288.2722 0.0000
-288.7002 0.0000
-286.9893 0.0000
-288.9351 0.0000
-289.1785 0.0000
-292.0972 0.0000
-289.9039 0.0000
-289.7358 0.0000
-289.6462 0.0000
-289.7236 0.0000
-289.7832 0.0000
-290.5959 0.0000
-288.5317 0.0000
-288.7870 0.0000
-289.6544 0.0000
-289.0836 0.0000
-288.6868 0.0000
-289.2487 0.0000
-290.2449 0.0000
-289.8764 0.0000
-288.0178 0.0000
-289.0452 0.0000
-289.2746 0.0000
-289.5767 0.0000
-290.8892 0.0000
-289.9076 0.0000
-289.7646 0.0000
-289.1882 0.0000
-289.7185 0.0000
-288.9734 0.0000
-288.3733 0.0000
-288.7783 0.0000
-288.4802 0.0000
-289.3465 0.0000
-290.3910 0.0000
-290.0302 0.0000
-290.7898 0.0000
-290.3805 0.0000
-288.3217 0.0000
-290.6454 0.0000
-290.5146 0.0000
-290.6396 0.0000
-290.3486 0.0000
-291.7486 0.0000
-291.7988 0.0000
-290.7015 0.0000
-291.6230 0.0000
-290.7463 0.0000
-288.7838 0.0000
-290.9415 0.0000
-290.3848 0.0000
-290.2769 0.0000
-290.9088 0.0000
-290.6428 0.0000
-288.5552 0.0000
-290.5563 0.0000
-292.5701 0.0000
-291.9164 0.0000
-291.3554 0.0000
-290.5194 0.0000
-291.1150 0.0000
-290.0005 0.0000
-290.1853 0.0000
-290.0575 0.0000
-289.4615 0.0000
-290.0495 0.0000
-290.3188 0.0000
-291.1445 0.0000
-290.8875 0.0000
-291.2176 0.0000
-290.4035 0.0000
-292.0691 0.0000
-291.7444 0.0000
-293.0070 0.0000
-293.5299 0.0000
-293.5613 0.0000
-294.4075 0.0000
-293.3412 0.0000
-294.2785 0.0000
-295.6554 0.0000
-292.7813 0.0000
-293.5990 0.0000
-292.8632 0.0000
-291.8614 0.0000
-291.4518 0.0000
-292.6670 0.0000
-291.2260 0.0000
-289.7845 0.0000
-289.8447 0.0000
-289.5082 0.0000
-289.7013 0.0000
-290.5105 0.0000
-290.5163 0.0000
-288.7003 0.0000
-287.7469 0.0000
-288.1615 0.0000
-288.9297 0.0000
-287.2506 0.0000
-287.4444 0.0000
-285.8058 0.0000
-285.1995 0.0000
-284.0055 0.0000
-283.5875 0.0000
-283.7734 0.0000
-283.8876 0.0000
-284.1104 0.0000
-284.3045 0.0000
-285.4100 0.0000
-286.5375 0.0000
-284.2004 0.0000
-283.2669 0.0000
-283.3161 0.0000
-282.6734 0.0000
-282.1829 0.0000
-281.9328 0.0000
-281.6759 0.0000
-282.6160 0.0000
-281.6067 0.0000
-281.9742 0.0000
-281.9936 0.0000
-280.9054 0.0000
-281.8604 0.0000
-282.9773 0.0000
-282.9794 0.0000
-281.1735 0.0000
-281.2020 0.0000
-281.6499 0.0000
-281.2204 0.0000
-280.7748 0.0000
-282.0724 0.0000
-282.1394 0.0000
-282.7971 0.0000
-282.6754 0.0000
-281.5712 0.0000
-282.3135 0.0000
-280.8364 0.0000
-281.6346 0.0000
-281.5874 0.0000
-280.5822 0.0000
-281.7108 0.0000
-282.2820 0.0000
-280.7586 0.0000
-281.4323 0.0000
-282.0553 0.0000
-280.6108 0.0000
-280.5726 0.0000
-279.2564 0.0000
-280.4396 0.0000
-280.2787 0.0000
-280.1069 0.0000
-280.0594 0.0000
-280.8854 0.0000
-280.7280 0.0000
-280.5107 0.0000
-280.6424 0.0000
-280.7384 0.0000
-280.5239 0.0000
-280.1790 0.0000
-280.6142 0.0000
-280.1112 0.0000
-280.1524 0.0000
-280.1828 0.0000
-280.3488 0.0000
-282.1899 0.0000
-282.2606 0.0000
-283.5475 0.0000
-281.9943 0.0000
-280.6508 0.0000
-279.9858 0.0000
-279.2512 0.0000
-279.0409 0.0000
-278.9234 0.0000
-278.0445 0.0000
-278.1293 0.0000
-279.4130 0.0000
-277.5431 0.0000
-278.2444 0.0000
-278.4326 0.0000
-279.9706 0.0000
-280.0102 0.0000
-280.4590 0.0000
-281.9026 0.0000
-280.6399 0.0000
-280.5938 0.0000
-280.8875 0.0000
-280.0698 0.0000
-279.6022 0.0000
-277.9707 0.0000
-281.5005 0.0000
-280.0277 0.0000
-279.2550 0.0000
-278.7346 0.0000
-277.3855 0.0000
-278.9520 0.0000
-278.9199 0.0000
-280.1710 0.0000
-280.7286 0.0000
-280.3896 0.0000
-281.0300 0.0000
-281.5933 0.0000
-282.6439 0.0000
-282.4105 0.0000
-283.3953 0.0000
-284.6031 0.0000
-283.6359 0.0000
-282.3715 0.0000
-282.8246 0.0000
-282.5758 0.0000
-281.6095 0.0000
-281.4069 0.0000
-280.9693 0.0000
-281.3304 0.0000
-280.6743 0.0000
-280.6631 0.0000
-280.5224 0.0000
-280.8881 0.0000
-280.7748 0.0000
-281.1367 0.0000
-280.6897 0.0000
-280.2301 0.0000
-279.5417 0.0000
-280.0498 0.0000
-279.3796 0.0000
-279.3443 0.0000
-279.7300 0.0000
-280.5696 0.0000
-282.1772 0.0000
-282.5573 0.0000
-282.4744 0.0000
-282.6792 0.0000
-283.4687 0.0000
-284.4839 0.0000
-283.4378 0.0000
-283.6382 0.0000
-283.9209 0.0000
-285.0046 0.0000
-283.8794 0.0000
-284.8837 0.0000
-285.8869 0.0000
-286.6280 0.0000
-287.6560 0.0000
-287.6950 0.0000
-287.5275 0.0000
-286.7888 0.0000
-287.8301 0.0000
-287.7789 0.0000
-288.3358 0.0000
-288.5892 0.0000
-290.6111 0.0000
-288.8458 0.0000
-287.1659 0.0000
-287.9578 0.0000
-289.2096 0.0000
-291.0038 0.0000
-290.8463 0.0000
-288.8554 0.0000
-289.5301 0.0000
-288.0321 0.0000
-286.9202 0.0000
-288.5739 0.0000
-287.2225 0.0000
-287.8982 0.0000
-288.7727 0.0000
-288.0604 0.0000
-289.9797 0.0000
-286.6159 0.0000
-287.2041 0.0000
-285.7045 0.0000
-286.1315 0.0000
-284.8694 0.0000
-283.9348 0.0000
-285.2423 0.0000
-285.2446 0.0000
-282.5519 0.0000
-281.7769 0.0000
-282.2388 0.0000
-282.5245 0.0000
-281.9414 0.0000
-282.2560 0.0000
-281.0277 0.0000
-279.6080 0.0000
-279.3573 0.0000
-278.6152 0.0000
-277.3119 0.0000
-277.9144 0.0000
-277.2703 0.0000
-278.2079 0.0000
-277.5911 0.0000
-277.4977 0.0000
-277.3119 0.0000
-276.5304 0.0000
-275.4002 0.0000
-273.6668 0.0000
-275.5151 0.0000
-274.5104 0.0000
-275.9075 0.0000
-274.9534 0.0000
-275.2515 0.0000
-274.8667 0.0000
-273.1570 0.0000
-273.5595 0.0000
-272.3942 0.0000
-272.6355 0.0000
-273.2040 0.0000
-272.9019 0.0000
-273.6847 0.0000
-272.1904 0.0000
-272.2693 0.0000
-271.6233 0.0000
-272.1232 0.0000
-271.7141 0.0000
-272.4970 0.0000
-272.2922 0.0000
-272.0889 0.0000
-272.1469 0.0000
-272.2249 0.0000
-271.0817 0.0000
-271.4132 0.0000
-271.8808 0.0000
-272.0108 0.0000
-271.7594 0.0000
-271.6497 0.0000
-273.4009 0.0000
-271.0244 0.0000
-271.3767 0.0000
-270.6197 0.0000
-271.8348 0.0000
-271.9821 0.0000
-271.1790 0.0000
-272.6283 0.0000
-271.4458 0.0000
-271.1260 0.0000
-270.1973 0.0000
-271.0212 0.0000
-271.6524 0.0000
-272.8060 0.0000
-271.0189 0.0000
-271.3875 0.0000
-271.6823 0.0000
-271.3039 0.0000
-272.4728 0.0000
-272.7642 0.0000
-273.1913 0.0000
-274.0435 0.0000
-274.0225 0.0000
-273.9985 0.0000
-272.3886 0.0000
-274.5876 0.0000
-274.6141 0.0000
-275.4233 0.0000
-275.3764 0.0000
-275.4675 0.0000
-274.7225 0.0000
-274.2451 0.0000
-274.6333 0.0000
-273.3650 0.0000
-274.4508 0.0000
-275.2504 0.0000
-276.5134 0.0000
-275.1635 0.0000
-274.2685 0.0000
-275.8812 0.0000
-274.2891 0.0000
-276.3027 0.0000
-275.8808 0.0000
-276.9077 0.0000
-276.6590 0.0000
-276.1180 0.0000
-275.9774 0.0000
-275.6790 0.0000
-278.7278 0.0000
-277.0434 0.0000
-275.7388 0.0000
-274.6901 0.0000
-274.7413 0.0000
-275.2784 0.0000
-273.8651 0.0000
-275.3903 0.0000
-276.1356 0.0000
-274.5086 0.0000
-274.3819 0.0000
-275.1940 0.0000
-273.7282 0.0000
-274.5165 0.0000
-275.6251 0.0000
-276.2660 0.0000
-276.5172 0.0000
-276.7249 0.0000
-276.5587 0.0000
-276.7226 0.0000
-276.1022 0.0000
-276.2919 0.0000
-276.1369 0.0000
-275.5966 0.0000
-276.2510 0.0000
-276.0301 0.0000
-276.8281 0.0000
-276.7816 0.0000
-277.9861 0.0000
-278.3368 0.0000
-279.4914 0.0000
-278.0102 0.0000
-277.6844 0.0000
-278.3714 0.0000
-278.1174 0.0000
-277.6314 0.0000
-278.0844 0.0000
-278.2305 0.0000
-279.0390 0.0000
-278.7782 0.0000
-278.3074 0.0000
-278.4277 0.0000
-277.9547 0.0000
-277.4436 0.0000
-278.3505 0.0000
-279.3650 0.0000
-278.1817 0.0000
-277.6448 0.0000
-277.8830 0.0000
-278.0640 0.0000
-277.8736 0.0000
-278.7693 0.0000
-277.2058 0.0000
-276.4600 0.0000
-275.9179 0.0000
-275.2338 0.0000
-277.5005 0.0000
-277.5980 0.0000
-277.2462 0.0000
-278.5899 0.0000
-279.3890 0.0000
-279.0867 0.0000
-278.5500 0.0000
-278.4278 0.0000
-277.7777 0.0000
-276.8294 0.0000
-277.5822 0.0000
-276.8883 0.0000
-278.0036 0.0000
-277.3814 0.0000
-277.3898 0.0000
-278.0231 0.0000
-275.4261 0.0000
-275.2341 0.0000
-274.9016 0.0000
-274.9985 0.0000
-275.2086 0.0000
-276.0973 0.0000
-275.9476 0.0000
-275.2017 0.0000
-274.9522 0.0000
-275.2729 0.0000
-274.4772 0.0000
-273.6294 0.0000
-273.9792 0.0000
-274.0943 0.0000
-275.0161 0.0000
-273.5483 0.0000
-273.8484 0.0000
-275.5306 0.0000
-273.7292 0.0000
-272.1786 0.0000
-272.2481 0.0000
-271.9712 0.0000
-271.3536 0.0000
-271.1632 0.0000
-272.1326 0.0000
-272.1141 0.0000
-271.8426 0.0000
-273.6163 0.0000
-272.0735 0.0000
-272.0050 0.0000
-271.3856 0.0000
-271.5223 0.0000
-272.1651 0.0000
-271.9965 0.0000
-271.1829 0.0000
-271.4297 0.0000
-271.2424 0.0000
-272.1711 0.0000
-270.1407 0.0000
-272.2867 0.0000
-273.7997 0.0000
-273.4683 0.0000
-272.0259 0.0000
-273.0099 0.0000
-272.9629 0.0000
-273.1979 0.0000
-273.4818 0.0000
-274.3097 0.0000
-274.4376 0.0000
-274.2259 0.0000
-273.9824 0.0000
-275.9697 0.0000
-276.6474 0.0000
-276.9339 0.0000
-276.5290 0.0000
-276.0532 0.0000
-276.6607 0.0000
-277.3118 0.0000
-276.2574 0.0000
-276.6643 0.0000
-277.1864 0.0000
-278.3812 0.0000
-278.9548 0.0000
-276.8517 0.0000
-276.8443 0.0000
-277.4251 0.0000
-276.8688 0.0000
-275.9621 0.0000
-276.3242 0.0000
-276.0238 0.0000
-277.3639 0.0000
-277.8565 0.0000
-276.7928 0.0000
-277.9986 0.0000
-275.9801 0.0000
-275.6478 0.0000
-275.6811 0.0000
-275.6088 0.0000
-275.7236 0.0000
-276.0326 0.0000
-276.6938 0.0000
-275.2307 0.0000
-275.5863 0.0000
-276.0939 0.0000
-276.2796 0.0000
-275.5875 0.0000
-274.8773 0.0000
-274.7031 0.0000
-275.5348 0.0000
-276.3771 0.0000
-275.1391 0.0000
-273.8873 0.0000
-276.4196 0.0000
-276.5273 0.0000
-277.3763 0.0000
-278.9028 0.0000
-278.0689 0.0000
-279.3528 0.0000
-280.1382 0.0000
-279.9336 0.0000
-280.1400 0.0000
-279.9679 0.0000
-278.9771 0.0000
-280.3029 0.0000
-281.6560 0.0000
-281.5433 0.0000
-281.0232 0.0000
-280.1935 0.0000
-279.6415 0.0000
-279.5433 0.0000
-279.9417 0.0000
-279.3824 0.0000
-278.6213 0.0000
-278.2561 0.0000
-279.0746 0.0000
-278.0812 0.0000
-277.4659 0.0000
-279.4880 0.0000
-277.3300 0.0000
-276.6335 0.0000
-276.6083 0.0000
-277.8461 0.0000
-277.3417 0.0000
-277.0107 0.0000
-275.7564 0.0000
-276.3345 0.0000
-276.1150 0.0000
-276.6466 0.0000
-276.6526 0.0000
-277.4489 0.0000
-277.2462 0.0000
-278.7429 0.0000
-277.6261 0.0000
-277.6416 0.0000
-278.5505 0.0000
-278.6785 0.0000
-278.6588 0.0000
-278.2104 0.0000
-276.9766 0.0000
-278.5312 0.0000
-278.3408 0.0000
-276.2636 0.0000
-277.1952 0.0000
-277.9470 0.0000
-276.7224 0.0000
-276.8099 0.0000
-275.9109 0.0000
-276.1309 0.0000
-276.9536 0.0000
-277.5826 0.0000
-279.6741 0.0000
-278.8689 0.0000
-279.4291 0.0000
-279.1011 0.0000
-278.2535 0.0000
-279.1121 0.0000
-277.8438 0.0000
-277.8599 0.0000
-278.9319 0.0000
-278.6876 0.0000
-278.9269 0.0000
-279.1767 0.0000
-278.1330 0.0000
-279.5067 0.0000
-279.5918 0.0000
-279.9572 0.0000
-281.8452 0.0000
-282.3728 0.0000
-282.0674 0.0000
-282.4721 0.0000
-280.9719 0.0000
-278.6937 0.0000
-278.2057 0.0000
-277.8206 0.0000
-277.1173 0.0000
-276.5030 0.0000
-277.9152 0.0000
-276.5590 0.0000
-277.0391 0.0000
-276.6480 0.0000
-276.5704 0.0000
-275.2346 0.0000
-278.2788 0.0000
-277.7048 0.0000
-277.4603 0.0000
-277.9679 0.0000
-278.5163 0.0000
-278.5746 0.0000
-278.4774 0.0000
-278.6565 0.0000
-280.1075 0.0000
-280.0697 0.0000
-280.4193 0.0000
-280.9258 0.0000
-281.7217 0.0000
-282.2581 0.0000
-283.0151 0.0000
-283.0460 0.0000
-284.0416 0.0000
-284.7269 0.0000
-285.9926 0.0000
-284.4852 0.0000
-285.2818 0.0000
-286.3173 0.0000
-287.4497 0.0000
-287.0693 0.0000
-285.7641 0.0000
-284.4984 0.0000
-284.8683 0.0000
-284.7775 0.0000
-283.0915 0.0000
-283.4594 0.0000
-284.0655 0.0000
-283.2117 0.0000
-283.2175 0.0000
-283.7896 0.0000
-284.1521 0.0000
-284.5986 0.0000
-284.6271 0.0000
-285.4947 0.0000
-283.5434 0.0000
-283.5619 0.0000
-283.4336 0.0000
-284.9230 0.0000
-284.9448 0.0000
-285.3740 0.0000
-283.6830 0.0000
-283.6586 0.0000
-283.9561 0.0000
-283.8223 0.0000
-284.0695 0.0000
-284.0767 0.0000
-284.5794 0.0000
-284.6864 0.0000
-284.2927 0.0000
-284.7821 0.0000
-284.9442 0.0000
-285.4971 0.0000
-285.3832 0.0000
-285.7671 0.0000
-286.1323 0.0000
-285.9228 0.0000
-287.1692 0.0000
-286.8915 0.0000
-287.0394 0.0000
-287.8784 0.0000
-289.1731 0.0000
-286.8326 0.0000
-285.1795 0.0000
-285.9791 0.0000
-285.9955 0.0000
-284.3634 0.0000
-283.9122 0.0000
-284.3189 0.0000
-283.6687 0.0000
-283.1223 0.0000
-282.6438 0.0000
-282.2567 0.0000
-282.3820 0.0000
-282.7925 0.0000
-282.8336 0.0000
-283.7103 0.0000
-282.9380 0.0000
-281.7904 0.0000
-282.2819 0.0000
-282.5289 0.0000
-283.2206 0.0000
-283.9074 0.0000
-283.0145 0.0000
-282.8969 0.0000
-282.8508 0.0000
-282.0663 0.0000
-282.0403 0.0000
-281.9484 0.0000
-282.6298 0.0000
-282.9268 0.0000
-282.9618 0.0000
-283.6743 0.0000
-283.9448 0.0000
-284.1436 0.0000
-283.2900 0.0000
-282.9664 0.0000
-284.0378 0.0000
-282.7960 0.0000
-282.6810 0.0000
-283.2402 0.0000
-282.9786 0.0000
-283.3269 0.0000
-284.5965 0.0000
-283.4322 0.0000
-282.2300 0.0000
-283.2838 0.0000
-282.4394 0.0000
-283.7368 0.0000
-283.5841 0.0000
-282.6363 0.0000
-282.2341 0.0000
-283.1419 0.0000
-282.8170 0.0000
-284.0256 0.0000
-284.4084 0.0000
-285.4119 0.0000
-285.4152 0.0000
-285.5223 0.0000
-284.8229 0.0000
-284.8672 0.0000
-285.0678 0.0000
-284.7450 0.0000
-285.7651 0.0000
-285.2286 0.0000
-285.7491 0.0000
-286.1180 0.0000
-285.9749 0.0000
-287.0872 0.0000
-286.3781 0.0000
-286.3538 0.0000
-287.3023 0.0000
-287.1972 0.0000
-288.1253 0.0000
-289.4499 0.0000
-290.4070 0.0000
-291.4855 0.0000
-289.6820 0.0000
-290.3361 0.0000
-288.8912 0.0000
-287.5396 0.0000
-286.7452 0.0000
-286.8144 0.0000
-287.0370 0.0000
-286.2703 0.0000
-287.3671 0.0000
-288.3022 0.0000
-288.6393 0.0000
-288.7779 0.0000
-289.3004 0.0000
-288.5120 0.0000
-287.9027 0.0000
-288.8476 0.0000
-289.4117 0.0000
-289.3326 0.0000
-288.5738 0.0000
-289.2195 0.0000
-290.2083 0.0000
-290.4559 0.0000
-292.0755 0.0000
-291.8449 0.0000
-294.6721 0.0000
-290.2816 0.0000
-289.1244 0.0000
-289.5695 0.0000
-290.2237 0.0000
-291.3115 0.0000
-289.2111 0.0000
-289.3269 0.0000
-288.8192 0.0000
-289.0920 0.0000
-288.5466 0.0000
-289.5978 0.0000
-290.7321 0.0000
-289.3341 0.0000
-289.2057 0.0000
-290.0105 0.0000
-289.1692 0.0000
-288.9104 0.0000
-288.0696 0.0000
-288.7676 0.0000
-285.6850 0.0000
-286.4009 0.0000
-285.9666 0.0000
-288.4271 0.0000
-287.5297 0.0000
-287.5151 0.0000
-286.8868 0.0000
-286.5621 0.0000
-286.4189 0.0000
-285.8799 0.0000
-286.0275 0.0000
-284.4268 0.0000
-286.7859 0.0000
-285.7973 0.0000
-285.4459 0.0000
-284.5025 0.0000
-285.5286 0.0000
-281.9635 0.0000
-283.5436 0.0000
-286.3264 0.0000
-286.7334 0.0000
-287.2325 0.0000
-286.6147 0.0000
-286.1691 0.0000
-286.5442 0.0000
-286.4853 0.0000
-287.4060 0.0000
-289.1202 0.0000
-286.8899 0.0000
-289.1369 0.0000
-286.3105 0.0000
-286.6023 0.0000
-286.1603 0.0000
-285.9005 0.0000
-286.8752 0.0000
-287.8045 0.0000
-288.0045 0.0000
-288.6460 0.0000
-289.9783 0.0000
-290.3964 0.0000
-292.5227 0.0000
-291.8429 0.0000
-290.6543 0.0000
-291.1438 0.0000
-291.8537 0.0000
-293.5993 0.0000
-292.5311 0.0000
-291.1024 0.0000
-291.0122 0.0000
-288.8346 0.0000
-287.8220 0.0000
-289.0279 0.0000
-289.3589 0.0000
-288.3918 0.0000
-290.6311 0.0000
-292.3730 0.0000
-295.1531 0.0000
-292.5760 0.0000
-292.0992 0.0000
-291.5073 0.0000
-292.2461 0.0000
-291.3651 0.0000
-290.0876 0.0000
-290.3355 0.0000
-291.8439 0.0000
-293.9978 0.0000
-293.7800 0.0000
-294.0114 0.0000
-292.7161 0.0000
-293.7759 0.0000
-292.8700 0.0000
-291.9479 0.0000
-292.3962 0.0000
-295.8552 0.0000
-297.2928 0.0000
-296.9846 0.0000
-295.9287 0.0000
-294.8907 0.0000
-294.9193 0.0000
-294.3653 0.0000
-293.6850 0.0000
-297.1590 0.0000
-296.6353 0.0000
-293.2663 0.0000
-293.9320 0.0000
-292.3815 0.0000
-293.9795 0.0000
-296.5135 0.0000
-297.7050 0.0000
-296.8715 0.0000
-298.2709 0.0000
-296.6222 0.0000
-296.8719 0.0000
-297.0884 0.0000
-296.2002 0.0000
-296.2676 0.0000
-294.3219 0.0000
-294.1309 0.0000
-295.0618 0.0000
-293.5488 0.0000
-292.9218 0.0000
-291.6008 0.0000
-291.9719 0.0000
-291.1326 0.0000
-292.0477 0.0000
-291.8461 0.0000
-293.9233 0.0000
-292.8210 0.0000
-290.8175 0.0000
-292.0341 0.0000
-289.7680 0.0000
-288.0299 0.0000
-289.3571 0.0000
-288.9292 0.0000
-291.2516 0.0000
-291.9258 0.0000
-293.0635 0.0000
-293.6307 0.0000
-293.2819 0.0000
-294.6384 0.0000
-294.9932 0.0000
-295.8937 0.0000
-293.3725 0.0000
-294.1199 0.0000
-293.9939 0.0000
-295.2871 0.0000
-298.1545 0.0000
-299.6902 0.0000
-297.3486 0.0000
-297.5201 0.0000
-297.2133 0.0000
-298.7361 0.0000
-297.3826 0.0000
-298.0839 0.0000
-298.7693 0.0000
-299.6422 0.0000
-301.8146 0.0000
-301.0848 0.0000
-306.1399 0.0000
-305.9679 0.0000
-305.2845 0.0000
-306.7940 0.0000
-306.1340 0.0000
-306.5535 0.0000
-306.0833 0.0000
-304.2761 0.0000
-305.7324 0.0000
-304.6923 0.0000
-304.7166 0.0000
-303.1656 0.0000
-303.0278 0.0000
-303.4623 0.0000
-304.1220 0.0000
-303.3587 0.0000
-304.3518 0.0000
-304.2899 0.0000
-302.2644 0.0000
-298.5827 0.0000
-297.6328 0.0000
-298.0667 0.0000
-299.1876 0.0000
-299.7489 0.0000
-298.5532 0.0000
-298.5468 0.0000
-301.1950 0.0000
-299.0757 0.0000
-300.1624 0.0000
-301.4915 0.0000
-300.9576 0.0000
-301.2055 0.0000
-300.4045 0.0000
-299.4585 0.0000
-299.1167 0.0000
-299.4033 0.0000
