-100.0000 -100.0000
-324.3049 0.0000
-323.0381 0.0000
-323.7081 0.0000
-324.7393 0.0000
-324.2510 0.0000
-325.3098 0.0000
-325.2623 0.0000
-324.9404 0.0000
-325.1293 0.0000
-325.5345 0.0000
-324.9395 0.0000
-326.0318 0.0000
-325.0151 0.0000
-325.6293 0.0000
-324.8412 0.0000
-324.8546 0.0000
-324.3338 0.0000
-323.6853 0.0000
-325.0213 0.0000
-324.2177 0.0000
-324.9734 0.0000
-324.9767 0.0000
-325.2625 0.0000
-324.8501 0.0000
-325.7492 0.0000
-324.6235 0.0000
-324.4753 0.0000
-326.4763 0.0000
-324.5196 0.0000
-325.3055 0.0000
-325.5229 0.0000
-325.2815 0.0000
-323.2560 0.0000
-323.7502 0.0000
-323.6275 0.0000
-323.4030 0.0000
-324.3782 0.0000
-324.7933 0.0000
-323.1234 0.0000
-321.8401 0.0000
-320.5299 0.0000
-321.3849 0.0000
-320.6274 0.0000
-320.7108 0.0000
-322.3235 0.0000
-321.4619 0.0000
-321.3457 0.0000
-321.4382 0.0000
-320.3856 0.0000
-320.1524 0.0000
-320.2558 0.0000
-319.6123 0.0000
-318.7706 0.0000
-318.9460 0.0000
-319.1215 0.0000
-319.3440 0.0000
-318.1944 0.0000
-318.6325 0.0000
-319.0106 0.0000
-320.1412 0.0000
-318.0810 0.0000
-317.6663 0.0000
-318.5523 0.0000
-317.5848 0.0000
-317.7931 0.0000
-318.1967 0.0000
-318.1148 0.0000
-319.2065 0.0000
-318.7903 0.0000
-319.9011 0.0000
-317.6864 0.0000
-318.0489 0.0000
-318.5567 0.0000
-316.7509 0.0000
-316.1580 0.0000
-317.4251 0.0000
-317.0528 0.0000
-317.8441 0.0000
-317.4691 0.0000
-317.0118 0.0000
-316.8629 0.0000
-317.1547 0.0000
-317.4354 0.0000
-316.1298 0.0000
-316.1119 0.0000
-316.3047 0.0000
-315.9126 0.0000
-316.4236 0.0000
-315.8399 0.0000
-315.5865 0.0000
-316.5964 0.0000
-315.8423 0.0000
-316.6736 0.0000
-316.2045 0.0000
-316.3745 0.0000
-315.8851 0.0000
-316.2312 0.0000
-315.8737 0.0000
-315.2257 0.0000
-315.7845 0.0000
-315.8788 0.0000
-315.6631 0.0000
-315.4946 0.0000
-315.4899 0.0000
-314.4013 0.0000
-314.6538 0.0000
-314.1203 0.0000
-313.1501 0.0000
-314.0674 0.0000
-313.0023 0.0000
-312.6754 0.0000
-312.9789 0.0000
-313.2233 0.0000
-312.4337 0.0000
-313.4007 0.0000
-311.6352 0.0000
-312.4289 0.0000
-311.3262 0.0000
-311.9668 0.0000
-310.7371 0.0000
-310.6971 0.0000
-310.0495 0.0000
-310.3976 0.0000
-310.1400 0.0000
-310.5016 0.0000
-310.0231 0.0000
-310.3051 0.0000
-310.1953 0.0000
-310.1766 0.0000
-310.2459 0.0000
-309.8305 0.0000
-310.1642 0.0000
-310.1876 0.0000
-310.2839 0.0000
-310.4626 0.0000
-310.2165 0.0000
-309.7270 0.0000
-309.5684 0.0000
-309.1402 0.0000
-309.7688 0.0000
-309.7557 0.0000
-310.4310 0.0000
-309.5028 0.0000
-309.8378 0.0000
-309.8722 0.0000
-310.3693 0.0000
-309.5349 0.0000
-309.8729 0.0000
-309.6782 0.0000
-309.3780 0.0000
-308.5735 0.0000
-308.4519 0.0000
-309.1850 0.0000
-308.5572 0.0000
-308.8692 0.0000
-308.5500 0.0000
-309.4573 0.0000
-308.6489 0.0000
-308.8526 0.0000
-309.2436 0.0000
-309.0301 0.0000
-309.2442 0.0000
-308.8642 0.0000
-308.3599 0.0000
-308.1804 0.0000
-307.8059 0.0000
-307.5389 0.0000
-308.0857 0.0000
-307.3896 0.0000
-306.9782 0.0000
-307.7357 0.0000
-306.8408 0.0000
-306.3310 0.0000
-306.5428 0.0000
-306.9019 0.0000
-307.0891 0.0000
-306.5066 0.0000
-306.2538 0.0000
-305.3635 0.0000
-306.2448 0.0000
-305.8582 0.0000
-306.2103 0.0000
-306.6561 0.0000
-305.8332 0.0000
-306.9696 0.0000
-305.9826 0.0000
-306.3301 0.0000
-305.6959 0.0000
-306.5968 0.0000
-306.6582 0.0000
-305.6371 0.0000
-304.6639 0.0000
-306.0099 0.0000
-306.6148 0.0000
-306.2025 0.0000
-306.0540 0.0000
-306.9881 0.0000
-305.6449 0.0000
-305.6185 0.0000
-305.5570 0.0000
-305.8615 0.0000
-305.8249 0.0000
-305.3279 0.0000
-305.0096 0.0000
-306.3533 0.0000
-305.7460 0.0000
-305.9760 0.0000
-305.7093 0.0000
-304.9585 0.0000
-305.0537 0.0000
-306.5166 0.0000
-306.3865 0.0000
-306.2780 0.0000
-304.9979 0.0000
-305.8387 0.0000
-305.4620 0.0000
-306.4698 0.0000
-305.5950 0.0000
-305.5249 0.0000
-305.7240 0.0000
-305.4197 0.0000
-305.4728 0.0000
-305.0338 0.0000
-305.5918 0.0000
-305.7035 0.0000
-305.4483 0.0000
-305.5820 0.0000
-306.3208 0.0000
-305.9238 0.0000
-305.0570 0.0000
-305.4942 0.0000
-305.1528 0.0000
-304.9824 0.0000
-305.6717 0.0000
-305.6741 0.0000
-305.8615 0.0000
-305.7935 0.0000
-306.1024 0.0000
-305.7223 0.0000
-304.8629 0.0000
-305.6840 0.0000
-305.8271 0.0000
-305.7157 0.0000
-305.9450 0.0000
-305.6934 0.0000
-304.9620 0.0000
-305.7185 0.0000
-305.5951 0.0000
-305.3847 0.0000
-305.5335 0.0000
-305.0460 0.0000
-306.0221 0.0000
-305.0249 0.0000
-305.4851 0.0000
-305.6785 0.0000
-305.3853 0.0000
-305.6911 0.0000
-306.4274 0.0000
-305.5617 0.0000
-305.5677 0.0000
-305.3636 0.0000
-306.5629 0.0000
-305.0661 0.0000
-305.6364 0.0000
-305.8154 0.0000
-306.1880 0.0000
-305.8812 0.0000
-305.2396 0.0000
-305.6367 0.0000
-306.5219 0.0000
-306.1267 0.0000
-305.0022 0.0000
-305.6582 0.0000
-306.6242 0.0000
-305.0609 0.0000
-305.6094 0.0000
-306.1733 0.0000
-305.4474 0.0000
-306.3021 0.0000
-305.4458 0.0000
-305.2392 0.0000
-305.7082 0.0000
-305.3791 0.0000
-305.7388 0.0000
-305.3042 0.0000
-305.7500 0.0000
-305.5510 0.0000
-305.8436 0.0000
-305.7107 0.0000
-305.6539 0.0000
-305.8588 0.0000
-306.0515 0.0000
-304.9517 0.0000
-305.2775 0.0000
-305.5701 0.0000
-306.0680 0.0000
-304.9428 0.0000
-305.7318 0.0000
-306.4452 0.0000
-306.1875 0.0000
-306.1974 0.0000
-305.9969 0.0000
-304.6784 0.0000
-304.9919 0.0000
-305.1336 0.0000
-305.4237 0.0000
-305.3642 0.0000
-305.7288 0.0000
-305.1621 0.0000
-305.2848 0.0000
-305.2678 0.0000
-304.9696 0.0000
-305.6491 0.0000
-305.7820 0.0000
-305.2200 0.0000
-305.3795 0.0000
-306.2892 0.0000
-306.2332 0.0000
-305.4440 0.0000
-305.7367 0.0000
-305.7108 0.0000
-304.8766 0.0000
-305.1682 0.0000
-305.4338 0.0000
-305.8253 0.0000
-305.4450 0.0000
-305.5711 0.0000
-305.6052 0.0000
-306.3422 0.0000
-304.1467 0.0000
-306.1100 0.0000
-305.8523 0.0000
-305.8534 0.0000
-305.6939 0.0000
-305.6065 0.0000
-305.0908 0.0000
-305.9039 0.0000
-306.1691 0.0000
-305.3785 0.0000
-305.5621 0.0000
-306.4089 0.0000
-305.7466 0.0000
-305.3039 0.0000
-305.3569 0.0000
-304.9824 0.0000
-305.6048 0.0000
-305.3192 0.0000
-305.2922 0.0000
-305.3802 0.0000
-305.3718 0.0000
-305.2565 0.0000
-305.4145 0.0000
-305.8376 0.0000
-305.1121 0.0000
-306.9634 0.0000
-305.5950 0.0000
-305.8753 0.0000
-306.6757 0.0000
-306.0374 0.0000
-305.0778 0.0000
-306.5040 0.0000
-305.5840 0.0000
-305.9225 0.0000
-304.9250 0.0000
-305.9765 0.0000
-305.5650 0.0000
-305.4680 0.0000
-305.7734 0.0000
-306.0085 0.0000
-305.4099 0.0000
-305.8865 0.0000
-305.9693 0.0000
-305.9958 0.0000
-305.8408 0.0000
-305.1652 0.0000
-305.7552 0.0000
-305.3152 0.0000
-305.8954 0.0000
-305.0634 0.0000
-305.0027 0.0000
-305.7812 0.0000
-305.7172 0.0000
-305.2084 0.0000
-306.3248 0.0000
-305.6209 0.0000
-305.3035 0.0000
-305.7381 0.0000
-305.8617 0.0000
-305.4493 0.0000
-306.3293 0.0000
-305.8381 0.0000
-305.3307 0.0000
-305.5907 0.0000
-306.2776 0.0000
-305.8036 0.0000
-305.6221 0.0000
-304.7335 0.0000
-305.8073 0.0000
-305.6868 0.0000
-305.2872 0.0000
-305.4228 0.0000
-305.6401 0.0000
-305.2822 0.0000
-305.4953 0.0000
-306.2481 0.0000
-305.2573 0.0000
-305.6522 0.0000
-305.4026 0.0000
-306.1161 0.0000
-305.5133 0.0000
-305.6612 0.0000
-306.4337 0.0000
-307.1349 0.0000
-306.7827 0.0000
-306.8371 0.0000
-305.6252 0.0000
-305.4906 0.0000
-305.6952 0.0000
-305.5949 0.0000
-306.0146 0.0000
-306.3227 0.0000
-305.5548 0.0000
-305.9577 0.0000
-305.5299 0.0000
-305.6919 0.0000
-305.8502 0.0000
-304.9796 0.0000
-306.2812 0.0000
-305.8125 0.0000
-305.9729 0.0000
-305.4925 0.0000
-305.6658 0.0000
-305.6108 0.0000
-306.0971 0.0000
-305.2059 0.0000
-305.8827 0.0000
-305.9368 0.0000
-305.5120 0.0000
-305.8930 0.0000
-306.2112 0.0000
-306.0057 0.0000
-306.1437 0.0000
-305.6858 0.0000
-304.9097 0.0000
-305.1516 0.0000
-305.1840 0.0000
-305.8821 0.0000
-305.0122 0.0000
-305.6363 0.0000
-305.8522 0.0000
-304.5548 0.0000
-305.6487 0.0000
-305.6458 0.0000
-305.9029 0.0000
-306.2059 0.0000
-306.0714 0.0000
-305.7614 0.0000
-305.2460 0.0000
-306.2113 0.0000
-305.5536 0.0000
-305.9304 0.0000
-305.3734 0.0000
-305.5739 0.0000
-305.4551 0.0000
-305.4990 0.0000
-306.1327 0.0000
-305.7180 0.0000
-305.6710 0.0000
-305.8876 0.0000
-306.1725 0.0000
-305.1561 0.0000
-305.4404 0.0000
-305.6180 0.0000
-305.9132 0.0000
-305.9192 0.0000
-305.6106 0.0000
-305.6444 0.0000
-305.2449 0.0000
-305.4476 0.0000
-306.5614 0.0000
-305.1379 0.0000
-305.3354 0.0000
-305.6437 0.0000
-307.1367 0.0000
-305.5130 0.0000
-306.5521 0.0000
-305.8405 0.0000
-305.7714 0.0000
-304.7065 0.0000
-305.9225 0.0000
-306.0108 0.0000
-306.3402 0.0000
-305.7632 0.0000
-305.5065 0.0000
-305.4007 0.0000
-305.2428 0.0000
-305.2582 0.0000
-305.5010 0.0000
-305.7568 0.0000
-305.7624 0.0000
-304.8549 0.0000
-305.3286 0.0000
-305.8148 0.0000
-305.5587 0.0000
-305.1832 0.0000
-305.8930 0.0000
-306.2307 0.0000
-304.8985 0.0000
-305.3077 0.0000
-305.2658 0.0000
-306.3069 0.0000
-304.9978 0.0000
-305.5703 0.0000
-306.2328 0.0000
-306.1081 0.0000
-305.7367 0.0000
-306.2165 0.0000
-306.4120 0.0000
-305.1712 0.0000
-304.8929 0.0000
-305.2041 0.0000
-305.4009 0.0000
-306.0401 0.0000
-304.8968 0.0000
-305.6779 0.0000
-306.6108 0.0000
-304.4643 0.0000
-304.9304 0.0000
-305.7128 0.0000
-305.4722 0.0000
-305.2213 0.0000
-306.7787 0.0000
-305.5835 0.0000
-305.4781 0.0000
-305.6023 0.0000
-305.2676 0.0000
-305.5318 0.0000
-305.3510 0.0000
-306.5688 0.0000
-306.1007 0.0000
-305.4256 0.0000
-305.7871 0.0000
-305.5924 0.0000
-306.0693 0.0000
-305.7714 0.0000
-305.7293 0.0000
-305.6702 0.0000
-306.4474 0.0000
-305.0913 0.0000
-305.8313 0.0000
-305.6123 0.0000
-305.6613 0.0000
-306.2924 0.0000
-305.9662 0.0000
-305.6375 0.0000
-305.0654 0.0000
-306.0845 0.0000
-306.1697 0.0000
-305.1842 0.0000
-306.2492 0.0000
-305.2098 0.0000
-306.6237 0.0000
-306.8057 0.0000
-305.6533 0.0000
-306.4726 0.0000
-306.8141 0.0000
-306.5568 0.0000
-306.0956 0.0000
-305.9265 0.0000
-305.7995 0.0000
-305.4341 0.0000
-305.6198 0.0000
-305.4692 0.0000
-305.7366 0.0000
-305.2432 0.0000
-306.1703 0.0000
-305.9708 0.0000
-305.1932 0.0000
-305.7817 0.0000
-305.0403 0.0000
-306.6332 0.0000
-306.2513 0.0000
-305.6486 0.0000
-305.1644 0.0000
-306.1451 0.0000
-304.9491 0.0000
-305.2875 0.0000
-305.7626 0.0000
-305.6919 0.0000
-305.4645 0.0000
-306.6793 0.0000
-305.4772 0.0000
-306.4830 0.0000
-305.5711 0.0000
-305.2674 0.0000
-306.0966 0.0000
-304.6733 0.0000
-304.7699 0.0000
-305.3523 0.0000
-305.9351 0.0000
-306.2382 0.0000
-305.8703 0.0000
-306.1043 0.0000
-305.8245 0.0000
-305.5627 0.0000
-305.8468 0.0000
-306.3506 0.0000
-305.6188 0.0000
-305.9521 0.0000
-306.3172 0.0000
-305.2100 0.0000
-305.5515 0.0000
-305.9627 0.0000
-305.2887 0.0000
-305.6400 0.0000
-305.3464 0.0000
-305.7404 0.0000
-305.8829 0.0000
-305.1526 0.0000
-305.0864 0.0000
-306.0274 0.0000
-305.8528 0.0000
-305.6482 0.0000
-304.6808 0.0000
-305.1708 0.0000
-304.6247 0.0000
-305.5029 0.0000
-305.8039 0.0000
-305.5923 0.0000
-304.8428 0.0000
-305.5119 0.0000
-305.3931 0.0000
-305.9411 0.0000
-305.8468 0.0000
-306.2906 0.0000
-305.0297 0.0000
-306.6605 0.0000
-305.8292 0.0000
-305.4195 0.0000
-305.6505 0.0000
-305.3797 0.0000
-305.5648 0.0000
-305.6726 0.0000
-305.5254 0.0000
-306.1617 0.0000
-305.9186 0.0000
-304.6964 0.0000
-305.5649 0.0000
-305.4318 0.0000
-305.5686 0.0000
-305.9867 0.0000
-305.6976 0.0000
-304.9682 0.0000
-305.4018 0.0000
-305.4362 0.0000
-305.9112 0.0000
-305.6969 0.0000
-306.2938 0.0000
-305.8212 0.0000
-305.6227 0.0000
-306.0211 0.0000
-306.0192 0.0000
-305.4255 0.0000
-305.7246 0.0000
-306.1573 0.0000
-305.9355 0.0000
-306.3409 0.0000
-304.8217 0.0000
-306.0614 0.0000
-305.5794 0.0000
-305.1418 0.0000
-306.1839 0.0000
-304.4795 0.0000
-306.0797 0.0000
-305.6063 0.0000
-305.5973 0.0000
-306.0318 0.0000
-305.6196 0.0000
-305.4180 0.0000
-305.7200 0.0000
-305.8221 0.0000
-305.1775 0.0000
-305.9038 0.0000
-305.7164 0.0000
-305.4604 0.0000
-306.1453 0.0000
-305.3814 0.0000
-304.7505 0.0000
-305.3047 0.0000
-306.3474 0.0000
-305.2405 0.0000
-305.7979 0.0000
-305.4774 0.0000
-304.9943 0.0000
-306.1480 0.0000
-305.7355 0.0000
-305.6641 0.0000
-305.4839 0.0000
-305.9346 0.0000
-306.2679 0.0000
-305.7309 0.0000
-305.9729 0.0000
-305.9947 0.0000
-306.0654 0.0000
-306.4559 0.0000
-305.2881 0.0000
-305.5840 0.0000
-304.9497 0.0000
-306.4429 0.0000
-305.7956 0.0000
-304.4541 0.0000
-305.8937 0.0000
-305.7462 0.0000
-306.6592 0.0000
-305.2676 0.0000
-305.2286 0.0000
-305.6610 0.0000
-305.6051 0.0000
-306.2087 0.0000
-304.5228 0.0000
-305.4030 0.0000
-305.7526 0.0000
-305.2710 0.0000
-306.0287 0.0000
-305.7871 0.0000
-306.6793 0.0000
-304.9107 0.0000
-305.2196 0.0000
-305.6409 0.0000
-305.1490 0.0000
-305.1933 0.0000
-306.0982 0.0000
-305.2426 0.0000
-305.4610 0.0000
-306.1357 0.0000
-306.3973 0.0000
-305.5110 0.0000
-305.6979 0.0000
-305.4322 0.0000
-306.1938 0.0000
-305.6267 0.0000
-306.1927 0.0000
-306.3830 0.0000
-305.0189 0.0000
-304.7449 0.0000
-305.8467 0.0000
-305.3790 0.0000
-305.4914 0.0000
-305.9608 0.0000
-305.4632 0.0000
-305.4266 0.0000
-305.1583 0.0000
-305.9339 0.0000
-305.3786 0.0000
-305.7106 0.0000
-306.0273 0.0000
-305.7202 0.0000
-306.0964 0.0000
-305.9104 0.0000
-306.4631 0.0000
-306.1080 0.0000
-305.7043 0.0000
-305.2070 0.0000
-305.1352 0.0000
-305.0810 0.0000
-306.1759 0.0000
-305.5386 0.0000
-305.4418 0.0000
-305.7079 0.0000
-306.6681 0.0000
-305.2011 0.0000
-304.6071 0.0000
-305.6269 0.0000
-305.5976 0.0000
-305.7977 0.0000
-306.1750 0.0000
-306.0059 0.0000
-305.5712 0.0000
-305.6345 0.0000
-305.1235 0.0000
-306.0324 0.0000
-305.1459 0.0000
-305.5108 0.0000
-305.6079 0.0000
-304.8191 0.0000
-305.7691 0.0000
-306.3528 0.0000
-305.5485 0.0000
-305.5642 0.0000
-306.0015 0.0000
-305.7804 0.0000
-306.0222 0.0000
-305.9623 0.0000
-305.3931 0.0000
-305.8742 0.0000
-305.1955 0.0000
-306.3481 0.0000
-306.9326 0.0000
-305.4942 0.0000
-305.7501 0.0000
-305.4328 0.0000
-305.0980 0.0000
-305.1346 0.0000
-305.9156 0.0000
-305.3471 0.0000
-305.3827 0.0000
-304.6163 0.0000
-305.7809 0.0000
-305.1705 0.0000
-305.6190 0.0000
-306.7332 0.0000
-305.7017 0.0000
-305.7760 0.0000
-305.6050 0.0000
-305.9465 0.0000
-305.8499 0.0000
-305.0273 0.0000
-305.6393 0.0000
-305.5721 0.0000
-306.0882 0.0000
-305.5099 0.0000
-305.6970 0.0000
-304.8366 0.0000
-304.8992 0.0000
-305.7084 0.0000
-305.4497 0.0000
-305.2503 0.0000
-305.7479 0.0000
-305.8278 0.0000
-305.2760 0.0000
-304.7514 0.0000
-305.4623 0.0000
-305.3597 0.0000
-304.6711 0.0000
-305.5429 0.0000
-305.3104 0.0000
-305.3100 0.0000
-305.8813 0.0000
-305.8701 0.0000
-304.7500 0.0000
-305.7962 0.0000
-305.6768 0.0000
-305.6118 0.0000
-306.0021 0.0000
-306.0305 0.0000
-305.2050 0.0000
-305.8277 0.0000
-305.6357 0.0000
-306.0499 0.0000
-305.5212 0.0000
-306.2089 0.0000
-305.9076 0.0000
-305.2424 0.0000
-306.2057 0.0000
-305.2314 0.0000
-305.3000 0.0000
-305.0584 0.0000
-305.6437 0.0000
-304.9655 0.0000
-305.7728 0.0000
-305.5842 0.0000
-306.0924 0.0000
-304.8777 0.0000
-305.9037 0.0000
-305.2006 0.0000
-305.0444 0.0000
-305.7186 0.0000
-305.6695 0.0000
-306.1157 0.0000
-305.4377 0.0000
-305.3781 0.0000
-306.2474 0.0000
-305.6574 0.0000
-305.8523 0.0000
-305.3194 0.0000
-306.2583 0.0000
-306.1499 0.0000
-305.3394 0.0000
-306.2550 0.0000
-305.9224 0.0000
-305.1864 0.0000
-305.9159 0.0000
-305.9288 0.0000
-305.4766 0.0000
-305.7895 0.0000
-306.0618 0.0000
-305.6850 0.0000
-305.9356 0.0000
-306.1114 0.0000
-305.2114 0.0000
-305.8655 0.0000
-305.9810 0.0000
-305.4636 0.0000
-306.3059 0.0000
-305.6121 0.0000
-305.8988 0.0000
-305.7272 0.0000
-305.3590 0.0000
-305.4678 0.0000
-304.9689 0.0000
-305.1601 0.0000
-304.9565 0.0000
-305.6882 0.0000
-306.2873 0.0000
-306.0961 0.0000
-305.3183 0.0000
-305.3732 0.0000
-305.8429 0.0000
-305.7524 0.0000
-306.0018 0.0000
-306.1208 0.0000
-305.9610 0.0000
-306.5321 0.0000
-305.5600 0.0000
-305.4127 0.0000
-305.8683 0.0000
-305.6259 0.0000
-306.2304 0.0000
-306.0108 0.0000
-306.0917 0.0000
-305.2585 0.0000
-306.5207 0.0000
-306.0560 0.0000
-305.8412 0.0000
-305.6077 0.0000
-305.8939 0.0000
-305.7541 0.0000
-305.7255 0.0000
-305.4693 0.0000
-305.2261 0.0000
-305.6408 0.0000
-305.2480 0.0000
-305.6971 0.0000
-305.4223 0.0000
-305.9006 0.0000
-305.3903 0.0000
-304.8895 0.0000
-305.4448 0.0000
-305.3927 0.0000
-304.9932 0.0000
-306.4322 0.0000
-305.8571 0.0000
-305.3609 0.0000
-304.4818 0.0000
-305.7251 0.0000
-305.9260 0.0000
-305.5990 0.0000
-305.1304 0.0000
-305.3557 0.0000
-305.8303 0.0000
-305.4582 0.0000
-305.6470 0.0000
-306.3268 0.0000
-306.5310 0.0000
-306.0084 0.0000
-306.1405 0.0000
-304.7403 0.0000
-306.0012 0.0000
-304.9295 0.0000
-304.7897 0.0000
-305.2742 0.0000
-305.9890 0.0000
-305.6295 0.0000
-306.1766 0.0000
-305.5861 0.0000
-305.5913 0.0000
-305.2547 0.0000
-304.4625 0.0000
-305.5245 0.0000
-305.5508 0.0000
-305.6906 0.0000
-306.7749 0.0000
-305.5830 0.0000
-305.9747 0.0000
-304.8061 0.0000
-305.3568 0.0000
-305.4748 0.0000
-305.3620 0.0000
-304.7398 0.0000
-305.6500 0.0000
-305.8372 0.0000
-306.6799 0.0000
-305.8449 0.0000
-305.1140 0.0000
-305.2206 0.0000
-305.2909 0.0000
-305.2551 0.0000
-305.8233 0.0000
-306.2653 0.0000
-305.6806 0.0000
-305.5969 0.0000
-305.0113 0.0000
-305.9691 0.0000
-306.0003 0.0000
-305.5166 0.0000
-306.1791 0.0000
-305.1602 0.0000
-305.8193 0.0000
-305.0892 0.0000
-305.9362 0.0000
-305.5133 0.0000
-305.5020 0.0000
-305.7702 0.0000
-305.7356 0.0000
-305.9136 0.0000
-305.8624 0.0000
-306.2012 0.0000
-305.8609 0.0000
-305.4159 0.0000
-305.9312 0.0000
-304.8223 0.0000
-306.1503 0.0000
-306.0237 0.0000
-305.4134 0.0000
-305.1431 0.0000
-305.2825 0.0000
-305.1901 0.0000
-305.5026 0.0000
-306.4099 0.0000
-305.0591 0.0000
-305.4637 0.0000
-305.7697 0.0000
-305.2166 0.0000
-305.4028 0.0000
-305.7538 0.0000
-305.5219 0.0000
-305.6314 0.0000
-306.2167 0.0000
-305.0513 0.0000
-305.5095 0.0000
-305.8791 0.0000
-305.5391 0.0000
-306.1050 0.0000
-305.4817 0.0000
-305.5812 0.0000
-305.5793 0.0000
-305.8277 0.0000
-305.9436 0.0000
-306.1508 0.0000
-304.9801 0.0000
-305.5499 0.0000
-305.7881 0.0000
-305.9407 0.0000
-306.3904 0.0000
-305.0925 0.0000
-305.7235 0.0000
-305.0277 0.0000
-306.2411 0.0000
-305.6061 0.0000
-305.8709 0.0000
-306.1828 0.0000
-305.5864 0.0000
-305.2597 0.0000
-307.1083 0.0000
-306.4336 0.0000
-305.8963 0.0000
-306.1242 0.0000
-305.6429 0.0000
-305.5828 0.0000
-305.1565 0.0000
-305.0071 0.0000
-305.4326 0.0000
-306.1504 0.0000
-306.3204 0.0000
-306.2456 0.0000
-305.7672 0.0000
-305.3721 0.0000
-305.8448 0.0000
-305.5945 0.0000
-304.9789 0.0000
-305.4789 0.0000
-306.6191 0.0000
-305.9196 0.0000
-306.0612 0.0000
-305.7139 0.0000
-306.1169 0.0000
-305.2552 0.0000
-306.2869 0.0000
-306.0622 0.0000
-305.6288 0.0000
-306.0848 0.0000
-306.2571 0.0000
-305.4307 0.0000
-305.1990 0.0000
-306.8837 0.0000
-305.5101 0.0000
-305.7906 0.0000
-305.3564 0.0000
-305.5134 0.0000
-305.4860 0.0000
-306.0439 0.0000
-306.0049 0.0000
-305.0109 0.0000
-305.6912 0.0000
-305.8144 0.0000
-305.4330 0.0000
-306.1986 0.0000
-305.7084 0.0000
-305.7548 0.0000
-305.4358 0.0000
-306.2050 0.0000
-305.6837 0.0000
-304.9528 0.0000
-305.6929 0.0000
-305.6434 0.0000
-304.8334 0.0000
-305.4076 0.0000
-306.0541 0.0000
-305.6036 0.0000
-305.2030 0.0000
-305.5274 0.0000
-305.0963 0.0000
-305.7887 0.0000
-305.9088 0.0000
-305.6464 0.0000
-305.5279 0.0000
-305.0818 0.0000
-306.0910 0.0000
-305.9994 0.0000
-305.9481 0.0000
-304.5725 0.0000
-306.8109 0.0000
-305.5851 0.0000
-305.4113 0.0000
-305.2167 0.0000
-305.9809 0.0000
-305.3406 0.0000
-305.8883 0.0000
-305.5952 0.0000
-305.9148 0.0000
-305.4052 0.0000
-305.8539 0.0000
-305.3488 0.0000
-305.2473 0.0000
-305.1863 0.0000
-306.6624 0.0000
-305.3283 0.0000
-305.6744 0.0000
-305.4153 0.0000
-305.0501 0.0000
-305.6607 0.0000
-305.0507 0.0000
-305.6026 0.0000
-304.9079 0.0000
-306.3555 0.0000
-306.1688 0.0000
-305.6626 0.0000
-305.6649 0.0000
-305.5654 0.0000
-305.7491 0.0000
-305.5395 0.0000
-305.6182 0.0000
-305.8464 0.0000
-305.5756 0.0000
-306.8952 0.0000
-305.1299 0.0000
-305.6825 0.0000
-305.4084 0.0000
-305.3331 0.0000
-305.2320 0.0000
-306.6150 0.0000
-305.6190 0.0000
-305.8363 0.0000
-305.8543 0.0000
-306.5728 0.0000
-305.2319 0.0000
-305.7648 0.0000
-305.7215 0.0000
-305.5489 0.0000
-305.3828 0.0000
-305.3857 0.0000
-305.0949 0.0000
-305.6857 0.0000
-305.4734 0.0000
-306.2158 0.0000
-306.4763 0.0000
-306.2093 0.0000
-306.0671 0.0000
-305.2995 0.0000
-306.1686 0.0000
-306.0298 0.0000
-305.6071 0.0000
-305.5387 0.0000
-305.8594 0.0000
-305.5415 0.0000
-305.7148 0.0000
-306.0516 0.0000
-305.1859 0.0000
-306.5731 0.0000
-305.8148 0.0000
-305.8004 0.0000
-306.3935 0.0000
-306.2438 0.0000
-304.8272 0.0000
-304.7788 0.0000
-305.0767 0.0000
-305.3791 0.0000
-305.3018 0.0000
-305.6209 0.0000
-306.0425 0.0000
-305.4893 0.0000
-305.6085 0.0000
-305.8550 0.0000
-305.7534 0.0000
-306.0806 0.0000
-306.2425 0.0000
-306.1244 0.0000
-305.4355 0.0000
-305.6385 0.0000
-306.4322 0.0000
-305.1951 0.0000
-305.1838 0.0000
-305.1397 0.0000
-306.3377 0.0000
-305.7904 0.0000
-306.0606 0.0000
-305.7903 0.0000
-305.8947 0.0000
-306.5118 0.0000
-305.5918 0.0000
-305.7037 0.0000
-305.6219 0.0000
-306.0467 0.0000
-305.8479 0.0000
-304.8444 0.0000
-305.6289 0.0000
-305.5118 0.0000
-305.9357 0.0000
-305.9507 0.0000
-305.3320 0.0000
-305.1780 0.0000
-306.1809 0.0000
-305.9427 0.0000
-306.3825 0.0000
-304.9800 0.0000
-305.5144 0.0000
-306.0224 0.0000
-305.1707 0.0000
-305.1518 0.0000
-305.8331 0.0000
-305.8423 0.0000
-306.4720 0.0000
-305.1722 0.0000
-304.9650 0.0000
-306.1373 0.0000
-305.0354 0.0000
-306.0487 0.0000
-305.9578 0.0000
-306.2920 0.0000
-305.8015 0.0000
-305.3349 0.0000
-304.8022 0.0000
-305.5106 0.0000
-305.8152 0.0000
-305.9861 0.0000
-306.0553 0.0000
-305.9678 0.0000
-305.6678 0.0000
-306.1020 0.0000
-306.2309 0.0000
-306.2273 0.0000
-305.9473 0.0000
-305.7695 0.0000
-305.3416 0.0000
-305.5608 0.0000
-305.6436 0.0000
-304.9698 0.0000
-305.4102 0.0000
-305.5040 0.0000
-305.8690 0.0000
-305.1852 0.0000
-305.9091 0.0000
-306.4474 0.0000
-305.7164 0.0000
-305.1342 0.0000
-305.6636 0.0000
-304.6462 0.0000
-305.7583 0.0000
-305.8281 0.0000
-305.6264 0.0000
-306.4806 0.0000
-306.1872 0.0000
-305.0734 0.0000
-305.8673 0.0000
-305.5615 0.0000
-305.7820 0.0000
-305.2211 0.0000
-305.9358 0.0000
-304.8660 0.0000
-305.5668 0.0000
-304.9958 0.0000
-305.7168 0.0000
-305.5968 0.0000
-305.7674 0.0000
-306.0855 0.0000
-305.3604 0.0000
-305.0248 0.0000
-305.8268 0.0000
-305.6255 0.0000
-305.5101 0.0000
-305.8526 0.0000
-305.7055 0.0000
-306.1980 0.0000
-305.8652 0.0000
-305.9725 0.0000
-306.6413 0.0000
-305.6221 0.0000
-305.4100 0.0000
-305.9656 0.0000
-305.4164 0.0000
-305.6815 0.0000
-305.7490 0.0000
-304.8495 0.0000
-304.4431 0.0000
-304.9938 0.0000
-305.3205 0.0000
-306.0732 0.0000
-306.4583 0.0000
-305.9567 0.0000
-306.4666 0.0000
-305.7484 0.0000
-305.8267 0.0000
-305.4457 0.0000
-304.9002 0.0000
-306.1137 0.0000
-305.6821 0.0000
-305.9859 0.0000
-306.0335 0.0000
-306.4908 0.0000
-305.2523 0.0000
-306.0065 0.0000
-305.1321 0.0000
-306.2720 0.0000
-305.5299 0.0000
-305.4692 0.0000
-306.5070 0.0000
-305.3995 0.0000
-305.9392 0.0000
-304.7895 0.0000
-305.5299 0.0000
-305.3690 0.0000
-306.2222 0.0000
-305.3238 0.0000
-305.2944 0.0000
-305.8442 0.0000
-305.3942 0.0000
-306.2423 0.0000
-305.7313 0.0000
-305.9177 0.0000
-306.8372 0.0000
-305.8535 0.0000
-306.2706 0.0000
-305.3704 0.0000
-305.0805 0.0000
-305.9381 0.0000
-305.2476 0.0000
-305.7770 0.0000
-306.0849 0.0000
-305.7719 0.0000
-305.6248 0.0000
-305.8766 0.0000
-305.2330 0.0000
-305.4421 0.0000
-305.9391 0.0000
-305.0336 0.0000
-305.7689 0.0000
-305.9622 0.0000
-305.5040 0.0000
-305.4028 0.0000
-305.1999 0.0000
-306.1049 0.0000
-305.8203 0.0000
-304.9525 0.0000
-305.0927 0.0000
-305.5995 0.0000
-306.0636 0.0000
-305.0395 0.0000
-305.0455 0.0000
-305.9467 0.0000
-305.7754 0.0000
-305.3761 0.0000
-305.8831 0.0000
-306.2628 0.0000
-306.3897 0.0000
-306.4407 0.0000
-306.5144 0.0000
-306.3780 0.0000
-305.9033 0.0000
-306.5390 0.0000
-306.0065 0.0000
-305.5851 0.0000
-305.9536 0.0000
-306.6586 0.0000
-305.9511 0.0000
-305.6398 0.0000
-306.1818 0.0000
-305.8237 0.0000
-305.7354 0.0000
-304.8246 0.0000
-306.0020 0.0000
-305.7958 0.0000
-305.8770 0.0000
-306.0370 0.0000
-306.2476 0.0000
-305.4127 0.0000
-305.7629 0.0000
-305.5730 0.0000
-305.9885 0.0000
-305.6083 0.0000
-305.3435 0.0000
-305.5382 0.0000
-306.5167 0.0000
-305.2673 0.0000
-305.6725 0.0000
-305.2786 0.0000
-305.6141 0.0000
-305.4888 0.0000
-304.9137 0.0000
-305.4712 0.0000
-306.0111 0.0000
-305.7440 0.0000
-305.2669 0.0000
-306.0148 0.0000
-305.5679 0.0000
-305.8458 0.0000
-305.9537 0.0000
-305.2563 0.0000
-305.2279 0.0000
-305.3630 0.0000
-305.6780 0.0000
-306.0080 0.0000
-305.9468 0.0000
-306.0520 0.0000
-306.2985 0.0000
-305.4787 0.0000
-305.3483 0.0000
-304.9452 0.0000
-305.5983 0.0000
-305.6375 0.0000
-306.7153 0.0000
-305.5786 0.0000
-305.6792 0.0000
-305.3295 0.0000
-306.0373 0.0000
-306.2811 0.0000
-305.9256 0.0000
-305.5229 0.0000
-305.2799 0.0000
-305.0884 0.0000
-305.7020 0.0000
-306.1471 0.0000
-306.3243 0.0000
-305.3249 0.0000
-305.6290 0.0000
-306.6387 0.0000
-304.8768 0.0000
-305.4920 0.0000
-305.3918 0.0000
-305.7641 0.0000
-305.4477 0.0000
-305.6327 0.0000
-305.3468 0.0000
-306.1243 0.0000
-305.8048 0.0000
-306.0243 0.0000
-305.4669 0.0000
-305.6896 0.0000
-305.9374 0.0000
-305.6009 0.0000
-306.0394 0.0000
-305.8476 0.0000
-305.5175 0.0000
-306.0283 0.0000
-304.8913 0.0000
-305.3366 0.0000
-305.8192 0.0000
-305.2732 0.0000
-305.0413 0.0000
-306.3157 0.0000
-305.7307 0.0000
-305.5834 0.0000
-305.6661 0.0000
-304.8273 0.0000
-305.5163 0.0000
-305.7559 0.0000
-305.7866 0.0000
-305.5665 0.0000
-306.2753 0.0000
-305.1394 0.0000
-304.7903 0.0000
-304.8462 0.0000
-305.9835 0.0000
-305.8874 0.0000
-305.5079 0.0000
-305.8181 0.0000
-306.1209 0.0000
-305.8232 0.0000
-306.0379 0.0000
-305.7782 0.0000
-305.5969 0.0000
-305.4404 0.0000
-306.1631 0.0000
-305.9749 0.0000
-305.9490 0.0000
-305.3373 0.0000
-304.9480 0.0000
-305.4188 0.0000
-305.9427 0.0000
-305.3766 0.0000
-305.6833 0.0000
-306.2410 0.0000
-305.1817 0.0000
-305.8041 0.0000
-306.3244 0.0000
-305.2473 0.0000
-305.7665 0.0000
-305.6588 0.0000
-305.4720 0.0000
-305.2684 0.0000
-306.6557 0.0000
-305.1740 0.0000
-306.0279 0.0000
-305.8966 0.0000
-305.5728 0.0000
-305.6426 0.0000
-305.7535 0.0000
-304.6408 0.0000
-305.4389 0.0000
-305.4045 0.0000
-305.5596 0.0000
-305.4601 0.0000
-306.2737 0.0000
-306.2302 0.0000
-305.2930 0.0000
-305.8922 0.0000
-305.6519 0.0000
-306.2037 0.0000
-305.4107 0.0000
-305.9218 0.0000
-306.3716 0.0000
-306.1957 0.0000
-305.7831 0.0000
-306.1609 0.0000
-305.1521 0.0000
-305.3331 0.0000
-306.2343 0.0000
-305.5401 0.0000
-305.6123 0.0000
-305.4374 0.0000
-305.8955 0.0000
-306.0462 0.0000
-306.4715 0.0000
-305.5393 0.0000
-305.4660 0.0000
-306.1765 0.0000
-306.0224 0.0000
-305.2251 0.0000
-305.7945 0.0000
-306.7699 0.0000
-305.9361 0.0000
-304.7561 0.0000
-306.3249 0.0000
-305.3044 0.0000
-305.6524 0.0000
-305.4142 0.0000
-305.1568 0.0000
-305.7909 0.0000
-305.9464 0.0000
-304.7489 0.0000
-305.2360 0.0000
-306.6783 0.0000
-306.8490 0.0000
-306.1759 0.0000
-306.5164 0.0000
-305.7880 0.0000
-306.0047 0.0000
-305.9628 0.0000
-305.2489 0.0000
-304.7735 0.0000
-305.1655 0.0000
-304.9240 0.0000
-305.8532 0.0000
-305.9915 0.0000
-305.1805 0.0000
-305.7568 0.0000
-305.8345 0.0000
-305.2192 0.0000
-306.1642 0.0000
-305.6461 0.0000
-305.4807 0.0000
-306.1736 0.0000
-306.9115 0.0000
-306.0293 0.0000
-305.5133 0.0000
-306.2590 0.0000
-305.8380 0.0000
-305.0365 0.0000
-305.4592 0.0000
-305.8221 0.0000
-305.4733 0.0000
-305.4112 0.0000
-305.6037 0.0000
-306.1718 0.0000
-305.8349 0.0000
-306.1254 0.0000
-305.1969 0.0000
-305.8354 0.0000
-304.9628 0.0000
-305.9097 0.0000
-305.7866 0.0000
-306.3928 0.0000
-305.5892 0.0000
-305.7798 0.0000
-305.3814 0.0000
-304.8984 0.0000
-305.7265 0.0000
-306.4179 0.0000
-305.7899 0.0000
-306.1585 0.0000
-305.5571 0.0000
-304.9402 0.0000
-305.9772 0.0000
-306.4442 0.0000
-305.7533 0.0000
-305.5216 0.0000
-304.8997 0.0000
-305.6316 0.0000
-305.3038 0.0000
-305.6266 0.0000
-305.9894 0.0000
-305.3232 0.0000
-305.6444 0.0000
-305.5439 0.0000
-305.5842 0.0000
-305.3744 0.0000
-306.2026 0.0000
-305.7580 0.0000
-305.3500 0.0000
-306.0621 0.0000
-305.8500 0.0000
-305.5082 0.0000
-305.2379 0.0000
-305.6055 0.0000
-306.2485 0.0000
-305.5632 0.0000
-306.1273 0.0000
-305.6390 0.0000
-306.1286 0.0000
-305.4398 0.0000
-306.4395 0.0000
-306.0554 0.0000
-305.5656 0.0000
-305.5732 0.0000
-305.7583 0.0000
-305.1860 0.0000
-305.8636 0.0000
-305.8358 0.0000
-305.3776 0.0000
-305.0921 0.0000
-305.4102 0.0000
-306.1764 0.0000
-306.3992 0.0000
-305.6810 0.0000
-305.3613 0.0000
-305.8987 0.0000
-305.0910 0.0000
-305.1027 0.0000
-304.6423 0.0000
-306.1245 0.0000
-305.2728 0.0000
-304.8721 0.0000
-306.2089 0.0000
-305.7792 0.0000
-305.6378 0.0000
-306.1388 0.0000
-306.1031 0.0000
-305.3137 0.0000
-306.0639 0.0000
-306.6242 0.0000
-304.8729 0.0000
-304.9867 0.0000
-305.9152 0.0000
-306.6755 0.0000
-305.7466 0.0000
-306.1546 0.0000
-305.7152 0.0000
-305.4146 0.0000
-306.3277 0.0000
-305.5424 0.0000
-306.0024 0.0000
-305.3828 0.0000
-305.9798 0.0000
-305.8960 0.0000
-305.7224 0.0000
-306.3077 0.0000
-305.7740 0.0000
-305.4286 0.0000
-305.0267 0.0000
-305.3757 0.0000
-305.6198 0.0000
-305.6906 0.0000
-305.4532 0.0000
-305.6908 0.0000
-305.5102 0.0000
-306.0081 0.0000
-305.5349 0.0000
-305.6435 0.0000
-305.8385 0.0000
-305.9227 0.0000
-305.6875 0.0000
-305.6864 0.0000
-305.4146 0.0000
-305.1932 0.0000
-305.9104 0.0000
-305.3061 0.0000
-305.3451 0.0000
-304.8159 0.0000
-305.2354 0.0000
-305.0244 0.0000
-305.6757 0.0000
-305.4031 0.0000
-306.4127 0.0000
-304.7277 0.0000
-306.4226 0.0000
-305.9542 0.0000
-305.4403 0.0000
-305.5669 0.0000
-305.6949 0.0000
-305.8831 0.0000
-305.8533 0.0000
-306.1321 0.0000
-305.6958 0.0000
-304.4230 0.0000
-305.3237 0.0000
-305.9635 0.0000
-305.4218 0.0000
-305.7513 0.0000
-305.6325 0.0000
-306.1115 0.0000
-305.4061 0.0000
-306.0916 0.0000
-306.4530 0.0000
-305.6514 0.0000
-306.5618 0.0000
-306.3832 0.0000
-305.4357 0.0000
-305.2177 0.0000
-305.2845 0.0000
-305.9032 0.0000
-305.7298 0.0000
-305.9364 0.0000
-305.4906 0.0000
-305.4762 0.0000
-306.3007 0.0000
-305.9465 0.0000
-306.3310 0.0000
-305.5620 0.0000
-305.3740 0.0000
-305.3318 0.0000
-305.4244 0.0000
-305.3890 0.0000
-306.3033 0.0000
-305.2240 0.0000
-305.5260 0.0000
-305.5391 0.0000
-306.0687 0.0000
-305.4061 0.0000
-304.9200 0.0000
-306.6538 0.0000
-305.3534 0.0000
-305.5322 0.0000
-305.4432 0.0000
-305.3372 0.0000
-305.5166 0.0000
-305.9841 0.0000
-305.6489 0.0000
-306.0981 0.0000
-305.0493 0.0000
-305.6626 0.0000
-305.8277 0.0000
-306.2196 0.0000
-305.4365 0.0000
-305.3222 0.0000
-304.9845 0.0000
-305.5780 0.0000
-305.8387 0.0000
-306.1016 0.0000
-306.0644 0.0000
-305.4465 0.0000
-306.4844 0.0000
-305.5673 0.0000
-305.2490 0.0000
-306.1364 0.0000
-306.0274 0.0000
-305.1563 0.0000
-306.3326 0.0000
-305.6284 0.0000
-305.4488 0.0000
-306.2686 0.0000
-304.5429 0.0000
-306.5200 0.0000
-305.3151 0.0000
-305.4369 0.0000
-305.2953 0.0000
-305.9298 0.0000
-305.7052 0.0000
-305.5718 0.0000
-306.2012 0.0000
-305.2098 0.0000
-305.5232 0.0000
-305.4203 0.0000
-305.9400 0.0000
-305.7609 0.0000
-305.0438 0.0000
-306.3071 0.0000
-304.8615 0.0000
-305.0756 0.0000
-306.0556 0.0000
-306.2672 0.0000
-305.8636 0.0000
-305.8271 0.0000
-305.9943 0.0000
-305.5077 0.0000
-306.0101 0.0000
-305.3887 0.0000
-305.3899 0.0000
-305.7510 0.0000
-306.0752 0.0000
-305.3430 0.0000
-304.7510 0.0000
-304.9311 0.0000
-306.4908 0.0000
-305.6973 0.0000
-305.3362 0.0000
-304.8595 0.0000
-306.2517 0.0000
-304.3665 0.0000
-305.6612 0.0000
-305.8438 0.0000
-306.0534 0.0000
-305.9539 0.0000
-305.9141 0.0000
-305.6139 0.0000
-305.2028 0.0000
-305.6779 0.0000
-305.5525 0.0000
-305.7314 0.0000
-305.8322 0.0000
-305.1058 0.0000
-305.5513 0.0000
-305.0216 0.0000
-305.5713 0.0000
-305.3519 0.0000
-306.5254 0.0000
-305.2821 0.0000
-305.8193 0.0000
-305.5735 0.0000
-305.8762 0.0000
-305.4890 0.0000
-305.4590 0.0000
-305.0168 0.0000
-304.6124 0.0000
-305.4244 0.0000
-305.6631 0.0000
-305.6301 0.0000
-305.8993 0.0000
-305.7246 0.0000
-306.3340 0.0000
-306.3830 0.0000
-306.1998 0.0000
-306.4043 0.0000
-305.9513 0.0000
-305.0342 0.0000
-305.0638 0.0000
-304.7271 0.0000
-305.5650 0.0000
-306.4950 0.0000
-304.9899 0.0000
-305.4241 0.0000
-305.1126 0.0000
-304.9677 0.0000
-305.1845 0.0000
-304.9321 0.0000
-305.9509 0.0000
-306.1334 0.0000
-305.5618 0.0000
-304.7846 0.0000
-306.3068 0.0000
-305.2239 0.0000
-305.9161 0.0000
-305.4447 0.0000
-306.0360 0.0000
-306.0963 0.0000
-306.8039 0.0000
-305.8864 0.0000
-304.9415 0.0000
-305.5559 0.0000
-304.9582 0.0000
-306.0430 0.0000
-306.0433 0.0000
-306.8537 0.0000
-306.0000 0.0000
-305.1270 0.0000
-304.9454 0.0000
-305.6422 0.0000
-306.4433 0.0000
-305.6917 0.0000
-305.4207 0.0000
-305.8184 0.0000
-305.6241 0.0000
-304.9148 0.0000
-305.8059 0.0000
-304.9376 0.0000
-304.4778 0.0000
-305.7198 0.0000
-304.9967 0.0000
-305.2571 0.0000
-305.8543 0.0000
-305.3724 0.0000
-305.3167 0.0000
-305.5616 0.0000
-305.7916 0.0000
-305.5076 0.0000
-305.1478 0.0000
-305.3606 0.0000
-306.0834 0.0000
-305.6662 0.0000
-305.8709 0.0000
-305.1675 0.0000
-305.8781 0.0000
-305.5786 0.0000
-306.1842 0.0000
-305.3473 0.0000
-305.5586 0.0000
-304.5436 0.0000
-305.3120 0.0000
-304.8887 0.0000
-304.3034 0.0000
-306.0218 0.0000
-306.1836 0.0000
-305.5872 0.0000
-306.2833 0.0000
-305.4919 0.0000
-305.4950 0.0000
-306.2634 0.0000
-305.6229 0.0000
-306.1372 0.0000
-304.9633 0.0000
-305.6879 0.0000
-305.1864 0.0000
-305.8851 0.0000
-305.9248 0.0000
-305.6420 0.0000
-305.6645 0.0000
-306.0901 0.0000
-306.8029 0.0000
-306.5133 0.0000
-305.5524 0.0000
-306.0270 0.0000
-305.3011 0.0000
-306.7454 0.0000
-306.0348 0.0000
-304.8609 0.0000
-305.4970 0.0000
-306.2485 0.0000
-305.9202 0.0000
-304.7109 0.0000
-305.7697 0.0000
-305.6214 0.0000
-305.3199 0.0000
-305.9020 0.0000
-306.3111 0.0000
-305.7721 0.0000
-305.4530 0.0000
-305.5048 0.0000
-305.9281 0.0000
-305.6843 0.0000
-305.7615 0.0000
-306.2200 0.0000
-306.3134 0.0000
-306.3594 0.0000
-306.0842 0.0000
-305.5492 0.0000
-306.1368 0.0000
-306.4733 0.0000
-305.7714 0.0000
-305.4651 0.0000
-305.5859 0.0000
-306.0849 0.0000
-306.3517 0.0000
-305.7807 0.0000
-304.5172 0.0000
-305.9863 0.0000
-306.0932 0.0000
-305.1871 0.0000
-305.8245 0.0000
-305.5762 0.0000
-305.2635 0.0000
-305.9572 0.0000
-305.1311 0.0000
-305.7992 0.0000
-305.4262 0.0000
-305.3130 0.0000
-305.4988 0.0000
-306.1649 0.0000
-305.7588 0.0000
-305.3624 0.0000
-305.8239 0.0000
-304.9587 0.0000
-305.5137 0.0000
-305.9077 0.0000
-305.3729 0.0000
-305.4936 0.0000
-305.4010 0.0000
-305.6955 0.0000
-305.8911 0.0000
-305.8396 0.0000
-305.9027 0.0000
-305.5499 0.0000
-306.1069 0.0000
-306.0201 0.0000
-306.1542 0.0000
-305.6335 0.0000
-305.4420 0.0000
-306.5726 0.0000
-305.9221 0.0000
-306.2382 0.0000
-304.3101 0.0000
-304.8220 0.0000
-306.7108 0.0000
-305.5866 0.0000
-305.7607 0.0000
-305.3677 0.0000
-305.5870 0.0000
-305.3840 0.0000
-306.1965 0.0000
-306.1790 0.0000
-305.3430 0.0000
-305.1874 0.0000
-305.7745 0.0000
-305.9063 0.0000
-305.2998 0.0000
-305.4625 0.0000
-305.7165 0.0000
-305.8101 0.0000
-306.0178 0.0000
-305.6679 0.0000
-305.9307 0.0000
-305.6524 0.0000
-305.6214 0.0000
-305.7357 0.0000
-305.8842 0.0000
-305.2409 0.0000
-305.8179 0.0000
-305.7835 0.0000
-305.8528 0.0000
-305.5718 0.0000
-305.3210 0.0000
-305.5459 0.0000
-305.9510 0.0000
-305.0141 0.0000
-305.0312 0.0000
-305.8001 0.0000
-306.2991 0.0000
-305.1457 0.0000
-305.9016 0.0000
-306.4003 0.0000
-305.8397 0.0000
-306.0916 0.0000
-305.1469 0.0000
-305.8569 0.0000
-305.4795 0.0000
-305.7087 0.0000
-305.3680 0.0000
-306.0127 0.0000
-306.4096 0.0000
-305.9044 0.0000
-305.4413 0.0000
-305.8019 0.0000
-305.0987 0.0000
-305.7053 0.0000
-304.8742 0.0000
-305.2996 0.0000
-306.0093 0.0000
-304.5828 0.0000
-305.7493 0.0000
-304.7847 0.0000
-305.8853 0.0000
-305.2205 0.0000
-306.2664 0.0000
-305.4201 0.0000
-306.1913 0.0000
-305.6582 0.0000
-305.3744 0.0000
-305.2948 0.0000
-305.6590 0.0000
-306.1985 0.0000
-304.8484 0.0000
-306.5781 0.0000
-305.7473 0.0000
-305.7435 0.0000
-305.8043 0.0000
-305.6436 0.0000
-305.7115 0.0000
-305.1344 0.0000
-305.4122 0.0000
-305.3405 0.0000
-306.5067 0.0000
-306.3763 0.0000
-305.1813 0.0000
-305.3906 0.0000
-305.0029 0.0000
-306.0430 0.0000
-305.9985 0.0000
-305.1618 0.0000
-305.6203 0.0000
-305.2490 0.0000
-306.1538 0.0000
-305.2757 0.0000
-306.0899 0.0000
-305.6021 0.0000
-304.8901 0.0000
-306.0152 0.0000
-304.9171 0.0000
-305.3782 0.0000
-305.0775 0.0000
-305.3229 0.0000
-305.8564 0.0000
-306.0052 0.0000
-306.0189 0.0000
-306.1406 0.0000
-305.8978 0.0000
-305.7338 0.0000
-306.2294 0.0000
-305.6674 0.0000
-305.6750 0.0000
-305.8402 0.0000
-306.0106 0.0000
-306.4558 0.0000
-305.6168 0.0000
-304.9710 0.0000
-305.5272 0.0000
-305.7904 0.0000
-305.9656 0.0000
-306.0356 0.0000
-305.7897 0.0000
-305.5054 0.0000
-306.0056 0.0000
-305.6329 0.0000
-305.9976 0.0000
-306.5288 0.0000
-305.2566 0.0000
-306.4915 0.0000
-305.5928 0.0000
-304.9703 0.0000
-306.5615 0.0000
-306.0126 0.0000
-305.1496 0.0000
-305.9155 0.0000
-305.7598 0.0000
-305.1628 0.0000
-305.6338 0.0000
-306.2099 0.0000
-305.9049 0.0000
-305.2880 0.0000
-305.6050 0.0000
-305.3968 0.0000
-305.8573 0.0000
-304.7055 0.0000
-305.5720 0.0000
-305.5796 0.0000
-305.6453 0.0000
-305.5521 0.0000
-305.8634 0.0000
-305.5277 0.0000
-305.0373 0.0000
-305.9270 0.0000
-305.2373 0.0000
-304.8817 0.0000
-305.1213 0.0000
-306.1105 0.0000
-306.1775 0.0000
-306.1779 0.0000
-305.3669 0.0000
-305.6993 0.0000
-305.6720 0.0000
-305.3488 0.0000
-305.1309 0.0000
-304.5425 0.0000
-305.6989 0.0000
-305.7889 0.0000
-304.9699 0.0000
-305.6668 0.0000
-305.9476 0.0000
-304.4686 0.0000
-305.7146 0.0000
-305.4943 0.0000
-306.5826 0.0000
-305.4909 0.0000
-305.9738 0.0000
-305.7972 0.0000
-305.5336 0.0000
-305.8377 0.0000
-305.9806 0.0000
-306.4634 0.0000
-305.2112 0.0000
-305.9026 0.0000
-305.3810 0.0000
-305.4623 0.0000
-305.7006 0.0000
-306.0889 0.0000
-305.4754 0.0000
-305.1040 0.0000
-305.3237 0.0000
-305.2041 0.0000
-306.2354 0.0000
-306.0770 0.0000
-306.2503 0.0000
-306.0349 0.0000
-305.9857 0.0000
-305.8848 0.0000
-305.7447 0.0000
-305.4552 0.0000
-305.9508 0.0000
-304.8858 0.0000
-305.8019 0.0000
-304.2351 0.0000
-304.9232 0.0000
-305.0867 0.0000
-305.7396 0.0000
-304.6751 0.0000
-305.3911 0.0000
-305.5253 0.0000
-305.2728 0.0000
-305.5446 0.0000
-305.7978 0.0000
-305.6429 0.0000
-305.1582 0.0000
-306.1106 0.0000
-306.1212 0.0000
-305.3453 0.0000
-305.5408 0.0000
-305.4971 0.0000
-305.8106 0.0000
-305.3356 0.0000
-304.7167 0.0000
-305.2043 0.0000
-304.9567 0.0000
-306.1971 0.0000
-305.9875 0.0000
-305.0788 0.0000
-304.9090 0.0000
-305.2133 0.0000
-305.0641 0.0000
-305.5777 0.0000
-305.8511 0.0000
-306.3755 0.0000
-306.4407 0.0000
-304.6687 0.0000
-305.5496 0.0000
-305.8072 0.0000
-306.1552 0.0000
-306.1822 0.0000
-305.0581 0.0000
-306.2073 0.0000
-305.2215 0.0000
-304.8935 0.0000
-305.8963 0.0000
-305.1005 0.0000
-305.3646 0.0000
-304.9456 0.0000
-306.1279 0.0000
-306.2947 0.0000
-305.8897 0.0000
-305.3196 0.0000
-305.8701 0.0000
-305.9416 0.0000
-306.1284 0.0000
-305.2111 0.0000
-305.7177 0.0000
-304.4485 0.0000
-305.9393 0.0000
-305.4700 0.0000
-305.5024 0.0000
-305.7469 0.0000
-305.7928 0.0000
-305.6251 0.0000
-305.4678 0.0000
-304.5842 0.0000
-305.8750 0.0000
-305.4911 0.0000
-306.0528 0.0000
-306.0963 0.0000
-305.9446 0.0000
-306.0093 0.0000
-305.8693 0.0000
-305.3151 0.0000
-305.8492 0.0000
-305.1403 0.0000
-306.6207 0.0000
-305.9075 0.0000
-304.9280 0.0000
-304.7164 0.0000
-304.6413 0.0000
-306.2452 0.0000
-305.7338 0.0000
-306.0437 0.0000
-306.4637 0.0000
-305.4056 0.0000
-305.3650 0.0000
-306.1410 0.0000
-306.1586 0.0000
-306.4485 0.0000
-305.2857 0.0000
-305.3744 0.0000
-305.2265 0.0000
-305.7457 0.0000
-306.3119 0.0000
-306.0936 0.0000
-305.1686 0.0000
-305.6959 0.0000
-304.8917 0.0000
-305.4429 0.0000
-305.3311 0.0000
-304.9139 0.0000
-305.5467 0.0000
-304.9366 0.0000
-305.1755 0.0000
-305.8508 0.0000
-305.7926 0.0000
-305.8340 0.0000
-305.4365 0.0000
-305.4549 0.0000
-305.0735 0.0000
-305.8366 0.0000
-305.3425 0.0000
-305.6871 0.0000
-305.8037 0.0000
-305.6761 0.0000
-305.2033 0.0000
-305.2767 0.0000
-306.2982 0.0000
-305.4524 0.0000
-304.9639 0.0000
-305.4663 0.0000
-306.0433 0.0000
-306.0544 0.0000
-305.8425 0.0000
-305.3695 0.0000
-305.2175 0.0000
-305.7873 0.0000
-305.7677 0.0000
-305.4253 0.0000
-305.5662 0.0000
-306.0297 0.0000
-305.0451 0.0000
-304.8621 0.0000
-305.2174 0.0000
-305.8361 0.0000
-305.7314 0.0000
-305.1942 0.0000
-305.5021 0.0000
-306.2416 0.0000
-306.6615 0.0000
-305.9182 0.0000
-305.5046 0.0000
-306.1540 0.0000
-305.8063 0.0000
-306.0839 0.0000
-306.8134 0.0000
-306.1740 0.0000
-305.4035 0.0000
-304.8351 0.0000
-305.3667 0.0000
-305.6254 0.0000
-306.7465 0.0000
-306.8796 0.0000
-305.1057 0.0000
-305.8746 0.0000
-305.7937 0.0000
-306.4746 0.0000
-305.3996 0.0000
-306.7239 0.0000
-305.5984 0.0000
-306.0950 0.0000
-306.0030 0.0000
-305.2487 0.0000
-305.9751 0.0000
-306.0741 0.0000
-306.0930 0.0000
-306.1351 0.0000
-306.3155 0.0000
-305.8304 0.0000
-306.3241 0.0000
-305.6180 0.0000
-305.9995 0.0000
-305.7576 0.0000
-305.2674 0.0000
-305.3599 0.0000
-306.0981 0.0000
-305.3090 0.0000
-304.9426 0.0000
-304.7296 0.0000
-305.2784 0.0000
-306.6257 0.0000
-306.3950 0.0000
-305.6223 0.0000
-305.2734 0.0000
-305.7961 0.0000
-305.8886 0.0000
-305.7875 0.0000
-305.2843 0.0000
-305.9930 0.0000
-305.8189 0.0000
-305.6415 0.0000
-306.0493 0.0000
-304.9376 0.0000
-305.4610 0.0000
-305.5633 0.0000
-306.1008 0.0000
-305.4857 0.0000
-306.8821 0.0000
-305.7558 0.0000
-305.9025 0.0000
-305.5921 0.0000
-304.9198 0.0000
-304.9704 0.0000
-305.2565 0.0000
-304.8625 0.0000
-305.9735 0.0000
-305.8257 0.0000
-305.1474 0.0000
-304.6359 0.0000
-305.2906 0.0000
-305.3080 0.0000
-305.1695 0.0000
-305.3191 0.0000
-306.7435 0.0000
-305.4871 0.0000
-305.5628 0.0000
-305.1436 0.0000
-304.8044 0.0000
-306.3841 0.0000
-306.0431 0.0000
-305.5569 0.0000
-305.4649 0.0000
-306.4505 0.0000
-304.8306 0.0000
-305.0637 0.0000
-306.3921 0.0000
-306.3374 0.0000
-305.6930 0.0000
-304.7628 0.0000
-305.7534 0.0000
-304.9403 0.0000
-305.8563 0.0000
-306.2702 0.0000
-305.6741 0.0000
-304.8018 0.0000
-306.2578 0.0000
-305.6665 0.0000
-305.5427 0.0000
-305.6340 0.0000
-306.2657 0.0000
-306.0646 0.0000
-306.3121 0.0000
-305.4463 0.0000
-305.6506 0.0000
-305.7843 0.0000
-305.9064 0.0000
-306.6106 0.0000
-305.8514 0.0000
-306.4481 0.0000
-305.9970 0.0000
-306.0432 0.0000
-304.4879 0.0000
-305.2106 0.0000
-305.2720 0.0000
-305.8153 0.0000
-304.9947 0.0000
-305.4248 0.0000
-305.8661 0.0000
-306.2724 0.0000
-305.0819 0.0000
-305.3236 0.0000
-305.3622 0.0000
-305.8740 0.0000
-305.2530 0.0000
-305.8961 0.0000
-305.4917 0.0000
-305.4007 0.0000
-305.8249 0.0000
-306.7321 0.0000
-306.4983 0.0000
-306.0903 0.0000
-305.3742 0.0000
-305.5211 0.0000
-305.7004 0.0000
-306.9716 0.0000
-305.6528 0.0000
-306.5333 0.0000
-305.4135 0.0000
-306.5977 0.0000
-305.0333 0.0000
-305.7779 0.0000
-305.8832 0.0000
-305.2269 0.0000
-305.2412 0.0000
-305.7993 0.0000
-305.2342 0.0000
-305.1925 0.0000
-305.2461 0.0000
-306.6796 0.0000
-305.8653 0.0000
-304.7098 0.0000
-305.0330 0.0000
-305.8448 0.0000
-305.8521 0.0000
-306.0312 0.0000
-305.5197 0.0000
-306.2150 0.0000
-305.7811 0.0000
-306.1458 0.0000
-304.4316 0.0000
-305.8657 0.0000
-306.0757 0.0000
-305.4238 0.0000
-305.6220 0.0000
-305.6477 0.0000
-306.3461 0.0000
-306.7481 0.0000
-305.5371 0.0000
-305.5476 0.0000
-305.7021 0.0000
-306.0096 0.0000
-306.2351 0.0000
-305.3839 0.0000
-305.4400 0.0000
-306.4049 0.0000
-304.7314 0.0000
-304.8774 0.0000
-305.6071 0.0000
-305.0656 0.0000
-304.7713 0.0000
-305.6448 0.0000
-306.3599 0.0000
-305.7857 0.0000
-305.8258 0.0000
-305.8490 0.0000
-304.9270 0.0000
-305.7012 0.0000
-305.2668 0.0000
-304.9167 0.0000
-306.0365 0.0000
-305.8089 0.0000
-305.4481 0.0000
-305.7632 0.0000
-305.9387 0.0000
-304.9316 0.0000
-306.2246 0.0000
-306.0541 0.0000
-305.1798 0.0000
-305.9315 0.0000
-305.6898 0.0000
-305.3943 0.0000
-306.2114 0.0000
-304.8387 0.0000
-305.6674 0.0000
-305.8128 0.0000
-305.5776 0.0000
-305.6043 0.0000
-305.7847 0.0000
-305.8614 0.0000
-305.7423 0.0000
-305.4421 0.0000
-304.8452 0.0000
-305.1645 0.0000
-305.7682 0.0000
-305.1197 0.0000
-305.3787 0.0000
-305.3848 0.0000
-305.3331 0.0000
-306.3913 0.0000
-305.7082 0.0000
-305.2958 0.0000
-305.7319 0.0000
-304.9563 0.0000
-305.7554 0.0000
-305.4225 0.0000
-305.6541 0.0000
-305.4684 0.0000
-306.0140 0.0000
-304.8710 0.0000
-305.0567 0.0000
-305.2824 0.0000
-305.7212 0.0000
-305.7335 0.0000
-305.9418 0.0000
-305.1769 0.0000
-305.4386 0.0000
-305.4327 0.0000
-305.3973 0.0000
-306.4310 0.0000
-306.5904 0.0000
-306.5187 0.0000
-305.5814 0.0000
-306.1148 0.0000
-305.7518 0.0000
-306.4452 0.0000
-306.5724 0.0000
-304.9230 0.0000
-305.5747 0.0000
-304.7490 0.0000
-305.7817 0.0000
-305.1600 0.0000
-305.9342 0.0000
-305.4157 0.0000
-305.9643 0.0000
-305.1606 0.0000
-305.6295 0.0000
-305.1043 0.0000
-305.7013 0.0000
-305.5991 0.0000
-306.1022 0.0000
-304.5901 0.0000
-305.1967 0.0000
-305.1369 0.0000
-305.3316 0.0000
-306.3445 0.0000
-305.7936 0.0000
-305.6113 0.0000
-304.7659 0.0000
-305.9315 0.0000
-305.8891 0.0000
-306.0024 0.0000
-304.8713 0.0000
-305.8779 0.0000
-305.2668 0.0000
-305.9217 0.0000
-305.0711 0.0000
-306.1756 0.0000
-305.7661 0.0000
-305.6001 0.0000
-306.0596 0.0000
-305.8791 0.0000
-305.9533 0.0000
-305.9212 0.0000
-305.8662 0.0000
-305.1854 0.0000
-305.2864 0.0000
-305.0466 0.0000
-305.8142 0.0000
-305.6654 0.0000
-306.1931 0.0000
-305.3119 0.0000
-305.9405 0.0000
-305.7658 0.0000
-305.5838 0.0000
-306.0794 0.0000
-305.7454 0.0000
-305.0747 0.0000
-305.2485 0.0000
-306.0553 0.0000
-305.5022 0.0000
-305.7600 0.0000
-306.2500 0.0000
-305.7725 0.0000
-306.2069 0.0000
-305.6434 0.0000
-305.7432 0.0000
-306.0049 0.0000
-305.6372 0.0000
-305.8189 0.0000
-305.2259 0.0000
-305.7796 0.0000
-305.2579 0.0000
-306.4552 0.0000
-305.8285 0.0000
-305.6464 0.0000
-305.2346 0.0000
-305.1816 0.0000
-305.9841 0.0000
-306.3850 0.0000
-305.4113 0.0000
-305.8296 0.0000
-304.5554 0.0000
-306.3300 0.0000
-305.7802 0.0000
-305.1118 0.0000
-306.3322 0.0000
-305.2948 0.0000
-305.5311 0.0000
-305.9453 0.0000
-305.6944 0.0000
-305.5168 0.0000
-304.8294 0.0000
-305.0783 0.0000
-305.4225 0.0000
-305.8100 0.0000
-305.6648 0.0000
-305.9222 0.0000
-305.9218 0.0000
-305.5621 0.0000
-305.0188 0.0000
-305.8414 0.0000
-305.4393 0.0000
-305.7923 0.0000
-305.6202 0.0000
-306.0280 0.0000
-306.2437 0.0000
-304.8528 0.0000
-306.3518 0.0000
-305.5041 0.0000
-305.7231 0.0000
-305.9038 0.0000
-306.7018 0.0000
-305.7094 0.0000
-305.0748 0.0000
-305.4588 0.0000
-306.3931 0.0000
-305.3929 0.0000
-306.4082 0.0000
-305.5265 0.0000
-305.6714 0.0000
-305.9889 0.0000
-305.2951 0.0000
-305.2497 0.0000
-305.3719 0.0000
-306.2410 0.0000
-305.2110 0.0000
-306.0763 0.0000
-306.6168 0.0000
-305.9567 0.0000
-305.6939 0.0000
-305.0887 0.0000
-305.6965 0.0000
-304.5334 0.0000
-305.5228 0.0000
-305.5911 0.0000
-305.5281 0.0000
-305.8435 0.0000
-306.5630 0.0000
-304.4904 0.0000
-305.4385 0.0000
-305.8152 0.0000
-305.9061 0.0000
-305.5344 0.0000
-305.6483 0.0000
-306.0736 0.0000
-305.8834 0.0000
-304.7650 0.0000
-305.7321 0.0000
-305.0214 0.0000
-306.1296 0.0000
-305.7526 0.0000
-306.0510 0.0000
-305.6656 0.0000
-306.1765 0.0000
-304.9439 0.0000
-305.1765 0.0000
-305.7889 0.0000
-305.6513 0.0000
-305.3485 0.0000
-305.4591 0.0000
-305.3431 0.0000
-305.3997 0.0000
-305.6443 0.0000
-305.2999 0.0000
-305.8112 0.0000
-305.8546 0.0000
-305.6248 0.0000
-305.1532 0.0000
-305.7688 0.0000
-305.1955 0.0000
-305.7722 0.0000
-305.9237 0.0000
-305.1840 0.0000
-306.1739 0.0000
-305.6184 0.0000
-305.3419 0.0000
-306.6078 0.0000
-305.2735 0.0000
-305.4388 0.0000
-305.4799 0.0000
-305.5827 0.0000
-306.7236 0.0000
-305.3524 0.0000
-305.8786 0.0000
-305.3177 0.0000
-306.2061 0.0000
-306.4411 0.0000
-306.0526 0.0000
-305.8811 0.0000
-305.5265 0.0000
-304.8839 0.0000
-305.1052 0.0000
-305.8988 0.0000
-306.9227 0.0000
-306.1164 0.0000
-305.4206 0.0000
-306.0287 0.0000
-306.4846 0.0000
-305.4248 0.0000
-305.1009 0.0000
-306.4142 0.0000
-305.9565 0.0000
-305.2437 0.0000
-305.6317 0.0000
-305.5686 0.0000
-306.8128 0.0000
-305.9806 0.0000
-305.9155 0.0000
-304.7751 0.0000
-306.3137 0.0000
-305.6043 0.0000
-305.5195 0.0000
-305.5489 0.0000
-305.3577 0.0000
-304.9533 0.0000
-305.4990 0.0000
-305.1385 0.0000
-306.0875 0.0000
-305.5968 0.0000
-306.1865 0.0000
-305.7178 0.0000
-306.5370 0.0000
-305.6118 0.0000
-305.8556 0.0000
-305.9308 0.0000
-305.3426 0.0000
-305.3668 0.0000
-304.9402 0.0000
-305.6188 0.0000
-305.2187 0.0000
-305.9082 0.0000
-305.4896 0.0000
-305.9117 0.0000
-306.5357 0.0000
-306.9061 0.0000
-305.9332 0.0000
-306.5521 0.0000
-306.1634 0.0000
-305.4702 0.0000
-305.0158 0.0000
-305.7197 0.0000
-304.7722 0.0000
-305.3976 0.0000
-305.5294 0.0000
-306.0933 0.0000
-305.4289 0.0000
-305.8380 0.0000
-306.1285 0.0000
-305.3430 0.0000
-305.2054 0.0000
-306.0144 0.0000
-305.8845 0.0000
-305.0685 0.0000
-305.6259 0.0000
-305.1258 0.0000
-305.1958 0.0000
-306.3216 0.0000
-304.9598 0.0000
-306.3651 0.0000
-304.9450 0.0000
-305.1346 0.0000
-305.8116 0.0000
-305.7887 0.0000
-305.7420 0.0000
-305.4661 0.0000
-305.2493 0.0000
-306.2307 0.0000
-305.9914 0.0000
-305.3740 0.0000
-305.8078 0.0000
-305.8561 0.0000
-305.4470 0.0000
-305.3030 0.0000
-305.2128 0.0000
-305.1942 0.0000
-306.7974 0.0000
-305.7967 0.0000
-306.0736 0.0000
-305.1424 0.0000
-305.0556 0.0000
-305.9912 0.0000
-305.3155 0.0000
-305.8761 0.0000
-305.4740 0.0000
-306.2993 0.0000
-306.2330 0.0000
-305.5718 0.0000
-305.9553 0.0000
-305.5826 0.0000
-306.1281 0.0000
-305.2245 0.0000
-306.2859 0.0000
-305.6361 0.0000
-305.7820 0.0000
-305.5600 0.0000
-305.6070 0.0000
-306.4141 0.0000
-306.1562 0.0000
-306.0419 0.0000
-305.8686 0.0000
-305.7633 0.0000
-305.6025 0.0000
-305.4542 0.0000
-305.8097 0.0000
-305.5779 0.0000
-305.5104 0.0000
-305.7381 0.0000
-305.1015 0.0000
-305.2100 0.0000
-305.8781 0.0000
-305.7224 0.0000
-305.3977 0.0000
-305.5504 0.0000
-306.4336 0.0000
-306.4168 0.0000
-305.4601 0.0000
-305.6811 0.0000
-305.5583 0.0000
-306.1938 0.0000
-305.1880 0.0000
-304.3062 0.0000
-305.4464 0.0000
-306.3051 0.0000
-304.4229 0.0000
-305.7292 0.0000
-305.7959 0.0000
-304.5159 0.0000
-305.3930 0.0000
-306.1043 0.0000
-306.3866 0.0000
-305.7721 0.0000
-306.0478 0.0000
-305.9400 0.0000
-304.8923 0.0000
-305.1436 0.0000
-305.3938 0.0000
-306.1611 0.0000
-305.5522 0.0000
-306.1235 0.0000
-305.9781 0.0000
-305.3804 0.0000
-305.9788 0.0000
-305.7878 0.0000
-305.3126 0.0000
-306.5431 0.0000
-305.8222 0.0000
-306.4449 0.0000
-305.8017 0.0000
-306.2563 0.0000
-305.6572 0.0000
-304.7408 0.0000
-305.1662 0.0000
-306.2330 0.0000
-304.8089 0.0000
-306.4186 0.0000
-305.3712 0.0000
-306.3165 0.0000
-305.6845 0.0000
-305.2862 0.0000
-305.9335 0.0000
-305.0528 0.0000
-305.7927 0.0000
-305.1752 0.0000
-305.9286 0.0000
-305.3120 0.0000
-305.3058 0.0000
-306.0909 0.0000
-305.3657 0.0000
-305.9615 0.0000
-305.3552 0.0000
-305.7949 0.0000
-305.7260 0.0000
-305.4723 0.0000
-305.0512 0.0000
-305.9067 0.0000
-305.9333 0.0000
-306.5068 0.0000
-305.8553 0.0000
-305.2934 0.0000
-305.4884 0.0000
-305.0675 0.0000
-306.1074 0.0000
-306.1496 0.0000
-305.0542 0.0000
-305.5373 0.0000
-306.0046 0.0000
-305.7891 0.0000
-305.4365 0.0000
-305.7962 0.0000
-305.4798 0.0000
-306.1752 0.0000
-305.4528 0.0000
-306.0561 0.0000
-305.0396 0.0000
-305.6521 0.0000
-305.8121 0.0000
-305.7521 0.0000
-305.5932 0.0000
-305.1699 0.0000
-305.5513 0.0000
-305.6198 0.0000
-305.8751 0.0000
-304.9565 0.0000
-305.7431 0.0000
-305.6887 0.0000
-305.1587 0.0000
-305.5860 0.0000
-305.4190 0.0000
-306.1100 0.0000
-305.6160 0.0000
-305.7305 0.0000
-305.5974 0.0000
-305.6956 0.0000
-305.5001 0.0000
-306.5271 0.0000
-306.6170 0.0000
-305.3929 0.0000
-305.7365 0.0000
-304.8315 0.0000
-306.2629 0.0000
-305.2667 0.0000
-306.3827 0.0000
-305.9250 0.0000
-305.6207 0.0000
-305.1687 0.0000
-305.5028 0.0000
-305.9452 0.0000
-306.2956 0.0000
-305.5639 0.0000
-305.4041 0.0000
-305.6934 0.0000
-306.4612 0.0000
-305.2084 0.0000
-305.4211 0.0000
-305.1208 0.0000
-305.3044 0.0000
-305.5120 0.0000
-306.1976 0.0000
-305.0851 0.0000
-305.9052 0.0000
-306.3292 0.0000
-306.4440 0.0000
-306.1345 0.0000
-305.3303 0.0000
-304.6490 0.0000
-305.2242 0.0000
-305.5756 0.0000
-306.1828 0.0000
-305.7189 0.0000
-306.2452 0.0000
-305.4187 0.0000
-305.9528 0.0000
-305.7658 0.0000
-305.9105 0.0000
-305.4229 0.0000
-305.1061 0.0000
-306.6653 0.0000
-305.5781 0.0000
-306.0238 0.0000
-305.6328 0.0000
-305.7577 0.0000
-305.2027 0.0000
-305.4034 0.0000
-305.5907 0.0000
-304.8438 0.0000
-305.9656 0.0000
-305.8379 0.0000
-305.5303 0.0000
-305.9012 0.0000
-305.4432 0.0000
-305.7333 0.0000
-305.8830 0.0000
-305.9419 0.0000
-305.9339 0.0000
-305.5134 0.0000
-306.1702 0.0000
-304.8846 0.0000
-305.6966 0.0000
-306.0242 0.0000
-305.1440 0.0000
-305.6339 0.0000
-305.6782 0.0000
-305.9255 0.0000
-305.9436 0.0000
-305.4936 0.0000
-305.5140 0.0000
-305.0388 0.0000
-305.6223 0.0000
-305.3348 0.0000
-305.4133 0.0000
-306.6131 0.0000
-305.3473 0.0000
-305.3438 0.0000
-305.1023 0.0000
-306.0237 0.0000
-304.8625 0.0000
-305.7761 0.0000
-305.7413 0.0000
-305.1159 0.0000
-305.7439 0.0000
-305.8316 0.0000
-304.8228 0.0000
-305.0602 0.0000
-305.7312 0.0000
-305.7677 0.0000
-306.1677 0.0000
-305.3436 0.0000
-305.7233 0.0000
-306.3559 0.0000
-306.1818 0.0000
-305.8377 0.0000
-305.4169 0.0000
-305.1204 0.0000
-306.0187 0.0000
-304.4588 0.0000
-305.4107 0.0000
-305.0392 0.0000
-305.1881 0.0000
-305.5403 0.0000
-306.1897 0.0000
-304.5284 0.0000
-305.4353 0.0000
-305.1771 0.0000
-305.1370 0.0000
-305.6119 0.0000
-306.4481 0.0000
-305.8698 0.0000
-306.1820 0.0000
-305.9323 0.0000
-305.5590 0.0000
-305.6999 0.0000
-305.3621 0.0000
-305.6776 0.0000
-304.7926 0.0000
-305.4105 0.0000
-305.9349 0.0000
-305.7361 0.0000
-307.0474 0.0000
-305.3377 0.0000
-306.9969 0.0000
-305.9853 0.0000
-304.8580 0.0000
-305.1259 0.0000
-305.0320 0.0000
-305.9187 0.0000
-305.5019 0.0000
-306.2338 0.0000
-305.9243 0.0000
-305.8415 0.0000
-305.2955 0.0000
-305.2479 0.0000
-306.1650 0.0000
-305.2167 0.0000
-305.9807 0.0000
-305.5561 0.0000
-305.3988 0.0000
-305.7696 0.0000
-306.0916 0.0000
-306.5048 0.0000
-305.7627 0.0000
-305.8944 0.0000
-305.3749 0.0000
-305.2353 0.0000
-305.6364 0.0000
-306.3449 0.0000
-304.9805 0.0000
-305.3595 0.0000
-305.3953 0.0000
-306.3238 0.0000
-305.5471 0.0000
-305.8160 0.0000
-305.5808 0.0000
-305.7933 0.0000
-305.6256 0.0000
-305.9981 0.0000
-305.0073 0.0000
-306.1068 0.0000
-305.7328 0.0000
-305.6351 0.0000
-305.5759 0.0000
-305.1879 0.0000
-305.8197 0.0000
-305.8301 0.0000
-306.0960 0.0000
-305.0497 0.0000
-304.9988 0.0000
-306.3430 0.0000
-306.1100 0.0000
-306.0525 0.0000
-305.7934 0.0000
-305.5722 0.0000
-305.2541 0.0000
-305.4171 0.0000
-305.6270 0.0000
-305.2882 0.0000
-305.5780 0.0000
-306.0843 0.0000
-305.5227 0.0000
-305.3953 0.0000
-305.5096 0.0000
-305.2152 0.0000
-306.2028 0.0000
-306.0724 0.0000
-305.6323 0.0000
-304.8076 0.0000
-305.6606 0.0000
-305.7100 0.0000
-306.0589 0.0000
-306.8079 0.0000
-306.1353 0.0000
-306.0228 0.0000
-305.3255 0.0000
-306.0202 0.0000
-305.4047 0.0000
-304.6532 0.0000
-305.0772 0.0000
-305.3824 0.0000
-305.8825 0.0000
-305.3800 0.0000
-306.5178 0.0000
-304.9318 0.0000
-306.1612 0.0000
-306.2140 0.0000
-305.8525 0.0000
-306.0736 0.0000
-305.9973 0.0000
-305.9935 0.0000
-305.2786 0.0000
-305.6446 0.0000
-305.4967 0.0000
-305.7405 0.0000
-305.2567 0.0000
-306.1220 0.0000
-305.2959 0.0000
-305.8189 0.0000
-305.3330 0.0000
-305.6886 0.0000
-305.2835 0.0000
-305.0152 0.0000
-306.1636 0.0000
-305.4492 0.0000
-305.8650 0.0000
-305.2649 0.0000
-305.7351 0.0000
-305.2565 0.0000
-305.9615 0.0000
-305.0592 0.0000
-306.0342 0.0000
-305.9843 0.0000
-306.3483 0.0000
-305.5819 0.0000
-306.4331 0.0000
-305.9042 0.0000
-305.8961 0.0000
-305.1170 0.0000
-306.4436 0.0000
-305.6461 0.0000
-305.8205 0.0000
-305.0429 0.0000
-305.3895 0.0000
-306.2125 0.0000
-304.9370 0.0000
-306.5043 0.0000
-305.6151 0.0000
-306.1214 0.0000
-304.9791 0.0000
-305.5683 0.0000
-305.2798 0.0000
-306.2027 0.0000
-305.6499 0.0000
-305.7137 0.0000
-305.1744 0.0000
-305.3964 0.0000
-305.4719 0.0000
-305.5608 0.0000
-305.6899 0.0000
-305.9298 0.0000
-305.3907 0.0000
-306.4800 0.0000
-305.8396 0.0000
-305.9618 0.0000
-305.6342 0.0000
-305.6039 0.0000
-305.4955 0.0000
-305.9806 0.0000
-305.9928 0.0000
-305.5375 0.0000
-306.3532 0.0000
-305.9181 0.0000
-305.9265 0.0000
-305.3253 0.0000
-305.7455 0.0000
-305.4552 0.0000
-305.9455 0.0000
-305.8151 0.0000
-305.0163 0.0000
-305.3627 0.0000
-306.0905 0.0000
-305.5534 0.0000
-305.2897 0.0000
-305.7081 0.0000
-306.2861 0.0000
-304.8625 0.0000
-305.2818 0.0000
-305.8855 0.0000
-305.1944 0.0000
-306.8389 0.0000
-305.8322 0.0000
-305.6241 0.0000
-305.1386 0.0000
-305.6845 0.0000
-305.9752 0.0000
-305.7804 0.0000
-306.5408 0.0000
-306.0097 0.0000
-304.7834 0.0000
-305.5100 0.0000
-305.5869 0.0000
-305.0865 0.0000
-305.9745 0.0000
-306.2005 0.0000
-305.8842 0.0000
-306.8216 0.0000
-305.2075 0.0000
-305.5365 0.0000
-305.6696 0.0000
-305.6565 0.0000
-305.3138 0.0000
-305.0261 0.0000
-306.2769 0.0000
-305.2056 0.0000
-305.5412 0.0000
-305.2236 0.0000
-304.6718 0.0000
-305.1298 0.0000
-305.5960 0.0000
-304.3907 0.0000
-306.2338 0.0000
-305.9764 0.0000
-305.9774 0.0000
-305.2600 0.0000
-306.6215 0.0000
-305.4116 0.0000
-305.3422 0.0000
-305.7422 0.0000
-305.6164 0.0000
-304.8260 0.0000
-305.6388 0.0000
-306.0371 0.0000
-305.8954 0.0000
-305.2454 0.0000
-305.8443 0.0000
-305.8539 0.0000
-306.0529 0.0000
-305.1659 0.0000
-305.0628 0.0000
-306.2407 0.0000
-305.4498 0.0000
-305.5344 0.0000
-304.9237 0.0000
-305.7132 0.0000
-305.7960 0.0000
-305.8052 0.0000
-305.5206 0.0000
-306.3527 0.0000
-305.7005 0.0000
-306.1009 0.0000
-304.5032 0.0000
-305.7991 0.0000
-306.5181 0.0000
-305.2258 0.0000
-305.3374 0.0000
-305.7257 0.0000
-305.8792 0.0000
-305.9274 0.0000
-306.0736 0.0000
-305.4823 0.0000
-306.1432 0.0000
-306.0854 0.0000
-306.8522 0.0000
-305.6234 0.0000
-305.4784 0.0000
-305.4887 0.0000
-305.7093 0.0000
-305.7863 0.0000
-305.3814 0.0000
-305.0503 0.0000
-305.6155 0.0000
-305.9494 0.0000
-306.4808 0.0000
-305.5859 0.0000
-305.3630 0.0000
-305.6350 0.0000
-305.2704 0.0000
-305.7460 0.0000
-305.5057 0.0000
-305.0671 0.0000
-305.7465 0.0000
-305.6433 0.0000
-305.3177 0.0000
-306.2103 0.0000
-304.8005 0.0000
-305.6698 0.0000
-305.8215 0.0000
-305.9839 0.0000
-305.1982 0.0000
-305.5219 0.0000
-305.1441 0.0000
-305.4647 0.0000
-305.4227 0.0000
-306.3226 0.0000
-305.6056 0.0000
-305.7383 0.0000
-306.3211 0.0000
-305.4480 0.0000
-305.2080 0.0000
-306.0706 0.0000
-306.8020 0.0000
-306.9761 0.0000
-306.2331 0.0000
-305.6122 0.0000
-305.6141 0.0000
-306.1866 0.0000
-305.3705 0.0000
-306.1899 0.0000
-305.8175 0.0000
-305.9845 0.0000
-305.4841 0.0000
-305.7019 0.0000
-305.3398 0.0000
-305.0655 0.0000
-305.6551 0.0000
-305.3770 0.0000
-305.7619 0.0000
-305.5289 0.0000
-305.2423 0.0000
-305.6877 0.0000
-306.2197 0.0000
-305.2828 0.0000
-306.1536 0.0000
-304.7764 0.0000
-305.7805 0.0000
-306.2208 0.0000
-305.6978 0.0000
-305.2457 0.0000
-305.2092 0.0000
-305.8620 0.0000
-305.8605 0.0000
-306.1642 0.0000
-306.3763 0.0000
-305.4752 0.0000
-305.8542 0.0000
-305.4473 0.0000
-305.3382 0.0000
-306.0303 0.0000
-305.6607 0.0000
-305.0788 0.0000
-305.5606 0.0000
-305.3994 0.0000
-305.2084 0.0000
-305.9406 0.0000
-305.3432 0.0000
-304.8536 0.0000
-305.6119 0.0000
-304.8065 0.0000
-305.7759 0.0000
-304.9878 0.0000
-305.2969 0.0000
-306.3330 0.0000
-306.1230 0.0000
-305.6868 0.0000
-305.1121 0.0000
-304.9358 0.0000
-305.8634 0.0000
-305.5967 0.0000
-306.3141 0.0000
-306.4255 0.0000
-305.2204 0.0000
-306.1613 0.0000
-305.1694 0.0000
-306.7170 0.0000
-305.7122 0.0000
-305.5269 0.0000
-305.7158 0.0000
-305.8550 0.0000
-305.0927 0.0000
-305.3247 0.0000
-305.5254 0.0000
-305.3952 0.0000
-305.6685 0.0000
-305.2047 0.0000
-305.7258 0.0000
-304.8308 0.0000
-306.3218 0.0000
-305.3379 0.0000
-306.4698 0.0000
-305.5319 0.0000
-305.5591 0.0000
-305.1248 0.0000
-305.6336 0.0000
-306.2115 0.0000
-305.9600 0.0000
-304.8779 0.0000
-305.8539 0.0000
-305.5961 0.0000
-306.0006 0.0000
-305.2116 0.0000
-305.3165 0.0000
-306.1552 0.0000
-305.2297 0.0000
-305.6657 0.0000
-305.4900 0.0000
-304.7183 0.0000
-305.8344 0.0000
-305.9786 0.0000
-304.8997 0.0000
-305.5217 0.0000
-305.8108 0.0000
-306.1455 0.0000
-305.5744 0.0000
-305.9946 0.0000
-305.5834 0.0000
-305.7459 0.0000
-305.6450 0.0000
-305.7666 0.0000
-305.0882 0.0000
-304.8861 0.0000
-305.0848 0.0000
-305.3619 0.0000
-304.6857 0.0000
-305.1522 0.0000
-305.7626 0.0000
-306.0135 0.0000
-305.4565 0.0000
-305.5130 0.0000
-306.1693 0.0000
-305.3038 0.0000
-305.1413 0.0000
-305.9720 0.0000
-305.4687 0.0000
-305.0232 0.0000
-304.5130 0.0000
-305.4360 0.0000
-305.4336 0.0000
-305.4204 0.0000
-305.9940 0.0000
-305.2347 0.0000
-305.9469 0.0000
-304.8547 0.0000
-305.2753 0.0000
-304.9596 0.0000
-305.8358 0.0000
-306.9007 0.0000
-305.8741 0.0000
-306.2459 0.0000
-306.0734 0.0000
-305.1336 0.0000
-305.0316 0.0000
-305.8971 0.0000
-305.0824 0.0000
-306.6541 0.0000
-306.0465 0.0000
-305.5210 0.0000
-305.7725 0.0000
-305.7357 0.0000
-305.6243 0.0000
-305.6060 0.0000
-305.0203 0.0000
-306.0221 0.0000
-306.0572 0.0000
-305.0318 0.0000
-306.8362 0.0000
-305.5425 0.0000
-304.9970 0.0000
-306.0302 0.0000
-305.7074 0.0000
-304.9821 0.0000
-305.8134 0.0000
-305.7619 0.0000
-304.8798 0.0000
-305.6620 0.0000
-306.1966 0.0000
-305.4555 0.0000
-304.9210 0.0000
-305.6391 0.0000
-305.1497 0.0000
-305.5154 0.0000
-305.7545 0.0000
-305.8950 0.0000
-305.8030 0.0000
-305.4976 0.0000
-305.9020 0.0000
-305.7107 0.0000
-305.2455 0.0000
-306.1105 0.0000
-306.1041 0.0000
-305.2182 0.0000
-305.2257 0.0000
-305.9314 0.0000
-305.3820 0.0000
-306.4936 0.0000
-305.7422 0.0000
-305.3103 0.0000
-305.1629 0.0000
-305.6365 0.0000
-305.5567 0.0000
-305.3515 0.0000
-305.2562 0.0000
-305.7115 0.0000
-305.6854 0.0000
-305.7976 0.0000
-306.1877 0.0000
-305.7415 0.0000
-304.7493 0.0000
-305.6106 0.0000
-305.4650 0.0000
-305.6622 0.0000
-305.9595 0.0000
-305.4016 0.0000
-306.1278 0.0000
-305.3064 0.0000
-306.1599 0.0000
-305.3666 0.0000
-305.4178 0.0000
-306.3109 0.0000
-305.2367 0.0000
-305.8697 0.0000
-305.4045 0.0000
-305.6800 0.0000
-305.8114 0.0000
-305.0374 0.0000
-305.5649 0.0000
-306.4141 0.0000
-305.8752 0.0000
-305.7710 0.0000
-306.1214 0.0000
-306.1351 0.0000
-305.0585 0.0000
-305.2013 0.0000
-306.0462 0.0000
-305.6576 0.0000
-306.2537 0.0000
-305.2347 0.0000
-304.6809 0.0000
-305.1613 0.0000
-305.9625 0.0000
-305.8013 0.0000
-306.4216 0.0000
-305.7785 0.0000
-306.1908 0.0000
-305.8482 0.0000
-305.8356 0.0000
-304.9211 0.0000
-305.8162 0.0000
-305.1867 0.0000
-305.9732 0.0000
-305.2451 0.0000
-304.9924 0.0000
-305.8884 0.0000
-305.9001 0.0000
-305.2302 0.0000
-306.2230 0.0000
-305.5175 0.0000
-305.6939 0.0000
-305.1756 0.0000
-305.5129 0.0000
-305.8872 0.0000
-305.7945 0.0000
-305.8600 0.0000
-305.2956 0.0000
-306.5450 0.0000
-306.5278 0.0000
-305.6294 0.0000
-304.7097 0.0000
-305.5443 0.0000
-305.2919 0.0000
-305.0007 0.0000
-305.8846 0.0000
-305.0712 0.0000
-305.7104 0.0000
-305.8969 0.0000
-305.2797 0.0000
-305.8058 0.0000
-304.9605 0.0000
-305.7606 0.0000
-305.9626 0.0000
-305.3133 0.0000
-306.1447 0.0000
-304.8723 0.0000
-305.8584 0.0000
-306.0093 0.0000
-305.3620 0.0000
-305.3760 0.0000
-306.3482 0.0000
-305.8581 0.0000
-305.4212 0.0000
-305.8376 0.0000
-305.8715 0.0000
-306.2492 0.0000
-305.9986 0.0000
-305.7103 0.0000
-305.7117 0.0000
-306.3071 0.0000
-305.7701 0.0000
-305.3655 0.0000
-305.8591 0.0000
-305.4430 0.0000
-305.3917 0.0000
-305.7653 0.0000
-305.3240 0.0000
-305.3646 0.0000
-306.2637 0.0000
-305.2734 0.0000
-305.9254 0.0000
-305.5874 0.0000
-305.9459 0.0000
-305.2719 0.0000
-305.2923 0.0000
-305.9073 0.0000
-306.1396 0.0000
-306.1766 0.0000
-305.6397 0.0000
-306.0342 0.0000
-305.7845 0.0000
-306.1851 0.0000
-305.2199 0.0000
-305.9202 0.0000
-305.3606 0.0000
-304.9637 0.0000
-305.2141 0.0000
-305.2114 0.0000
-305.7286 0.0000
-305.3064 0.0000
-305.2532 0.0000
-305.8189 0.0000
-305.9577 0.0000
-305.0923 0.0000
-305.4076 0.0000
-305.8485 0.0000
-305.6689 0.0000
-305.8861 0.0000
-305.3593 0.0000
-305.1272 0.0000
-305.5760 0.0000
-305.1476 0.0000
-305.0559 0.0000
-305.9748 0.0000
-306.5697 0.0000
-305.9503 0.0000
-305.4671 0.0000
-306.1332 0.0000
-305.5933 0.0000
-305.5749 0.0000
-306.0864 0.0000
-305.2659 0.0000
-306.1668 0.0000
-306.6364 0.0000
-305.7093 0.0000
-305.8080 0.0000
-305.9798 0.0000
-305.0338 0.0000
-305.6199 0.0000
-306.4547 0.0000
-306.1079 0.0000
-305.1480 0.0000
-306.0602 0.0000
-305.4286 0.0000
-305.4025 0.0000
-305.9306 0.0000
-305.9530 0.0000
-304.8356 0.0000
-306.2546 0.0000
-305.1766 0.0000
-305.5246 0.0000
-305.2939 0.0000
-305.1491 0.0000
-305.2934 0.0000
-306.2749 0.0000
-305.8482 0.0000
-305.1965 0.0000
-305.4878 0.0000
-305.4299 0.0000
-305.8048 0.0000
-305.2672 0.0000
-305.8681 0.0000
-305.4454 0.0000
-305.7239 0.0000
-305.5797 0.0000
-305.3087 0.0000
-306.0305 0.0000
-305.1006 0.0000
-305.7488 0.0000
-305.9354 0.0000
-305.7593 0.0000
-305.7195 0.0000
-306.1208 0.0000
-305.2204 0.0000
-305.0034 0.0000
-305.3634 0.0000
-305.2672 0.0000
-305.8687 0.0000
-305.4375 0.0000
-305.3574 0.0000
-305.4160 0.0000
-305.8195 0.0000
-305.9798 0.0000
-305.1556 0.0000
-305.5290 0.0000
-305.7199 0.0000
-305.8461 0.0000
-306.1957 0.0000
-305.8878 0.0000
-305.5822 0.0000
-305.9565 0.0000
-305.9864 0.0000
-305.9247 0.0000
-305.4766 0.0000
-305.7766 0.0000
-306.2594 0.0000
-305.4336 0.0000
-305.5054 0.0000
-306.1301 0.0000
-305.8399 0.0000
-305.2301 0.0000
-305.8552 0.0000
-305.5040 0.0000
-304.4698 0.0000
-305.8179 0.0000
-305.8009 0.0000
-306.2614 0.0000
-305.1277 0.0000
-305.1816 0.0000
-305.8786 0.0000
-306.7804 0.0000
-304.3831 0.0000
-306.1464 0.0000
-305.5681 0.0000
-306.3175 0.0000
-304.9417 0.0000
-306.0714 0.0000
-306.0409 0.0000
-305.3409 0.0000
-304.9326 0.0000
-305.2871 0.0000
-306.4720 0.0000
-305.0684 0.0000
-305.6932 0.0000
-305.8132 0.0000
-305.4336 0.0000
-305.3722 0.0000
-304.9069 0.0000
-305.7750 0.0000
-306.1368 0.0000
-305.7805 0.0000
-305.6085 0.0000
-305.9364 0.0000
-306.1027 0.0000
-306.0852 0.0000
-305.5155 0.0000
-305.2667 0.0000
-305.3776 0.0000
-304.9616 0.0000
-305.4162 0.0000
-305.7523 0.0000
-305.4531 0.0000
-304.8161 0.0000
-306.4019 0.0000
-305.6587 0.0000
-305.8695 0.0000
-305.4368 0.0000
-305.8071 0.0000
-305.5204 0.0000
-306.4939 0.0000
-305.6352 0.0000
-305.9171 0.0000
-305.2213 0.0000
-305.7983 0.0000
-305.2663 0.0000
-306.0301 0.0000
-306.1085 0.0000
-304.9131 0.0000
-305.6469 0.0000
-306.5181 0.0000
-306.1532 0.0000
-306.0840 0.0000
-305.8085 0.0000
-305.1624 0.0000
-306.4016 0.0000
-306.2379 0.0000
-304.9694 0.0000
-305.7753 0.0000
-306.0295 0.0000
-306.5353 0.0000
-305.4895 0.0000
-305.3188 0.0000
-305.3051 0.0000
-304.7496 0.0000
-305.9717 0.0000
-305.6477 0.0000
-305.4296 0.0000
-306.0142 0.0000
-304.7684 0.0000
-305.7182 0.0000
-305.2858 0.0000
-306.1455 0.0000
-305.2868 0.0000
-305.1725 0.0000
-306.3038 0.0000
-305.1502 0.0000
-305.4882 0.0000
-305.0706 0.0000
-306.6247 0.0000
-305.3647 0.0000
-306.0444 0.0000
-306.4562 0.0000
-305.5715 0.0000
-305.4494 0.0000
-305.5319 0.0000
-306.1749 0.0000
-305.5714 0.0000
-306.4414 0.0000
-305.5245 0.0000
-305.4546 0.0000
-306.9738 0.0000
-305.6533 0.0000
-305.5001 0.0000
-305.7874 0.0000
-305.3612 0.0000
-305.8102 0.0000
-305.5487 0.0000
-306.5136 0.0000
-305.6723 0.0000
-305.7254 0.0000
-305.4476 0.0000
-305.7195 0.0000
-304.9331 0.0000
-305.0089 0.0000
-306.2674 0.0000
-305.2426 0.0000
-305.1302 0.0000
-305.5893 0.0000
-305.3853 0.0000
-305.0417 0.0000
-304.8858 0.0000
-305.9494 0.0000
-306.1974 0.0000
-305.4858 0.0000
-306.1279 0.0000
-305.6076 0.0000
-305.7428 0.0000
-305.8960 0.0000
-305.7189 0.0000
-306.1795 0.0000
-305.3348 0.0000
-305.0507 0.0000
-305.3242 0.0000
-305.8431 0.0000
-305.0295 0.0000
-305.4783 0.0000
-306.3490 0.0000
-306.1636 0.0000
-305.5724 0.0000
-305.5184 0.0000
-305.4599 0.0000
-304.4856 0.0000
-306.3566 0.0000
-305.7430 0.0000
-305.5826 0.0000
-305.7544 0.0000
-305.3654 0.0000
-305.1743 0.0000
-306.4956 0.0000
-305.8207 0.0000
-305.9883 0.0000
-305.8685 0.0000
-305.0941 0.0000
-305.6350 0.0000
-305.0293 0.0000
-305.0627 0.0000
-305.4159 0.0000
-306.0674 0.0000
-304.9130 0.0000
-305.3922 0.0000
-306.0575 0.0000
-305.7130 0.0000
-305.2073 0.0000
-306.2107 0.0000
-305.8526 0.0000
-306.2624 0.0000
-305.7455 0.0000
-305.1973 0.0000
-305.3271 0.0000
-306.0553 0.0000
-306.3306 0.0000
-305.3134 0.0000
-305.6932 0.0000
-305.9798 0.0000
-306.7015 0.0000
-306.5780 0.0000
-306.1822 0.0000
-306.1429 0.0000
-305.8711 0.0000
-305.2604 0.0000
-304.9190 0.0000
-304.7889 0.0000
-304.7988 0.0000
-305.8420 0.0000
-305.2059 0.0000
-306.3248 0.0000
-305.6145 0.0000
-306.0452 0.0000
-306.4144 0.0000
-305.6297 0.0000
-305.7914 0.0000
-306.0499 0.0000
-305.4118 0.0000
-305.3918 0.0000
-305.9710 0.0000
-307.1990 0.0000
-305.6377 0.0000
-305.4784 0.0000
-305.0181 0.0000
-305.8097 0.0000
-304.6999 0.0000
-305.8197 0.0000
-304.3293 0.0000
-305.4379 0.0000
-305.1667 0.0000
-305.6992 0.0000
-305.4611 0.0000
-306.0599 0.0000
-306.7936 0.0000
-306.1653 0.0000
-305.1396 0.0000
-305.9238 0.0000
-306.1310 0.0000
-305.1529 0.0000
-305.8692 0.0000
-305.5495 0.0000
-305.6593 0.0000
-305.1938 0.0000
-306.3286 0.0000
-305.5766 0.0000
-304.6542 0.0000
-305.1973 0.0000
-305.3482 0.0000
-306.3301 0.0000
-306.0515 0.0000
-305.3454 0.0000
-306.3381 0.0000
-305.9737 0.0000
-305.9868 0.0000
-305.7354 0.0000
-306.0203 0.0000
-305.7231 0.0000
-305.9632 0.0000
-305.9286 0.0000
-305.8230 0.0000
-305.9643 0.0000
-305.9545 0.0000
-305.3549 0.0000
-305.2956 0.0000
-305.5226 0.0000
-305.6032 0.0000
-305.2998 0.0000
-306.6702 0.0000
-305.2395 0.0000
-306.2670 0.0000
-305.7641 0.0000
-306.9413 0.0000
-306.2651 0.0000
-306.0484 0.0000
-305.6756 0.0000
-305.4014 0.0000
-305.0648 0.0000
-305.8930 0.0000
-305.9012 0.0000
-305.2494 0.0000
-305.9172 0.0000
-304.6232 0.0000
-305.7284 0.0000
-304.7995 0.0000
-306.1055 0.0000
-305.4624 0.0000
-306.1725 0.0000
-304.6464 0.0000
-305.5339 0.0000
-305.6950 0.0000
-305.2966 0.0000
-306.3962 0.0000
-304.8806 0.0000
-305.1286 0.0000
-306.3280 0.0000
-305.1275 0.0000
-306.2661 0.0000
-305.5181 0.0000
-305.5740 0.0000
-305.6888 0.0000
-306.2039 0.0000
-305.8004 0.0000
-305.5445 0.0000
-305.8601 0.0000
-305.2882 0.0000
-305.3924 0.0000
-304.8439 0.0000
-305.2955 0.0000
-304.9006 0.0000
-305.2584 0.0000
-305.0752 0.0000
-306.3863 0.0000
-305.7236 0.0000
-305.6672 0.0000
-304.4925 0.0000
-305.3052 0.0000
-306.0042 0.0000
-305.6242 0.0000
-305.8102 0.0000
-305.7626 0.0000
-305.7262 0.0000
-305.3779 0.0000
-306.2297 0.0000
-306.4114 0.0000
-305.0890 0.0000
-305.7052 0.0000
-305.8132 0.0000
-305.3217 0.0000
-305.7536 0.0000
-306.1462 0.0000
-305.8946 0.0000
-306.1633 0.0000
-305.4967 0.0000
-304.7124 0.0000
-305.8808 0.0000
-304.8420 0.0000
-306.0606 0.0000
-305.6809 0.0000
-305.9982 0.0000
-305.3813 0.0000
-304.9050 0.0000
-305.1919 0.0000
-305.6883 0.0000
-305.9004 0.0000
-306.5958 0.0000
-304.8522 0.0000
-306.1264 0.0000
-305.5218 0.0000
-305.6748 0.0000
-305.3540 0.0000
-305.4428 0.0000
-305.4229 0.0000
-305.8239 0.0000
-305.8390 0.0000
-305.5722 0.0000
-306.1321 0.0000
-305.3788 0.0000
-305.9329 0.0000
-305.1879 0.0000
-305.5891 0.0000
-305.5980 0.0000
-304.9748 0.0000
-305.4108 0.0000
-305.5661 0.0000
-305.2810 0.0000
-305.3916 0.0000
-305.1918 0.0000
-306.1546 0.0000
-305.2432 0.0000
-305.8915 0.0000
-306.4688 0.0000
-305.4160 0.0000
-305.6999 0.0000
-305.5165 0.0000
-305.8871 0.0000
-305.2187 0.0000
-305.6421 0.0000
-306.3637 0.0000
-306.3462 0.0000
-305.7437 0.0000
-305.7758 0.0000
-305.3786 0.0000
-305.3918 0.0000
-305.5466 0.0000
-305.0788 0.0000
-305.9449 0.0000
-305.7082 0.0000
-305.1730 0.0000
-306.0627 0.0000
-305.6363 0.0000
-305.5827 0.0000
-305.5601 0.0000
-305.6471 0.0000
-306.5213 0.0000
-305.0603 0.0000
-306.2409 0.0000
-305.7984 0.0000
-305.6185 0.0000
-305.5659 0.0000
-305.1576 0.0000
-305.4343 0.0000
-305.4862 0.0000
-305.1214 0.0000
-305.9843 0.0000
-305.8467 0.0000
-305.2075 0.0000
-305.5628 0.0000
-305.7018 0.0000
-306.1531 0.0000
-306.0370 0.0000
-306.6350 0.0000
-304.8052 0.0000
-305.4085 0.0000
-306.3044 0.0000
-305.5659 0.0000
-306.0046 0.0000
-305.5081 0.0000
-305.7503 0.0000
-305.7674 0.0000
-305.3779 0.0000
-304.9031 0.0000
-306.7478 0.0000
-305.0578 0.0000
-304.2684 0.0000
-306.1010 0.0000
-305.6429 0.0000
-305.6752 0.0000
-305.3843 0.0000
-305.7331 0.0000
-305.6854 0.0000
-305.9627 0.0000
-305.9299 0.0000
-305.3170 0.0000
-305.4084 0.0000
-305.7994 0.0000
-304.9869 0.0000
-305.2928 0.0000
-305.5699 0.0000
-305.8316 0.0000
-305.8398 0.0000
-305.7888 0.0000
-306.4161 0.0000
-306.5506 0.0000
-305.9892 0.0000
-306.0292 0.0000
-305.9585 0.0000
-306.0904 0.0000
-305.9755 0.0000
-306.4097 0.0000
-306.1277 0.0000
-305.6695 0.0000
-305.5701 0.0000
-305.8066 0.0000
-306.1391 0.0000
-305.7934 0.0000
-305.4385 0.0000
-304.8965 0.0000
-305.3600 0.0000
-305.5014 0.0000
-306.2522 0.0000
-305.6308 0.0000
-305.6571 0.0000
-305.7438 0.0000
-305.7297 0.0000
-306.2284 0.0000
-305.8000 0.0000
-306.4202 0.0000
-305.4543 0.0000
-305.8183 0.0000
-305.4240 0.0000
-305.3109 0.0000
-306.0950 0.0000
-305.4612 0.0000
-306.1572 0.0000
-306.2267 0.0000
-304.9626 0.0000
-305.9271 0.0000
-305.9391 0.0000
-305.2621 0.0000
-306.0066 0.0000
-304.8684 0.0000
-305.4394 0.0000
-305.4446 0.0000
-305.8608 0.0000
-305.4308 0.0000
-304.8716 0.0000
-306.2607 0.0000
-306.2114 0.0000
-304.5416 0.0000
-305.3745 0.0000
-305.4209 0.0000
-305.6608 0.0000
-305.5504 0.0000
-306.0302 0.0000
-305.4685 0.0000
-305.2566 0.0000
-305.7403 0.0000
-305.5742 0.0000
-304.8034 0.0000
-305.6888 0.0000
-306.1004 0.0000
-305.7123 0.0000
-305.0665 0.0000
-306.3604 0.0000
-305.9479 0.0000
-305.4682 0.0000
-305.3416 0.0000
-305.0643 0.0000
-305.8819 0.0000
-305.0360 0.0000
-305.6811 0.0000
-305.3616 0.0000
-305.1686 0.0000
-304.3141 0.0000
-305.5531 0.0000
-305.9202 0.0000
-305.9062 0.0000
-305.6377 0.0000
-305.0179 0.0000
-305.0427 0.0000
-306.2398 0.0000
-304.3864 0.0000
-305.4114 0.0000
-305.2664 0.0000
-305.9482 0.0000
-305.2053 0.0000
-306.1051 0.0000
-305.3010 0.0000
-305.8701 0.0000
-305.7020 0.0000
-305.2276 0.0000
-305.1797 0.0000
-305.1631 0.0000
-305.6280 0.0000
-305.7966 0.0000
-306.5258 0.0000
-305.4784 0.0000
-305.7098 0.0000
-306.1197 0.0000
-306.3208 0.0000
-305.5309 0.0000
-306.0704 0.0000
-305.9225 0.0000
-306.0371 0.0000
-306.0977 0.0000
-306.4639 0.0000
-304.9788 0.0000
-305.2036 0.0000
-305.3700 0.0000
-305.3251 0.0000
-306.3019 0.0000
-305.7230 0.0000
-305.4278 0.0000
-306.0817 0.0000
-305.4214 0.0000
-306.7033 0.0000
-306.5605 0.0000
-306.1915 0.0000
-306.5755 0.0000
-306.1960 0.0000
-305.1864 0.0000
-305.1445 0.0000
-305.7312 0.0000
-305.6723 0.0000
-306.2169 0.0000
-305.6636 0.0000
-305.7605 0.0000
-305.2782 0.0000
-305.6880 0.0000
-306.2533 0.0000
-305.7529 0.0000
-305.8406 0.0000
-305.4732 0.0000
-305.9784 0.0000
-305.2340 0.0000
-305.5166 0.0000
-305.1897 0.0000
-305.2561 0.0000
-305.8120 0.0000
-304.9162 0.0000
-306.2687 0.0000
-306.0611 0.0000
-304.4897 0.0000
-305.5463 0.0000
-304.7560 0.0000
-306.0941 0.0000
-305.4814 0.0000
-305.0034 0.0000
-304.6934 0.0000
-305.7428 0.0000
-305.1050 0.0000
-306.2496 0.0000
-306.0715 0.0000
-305.8383 0.0000
-305.1687 0.0000
-305.1027 0.0000
-305.8417 0.0000
-305.7129 0.0000
-304.9181 0.0000
-306.2876 0.0000
-305.3490 0.0000
-304.9805 0.0000
-306.2118 0.0000
-305.5979 0.0000
-306.7767 0.0000
-305.2774 0.0000
-305.9227 0.0000
-305.8694 0.0000
-305.9186 0.0000
-306.0818 0.0000
-305.6406 0.0000
-305.7064 0.0000
-305.9090 0.0000
-306.4928 0.0000
-305.6711 0.0000
-305.8117 0.0000
-305.3667 0.0000
-305.3812 0.0000
-305.9305 0.0000
-306.2586 0.0000
-305.4174 0.0000
-305.8222 0.0000
-305.4522 0.0000
-306.0390 0.0000
-305.8994 0.0000
-305.2455 0.0000
-305.2983 0.0000
-305.1709 0.0000
-305.9875 0.0000
-306.1089 0.0000
-305.5626 0.0000
-305.3178 0.0000
-305.5949 0.0000
-306.0089 0.0000
-306.8739 0.0000
-305.2740 0.0000
-305.8843 0.0000
-304.9092 0.0000
-305.9545 0.0000
-305.8388 0.0000
-306.3880 0.0000
-306.8299 0.0000
-306.0878 0.0000
-305.4480 0.0000
-305.5967 0.0000
-305.7417 0.0000
-306.3451 0.0000
-305.6985 0.0000
-305.6269 0.0000
-304.9208 0.0000
-305.3518 0.0000
-305.4776 0.0000
-305.4398 0.0000
-305.3204 0.0000
-305.3112 0.0000
-305.5611 0.0000
-305.5269 0.0000
-305.3262 0.0000
-305.7880 0.0000
-306.0247 0.0000
-305.6051 0.0000
-305.0563 0.0000
-306.3058 0.0000
-305.7501 0.0000
-305.5766 0.0000
-306.2829 0.0000
-305.3254 0.0000
-305.3955 0.0000
-305.4890 0.0000
-305.6578 0.0000
-305.9892 0.0000
-305.2455 0.0000
-306.1838 0.0000
-305.9844 0.0000
-307.0193 0.0000
-306.0020 0.0000
-304.8972 0.0000
-305.7230 0.0000
-306.0247 0.0000
-304.8683 0.0000
-305.3269 0.0000
-306.1908 0.0000
-305.3665 0.0000
-306.0003 0.0000
-306.3000 0.0000
-305.8116 0.0000
-305.7922 0.0000
-305.1320 0.0000
-305.8525 0.0000
-305.0352 0.0000
-305.1303 0.0000
-305.7647 0.0000
-305.4851 0.0000
-304.7647 0.0000
-305.7560 0.0000
-305.2245 0.0000
-305.7486 0.0000
-306.0007 0.0000
-305.7211 0.0000
-305.1947 0.0000
-305.8263 0.0000
-305.9261 0.0000
-306.1099 0.0000
-305.0229 0.0000
-306.4504 0.0000
-305.8919 0.0000
-305.5592 0.0000
-305.3177 0.0000
-306.1941 0.0000
-306.0744 0.0000
-305.6543 0.0000
-304.8973 0.0000
-305.7227 0.0000
-305.8837 0.0000
-306.8569 0.0000
-305.1409 0.0000
-306.1305 0.0000
-305.9364 0.0000
-306.3239 0.0000
-306.0366 0.0000
-305.4227 0.0000
-305.8425 0.0000
-306.5540 0.0000
-305.2586 0.0000
-305.8763 0.0000
-305.7289 0.0000
-305.6703 0.0000
-306.4778 0.0000
-306.2571 0.0000
-306.1375 0.0000
-305.9347 0.0000
-305.0670 0.0000
-304.8730 0.0000
-304.9513 0.0000
-305.5064 0.0000
-305.3621 0.0000
-305.7669 0.0000
-306.0159 0.0000
-305.1694 0.0000
-305.4875 0.0000
-305.6557 0.0000
-306.1317 0.0000
-305.2035 0.0000
-305.3383 0.0000
-305.7573 0.0000
-305.5878 0.0000
-305.8624 0.0000
-305.6073 0.0000
-305.6716 0.0000
-305.6931 0.0000
-305.2248 0.0000
-305.9695 0.0000
-306.0105 0.0000
-305.6995 0.0000
-305.2615 0.0000
-305.4873 0.0000
-306.1780 0.0000
-305.5708 0.0000
-304.5974 0.0000
-306.2330 0.0000
-305.7484 0.0000
-306.5565 0.0000
-306.3943 0.0000
-305.4465 0.0000
-305.4020 0.0000
-305.7448 0.0000
-305.5949 0.0000
-305.9507 0.0000
-305.5309 0.0000
-305.7176 0.0000
-304.6265 0.0000
-305.1699 0.0000
-304.8240 0.0000
-305.7568 0.0000
-306.1115 0.0000
-305.3029 0.0000
-305.4270 0.0000
-305.9424 0.0000
-306.3150 0.0000
-305.6196 0.0000
-304.9445 0.0000
-305.7841 0.0000
-306.2075 0.0000
-305.8478 0.0000
-305.6269 0.0000
-305.1936 0.0000
-306.1012 0.0000
-305.1792 0.0000
-305.8734 0.0000
-305.8095 0.0000
-306.5173 0.0000
-305.5357 0.0000
-305.6707 0.0000
-306.0466 0.0000
-305.7203 0.0000
-305.2607 0.0000
-305.4466 0.0000
-305.6822 0.0000
-304.6271 0.0000
-304.9738 0.0000
-305.7868 0.0000
-305.8985 0.0000
-305.6658 0.0000
-305.1730 0.0000
-304.6838 0.0000
-305.6712 0.0000
-305.8584 0.0000
-305.6348 0.0000
-305.6442 0.0000
-306.9316 0.0000
-305.7958 0.0000
-305.7377 0.0000
-305.6771 0.0000
-304.9771 0.0000
-304.8382 0.0000
-306.0499 0.0000
-305.7633 0.0000
-306.6011 0.0000
-305.7942 0.0000
-305.7835 0.0000
-304.7794 0.0000
-304.9793 0.0000
-306.0695 0.0000
-305.9780 0.0000
-306.4679 0.0000
-305.8538 0.0000
-305.8274 0.0000
-305.8145 0.0000
-305.4806 0.0000
-304.9274 0.0000
-305.2786 0.0000
-306.0380 0.0000
-305.0670 0.0000
-305.8154 0.0000
-305.0933 0.0000
-305.8282 0.0000
-306.0297 0.0000
-305.8576 0.0000
-304.8998 0.0000
-305.6783 0.0000
-305.1312 0.0000
-305.8967 0.0000
-305.6212 0.0000
-306.3583 0.0000
-305.9644 0.0000
-306.0185 0.0000
-305.2423 0.0000
-306.1856 0.0000
-305.3266 0.0000
-305.2661 0.0000
-305.7397 0.0000
-305.7779 0.0000
-305.4476 0.0000
-305.9321 0.0000
-306.0779 0.0000
-305.4691 0.0000
-305.2151 0.0000
-306.2452 0.0000
-305.9128 0.0000
-306.1938 0.0000
-305.8001 0.0000
-305.9554 0.0000
-306.0039 0.0000
-305.2224 0.0000
-305.1158 0.0000
-305.4586 0.0000
-304.9912 0.0000
-305.6809 0.0000
-305.2691 0.0000
-305.1713 0.0000
-305.2903 0.0000
-305.6116 0.0000
-306.1623 0.0000
-306.2741 0.0000
-305.3906 0.0000
-305.7657 0.0000
-306.1608 0.0000
-306.2594 0.0000
-305.4266 0.0000
-305.6884 0.0000
-305.7797 0.0000
-305.2370 0.0000
-305.3461 0.0000
-304.9272 0.0000
-304.9487 0.0000
-306.0500 0.0000
-305.3071 0.0000
-305.6663 0.0000
-305.0259 0.0000
-306.5273 0.0000
-305.6142 0.0000
-305.0498 0.0000
-305.2941 0.0000
-305.8068 0.0000
-306.1749 0.0000
-306.0705 0.0000
-305.0342 0.0000
-306.0890 0.0000
-306.1343 0.0000
-306.3276 0.0000
-305.1123 0.0000
-305.9699 0.0000
-305.9496 0.0000
-305.6193 0.0000
-306.1414 0.0000
-305.4439 0.0000
-305.5641 0.0000
-305.8430 0.0000
-305.2943 0.0000
-306.7217 0.0000
-306.0812 0.0000
-306.2009 0.0000
-305.3371 0.0000
-305.3707 0.0000
-305.9560 0.0000
-305.6902 0.0000
-306.5683 0.0000
-305.7052 0.0000
-306.3161 0.0000
-306.0824 0.0000
-304.7704 0.0000
-304.7588 0.0000
-305.8399 0.0000
-306.4517 0.0000
-306.5192 0.0000
-305.2589 0.0000
-305.8584 0.0000
-305.4369 0.0000
-305.0261 0.0000
-304.9213 0.0000
-305.9455 0.0000
-306.5065 0.0000
-305.5744 0.0000
-305.4578 0.0000
-306.1182 0.0000
-306.1410 0.0000
-305.2909 0.0000
-305.0087 0.0000
-306.6339 0.0000
-305.7465 0.0000
-305.4900 0.0000
-305.4595 0.0000
-306.2387 0.0000
-305.5490 0.0000
-305.3966 0.0000
-306.3473 0.0000
-305.7583 0.0000
-305.2121 0.0000
-305.7693 0.0000
-305.9573 0.0000
-306.3062 0.0000
-306.4756 0.0000
-305.9046 0.0000
-305.6353 0.0000
-305.8103 0.0000
-305.5402 0.0000
-306.1063 0.0000
-306.4136 0.0000
-305.9796 0.0000
-306.0491 0.0000
-305.8255 0.0000
-305.1554 0.0000
-305.3514 0.0000
-305.6113 0.0000
-305.4325 0.0000
-306.0771 0.0000
-305.5464 0.0000
-305.5871 0.0000
-305.9825 0.0000
-305.2549 0.0000
-306.6042 0.0000
-305.9594 0.0000
-305.9624 0.0000
-305.7480 0.0000
-305.9120 0.0000
-305.9758 0.0000
-305.6536 0.0000
-306.3524 0.0000
-305.7743 0.0000
-306.0656 0.0000
-304.7762 0.0000
-305.4736 0.0000
-305.4708 0.0000
-305.4490 0.0000
-305.7643 0.0000
-305.7856 0.0000
-305.8579 0.0000
-305.6488 0.0000
-305.8063 0.0000
-305.3522 0.0000
-306.1043 0.0000
-305.8694 0.0000
-305.1144 0.0000
-305.9326 0.0000
-306.0971 0.0000
-304.8711 0.0000
-305.8853 0.0000
-305.6780 0.0000
-305.2979 0.0000
-305.3382 0.0000
-305.7336 0.0000
-306.5158 0.0000
-305.8324 0.0000
-305.8034 0.0000
-305.1031 0.0000
-305.2497 0.0000
-305.4427 0.0000
-306.3137 0.0000
-306.0253 0.0000
-305.0593 0.0000
-305.1763 0.0000
-305.8779 0.0000
-305.5979 0.0000
-305.6612 0.0000
-305.8866 0.0000
-306.0929 0.0000
-306.0708 0.0000
-306.1290 0.0000
-305.8367 0.0000
-305.2981 0.0000
-305.6852 0.0000
-305.5333 0.0000
-305.7302 0.0000
-305.1864 0.0000
-306.1764 0.0000
-305.5115 0.0000
-306.7915 0.0000
-305.4370 0.0000
-304.5411 0.0000
-305.6443 0.0000
-305.7122 0.0000
-305.2109 0.0000
-305.4883 0.0000
-305.5559 0.0000
-304.8330 0.0000
-305.6767 0.0000
-305.6964 0.0000
-304.8302 0.0000
-305.3627 0.0000
-305.6159 0.0000
-305.0268 0.0000
-305.2867 0.0000
-306.3290 0.0000
-305.1298 0.0000
-305.8667 0.0000
-305.5419 0.0000
-305.5568 0.0000
-306.2006 0.0000
-305.5889 0.0000
-305.2683 0.0000
-305.9974 0.0000
-304.9296 0.0000
-306.4497 0.0000
-305.4208 0.0000
-305.7711 0.0000
-305.4134 0.0000
-306.2609 0.0000
-305.9335 0.0000
-306.5927 0.0000
-305.6780 0.0000
-305.5322 0.0000
-305.8492 0.0000
-305.3174 0.0000
-305.8184 0.0000
-305.6854 0.0000
-305.0158 0.0000
-305.8199 0.0000
-305.4846 0.0000
-307.0152 0.0000
-305.9784 0.0000
-305.1589 0.0000
-304.6221 0.0000
-305.0359 0.0000
-305.3672 0.0000
-306.2475 0.0000
-306.0188 0.0000
-304.4808 0.0000
-305.9857 0.0000
-306.3285 0.0000
-306.1139 0.0000
-305.7863 0.0000
-305.2075 0.0000
-305.3506 0.0000
-305.9375 0.0000
-305.3565 0.0000
-305.6873 0.0000
-304.9066 0.0000
-305.5398 0.0000
-306.1579 0.0000
-305.7068 0.0000
-305.5633 0.0000
-305.5030 0.0000
-305.2338 0.0000
-304.9493 0.0000
-305.7332 0.0000
-306.2617 0.0000
-306.0573 0.0000
-305.8344 0.0000
-305.5033 0.0000
-305.1917 0.0000
-305.9722 0.0000
-305.6985 0.0000
-305.0008 0.0000
-305.9085 0.0000
-305.4573 0.0000
-306.1710 0.0000
-304.4654 0.0000
-305.6121 0.0000
-305.7753 0.0000
-306.1646 0.0000
-306.7819 0.0000
-306.0795 0.0000
-306.2992 0.0000
-305.4853 0.0000
-305.9153 0.0000
-306.4994 0.0000
-306.4875 0.0000
-305.6710 0.0000
-305.4884 0.0000
-305.6711 0.0000
-305.1440 0.0000
-305.6454 0.0000
-304.8194 0.0000
-305.2317 0.0000
-305.7899 0.0000
-305.8378 0.0000
-305.5915 0.0000
-305.7040 0.0000
-306.2830 0.0000
-306.4564 0.0000
-305.2275 0.0000
-305.5716 0.0000
-305.9408 0.0000
-305.4948 0.0000
-305.1792 0.0000
-305.3286 0.0000
-305.6391 0.0000
-306.4589 0.0000
-305.7634 0.0000
-306.4412 0.0000
-306.6632 0.0000
-304.5979 0.0000
-305.5593 0.0000
-305.8595 0.0000
-306.8175 0.0000
-305.4567 0.0000
-305.8259 0.0000
-305.9743 0.0000
-305.5695 0.0000
-306.4068 0.0000
-306.4099 0.0000
-306.2578 0.0000
-306.0383 0.0000
-305.2461 0.0000
-306.9687 0.0000
-304.4098 0.0000
-305.9121 0.0000
-305.6666 0.0000
-305.8106 0.0000
-305.4312 0.0000
-305.2801 0.0000
-305.6549 0.0000
-306.0839 0.0000
-304.8494 0.0000
-305.9503 0.0000
-305.4960 0.0000
-305.5697 0.0000
-305.8050 0.0000
-304.9630 0.0000
-305.6182 0.0000
-305.0097 0.0000
-305.0267 0.0000
-305.1616 0.0000
-305.5740 0.0000
-305.3176 0.0000
-305.6495 0.0000
-305.2496 0.0000
-306.1392 0.0000
-306.0687 0.0000
-306.2374 0.0000
-304.8052 0.0000
-305.2046 0.0000
-305.7845 0.0000
-306.2952 0.0000
-306.3626 0.0000
-305.5079 0.0000
-305.3472 0.0000
-305.5080 0.0000
-304.8868 0.0000
-305.4656 0.0000
-305.2835 0.0000
-305.4590 0.0000
-305.6895 0.0000
-305.6910 0.0000
-305.3117 0.0000
-305.9603 0.0000
-305.5398 0.0000
