-100.0000 -100.0000
-324.3049 0.0000
-323.0381 0.0000
-323.7081 0.0000
-324.7393 0.0000
-324.2510 0.0000
-325.3098 0.0000
-324.1522 0.0000
-323.8546 0.0000
-324.0962 0.0000
-324.4767 0.0000
-323.9010 0.0000
-324.9611 0.0000
-323.9910 0.0000
-324.5453 0.0000
-323.7622 0.0000
-323.7141 0.0000
-323.1723 0.0000
-322.5600 0.0000
-323.8736 0.0000
-323.0343 0.0000
-324.2588 0.0000
-324.2331 0.0000
-324.6215 0.0000
-324.1398 0.0000
-325.0157 0.0000
-323.9328 0.0000
-323.7127 0.0000
-325.7072 0.0000
-325.7936 0.0000
-326.6746 0.0000
-326.9896 0.0000
-326.7844 0.0000
-324.5589 0.0000
-325.1264 0.0000
-324.9116 0.0000
-324.7104 0.0000
-325.7041 0.0000
-327.2474 0.0000
-325.5295 0.0000
-324.1070 0.0000
-322.7179 0.0000
-323.8806 0.0000
-323.0643 0.0000
-323.1140 0.0000
-324.8988 0.0000
-325.4686 0.0000
-326.3737 0.0000
-326.5616 0.0000
-325.2724 0.0000
-325.0534 0.0000
-325.1659 0.0000
-324.2358 0.0000
-323.0640 0.0000
-323.1857 0.0000
-323.3741 0.0000
-323.6937 0.0000
-322.8930 0.0000
-323.1563 0.0000
-323.2042 0.0000
-324.2347 0.0000
-323.3217 0.0000
-322.4583 0.0000
-323.2684 0.0000
-323.0043 0.0000
-323.1438 0.0000
-323.5214 0.0000
-323.7151 0.0000
-324.7407 0.0000
-324.3792 0.0000
-325.8637 0.0000
-323.3334 0.0000
-323.6552 0.0000
-324.2747 0.0000
-323.4401 0.0000
-322.7958 0.0000
-323.9108 0.0000
-323.2950 0.0000
-324.2671 0.0000
-323.8629 0.0000
-323.4720 0.0000
-323.1538 0.0000
-323.4283 0.0000
-323.6356 0.0000
-322.2220 0.0000
-322.1042 0.0000
-322.2494 0.0000
-321.8757 0.0000
-321.9562 0.0000
-321.2123 0.0000
-321.0000 0.0000
-321.8712 0.0000
-322.0554 0.0000
-322.8753 0.0000
-321.5194 0.0000
-321.4963 0.0000
-321.0534 0.0000
-321.1398 0.0000
-320.8290 0.0000
-320.4708 0.0000
-321.1607 0.0000
-321.7516 0.0000
-321.7436 0.0000
-321.6424 0.0000
-321.7545 0.0000
-320.5322 0.0000
-320.8463 0.0000
-320.4149 0.0000
-319.3613 0.0000
-320.5402 0.0000
-320.3045 0.0000
-319.9083 0.0000
-320.0606 0.0000
-320.3195 0.0000
-319.6565 0.0000
-320.5854 0.0000
-319.5097 0.0000
-320.3025 0.0000
-320.0779 0.0000
-321.0047 0.0000
-319.9192 0.0000
-319.8401 0.0000
-318.9324 0.0000
-319.4578 0.0000
-318.9019 0.0000
-319.1011 0.0000
-318.8847 0.0000
-319.0745 0.0000
-319.4354 0.0000
-319.7317 0.0000
-319.7486 0.0000
-319.4356 0.0000
-320.0870 0.0000
-320.5941 0.0000
-321.0979 0.0000
-321.2013 0.0000
-320.6502 0.0000
-320.0016 0.0000
-319.8843 0.0000
-318.8661 0.0000
-319.6242 0.0000
-319.6041 0.0000
-321.0462 0.0000
-319.6958 0.0000
-319.8326 0.0000
-319.7417 0.0000
-320.7654 0.0000
-319.4457 0.0000
-319.8349 0.0000
-319.4722 0.0000
-318.8949 0.0000
-318.3028 0.0000
-318.0949 0.0000
-319.1528 0.0000
-318.0113 0.0000
-318.5064 0.0000
-318.0184 0.0000
-318.8080 0.0000
-318.6395 0.0000
-318.8804 0.0000
-318.9883 0.0000
-318.6777 0.0000
-318.8830 0.0000
-318.9078 0.0000
-317.7179 0.0000
-316.9182 0.0000
-315.9640 0.0000
-315.5228 0.0000
-315.8014 0.0000
-315.1830 0.0000
-314.2721 0.0000
-315.0671 0.0000
-314.9055 0.0000
-314.2883 0.0000
-314.7453 0.0000
-315.8278 0.0000
-315.8342 0.0000
-315.4393 0.0000
-315.1849 0.0000
-314.0250 0.0000
-313.7759 0.0000
-313.7007 0.0000
-313.5949 0.0000
-314.2870 0.0000
-313.6237 0.0000
-314.4877 0.0000
-314.0411 0.0000
-314.6056 0.0000
-314.4914 0.0000
-315.1676 0.0000
-315.4604 0.0000
-314.4166 0.0000
-313.3349 0.0000
-313.7828 0.0000
-314.2815 0.0000
-314.3959 0.0000
-314.4686 0.0000
-315.5482 0.0000
-314.8869 0.0000
-314.5774 0.0000
-314.8311 0.0000
-315.0730 0.0000
-315.1390 0.0000
-313.8734 0.0000
-313.1710 0.0000
-313.9126 0.0000
-313.9507 0.0000
-314.5980 0.0000
-314.1167 0.0000
-313.4880 0.0000
-312.5845 0.0000
-313.5700 0.0000
-314.6123 0.0000
-315.5789 0.0000
-314.8248 0.0000
-315.0628 0.0000
-315.0635 0.0000
-315.8771 0.0000
-315.3459 0.0000
-315.4407 0.0000
-315.1485 0.0000
-315.0480 0.0000
-314.4049 0.0000
-313.7787 0.0000
-313.8739 0.0000
-314.1967 0.0000
-314.1068 0.0000
-313.8902 0.0000
-314.4133 0.0000
-315.0968 0.0000
-314.3018 0.0000
-313.4903 0.0000
-312.8518 0.0000
-312.2690 0.0000
-312.4482 0.0000
-312.7838 0.0000
-312.9652 0.0000
-313.0382 0.0000
-313.1031 0.0000
-313.2821 0.0000
-312.2494 0.0000
-312.7015 0.0000
-312.2460 0.0000
-311.7636 0.0000
-311.9840 0.0000
-311.9589 0.0000
-310.7519 0.0000
-310.9312 0.0000
-310.9924 0.0000
-310.1610 0.0000
-310.7128 0.0000
-310.2557 0.0000
-311.3893 0.0000
-310.7827 0.0000
-310.5505 0.0000
-310.8244 0.0000
-310.5545 0.0000
-310.9793 0.0000
-311.8475 0.0000
-311.5785 0.0000
-312.0904 0.0000
-312.0368 0.0000
-312.9748 0.0000
-311.9616 0.0000
-311.7201 0.0000
-311.9952 0.0000
-312.5753 0.0000
-312.9484 0.0000
-312.9892 0.0000
-313.1832 0.0000
-314.2933 0.0000
-315.1592 0.0000
-314.7817 0.0000
-315.2161 0.0000
-316.4061 0.0000
-314.8764 0.0000
-315.4157 0.0000
-314.4867 0.0000
-314.5711 0.0000
-315.2825 0.0000
-313.8313 0.0000
-313.0325 0.0000
-312.9655 0.0000
-312.5249 0.0000
-312.5701 0.0000
-312.8414 0.0000
-312.9840 0.0000
-312.7595 0.0000
-311.7853 0.0000
-311.7275 0.0000
-311.8426 0.0000
-312.2291 0.0000
-312.4123 0.0000
-311.9995 0.0000
-311.0325 0.0000
-311.1007 0.0000
-311.4490 0.0000
-310.2573 0.0000
-310.2409 0.0000
-311.3856 0.0000
-311.8624 0.0000
-312.2482 0.0000
-311.7386 0.0000
-310.7667 0.0000
-309.5363 0.0000
-309.1504 0.0000
-309.1687 0.0000
-309.2309 0.0000
-309.2872 0.0000
-309.8193 0.0000
-309.3879 0.0000
-309.2980 0.0000
-308.3703 0.0000
-308.1667 0.0000
-308.4503 0.0000
-308.0803 0.0000
-308.0008 0.0000
-307.8842 0.0000
-308.5805 0.0000
-308.4542 0.0000
-308.1828 0.0000
-308.6482 0.0000
-307.4940 0.0000
-308.4006 0.0000
-308.0483 0.0000
-308.2104 0.0000
-308.2301 0.0000
-308.6705 0.0000
-308.4854 0.0000
-309.5641 0.0000
-306.8330 0.0000
-307.1122 0.0000
-307.4860 0.0000
-308.5156 0.0000
-306.9729 0.0000
-307.3521 0.0000
-306.8860 0.0000
-306.8481 0.0000
-307.4574 0.0000
-306.1956 0.0000
-307.0720 0.0000
-307.8629 0.0000
-308.6092 0.0000
-308.3673 0.0000
-308.6341 0.0000
-307.9272 0.0000
-307.9403 0.0000
-307.8342 0.0000
-307.4649 0.0000
-307.5029 0.0000
-306.8961 0.0000
-307.1371 0.0000
-306.3107 0.0000
-306.6833 0.0000
-306.2562 0.0000
-307.9081 0.0000
-307.8437 0.0000
-307.2802 0.0000
-308.2140 0.0000
-308.2466 0.0000
-307.6533 0.0000
-308.5986 0.0000
-308.9986 0.0000
-308.7995 0.0000
-308.1554 0.0000
-308.5822 0.0000
-308.3276 0.0000
-308.3836 0.0000
-308.3772 0.0000
-308.4950 0.0000
-308.1727 0.0000
-307.9433 0.0000
-308.5367 0.0000
-308.9657 0.0000
-309.2155 0.0000
-308.5970 0.0000
-308.9583 0.0000
-308.6187 0.0000
-308.1493 0.0000
-307.4992 0.0000
-307.0258 0.0000
-307.2317 0.0000
-307.7683 0.0000
-307.4857 0.0000
-308.5227 0.0000
-308.7046 0.0000
-308.0302 0.0000
-308.4277 0.0000
-308.6143 0.0000
-308.1296 0.0000
-309.3743 0.0000
-309.4562 0.0000
-309.0828 0.0000
-308.6589 0.0000
-308.9680 0.0000
-309.3289 0.0000
-309.6653 0.0000
-309.0540 0.0000
-310.1478 0.0000
-308.6768 0.0000
-307.3366 0.0000
-307.7271 0.0000
-307.4348 0.0000
-306.8603 0.0000
-306.7967 0.0000
-307.1745 0.0000
-306.8208 0.0000
-307.3935 0.0000
-307.5551 0.0000
-308.6953 0.0000
-308.5301 0.0000
-308.8747 0.0000
-309.9996 0.0000
-311.3222 0.0000
-312.7562 0.0000
-313.9628 0.0000
-314.0148 0.0000
-313.2883 0.0000
-313.3219 0.0000
-313.1378 0.0000
-313.2180 0.0000
-314.8383 0.0000
-315.0861 0.0000
-315.0334 0.0000
-314.6305 0.0000
-315.0306 0.0000
-314.9551 0.0000
-313.9456 0.0000
-314.5220 0.0000
-314.0303 0.0000
-314.3368 0.0000
-314.3620 0.0000
-314.2631 0.0000
-315.4524 0.0000
-315.8717 0.0000
-315.4794 0.0000
-315.4124 0.0000
-314.6415 0.0000
-314.8438 0.0000
-315.7728 0.0000
-315.5535 0.0000
-315.7906 0.0000
-316.1184 0.0000
-316.5429 0.0000
-316.3139 0.0000
-316.5993 0.0000
-315.8066 0.0000
-315.3580 0.0000
-315.4835 0.0000
-315.3534 0.0000
-315.9596 0.0000
-315.1380 0.0000
-315.7510 0.0000
-315.6791 0.0000
-315.5802 0.0000
-316.7677 0.0000
-317.7532 0.0000
-317.6171 0.0000
-317.4615 0.0000
-317.0369 0.0000
-317.2655 0.0000
-318.1902 0.0000
-318.0568 0.0000
-317.8000 0.0000
-317.8220 0.0000
-317.8490 0.0000
-318.3641 0.0000
-318.7293 0.0000
-318.8783 0.0000
-319.2277 0.0000
-319.7120 0.0000
-318.4951 0.0000
-318.5512 0.0000
-317.7122 0.0000
-317.9814 0.0000
-318.7752 0.0000
-319.1886 0.0000
-319.8292 0.0000
-319.6004 0.0000
-318.7716 0.0000
-320.1194 0.0000
-318.9846 0.0000
-318.9049 0.0000
-319.0874 0.0000
-320.4735 0.0000
-320.7151 0.0000
-321.0100 0.0000
-321.5892 0.0000
-321.9685 0.0000
-320.9665 0.0000
-321.3929 0.0000
-321.8724 0.0000
-322.2202 0.0000
-322.3854 0.0000
-323.0365 0.0000
-322.3096 0.0000
-321.7436 0.0000
-321.5780 0.0000
-321.8731 0.0000
-322.4361 0.0000
-322.5700 0.0000
-321.5684 0.0000
-321.0995 0.0000
-321.6843 0.0000
-321.2847 0.0000
-320.8710 0.0000
-320.9465 0.0000
-322.0092 0.0000
-320.8770 0.0000
-319.5555 0.0000
-318.6913 0.0000
-318.6827 0.0000
-317.4421 0.0000
-317.9124 0.0000
-318.9594 0.0000
-318.3161 0.0000
-318.3121 0.0000
-318.1907 0.0000
-318.8882 0.0000
-318.4603 0.0000
-317.7751 0.0000
-317.6811 0.0000
-316.8557 0.0000
-317.8436 0.0000
-316.8894 0.0000
-318.2957 0.0000
-318.2298 0.0000
-317.2742 0.0000
-317.2524 0.0000
-317.5878 0.0000
-317.8626 0.0000
-317.7827 0.0000
-319.0926 0.0000
-318.7997 0.0000
-318.4990 0.0000
-319.0961 0.0000
-318.6854 0.0000
-318.8375 0.0000
-318.9173 0.0000
-319.1064 0.0000
-319.1958 0.0000
-318.9504 0.0000
-319.8202 0.0000
-319.6834 0.0000
-320.3231 0.0000
-320.2107 0.0000
-320.5325 0.0000
-320.8398 0.0000
-321.3364 0.0000
-321.4153 0.0000
-321.3698 0.0000
-321.3456 0.0000
-321.2452 0.0000
-322.5056 0.0000
-323.2857 0.0000
-322.9217 0.0000
-322.0367 0.0000
-323.6013 0.0000
-324.3385 0.0000
-325.0214 0.0000
-325.0883 0.0000
-324.7285 0.0000
-325.7802 0.0000
-326.5801 0.0000
-325.9830 0.0000
-326.2593 0.0000
-326.9561 0.0000
-327.6879 0.0000
-327.8159 0.0000
-328.2852 0.0000
-328.8984 0.0000
-329.1630 0.0000
-330.3069 0.0000
-331.1205 0.0000
-331.0922 0.0000
-329.8470 0.0000
-330.5526 0.0000
-331.1836 0.0000
-330.5677 0.0000
-329.8784 0.0000
-329.0693 0.0000
-329.0399 0.0000
-328.9342 0.0000
-327.8484 0.0000
-327.7971 0.0000
-327.6715 0.0000
-327.7029 0.0000
-327.4098 0.0000
-327.1894 0.0000
-328.3131 0.0000
-327.7034 0.0000
-328.5991 0.0000
-328.1710 0.0000
-329.2322 0.0000
-328.1603 0.0000
-328.7706 0.0000
-329.4363 0.0000
-328.2557 0.0000
-327.5220 0.0000
-327.9905 0.0000
-329.2264 0.0000
-329.6822 0.0000
-330.0680 0.0000
-330.0284 0.0000
-330.0300 0.0000
-328.9676 0.0000
-330.2436 0.0000
-329.6976 0.0000
-329.0446 0.0000
-330.5985 0.0000
-331.2276 0.0000
-330.9460 0.0000
-331.1311 0.0000
-331.8174 0.0000
-331.2129 0.0000
-330.8654 0.0000
-330.8682 0.0000
-331.1885 0.0000
-330.4637 0.0000
-330.4635 0.0000
-330.1731 0.0000
-330.8671 0.0000
-330.2563 0.0000
-330.6285 0.0000
-329.3241 0.0000
-329.4549 0.0000
-329.2864 0.0000
-328.7468 0.0000
-328.2894 0.0000
-328.7853 0.0000
-328.6390 0.0000
-327.3303 0.0000
-327.1443 0.0000
-327.8859 0.0000
-327.6320 0.0000
-327.3516 0.0000
-328.0078 0.0000
-328.6887 0.0000
-329.3703 0.0000
-328.6215 0.0000
-329.2868 0.0000
-330.0966 0.0000
-329.4894 0.0000
-329.2513 0.0000
-329.3814 0.0000
-329.8023 0.0000
-329.7425 0.0000
-328.9770 0.0000
-328.6525 0.0000
-328.9568 0.0000
-327.7681 0.0000
-329.2709 0.0000
-329.1069 0.0000
-329.3764 0.0000
-329.5397 0.0000
-329.8215 0.0000
-330.0256 0.0000
-330.3480 0.0000
-330.3407 0.0000
-331.5133 0.0000
-331.8034 0.0000
-331.8180 0.0000
-331.9976 0.0000
-331.4378 0.0000
-331.5442 0.0000
-331.7255 0.0000
-332.4596 0.0000
-333.1687 0.0000
-332.4656 0.0000
-332.5548 0.0000
-332.2608 0.0000
-332.3068 0.0000
-331.9098 0.0000
-330.4781 0.0000
-330.6138 0.0000
-329.5629 0.0000
-329.9351 0.0000
-330.3908 0.0000
-329.6462 0.0000
-328.8392 0.0000
-329.7197 0.0000
-329.9529 0.0000
-330.1743 0.0000
-330.3820 0.0000
-329.7888 0.0000
-330.4700 0.0000
-330.2253 0.0000
-330.1633 0.0000
-329.4285 0.0000
-329.0689 0.0000
-330.0419 0.0000
-328.5336 0.0000
-327.4926 0.0000
-327.5412 0.0000
-326.4212 0.0000
-326.2935 0.0000
-326.0267 0.0000
-325.5820 0.0000
-325.2745 0.0000
-324.7941 0.0000
-325.1020 0.0000
-325.6305 0.0000
-324.6502 0.0000
-324.4825 0.0000
-325.1201 0.0000
-325.7416 0.0000
-324.9774 0.0000
-325.4290 0.0000
-325.3745 0.0000
-325.3118 0.0000
-325.3485 0.0000
-324.7343 0.0000
-324.3545 0.0000
-325.3671 0.0000
-326.5127 0.0000
-324.7775 0.0000
-323.7933 0.0000
-324.0183 0.0000
-323.8728 0.0000
-324.4152 0.0000
-324.1242 0.0000
-323.4205 0.0000
-323.3565 0.0000
-323.2503 0.0000
-322.8107 0.0000
-322.9666 0.0000
-324.6867 0.0000
-324.0356 0.0000
-323.7788 0.0000
-323.1010 0.0000
-322.2193 0.0000
-321.8222 0.0000
-322.5653 0.0000
-320.9549 0.0000
-320.4372 0.0000
-320.5416 0.0000
-321.6666 0.0000
-319.7502 0.0000
-318.7134 0.0000
-319.2857 0.0000
-319.6307 0.0000
-320.4665 0.0000
-321.1949 0.0000
-320.6355 0.0000
-320.9064 0.0000
-320.5119 0.0000
-321.1053 0.0000
-320.7300 0.0000
-320.3849 0.0000
-320.5140 0.0000
-319.4452 0.0000
-320.2633 0.0000
-319.2408 0.0000
-319.2777 0.0000
-317.9393 0.0000
-317.9599 0.0000
-317.7603 0.0000
-318.0089 0.0000
-317.9918 0.0000
-318.3521 0.0000
-319.3253 0.0000
-320.0005 0.0000
-319.8486 0.0000
-318.7442 0.0000
-317.8549 0.0000
-316.5752 0.0000
-318.2684 0.0000
-318.5616 0.0000
-318.2092 0.0000
-318.6644 0.0000
-318.9541 0.0000
-318.0936 0.0000
-318.3472 0.0000
-318.3906 0.0000
-318.3596 0.0000
-318.5940 0.0000
-318.9874 0.0000
-319.7127 0.0000
-318.6853 0.0000
-319.2002 0.0000
-318.9983 0.0000
-319.1214 0.0000
-319.5175 0.0000
-319.7454 0.0000
-319.8899 0.0000
-319.3447 0.0000
-318.6564 0.0000
-317.9138 0.0000
-317.7443 0.0000
-318.6306 0.0000
-318.0382 0.0000
-318.0792 0.0000
-317.7788 0.0000
-317.4889 0.0000
-317.5027 0.0000
-316.7891 0.0000
-316.7558 0.0000
-316.5231 0.0000
-317.9912 0.0000
-318.5797 0.0000
-319.3127 0.0000
-319.9892 0.0000
-318.4186 0.0000
-318.3152 0.0000
-318.6761 0.0000
-318.7029 0.0000
-317.4739 0.0000
-315.9764 0.0000
-316.7359 0.0000
-316.7130 0.0000
-317.1690 0.0000
-318.2443 0.0000
-317.3586 0.0000
-317.8692 0.0000
-317.3304 0.0000
-318.3782 0.0000
-318.3707 0.0000
-317.1628 0.0000
-316.5504 0.0000
-315.7767 0.0000
-316.4494 0.0000
-315.4084 0.0000
-317.0000 0.0000
-315.6310 0.0000
-316.4065 0.0000
-316.4279 0.0000
-317.6632 0.0000
-316.4263 0.0000
-316.5385 0.0000
-316.6683 0.0000
-316.8886 0.0000
-315.7562 0.0000
-315.2075 0.0000
-314.8045 0.0000
-314.9922 0.0000
-313.7513 0.0000
-313.1210 0.0000
-313.2682 0.0000
-313.5867 0.0000
-314.7441 0.0000
-314.2000 0.0000
-314.2988 0.0000
-313.6871 0.0000
-313.4792 0.0000
-313.2904 0.0000
-313.5150 0.0000
-312.5110 0.0000
-311.8126 0.0000
-311.7682 0.0000
-312.8085 0.0000
-312.9281 0.0000
-313.4696 0.0000
-313.8417 0.0000
-313.9707 0.0000
-315.1330 0.0000
-313.3950 0.0000
-312.7134 0.0000
-311.9768 0.0000
-312.6995 0.0000
-312.5089 0.0000
-312.6045 0.0000
-312.2955 0.0000
-312.6694 0.0000
-312.0510 0.0000
-313.2770 0.0000
-312.6862 0.0000
-312.8110 0.0000
-313.4047 0.0000
-313.1963 0.0000
-314.8019 0.0000
-314.2661 0.0000
-313.2312 0.0000
-314.8719 0.0000
-314.5927 0.0000
-315.0439 0.0000
-315.2062 0.0000
-316.4314 0.0000
-316.7635 0.0000
-315.5010 0.0000
-316.0924 0.0000
-314.5791 0.0000
-314.0424 0.0000
-314.8274 0.0000
-315.8692 0.0000
-315.6758 0.0000
-315.9788 0.0000
-316.7068 0.0000
-316.4359 0.0000
-316.7499 0.0000
-316.9246 0.0000
-316.4568 0.0000
-317.0150 0.0000
-317.3137 0.0000
-317.0715 0.0000
-317.4324 0.0000
-317.9642 0.0000
-317.4781 0.0000
-318.4963 0.0000
-318.0777 0.0000
-317.0580 0.0000
-317.3288 0.0000
-317.3756 0.0000
-316.9863 0.0000
-316.7401 0.0000
-317.4575 0.0000
-317.9102 0.0000
-316.5006 0.0000
-317.6756 0.0000
-318.0158 0.0000
-317.9485 0.0000
-318.9556 0.0000
-318.6921 0.0000
-318.1559 0.0000
-318.8500 0.0000
-318.3692 0.0000
-317.2806 0.0000
-318.6518 0.0000
-318.1980 0.0000
-319.2346 0.0000
-320.2001 0.0000
-321.0288 0.0000
-320.6909 0.0000
-321.6490 0.0000
-321.6369 0.0000
-320.3826 0.0000
-320.6112 0.0000
-321.8832 0.0000
-320.6456 0.0000
-321.4195 0.0000
-320.5875 0.0000
-320.6940 0.0000
-320.6620 0.0000
-319.7557 0.0000
-320.5275 0.0000
-320.0079 0.0000
-320.0423 0.0000
-318.6902 0.0000
-318.7507 0.0000
-320.1144 0.0000
-318.2730 0.0000
-318.6332 0.0000
-319.5250 0.0000
-320.8415 0.0000
-321.0326 0.0000
-319.6840 0.0000
-318.8987 0.0000
-318.5987 0.0000
-318.8258 0.0000
-318.7487 0.0000
-318.4786 0.0000
-319.6984 0.0000
-318.6408 0.0000
-319.7241 0.0000
-320.5130 0.0000
-321.1957 0.0000
-321.9459 0.0000
-322.9367 0.0000
-322.2413 0.0000
-322.5085 0.0000
-321.0157 0.0000
-320.0563 0.0000
-319.4881 0.0000
-320.1385 0.0000
-320.0981 0.0000
-320.8394 0.0000
-320.5438 0.0000
-320.7482 0.0000
-319.7623 0.0000
-318.4234 0.0000
-319.2716 0.0000
-319.1224 0.0000
-319.3949 0.0000
-320.7611 0.0000
-320.8055 0.0000
-321.3686 0.0000
-319.7572 0.0000
-320.0229 0.0000
-320.2208 0.0000
-320.6341 0.0000
-319.7585 0.0000
-320.3511 0.0000
-321.3063 0.0000
-321.5275 0.0000
-321.5517 0.0000
-322.4768 0.0000
-322.4869 0.0000
-321.9270 0.0000
-320.2820 0.0000
-319.3289 0.0000
-320.2549 0.0000
-319.9088 0.0000
-319.9077 0.0000
-319.6530 0.0000
-320.6388 0.0000
-320.7041 0.0000
-319.9719 0.0000
-319.2728 0.0000
-318.5453 0.0000
-317.8668 0.0000
-316.8744 0.0000
-317.7171 0.0000
-317.4349 0.0000
-317.7658 0.0000
-318.6629 0.0000
-318.9822 0.0000
-318.3400 0.0000
-318.8323 0.0000
-318.9114 0.0000
-319.7927 0.0000
-319.5029 0.0000
-319.9532 0.0000
-318.9279 0.0000
-319.0377 0.0000
-319.3439 0.0000
-319.2098 0.0000
-318.2676 0.0000
-317.0317 0.0000
-317.6553 0.0000
-317.6878 0.0000
-317.8228 0.0000
-318.6031 0.0000
-319.1279 0.0000
-320.0006 0.0000
-319.4574 0.0000
-320.0399 0.0000
-320.1629 0.0000
-320.6774 0.0000
-320.9890 0.0000
-321.2736 0.0000
-320.9200 0.0000
-321.6002 0.0000
-322.7191 0.0000
-322.9967 0.0000
-322.5601 0.0000
-322.9907 0.0000
-321.8134 0.0000
-322.1820 0.0000
-320.9961 0.0000
-319.9174 0.0000
-320.6970 0.0000
-320.2328 0.0000
-319.3123 0.0000
-319.8311 0.0000
-319.8267 0.0000
-320.5154 0.0000
-320.7323 0.0000
-321.1342 0.0000
-321.6415 0.0000
-322.1819 0.0000
-323.6383 0.0000
-322.1248 0.0000
-322.6761 0.0000
-323.2284 0.0000
-322.6828 0.0000
-323.5502 0.0000
-324.3853 0.0000
-324.6730 0.0000
-324.3511 0.0000
-324.0342 0.0000
-324.1163 0.0000
-324.7871 0.0000
-324.6895 0.0000
-324.8315 0.0000
-324.7516 0.0000
-325.8835 0.0000
-325.9329 0.0000
-326.8040 0.0000
-326.7698 0.0000
-326.6123 0.0000
-326.9727 0.0000
-327.2577 0.0000
-326.1034 0.0000
-327.3210 0.0000
-328.2604 0.0000
-328.6946 0.0000
-328.6297 0.0000
-328.9602 0.0000
-328.4286 0.0000
-327.4849 0.0000
-328.3575 0.0000
-327.2320 0.0000
-327.3934 0.0000
-327.7465 0.0000
-328.7503 0.0000
-329.1795 0.0000
-330.2412 0.0000
-330.3677 0.0000
-330.2912 0.0000
-330.1568 0.0000
-331.5226 0.0000
-329.8346 0.0000
-330.6816 0.0000
-330.7269 0.0000
-331.8258 0.0000
-330.4839 0.0000
-332.5295 0.0000
-330.4519 0.0000
-330.0499 0.0000
-330.1587 0.0000
-330.3031 0.0000
-330.4827 0.0000
-330.5108 0.0000
-330.6839 0.0000
-329.2047 0.0000
-328.7699 0.0000
-328.3054 0.0000
-327.9494 0.0000
-328.7854 0.0000
-329.0130 0.0000
-329.1930 0.0000
-329.5572 0.0000
-328.8370 0.0000
-327.9883 0.0000
-328.8776 0.0000
-329.2595 0.0000
-329.7994 0.0000
-329.0424 0.0000
-328.6167 0.0000
-329.0215 0.0000
-329.0078 0.0000
-329.0550 0.0000
-328.4194 0.0000
-329.8039 0.0000
-329.7753 0.0000
-328.9779 0.0000
-328.9419 0.0000
-327.8675 0.0000
-328.6225 0.0000
-328.8761 0.0000
-328.7388 0.0000
-329.6842 0.0000
-330.5747 0.0000
-331.3627 0.0000
-331.5198 0.0000
-331.8722 0.0000
-330.9398 0.0000
-331.8219 0.0000
-331.1864 0.0000
-331.5311 0.0000
-331.2246 0.0000
-330.7158 0.0000
-331.4916 0.0000
-330.3624 0.0000
-329.9418 0.0000
-329.1197 0.0000
-330.4567 0.0000
-331.1391 0.0000
-331.5271 0.0000
-330.5596 0.0000
-331.4487 0.0000
-331.6261 0.0000
-331.4235 0.0000
-331.8088 0.0000
-331.1296 0.0000
-331.6304 0.0000
-331.7585 0.0000
-331.2173 0.0000
-331.3411 0.0000
-332.0271 0.0000
-331.6023 0.0000
-331.1190 0.0000
-331.2968 0.0000
-331.6941 0.0000
-331.9008 0.0000
-330.6073 0.0000
-331.9465 0.0000
-331.8185 0.0000
-331.4849 0.0000
-331.0803 0.0000
-331.0645 0.0000
-330.6571 0.0000
-330.5674 0.0000
-331.8706 0.0000
-332.7951 0.0000
-331.0023 0.0000
-331.6197 0.0000
-332.1129 0.0000
-331.2553 0.0000
-331.5261 0.0000
-331.1958 0.0000
-332.5418 0.0000
-331.9440 0.0000
-333.0459 0.0000
-333.4813 0.0000
-333.3960 0.0000
-333.9737 0.0000
-333.7110 0.0000
-333.1725 0.0000
-333.7071 0.0000
-334.6231 0.0000
-333.9198 0.0000
-333.9070 0.0000
-334.3116 0.0000
-335.3169 0.0000
-333.5640 0.0000
-333.0809 0.0000
-332.9515 0.0000
-332.9692 0.0000
-333.0959 0.0000
-332.5513 0.0000
-332.5616 0.0000
-333.3303 0.0000
-333.6384 0.0000
-334.1366 0.0000
-333.2347 0.0000
-332.5484 0.0000
-333.6889 0.0000
-333.7420 0.0000
-333.4995 0.0000
-332.6106 0.0000
-332.7676 0.0000
-332.3817 0.0000
-332.7479 0.0000
-332.9245 0.0000
-333.1820 0.0000
-333.0406 0.0000
-332.3488 0.0000
-332.9111 0.0000
-333.6221 0.0000
-333.1863 0.0000
-332.9624 0.0000
-333.1579 0.0000
-332.7924 0.0000
-334.2424 0.0000
-333.8053 0.0000
-332.4683 0.0000
-332.8208 0.0000
-331.9063 0.0000
-332.0989 0.0000
-332.3743 0.0000
-332.7056 0.0000
-331.9711 0.0000
-332.7059 0.0000
-332.8674 0.0000
-332.0668 0.0000
-332.7519 0.0000
-332.5810 0.0000
-333.2662 0.0000
-332.5630 0.0000
-333.0111 0.0000
-332.9574 0.0000
-333.5305 0.0000
-332.3958 0.0000
-332.2146 0.0000
-332.3256 0.0000
-331.9850 0.0000
-332.7395 0.0000
-332.0190 0.0000
-332.1989 0.0000
-331.8036 0.0000
-330.9743 0.0000
-332.0609 0.0000
-331.7347 0.0000
-331.9539 0.0000
-332.1710 0.0000
-332.7601 0.0000
-333.4734 0.0000
-332.8678 0.0000
-333.3176 0.0000
-334.1723 0.0000
-334.2067 0.0000
-334.6447 0.0000
-334.6434 0.0000
-334.0272 0.0000
-333.7283 0.0000
-333.6930 0.0000
-333.2443 0.0000
-332.0994 0.0000
-332.2065 0.0000
-331.7924 0.0000
-331.6927 0.0000
-331.5719 0.0000
-332.1136 0.0000
-332.3544 0.0000
-332.5373 0.0000
-332.3923 0.0000
-332.7822 0.0000
-332.3622 0.0000
-332.0534 0.0000
-333.0866 0.0000
-333.2693 0.0000
-334.2686 0.0000
-333.5301 0.0000
-334.4638 0.0000
-334.1198 0.0000
-334.0289 0.0000
-334.4458 0.0000
-333.5055 0.0000
-334.0437 0.0000
-334.3908 0.0000
-334.3785 0.0000
-334.9094 0.0000
-335.6375 0.0000
-335.0707 0.0000
-335.3580 0.0000
-335.4026 0.0000
-335.5363 0.0000
-334.5775 0.0000
-334.8774 0.0000
-334.0082 0.0000
-334.7096 0.0000
-335.2712 0.0000
-335.0380 0.0000
-335.3536 0.0000
-335.2157 0.0000
-335.3654 0.0000
-335.9353 0.0000
-335.4188 0.0000
-335.2556 0.0000
-334.7762 0.0000
-333.6661 0.0000
-334.1704 0.0000
-335.0629 0.0000
-333.6286 0.0000
-333.0803 0.0000
-333.4912 0.0000
-332.5626 0.0000
-332.1934 0.0000
-331.7185 0.0000
-332.2432 0.0000
-332.0752 0.0000
-332.5009 0.0000
-333.3914 0.0000
-333.4890 0.0000
-333.6245 0.0000
-334.0936 0.0000
-334.7723 0.0000
-333.7629 0.0000
-334.7043 0.0000
-334.7471 0.0000
-334.3005 0.0000
-334.7268 0.0000
-334.7290 0.0000
-334.4126 0.0000
-334.2768 0.0000
-333.9294 0.0000
-333.6027 0.0000
-333.0548 0.0000
-332.7318 0.0000
-332.3595 0.0000
-332.2469 0.0000
-331.3866 0.0000
-331.3915 0.0000
-330.9195 0.0000
-330.2823 0.0000
-330.4119 0.0000
-330.3983 0.0000
-330.8095 0.0000
-330.8174 0.0000
-330.2689 0.0000
-330.3984 0.0000
-330.7117 0.0000
-331.4034 0.0000
-330.8891 0.0000
-331.4727 0.0000
-331.4805 0.0000
-330.7171 0.0000
-330.3142 0.0000
-330.0728 0.0000
-330.4226 0.0000
-330.9439 0.0000
-330.9270 0.0000
-331.0779 0.0000
-330.9022 0.0000
-330.8738 0.0000
-330.0111 0.0000
-329.7846 0.0000
-330.2576 0.0000
-330.2472 0.0000
-329.9276 0.0000
-329.0174 0.0000
-328.6356 0.0000
-328.1008 0.0000
-327.8204 0.0000
-327.9763 0.0000
-328.0044 0.0000
-328.0768 0.0000
-328.4513 0.0000
-328.5996 0.0000
-327.8151 0.0000
-327.1317 0.0000
-326.9570 0.0000
-327.7019 0.0000
-327.0930 0.0000
-327.8461 0.0000
-327.4738 0.0000
-328.4420 0.0000
-327.6827 0.0000
-326.8606 0.0000
-325.8947 0.0000
-325.1840 0.0000
-324.1223 0.0000
-324.1343 0.0000
-323.8704 0.0000
-324.4458 0.0000
-323.8446 0.0000
-324.2939 0.0000
-324.5755 0.0000
-324.5404 0.0000
-323.9407 0.0000
-323.7747 0.0000
-323.5180 0.0000
-323.6999 0.0000
-323.9702 0.0000
-324.6958 0.0000
-324.4503 0.0000
-325.5080 0.0000
-326.3446 0.0000
-325.6967 0.0000
-326.0526 0.0000
-326.2792 0.0000
-326.2442 0.0000
-327.0198 0.0000
-327.0785 0.0000
-326.5067 0.0000
-325.8396 0.0000
-326.0403 0.0000
-325.7917 0.0000
-325.2140 0.0000
-324.7115 0.0000
-324.7966 0.0000
-325.1710 0.0000
-325.4567 0.0000
-325.5318 0.0000
-324.8806 0.0000
-325.1111 0.0000
-325.0185 0.0000
-324.1874 0.0000
-324.4398 0.0000
-324.3779 0.0000
-324.5559 0.0000
-325.0875 0.0000
-324.4153 0.0000
-325.0726 0.0000
-324.7152 0.0000
-325.1107 0.0000
-324.2303 0.0000
-324.0322 0.0000
-323.8402 0.0000
-323.7802 0.0000
-325.1590 0.0000
-323.2375 0.0000
-322.7470 0.0000
-321.9482 0.0000
-321.2923 0.0000
-321.2419 0.0000
-320.7131 0.0000
-320.6309 0.0000
-320.7033 0.0000
-319.7343 0.0000
-319.9581 0.0000
-319.3102 0.0000
-320.3239 0.0000
-320.8331 0.0000
-320.6219 0.0000
-320.3583 0.0000
-319.5885 0.0000
-319.7740 0.0000
-320.2987 0.0000
-319.6381 0.0000
-319.6928 0.0000
-318.8115 0.0000
-318.7477 0.0000
-318.0122 0.0000
-318.3102 0.0000
-318.5293 0.0000
-318.0692 0.0000
-318.8657 0.0000
-318.9129 0.0000
-319.5221 0.0000
-319.5175 0.0000
-320.4259 0.0000
-319.7344 0.0000
-320.4940 0.0000
-321.3347 0.0000
-320.5595 0.0000
-320.9208 0.0000
-319.7674 0.0000
-319.7908 0.0000
-320.2329 0.0000
-320.7447 0.0000
-320.1810 0.0000
-320.3781 0.0000
-320.1571 0.0000
-320.0308 0.0000
-319.9762 0.0000
-320.3737 0.0000
-320.3300 0.0000
-321.2222 0.0000
-321.2497 0.0000
-320.6107 0.0000
-319.3073 0.0000
-319.2441 0.0000
-319.6471 0.0000
-319.0324 0.0000
-319.5426 0.0000
-319.7532 0.0000
-320.4580 0.0000
-319.1371 0.0000
-319.2809 0.0000
-319.6723 0.0000
-319.7208 0.0000
-320.7308 0.0000
-319.4475 0.0000
-319.6102 0.0000
-319.3294 0.0000
-319.1689 0.0000
-319.3607 0.0000
-319.4081 0.0000
-318.6493 0.0000
-318.5637 0.0000
-318.5757 0.0000
-317.4454 0.0000
-317.9544 0.0000
-318.4166 0.0000
-317.8186 0.0000
-318.1586 0.0000
-318.0400 0.0000
-317.7320 0.0000
-316.3146 0.0000
-318.0636 0.0000
-318.9513 0.0000
-319.5543 0.0000
-318.3503 0.0000
-317.2724 0.0000
-317.2639 0.0000
-316.7199 0.0000
-316.7461 0.0000
-317.3656 0.0000
-318.4012 0.0000
-318.6437 0.0000
-317.9433 0.0000
-318.3636 0.0000
-319.0352 0.0000
-318.9157 0.0000
-318.8892 0.0000
-318.9162 0.0000
-319.1139 0.0000
-318.2778 0.0000
-318.8085 0.0000
-319.0024 0.0000
-318.8108 0.0000
-318.5829 0.0000
-319.2281 0.0000
-318.4867 0.0000
-318.4476 0.0000
-318.8692 0.0000
-318.8257 0.0000
-319.5340 0.0000
-320.0192 0.0000
-320.3709 0.0000
-320.2681 0.0000
-321.0765 0.0000
-321.5965 0.0000
-321.1849 0.0000
-321.9997 0.0000
-321.2430 0.0000
-320.7465 0.0000
-321.4354 0.0000
-321.9573 0.0000
-321.6114 0.0000
-321.9930 0.0000
-322.5449 0.0000
-321.9165 0.0000
-321.9892 0.0000
-321.7090 0.0000
-321.7026 0.0000
-322.2507 0.0000
-322.1347 0.0000
-321.4829 0.0000
-321.4073 0.0000
-321.7598 0.0000
-322.5289 0.0000
-323.4361 0.0000
-324.0213 0.0000
-324.5537 0.0000
-324.4697 0.0000
-324.6446 0.0000
-324.3074 0.0000
-323.9732 0.0000
-324.8343 0.0000
-324.3766 0.0000
-323.6748 0.0000
-323.5473 0.0000
-322.5317 0.0000
-321.7474 0.0000
-320.2685 0.0000
-319.8853 0.0000
-320.2031 0.0000
-320.1381 0.0000
-320.1230 0.0000
-320.9736 0.0000
-322.3242 0.0000
-321.8090 0.0000
-322.6786 0.0000
-322.5539 0.0000
-322.6596 0.0000
-322.7986 0.0000
-322.6244 0.0000
-323.1677 0.0000
-324.0493 0.0000
-323.2531 0.0000
-323.4606 0.0000
-323.4575 0.0000
-324.6161 0.0000
-323.3726 0.0000
-322.8173 0.0000
-323.8959 0.0000
-322.9996 0.0000
-322.4822 0.0000
-322.6217 0.0000
-323.3758 0.0000
-323.1421 0.0000
-323.5472 0.0000
-323.3766 0.0000
-323.0705 0.0000
-322.5767 0.0000
-323.0896 0.0000
-323.6905 0.0000
-324.1203 0.0000
-324.0392 0.0000
-323.5141 0.0000
-324.0146 0.0000
-324.7735 0.0000
-325.1770 0.0000
-325.6202 0.0000
-324.6051 0.0000
-325.4980 0.0000
-324.6767 0.0000
-324.6263 0.0000
-324.2363 0.0000
-323.6794 0.0000
-324.5775 0.0000
-323.9894 0.0000
-324.4854 0.0000
-325.1930 0.0000
-324.9661 0.0000
-325.4006 0.0000
-325.6127 0.0000
-326.4367 0.0000
-326.5327 0.0000
-326.7934 0.0000
-326.7125 0.0000
-327.2013 0.0000
-328.1466 0.0000
-327.3358 0.0000
-327.5021 0.0000
-326.8801 0.0000
-327.5709 0.0000
-327.4954 0.0000
-328.3550 0.0000
-328.2672 0.0000
-327.6999 0.0000
-327.5159 0.0000
-327.5814 0.0000
-326.8562 0.0000
-326.4124 0.0000
-326.1422 0.0000
-325.7801 0.0000
-325.2913 0.0000
-325.9708 0.0000
-326.5497 0.0000
-326.8795 0.0000
-327.4853 0.0000
-327.1262 0.0000
-327.7558 0.0000
-326.9224 0.0000
-326.4070 0.0000
-326.1255 0.0000
-325.8810 0.0000
-325.2869 0.0000
-326.0472 0.0000
-326.4194 0.0000
-326.6384 0.0000
-326.3440 0.0000
-326.5020 0.0000
-326.7231 0.0000
-326.8974 0.0000
-326.2858 0.0000
-326.9033 0.0000
-326.2710 0.0000
-326.1963 0.0000
-326.2381 0.0000
-327.6653 0.0000
-327.6169 0.0000
-327.9230 0.0000
-328.4883 0.0000
-326.9401 0.0000
-327.3581 0.0000
-327.8885 0.0000
-327.7995 0.0000
-327.7849 0.0000
-326.9866 0.0000
-327.0192 0.0000
-326.8451 0.0000
-326.9370 0.0000
-326.8920 0.0000
-326.8622 0.0000
-326.1378 0.0000
-325.2994 0.0000
-325.7908 0.0000
-324.8912 0.0000
-324.9480 0.0000
-325.6355 0.0000
-324.8872 0.0000
-324.2650 0.0000
-325.1505 0.0000
-324.7044 0.0000
-324.7712 0.0000
-325.1367 0.0000
-325.0687 0.0000
-325.0441 0.0000
-325.8543 0.0000
-326.3166 0.0000
-326.2103 0.0000
-326.1177 0.0000
-325.3955 0.0000
-325.3315 0.0000
-325.9636 0.0000
-326.4446 0.0000
-324.9977 0.0000
-325.1810 0.0000
-325.4994 0.0000
-324.3867 0.0000
-324.4108 0.0000
-324.2355 0.0000
-323.6628 0.0000
-323.8610 0.0000
-324.1351 0.0000
-324.0184 0.0000
-324.6702 0.0000
-324.1216 0.0000
-324.6410 0.0000
-324.0659 0.0000
-324.0258 0.0000
-323.8826 0.0000
-323.5684 0.0000
-323.1126 0.0000
-323.5793 0.0000
-324.3777 0.0000
-324.4335 0.0000
-324.5210 0.0000
-324.3586 0.0000
-324.1232 0.0000
-324.4783 0.0000
-325.5449 0.0000
-325.2292 0.0000
-325.0194 0.0000
-324.9685 0.0000
-324.3897 0.0000
-324.9712 0.0000
-324.6793 0.0000
-324.3277 0.0000
-324.4141 0.0000
-324.3616 0.0000
-323.8757 0.0000
-324.0394 0.0000
-323.0962 0.0000
-323.2724 0.0000
-322.7265 0.0000
-323.0371 0.0000
-323.9329 0.0000
-323.9330 0.0000
-322.7299 0.0000
-322.6170 0.0000
-322.9128 0.0000
-323.4470 0.0000
-323.7464 0.0000
-322.9061 0.0000
-323.1257 0.0000
-323.3315 0.0000
-322.8794 0.0000
-323.5395 0.0000
-323.1998 0.0000
-323.6685 0.0000
-323.5263 0.0000
-322.8955 0.0000
-323.0160 0.0000
-322.5897 0.0000
-323.1176 0.0000
-323.0110 0.0000
-322.9455 0.0000
-322.3454 0.0000
-322.2487 0.0000
-321.9308 0.0000
-322.3280 0.0000
-322.2654 0.0000
-322.1023 0.0000
-322.5081 0.0000
-322.1322 0.0000
-323.1553 0.0000
-322.7139 0.0000
-321.9675 0.0000
-323.5198 0.0000
-323.2835 0.0000
-322.5248 0.0000
-322.0634 0.0000
-322.0176 0.0000
-322.1010 0.0000
-322.2252 0.0000
-321.8822 0.0000
-321.9895 0.0000
-322.2598 0.0000
-322.5075 0.0000
-322.5289 0.0000
-321.8742 0.0000
-321.2323 0.0000
-321.0462 0.0000
-320.9269 0.0000
-320.3970 0.0000
-320.2794 0.0000
-319.8122 0.0000
-320.0936 0.0000
-319.9620 0.0000
-319.9146 0.0000
-319.9969 0.0000
-319.1647 0.0000
-319.4586 0.0000
-319.2744 0.0000
-318.9798 0.0000
-319.5816 0.0000
-318.2202 0.0000
-319.6255 0.0000
-318.7156 0.0000
-319.0260 0.0000
-318.5232 0.0000
-318.4976 0.0000
-318.9463 0.0000
-319.2152 0.0000
-318.9182 0.0000
-318.4685 0.0000
-317.6246 0.0000
-318.6807 0.0000
-318.3575 0.0000
-318.0635 0.0000
-317.2983 0.0000
-318.4284 0.0000
-318.2245 0.0000
-318.1093 0.0000
-318.3235 0.0000
-317.8287 0.0000
-318.2622 0.0000
-318.0356 0.0000
-318.0756 0.0000
-318.0658 0.0000
-318.4190 0.0000
-318.6467 0.0000
-318.6455 0.0000
-318.9685 0.0000
-319.0787 0.0000
-318.9571 0.0000
-318.1036 0.0000
-319.6466 0.0000
-319.5901 0.0000
-319.1421 0.0000
-318.7092 0.0000
-319.0130 0.0000
-318.5629 0.0000
-318.2990 0.0000
-317.5566 0.0000
-317.6357 0.0000
-317.6712 0.0000
-316.5847 0.0000
-316.8375 0.0000
-317.3438 0.0000
-316.5422 0.0000
-316.8954 0.0000
-317.5225 0.0000
-317.8378 0.0000
-318.2695 0.0000
-318.0158 0.0000
-318.9503 0.0000
-318.2016 0.0000
-318.5788 0.0000
-318.3905 0.0000
-317.4050 0.0000
-317.3483 0.0000
-317.8658 0.0000
-316.8622 0.0000
-316.9556 0.0000
-316.5792 0.0000
-315.4566 0.0000
-315.2802 0.0000
-315.0691 0.0000
-314.7118 0.0000
-315.4571 0.0000
-315.0305 0.0000
-314.1207 0.0000
-314.9740 0.0000
-314.8790 0.0000
-314.7734 0.0000
-314.8508 0.0000
-315.2051 0.0000
-315.8140 0.0000
-316.1766 0.0000
-315.8152 0.0000
-314.8580 0.0000
-314.2219 0.0000
-313.1203 0.0000
-313.1244 0.0000
-313.7244 0.0000
-312.4259 0.0000
-313.4568 0.0000
-313.9035 0.0000
-312.6238 0.0000
-313.6991 0.0000
-313.0696 0.0000
-313.1177 0.0000
-313.0083 0.0000
-312.7155 0.0000
-312.3984 0.0000
-312.0421 0.0000
-312.9040 0.0000
-313.1404 0.0000
-312.3191 0.0000
-312.8838 0.0000
-312.3623 0.0000
-311.5702 0.0000
-311.8182 0.0000
-311.1669 0.0000
-310.6465 0.0000
-309.9092 0.0000
-309.9478 0.0000
-310.0343 0.0000
-309.4630 0.0000
-309.1989 0.0000
-309.2936 0.0000
-309.0740 0.0000
-309.0324 0.0000
-308.9264 0.0000
-308.6961 0.0000
-309.7721 0.0000
-310.5355 0.0000
-310.7912 0.0000
-310.2033 0.0000
-309.0014 0.0000
-309.8744 0.0000
-309.6497 0.0000
-310.3668 0.0000
-311.8411 0.0000
-309.6549 0.0000
-310.2765 0.0000
-310.7617 0.0000
-311.3624 0.0000
-310.7159 0.0000
-310.5797 0.0000
-310.1518 0.0000
-310.8393 0.0000
-310.0849 0.0000
-311.0651 0.0000
-311.9808 0.0000
-312.9883 0.0000
-313.5910 0.0000
-312.8430 0.0000
-311.9214 0.0000
-311.1286 0.0000
-311.5560 0.0000
-311.9571 0.0000
-311.6033 0.0000
-312.1286 0.0000
-310.5040 0.0000
-310.5780 0.0000
-311.1436 0.0000
-311.1826 0.0000
-310.6968 0.0000
-311.1913 0.0000
-310.8939 0.0000
-309.1260 0.0000
-310.3801 0.0000
-311.1809 0.0000
-311.4913 0.0000
-312.0422 0.0000
-312.4496 0.0000
-314.0439 0.0000
-313.7045 0.0000
-313.0085 0.0000
-313.6155 0.0000
-313.7220 0.0000
-314.3665 0.0000
-313.8639 0.0000
-313.5156 0.0000
-314.3279 0.0000
-313.7409 0.0000
-315.0889 0.0000
-313.2504 0.0000
-313.0892 0.0000
-313.0422 0.0000
-312.5874 0.0000
-312.6136 0.0000
-312.2565 0.0000
-312.2355 0.0000
-313.8174 0.0000
-312.1878 0.0000
-312.2266 0.0000
-312.1417 0.0000
-312.0545 0.0000
-311.9625 0.0000
-312.5757 0.0000
-312.4924 0.0000
-311.8352 0.0000
-312.7642 0.0000
-313.2200 0.0000
-311.7396 0.0000
-311.7093 0.0000
-313.6595 0.0000
-312.8576 0.0000
-313.0304 0.0000
-313.2608 0.0000
-312.8175 0.0000
-312.6705 0.0000
-312.4435 0.0000
-313.2674 0.0000
-311.6203 0.0000
-312.3506 0.0000
-312.8656 0.0000
-313.8590 0.0000
-313.2610 0.0000
-313.2748 0.0000
-314.3440 0.0000
-312.7320 0.0000
-312.6854 0.0000
-313.0480 0.0000
-313.7812 0.0000
-312.1066 0.0000
-314.1260 0.0000
-315.2742 0.0000
-314.6308 0.0000
-315.1283 0.0000
-315.1386 0.0000
-315.1626 0.0000
-314.9599 0.0000
-314.9140 0.0000
-313.8126 0.0000
-314.7131 0.0000
-315.4096 0.0000
-314.3726 0.0000
-315.0686 0.0000
-314.3393 0.0000
-313.5634 0.0000
-314.2810 0.0000
-313.4208 0.0000
-313.6150 0.0000
-312.8644 0.0000
-312.4378 0.0000
-311.9817 0.0000
-313.5207 0.0000
-312.8449 0.0000
-311.6116 0.0000
-312.2910 0.0000
-312.9555 0.0000
-312.3450 0.0000
-312.5086 0.0000
-313.0980 0.0000
-311.8141 0.0000
-312.1326 0.0000
-311.8228 0.0000
-312.7154 0.0000
-312.4301 0.0000
-313.7259 0.0000
-314.1225 0.0000
-314.6429 0.0000
-315.5197 0.0000
-315.4096 0.0000
-314.4518 0.0000
-314.7793 0.0000
-314.5576 0.0000
-315.0452 0.0000
-314.7786 0.0000
-316.8072 0.0000
-315.6272 0.0000
-316.4395 0.0000
-317.1189 0.0000
-316.4192 0.0000
-316.3177 0.0000
-315.9844 0.0000
-317.1811 0.0000
-317.4886 0.0000
-317.2884 0.0000
-318.7727 0.0000
-317.3508 0.0000
-317.4625 0.0000
-317.0206 0.0000
-316.5984 0.0000
-318.4724 0.0000
-318.2351 0.0000
-318.6336 0.0000
-319.4173 0.0000
-320.3059 0.0000
-319.1934 0.0000
-319.4453 0.0000
-319.3217 0.0000
-319.1115 0.0000
-319.8004 0.0000
-319.9953 0.0000
-318.9806 0.0000
-318.2791 0.0000
-319.1067 0.0000
-318.9466 0.0000
-318.6669 0.0000
-318.0984 0.0000
-318.1246 0.0000
-319.1620 0.0000
-318.5904 0.0000
-319.4497 0.0000
-320.2763 0.0000
-319.2878 0.0000
-319.1119 0.0000
-318.8857 0.0000
-318.5399 0.0000
-318.4785 0.0000
-319.1717 0.0000
-317.9140 0.0000
-317.3966 0.0000
-316.8046 0.0000
-315.7243 0.0000
-314.0040 0.0000
-314.3837 0.0000
-314.0759 0.0000
-313.7088 0.0000
-313.8360 0.0000
-314.1567 0.0000
-314.5289 0.0000
-315.7157 0.0000
-316.8658 0.0000
-316.6377 0.0000
-317.2607 0.0000
-316.5754 0.0000
-315.9230 0.0000
-315.4478 0.0000
-314.8920 0.0000
-315.1564 0.0000
-315.4260 0.0000
-314.5815 0.0000
-314.7141 0.0000
-315.3508 0.0000
-315.9991 0.0000
-315.0957 0.0000
-314.8431 0.0000
-313.8212 0.0000
-313.8808 0.0000
-314.5064 0.0000
-313.3770 0.0000
-313.4497 0.0000
-313.2548 0.0000
-313.1358 0.0000
-313.3687 0.0000
-313.0394 0.0000
-313.5415 0.0000
-313.5067 0.0000
-314.4481 0.0000
-314.2227 0.0000
-313.1116 0.0000
-313.9053 0.0000
-313.1015 0.0000
-313.4349 0.0000
-314.2257 0.0000
-316.6302 0.0000
-315.0922 0.0000
-315.7392 0.0000
-313.8342 0.0000
-313.2895 0.0000
-313.3000 0.0000
-312.5513 0.0000
-312.2419 0.0000
-312.2700 0.0000
-312.1723 0.0000
-312.5175 0.0000
-311.3906 0.0000
-310.7096 0.0000
-311.5512 0.0000
-311.9210 0.0000
-312.9984 0.0000
-311.1120 0.0000
-310.5767 0.0000
-310.2303 0.0000
-310.4612 0.0000
-310.4218 0.0000
-310.7989 0.0000
-310.0983 0.0000
-309.8430 0.0000
-310.3141 0.0000
-310.4722 0.0000
-310.1897 0.0000
-310.3210 0.0000
-310.0167 0.0000
-310.6546 0.0000
-312.0103 0.0000
-310.3489 0.0000
-309.2819 0.0000
-309.0631 0.0000
-309.0567 0.0000
-309.0150 0.0000
-309.2794 0.0000
-307.7167 0.0000
-309.1194 0.0000
-308.1376 0.0000
-307.8359 0.0000
-308.9265 0.0000
-309.3293 0.0000
-309.6283 0.0000
-308.9212 0.0000
-308.5494 0.0000
-308.1872 0.0000
-307.8302 0.0000
-307.2287 0.0000
-308.4578 0.0000
-308.1469 0.0000
-307.6327 0.0000
-307.7701 0.0000
-307.3147 0.0000
-306.9917 0.0000
-307.7279 0.0000
-307.5839 0.0000
-308.1920 0.0000
-308.3910 0.0000
-309.6575 0.0000
-309.5016 0.0000
-310.7034 0.0000
-311.2653 0.0000
-312.0072 0.0000
-313.0335 0.0000
-312.6774 0.0000
-312.8389 0.0000
-313.0405 0.0000
-314.2898 0.0000
-313.4316 0.0000
-314.0790 0.0000
-313.5358 0.0000
-312.0165 0.0000
-311.5278 0.0000
-311.7253 0.0000
-311.3946 0.0000
-312.2288 0.0000
-312.1067 0.0000
-311.7186 0.0000
-311.2995 0.0000
-310.8160 0.0000
-310.6575 0.0000
-310.2325 0.0000
-311.1504 0.0000
-311.1189 0.0000
-310.6118 0.0000
-310.0435 0.0000
-310.3492 0.0000
-311.6168 0.0000
-312.7800 0.0000
-312.0770 0.0000
-312.1245 0.0000
-312.4229 0.0000
-311.1476 0.0000
-312.0435 0.0000
-311.9423 0.0000
-311.4474 0.0000
-312.8405 0.0000
-312.5838 0.0000
-312.1312 0.0000
-312.1600 0.0000
-313.0000 0.0000
-313.3562 0.0000
-312.4880 0.0000
-311.9904 0.0000
-312.3169 0.0000
-312.6598 0.0000
-313.0317 0.0000
-312.3405 0.0000
-311.0953 0.0000
-311.3308 0.0000
-310.8139 0.0000
-310.4588 0.0000
-310.1847 0.0000
-308.6683 0.0000
-309.7204 0.0000
-310.2817 0.0000
-308.0061 0.0000
-306.6423 0.0000
-305.9016 0.0000
-307.2238 0.0000
-305.7397 0.0000
-306.8361 0.0000
-307.0122 0.0000
-307.4082 0.0000
-306.3004 0.0000
-306.5482 0.0000
-306.9217 0.0000
-305.0065 0.0000
-304.7216 0.0000
-305.1062 0.0000
-305.3932 0.0000
-305.7737 0.0000
-305.8020 0.0000
-305.9890 0.0000
-305.6324 0.0000
-305.9359 0.0000
-305.3497 0.0000
-304.7015 0.0000
-304.5514 0.0000
-305.0349 0.0000
-304.3556 0.0000
-306.7609 0.0000
-306.3927 0.0000
-305.9524 0.0000
-307.4452 0.0000
-305.8003 0.0000
-306.4954 0.0000
-306.6643 0.0000
-306.8053 0.0000
-308.1072 0.0000
-305.8989 0.0000
-305.0392 0.0000
-305.5190 0.0000
-305.0094 0.0000
-305.7601 0.0000
-305.1813 0.0000
-306.0235 0.0000
-305.6888 0.0000
-305.0415 0.0000
-305.7665 0.0000
-306.3429 0.0000
-305.5849 0.0000
-306.2409 0.0000
-304.8780 0.0000
-304.5511 0.0000
-304.0379 0.0000
-304.2994 0.0000
-305.5163 0.0000
-305.0790 0.0000
-304.9843 0.0000
-303.8504 0.0000
-303.4574 0.0000
-304.8912 0.0000
-305.2157 0.0000
-303.7165 0.0000
-303.7013 0.0000
-303.4616 0.0000
-303.7534 0.0000
-302.2181 0.0000
-302.7904 0.0000
-304.2137 0.0000
-302.3395 0.0000
-302.5453 0.0000
-303.7390 0.0000
-302.0585 0.0000
-303.2037 0.0000
-302.7339 0.0000
-302.2074 0.0000
-302.0977 0.0000
-302.5608 0.0000
-301.2988 0.0000
-300.7862 0.0000
-299.9861 0.0000
-301.9567 0.0000
-302.2601 0.0000
-302.4237 0.0000
-302.4371 0.0000
-302.1637 0.0000
-303.0908 0.0000
-302.8693 0.0000
-303.8471 0.0000
-304.2954 0.0000
-304.7361 0.0000
-305.7351 0.0000
-305.4682 0.0000
-306.1739 0.0000
-306.3559 0.0000
-305.4925 0.0000
-305.7567 0.0000
-306.9833 0.0000
-307.9599 0.0000
-305.6947 0.0000
-305.2381 0.0000
-306.0608 0.0000
-305.2876 0.0000
-305.6469 0.0000
-305.4754 0.0000
-306.0951 0.0000
-305.5414 0.0000
-305.4439 0.0000
-304.7227 0.0000
-303.9692 0.0000
-303.7987 0.0000
-302.4742 0.0000
-302.0128 0.0000
-302.9299 0.0000
-302.9343 0.0000
-304.4839 0.0000
-302.7645 0.0000
-302.9861 0.0000
-302.9890 0.0000
-304.3795 0.0000
-304.0621 0.0000
-306.3487 0.0000
-306.2299 0.0000
-305.3953 0.0000
-303.4647 0.0000
-302.8417 0.0000
-302.8698 0.0000
-303.7661 0.0000
-304.5576 0.0000
-304.2515 0.0000
-304.1805 0.0000
-302.6010 0.0000
-302.3766 0.0000
-302.4592 0.0000
-302.4181 0.0000
-302.1113 0.0000
-302.8993 0.0000
-302.4943 0.0000
-300.9775 0.0000
-300.0284 0.0000
-301.2183 0.0000
-301.5455 0.0000
-301.3642 0.0000
-301.4514 0.0000
-299.9995 0.0000
-300.4661 0.0000
-300.9701 0.0000
-300.0840 0.0000
-300.9316 0.0000
-301.3033 0.0000
-301.2787 0.0000
-301.4208 0.0000
-301.6024 0.0000
-302.2583 0.0000
-302.3172 0.0000
-303.3796 0.0000
-302.8048 0.0000
-301.6860 0.0000
-303.4882 0.0000
-303.9192 0.0000
-300.7984 0.0000
-300.7302 0.0000
-300.6866 0.0000
-301.0917 0.0000
-300.3458 0.0000
-299.6622 0.0000
-300.5223 0.0000
-300.4526 0.0000
-300.9723 0.0000
-300.7390 0.0000
-300.7392 0.0000
-299.9884 0.0000
-300.0004 0.0000
-298.5421 0.0000
-299.4389 0.0000
-299.8348 0.0000
-299.7165 0.0000
-300.1381 0.0000
-301.1674 0.0000
-300.1778 0.0000
-299.0885 0.0000
-299.7988 0.0000
-299.7221 0.0000
-299.3466 0.0000
-299.0709 0.0000
-299.0353 0.0000
-298.5836 0.0000
-300.2608 0.0000
-300.2164 0.0000
-298.9666 0.0000
-299.4942 0.0000
-298.9720 0.0000
-298.3050 0.0000
-297.6582 0.0000
-298.4801 0.0000
-299.4284 0.0000
-299.3526 0.0000
-298.8881 0.0000
-298.4043 0.0000
-298.6491 0.0000
-298.6310 0.0000
-300.0592 0.0000
-301.3074 0.0000
-299.9042 0.0000
-299.1874 0.0000
-299.1656 0.0000
-298.8859 0.0000
-300.5816 0.0000
-299.4851 0.0000
-300.7653 0.0000
-298.4220 0.0000
-298.7409 0.0000
-299.2044 0.0000
-299.1638 0.0000
-299.4443 0.0000
-300.1300 0.0000
-299.9086 0.0000
-299.2389 0.0000
-299.4022 0.0000
-298.9221 0.0000
-300.5515 0.0000
-299.8654 0.0000
-299.9327 0.0000
-298.6958 0.0000
-299.1904 0.0000
-298.7224 0.0000
-299.3046 0.0000
-299.4710 0.0000
-299.6949 0.0000
-299.3169 0.0000
-299.0900 0.0000
-300.1491 0.0000
-299.6661 0.0000
-299.3142 0.0000
-299.9652 0.0000
-298.9650 0.0000
-299.2237 0.0000
-299.8841 0.0000
-298.6973 0.0000
-299.9952 0.0000
-299.1776 0.0000
-299.3131 0.0000
-300.5267 0.0000
-299.9037 0.0000
-301.2179 0.0000
-300.3762 0.0000
-299.1179 0.0000
-299.1690 0.0000
-299.5090 0.0000
-297.6424 0.0000
-297.7756 0.0000
-298.7614 0.0000
-297.9630 0.0000
-298.6875 0.0000
-297.9126 0.0000
-298.1653 0.0000
-298.1497 0.0000
-298.4565 0.0000
-297.2797 0.0000
-298.1343 0.0000
-297.4565 0.0000
-297.9299 0.0000
-297.1722 0.0000
-297.0433 0.0000
-297.3198 0.0000
-296.9746 0.0000
-297.8592 0.0000
-298.0107 0.0000
-296.9008 0.0000
-297.5652 0.0000
-297.4842 0.0000
-297.0382 0.0000
-297.1251 0.0000
-296.2524 0.0000
-296.9910 0.0000
-295.1757 0.0000
-296.7380 0.0000
-297.3525 0.0000
-296.9075 0.0000
-296.2357 0.0000
-296.6193 0.0000
-296.9013 0.0000
-296.1580 0.0000
-296.5582 0.0000
-296.9000 0.0000
-296.7204 0.0000
-295.3958 0.0000
-296.3661 0.0000
-296.9121 0.0000
-297.1103 0.0000
-296.6797 0.0000
-297.1881 0.0000
-297.6936 0.0000
-296.6528 0.0000
-298.1703 0.0000
-296.5633 0.0000
-298.1278 0.0000
-296.6918 0.0000
-296.4189 0.0000
-296.2157 0.0000
-296.0869 0.0000
-296.2193 0.0000
-296.5460 0.0000
-297.0853 0.0000
-296.3698 0.0000
-296.5057 0.0000
-296.2740 0.0000
-297.2159 0.0000
-297.5887 0.0000
-297.9462 0.0000
-297.3539 0.0000
-297.7559 0.0000
-298.3574 0.0000
-298.5193 0.0000
-298.8772 0.0000
-299.2703 0.0000
-299.6344 0.0000
-297.5762 0.0000
-296.9549 0.0000
-297.2264 0.0000
-297.8822 0.0000
-298.2931 0.0000
-298.4302 0.0000
-299.3111 0.0000
-299.1575 0.0000
-298.6066 0.0000
-299.8236 0.0000
-298.3336 0.0000
-300.0753 0.0000
-300.0136 0.0000
-299.1153 0.0000
-299.5697 0.0000
-298.8597 0.0000
-298.5378 0.0000
-299.3849 0.0000
-299.6203 0.0000
-299.5206 0.0000
-300.5832 0.0000
-300.1293 0.0000
-300.6391 0.0000
-301.6497 0.0000
-300.1448 0.0000
-300.1959 0.0000
-300.4847 0.0000
-298.9795 0.0000
-301.2199 0.0000
-300.0724 0.0000
-300.7446 0.0000
-301.3623 0.0000
-301.0302 0.0000
-299.5007 0.0000
-301.8387 0.0000
-300.0741 0.0000
-301.0561 0.0000
-301.1770 0.0000
-301.9138 0.0000
-301.0542 0.0000
-300.6914 0.0000
-300.1380 0.0000
-300.5601 0.0000
-300.1650 0.0000
-300.4035 0.0000
-299.8928 0.0000
-300.1091 0.0000
-300.1146 0.0000
-300.8344 0.0000
-298.9985 0.0000
-299.2413 0.0000
-299.6205 0.0000
-299.9223 0.0000
-300.5345 0.0000
-301.3894 0.0000
-301.7152 0.0000
-302.0999 0.0000
-302.9205 0.0000
-302.1387 0.0000
-302.4515 0.0000
-303.0248 0.0000
-303.2418 0.0000
-303.8680 0.0000
-303.7838 0.0000
-303.8438 0.0000
-303.8628 0.0000
-304.0809 0.0000
-303.9231 0.0000
-303.1204 0.0000
-303.6164 0.0000
-304.4383 0.0000
-302.6613 0.0000
-303.6145 0.0000
-303.4215 0.0000
-304.4862 0.0000
-303.5548 0.0000
-303.2564 0.0000
-303.3595 0.0000
-302.9028 0.0000
-303.4001 0.0000
-304.4000 0.0000
-302.7537 0.0000
-303.0793 0.0000
-302.9659 0.0000
-301.6661 0.0000
-301.5150 0.0000
-301.1250 0.0000
-300.9167 0.0000
-300.7279 0.0000
-301.1908 0.0000
-302.7663 0.0000
-301.6606 0.0000
-301.1521 0.0000
-301.2964 0.0000
-301.7306 0.0000
-302.1159 0.0000
-301.4834 0.0000
-300.7411 0.0000
-301.7823 0.0000
-302.4122 0.0000
-301.5391 0.0000
-302.3152 0.0000
-302.7911 0.0000
-302.8403 0.0000
-302.9592 0.0000
-301.9880 0.0000
-303.1154 0.0000
-302.7769 0.0000
-302.9680 0.0000
-302.0742 0.0000
-301.6693 0.0000
-301.4617 0.0000
-302.4039 0.0000
-302.7463 0.0000
-301.6619 0.0000
-301.8215 0.0000
-302.3684 0.0000
-302.4717 0.0000
-302.2182 0.0000
-302.4539 0.0000
-301.9107 0.0000
-302.6489 0.0000
-302.0047 0.0000
-302.1243 0.0000
-302.9566 0.0000
-304.1675 0.0000
-304.7685 0.0000
-305.7802 0.0000
-307.9264 0.0000
-306.2671 0.0000
-308.1797 0.0000
-307.7157 0.0000
-305.9629 0.0000
-304.9907 0.0000
-305.6738 0.0000
-304.5613 0.0000
-304.3361 0.0000
-305.2480 0.0000
-305.5680 0.0000
-305.4997 0.0000
-304.7216 0.0000
-305.1367 0.0000
-305.4089 0.0000
-306.3140 0.0000
-306.5337 0.0000
-306.2949 0.0000
-307.3821 0.0000
-305.8194 0.0000
-304.5426 0.0000
-304.8257 0.0000
-304.2426 0.0000
-305.0114 0.0000
-306.9748 0.0000
-307.3494 0.0000
-304.9913 0.0000
-304.0364 0.0000
-302.6498 0.0000
-301.6009 0.0000
-302.0891 0.0000
-302.2325 0.0000
-301.2027 0.0000
-300.5850 0.0000
-300.3768 0.0000
-301.4435 0.0000
-300.4254 0.0000
-299.5745 0.0000
-300.0225 0.0000
-300.0794 0.0000
-301.3693 0.0000
-300.5280 0.0000
-300.3873 0.0000
-299.0861 0.0000
-299.2156 0.0000
-298.7418 0.0000
-298.2044 0.0000
-298.4846 0.0000
-298.9811 0.0000
-298.4163 0.0000
-297.3951 0.0000
-297.3378 0.0000
-297.5827 0.0000
-297.2967 0.0000
-297.6163 0.0000
-296.9157 0.0000
-299.3014 0.0000
-299.1194 0.0000
-299.4888 0.0000
-298.9566 0.0000
-300.2290 0.0000
-300.4544 0.0000
-301.1876 0.0000
-302.1263 0.0000
-304.3265 0.0000
-303.5211 0.0000
-300.6502 0.0000
-299.3826 0.0000
-299.3127 0.0000
-298.8773 0.0000
-300.6196 0.0000
-301.3157 0.0000
-301.9781 0.0000
-301.4680 0.0000
-301.4057 0.0000
-300.4310 0.0000
-301.8261 0.0000
-301.5032 0.0000
-300.4048 0.0000
-299.9324 0.0000
-299.7959 0.0000
-299.2765 0.0000
-299.5259 0.0000
-300.6375 0.0000
-301.5723 0.0000
-301.2591 0.0000
-298.3204 0.0000
-298.4069 0.0000
-299.5246 0.0000
-297.9196 0.0000
-299.4622 0.0000
-299.8696 0.0000
-298.5442 0.0000
-298.7105 0.0000
-297.8511 0.0000
-297.2476 0.0000
-297.3681 0.0000
-297.4127 0.0000
-296.0877 0.0000
-295.7909 0.0000
-296.2578 0.0000
-295.9287 0.0000
-297.4691 0.0000
-298.5453 0.0000
-297.9239 0.0000
-297.3803 0.0000
-296.8073 0.0000
-297.0201 0.0000
-297.1285 0.0000
-296.4156 0.0000
-297.5456 0.0000
-297.2027 0.0000
-297.1185 0.0000
-299.3721 0.0000
-299.0833 0.0000
-299.4640 0.0000
-300.3144 0.0000
-298.9392 0.0000
-299.6147 0.0000
-300.7716 0.0000
-300.7901 0.0000
-302.1922 0.0000
-302.4569 0.0000
-302.9164 0.0000
-305.7353 0.0000
-305.3137 0.0000
-307.2802 0.0000
-308.1356 0.0000
-308.5954 0.0000
-307.6096 0.0000
-308.0002 0.0000
-309.2391 0.0000
-309.8120 0.0000
-310.3778 0.0000
-310.4659 0.0000
-311.0035 0.0000
-312.5861 0.0000
-314.2206 0.0000
-312.0001 0.0000
-311.4858 0.0000
-311.6389 0.0000
-311.7815 0.0000
-311.7640 0.0000
-310.0823 0.0000
-308.5813 0.0000
-306.2116 0.0000
-305.1581 0.0000
-304.3600 0.0000
-306.6729 0.0000
-306.3801 0.0000
-306.1350 0.0000
-306.0476 0.0000
-304.6816 0.0000
-304.4514 0.0000
-302.8163 0.0000
-303.9600 0.0000
-304.2895 0.0000
-304.2310 0.0000
-303.3313 0.0000
-305.1605 0.0000
-307.2795 0.0000
-308.6911 0.0000
-310.6184 0.0000
-312.0013 0.0000
-312.0712 0.0000
-310.5638 0.0000
-310.4498 0.0000
-311.5350 0.0000
-312.0552 0.0000
-311.9485 0.0000
-311.1009 0.0000
-311.6262 0.0000
-310.4051 0.0000
-308.9032 0.0000
-310.9928 0.0000
-311.8960 0.0000
-311.1747 0.0000
-310.6245 0.0000
-310.5010 0.0000
-309.1054 0.0000
-308.6647 0.0000
-309.2690 0.0000
-310.7846 0.0000
-309.3817 0.0000
-309.1357 0.0000
-309.4671 0.0000
-310.0348 0.0000
-310.7582 0.0000
-309.7040 0.0000
-312.1093 0.0000
-311.6195 0.0000
-311.2905 0.0000
-311.4264 0.0000
-310.4131 0.0000
-311.1415 0.0000
-310.3940 0.0000
-310.9462 0.0000
-309.9905 0.0000
-310.2232 0.0000
-309.5940 0.0000
-308.0563 0.0000
-308.0448 0.0000
-306.5710 0.0000
-307.1063 0.0000
-306.7003 0.0000
-305.8290 0.0000
-307.4884 0.0000
-307.9898 0.0000
-308.3242 0.0000
-308.1440 0.0000
-309.0262 0.0000
-308.6284 0.0000
-307.9844 0.0000
-307.2607 0.0000
-305.7276 0.0000
-306.3643 0.0000
-306.7511 0.0000
-308.1523 0.0000
-307.6085 0.0000
-307.1241 0.0000
-304.7808 0.0000
-304.4893 0.0000
-305.1925 0.0000
-304.2422 0.0000
-302.4092 0.0000
-301.5586 0.0000
-299.2317 0.0000
-300.9423 0.0000
-300.6909 0.0000
-303.0589 0.0000
-303.7425 0.0000
-303.9468 0.0000
-303.1176 0.0000
-303.0996 0.0000
-301.6935 0.0000
-303.5459 0.0000
-303.5886 0.0000
-303.9724 0.0000
-302.7848 0.0000
-304.4867 0.0000
-302.9494 0.0000
-303.6586 0.0000
-305.3056 0.0000
-304.3994 0.0000
-302.9498 0.0000
-304.4697 0.0000
-305.1080 0.0000
-304.2644 0.0000
-304.3184 0.0000
-303.9725 0.0000
-303.6640 0.0000
-304.1619 0.0000
-303.0722 0.0000
-301.9606 0.0000
-302.2472 0.0000
-303.3375 0.0000
-303.6980 0.0000
-304.1259 0.0000
-305.3155 0.0000
-304.7991 0.0000
-305.5009 0.0000
-307.4500 0.0000
-307.6136 0.0000
-305.4144 0.0000
-305.3752 0.0000
-306.0650 0.0000
-307.2945 0.0000
-306.8047 0.0000
-308.7093 0.0000
-308.1758 0.0000
-309.4371 0.0000
-310.0235 0.0000
-310.2158 0.0000
-310.7318 0.0000
-310.9519 0.0000
-311.4762 0.0000
-314.2090 0.0000
-315.9697 0.0000
-314.2171 0.0000
-314.2257 0.0000
-313.1103 0.0000
-313.1539 0.0000
-314.6064 0.0000
-311.9260 0.0000
-313.0984 0.0000
-313.3432 0.0000
-314.0147 0.0000
-312.8984 0.0000
-312.2814 0.0000
-314.1056 0.0000
-313.0769 0.0000
-312.6971 0.0000
-311.7452 0.0000
-311.6232 0.0000
-309.9698 0.0000
-309.3140 0.0000
-309.6632 0.0000
-309.6775 0.0000
-310.7264 0.0000
-310.2128 0.0000
-311.2772 0.0000
-310.6419 0.0000
-310.2539 0.0000
-310.7096 0.0000
-310.8569 0.0000
-309.9598 0.0000
-310.0598 0.0000
-311.1286 0.0000
-310.1667 0.0000
-310.8232 0.0000
-311.1794 0.0000
-311.4792 0.0000
-312.0199 0.0000
-312.8180 0.0000
-311.8786 0.0000
-312.6441 0.0000
-311.8358 0.0000
-310.2538 0.0000
-309.8432 0.0000
-308.4079 0.0000
-307.3484 0.0000
-306.1912 0.0000
-307.4664 0.0000
-306.6451 0.0000
-304.9307 0.0000
-304.9741 0.0000
-305.3739 0.0000
-305.0008 0.0000
-305.5147 0.0000
-305.2183 0.0000
-304.5194 0.0000
-302.7692 0.0000
-301.9961 0.0000
-302.2115 0.0000
-302.3231 0.0000
-300.3873 0.0000
-300.7017 0.0000
-299.7936 0.0000
-301.4844 0.0000
-299.1944 0.0000
-299.5010 0.0000
-300.6852 0.0000
-300.7257 0.0000
-300.8713 0.0000
-299.0101 0.0000
-297.2331 0.0000
-296.6968 0.0000
-295.2321 0.0000
-296.3304 0.0000
-295.1321 0.0000
-294.9580 0.0000
-295.2167 0.0000
-294.8405 0.0000
-295.6943 0.0000
-294.3521 0.0000
-294.3107 0.0000
-294.7747 0.0000
-294.6131 0.0000
-294.3066 0.0000
-294.4410 0.0000
-294.4381 0.0000
-294.3574 0.0000
-293.2288 0.0000
-293.2048 0.0000
-293.9063 0.0000
-291.3884 0.0000
-292.4443 0.0000
-292.1760 0.0000
-290.4292 0.0000
-289.6365 0.0000
-290.5848 0.0000
-291.7659 0.0000
-290.7411 0.0000
-290.9975 0.0000
-291.0276 0.0000
-292.6069 0.0000
-292.2189 0.0000
-293.2742 0.0000
-291.1442 0.0000
-290.5227 0.0000
-290.5413 0.0000
-290.8051 0.0000
-290.4069 0.0000
-289.6279 0.0000
-290.0431 0.0000
-291.2003 0.0000
-290.4641 0.0000
-290.5904 0.0000
-290.7004 0.0000
-290.4391 0.0000
-289.7206 0.0000
-289.4815 0.0000
-288.6960 0.0000
-287.5033 0.0000
-287.8491 0.0000
-287.3435 0.0000
-286.9869 0.0000
-287.9891 0.0000
-286.9768 0.0000
-288.4801 0.0000
-290.7376 0.0000
-291.6959 0.0000
-290.7499 0.0000
-292.4242 0.0000
-293.6460 0.0000
-291.9407 0.0000
-292.8760 0.0000
-290.2333 0.0000
-291.7301 0.0000
-291.2766 0.0000
-291.0574 0.0000
-289.5304 0.0000
-291.4537 0.0000
-290.8354 0.0000
-291.4539 0.0000
-289.8106 0.0000
-289.4586 0.0000
-289.5304 0.0000
-288.2425 0.0000
-289.5751 0.0000
-287.8355 0.0000
-289.0439 0.0000
-289.0586 0.0000
-288.3763 0.0000
-287.3323 0.0000
-287.5833 0.0000
-289.3623 0.0000
-286.9999 0.0000
-289.0259 0.0000
-286.7401 0.0000
-287.4748 0.0000
-285.8701 0.0000
-284.0240 0.0000
-283.1563 0.0000
-282.1819 0.0000
-281.0883 0.0000
-280.4856 0.0000
-281.2598 0.0000
-282.2100 0.0000
-282.6021 0.0000
-283.3624 0.0000
-281.4636 0.0000
-283.3848 0.0000
-283.1155 0.0000
-283.0066 0.0000
-283.0870 0.0000
-281.9841 0.0000
-283.3009 0.0000
-283.1816 0.0000
-282.6323 0.0000
-282.8719 0.0000
-283.7334 0.0000
-282.3327 0.0000
-281.9289 0.0000
-282.0566 0.0000
-282.4624 0.0000
-283.7268 0.0000
-283.4340 0.0000
-282.9866 0.0000
-284.3111 0.0000
-283.3482 0.0000
-282.1232 0.0000
-284.2240 0.0000
-283.0158 0.0000
-284.6543 0.0000
-283.5157 0.0000
-283.5975 0.0000
-284.1029 0.0000
-284.5089 0.0000
-284.0056 0.0000
-284.1154 0.0000
-284.8055 0.0000
-285.4212 0.0000
-287.3484 0.0000
-287.8891 0.0000
-288.1844 0.0000
-287.9361 0.0000
-289.1012 0.0000
-289.0458 0.0000
-288.4615 0.0000
-288.5487 0.0000
-287.3307 0.0000
-287.4827 0.0000
-287.2224 0.0000
-288.5476 0.0000
-287.7085 0.0000
-288.7567 0.0000
-288.1156 0.0000
-288.3888 0.0000
-287.2710 0.0000
-287.6755 0.0000
-287.3778 0.0000
-288.6162 0.0000
-288.4076 0.0000
-288.4887 0.0000
-290.2456 0.0000
-289.5202 0.0000
-291.3473 0.0000
-292.8274 0.0000
-295.0287 0.0000
-291.5096 0.0000
-291.5888 0.0000
-292.0252 0.0000
-291.8652 0.0000
-290.8779 0.0000
-290.2322 0.0000
-290.4203 0.0000
-290.7610 0.0000
-291.4698 0.0000
-290.0067 0.0000
-288.1624 0.0000
-287.3296 0.0000
-288.0069 0.0000
-288.5023 0.0000
-289.2829 0.0000
-287.7912 0.0000
-289.1855 0.0000
-290.3850 0.0000
-289.9974 0.0000
-289.8019 0.0000
-290.4452 0.0000
-290.7147 0.0000
-290.4636 0.0000
-290.9841 0.0000
-291.2093 0.0000
-291.6468 0.0000
-292.2538 0.0000
-290.7646 0.0000
-290.8445 0.0000
-290.0081 0.0000
-291.3857 0.0000
-292.1686 0.0000
-291.0613 0.0000
-288.9757 0.0000
-291.6093 0.0000
-290.5024 0.0000
-291.7383 0.0000
-290.2238 0.0000
-290.8450 0.0000
-291.7052 0.0000
-291.2454 0.0000
-291.5771 0.0000
-292.4123 0.0000
-292.3635 0.0000
-291.9185 0.0000
-291.4513 0.0000
-291.9083 0.0000
-292.1010 0.0000
-291.9707 0.0000
-291.5533 0.0000
-292.1776 0.0000
-291.3344 0.0000
-291.0730 0.0000
-291.8066 0.0000
-291.2662 0.0000
-292.5812 0.0000
-290.9624 0.0000
-292.0420 0.0000
-293.2012 0.0000
-293.5663 0.0000
-293.8716 0.0000
-293.7275 0.0000
-293.5228 0.0000
-294.2615 0.0000
-294.4583 0.0000
-295.0876 0.0000
-294.5442 0.0000
-295.6287 0.0000
-293.9798 0.0000
-293.6746 0.0000
-292.1342 0.0000
-291.2859 0.0000
-291.1842 0.0000
-291.8983 0.0000
-293.3433 0.0000
-292.6073 0.0000
-293.3608 0.0000
-293.8067 0.0000
-293.7897 0.0000
-293.9765 0.0000
-293.4649 0.0000
-293.1481 0.0000
-292.1454 0.0000
-292.5120 0.0000
-292.1228 0.0000
-292.9503 0.0000
-291.4409 0.0000
-291.6050 0.0000
-291.9351 0.0000
-291.2527 0.0000
-290.3011 0.0000
-289.9176 0.0000
-289.9656 0.0000
-289.0179 0.0000
-288.4801 0.0000
-288.3025 0.0000
-288.1890 0.0000
-288.0965 0.0000
-288.7276 0.0000
-287.1917 0.0000
-287.4743 0.0000
-287.9854 0.0000
-286.8847 0.0000
-287.0315 0.0000
-286.5881 0.0000
-286.5451 0.0000
-286.1723 0.0000
-285.6363 0.0000
-287.1173 0.0000
-286.7300 0.0000
-287.4132 0.0000
-286.8926 0.0000
-287.4678 0.0000
-287.0716 0.0000
-287.4103 0.0000
-287.4604 0.0000
-288.5205 0.0000
-288.1230 0.0000
-286.7548 0.0000
-288.0775 0.0000
-287.4327 0.0000
-287.2992 0.0000
-286.7407 0.0000
-286.8575 0.0000
-287.4408 0.0000
-287.0997 0.0000
-287.0893 0.0000
-286.5624 0.0000
-287.3288 0.0000
-285.9755 0.0000
-286.3903 0.0000
-285.7537 0.0000
-287.4270 0.0000
-285.8203 0.0000
-284.9576 0.0000
-286.2940 0.0000
-285.5127 0.0000
-283.1500 0.0000
-283.4607 0.0000
-283.9979 0.0000
-283.9259 0.0000
-283.5181 0.0000
-284.3862 0.0000
-284.2462 0.0000
-284.2457 0.0000
-284.7055 0.0000
-283.8943 0.0000
-284.7823 0.0000
-283.5231 0.0000
-282.5752 0.0000
-284.0656 0.0000
-284.3145 0.0000
-283.7123 0.0000
-283.1465 0.0000
-284.5491 0.0000
-283.4165 0.0000
-283.7221 0.0000
-284.2475 0.0000
-283.0351 0.0000
-286.0425 0.0000
-285.5468 0.0000
-285.1683 0.0000
-285.2724 0.0000
-285.9543 0.0000
-284.8084 0.0000
-285.2351 0.0000
-284.7233 0.0000
-286.9254 0.0000
-287.5707 0.0000
-288.5321 0.0000
-289.5967 0.0000
-289.8919 0.0000
-288.3721 0.0000
-289.6281 0.0000
-288.8470 0.0000
-290.7183 0.0000
-290.3371 0.0000
-288.8556 0.0000
-290.1541 0.0000
-289.8994 0.0000
-289.9610 0.0000
-290.4077 0.0000
-290.5491 0.0000
-291.1082 0.0000
-290.0477 0.0000
-290.1193 0.0000
-290.5563 0.0000
-290.5095 0.0000
-289.8047 0.0000
-289.3731 0.0000
-289.0464 0.0000
-290.9013 0.0000
-290.2720 0.0000
-290.2226 0.0000
-290.8399 0.0000
-291.0879 0.0000
-290.8399 0.0000
-290.9131 0.0000
-291.0362 0.0000
-289.5802 0.0000
-289.7974 0.0000
-288.7746 0.0000
-289.9137 0.0000
-289.0744 0.0000
-289.7401 0.0000
-291.0769 0.0000
-288.5184 0.0000
-288.6975 0.0000
-288.6512 0.0000
-288.6802 0.0000
-289.1687 0.0000
-289.8260 0.0000
-290.0087 0.0000
-290.0515 0.0000
-290.3602 0.0000
-289.8351 0.0000
-290.9952 0.0000
-289.5321 0.0000
-289.9286 0.0000
-290.5257 0.0000
-290.2565 0.0000
-289.7780 0.0000
-289.0836 0.0000
-290.3950 0.0000
-290.4670 0.0000
-289.5642 0.0000
-289.7661 0.0000
-290.0837 0.0000
-290.0079 0.0000
-290.9758 0.0000
-288.7552 0.0000
-290.0801 0.0000
-291.0212 0.0000
-292.3141 0.0000
-291.5549 0.0000
-290.3468 0.0000
-290.4961 0.0000
-289.2280 0.0000
-287.9907 0.0000
-289.5034 0.0000
-289.2449 0.0000
-289.7843 0.0000
-290.8420 0.0000
-290.9965 0.0000
-291.4672 0.0000
-291.0855 0.0000
-291.8704 0.0000
-290.4267 0.0000
-290.2218 0.0000
-290.3687 0.0000
-291.3853 0.0000
-290.8653 0.0000
-289.6710 0.0000
-290.7048 0.0000
-289.7276 0.0000
-290.8528 0.0000
-289.3483 0.0000
-288.5862 0.0000
-288.3317 0.0000
-288.8463 0.0000
-290.1803 0.0000
-289.0230 0.0000
-289.2041 0.0000
-288.3408 0.0000
-288.4184 0.0000
-288.4504 0.0000
-289.4033 0.0000
-288.6946 0.0000
-287.5012 0.0000
-288.5921 0.0000
-287.8956 0.0000
-288.6181 0.0000
-288.2748 0.0000
-287.5325 0.0000
-285.9490 0.0000
-287.5917 0.0000
-287.1240 0.0000
-286.2620 0.0000
-287.3390 0.0000
-286.1778 0.0000
-286.1499 0.0000
-285.9563 0.0000
-287.6451 0.0000
-288.1117 0.0000
-286.7002 0.0000
-287.7521 0.0000
-288.2754 0.0000
-288.1502 0.0000
-288.0895 0.0000
-288.5984 0.0000
-288.8982 0.0000
-289.2529 0.0000
-289.4815 0.0000
-289.4318 0.0000
-288.7311 0.0000
-290.9539 0.0000
-288.4242 0.0000
-289.1474 0.0000
-288.7791 0.0000
-287.0060 0.0000
-287.3219 0.0000
-286.9078 0.0000
-286.9278 0.0000
-287.5459 0.0000
-287.1046 0.0000
-287.7526 0.0000
-287.1588 0.0000
-287.5983 0.0000
-285.1710 0.0000
-288.2241 0.0000
-288.6455 0.0000
-289.4082 0.0000
-288.7409 0.0000
-287.3396 0.0000
-289.1191 0.0000
-289.4748 0.0000
-289.1446 0.0000
-288.6368 0.0000
-290.4287 0.0000
-290.2706 0.0000
-290.7936 0.0000
-291.6599 0.0000
-290.0266 0.0000
-291.0395 0.0000
-290.6858 0.0000
-290.4728 0.0000
-291.2874 0.0000
-290.1432 0.0000
-288.9423 0.0000
-289.6579 0.0000
-288.8558 0.0000
-290.6631 0.0000
-291.6002 0.0000
-290.2878 0.0000
-291.4030 0.0000
-291.8349 0.0000
-291.9173 0.0000
-290.1793 0.0000
-290.4176 0.0000
-290.4550 0.0000
-289.0572 0.0000
-290.6072 0.0000
-290.9998 0.0000
-290.5105 0.0000
-290.3349 0.0000
-292.2993 0.0000
-289.8118 0.0000
-291.2616 0.0000
-292.3227 0.0000
-291.5644 0.0000
-292.3328 0.0000
-293.4054 0.0000
-292.8295 0.0000
-295.3111 0.0000
-297.4354 0.0000
-295.5742 0.0000
-294.6614 0.0000
-295.2927 0.0000
-295.0487 0.0000
-295.1785 0.0000
-295.7440 0.0000
-295.1774 0.0000
-296.1308 0.0000
-296.5435 0.0000
-295.1636 0.0000
-295.8975 0.0000
-295.1060 0.0000
-295.4677 0.0000
-294.8093 0.0000
-295.5088 0.0000
-296.5595 0.0000
-295.9699 0.0000
-296.1878 0.0000
-295.8557 0.0000
-296.3106 0.0000
-295.1911 0.0000
-294.8650 0.0000
-294.3419 0.0000
-295.0288 0.0000
-296.6202 0.0000
-296.3698 0.0000
-296.7007 0.0000
-295.2569 0.0000
-292.8824 0.0000
-291.4127 0.0000
-293.0885 0.0000
-291.8110 0.0000
-290.5369 0.0000
-291.4486 0.0000
-291.9683 0.0000
-291.7467 0.0000
-290.3442 0.0000
-290.7412 0.0000
-292.5290 0.0000
-289.0283 0.0000
-291.2390 0.0000
-291.5644 0.0000
-292.8549 0.0000
-293.6114 0.0000
-290.3174 0.0000
-288.5175 0.0000
-289.0393 0.0000
-287.9947 0.0000
-289.5868 0.0000
-287.8280 0.0000
-289.3430 0.0000
-287.8839 0.0000
-288.2752 0.0000
-288.0952 0.0000
-287.8809 0.0000
-289.4961 0.0000
-291.1968 0.0000
-290.8234 0.0000
-290.2553 0.0000
-289.5700 0.0000
-290.7087 0.0000
-289.8777 0.0000
-291.0292 0.0000
-290.9789 0.0000
-290.3738 0.0000
-290.0692 0.0000
-289.9887 0.0000
-290.3877 0.0000
-288.8302 0.0000
-290.3735 0.0000
-290.0374 0.0000
-291.4703 0.0000
-290.1325 0.0000
-289.2983 0.0000
-291.4190 0.0000
-291.4259 0.0000
-289.7639 0.0000
-290.8296 0.0000
-291.4710 0.0000
-290.3650 0.0000
-290.7343 0.0000
-290.0331 0.0000
-290.7026 0.0000
-293.7342 0.0000
-293.1295 0.0000
-293.4942 0.0000
-292.9313 0.0000
-295.5601 0.0000
-292.2967 0.0000
-292.3381 0.0000
-291.1329 0.0000
-291.7852 0.0000
-290.4276 0.0000
-289.4755 0.0000
-291.6861 0.0000
-289.6767 0.0000
-290.8989 0.0000
-291.9344 0.0000
-291.9750 0.0000
-291.2518 0.0000
-291.4447 0.0000
-291.7340 0.0000
-289.0053 0.0000
-289.5950 0.0000
-290.3540 0.0000
-289.5578 0.0000
-290.1207 0.0000
-288.4802 0.0000
-289.1549 0.0000
-287.0710 0.0000
-288.5475 0.0000
-287.9487 0.0000
-287.4982 0.0000
-289.1770 0.0000
-287.8414 0.0000
-287.5666 0.0000
-289.0529 0.0000
-287.9163 0.0000
-287.8465 0.0000
-288.3638 0.0000
-287.3564 0.0000
-286.9616 0.0000
-285.8479 0.0000
-286.2401 0.0000
-288.4592 0.0000
-286.0206 0.0000
-286.2038 0.0000
-285.4465 0.0000
-284.2579 0.0000
-284.9027 0.0000
-285.3581 0.0000
-284.9766 0.0000
-285.3021 0.0000
-283.7421 0.0000
-285.4514 0.0000
-285.4391 0.0000
-284.5786 0.0000
-285.2183 0.0000
-284.9206 0.0000
-284.4963 0.0000
-285.4138 0.0000
-285.8544 0.0000
-285.5871 0.0000
-285.4659 0.0000
-285.8159 0.0000
-285.2262 0.0000
-284.5572 0.0000
-283.4729 0.0000
-283.5822 0.0000
-283.2246 0.0000
-283.2018 0.0000
-283.3485 0.0000
-282.7880 0.0000
-285.2179 0.0000
-283.4329 0.0000
-284.5815 0.0000
-283.7826 0.0000
-283.2248 0.0000
-283.3210 0.0000
-284.4133 0.0000
-284.7835 0.0000
-284.6210 0.0000
-284.5641 0.0000
-283.4204 0.0000
-284.7551 0.0000
-282.4440 0.0000
-282.7016 0.0000
-283.2431 0.0000
-282.9335 0.0000
-282.2672 0.0000
-284.4893 0.0000
-283.5107 0.0000
-282.3498 0.0000
-281.6202 0.0000
-283.0681 0.0000
-283.2822 0.0000
-282.1942 0.0000
-283.2175 0.0000
-281.7108 0.0000
-284.3110 0.0000
-285.4392 0.0000
-284.9992 0.0000
-285.1016 0.0000
-284.1872 0.0000
-285.9855 0.0000
-286.3560 0.0000
-285.5155 0.0000
-285.9282 0.0000
-285.6741 0.0000
-286.9771 0.0000
-286.2608 0.0000
-285.5592 0.0000
-285.7944 0.0000
-284.6316 0.0000
-285.2597 0.0000
-285.7533 0.0000
-285.2751 0.0000
-283.5718 0.0000
-284.2826 0.0000
-284.5875 0.0000
-284.8788 0.0000
-285.4780 0.0000
-285.3116 0.0000
-284.2634 0.0000
-285.6565 0.0000
-284.4996 0.0000
-284.5703 0.0000
-282.9329 0.0000
-281.7510 0.0000
-281.2336 0.0000
-281.5398 0.0000
-280.0384 0.0000
-279.9406 0.0000
-279.6477 0.0000
-280.4282 0.0000
-280.3155 0.0000
-280.5864 0.0000
-280.5865 0.0000
-279.8826 0.0000
-279.8134 0.0000
-280.3480 0.0000
-279.8904 0.0000
-280.2245 0.0000
-280.0532 0.0000
-280.1585 0.0000
-280.0206 0.0000
-278.4439 0.0000
-279.2869 0.0000
-278.5151 0.0000
-280.1644 0.0000
-278.9231 0.0000
-278.5735 0.0000
-278.1532 0.0000
-277.9085 0.0000
-278.7206 0.0000
-278.8252 0.0000
-279.1588 0.0000
-279.0173 0.0000
-280.6406 0.0000
-281.4449 0.0000
-283.0207 0.0000
-283.7086 0.0000
-283.7874 0.0000
-284.7021 0.0000
-283.7998 0.0000
-283.6201 0.0000
-283.1056 0.0000
-282.7723 0.0000
-281.8902 0.0000
-281.6424 0.0000
-282.9359 0.0000
-283.6910 0.0000
-283.1866 0.0000
-283.6556 0.0000
-284.0547 0.0000
-283.8169 0.0000
-283.0101 0.0000
-283.9266 0.0000
-284.3788 0.0000
-282.7317 0.0000
-283.9826 0.0000
-283.2698 0.0000
-282.3692 0.0000
-283.1234 0.0000
-283.0197 0.0000
-282.7477 0.0000
-281.2324 0.0000
-281.1141 0.0000
-282.0337 0.0000
-283.4632 0.0000
-282.7500 0.0000
-282.5487 0.0000
-282.6065 0.0000
-283.3278 0.0000
-283.3437 0.0000
-285.3386 0.0000
-285.1927 0.0000
-284.7638 0.0000
-284.0618 0.0000
-285.1912 0.0000
-285.5375 0.0000
-284.7195 0.0000
-284.7129 0.0000
-285.2442 0.0000
-284.6042 0.0000
-282.7068 0.0000
-281.3583 0.0000
-281.0978 0.0000
-281.2478 0.0000
-281.4701 0.0000
-280.1116 0.0000
-279.8385 0.0000
-280.5908 0.0000
-282.0190 0.0000
-280.0466 0.0000
-279.5940 0.0000
-280.3934 0.0000
-279.4564 0.0000
-279.6039 0.0000
-279.4677 0.0000
-279.2983 0.0000
-278.0534 0.0000
-279.0955 0.0000
-279.5324 0.0000
-278.2009 0.0000
-277.5690 0.0000
-277.2377 0.0000
-275.8223 0.0000
-275.3563 0.0000
-276.1752 0.0000
-276.8282 0.0000
-276.9383 0.0000
-277.5502 0.0000
-277.8910 0.0000
-277.4445 0.0000
-278.8151 0.0000
-277.6672 0.0000
-278.2089 0.0000
-279.0016 0.0000
-278.8558 0.0000
-278.8815 0.0000
-278.5265 0.0000
-278.0491 0.0000
-279.0075 0.0000
-280.1405 0.0000
-280.0721 0.0000
-280.7116 0.0000
-281.4308 0.0000
-282.6338 0.0000
-281.8873 0.0000
-280.8924 0.0000
-282.4292 0.0000
-281.5090 0.0000
-281.2778 0.0000
-280.9141 0.0000
-281.2115 0.0000
-282.4960 0.0000
-280.0616 0.0000
-281.3582 0.0000
-281.9491 0.0000
-281.8456 0.0000
-282.5517 0.0000
-282.4273 0.0000
-283.7999 0.0000
-281.8186 0.0000
-280.0132 0.0000
-278.2859 0.0000
-281.5363 0.0000
-280.1059 0.0000
-279.5091 0.0000
-280.7950 0.0000
-278.8517 0.0000
-278.3089 0.0000
-276.9672 0.0000
-278.6268 0.0000
-277.5816 0.0000
-278.5690 0.0000
-276.4500 0.0000
-277.8050 0.0000
-280.1208 0.0000
-279.3268 0.0000
-277.1551 0.0000
-277.5199 0.0000
-277.5788 0.0000
-278.7637 0.0000
-279.1140 0.0000
-279.8509 0.0000
-277.1809 0.0000
-279.1057 0.0000
-278.1129 0.0000
-278.7874 0.0000
-277.2702 0.0000
-276.6529 0.0000
-278.2940 0.0000
-277.6690 0.0000
-276.2171 0.0000
-275.7276 0.0000
-276.5678 0.0000
-275.8780 0.0000
-275.7437 0.0000
-276.6640 0.0000
-277.2786 0.0000
-276.8757 0.0000
-275.2012 0.0000
-276.3840 0.0000
-276.1000 0.0000
-275.7980 0.0000
-277.1177 0.0000
-275.8708 0.0000
-276.5762 0.0000
-276.3226 0.0000
-276.3656 0.0000
-276.0727 0.0000
-275.2140 0.0000
-275.6032 0.0000
-275.8736 0.0000
-276.0184 0.0000
-276.2451 0.0000
-275.7768 0.0000
-277.5793 0.0000
-275.4276 0.0000
-275.3486 0.0000
-275.5651 0.0000
-274.6653 0.0000
-274.3680 0.0000
-274.5275 0.0000
-273.2619 0.0000
-272.8201 0.0000
-272.9680 0.0000
-273.2235 0.0000
-272.6198 0.0000
-272.9200 0.0000
-272.9654 0.0000
-272.4696 0.0000
-272.2425 0.0000
-272.3431 0.0000
-273.1255 0.0000
-270.8219 0.0000
-270.2220 0.0000
-270.2327 0.0000
-270.4108 0.0000
-271.4258 0.0000
-271.1579 0.0000
-272.8654 0.0000
-271.2055 0.0000
-271.4580 0.0000
-271.9530 0.0000
-271.6161 0.0000
-273.1751 0.0000
-274.4849 0.0000
-272.7315 0.0000
-271.8503 0.0000
-273.8110 0.0000
-275.5075 0.0000
-275.0332 0.0000
-275.1753 0.0000
-274.7760 0.0000
-274.7587 0.0000
-274.9356 0.0000
-274.4179 0.0000
-275.2489 0.0000
-274.2818 0.0000
-275.0301 0.0000
-274.9344 0.0000
-276.0799 0.0000
-276.3766 0.0000
-275.7165 0.0000
-277.8938 0.0000
-279.2171 0.0000
-277.6069 0.0000
-277.7805 0.0000
-276.5365 0.0000
-277.9205 0.0000
-277.5164 0.0000
-279.8464 0.0000
-279.9236 0.0000
-281.1988 0.0000
-281.7388 0.0000
-281.5187 0.0000
-281.2667 0.0000
-281.6357 0.0000
-279.4445 0.0000
-279.7676 0.0000
-278.3140 0.0000
-276.9990 0.0000
-275.9811 0.0000
-277.1076 0.0000
-278.6130 0.0000
-278.9157 0.0000
-276.5674 0.0000
-278.1839 0.0000
-275.9449 0.0000
-276.5660 0.0000
-278.3191 0.0000
-277.4013 0.0000
-277.9506 0.0000
-276.5837 0.0000
-276.8774 0.0000
-277.3920 0.0000
-276.4688 0.0000
-276.5658 0.0000
-276.1871 0.0000
-276.8547 0.0000
-276.6059 0.0000
-274.7060 0.0000
-276.5010 0.0000
-275.4918 0.0000
-273.6609 0.0000
-274.3766 0.0000
-272.6304 0.0000
-273.5645 0.0000
-272.0303 0.0000
-274.7617 0.0000
-274.0972 0.0000
-274.3169 0.0000
-274.2460 0.0000
-272.9171 0.0000
-272.7321 0.0000
-273.0848 0.0000
-272.9827 0.0000
-272.9030 0.0000
-273.9885 0.0000
-274.0577 0.0000
-272.8169 0.0000
-273.0842 0.0000
-276.2246 0.0000
-274.2109 0.0000
-273.7729 0.0000
-274.5950 0.0000
-274.4783 0.0000
-270.8456 0.0000
-270.7426 0.0000
-268.8196 0.0000
-268.9966 0.0000
-272.7419 0.0000
-274.5318 0.0000
-273.5734 0.0000
-271.5828 0.0000
-273.5707 0.0000
-272.2487 0.0000
-273.2671 0.0000
-271.4898 0.0000
-272.1350 0.0000
-271.0924 0.0000
-270.5199 0.0000
-274.4055 0.0000
-271.0946 0.0000
-271.8656 0.0000
-272.6183 0.0000
-270.2329 0.0000
-272.6415 0.0000
-270.8745 0.0000
-269.9687 0.0000
-270.2307 0.0000
-270.9738 0.0000
-269.8639 0.0000
-268.5875 0.0000
-269.4970 0.0000
-268.4619 0.0000
-268.2255 0.0000
-267.8786 0.0000
-268.9301 0.0000
-268.1465 0.0000
-266.8626 0.0000
-266.6329 0.0000
-268.3536 0.0000
-266.4644 0.0000
-268.4578 0.0000
-266.7247 0.0000
-266.3740 0.0000
-265.4577 0.0000
-264.3439 0.0000
-264.6493 0.0000
-264.1073 0.0000
-264.5665 0.0000
-264.5616 0.0000
-265.3371 0.0000
-265.5752 0.0000
-265.1172 0.0000
-264.8996 0.0000
-265.4008 0.0000
-264.1135 0.0000
-262.2773 0.0000
-263.3122 0.0000
-265.1512 0.0000
-264.9328 0.0000
-264.4114 0.0000
-263.9841 0.0000
-264.2728 0.0000
-263.6542 0.0000
-263.6957 0.0000
-264.4370 0.0000
-264.2930 0.0000
-264.2587 0.0000
-263.9896 0.0000
-264.2043 0.0000
-263.0721 0.0000
-263.6822 0.0000
-263.7584 0.0000
-263.2447 0.0000
-263.2660 0.0000
-262.8701 0.0000
-262.1513 0.0000
-263.9028 0.0000
-263.7720 0.0000
-264.5261 0.0000
-264.9258 0.0000
-264.8803 0.0000
-265.4448 0.0000
-265.5096 0.0000
-265.1633 0.0000
-265.5533 0.0000
-265.1567 0.0000
-265.4248 0.0000
-264.8418 0.0000
-265.1879 0.0000
-265.4243 0.0000
-265.4385 0.0000
-265.2489 0.0000
-264.3183 0.0000
-263.7502 0.0000
-264.1749 0.0000
-263.8994 0.0000
-263.5740 0.0000
-264.6917 0.0000
-263.2938 0.0000
-262.3678 0.0000
-262.7556 0.0000
-261.1979 0.0000
-261.9806 0.0000
-261.6971 0.0000
-260.6971 0.0000
-262.2218 0.0000
-262.5468 0.0000
-262.7348 0.0000
-262.8924 0.0000
-262.4483 0.0000
-263.0803 0.0000
-262.3796 0.0000
-261.7888 0.0000
-261.1249 0.0000
-262.5759 0.0000
-262.8160 0.0000
-263.1809 0.0000
-261.7060 0.0000
-261.1764 0.0000
-262.0808 0.0000
-263.8482 0.0000
-262.9145 0.0000
-263.7177 0.0000
-263.7197 0.0000
-263.2738 0.0000
-263.3533 0.0000
-262.5101 0.0000
-262.1765 0.0000
-260.8276 0.0000
-260.8720 0.0000
-261.7690 0.0000
-261.6667 0.0000
-260.9960 0.0000
-260.4452 0.0000
-260.0613 0.0000
-260.0691 0.0000
-260.3218 0.0000
-261.5045 0.0000
-260.9003 0.0000
-260.7489 0.0000
-260.8255 0.0000
-260.2639 0.0000
-261.2452 0.0000
-260.9107 0.0000
-261.1860 0.0000
-260.5060 0.0000
-259.9449 0.0000
-258.4955 0.0000
-258.7728 0.0000
-258.1778 0.0000
-258.9941 0.0000
-259.7118 0.0000
-258.9166 0.0000
-258.9084 0.0000
-258.5913 0.0000
-258.3735 0.0000
-259.2764 0.0000
-258.2720 0.0000
-258.7757 0.0000
-257.6775 0.0000
-259.1404 0.0000
-258.4694 0.0000
-258.4572 0.0000
-258.6445 0.0000
-257.7075 0.0000
-258.2196 0.0000
-257.6527 0.0000
-258.5556 0.0000
-259.0854 0.0000
-258.7190 0.0000
-258.4308 0.0000
-260.3264 0.0000
-260.1248 0.0000
-260.5217 0.0000
-260.2329 0.0000
-260.9240 0.0000
-261.7825 0.0000
-262.4180 0.0000
-261.6682 0.0000
-262.7369 0.0000
-264.0642 0.0000
-263.4813 0.0000
-264.5351 0.0000
-264.0606 0.0000
-263.7325 0.0000
-263.6581 0.0000
-264.2211 0.0000
-264.2307 0.0000
-264.7938 0.0000
-264.7874 0.0000
-266.0638 0.0000
-267.7359 0.0000
-266.7046 0.0000
-268.3215 0.0000
-268.6050 0.0000
-269.6466 0.0000
-269.1327 0.0000
-267.7886 0.0000
-270.3953 0.0000
-268.8245 0.0000
-268.4702 0.0000
-269.3895 0.0000
-268.5972 0.0000
-270.5515 0.0000
-270.8436 0.0000
-270.5647 0.0000
-271.2770 0.0000
-269.5952 0.0000
-270.8240 0.0000
-270.1311 0.0000
-271.2417 0.0000
-268.8195 0.0000
-268.5145 0.0000
-269.0288 0.0000
-269.9809 0.0000
-268.7213 0.0000
-267.6838 0.0000
-266.9044 0.0000
-266.4586 0.0000
-266.7504 0.0000
-267.3913 0.0000
-267.6024 0.0000
-267.2998 0.0000
-267.0505 0.0000
-268.3622 0.0000
-266.8654 0.0000
-266.8325 0.0000
-266.0641 0.0000
-266.9048 0.0000
-265.8183 0.0000
-266.0152 0.0000
-266.3491 0.0000
-265.0157 0.0000
-265.2722 0.0000
-265.9025 0.0000
-265.8642 0.0000
-266.6918 0.0000
-265.9731 0.0000
-265.5869 0.0000
-265.3827 0.0000
-264.4173 0.0000
-263.6950 0.0000
-263.7290 0.0000
-263.5963 0.0000
-261.9594 0.0000
-262.0693 0.0000
-261.2747 0.0000
-263.2846 0.0000
-262.1352 0.0000
-262.1481 0.0000
-261.6472 0.0000
-260.3414 0.0000
-259.1369 0.0000
-258.6934 0.0000
-259.5650 0.0000
-257.7702 0.0000
-259.0122 0.0000
-257.3855 0.0000
-258.4490 0.0000
-257.9256 0.0000
-257.7023 0.0000
-259.5978 0.0000
-257.5977 0.0000
-257.1071 0.0000
-257.7958 0.0000
-256.1874 0.0000
-257.2322 0.0000
-257.7702 0.0000
-257.2217 0.0000
-258.7402 0.0000
-257.8350 0.0000
-257.4352 0.0000
-258.7992 0.0000
-257.2731 0.0000
-257.7696 0.0000
-257.6446 0.0000
-258.0237 0.0000
-259.5005 0.0000
-257.8548 0.0000
-257.8391 0.0000
-258.7194 0.0000
-258.1169 0.0000
-259.2462 0.0000
-258.8953 0.0000
-258.9619 0.0000
-259.9485 0.0000
-258.2702 0.0000
-258.8201 0.0000
-258.7666 0.0000
-260.2846 0.0000
-260.4291 0.0000
-259.5755 0.0000
-258.5531 0.0000
-257.7542 0.0000
-257.3240 0.0000
-258.0176 0.0000
-256.6659 0.0000
-255.9034 0.0000
-257.1771 0.0000
-256.8262 0.0000
-258.7676 0.0000
-255.3869 0.0000
-255.6297 0.0000
-255.7201 0.0000
-255.2531 0.0000
-255.5574 0.0000
-254.9510 0.0000
-255.8838 0.0000
-256.9566 0.0000
-254.8453 0.0000
-255.0249 0.0000
-253.9735 0.0000
-255.5809 0.0000
-254.6628 0.0000
-254.2474 0.0000
-254.2620 0.0000
-254.3500 0.0000
-254.1307 0.0000
-254.8887 0.0000
-254.3937 0.0000
-255.0930 0.0000
-254.2261 0.0000
-254.7874 0.0000
-255.8504 0.0000
-255.2704 0.0000
-255.6008 0.0000
-254.2262 0.0000
-255.0086 0.0000
-254.5809 0.0000
-255.9558 0.0000
-255.0104 0.0000
-255.2506 0.0000
-255.6436 0.0000
-255.0162 0.0000
-255.6895 0.0000
-255.8714 0.0000
-256.5566 0.0000
-256.2287 0.0000
-256.3211 0.0000
-256.0123 0.0000
-257.0654 0.0000
-256.5701 0.0000
-257.2630 0.0000
-257.2244 0.0000
-256.8310 0.0000
-257.7368 0.0000
-256.8332 0.0000
-257.4037 0.0000
-257.1095 0.0000
-258.1190 0.0000
-259.0538 0.0000
-258.7793 0.0000
-257.9660 0.0000
-258.0830 0.0000
-258.3949 0.0000
-258.6707 0.0000
-258.4618 0.0000
-258.5321 0.0000
-258.3767 0.0000
-257.6102 0.0000
-257.6766 0.0000
-257.4761 0.0000
-257.4232 0.0000
-257.2999 0.0000
-257.7507 0.0000
-258.4857 0.0000
-258.4581 0.0000
-257.2751 0.0000
-258.5394 0.0000
-258.0669 0.0000
-258.4571 0.0000
-257.4055 0.0000
-257.5071 0.0000
-257.9279 0.0000
-256.1064 0.0000
-254.1121 0.0000
-253.8116 0.0000
-253.2630 0.0000
-254.5740 0.0000
-254.6475 0.0000
-254.6170 0.0000
-255.7043 0.0000
-255.5525 0.0000
-255.8060 0.0000
-255.2974 0.0000
-255.3820 0.0000
-255.4224 0.0000
-254.8284 0.0000
-255.8511 0.0000
-256.4545 0.0000
-255.6336 0.0000
-256.2420 0.0000
-256.3252 0.0000
-256.6649 0.0000
-256.0729 0.0000
-257.0627 0.0000
-258.1841 0.0000
-258.4356 0.0000
-258.2320 0.0000
-257.3974 0.0000
-257.9453 0.0000
-258.4196 0.0000
-257.8220 0.0000
-257.5124 0.0000
-259.4542 0.0000
-256.0840 0.0000
-255.8513 0.0000
-255.1214 0.0000
-256.0015 0.0000
-255.5152 0.0000
-255.2796 0.0000
-255.4788 0.0000
-256.0013 0.0000
-256.5382 0.0000
-256.4101 0.0000
-255.2058 0.0000
-255.6888 0.0000
-256.5947 0.0000
-256.1762 0.0000
-255.9367 0.0000
-255.3166 0.0000
-256.0040 0.0000
-255.4405 0.0000
-255.9041 0.0000
-255.8806 0.0000
-256.8658 0.0000
-254.2019 0.0000
-256.3656 0.0000
-256.7467 0.0000
-256.5461 0.0000
-256.9458 0.0000
-256.6348 0.0000
-257.0418 0.0000
-256.5675 0.0000
-256.8656 0.0000
-258.5655 0.0000
-256.9066 0.0000
-256.9727 0.0000
-256.0547 0.0000
-256.5661 0.0000
-256.8323 0.0000
-257.4210 0.0000
-256.8696 0.0000
-255.6899 0.0000
-256.8205 0.0000
-256.1270 0.0000
-258.0463 0.0000
-258.4322 0.0000
-258.7473 0.0000
-259.0402 0.0000
-259.2128 0.0000
-258.9439 0.0000
-260.4904 0.0000
-261.3504 0.0000
-261.8784 0.0000
-262.3684 0.0000
-260.9970 0.0000
-261.4027 0.0000
-260.0034 0.0000
-260.0258 0.0000
-260.0638 0.0000
-260.2156 0.0000
-260.4639 0.0000
-261.6563 0.0000
-261.1047 0.0000
-259.6950 0.0000
-260.9299 0.0000
-261.3189 0.0000
-261.7093 0.0000
-261.2888 0.0000
-261.5177 0.0000
-261.7388 0.0000
-262.3608 0.0000
-262.1957 0.0000
-262.3108 0.0000
-261.7435 0.0000
-262.0405 0.0000
-262.9227 0.0000
-262.7990 0.0000
-262.8676 0.0000
-262.0178 0.0000
-261.2105 0.0000
-262.0219 0.0000
-261.5717 0.0000
-262.9085 0.0000
-262.5544 0.0000
-261.4829 0.0000
-263.3257 0.0000
-262.7012 0.0000
-262.0844 0.0000
-261.8565 0.0000
-261.6389 0.0000
-261.2283 0.0000
-261.0747 0.0000
-260.0754 0.0000
-260.9390 0.0000
-260.3896 0.0000
-260.7683 0.0000
-260.5477 0.0000
-258.9666 0.0000
-260.8771 0.0000
-261.0801 0.0000
-261.8541 0.0000
-261.6115 0.0000
-261.2308 0.0000
-261.6741 0.0000
-262.0540 0.0000
-262.1076 0.0000
-261.8316 0.0000
-261.5176 0.0000
-260.6312 0.0000
-261.4713 0.0000
-260.6516 0.0000
-261.3430 0.0000
-261.5084 0.0000
-262.6636 0.0000
-262.0019 0.0000
-261.9050 0.0000
-263.2230 0.0000
-262.9476 0.0000
-264.0224 0.0000
-262.3700 0.0000
-260.4667 0.0000
-261.9850 0.0000
-262.0197 0.0000
-261.3432 0.0000
-262.0303 0.0000
-261.7901 0.0000
-261.3044 0.0000
-261.2066 0.0000
-260.3189 0.0000
-261.3914 0.0000
-260.7378 0.0000
-261.0700 0.0000
-263.4038 0.0000
-260.1969 0.0000
-261.7598 0.0000
-260.8091 0.0000
-261.0548 0.0000
-260.7844 0.0000
-259.8703 0.0000
-261.5186 0.0000
-261.0137 0.0000
-261.5571 0.0000
-261.9657 0.0000
-261.7273 0.0000
-261.8771 0.0000
-261.0581 0.0000
-261.9797 0.0000
-261.9672 0.0000
-262.4399 0.0000
-262.6115 0.0000
-261.0842 0.0000
-261.7934 0.0000
-261.1163 0.0000
-259.2205 0.0000
-258.8332 0.0000
-257.7696 0.0000
-258.3384 0.0000
-258.5372 0.0000
-260.1188 0.0000
-260.0782 0.0000
-260.2293 0.0000
-261.3095 0.0000
-261.7469 0.0000
-260.7724 0.0000
-261.8209 0.0000
-261.7354 0.0000
-261.7757 0.0000
-261.6360 0.0000
-263.0592 0.0000
-263.3250 0.0000
-263.5346 0.0000
-263.3552 0.0000
-265.1089 0.0000
-264.7811 0.0000
-265.5558 0.0000
-265.4053 0.0000
-265.6253 0.0000
-265.5694 0.0000
-265.5268 0.0000
-265.9793 0.0000
-265.9936 0.0000
-266.7124 0.0000
-266.7485 0.0000
-265.2187 0.0000
-266.6071 0.0000
-268.1515 0.0000
-267.4451 0.0000
-266.5038 0.0000
-266.0076 0.0000
-264.6802 0.0000
-266.8417 0.0000
-266.5609 0.0000
-266.5647 0.0000
-267.4331 0.0000
-268.7602 0.0000
-269.5449 0.0000
-270.1559 0.0000
-269.3310 0.0000
-268.7140 0.0000
-269.7200 0.0000
-269.8557 0.0000
-270.3508 0.0000
-268.8123 0.0000
-269.6792 0.0000
-268.1347 0.0000
-268.4466 0.0000
-268.3266 0.0000
-268.2906 0.0000
-266.9890 0.0000
-266.9056 0.0000
-266.0416 0.0000
-266.4012 0.0000
-266.4407 0.0000
-266.2849 0.0000
-266.7946 0.0000
-267.4783 0.0000
-267.7889 0.0000
-267.1733 0.0000
-267.7257 0.0000
-266.8846 0.0000
-267.2165 0.0000
-267.3411 0.0000
-267.5396 0.0000
-267.2914 0.0000
-267.6338 0.0000
-266.8343 0.0000
-267.4139 0.0000
-266.7497 0.0000
-267.5206 0.0000
-267.1001 0.0000
-267.9252 0.0000
-269.1096 0.0000
-269.1441 0.0000
-269.1787 0.0000
-270.3885 0.0000
-270.4309 0.0000
-268.5531 0.0000
-268.5599 0.0000
-267.2605 0.0000
-266.4322 0.0000
-267.5022 0.0000
-268.0452 0.0000
-267.6954 0.0000
-269.0748 0.0000
-269.0467 0.0000
-268.0590 0.0000
-267.6708 0.0000
-267.5976 0.0000
-268.0847 0.0000
-267.2023 0.0000
-267.7604 0.0000
-267.1158 0.0000
-267.2476 0.0000
-266.5867 0.0000
-267.2877 0.0000
-267.6461 0.0000
-266.8407 0.0000
-267.9408 0.0000
-268.1641 0.0000
-269.4000 0.0000
-268.4444 0.0000
-269.5001 0.0000
-269.7904 0.0000
-270.8103 0.0000
-270.2387 0.0000
-269.4877 0.0000
-270.1161 0.0000
-270.4722 0.0000
-267.6425 0.0000
-268.2624 0.0000
-267.5777 0.0000
-268.4755 0.0000
-268.0836 0.0000
-268.1062 0.0000
-268.9388 0.0000
-269.2081 0.0000
-269.1215 0.0000
-267.9287 0.0000
-267.9620 0.0000
-266.1134 0.0000
-268.3596 0.0000
-268.3946 0.0000
-267.6787 0.0000
-268.6867 0.0000
-269.6900 0.0000
-269.1152 0.0000
-269.5795 0.0000
-269.2575 0.0000
-269.8811 0.0000
-269.1577 0.0000
-269.0828 0.0000
-268.9849 0.0000
-268.1666 0.0000
-267.1031 0.0000
-267.4380 0.0000
-267.7699 0.0000
-268.1474 0.0000
-268.2657 0.0000
-268.4112 0.0000
-268.6858 0.0000
-267.9391 0.0000
-267.7424 0.0000
-268.2491 0.0000
-266.8773 0.0000
-266.6382 0.0000
-267.5503 0.0000
-268.1695 0.0000
-268.4309 0.0000
-269.3350 0.0000
-270.8497 0.0000
-271.6585 0.0000
-273.2208 0.0000
-271.4743 0.0000
-271.0812 0.0000
-270.4490 0.0000
-271.5093 0.0000
-272.2856 0.0000
-272.1857 0.0000
-272.2903 0.0000
-272.1698 0.0000
-272.9920 0.0000
-273.6011 0.0000
-272.5489 0.0000
-272.0003 0.0000
-271.2525 0.0000
-272.6906 0.0000
-272.6515 0.0000
-272.6754 0.0000
-274.8518 0.0000
-273.2764 0.0000
-272.6015 0.0000
-274.4686 0.0000
-276.2235 0.0000
-276.0323 0.0000
-275.6401 0.0000
-274.9629 0.0000
-274.9427 0.0000
-274.8487 0.0000
-275.6514 0.0000
-276.6370 0.0000
-275.5910 0.0000
-275.3641 0.0000
-275.6845 0.0000
-276.1856 0.0000
-275.6077 0.0000
-275.5610 0.0000
-275.4403 0.0000
-275.8533 0.0000
-274.4127 0.0000
-274.5350 0.0000
-273.9053 0.0000
-274.7168 0.0000
-273.4737 0.0000
-274.0840 0.0000
-273.9686 0.0000
-273.7671 0.0000
-274.5292 0.0000
-274.6206 0.0000
-275.0113 0.0000
-274.2217 0.0000
-274.0150 0.0000
-273.8291 0.0000
-272.9926 0.0000
-272.6913 0.0000
-274.7114 0.0000
-273.9854 0.0000
-274.2817 0.0000
-274.6164 0.0000
-274.0595 0.0000
-276.6974 0.0000
-276.2196 0.0000
-276.9730 0.0000
-277.3097 0.0000
-277.1092 0.0000
-277.3359 0.0000
-278.4355 0.0000
-277.2041 0.0000
-278.2275 0.0000
-276.1437 0.0000
-275.6245 0.0000
-274.1791 0.0000
-274.8173 0.0000
-274.5635 0.0000
-276.0136 0.0000
-277.1840 0.0000
-278.4352 0.0000
-279.4418 0.0000
-279.2746 0.0000
-279.9689 0.0000
-280.3662 0.0000
-279.2970 0.0000
-280.5977 0.0000
-280.6956 0.0000
-281.3058 0.0000
-281.9147 0.0000
-279.6488 0.0000
-279.6649 0.0000
-277.8457 0.0000
-277.2327 0.0000
-278.9975 0.0000
-277.1754 0.0000
-278.4076 0.0000
-278.1495 0.0000
-278.5603 0.0000
-280.7228 0.0000
-281.9242 0.0000
-281.0854 0.0000
-280.9383 0.0000
-279.4968 0.0000
-277.4532 0.0000
-280.1921 0.0000
-280.9160 0.0000
-279.8099 0.0000
-281.6200 0.0000
-280.9707 0.0000
-281.3732 0.0000
-280.2688 0.0000
-279.2360 0.0000
-278.9839 0.0000
-278.0697 0.0000
-277.6932 0.0000
-278.7680 0.0000
-278.9180 0.0000
-281.5173 0.0000
-278.6978 0.0000
-279.6216 0.0000
-279.0646 0.0000
-279.2937 0.0000
-278.5413 0.0000
-279.3665 0.0000
-277.6167 0.0000
-276.5318 0.0000
-275.7702 0.0000
-276.3103 0.0000
-277.5048 0.0000
-278.3152 0.0000
-279.1263 0.0000
-277.9392 0.0000
-279.5334 0.0000
-279.9483 0.0000
-280.0325 0.0000
-280.1210 0.0000
-280.1220 0.0000
-280.9629 0.0000
-279.6896 0.0000
-281.0360 0.0000
-280.6463 0.0000
-279.5052 0.0000
-281.1720 0.0000
-278.4972 0.0000
-278.5329 0.0000
-277.5217 0.0000
-277.7842 0.0000
-277.8484 0.0000
-278.7859 0.0000
-277.1483 0.0000
-276.9776 0.0000
-279.1399 0.0000
-277.2847 0.0000
-277.6179 0.0000
-279.2448 0.0000
-279.7804 0.0000
-280.1251 0.0000
-281.0983 0.0000
-282.0561 0.0000
-281.1611 0.0000
-281.2233 0.0000
-282.0330 0.0000
-282.9414 0.0000
-283.9300 0.0000
-282.8030 0.0000
-285.0481 0.0000
-284.7027 0.0000
-284.8210 0.0000
-285.8412 0.0000
-287.0751 0.0000
-285.0167 0.0000
-284.8806 0.0000
-285.0588 0.0000
-286.9811 0.0000
-285.5019 0.0000
-285.9316 0.0000
-286.3510 0.0000
-287.8181 0.0000
-288.8791 0.0000
-287.3660 0.0000
-289.8260 0.0000
-291.1132 0.0000
-291.3626 0.0000
-291.7324 0.0000
-291.2891 0.0000
-292.0865 0.0000
-291.8286 0.0000
-291.4863 0.0000
-292.0831 0.0000
-290.6290 0.0000
-289.6577 0.0000
-289.1986 0.0000
-289.6400 0.0000
-289.0720 0.0000
-289.5784 0.0000
-288.2685 0.0000
-288.6746 0.0000
-288.8624 0.0000
-290.2414 0.0000
-287.5708 0.0000
-288.0399 0.0000
-288.5305 0.0000
-288.7199 0.0000
-288.7701 0.0000
-287.6509 0.0000
-288.4584 0.0000
-288.4275 0.0000
-286.1092 0.0000
-285.9881 0.0000
-287.8009 0.0000
-287.6584 0.0000
-287.9655 0.0000
-288.1262 0.0000
-287.4139 0.0000
-287.5813 0.0000
-288.5863 0.0000
