3.00 50000.00 4.00 100000.00 0.05 0.50 0.00 0.01 66.23 9.25 68.89 100.00 0.00 100.00 0.08 42.17 85.08 1.52 iris_0 
5.00 50000.00 4.00 100000.00 0.05 0.50 0.00 0.01 94.96 1.89 96.73 98.23 1.16 99.05 0.43 30.95 295.72 2.12 Cancer_0 
6.00 50000.00 4.00 100000.00 0.05 0.50 0.00 0.01 74.36 4.52 78.92 75.04 3.92 77.52 0.00 20.16 4399.37 21.05 bank-additional_0 
7.00 50000.00 4.00 100000.00 0.05 0.50 0.00 0.01 78.07 4.40 82.88 74.30 3.99 78.67 0.00 16.92 16867.73 33.32 PenDigit_0 
8.00 50000.00 4.00 100000.00 0.05 0.50 0.00 0.01 96.78 2.71 99.66 95.63 3.14 99.44 0.06 18.55 49989.18 133.33 chess_0 
3.00 50000.00 4.00 100000.00 0.10 0.50 0.00 0.01 73.36 3.59 82.22 60.11 5.08 73.15 0.09 43.55 82.84 0.86 iris_1 
4.00 50000.00 4.00 100000.00 0.10 0.50 0.00 0.01 61.22 0.00 61.22 79.82 0.00 79.82 1.67 35.00 149.50 1.59 Ionosphere_1 
5.00 50000.00 4.00 100000.00 0.10 0.50 0.00 0.01 87.72 8.01 96.11 93.72 5.67 99.52 0.33 32.54 310.47 1.76 Cancer_1 
6.00 50000.00 4.00 100000.00 0.10 0.50 0.00 0.01 79.43 0.25 80.01 78.03 0.27 78.96 0.19 20.29 4262.18 22.30 bank-additional_1 
7.00 50000.00 4.00 100000.00 0.10 0.50 0.00 0.01 72.36 0.00 72.36 71.13 0.00 71.13 0.07 11.88 17486.80 34.57 PenDigit_1 
8.00 50000.00 4.00 100000.00 0.10 0.50 0.00 0.01 72.02 6.73 93.09 80.05 6.14 96.89 0.03 17.09 48605.24 124.06 chess_1 
3.00 50000.00 4.00 100000.00 0.15 0.50 0.00 0.01 60.00 15.76 71.11 51.90 9.46 58.54 0.12 48.65 94.46 0.82 iris_2 
4.00 50000.00 4.00 100000.00 0.15 0.50 0.00 0.01 40.76 5.85 55.10 18.48 18.30 63.30 1.92 42.24 168.68 1.52 Ionosphere_2 
6.00 50000.00 4.00 100000.00 0.15 0.50 0.00 0.01 78.80 0.23 79.33 78.17 0.29 78.81 0.14 23.03 4546.20 25.71 bank-additional_2 
7.00 50000.00 4.00 100000.00 0.15 0.50 0.00 0.01 77.84 3.89 82.13 71.88 3.97 76.50 0.00 19.45 17263.45 35.54 PenDigit_2 
8.00 50000.00 4.00 100000.00 0.15 0.50 0.00 0.01 26.35 6.77 46.55 29.51 7.30 47.15 0.02 17.71 49516.04 112.88 chess_2 
3.00 50000.00 4.00 100000.00 0.20 0.50 0.00 0.01 36.67 0.00 36.67 48.84 0.00 48.84 0.68 42.70 89.81 0.71 iris_3 
4.00 50000.00 4.00 100000.00 0.20 0.50 0.00 0.01 68.98 4.43 75.51 76.83 11.46 88.07 0.20 43.05 165.71 1.52 Ionosphere_3 
5.00 50000.00 4.00 100000.00 0.20 0.50 0.00 0.01 96.29 0.29 96.73 99.00 0.27 99.52 0.25 41.79 246.62 1.76 Cancer_3 
6.00 50000.00 4.00 100000.00 0.20 0.50 0.00 0.01 78.16 0.07 78.23 77.36 0.32 77.68 0.14 26.09 4277.18 25.75 bank-additional_3 
7.00 50000.00 4.00 100000.00 0.20 0.50 0.00 0.01 76.83 0.46 77.76 74.50 0.65 75.61 0.06 22.29 16142.59 37.43 PenDigit_3 
