-105.29290 -105.15930
-105.50930 -105.12710
-105.57330 -105.08710
-105.97680 -105.01990
-106.06150 -105.11730
-106.56840 -105.43790
-106.62940 -105.36290
-106.74650 -105.35160
-107.15440 -105.50650
-107.64490 -105.52370
-108.17350 -105.63210
-108.19750 -105.43810
-108.00920 -106.02430
-107.83900 -106.33250
-107.94450 -106.07310
-108.12040 -106.08010
-108.31130 -106.04230
-108.08810 -106.05330
-108.03250 -106.06200
-107.57880 -105.93670
-107.83860 -106.12530
-107.88960 -106.12530
-107.63510 -106.17790
-108.04380 -106.26570
-107.94010 -106.13130
-107.72670 -105.86970
-107.68440 -105.82690
-107.64030 -105.83930
-107.98470 -105.95220
-107.54920 -105.79660
-107.13870 -105.74120
-107.47370 -105.95730
-107.27550 -105.93420
-107.32830 -105.78820
-107.35640 -105.65360
-107.09110 -105.53880
-106.96590 -105.46170
-107.04040 -105.23410
-107.10750 -105.29590
-106.99670 -105.31640
-106.78430 -105.16170
-106.31330 -105.17810
-106.86460 -105.34100
-106.40440 -105.27130
-106.02440 -105.08220
-106.13740 -105.02930
-106.23700 -104.84330
-106.70370 -104.70430
-106.88930 -104.86440
-107.18480 -104.99880
-107.81860 -105.23830
-107.71790 -105.30690
-107.47490 -106.18340
-107.42610 -106.15970
-107.74940 -106.29190
-107.49940 -106.23170
-107.16100 -106.14200
-106.94130 -106.03030
-106.82970 -105.93120
-106.48490 -105.93530
-103.57110 -103.23170
-103.53060 -102.29100
-103.68040 -102.49150
-103.62650 -102.79360
-103.87880 -102.53750
-103.56420 -102.47010
-103.12960 -102.42140
-103.01130 -102.28910
-102.53390 -101.73810
-102.31540 -101.82900
-102.25810 -101.72470
-102.85570 -101.97710
-103.31360 -102.15320
-102.94170 -101.87570
-102.85370 -102.40810
-102.73140 -102.62820
-102.38190 -102.25920
-102.24330 -101.91180
-102.45370 -101.94570
-102.40610 -101.99390
-102.66970 -102.16340
-102.78050 -102.23550
-102.56170 -102.14120
-102.62620 -102.32700
-103.05060 -102.63830
-102.20240 -102.24450
-101.87030 -101.52040
-101.95920 -101.29370
-101.69220 -101.40400
-101.49350 -100.53800
-100.75960 -99.74990
-100.91950 -99.69800
-100.84470 -99.57110
-100.62060 -99.43610
-100.94030 -99.43110
-100.94400 -99.89080
-101.24320 -99.88980
-101.25950 -100.03660
-100.37550 -99.62050
-100.93810 -100.03550
-100.46220 -99.93490
-100.68880 -99.69100
-100.53210 -99.14770
-100.27460 -98.87570
-100.17130 -98.88680
-100.13730 -99.05640
-100.70820 -99.14520
-100.64340 -99.38120
-100.79100 -99.34320
-100.97390 -99.25550
-100.80090 -99.23940
-100.67400 -99.30850
-100.63230 -99.20030
-100.12650 -98.77150
-99.26580 -97.99040
-98.61890 -97.64120
-98.65930 -97.90950
-98.94520 -97.84470
-99.40150 -98.21950
-98.62020 -97.41720
-98.75080 -97.27390
-99.06380 -97.24690
-99.07880 -97.31880
-98.50430 -97.16960
-99.36430 -97.33000
-99.26490 -97.19360
-99.20140 -96.97570
-98.81980 -96.72960
-98.58820 -96.68690
-98.73220 -96.65900
-98.43970 -96.73070
-98.63370 -96.72900
-97.12250 -95.69820
-96.85960 -95.37300
-97.35890 -95.43400
-97.16140 -95.47470
-97.65740 -95.61110
-97.33780 -95.56970
-97.33600 -95.61420
-97.26190 -95.95630
-97.23570 -95.91750
-97.56410 -95.91690
-97.67080 -95.65860
-97.46990 -95.98810
-97.16960 -96.48310
-97.46580 -96.79790
-97.18120 -95.95720
-96.77620 -96.21570
-96.37510 -96.33720
-96.27770 -96.44520
-96.27520 -96.46090
-96.67340 -96.57560
-97.11190 -97.47920
-97.28540 -97.64810
-96.52240 -97.29520
-96.98050 -97.42180
-96.64150 -97.11980
-96.43340 -96.92930
-96.10500 -96.46030
-96.49730 -96.60100
-96.43840 -96.52480
-96.92520 -96.76590
-96.06370 -96.35390
-96.07990 -96.52980
-96.96650 -97.39800
-96.86480 -97.44720
-97.03530 -97.49120
-96.94490 -97.63430
-97.51880 -97.99860
-97.25530 -97.81780
-96.66420 -97.46310
-96.55130 -97.50800
-96.63090 -97.16810
-97.09430 -97.14910
-97.11860 -96.87970
-97.55970 -97.12680
-97.89190 -97.33780
-97.07190 -96.80870
-96.52230 -96.65420
-96.21410 -96.51560
-95.54350 -96.23340
-95.38350 -95.69070
-95.60000 -95.37370
-95.31240 -95.26870
-95.68520 -95.36340
-95.68060 -95.33640
-95.96830 -95.50920
-95.41310 -95.10980
-95.32440 -94.67470
-95.08340 -94.34180
-94.85530 -94.41710
-94.46520 -94.02250
-94.72560 -94.11500
-94.62860 -93.75080
-94.80100 -93.83370
-94.62620 -93.64070
-94.27630 -93.83410
-94.59810 -94.01960
-94.27910 -94.51840
-94.18230 -94.66160
-94.36810 -94.74560
-94.82280 -94.64030
-94.92210 -94.71640
-95.12660 -94.92220
-94.95190 -94.91090
-95.33180 -94.96800
-94.76820 -94.86640
-94.61980 -94.35390
-94.46040 -94.33470
-94.42500 -94.45760
-94.66700 -94.48480
-94.49900 -94.64480
-94.08860 -94.16070
-93.63300 -94.37430
-93.69930 -94.34090
-93.46290 -94.07090
-93.93120 -94.40130
-93.44270 -94.31070
-93.49320 -94.15950
-93.90630 -94.55450
-94.07420 -94.71560
-94.29180 -95.09940
-94.10090 -94.84310
-93.58640 -94.56820
-92.82650 -94.38080
-93.54800 -94.26850
-93.97470 -94.43650
-94.24360 -94.69740
-94.10880 -94.75710
-93.98170 -94.95580
-93.59490 -94.73230
-94.13110 -94.89390
-94.41490 -95.10110
-93.83330 -94.96750
-93.95850 -95.05390
-93.63190 -94.74230
-93.40860 -94.84860
-93.55990 -94.80970
-93.96670 -94.83130
-93.27880 -94.60400
-94.01580 -94.68100
-93.62500 -94.65140
-93.95210 -94.73970
-93.93910 -94.68120
-94.40360 -95.03100
-93.77240 -94.95680
-93.85790 -94.84440
-93.96500 -95.01840
-94.36510 -95.12510
-94.51270 -95.17540
-94.43180 -95.38470
-94.56660 -95.30890
-94.27360 -95.09730
-94.38860 -95.62160
-95.42070 -95.95770
-94.68630 -95.58610
-94.51940 -95.18170
-94.36710 -95.07120
-94.55060 -95.34490
-94.83480 -95.17830
-94.85110 -95.31360
-94.47090 -95.12970
-94.17160 -95.00100
-94.51150 -94.55240
-94.42680 -94.52600
-94.30460 -94.52990
-93.72470 -94.63540
-94.29600 -94.43380
-93.90030 -94.16030
-93.31600 -93.74750
-93.42520 -93.33200
-93.28150 -93.21860
-93.30830 -93.29220
-93.31120 -93.01240
-93.44160 -93.35340
-93.44060 -93.37560
-92.84680 -93.11350
-93.04310 -93.23690
-93.09480 -93.23100
-93.00690 -93.06790
-93.34900 -93.24410
-92.31900 -92.83730
-92.32670 -92.79690
-92.25320 -92.54430
-92.06060 -91.88080
-92.23380 -91.95100
-92.65230 -92.45810
-92.41910 -92.72030
-92.65160 -92.43890
-92.84810 -92.12420
-92.94640 -92.37100
-92.67890 -92.34790
-92.72960 -92.46950
-92.28230 -92.14790
-92.18540 -91.86660
-92.18430 -92.04040
-92.02570 -91.64840
-91.76990 -91.57610
-91.65330 -91.20100
-91.86190 -90.89900
-91.99170 -90.69700
-92.11530 -90.97400
-91.87880 -90.87370
-91.63390 -90.73820
-91.23260 -90.84820
-91.25460 -90.74230
-91.10000 -90.53690
-90.45810 -89.16280
-90.67860 -89.14220
-90.72370 -89.30140
-90.92640 -89.28730
-90.89850 -91.91630
-90.88100 -91.71960
-90.88070 -91.96730
-91.04230 -92.04470
-91.00960 -91.85300
-90.94920 -91.76750
-90.63820 -91.67820
-90.71410 -91.58460
-90.72050 -91.64110
-90.98200 -91.74080
-90.60050 -91.77070
-90.82190 -91.82320
-90.64170 -91.65300
-90.67260 -91.54000
-90.69020 -91.59610
-90.71070 -91.76470
-90.59990 -91.45970
-89.56620 -91.12070
-89.28020 -90.80000
-89.10080 -90.60070
-88.95920 -90.50750
-88.75180 -90.39200
-88.39540 -90.16070
-88.79860 -90.18170
-88.79310 -90.12250
-89.22130 -90.19130
-88.49590 -89.93790
-88.76230 -89.82880
-88.76650 -89.81500
-88.54460 -89.77950
-88.67280 -89.77060
-88.41930 -89.54380
-88.63350 -89.74030
-88.22190 -89.63390
-87.57070 -88.99680
-88.00760 -89.14140
-87.87450 -88.98270
-87.88580 -88.89890
-87.91990 -88.98270
-87.95850 -89.02900
-87.86000 -89.05250
-87.49700 -89.09710
-87.03640 -88.61990
-87.82770 -88.06340
-87.40790 -87.73370
-87.38130 -88.03680
-87.10910 -87.98880
-87.43550 -88.19200
-87.52980 -88.08380
-87.47440 -87.95350
-87.52630 -87.60500
-87.63110 -87.58360
-87.50110 -87.49430
-86.80280 -87.50510
-87.08190 -87.37130
-86.70630 -88.96930
-87.07760 -89.16180
-87.28180 -89.24820
-87.19500 -89.27120
-87.57260 -89.43780
-86.94120 -89.22260
-87.04650 -89.28540
-87.24730 -89.22230
-87.03210 -89.07050
-86.79690 -88.81590
-86.56300 -88.84040
-86.65440 -88.83580
-86.93280 -88.89400
-87.30810 -89.15980
-87.13280 -89.31940
-86.90020 -89.29070
-86.90600 -89.29390
-87.23940 -89.47090
-87.16770 -89.57650
-87.42420 -89.61900
-86.82530 -89.47830
-86.70660 -89.25410
-86.80100 -89.42450
-87.36590 -89.54600
-87.25080 -89.60470
-86.69130 -89.41960
-86.62580 -89.10790
-86.47440 -89.19740
-86.90840 -89.05480
-86.54040 -89.11020
-87.29510 -89.23980
-87.28290 -89.25650
-87.00780 -89.15730
-86.93470 -89.04000
-86.91650 -89.10900
-86.94110 -88.94730
-86.55440 -89.14140
-86.58960 -88.84330
-86.35360 -88.57800
-86.56860 -88.74130
-86.06060 -88.77230
-85.96530 -88.64940
-85.99500 -88.31580
-84.95850 -90.47760
-85.10840 -90.28700
-84.32290 -89.98250
-84.25190 -89.87180
-84.30530 -89.78000
-84.29300 -89.75580
-84.25370 -89.71060
-83.90040 -89.71420
-83.37500 -89.37640
-83.31880 -89.14550
-83.78330 -89.19060
-83.82670 -89.30420
-84.16710 -89.48090
-83.44940 -89.35650
-83.60260 -89.12850
-83.32830 -89.11440
-83.33750 -89.07420
-83.29540 -89.29780
-83.21020 -89.07700
-82.94150 -88.95880
-83.41910 -89.05760
-82.86970 -88.77770
-83.01120 -88.94420
-83.44520 -89.09370
-83.12080 -88.89620
-82.58710 -88.75840
-83.39540 -88.96420
-83.19440 -88.89890
-82.94260 -88.66810
-83.22230 -88.69150
-83.28060 -88.94160
-82.90450 -88.90020
-82.90420 -88.63580
-82.93340 -88.73300
-82.87630 -88.93280
-82.53210 -88.88730
-82.70130 -88.64070
-82.40650 -88.58190
-81.98070 -88.47040
-81.97130 -88.37950
-81.97720 -88.34080
-82.03810 -88.39450
-82.64910 -88.62090
-82.49130 -88.64010
-82.58240 -88.71470
-82.48990 -88.76570
-82.36820 -88.67810
-82.16480 -88.80590
-90.92770 -90.80350
-91.18270 -90.72210
-91.60610 -90.95970
-91.68580 -90.91290
-92.13570 -91.17670
-91.82390 -91.14740
-91.93180 -91.09550
-91.53700 -91.04460
-91.72120 -91.00390
-91.95150 -90.97800
-91.40730 -90.96010
-91.61710 -91.09660
-91.82990 -91.30380
-91.73240 -91.24190
-91.00040 -90.91290
-90.97610 -90.88220
-90.92170 -90.86100
-90.52460 -90.73820
-90.45740 -90.69470
-90.44140 -90.61910
-90.22570 -90.53250
-90.11180 -90.43780
-90.21420 -90.48560
-90.11260 -90.37650
-89.82660 -90.09570
-89.61390 -89.86540
-89.22450 -89.33100
-88.69540 -89.36310
-89.45390 -89.41430
-89.47720 -89.44470
-88.84670 -89.18850
-89.19030 -89.20020
-89.72650 -89.16570
-90.15360 -89.44220
-89.76060 -89.77300
-89.70810 -89.87020
-89.57110 -89.89490
-89.87560 -89.95610
-90.12950 -89.93070
-90.02160 -89.90660
-90.01120 -90.05950
-89.53400 -89.80530
-89.21840 -89.62880
-88.66390 -89.48440
-88.71790 -89.34830
-89.11850 -89.10880
-87.71730 -86.78060
-88.02210 -86.78710
-88.01250 -86.87260
-88.17890 -86.80880
-88.21070 -86.74790
-88.41680 -86.68920
-88.29740 -86.74070
-88.09280 -86.70210
-87.55310 -86.47350
-87.87010 -86.55640
-87.82400 -86.80090
-87.16880 -86.15530
-87.68240 -86.11390
-87.45460 -86.12070
-88.22190 -86.53400
-87.93680 -86.54550
-88.08980 -86.83950
-88.27070 -87.08440
-88.07580 -86.81850
-88.50520 -86.96220
-88.62690 -87.22780
-87.73680 -86.95530
-87.50780 -86.76080
-87.16540 -86.09410
-87.15160 -85.71770
-86.58050 -85.37380
-86.75600 -85.23330
-86.87110 -85.27370
-86.62110 -85.24760
-86.87720 -85.57070
-86.43370 -85.04030
-86.41590 -84.90340
-86.43360 -84.95940
-86.29420 -84.69690
-86.56520 -85.03130
-86.77350 -85.15110
-87.09370 -85.26840
-86.34170 -84.84460
-86.85240 -85.16710
-86.93710 -85.37870
-87.06750 -85.33100
-87.05940 -85.31690
-87.04620 -85.44960
-87.26550 -85.66790
-86.57660 -85.58710
-86.08990 -85.48510
-85.88270 -85.42900
-85.58940 -85.78060
-86.17260 -85.90330
-85.80490 -86.04790
-85.92360 -86.10760
-86.15310 -86.01670
-86.04000 -86.05760
-85.99550 -85.92120
-85.25640 -85.57530
-84.18240 -84.89500
-84.36850 -84.66810
-83.81490 -84.32720
-83.78960 -84.48840
-83.98410 -84.42870
-84.36790 -84.64880
-84.13190 -84.47060
-84.26330 -84.53630
-84.45010 -84.53370
-84.85400 -84.64170
-84.50850 -84.60330
-84.95610 -84.70120
-84.76490 -84.62560
-84.68280 -84.69180
-84.84710 -84.67380
-85.58590 -85.01060
-85.68040 -85.16590
-85.66670 -85.02390
-85.65490 -84.88780
-85.38390 -85.18120
-85.33360 -85.05520
-85.59870 -85.23100
-85.94650 -85.38660
-85.62920 -85.43260
-85.63380 -85.54260
-85.92880 -85.52060
-85.11830 -85.27550
-84.51970 -85.09630
-84.81800 -84.56620
-85.04870 -84.43920
-84.43300 -84.46460
-84.48240 -84.58580
-84.31980 -84.67770
-84.63180 -84.73620
-84.66110 -84.73830
-84.65730 -84.83130
-84.68380 -84.82080
-84.69170 -85.08690
-84.24790 -84.92570
-84.44160 -84.98970
-84.48070 -85.07070
-84.72890 -85.27290
-84.42350 -84.83020
-83.90160 -84.78300
-83.61120 -84.80620
-83.20810 -84.44730
-83.68840 -84.93310
-83.34480 -84.72620
-83.57420 -84.76560
-83.09520 -84.63740
-83.50320 -84.72940
-83.22130 -84.41220
-84.14230 -83.64730
-84.19980 -83.72930
-84.07490 -83.64390
-83.25540 -83.53950
-83.21250 -83.48090
-84.43500 -84.08650
-84.32880 -83.96510
-84.42880 -84.13020
-84.23730 -84.17630
-84.39230 -84.16960
-84.24830 -84.24210
-83.40760 -83.82980
-83.32220 -83.86440
-83.55800 -83.15630
-83.94830 -83.35830
-83.47360 -83.07530
-83.04810 -82.88040
-82.17100 -82.43610
-82.07950 -82.20770
-82.10490 -82.19690
-81.95910 -82.06710
-82.52320 -82.03820
-82.75570 -82.15760
-82.96490 -82.19770
-82.73770 -82.00980
-83.00370 -82.06950
-82.76400 -81.96000
-82.70830 -81.94770
-82.68380 -82.06600
-82.24890 -81.92470
-82.44650 -81.96450
-82.49480 -81.95960
-82.56190 -81.86880
-82.65660 -81.93370
-82.61460 -81.95340
-82.83480 -82.03250
-82.98980 -82.18270
-83.25950 -82.35160
-82.59230 -82.30330
-83.03970 -82.47960
-83.04050 -82.62260
-82.75630 -82.64830
-82.62110 -82.53960
-82.18410 -82.46770
-82.61190 -82.51630
-82.43940 -82.38930
-82.22030 -82.44200
-82.09320 -82.30810
-82.61350 -82.63180
-82.44520 -82.59890
-81.81490 -82.44530
-82.23290 -82.63820
-82.17030 -82.65440
-82.06770 -82.69360
-81.83960 -82.55140
-81.88940 -82.61530
-82.18760 -82.70870
-82.03990 -82.60100
-82.30550 -82.54710
-82.83170 -82.75710
-82.82280 -82.83440
-83.20190 -83.38360
-83.31910 -83.45320
-82.93610 -83.43240
-82.84450 -83.28460
-82.44710 -83.15440
-82.03590 -83.15640
-82.11240 -83.13160
-82.12120 -83.14440
-82.21670 -83.22840
-82.17180 -83.00530
-82.29700 -82.98000
-82.07910 -82.92050
-82.80710 -83.11400
-82.16280 -82.94420
-82.35590 -82.94340
-82.49080 -82.95230
-82.42120 -83.04670
-82.41030 -83.11480
-81.82230 -82.90110
-82.15860 -82.74710
-82.84350 -82.92110
-83.09480 -83.04190
-82.94150 -83.09600
-82.87800 -83.02640
-83.15110 -83.15760
-82.79410 -83.28950
-83.26430 -83.40270
-82.89520 -83.29320
-82.51070 -83.29520
-82.53310 -83.20710
-82.60630 -83.11520
-82.85710 -83.27580
-83.19400 -83.64050
-83.17080 -83.63390
-82.75290 -83.57070
-83.29220 -83.61910
-82.95500 -83.53940
-82.40270 -83.35860
-82.20470 -83.47100
-82.58340 -83.40240
-82.51730 -83.36740
-82.68580 -83.39530
-82.68640 -83.34520
-82.60560 -83.31570
-82.41650 -83.09530
-81.90640 -82.69580
-81.76950 -82.54370
-82.03620 -82.75500
-82.26610 -82.82290
-81.61050 -82.52770
-81.56120 -82.69330
-81.33510 -82.60810
-81.38710 -82.60150
-81.62410 -82.58620
-82.11920 -82.64240
-82.00100 -82.60980
-82.01480 -82.58980
-81.29220 -82.47970
-81.45720 -82.64670
-81.34630 -82.40660
-81.10870 -82.24650
-80.93180 -82.16750
-80.39280 -81.59850
-80.34860 -81.42980
-80.37970 -81.30050
-80.95030 -81.94670
-80.68250 -81.76220
-80.95900 -81.98070
-80.53260 -81.81750
-80.37700 -81.65440
-80.73460 -81.83380
-80.30780 -81.92550
-80.73240 -81.66530
-80.95370 -81.85260
-81.63450 -82.57930
-81.73380 -82.53770
-81.76490 -82.64530
-81.43320 -82.60480
-81.04440 -82.32690
-81.26450 -82.46450
-80.98470 -82.08980
-80.57870 -81.78840
-80.30730 -81.61920
-80.76030 -81.66770
-80.53640 -81.41810
-80.47510 -81.48890
-80.34950 -81.42740
-80.20110 -81.37310
-80.30820 -81.42610
-79.70070 -81.17660
-79.46950 -80.86530
-79.29210 -80.78770
-79.75130 -80.69340
-79.65500 -80.54640
-79.84390 -80.60410
-79.89660 -80.59320
-80.01880 -80.56640
-80.04650 -80.60200
-80.21510 -80.62990
-78.57330 -80.23640
-78.12030 -79.99140
-78.34220 -80.03550
-78.39700 -79.99370
-77.52600 -79.78130
-77.56310 -79.61080
-77.92520 -79.71090
-77.73760 -79.31860
-77.74130 -79.37990
-77.63070 -79.37060
-77.22470 -79.24990
-76.98710 -79.07540
-76.91290 -79.20640
-77.00410 -79.04200
-77.45810 -79.17890
-77.35240 -79.29350
-77.20180 -79.17810
-77.71390 -79.25620
-77.28050 -79.21810
-77.26900 -79.17110
-77.18950 -79.21210
-77.02480 -79.16790
-76.79260 -78.83150
-77.05930 -78.96380
-77.91620 -79.25790
-77.35940 -79.15490
-76.77440 -78.90740
-76.90880 -78.80300
-76.88900 -78.76740
-76.59780 -78.71060
-76.97210 -78.40720
-76.64630 -78.47960
-76.39070 -78.24010
-75.87480 -77.88850
-76.42660 -78.06900
-76.02770 -77.81800
-76.10050 -77.76390
-75.85430 -77.78730
-75.79570 -77.78520
-75.81410 -77.68080
-75.56220 -76.91950
-75.36000 -76.69450
-74.95530 -76.60310
-74.47970 -76.44770
-75.12020 -76.59940
-74.96010 -76.76830
-74.92800 -76.47410
-75.12560 -76.58120
-74.95000 -76.54660
-75.07630 -76.48260
-74.94850 -76.65880
-75.12960 -76.58840
-74.96520 -76.39950
-74.97110 -77.52020
-75.32250 -77.51490
-75.17680 -77.56910
-76.02910 -77.87580
-75.62120 -77.72710
-75.60940 -77.75140
-75.95340 -77.94590
-75.87610 -77.83750
-75.86610 -77.89410
-75.82880 -77.78660
-74.98470 -77.38080
-75.45540 -77.54070
-74.97920 -77.20760
-75.43750 -77.45350
-75.39360 -77.54970
-75.37510 -77.57640
-74.15610 -76.88020
-74.43050 -76.84690
-74.16700 -76.93490
-74.22490 -77.02150
-74.75820 -77.21760
-74.33000 -76.98500
-74.40900 -77.11830
-74.48740 -77.34280
-74.18550 -77.20570
-74.61780 -77.15550
-74.63540 -77.24530
-74.34620 -77.24120
-75.02770 -77.44250
-74.82950 -77.24300
-74.72980 -77.20740
-74.38300 -77.14380
-74.48120 -77.02330
-74.03540 -77.17870
-74.08950 -77.11910
-74.61550 -77.49260
-74.71650 -77.24010
-74.48450 -77.20000
-74.07220 -77.03720
-74.44820 -77.18690
-73.84640 -76.96820
-73.46700 -76.70700
-73.09990 -76.27270
-73.18440 -76.46520
-72.85600 -76.30640
-73.50490 -77.31220
-73.24890 -77.23850
-73.29190 -77.31260
-73.18220 -77.08360
-73.16740 -77.20530
-73.19620 -77.13370
-73.52490 -77.34360
-73.19760 -77.39850
-73.17460 -77.27740
-73.39920 -77.30300
-73.00460 -77.23140
-73.10450 -77.31080
-73.28980 -77.31590
-73.91410 -77.73520
-73.76840 -77.55720
-74.18690 -78.25570
-74.00050 -78.09140
-74.01100 -78.34570
-73.51950 -77.87850
-73.69120 -78.04200
-74.16700 -78.07870
-73.74800 -77.85250
-73.98400 -78.22210
-73.79630 -78.13130
-73.65930 -77.84010
-73.45110 -77.66800
-73.69620 -77.87330
-73.40080 -77.68390
-73.06590 -77.10200
-73.17670 -77.28150
-73.21730 -77.26610
-73.07800 -77.15360
-72.92770 -76.97050
-73.10190 -77.21590
-72.85850 -76.87520
-72.91680 -77.02420
-72.30340 -76.70660
-72.66570 -76.94270
-72.72750 -76.99530
-72.62420 -77.04850
-72.62210 -77.14580
-72.47130 -77.08370
-72.70300 -77.23610
-72.34760 -77.02270
-71.99140 -76.75800
-71.82970 -76.54690
-76.94980 -76.33750
-77.13170 -76.39270
-77.11470 -76.28050
-77.08520 -76.38690
-77.43270 -76.52070
-77.15750 -76.39080
-77.25920 -76.37360
-77.64920 -76.68030
-77.48300 -76.40570
-77.20070 -76.35780
-77.25410 -76.33420
-77.11840 -76.46440
-77.09240 -76.35780
-76.99630 -76.32430
-77.17870 -76.21540
-76.85470 -76.21480
-77.00010 -76.38160
-76.97350 -76.35160
-77.18930 -76.54520
-76.69850 -76.46490
-76.52090 -76.22440
-76.52860 -76.24800
-76.77070 -76.26150
-76.64580 -76.20270
-76.25950 -76.15260
-76.36680 -76.32950
-76.50980 -76.25590
-76.42350 -76.13040
-75.96180 -76.06720
-75.82290 -75.81500
-75.59800 -75.61990
-75.34710 -75.60080
-75.35950 -75.42360
-75.27210 -75.14050
-74.98680 -75.25160
-75.05410 -75.20150
-74.89640 -75.28390
-75.43170 -75.24930
-75.04440 -74.70950
-76.22800 -75.64580
-76.07310 -75.73050
-75.88210 -75.72120
-76.02070 -75.78610
-75.98550 -75.96420
-75.91930 -76.00760
-76.06360 -76.11210
-76.26040 -76.08530
-76.30740 -76.40000
-76.03320 -76.26270
-75.62030 -75.80230
-77.66010 -75.97100
-77.64180 -75.93080
-77.41880 -75.74280
-77.61020 -75.72780
-77.39530 -75.76070
-77.44700 -75.62950
-77.71490 -75.99840
-77.89080 -76.05500
-77.97010 -76.13200
-78.07220 -76.81630
-78.08480 -77.01360
-78.06030 -76.95860
-77.59390 -76.95100
-77.56230 -76.84900
-77.32740 -76.78440
-77.09900 -76.64220
-77.24430 -76.72510
-76.79240 -76.50430
-76.88540 -76.45800
-77.21220 -76.57330
-77.37720 -76.86370
-77.31140 -77.02760
-77.10770 -76.99350
-77.20910 -77.21430
-77.04730 -77.07300
-77.55590 -77.20660
-77.49630 -77.09650
-77.57330 -77.16350
-77.72750 -77.14820
-77.84620 -77.34690
-77.85740 -77.17760
-77.73810 -77.28150
-78.01370 -77.38310
-78.26340 -77.44080
-78.21130 -77.27020
-77.59650 -77.20680
-77.40500 -77.09200
-77.38200 -77.19190
-77.22460 -76.40680
-77.19700 -76.33970
-77.05460 -76.52080
-76.71370 -76.27080
-76.83800 -76.13910
-77.10460 -76.39950
-77.07500 -76.27440
-76.97440 -76.72030
-77.29580 -77.03810
-76.97650 -76.89090
-77.17110 -76.85950
-77.42470 -77.04000
-76.79280 -76.67110
-77.13290 -76.88040
-77.01380 -76.77140
-76.44530 -76.70310
-76.54580 -76.71230
-76.56310 -76.21820
-77.07110 -76.86050
-76.86440 -76.94650
-76.96480 -76.85360
-75.50990 -75.84860
-75.25760 -75.65870
-75.35140 -75.59240
-74.94690 -75.51520
-75.41350 -75.68870
-75.43410 -75.53140
-75.22170 -75.50020
-75.62750 -75.53110
-75.55090 -75.81790
-75.37680 -75.61710
-75.77570 -75.65870
-75.43420 -75.44340
-76.08210 -75.89290
-76.29190 -76.15650
-76.32600 -76.04920
-75.83990 -76.02630
-75.25210 -75.44800
-75.21830 -75.53370
-75.21740 -75.40500
-75.08250 -75.28760
-74.92580 -75.40250
-74.70760 -75.34570
-75.13170 -75.37620
-74.87990 -75.50290
-74.80110 -75.35760
-74.82250 -75.30840
-74.44460 -75.48820
-74.30550 -75.54790
-73.96680 -75.61670
-74.19140 -75.51900
-74.14070 -75.57700
-74.19330 -75.62350
-74.50270 -75.66430
-74.46080 -75.91190
-74.75880 -75.95350
-74.11770 -75.77090
-74.77670 -75.84670
-74.84070 -74.95550
-75.11230 -75.04040
-74.53590 -74.95460
-74.47610 -74.93840
-74.27580 -74.74590
-74.37930 -74.57500
-74.31550 -74.62680
-74.36230 -74.70650
-74.34650 -74.85320
-74.55300 -75.17300
-74.31160 -74.86150
-74.24590 -74.93470
-74.40890 -75.04860
-74.40810 -74.93780
-73.71450 -74.46580
-74.08000 -74.09990
-74.21000 -74.32700
-73.89890 -74.13840
-73.70010 -74.12170
-73.25790 -73.96180
-72.79340 -73.48250
-72.99580 -73.29210
-72.72190 -73.23000
-73.22090 -73.31540
-73.29840 -73.48690
-73.35270 -73.28250
-73.55000 -73.29980
-73.34200 -73.28820
-72.94870 -73.17730
-73.04310 -73.03940
-73.16590 -73.06490
-72.99860 -72.98440
-72.97130 -73.05570
-72.97770 -73.16480
-72.67390 -73.31750
-73.15090 -73.49610
-73.02590 -73.64430
-72.55210 -73.41470
-72.86800 -73.41600
-72.95950 -73.47360
-72.93470 -73.33090
-73.14060 -73.44590
-72.86220 -73.31880
-72.77440 -73.39090
-72.53450 -73.19120
-72.45380 -73.13430
-72.45040 -73.05300
-72.94400 -73.25420
-72.69950 -73.22150
-71.74240 -73.00710
-71.61370 -72.94510
-71.71840 -72.99080
-71.98310 -73.16140
-72.28610 -73.48760
-72.12440 -73.46850
-72.41610 -73.61190
-71.94590 -73.45800
-71.90860 -73.52900
-71.73010 -73.44690
-71.55580 -73.16770
-71.51340 -72.97300
-71.83310 -73.06470
-71.23600 -72.95360
-71.29150 -72.95410
-71.28670 -72.97420
-71.52530 -73.04330
-71.13720 -72.94640
-71.08200 -72.96650
-70.57880 -72.72900
-70.84070 -72.58960
-70.85860 -72.58280
-71.22640 -72.85780
-70.90240 -72.65220
-70.83960 -72.79240
-71.00140 -72.83520
-70.60820 -72.64900
-70.47360 -72.74960
-71.15240 -72.79460
-70.42430 -72.72170
-70.88400 -72.73280
-71.34190 -73.31550
-71.33290 -73.42920
-71.80220 -73.45140
-71.92090 -73.49890
-71.80250 -73.60300
-71.08810 -73.40660
-71.80750 -73.76760
-71.34580 -73.67040
-71.19280 -73.32750
-70.62380 -73.12830
-70.79310 -72.40730
-71.08460 -72.35030
-70.61060 -72.19590
-70.73970 -72.35460
-70.91250 -72.33300
-70.55820 -72.12320
-70.55700 -72.13160
-70.24530 -72.05430
-70.03330 -71.97780
-70.03430 -71.96870
-70.31630 -71.95890
-70.72190 -72.00620
-70.73350 -71.97770
-70.35380 -72.03040
-70.62950 -71.75000
-70.61900 -71.73050
-70.42060 -71.61560
-70.06660 -71.55030
-70.28650 -71.55330
-69.53400 -70.63270
-69.74450 -70.72410
-69.97850 -70.92710
-70.12440 -71.12160
-69.94560 -70.95900
-69.88410 -70.94670
-69.74830 -70.89430
-70.13310 -70.97840
-69.70080 -70.87140
-69.50550 -70.61870
-69.76040 -70.69630
-69.53440 -70.69800
-69.94810 -70.80210
-69.21330 -70.56810
-69.16910 -70.52190
-69.49250 -70.72280
-69.03350 -70.53380
-69.07930 -70.42040
-68.77060 -70.29430
-68.67880 -70.20730
-68.67490 -70.32570
-68.53480 -70.27460
-68.38340 -70.23030
-68.39520 -70.23500
-68.26970 -70.22150
-68.39570 -70.15920
-67.90680 -69.43460
-67.92800 -69.40430
-67.75220 -69.35350
-67.64650 -69.27650
-67.46950 -69.24160
-66.96570 -68.83530
-66.66770 -68.58440
-67.00630 -68.47750
-67.18400 -68.61900
-67.29510 -68.63330
-67.40710 -68.64890
-68.57390 -69.07610
-68.86880 -69.27330
-68.66220 -69.28910
-68.47990 -69.43580
-68.71950 -69.43350
-68.21170 -69.26520
-68.20160 -69.12490
-68.11290 -69.10410
-68.28450 -69.23160
-68.08130 -69.24380
-68.11360 -69.27780
-67.82900 -69.16650
-68.13270 -69.04550
-68.01850 -69.11570
-68.07940 -69.09870
-67.55750 -68.74260
-67.60160 -68.62450
-67.45300 -68.48880
-67.09990 -68.39180
-67.21840 -68.32670
-67.11340 -68.16530
-67.14570 -68.11700
-67.19860 -68.04240
-66.90310 -68.05300
-66.27150 -67.71590
-66.46680 -67.79850
-66.55340 -67.62950
-66.51790 -67.63440
-65.95100 -67.27730
-65.97930 -67.06980
-66.07830 -67.33410
-66.16720 -67.35590
-65.98940 -67.25850
-65.82710 -67.32970
-65.76050 -67.26250
-65.54570 -67.32100
-65.78370 -67.32410
-65.70130 -67.05290
-65.54390 -67.08230
-65.64070 -66.80090
-65.60190 -66.87070
-65.18310 -66.63840
-65.30920 -66.80860
-65.33850 -66.71050
-65.06750 -66.53710
-65.59030 -66.76190
-65.41860 -66.76620
-65.03170 -67.43290
-65.09090 -67.39340
-65.30360 -67.52730
-65.75720 -67.62090
-65.82720 -67.59180
-65.64520 -67.48900
-66.21790 -67.84060
-65.35440 -67.55900
-65.47750 -67.61020
-65.54640 -67.44130
-65.45620 -67.39990
-65.28500 -67.33410
-64.70140 -67.21160
-65.22540 -67.36730
-64.79940 -67.07020
-65.15690 -67.28280
-65.20260 -67.57160
-64.57810 -67.33020
-64.84940 -67.37240
-65.05850 -67.39310
-64.95220 -67.48930
-65.16040 -67.43750
-65.08620 -67.55690
-64.82310 -67.34180
-64.83270 -67.47030
-65.00340 -67.60310
-65.04040 -67.78270
-64.85000 -67.70200
-64.79470 -67.64210
-65.09380 -67.60620
-65.47780 -67.71130
-65.58260 -67.75090
-65.53530 -67.74140
-65.16010 -67.61570
-64.88550 -67.52080
-65.59600 -67.77200
-65.20420 -67.76160
-65.28010 -67.62390
-64.80740 -67.37750
-64.72170 -67.62430
-64.92540 -67.76320
-64.94580 -67.87620
-64.78390 -67.64380
-64.85500 -67.61550
-64.82900 -67.58740
-64.48710 -67.31120
-64.20090 -67.08090
-64.65980 -67.33930
-64.39720 -67.13190
-64.26630 -67.16320
-64.66100 -67.19280
-64.72090 -67.33980
-64.16980 -67.95920
-64.53320 -68.15250
-64.72870 -68.02920
-64.01430 -67.82800
-63.86720 -67.26410
-63.98620 -67.43350
-64.09940 -67.41350
-63.76470 -67.44790
-63.73780 -67.34120
-63.93490 -67.38550
-63.60940 -67.33050
-63.79470 -67.40850
-63.71690 -67.40420
-63.87430 -67.39370
-64.49760 -67.84050
-65.25390 -68.14660
-64.59030 -68.09380
-64.78570 -67.95940
-64.48300 -67.98600
-64.70790 -68.22390
-64.43240 -68.00950
-64.22630 -67.89040
-64.63560 -68.04660
-64.51590 -68.00160
-64.86730 -68.17280
-64.00550 -68.01210
-64.77940 -68.25420
-64.66960 -68.21000
-64.90660 -68.21100
-64.85090 -68.17220
-65.09840 -68.35310
-64.86920 -68.25000
-64.83680 -68.38600
-64.81930 -68.26480
-64.28110 -67.69360
-63.91530 -67.52440
-63.88250 -67.51480
-63.56260 -67.16190
-63.88530 -67.26590
-63.59260 -67.22580
-63.58470 -67.24810
-63.20870 -67.14890
-63.05150 -66.95530
-64.07420 -67.63460
-63.74250 -67.67600
-64.24580 -67.74080
-64.06710 -67.71600
-64.18550 -67.90310
-64.35580 -68.01230
-63.80460 -67.83150
-63.89370 -67.84120
-66.43840 -66.16640
-66.55640 -66.14950
-66.58920 -66.12600
-66.77810 -66.29850
-66.77410 -66.50100
-67.08120 -66.53460
-67.18730 -66.60270
-67.53040 -66.73580
-67.82630 -66.69660
-67.83740 -66.81010
-67.79770 -66.97420
-67.84420 -66.90780
-67.74420 -67.02840
-67.65950 -66.97590
-67.57960 -66.96470
-67.56330 -66.89810
-67.93380 -67.00020
-67.41640 -66.91970
-67.39750 -66.94250
-66.94740 -66.75200
-66.59820 -66.37340
-66.23530 -66.32630
-66.29180 -66.21480
-66.13460 -66.19500
-65.79550 -65.99690
-65.81750 -65.82170
-65.82930 -65.81330
-66.11390 -65.89710
-66.10550 -65.89100
-66.07680 -65.89960
-65.94120 -65.83360
-65.78450 -65.84060
-65.51500 -65.90440
-65.98800 -65.87010
-66.35070 -65.97870
-65.80110 -65.69440
-66.02860 -65.70940
-66.06930 -65.71350
-67.12390 -66.37210
-66.79860 -66.44840
-67.00060 -66.46640
-66.94950 -66.56740
-67.09660 -66.60370
-67.15070 -66.64270
-67.24020 -66.74570
-67.01080 -66.69440
-67.16890 -66.79450
-66.99260 -66.61120
-66.79930 -66.60390
-66.37680 -66.52390
-66.46340 -66.58800
-66.47050 -66.34470
-66.34680 -65.84100
-66.37750 -65.82270
-66.20860 -65.67510
-66.08580 -65.69230
-66.32990 -65.70570
-66.39880 -65.77660
-66.32810 -66.01380
-66.41010 -65.96480
-66.06560 -65.87970
-66.06980 -65.88580
-65.73490 -65.51950
-65.70440 -65.65620
-65.30050 -65.40440
-65.30710 -65.44610
-65.54400 -65.59630
-66.00600 -65.92400
-65.78460 -65.88070
-66.14740 -66.10720
-66.41500 -66.12840
-66.42450 -66.22400
-66.34240 -66.32640
-66.74030 -66.45140
-66.70500 -66.51770
-67.01140 -66.59470
-67.22270 -66.63460
-67.10450 -66.58740
-67.20630 -66.60000
-66.42920 -66.47860
-66.43970 -66.36440
-66.07970 -66.17480
-65.72760 -66.00770
-65.98100 -66.05260
-66.12560 -66.11660
-66.24890 -66.08930
-66.19400 -66.16330
-66.37020 -66.19310
-66.27600 -66.31040
-66.73500 -66.63480
-66.54560 -66.54500
-66.23880 -66.48630
-66.36340 -66.50090
-66.34860 -66.51210
-66.25850 -66.44430
-65.44740 -66.34140
-66.08360 -66.39510
-65.64480 -65.52180
-66.04800 -65.77080
-66.16590 -65.92360
-66.12720 -65.92800
-66.15430 -65.97100
-66.14540 -65.87570
-66.31530 -65.82270
-65.12750 -65.18260
-64.88340 -65.12520
-64.81220 -65.00120
-64.38410 -64.63220
-64.57630 -64.59050
-64.61310 -64.64490
-64.71400 -64.62600
-64.71670 -64.65810
-64.69060 -64.75620
-65.07250 -64.76590
-65.40890 -64.90490
-65.46590 -65.00510
-65.53290 -64.98180
-65.31680 -65.03380
-65.24870 -65.02140
-65.25220 -65.09480
-65.20870 -65.02440
-65.71990 -65.23440
-65.85330 -65.31170
-65.68050 -65.31070
-65.76310 -65.38680
-65.97570 -65.41370
-65.46490 -65.44620
-64.85120 -65.15230
-64.85950 -65.05340
-64.95460 -65.13940
-65.34030 -65.21120
-65.10100 -65.20020
-65.10080 -65.22700
-65.04050 -65.36190
-65.08310 -65.30200
-65.20200 -65.22020
-65.23550 -65.50850
-64.93940 -65.54360
-65.31380 -65.77360
-65.08080 -65.43740
-64.55590 -65.66130
-64.34030 -65.45240
-64.20450 -65.48350
-64.17260 -65.46540
-64.50550 -65.44640
-64.58200 -65.61810
-64.35510 -65.47380
-64.52150 -65.41460
-64.21750 -65.21280
-64.47970 -64.51760
-64.40840 -64.62980
-64.34250 -64.63780
-64.16040 -64.49710
-64.15640 -64.64400
-64.18000 -64.69570
-64.27050 -64.60820
-64.11940 -64.76390
-64.14120 -64.68010
-64.03060 -64.76440
-64.19100 -64.79460
-63.71600 -64.57530
-63.71700 -64.12340
-64.07210 -64.40540
-63.38810 -64.26830
-63.40480 -64.34050
-63.11560 -64.25330
-63.08030 -63.65030
-63.39610 -63.83900
-63.46550 -63.85390
-63.05530 -63.76510
-62.73800 -63.40860
-62.76880 -63.45810
-62.52970 -63.06040
-62.63750 -63.10880
-62.48310 -63.04520
-62.55190 -63.16880
-62.64990 -63.22490
-62.95380 -63.35150
-62.60120 -63.37520
-62.40420 -63.29050
-62.35740 -63.35240
-62.70980 -63.40690
-62.20400 -63.49110
-62.57400 -63.54480
-62.62250 -63.63380
-62.47420 -63.68700
-62.45420 -63.48370
-62.09190 -63.54890
-62.33760 -63.72700
-62.07110 -63.57320
-62.58830 -63.69270
-62.03420 -63.64160
-62.07020 -63.43320
-61.99300 -62.34420
-61.87320 -62.36560
-61.89170 -62.40120
-61.93930 -62.32920
-62.07020 -62.39090
-61.90580 -62.45580
-61.98660 -62.45610
-62.07070 -62.46360
-61.84160 -62.40090
-61.76660 -62.37420
-62.29390 -62.93540
-61.92710 -62.81820
-62.04240 -62.87710
-61.78820 -62.81090
-61.94240 -62.74080
-61.84490 -62.67250
-62.09380 -62.89080
-62.37260 -62.91210
-62.19380 -62.95140
-62.62230 -63.05060
-62.28690 -62.97440
-62.17730 -63.00060
-61.92190 -62.84900
-61.81050 -62.77340
-62.31760 -62.81140
-61.87610 -62.96450
-61.75910 -62.71030
-61.73280 -62.91280
-62.19830 -63.16410
-61.88850 -63.02240
-62.02970 -63.11300
-61.91540 -63.04200
-62.05400 -63.20270
-62.32900 -63.50790
-62.56090 -63.62770
-62.36870 -63.70340
-62.16280 -63.50370
-61.89400 -63.62310
-62.38700 -63.50690
-61.95200 -63.45160
-62.25260 -63.54870
-62.00580 -63.48290
-61.88220 -63.29960
-61.62200 -62.98980
-61.57080 -63.08640
-61.74360 -63.08050
-61.59040 -62.62010
-61.70660 -62.63200
-61.75030 -62.67590
-61.64260 -62.65710
-61.35830 -62.44900
-61.07560 -62.17980
-61.42650 -62.12940
-61.67150 -62.16510
-61.61580 -62.15790
-60.67700 -61.49650
-60.64180 -61.58920
-60.66640 -61.44340
-60.43930 -61.32940
-60.33410 -61.20410
-60.39520 -61.26070
-60.44210 -61.32290
-60.41540 -61.30990
-60.72800 -61.44520
-60.37990 -61.35820
-60.41890 -61.34320
-60.41040 -61.24460
-60.33080 -61.16970
-60.44690 -61.17750
-60.68700 -61.31500
-60.96190 -61.54830
-60.61060 -61.47460
-60.80150 -61.38120
-60.86030 -61.35840
-60.93610 -61.45710
-60.85820 -61.37730
-60.80930 -61.44360
-60.84580 -61.49240
-60.42740 -61.27000
-60.30710 -61.38140
-60.22780 -61.23370
-60.20280 -61.06270
-60.37570 -60.99540
-60.26300 -61.01210
-60.20100 -60.97610
-60.36950 -61.04010
-59.87260 -60.76910
-59.60890 -60.57370
-59.28960 -60.48670
-59.34130 -60.48250
-59.67340 -60.54900
-59.67870 -60.49520
-59.73160 -60.52210
-59.78820 -60.50610
-60.00610 -60.78740
-60.54790 -61.12280
-60.29030 -61.12480
-60.33740 -61.03640
-60.45190 -61.06040
-60.46610 -60.96380
-60.53300 -60.95860
-60.54460 -61.01430
-60.81500 -61.08620
-60.61180 -61.09760
-60.36940 -61.11730
-60.57280 -61.18020
-60.64110 -61.18320
-60.47790 -61.07580
-60.41160 -61.04630
-60.47790 -61.02320
-60.42010 -61.08300
-60.36190 -61.08620
-60.50670 -61.10580
-60.53400 -61.17330
-60.52240 -61.16810
-60.39830 -61.07530
-60.08330 -60.86970
-60.11290 -60.89760
-59.71470 -60.73250
-59.93740 -60.72330
-60.39060 -60.80910
-60.22890 -60.84780
-59.96920 -60.49610
-59.94990 -60.50610
-59.69930 -60.52540
-59.64050 -60.54130
-59.74930 -60.53140
-59.81270 -60.33590
-59.54610 -60.35180
-58.78050 -59.69930
-59.24260 -59.96930
-59.38750 -60.08850
-59.18760 -60.10960
-59.13370 -59.96780
-59.12280 -59.48980
-58.76550 -59.39080
-58.94970 -59.51280
-58.58480 -59.38660
-58.61380 -59.48200
-58.78380 -59.49030
-58.71070 -59.44390
-59.02110 -59.40190
-58.29300 -59.11340
-57.86400 -60.12040
-58.58130 -60.34480
-58.31760 -60.27080
-58.18510 -60.21880
-58.15600 -60.38830
-58.57910 -60.49490
-58.22220 -60.25610
-58.26990 -60.27030
-58.40320 -60.34000
-58.33790 -60.37350
-58.47700 -60.45020
-58.37000 -60.40580
-58.70790 -60.46810
-58.52090 -60.48910
-58.27340 -60.34770
-58.41990 -60.37150
-58.19060 -60.44210
-58.13890 -60.32290
-58.64530 -60.63550
-58.13310 -60.32910
-57.88270 -60.29900
-57.87690 -60.19300
-57.89710 -60.19400
-57.86490 -60.29300
-57.93430 -59.99460
-57.91830 -60.04900
-57.59370 -59.87910
-57.74500 -60.12860
-57.75630 -60.14610
-57.34190 -60.03370
-57.05380 -59.96830
-56.89630 -59.94200
-56.68710 -59.88250
-56.91090 -59.87290
-56.88210 -59.86380
-57.35250 -59.84030
-57.39410 -59.87860
-57.41950 -59.76970
-56.96120 -59.65100
-56.73180 -59.59120
-57.59520 -59.83170
-57.40350 -59.89930
-57.54980 -59.81030
-57.37620 -59.68620
-57.10860 -59.77640
-57.14640 -59.94020
-57.63760 -60.25440
-57.65330 -60.09120
-57.72170 -60.08880
-57.62520 -60.07010
-57.42760 -59.99290
-57.44800 -59.93510
-57.47680 -60.14030
-56.97820 -59.84780
-56.58070 -59.70540
-55.43830 -59.37070
-55.55250 -59.54700
-54.92540 -58.18750
-54.89490 -58.11530
-55.19060 -58.24810
-54.76040 -58.18580
-55.05680 -58.14680
-54.39830 -57.75110
-54.12930 -57.67290
-54.24280 -57.73700
-54.54630 -57.74510
-55.03400 -58.19220
-55.14010 -58.12870
-55.16880 -58.12680
-55.05400 -58.09640
-55.19730 -58.23420
-55.22610 -58.20240
-55.02680 -58.38150
-54.97010 -58.26340
-54.84880 -58.20430
-54.95730 -58.26530
-54.94170 -58.19720
-55.12110 -58.34180
-54.46220 -58.09640
-55.18740 -58.25280
-54.76770 -58.22980
-54.97530 -58.21560
-55.07080 -58.22690
-55.10720 -58.28400
-54.67410 -58.00520
-54.77940 -58.07660
-54.69590 -58.02730
-54.30830 -57.69580
-54.51360 -57.80590
-54.16490 -57.74900
-53.88400 -57.67190
-53.72300 -57.49410
-53.77600 -57.53030
-54.12600 -57.65770
-54.13110 -57.67980
-54.33840 -57.84110
-54.06140 -57.87890
-54.30220 -57.93840
-54.09970 -57.90530
-54.31520 -58.05510
-54.14540 -57.90870
-53.89630 -57.82020
-57.11140 -57.18520
-57.36590 -56.99460
-57.80470 -57.24140
-58.76170 -57.52900
-58.77510 -57.49810
-58.60270 -57.58200
-58.81480 -57.61840
-58.73470 -57.59550
-58.81500 -57.66800
-59.00370 -57.70500
-58.86390 -57.71520
-58.83780 -57.74750
-58.56700 -57.67670
-58.70810 -57.75880
-58.84410 -57.84620
-58.71260 -57.75830
-58.73700 -57.81260
-58.97720 -57.85550
-59.06430 -57.86640
-59.04380 -57.90660
-59.17670 -57.98890
-58.94490 -57.93150
-58.91700 -57.93330
-58.68810 -57.91770
-58.48840 -57.83930
-58.45600 -57.70120
-58.16490 -57.67850
-58.24640 -57.56880
-57.90940 -57.12220
-57.95280 -57.12210
-57.94600 -57.17390
-57.37920 -57.04650
-57.54420 -57.07250
-57.33460 -56.98350
-57.34590 -56.96270
-57.13850 -56.79810
-57.31700 -56.85370
-57.51990 -56.83370
-57.46390 -56.92860
-57.19310 -56.93840
-57.33070 -56.93520
-57.39890 -56.97090
-57.53400 -57.06550
-57.15620 -56.96610
-56.85150 -56.85760
-56.73420 -56.79310
-56.86760 -56.77880
-58.25860 -57.33750
-58.11500 -57.64490
-58.20070 -57.67270
-58.19310 -57.70830
-58.09050 -57.72820
-58.24300 -57.73160
-58.28280 -57.80640
-58.07090 -57.80530
-57.94010 -57.80350
-57.98420 -57.79100
-57.61500 -57.65660
-57.63970 -57.66110
-57.42240 -57.40660
-57.74420 -57.36670
-57.54650 -57.45180
-57.48670 -57.42630
-57.96880 -57.54410
-57.78390 -57.57180
-57.91390 -57.60530
-58.05450 -57.61900
-58.15290 -57.74290
-58.21190 -57.79700
-58.32700 -57.82030
-58.35970 -57.82880
-58.34150 -57.85130
-58.58480 -57.87620
-58.71500 -57.90400
-58.82810 -57.97160
-58.31610 -57.95140
-58.24060 -57.77620
-58.12170 -57.78450
-57.77840 -57.73930
-57.73240 -57.59840
-57.84040 -57.57420
-57.93420 -57.72720
-58.21700 -57.75370
-57.83670 -57.70250
-58.03410 -57.69830
-58.05320 -57.73440
-58.13760 -57.74610
-57.64010 -57.69940
-57.88630 -57.68590
-57.99450 -57.73360
-57.58660 -57.64190
-57.54890 -57.60060
-56.30860 -56.79710
-56.60430 -56.86910
-56.95140 -56.73710
-56.95290 -56.66350
-56.53150 -56.45150
-56.23190 -56.32730
-55.75870 -56.09970
-55.65760 -55.88500
-55.78320 -55.85520
-55.36650 -55.48980
-55.52530 -55.46280
-55.80370 -55.50770
-55.58510 -55.49340
-55.86030 -55.58530
-55.90800 -55.82200
-56.26900 -55.91720
-56.17180 -55.90070
-56.17990 -55.91720
-56.30230 -56.01270
-56.54540 -56.11160
-56.67340 -56.20260
-56.50730 -56.19850
-56.71990 -56.37350
-56.64820 -56.28510
-56.23140 -56.29680
-56.06180 -55.82880
-56.21800 -55.83900
-55.92860 -55.80780
-55.83480 -55.86770
-56.19820 -55.92850
-55.83700 -55.80490
-55.85270 -55.83000
-55.58770 -56.01130
-55.60740 -56.06660
-55.59190 -56.00030
-55.06190 -55.97770
-55.02520 -55.81510
-54.70250 -55.62750
-54.86260 -55.62270
-54.90780 -55.67290
-55.09780 -55.84060
-55.27750 -55.99240
-55.24960 -56.01830
-55.15330 -55.94720
-55.01960 -55.85590
-54.89010 -55.87790
-57.14610 -56.20230
-57.08470 -56.20260
-57.37140 -56.30550
-56.93740 -56.53870
-56.92560 -56.68820
-56.66290 -56.74090
-56.52530 -56.55400
-56.55910 -56.56880
-56.51520 -56.64260
-56.99290 -56.93450
-57.10920 -57.07620
-56.88370 -56.91330
-56.88780 -57.20510
-56.82200 -57.18450
-56.96230 -57.38990
-56.95170 -57.32670
-56.92010 -57.34170
-56.64620 -57.22320
-56.26770 -57.03110
-56.17850 -57.05410
-56.04490 -56.99270
-56.41930 -56.86710
-56.45010 -56.69040
-56.35010 -56.67650
-56.53550 -56.80040
-56.01720 -56.55950
-55.63680 -55.96210
-55.98210 -56.16390
-56.17800 -56.27260
-56.16910 -56.30060
-55.88690 -56.10850
-55.79340 -56.09700
-55.40950 -55.96170
-55.60070 -55.81110
-55.40800 -55.72800
-55.38940 -55.81080
-55.58440 -55.88220
-55.65380 -56.00460
-55.60540 -56.10030
-55.39280 -56.08020
-55.25600 -55.95580
-55.14790 -55.95030
-55.35750 -55.84190
-54.77980 -55.66560
-54.51070 -55.55390
-54.69820 -55.50300
-54.57110 -55.53340
-54.62090 -55.46330
-54.70320 -55.46560
-54.47010 -55.50280
-54.37460 -55.39480
-54.69080 -55.55530
-54.32020 -55.12860
-54.63230 -55.27380
-54.66190 -55.24770
-54.39820 -55.15700
-54.66760 -55.25520
-54.68280 -55.30120
-54.76360 -55.46490
-54.39050 -55.52130
-54.39470 -55.57870
-54.69210 -55.55630
-54.70640 -55.61770
-54.67110 -55.54140
-54.60280 -55.52880
-54.58150 -55.51660
-54.83580 -55.60000
-54.74060 -55.63660
-54.97890 -55.67620
-55.02290 -55.70630
-55.10590 -55.88780
-54.60190 -55.73890
-54.42730 -55.58660
-54.46040 -55.61210
-54.38380 -55.61300
-54.95410 -55.72100
-54.81560 -55.98880
-54.85070 -55.79140
-55.13620 -56.04540
-54.71030 -56.03850
-55.05210 -56.02870
-55.29800 -56.23680
-55.29500 -56.26220
-54.86590 -56.20800
-54.82490 -56.11080
-54.79150 -56.06670
-54.95550 -56.20130
-55.06490 -56.06300
-54.69470 -55.95370
-54.97660 -55.93620
-54.91560 -56.03180
-55.09550 -56.02790
-55.00530 -55.97110
-55.07860 -56.05190
-54.91890 -55.99200
-54.76120 -55.97060
-54.54770 -55.81770
-54.35380 -55.76160
-54.11100 -55.53070
-53.82320 -54.80250
-53.86290 -54.83060
-53.77320 -54.44930
-53.39010 -54.16340
-53.87610 -54.14540
-53.51850 -54.09520
-53.23130 -54.15870
-53.13290 -54.09000
-53.29080 -54.11130
-53.24490 -53.95920
-53.06520 -53.75540
-52.46950 -53.57430
-52.90910 -53.45800
-52.95960 -53.64790
-53.01160 -53.75440
-53.09310 -53.92610
-53.09780 -53.79810
-53.09710 -53.81250
-52.69110 -53.71820
-52.82990 -53.77120
-52.75840 -53.72880
-52.91920 -53.79220
-52.77220 -53.70420
-53.27480 -53.82720
-52.57770 -53.67490
-52.97930 -53.74760
-52.91210 -53.66220
-52.86860 -53.55950
-53.08510 -53.67610
-53.38530 -53.97690
-53.51750 -53.96220
-53.63170 -54.03230
-53.47790 -53.95970
-53.30750 -54.06050
-53.13690 -53.97330
-53.28230 -54.00790
-53.12920 -54.03320
-53.19220 -53.99460
-52.91220 -53.98230
-53.18730 -53.90550
-52.92780 -53.71860
-52.80000 -53.59420
-52.99740 -53.55920
-52.83830 -53.56250
-52.27660 -53.34870
-52.11350 -53.26260
-52.15630 -52.78470
-51.62750 -52.67020
-51.83030 -52.66600
-51.62880 -52.65950
-51.76220 -52.88100
-51.66680 -52.77840
-52.01100 -52.92670
-51.73090 -52.84330
-51.80390 -52.86530
-51.67520 -52.83390
-51.67820 -52.71900
-51.48070 -52.66360
-51.70830 -52.62830
-51.49800 -52.58370
-51.69980 -52.61620
-51.91820 -52.63700
-51.94060 -52.63130
-51.96410 -52.61220
-51.74610 -52.59380
-51.73290 -52.61940
-51.61960 -52.54070
-51.51310 -52.57480
-51.57460 -52.59220
-51.34940 -52.40450
-51.56020 -52.45740
-51.52650 -52.43200
-51.51840 -52.51810
-51.21600 -52.49950
-51.57620 -52.61890
-51.54970 -52.59040
-51.46540 -52.49160
-51.30990 -52.44740
-51.04810 -52.31050
-50.94310 -52.14900
-50.59170 -51.96990
-51.03280 -52.10070
-51.16500 -52.09190
-50.91020 -51.99610
-50.28870 -51.60440
-50.22630 -51.59410
-50.00130 -51.60460
-50.14840 -51.60410
-50.18670 -51.59770
-50.25710 -51.53980
-50.13860 -51.54020
-49.75400 -51.38010
-49.84470 -51.39660
-50.06500 -51.52480
-50.22280 -51.60210
-50.09550 -51.54140
-50.07470 -51.58980
-50.13350 -51.59150
-49.91010 -51.63600
-50.14660 -51.56640
-49.96440 -51.23620
-50.11470 -51.37440
-50.00630 -51.30570
-49.92350 -51.40530
-49.94870 -51.31420
-49.75110 -51.35800
-50.09540 -51.50290
-49.89830 -51.28290
-49.91990 -51.42070
-49.77680 -51.25870
-49.88640 -51.46710
-49.37560 -51.19290
-49.31020 -51.06280
-49.75380 -51.02070
-49.61060 -50.94230
-49.91140 -51.14790
-49.47360 -51.01530
-49.59630 -51.05630
-49.60520 -50.89810
-49.40050 -50.82180
-49.63640 -50.93510
-49.41080 -50.70740
-49.37440 -50.75300
-49.58760 -50.94590
-49.61190 -50.94840
-49.35880 -50.74570
-49.11980 -50.68030
-48.99860 -50.54710
-48.92080 -50.60370
-48.85230 -50.44130
-48.88370 -50.48420
-48.71730 -50.34080
-48.81070 -50.41420
-49.15220 -50.60700
-49.16380 -50.63640
-48.71310 -50.42260
-48.76690 -50.34390
-48.70130 -50.32700
-48.85460 -50.34210
-49.04210 -50.42540
-49.08340 -50.51420
-49.21780 -50.61800
-49.17440 -50.49270
-48.87400 -50.39990
-48.84480 -50.29230
-48.94180 -50.36360
-48.83770 -50.30340
-48.65440 -50.26190
-48.55660 -50.23290
-48.39850 -50.21320
-48.55910 -50.27820
-48.32950 -50.12590
-48.21010 -50.12670
-48.45300 -50.22860
-48.23450 -50.24120
-48.03780 -49.96660
-47.80960 -49.88170
-47.79050 -49.86680
-47.72440 -49.73640
-47.56230 -49.76830
-47.88570 -49.83920
-48.77190 -51.57130
-48.99370 -51.50340
-48.03040 -51.34850
-48.21240 -51.36760
-48.31570 -51.35050
-48.15380 -51.37410
-47.86420 -51.29710
-48.04280 -51.26310
-47.93980 -51.31410
-48.12130 -51.31290
-48.49690 -51.50710
-49.13040 -51.74610
-48.64530 -51.70850
-48.62150 -51.70470
-48.37380 -51.71690
-48.70790 -51.76180
-48.37390 -51.72620
-48.42490 -51.68720
-48.86140 -51.84940
-48.39470 -51.70060
-48.36720 -51.61040
-48.67400 -51.72410
-48.43720 -51.69280
-48.57330 -51.75370
-48.64920 -51.84260
-48.64850 -51.97150
-48.66870 -51.86700
-48.64270 -51.72590
-48.28440 -51.61230
-48.20670 -51.59690
-48.26820 -51.53250
-48.20970 -51.47250
-47.81650 -51.13640
-48.07740 -51.25880
-47.90880 -51.12780
-47.78600 -51.07660
-48.01310 -51.23250
-47.82510 -50.95640
-47.70070 -50.96860
-47.71890 -50.94340
-47.61720 -51.04020
-47.33650 -50.80460
-47.65020 -50.90060
-47.94460 -51.17970
-47.98550 -51.37900
-47.93670 -51.33700
-48.08730 -51.44840
-47.81260 -51.31610
-47.98210 -51.37540
-47.69640 -51.24530
-47.52450 -51.07140
-49.30700 -49.09410
-49.40330 -49.19830
-49.67890 -49.33690
-49.69420 -49.41360
-49.96590 -49.54620
-50.75000 -49.79540
-50.77640 -49.77080
-50.91600 -49.74790
-50.93920 -49.80520
-50.98820 -50.00550
-51.05620 -50.07710
-50.99530 -50.10180
-50.99290 -50.08270
-50.86410 -50.13640
-51.07740 -50.18050
-51.15650 -50.20510
-51.12400 -50.11580
-50.84040 -50.08250
-50.86990 -49.94910
-50.44460 -49.85700
-50.61220 -49.92950
-50.52840 -49.92600
-50.43620 -49.93130
-50.37420 -49.85190
-50.27470 -49.69670
-50.25040 -49.67640
-50.13600 -49.59560
-50.22940 -49.52140
-50.20640 -49.56350
-50.16460 -49.58300
-49.93800 -49.51100
-49.79310 -49.44080
-49.86570 -49.48990
-50.06030 -49.47990
-50.07910 -49.51080
-49.90480 -49.46830
-49.92580 -49.46710
-50.10520 -49.46320
-50.29520 -49.43150
-50.38890 -49.48600
-50.23980 -49.70690
-50.23690 -49.80080
-50.26630 -49.75940
-50.23160 -49.73420
-50.39400 -49.79430
-50.44410 -49.83050
-50.29250 -49.78590
-50.41260 -49.84360
-49.91300 -49.74880
-49.94840 -49.59860
-48.54760 -48.41640
-48.65460 -48.26720
-48.38810 -48.22040
-48.58100 -48.40900
-48.71570 -48.43560
-48.74210 -48.52420
-48.75170 -48.58350
-48.75650 -48.58320
-48.82280 -48.52620
-48.81720 -48.48200
-48.59290 -48.40940
-48.48600 -48.37890
-48.51650 -48.40710
-48.17440 -48.19520
-47.98860 -48.06550
-48.25210 -48.20100
-48.05920 -48.22290
-48.51600 -48.37960
-48.48410 -48.41670
-48.29150 -48.37000
-48.24000 -48.47890
-48.49880 -48.56630
-48.54060 -48.56980
-48.47800 -48.60020
-48.53530 -48.58700
-48.68380 -48.73250
-48.64940 -48.76040
-48.94540 -48.81970
-48.55890 -48.95960
-48.43560 -48.88540
-48.38220 -48.58070
-48.23290 -48.29680
-48.21430 -48.25990
-48.01540 -48.32190
-47.93290 -48.22780
-48.00050 -48.09970
-48.35990 -48.33970
-48.19030 -48.24230
-48.31620 -48.28410
-48.35910 -48.47600
-48.53500 -48.72560
-48.70260 -48.79770
-48.81370 -48.81310
-48.90330 -48.84250
-48.45790 -48.76420
-48.66350 -48.78960
-48.66930 -48.82970
-48.64710 -48.86780
-48.36750 -48.75360
-49.56900 -48.86610
-49.83150 -48.90570
-49.89690 -48.97190
-49.99510 -49.27410
-50.13780 -49.35170
-50.01840 -49.47100
-50.11120 -49.64800
-49.73670 -49.60290
-49.18240 -49.40640
-48.98750 -49.36880
-48.93450 -49.25980
-48.71330 -49.07940
-48.80680 -49.00010
-49.05910 -49.15290
-48.85610 -49.00660
-48.94430 -49.01680
-49.15440 -49.05260
-48.94790 -49.07070
-49.04840 -49.05510
-49.20840 -49.03970
-49.34410 -49.09160
-49.29100 -49.03980
-49.43570 -49.16810
-49.68970 -49.20500
-49.72200 -49.26240
-49.67200 -49.19060
-49.72660 -49.13400
-49.64730 -49.38220
-49.61060 -49.31880
-49.78360 -49.41830
-49.98730 -49.48770
-50.01240 -49.66890
-50.15830 -49.72020
-50.06500 -49.64720
-49.38490 -49.27640
-49.31570 -49.36950
-49.59930 -49.41940
-49.37540 -49.42580
-49.30780 -49.38990
-49.35870 -49.43260
-49.51390 -49.37840
-49.42430 -49.44040
-49.49700 -49.54510
-49.31170 -49.50900
-49.38730 -49.52170
-49.36860 -49.46570
-48.65940 -49.33850
-48.57140 -49.32850
-48.47350 -49.32600
-48.71760 -49.19380
-48.88770 -49.22280
-48.87040 -49.22800
-49.02100 -49.21770
-48.98310 -49.24380
-48.87450 -49.29290
-48.93110 -49.30170
-47.17180 -48.06220
-47.38090 -47.86350
-47.25260 -47.58440
-46.96740 -47.18390
-46.85360 -47.18060
-46.97430 -47.20330
-47.32690 -47.34010
-47.24540 -47.55460
-47.40050 -47.67060
-47.41140 -47.62270
-47.51500 -47.72880
-47.47390 -47.79250
-47.61660 -47.82060
-47.12860 -47.66620
-47.37560 -47.45860
-47.33710 -47.31230
-47.61070 -47.42040
-47.49830 -47.48210
-47.69910 -47.59280
-47.12180 -47.38060
-46.90270 -47.34080
-46.79120 -47.24970
-46.70160 -47.26070
-46.55720 -47.18380
-46.76240 -47.23040
-46.80790 -47.23460
-47.13500 -47.21640
-47.15040 -47.18530
-47.28640 -47.23150
-47.13110 -47.18100
-47.12560 -47.10200
-46.88740 -46.99200
-46.86680 -47.01230
-46.59360 -46.92330
-46.69320 -46.85800
-46.73530 -46.82320
-46.82690 -46.82900
-46.80100 -46.85580
-47.08700 -47.02720
-46.70880 -47.04490
-46.78000 -47.08990
-46.95910 -47.03150
-47.09340 -47.09440
-46.91730 -47.10940
-46.90620 -47.07890
-46.82050 -47.07160
-46.88760 -47.11540
-46.92080 -47.02010
-46.87630 -47.07320
-46.56950 -47.06460
-46.76000 -47.08540
-46.78940 -46.95590
-46.96700 -47.01300
-46.90520 -47.06380
-46.79080 -47.04980
-46.69890 -46.96240
-46.57460 -46.75090
-46.38960 -46.68710
-46.32610 -46.73600
-46.57460 -46.75500
-46.33280 -46.67530
-46.41170 -46.74060
-46.54190 -46.89040
-46.32040 -46.90870
-46.25330 -46.84710
-46.21740 -46.84450
-45.92050 -46.60870
-45.93910 -46.49360
-45.94750 -46.49470
-46.28400 -46.63960
-46.09110 -46.62670
-46.12720 -46.64200
-46.16640 -46.63360
-46.23490 -46.65360
-46.43620 -46.77450
-46.52130 -46.80640
-46.29060 -46.75100
-46.27410 -46.74040
-45.94290 -46.69950
-45.99810 -46.73900
-45.96410 -46.75540
-45.97590 -46.71980
-46.21390 -46.83340
-46.05200 -46.78890
-45.93390 -46.84220
-45.90360 -46.66180
-46.21930 -46.98320
-45.78320 -46.86770
-46.23430 -46.89540
-46.19040 -46.94130
-46.20680 -46.91660
-46.26420 -46.98410
-46.40650 -46.98530
-46.77940 -47.25290
-46.90800 -47.37250
-46.78430 -47.35920
-46.88170 -47.33040
-46.59180 -47.35970
-46.69730 -47.35830
-46.85120 -47.38330
-46.78140 -47.36620
-46.69330 -47.29380
-46.56720 -47.28910
-46.42870 -47.15350
-46.36110 -46.77720
-46.46620 -46.94710
-46.34510 -46.99100
-46.30590 -47.09000
-46.17210 -47.03630
-46.61690 -46.99110
-46.26630 -47.08340
-46.48230 -47.01770
-46.44410 -46.97000
-46.39540 -46.89420
-46.19530 -46.84590
-45.92330 -46.68630
-46.31370 -46.75010
-46.28480 -46.71820
-46.24400 -46.65580
-46.36470 -46.82020
-46.39860 -46.80250
-46.37470 -46.70510
-46.41130 -46.71320
-46.14060 -46.57640
-46.28670 -46.61270
-46.41920 -46.65440
-46.49000 -46.67760
-46.35690 -46.63640
-46.38710 -46.70020
-46.38170 -46.71810
-46.32070 -46.67650
-46.28830 -46.55120
-46.44620 -46.60620
-46.51060 -46.60910
-46.63010 -46.71110
-46.76880 -46.99450
-46.89180 -47.05810
-46.72250 -46.99970
-46.64740 -47.04510
-46.22600 -46.79270
-46.20090 -46.72770
-46.11620 -46.61610
-46.02250 -46.42010
-45.92640 -46.40050
-45.95040 -46.36870
-46.05230 -46.35270
-46.05040 -46.42930
-45.93020 -46.36360
-45.86160 -46.26490
-45.61470 -46.27090
-45.47460 -46.10470
-45.30680 -45.98050
-45.10620 -45.91700
-45.14130 -45.94030
-45.40420 -45.90550
-45.47750 -45.95740
-45.54230 -45.93430
-45.51060 -45.95040
-45.68380 -45.96210
-44.84480 -45.85460
-44.82680 -45.79740
-44.94200 -45.67650
-44.77420 -45.37750
-44.71310 -45.24400
-44.71220 -45.20470
-44.62840 -45.20710
-44.97730 -45.28280
-44.45920 -45.23230
-44.19380 -45.04920
-44.23740 -45.04220
-44.12060 -44.83840
-44.06450 -44.83360
-43.92250 -44.73800
-43.55400 -44.34170
-43.65220 -44.38280
-43.72980 -44.37390
-43.83290 -44.44900
-43.76370 -44.43520
-43.84170 -44.43880
-43.58920 -44.32660
-43.60830 -44.22790
-43.70350 -44.17680
-43.59900 -44.12320
-43.68140 -44.26180
-43.49830 -44.09220
-43.33640 -43.96510
-43.57700 -44.14000
-43.58290 -44.07770
-43.57900 -44.11890
-43.60260 -44.13490
-43.41190 -44.16830
-43.32520 -44.12590
-43.26810 -44.09410
-43.08170 -44.03270
-43.09330 -43.70750
-43.00540 -43.74120
-42.74690 -43.58210
-42.75620 -43.48440
-42.70320 -43.55010
-42.65380 -43.47150
-42.67750 -43.44700
-42.70890 -43.37770
-42.61590 -43.25690
-42.46350 -43.14940
-42.52940 -43.26930
-42.60800 -43.12570
-42.68380 -44.02790
-42.79950 -44.06520
-42.71760 -44.06340
-42.68050 -44.00070
-42.61850 -44.01520
-42.42970 -43.97570
-42.57990 -44.03240
-42.51520 -44.07040
-42.61950 -43.93160
-42.50330 -43.85700
-42.29070 -43.77310
-42.53740 -43.86430
-42.24840 -43.68420
-42.14000 -43.83110
-42.38530 -44.02840
-42.38740 -43.95380
-42.15780 -43.85590
-42.07750 -43.72560
-42.06520 -43.79780
-42.03350 -43.69880
-42.04300 -43.76280
-42.06620 -43.73260
-42.18840 -43.76290
-42.04990 -43.84070
-41.82630 -43.72590
-42.08520 -43.69470
-42.00020 -43.75080
-41.98380 -43.64440
-41.77220 -43.63420
-42.03040 -43.70130
-41.90380 -43.72400
-41.89330 -43.71530
-41.91270 -43.74770
-41.97620 -43.62560
-41.86010 -43.63270
-41.82880 -43.78340
-41.77260 -43.69870
-42.11340 -43.79410
-41.97240 -43.82840
-42.21930 -43.76150
-42.13160 -43.58700
-41.96300 -43.73940
-41.87070 -43.59430
-42.01160 -43.64320
-41.95200 -43.67800
-41.78990 -43.74890
-42.23760 -44.65250
-42.46140 -44.74540
-42.18400 -44.71560
-42.24160 -44.78280
-42.19060 -44.72690
-42.28780 -44.71740
-42.48930 -44.84130
-42.45570 -44.85200
-41.94410 -44.71270
-41.97930 -44.65160
-42.01700 -44.71260
-42.20660 -44.71600
-42.26370 -44.74330
-42.26970 -44.71850
-42.53790 -44.89380
-42.18770 -44.84360
-42.19080 -44.87080
-42.06360 -44.77160
-42.13050 -44.91050
-41.95760 -44.77200
-41.84570 -44.70200
-41.83530 -44.69520
-41.98610 -44.61390
-42.10110 -44.86030
-42.05410 -44.78520
-41.85890 -44.75160
-42.01230 -44.67310
-42.04780 -44.76700
-42.07710 -44.74660
-41.89540 -44.73170
-41.83880 -44.63250
-41.84940 -44.67410
-41.93160 -44.77010
-41.83170 -44.70290
-41.70660 -44.53380
-41.77560 -44.62110
-41.63380 -44.60490
-41.83910 -44.67400
-41.62470 -44.63670
-41.64210 -44.60330
-41.66610 -44.57390
-41.65260 -44.60350
-42.03290 -44.81870
-42.11690 -44.87510
-42.00140 -44.81930
-41.97870 -44.78330
-41.91450 -44.83170
-41.84040 -44.80040
-41.81820 -44.80640
-41.93590 -44.85850
-41.55180 -44.68610
-41.43290 -44.64720
-41.41050 -44.62600
-42.54190 -42.26460
-42.65230 -42.32420
-42.86520 -42.40660
-42.89920 -42.40970
-43.35840 -42.55400
-43.58530 -42.62560
-43.69690 -42.60940
-43.64740 -42.76720
-43.55860 -42.79550
-43.59780 -42.78180
-43.76010 -42.79420
-43.66390 -42.79180
-43.62910 -42.80730
-43.44180 -42.76410
-43.53160 -42.81300
-43.53450 -42.80730
-43.65430 -42.82750
-43.57100 -42.83490
-43.73440 -42.86110
-43.77530 -42.83830
-43.70720 -42.78770
-43.70720 -42.76830
-43.53990 -42.76870
-43.51760 -42.77710
-43.42330 -42.73630
-43.33620 -42.70390
-43.07660 -42.59380
-43.15010 -42.51290
-43.05880 -42.43960
-43.11840 -42.37370
-43.28180 -42.39430
-43.27640 -42.39260
-43.25580 -42.39940
-43.25860 -42.37540
-43.07370 -42.38250
-43.11430 -42.33740
-42.92920 -42.34270
-43.14040 -42.37370
-43.16360 -42.32570
-42.97850 -42.29660
-42.98710 -42.21730
-43.08250 -42.28930
-43.20140 -42.33800
-43.47100 -42.42780
-43.38340 -42.49170
-43.43550 -42.66940
-43.39980 -42.65680
-43.51650 -42.69700
-43.56330 -42.72870
-43.61920 -42.75460
-43.51960 -42.71530
-43.08200 -42.66640
-43.13670 -42.54070
-43.05050 -42.53630
-43.05530 -42.51600
-42.91990 -42.42240
-42.83220 -42.37090
-43.14690 -42.44670
-43.22010 -42.43250
-43.15700 -42.51480
-43.26500 -42.51230
-43.43100 -42.56240
-43.34530 -42.60710
-43.14550 -42.57670
-43.07130 -42.52300
-42.74630 -42.38580
-42.65600 -42.34150
-43.04720 -42.30430
-42.88380 -42.30780
-43.27450 -42.43060
-43.22680 -42.44700
-43.09770 -42.44290
-43.18580 -42.45440
-43.06650 -42.49720
-43.04000 -42.57670
-43.23410 -42.56050
-43.17660 -42.54200
-43.16870 -42.55540
-43.18630 -42.55120
-43.35400 -42.56910
-42.95630 -42.62970
-42.85910 -42.59660
-42.87700 -42.61460
-42.93090 -42.51630
-42.51970 -42.32600
-42.52470 -42.25980
-42.55500 -42.24740
-42.60070 -42.28510
-42.67870 -42.30920
-42.56520 -42.29860
-42.85010 -42.44170
-43.01900 -42.46470
-42.97780 -42.47290
-43.01860 -42.47490
-42.64080 -42.46860
-42.90330 -42.44990
-42.83270 -42.46080
-42.69870 -42.49180
-42.61460 -42.43950
-42.54790 -42.41860
-42.55300 -42.39910
-42.41540 -42.21650
-42.57650 -42.42130
-42.59270 -42.43750
-42.64840 -42.40380
-42.58860 -42.29470
-42.45770 -42.28210
-42.23400 -42.20790
-41.70570 -41.85130
-41.82950 -41.74200
-41.54930 -41.73240
-41.69020 -41.70720
-41.87640 -41.80370
-41.78770 -41.73060
-41.88390 -41.71020
-41.86810 -41.74360
-42.00020 -41.76050
-41.87940 -41.73620
-41.87620 -41.76590
-42.09060 -41.77890
-41.87350 -41.79340
-41.95000 -41.80090
-42.04610 -41.84660
-42.31130 -41.96910
-42.26860 -41.91260
-42.48880 -42.03700
-42.31260 -42.02410
-42.59620 -42.17200
-42.52510 -42.23960
-42.59220 -42.29250
-42.61460 -42.29630
-42.28450 -42.18420
-41.99140 -41.83080
-42.20350 -41.82290
-42.13270 -41.87680
-42.05030 -41.92310
-42.31630 -41.99180
-42.33080 -41.97580
-42.25880 -42.06660
-42.37020 -42.05170
-42.31860 -42.13260
-42.33230 -42.26260
-42.18070 -42.22180
-42.20170 -42.24630
-42.27370 -42.24580
-41.99420 -42.22490
-41.90560 -42.29430
-41.83610 -42.28430
-41.62670 -42.31020
-41.52680 -42.31850
-41.51380 -42.21680
-41.65700 -42.08270
-41.78480 -42.13890
-41.72700 -42.15990
-41.69890 -42.14330
-41.70890 -42.14990
-41.65430 -42.14850
-41.39070 -41.72320
-41.54460 -41.73120
-41.25620 -41.65770
-41.22240 -41.61730
-41.04640 -41.31590
-40.97470 -41.33930
-41.39820 -41.63020
-41.20430 -41.56270
-41.11550 -41.43710
-41.11580 -41.52550
-40.72890 -41.34730
-41.00810 -41.10920
-41.19700 -41.21400
-41.10190 -41.25070
-41.03460 -41.32010
-40.87770 -41.24540
-40.51730 -40.76930
-40.86590 -41.04530
-40.94830 -40.99400
-40.98090 -40.95680
-40.85440 -40.95730
-40.79990 -40.94990
-40.71140 -40.80290
-40.83610 -40.78880
-40.67780 -40.76230
-40.62370 -40.80000
-40.74910 -40.84290
-40.74470 -40.89190
-40.81280 -40.86930
-41.00630 -40.94130
-40.68260 -40.92300
-40.63960 -41.01870
-40.62410 -40.89770
-40.88810 -40.94510
-40.87210 -40.92370
-40.94800 -40.98980
-40.94130 -40.97110
-40.77700 -40.97350
-40.86460 -41.02410
-40.86250 -41.00370
-40.76840 -40.95030
-40.72000 -40.87690
-40.60270 -40.89830
-40.70860 -40.87730
-40.65360 -40.92300
-40.46550 -40.63700
-40.49120 -40.60820
-40.52480 -40.54490
-40.55050 -40.58320
-40.57840 -40.59550
-40.47700 -40.52670
-40.64900 -40.68850
-40.61490 -40.77900
-40.56280 -40.92060
-40.48480 -40.82220
-40.23800 -40.72850
-40.34820 -40.60550
-40.34260 -40.60780
-40.29770 -40.61240
-40.25300 -40.59380
-40.44570 -40.65800
-40.38770 -40.68250
-40.39330 -40.70380
-40.43110 -40.70220
-40.43000 -40.73540
-40.56910 -40.78460
-40.60230 -40.79860
-40.36830 -40.73950
-40.27160 -40.71160
-40.12570 -40.66210
-40.63570 -40.80390
-40.56660 -40.85120
-40.64480 -40.91240
-40.53430 -40.86990
-40.49060 -40.98640
-40.58390 -40.93890
-40.31900 -40.90070
-40.45060 -40.91780
-40.27800 -40.90840
-40.41220 -40.90210
-40.44560 -40.93570
-40.54830 -41.02050
-40.43220 -40.96380
-40.64560 -41.00030
-40.55920 -41.07980
-40.43200 -40.99230
-40.38150 -41.04500
-40.63650 -40.97800
-40.51230 -40.93590
-40.22520 -40.77360
-40.11940 -40.74830
-39.98350 -40.63840
-39.86570 -40.59890
-39.84050 -40.56670
-39.67130 -40.52460
-39.87690 -40.52860
-39.90700 -40.39240
-39.76870 -40.24110
-39.57700 -40.23550
-39.69590 -40.25940
-39.82860 -40.24650
-40.04640 -40.28510
-40.03980 -40.26540
-40.06010 -40.25480
-39.82180 -40.30850
-39.81850 -40.30800
-39.66520 -40.18170
-39.61450 -40.12440
-39.44820 -40.08920
-39.51790 -40.14860
-39.25520 -39.99400
-39.23010 -39.89070
-39.18390 -39.88890
-39.10120 -39.84280
-39.11240 -39.64460
-39.15060 -39.74950
-39.13180 -39.63610
-39.15060 -39.80030
-39.24490 -39.79650
-39.21250 -39.77900
-39.18370 -39.63060
-38.96000 -39.55110
-38.88100 -39.53180
-39.07510 -39.50040
-38.93230 -39.42030
-39.21010 -39.52350
-39.05130 -39.49930
-38.98990 -39.39800
-39.01160 -39.43100
-39.14300 -39.52320
-39.31730 -39.69630
-39.21730 -39.65590
-39.44620 -39.79550
-39.36140 -39.76160
-39.44080 -39.73980
-39.41650 -39.81420
-39.01750 -39.62600
-38.97890 -39.57770
-38.90980 -39.55230
-38.92370 -39.56270
-38.88360 -39.55100
-38.87230 -39.44470
-38.87900 -39.37680
-38.73260 -39.36790
-38.79540 -39.28570
-38.72880 -39.36550
-38.66810 -39.23750
-38.55000 -39.28060
-38.69960 -39.26180
-38.64110 -39.23240
-38.63820 -39.25780
-38.09820 -38.80460
-38.26510 -38.77780
-38.51440 -38.90260
-39.09980 -39.50510
-39.22770 -39.77550
-38.97740 -39.72760
-39.16710 -39.75370
-39.15890 -39.71810
-39.10100 -39.68500
-39.04580 -39.61510
-39.16770 -39.65500
-39.55790 -39.74690
-39.19530 -39.69790
-39.05500 -39.69310
-39.25210 -39.72730
-39.12500 -39.65070
-38.82040 -39.54540
-38.86970 -39.48310
-39.02200 -39.54840
-38.95270 -39.53220
-38.78070 -39.41040
-38.66990 -39.34920
-38.46440 -39.23920
-38.62680 -39.27910
-38.83470 -39.34610
-38.66010 -39.27540
-38.66800 -39.27760
-38.41640 -39.00970
-38.30600 -39.00670
-38.31120 -39.01030
-38.36820 -39.01130
-38.43080 -38.96520
-38.34450 -38.92150
-38.48820 -38.95090
-38.41700 -39.01210
-38.28360 -38.96580
-37.83890 -38.69950
-38.01440 -38.75610
-38.11740 -38.83740
-38.08480 -38.78300
-38.17920 -38.79340
-37.99580 -38.82630
-38.06060 -38.77360
-38.12440 -38.78410
-37.95050 -38.72940
-37.92240 -38.56990
-38.06320 -38.53840
-38.03080 -38.56510
-37.89240 -38.49430
-37.95140 -38.49650
-37.71000 -38.36740
-37.70240 -38.41070
-37.70080 -38.39600
-37.81280 -38.51290
-37.79250 -38.48140
-37.84050 -38.32250
-37.42370 -38.12180
-37.69670 -38.25190
-37.00810 -38.51710
-36.99010 -38.41510
-37.22600 -38.34260
-37.35420 -38.34630
-37.44550 -38.41560
-37.06960 -38.28330
-37.14490 -38.29840
-37.27280 -38.37800
-37.25120 -38.34950
-37.25940 -38.29580
-37.22900 -38.31200
-37.21040 -38.32250
-37.13390 -38.25460
-37.01420 -38.20200
-36.93580 -38.08590
-36.88710 -38.15430
-36.98650 -38.12960
-36.98540 -38.11330
-37.14760 -38.22380
-37.40500 -38.32610
-37.12770 -38.23640
-37.11790 -38.22340
-36.95440 -38.14890
-36.97190 -38.11160
-36.91720 -38.12100
-36.86930 -38.02260
-37.03470 -38.05280
-36.95090 -38.05930
-36.77600 -37.99700
-36.76080 -38.04840
-36.87220 -38.14840
-36.47300 -37.82040
-36.28170 -37.80250
-36.54750 -37.85570
-36.71380 -37.91980
-36.88540 -37.94540
-36.78720 -37.87380
-36.56320 -37.86020
-36.72390 -37.94950
-36.75100 -38.06480
-36.68720 -37.99520
-36.84130 -38.06650
-36.75350 -37.99630
-36.44550 -38.02000
-36.36100 -37.99170
-36.45960 -38.02090
-36.55020 -38.08490
-36.70000 -38.13160
-36.64730 -38.12600
-36.67940 -38.11210
-36.61430 -38.01540
-36.53890 -38.02070
-36.55580 -38.15380
-36.44460 -38.02890
-36.44380 -37.99160
-34.97520 -37.75450
-35.19310 -37.85700
-34.98260 -37.30140
-34.72500 -36.90140
-34.79790 -36.78810
-34.90040 -36.88480
-34.78620 -36.77190
-34.64210 -36.59150
-34.43780 -36.53360
-34.54070 -36.50280
-35.15570 -37.00240
-35.08500 -37.03650
-34.97250 -37.01190
-34.98680 -36.93530
-34.75350 -36.88000
-34.97620 -36.91800
-34.61670 -36.81120
-34.89590 -36.86470
-34.56290 -36.74210
-35.05100 -36.85870
-34.96960 -36.86790
-34.80690 -36.84420
-34.82670 -36.73560
-34.97830 -36.82920
-35.24390 -36.92220
-35.07880 -36.86310
-35.06290 -36.91900
-34.85920 -36.89690
-34.66340 -36.68980
-34.74880 -36.75070
-34.60230 -36.70390
-34.49980 -36.62830
-34.36950 -36.50610
-34.33950 -36.43970
-34.14020 -36.34760
-34.04810 -36.38130
-34.04370 -36.36300
-34.28970 -36.36750
-34.43950 -36.45700
-34.44600 -36.49790
-34.41910 -36.56890
-34.46010 -36.62480
-36.47300 -36.16860
-36.50750 -36.15990
-36.63660 -36.14470
-36.73370 -36.15480
-36.75480 -36.12470
-36.75680 -36.15810
-36.91380 -36.19630
-36.93420 -36.18920
-36.97950 -36.16750
-37.02370 -36.15430
-37.15150 -36.15970
-37.34240 -36.33080
-37.15840 -36.32610
-37.07990 -36.47900
-37.21360 -36.49700
-37.38220 -36.70410
-37.43550 -36.71170
-37.41280 -36.65040
-36.95960 -36.50940
-36.94030 -36.50960
-36.81450 -36.39050
-36.80640 -36.34620
-36.71140 -36.27790
-36.63640 -36.20340
-36.57830 -36.18560
-36.63890 -36.13930
-36.78710 -36.14670
-36.55300 -36.15300
-36.41160 -36.17640
-36.46070 -36.10120
-36.48640 -36.09900
-36.49250 -36.05310
-36.47220 -35.94470
-36.49700 -35.95490
-37.06430 -36.21620
-36.98820 -36.42290
-37.05230 -36.44980
-37.10120 -36.47790
-36.98710 -36.44500
-36.90170 -36.42950
-36.53870 -36.24810
-36.57770 -36.22950
-36.49020 -36.22880
-36.57030 -36.22060
-36.50420 -36.17050
-36.51090 -36.16120
-36.39450 -36.08980
-36.48060 -36.08300
-36.38570 -36.09870
-36.37510 -36.08350
-36.42730 -36.06200
-36.44760 -36.03310
-36.48280 -36.02730
-36.28010 -35.94850
-36.05530 -35.81930
-36.05220 -35.82010
-36.14130 -35.85600
-36.10270 -35.95250
-35.90860 -35.68910
-36.09520 -35.78240
-36.05620 -35.84040
-36.02010 -35.84400
-35.92430 -35.85060
-35.81120 -35.82250
-35.86540 -35.85740
-36.08230 -35.87490
-36.06100 -35.87640
-36.10320 -35.90680
-36.15870 -35.94970
-36.17580 -35.94190
-36.20560 -35.97950
-36.33840 -35.98260
-36.42880 -36.02080
-36.49050 -36.05210
-36.15600 -36.02770
-36.04140 -35.96350
-36.04730 -35.86940
-36.02080 -35.72560
-35.99680 -35.70060
-35.94390 -35.76000
-35.83850 -35.75640
-35.85970 -35.62210
-35.89810 -35.63430
-35.92740 -35.71270
-35.98350 -35.74120
-36.04990 -35.73660
-36.03730 -35.72080
-36.15030 -35.76770
-36.09140 -35.85240
-36.23730 -35.89030
-36.21780 -35.89350
-36.21890 -35.87940
-36.33840 -35.88190
-36.31890 -35.90060
-36.39430 -35.91160
-36.45510 -35.92370
-36.12430 -35.86310
-36.12160 -35.86600
-36.28370 -35.91460
-36.31750 -35.97130
-36.39160 -35.97370
-36.35380 -36.09660
-36.47080 -36.14570
-36.31660 -36.14960
-36.12340 -36.12940
-36.24820 -36.14750
-36.25420 -36.24010
-36.28600 -36.29500
-36.44900 -36.31390
-36.37620 -36.31910
-35.87780 -36.02970
-35.73210 -35.99570
-35.63890 -35.92440
-35.46360 -35.76390
-35.72710 -35.80420
-35.61100 -35.73660
-35.63230 -35.77050
-35.68580 -35.77320
-35.68150 -35.79120
-35.74060 -35.86370
-35.91610 -35.83640
-35.96370 -35.85530
-35.84790 -35.83520
-35.90810 -35.82880
-35.89720 -35.91650
-36.20030 -36.01110
-36.08600 -35.94110
-36.05530 -35.93830
-36.01440 -35.92920
-36.29520 -36.14430
-36.28170 -36.20980
-36.07180 -36.19500
-35.81330 -36.13930
-35.82350 -35.97420
-35.93690 -36.01330
-35.84950 -36.00270
-36.01900 -36.02260
-36.02530 -36.00310
-35.82140 -36.09610
-35.94690 -36.10070
-36.05320 -36.08760
-35.99270 -36.12380
-36.00780 -36.16560
-36.02200 -36.18430
-35.90590 -36.15330
-35.94090 -36.16740
-36.01780 -36.20430
-35.65650 -36.13370
-35.51300 -36.10270
-35.56570 -36.06030
-35.64150 -36.04890
-35.55580 -36.05520
-35.59090 -36.09980
-35.46220 -35.96850
-35.79430 -35.60610
-35.74970 -35.59970
-35.43150 -35.61250
-35.44400 -35.58570
-35.40550 -35.60970
-35.45340 -35.67150
-35.63140 -35.75010
-35.64380 -35.81140
-35.55540 -35.78760
-35.56970 -35.81510
-35.53970 -35.84180
-35.74790 -35.84090
-35.74860 -35.91630
-35.47220 -35.78410
-35.40300 -35.72330
-35.49040 -35.68940
-35.65490 -35.71530
-35.65860 -35.63560
-35.79580 -35.72880
-35.58880 -35.64600
-35.36640 -35.53520
-35.22490 -35.49350
-35.00860 -35.21190
-35.45460 -35.24430
-35.46580 -35.25000
-35.63320 -35.34870
-35.56260 -35.41440
-35.54570 -35.40310
-35.37920 -35.35860
-35.49880 -35.35150
-35.53880 -35.31470
-35.43870 -35.29460
-35.49880 -35.31590
-35.41460 -35.49570
-35.58680 -35.47850
-35.67060 -35.50630
-35.75900 -35.57730
-35.67040 -35.61430
-35.66140 -35.60990
-35.73270 -35.66390
-35.75900 -35.58010
-35.91480 -35.63610
-35.65440 -35.58920
-35.66040 -35.52920
-35.58550 -35.52760
-35.57660 -35.55740
-35.56180 -35.52040
-35.68900 -35.56390
-35.71750 -35.70360
-35.68580 -35.62760
-35.13900 -35.70400
-35.17820 -35.61420
-35.12590 -35.41410
-35.02070 -35.36170
-35.03190 -35.33830
-35.21420 -35.60240
-35.32250 -35.68240
-35.21940 -35.58910
-35.03300 -35.47750
-34.77020 -35.33510
-34.73510 -35.24960
-34.71550 -35.25240
-34.72210 -35.24040
-34.89360 -35.29320
-34.77170 -35.25220
-34.68830 -35.21230
-34.69650 -35.21430
-34.70580 -35.21700
-34.81660 -35.28960
-34.49110 -35.14230
-34.34650 -35.08440
-34.27340 -35.04930
-34.26260 -35.02070
-34.28730 -35.00190
-34.55180 -35.03510
-34.65590 -35.15320
-34.72810 -35.24980
-34.66660 -35.16360
-34.67670 -35.26730
-34.61680 -35.23240
-34.47010 -35.13980
-34.38960 -35.17710
-34.58510 -35.22240
-34.57120 -35.26210
-34.89070 -35.40570
-34.58770 -35.38190
-34.59210 -35.33670
-34.93100 -35.48870
-34.75660 -35.50160
-34.73690 -35.43350
-34.87500 -35.60750
-35.03070 -35.62610
-34.95520 -35.59770
-35.07790 -35.60490
-35.14380 -35.59610
-35.07010 -35.58040
-34.85880 -35.52390
-34.58050 -35.37210
-34.59050 -35.33070
-34.46230 -35.28210
-34.56560 -35.10370
-34.72230 -35.05940
-34.47280 -34.98270
-34.49620 -35.06580
-34.45720 -34.93250
-34.19780 -34.75400
-34.31690 -34.71990
-34.36870 -34.76020
-34.37970 -34.74990
-34.13250 -34.72350
-34.18270 -34.75020
-34.18630 -34.73860
-34.22730 -34.74820
-34.04820 -34.65140
-33.89180 -34.42130
-33.92270 -34.32940
-34.01120 -34.43400
-33.88710 -34.46430
-33.84070 -34.48260
-33.80560 -34.39840
-33.61360 -34.30830
-33.52950 -34.27390
-33.61550 -34.29260
-33.72280 -34.34740
-33.74360 -34.34590
-33.69730 -34.23530
-33.68390 -34.20810
-33.79700 -34.24360
-33.85270 -34.26050
-33.95510 -34.38260
-34.13820 -34.56130
-34.25270 -34.60700
-34.02360 -34.61380
-33.97290 -34.64720
-33.79640 -34.49510
-33.83870 -34.51770
-33.80710 -34.49950
-33.83030 -34.45040
-33.73140 -34.44870
-33.66330 -34.39470
-33.78010 -34.39270
-33.81290 -34.45430
-33.74030 -34.42350
-33.63030 -34.41660
-33.52650 -34.30780
-33.58950 -34.29140
-33.41770 -34.24800
-33.42270 -34.20160
-33.11100 -33.96150
-33.29880 -33.98910
-33.48600 -34.00980
-33.45690 -33.99170
-33.44570 -34.00090
-33.52520 -33.99200
-33.56910 -33.98880
-33.55270 -33.99940
-33.56900 -34.16090
-33.66460 -34.24420
-33.68960 -34.23330
-33.73640 -34.25770
-33.43250 -34.22030
-33.47280 -34.21290
-33.38990 -34.16960
-33.59340 -34.09870
-33.46180 -34.10980
-33.30570 -34.05340
-33.16180 -34.02860
-33.00640 -33.96270
-33.15540 -33.88130
-33.13490 -33.89990
-33.10270 -33.82340
-33.03460 -33.75970
-32.93910 -33.69970
-32.59470 -33.43410
-32.87960 -33.52720
-32.84560 -33.57520
-32.62380 -33.46730
-32.77160 -33.46660
-32.71830 -33.49240
-32.68420 -33.48360
-32.66970 -33.48510
-32.68100 -33.40360
-32.90960 -33.46690
-32.65600 -33.49210
-32.62070 -33.45410
-32.44160 -33.39750
-32.35430 -33.35730
-32.42410 -33.36180
-32.31970 -33.17310
-32.32800 -33.16180
-32.13470 -33.16300
-32.22480 -33.11850
-32.14920 -33.07170
-32.08520 -32.93100
-32.17890 -32.90000
-32.21200 -32.92680
-32.12270 -32.83400
-31.91060 -32.72300
-31.80610 -32.73700
-31.81550 -32.71380
-31.81320 -32.58850
-31.73900 -32.54440
-31.79410 -32.52070
-31.85050 -32.61390
-31.85230 -32.62190
-31.70160 -32.54830
-31.80520 -32.67610
-30.46470 -32.37230
-30.40990 -32.08360
-30.57990 -31.79870
-30.48690 -31.81710
-30.56770 -31.72910
-30.44030 -31.62400
-30.15800 -31.38810
-30.30810 -31.45260
-30.32460 -31.44620
-30.34300 -31.40890
-30.30750 -31.37880
-30.28640 -31.38700
-30.30820 -31.35400
-30.20880 -31.28710
-30.24370 -31.31320
-30.15140 -31.23390
-30.20080 -31.23730
-30.17380 -31.29490
-30.11460 -31.27570
-30.09540 -31.26960
-30.21840 -31.33830
-30.25560 -31.37200
-30.16170 -31.38340
-30.22960 -31.40550
-30.32720 -31.46990
-30.24520 -31.45460
-30.40220 -31.48130
-30.30940 -31.46670
-30.28940 -31.50770
-30.26250 -31.55730
-30.27150 -31.42920
-30.37520 -31.44670
-30.51700 -31.48200
-30.70810 -31.53190
-30.90030 -31.55460
-30.80230 -31.49460
-30.87540 -31.64850
-30.70000 -31.65400
-30.75500 -31.61780
-30.71820 -31.70020
-30.60880 -31.63700
-30.61530 -31.62220
-30.69620 -31.71610
-30.55350 -31.71450
-30.43740 -31.64600
-30.37360 -31.62880
-30.54260 -31.70310
-30.51810 -31.60010
-30.54980 -31.55150
-30.43640 -31.54800
-30.38860 -31.43990
-30.45660 -31.51220
-30.39640 -31.51260
-30.22550 -31.46110
-30.14120 -31.42650
-30.02360 -31.33190
-30.10710 -31.39880
-30.09250 -31.35710
-30.03910 -31.40230
-30.08250 -31.42720
-31.40120 -32.52270
-31.60140 -32.82040
-31.39950 -32.85880
-31.43860 -32.98510
-31.41230 -33.00010
-31.37910 -32.98930
-31.37920 -32.96960
-31.07300 -32.90580
-31.23050 -32.91340
-31.01950 -32.85770
-30.99500 -32.80990
-31.08910 -32.84130
-31.25680 -32.92190
-31.29370 -33.01370
-31.19000 -33.04600
-31.37950 -33.10360
-31.23890 -33.06520
-31.43960 -33.17330
-31.03540 -32.98800
-31.16370 -33.03820
-31.29410 -33.06630
-31.10180 -32.96930
-31.24370 -33.11190
-31.06200 -33.02000
-31.20610 -33.01840
-31.09440 -32.96030
-31.27710 -33.11290
-31.30330 -33.16870
-31.29140 -33.10040
-31.21490 -33.13260
-31.15190 -33.04200
-31.28090 -33.10930
-31.25860 -33.08830
-31.20420 -33.03610
-31.32670 -33.13640
-31.20970 -33.09010
-31.13160 -33.00960
-31.10820 -33.03380
-30.80250 -32.86740
-30.83480 -32.86670
-31.28120 -33.09040
-31.40900 -33.30770
-31.43120 -33.33130
-31.56570 -33.40820
-31.58300 -33.46330
-31.63380 -33.49230
-31.53900 -33.42000
-31.57090 -33.43860
-31.50810 -33.45830
-31.43670 -33.37630
-31.53970 -31.19160
-31.55240 -31.18060
-31.63210 -31.21660
-31.64500 -31.25230
-31.71040 -31.28690
-31.96840 -31.29290
-31.95680 -31.41130
-31.98230 -31.39310
-31.94050 -31.43070
-31.90420 -31.36850
-31.91030 -31.36070
-31.88610 -31.36830
-31.73780 -31.34170
-31.86450 -31.39000
-31.94510 -31.39660
-31.88810 -31.40440
-31.98400 -31.42490
-32.02130 -31.42490
-31.98950 -31.38140
-31.93950 -31.34960
-32.02480 -31.38260
-31.90640 -31.34720
-31.89910 -31.37130
-31.68840 -31.31040
-31.76330 -31.29530
-31.76410 -31.28710
-31.64160 -31.23320
-31.58020 -31.22010
-31.59560 -31.16670
-31.60490 -31.18590
-31.72810 -31.19490
-31.70100 -31.15860
-31.55790 -31.13460
-31.66090 -31.09300
-31.66530 -31.12270
-31.53520 -31.14370
-31.53770 -31.14320
-31.44830 -31.10850
-31.53850 -31.10940
-31.69840 -31.12080
-31.78850 -31.37330
-31.85680 -31.38850
-31.83970 -31.42520
-31.78590 -31.44170
-31.92430 -31.41320
-31.83060 -31.40330
-31.90200 -31.44880
-31.81890 -31.42680
-31.62340 -31.28440
-31.45540 -31.19120
-31.49120 -31.13090
-31.59150 -31.11120
-31.62260 -31.15970
-31.57020 -31.18690
-31.62600 -31.19610
-31.72360 -31.19250
-31.71300 -31.18830
-31.45150 -31.17920
-31.39090 -31.13380
-31.29440 -31.12530
-31.35950 -31.11300
-31.34680 -31.11640
-31.20850 -31.01500
-31.21240 -31.00550
-31.27350 -31.01120
-31.37720 -31.02600
-31.51000 -31.03010
-31.45720 -31.06610
-31.42140 -31.09930
-31.69620 -31.13090
-31.66600 -31.15900
-31.57820 -31.15000
-31.63620 -31.15490
-31.63750 -31.29150
-31.71770 -31.28710
-31.76810 -31.30710
-31.81620 -31.30470
-31.77450 -31.28350
-31.90420 -31.33530
-31.96460 -31.35780
-31.92810 -31.33840
-31.72720 -31.35550
-31.66880 -31.35640
-31.68750 -31.37910
-31.70910 -31.32270
-31.61500 -31.25510
-31.59360 -31.25860
-31.54590 -31.27630
-31.48280 -31.26010
-31.41770 -31.25420
-31.49830 -31.25320
-31.51780 -31.25500
-31.46900 -31.25930
-31.53470 -31.23510
-31.54520 -31.20110
-31.47190 -31.18650
-31.51990 -31.18950
-31.63390 -31.20370
-31.54940 -31.19730
-31.64360 -31.20680
-31.63720 -31.22180
-31.68330 -31.22440
-31.73470 -31.23350
-31.65070 -31.25270
-31.68800 -31.26980
-31.36760 -31.24470
-31.39730 -31.23410
-31.39360 -31.28850
-31.42170 -31.33560
-31.43660 -31.34190
-31.49230 -31.36620
-31.51020 -31.34290
-31.59300 -31.32850
-30.91560 -31.03530
-30.82000 -30.98450
-30.87700 -31.01070
-30.94510 -31.00430
-30.75850 -30.98050
-30.75600 -31.02260
-30.82660 -31.01590
-30.97410 -31.07120
-30.83300 -30.79710
-30.86680 -30.86130
-31.09350 -30.90520
-30.98810 -30.89830
-31.03290 -30.87650
-31.05000 -30.95830
-31.30740 -31.06020
-31.29100 -31.03470
-31.30550 -31.00380
-31.14070 -30.91140
-31.21650 -30.95800
-31.33720 -31.00660
-31.47620 -31.19940
-30.95700 -30.83380
-31.21790 -30.88560
-31.40280 -31.05800
-31.38860 -31.14650
-31.48270 -31.19390
-31.51490 -31.19330
-31.56040 -31.16070
-31.54550 -31.17300
-31.51800 -31.27970
-31.35710 -31.25970
-31.45620 -31.30100
-31.25410 -31.29270
-30.94440 -31.25070
-30.88680 -31.22470
-30.83610 -31.22760
-30.84190 -31.25370
-30.88010 -31.25330
-30.90890 -31.26260
-31.03830 -31.22510
-30.92060 -31.23390
-31.08580 -31.23630
-30.99820 -31.21940
-30.99170 -31.02250
-31.13010 -31.12240
-31.07250 -31.15800
-30.81040 -30.98810
-30.75950 -30.98910
-30.83430 -31.02250
-31.03170 -31.08710
-31.06650 -31.14030
-31.03990 -31.18310
-30.95460 -31.18390
-31.02460 -31.19370
-30.99150 -31.19640
-31.06730 -31.19880
-31.33020 -31.29800
-31.26580 -31.29340
-31.04790 -31.28430
-30.93390 -31.23780
-30.99360 -31.21800
-31.06470 -31.17980
-31.16180 -31.26530
-31.12000 -31.27560
-30.96930 -31.23790
-30.76720 -31.16070
-30.69690 -31.08990
-30.64280 -30.80890
-30.81620 -30.86900
-30.82140 -30.86620
-30.91300 -30.92080
-30.97430 -30.95980
-30.76850 -30.84810
-30.56990 -30.74980
-30.58940 -30.69330
-30.65320 -30.72100
-30.57280 -30.68880
-30.49820 -30.69230
-30.84660 -30.90340
-30.58920 -30.87620
-30.67870 -30.82250
-30.46810 -30.86100
-30.68970 -30.92740
-30.63080 -30.92450
-30.67760 -30.94460
-30.79280 -30.91470
-30.31750 -30.74830
-30.43620 -30.76330
-30.37450 -30.73330
-30.36970 -30.74090
-30.51620 -30.74860
-30.37220 -30.78400
-30.34850 -30.72100
-30.48250 -30.28370
-30.47730 -30.29600
-30.55250 -30.35010
-30.42940 -30.31870
-30.37490 -30.28370
-30.46660 -30.31760
-30.27490 -30.30660
-30.23360 -30.30150
-30.30310 -30.28100
-30.45900 -30.43780
-30.52690 -30.54470
-30.51780 -30.54050
-30.34440 -30.48890
-30.12930 -30.40940
-30.24840 -30.38590
-30.31420 -30.37100
-30.28370 -30.37530
-30.27760 -30.36500
-30.36190 -30.46220
-30.47260 -30.49760
-30.58590 -30.53330
-30.45750 -30.53630
-30.43340 -30.55050
-30.40290 -30.55460
-30.26000 -30.51990
-30.27440 -30.52310
-30.24060 -30.48210
-30.55840 -30.48380
-30.50060 -30.57780
-30.53470 -30.65480
-30.47110 -30.57410
-30.45220 -30.56430
-30.43380 -30.55310
-30.45840 -30.67400
-30.36800 -30.61560
-30.37290 -30.60820
-30.55780 -30.83870
-30.56840 -30.84810
-30.78010 -30.91660
-30.84870 -30.97030
-30.77290 -30.96490
-30.65940 -30.91810
-30.81980 -30.94520
-30.73560 -30.92480
-30.87450 -30.95100
-30.78900 -30.95090
-30.73860 -30.91550
-30.65000 -30.89460
-30.56600 -30.82050
-30.46790 -30.78760
-30.42650 -30.60880
-30.52800 -30.68410
-30.36190 -30.57550
-30.26660 -30.53620
-30.17710 -30.49340
-30.18230 -30.50060
-30.42960 -30.47610
-30.38930 -30.46000
-30.25630 -30.50930
-30.21860 -30.46530
-30.26960 -30.48550
-30.23740 -30.40350
-29.93740 -30.06890
-29.85400 -30.02760
-29.90320 -30.05720
-29.89300 -30.00110
-29.91320 -30.02340
-29.92300 -30.07720
-30.01280 -30.07780
-30.00080 -30.11550
-29.98920 -30.06650
-29.85380 -30.03670
-29.89710 -30.01590
-29.93700 -30.04420
-29.88170 -30.05200
-30.04070 -30.09580
-29.84670 -30.06100
-29.86280 -30.04860
-29.80730 -29.95310
-29.77970 -29.92580
-29.84950 -29.95470
-29.98200 -30.07010
-30.16040 -30.11890
-30.20030 -30.14910
-30.25510 -30.19190
-30.17340 -30.14870
-30.07750 -30.19260
-29.96150 -30.14130
-30.03370 -30.15980
-29.80190 -29.96360
-29.78800 -29.91480
-29.81390 -29.93660
-29.74650 -29.93230
-29.72370 -29.87720
-29.58810 -29.87410
-29.50200 -29.82160
-29.38390 -29.70150
-29.54140 -29.59990
-29.50380 -29.54450
-27.76300 -29.71210
-27.74050 -29.68010
-27.82660 -29.42340
-27.91980 -29.02380
-27.76840 -29.09120
-27.84270 -28.93750
-27.65010 -28.89210
-27.68910 -28.85270
-27.75990 -28.64980
-27.67320 -28.65970
-27.93630 -28.71630
-27.73910 -28.68050
-27.59990 -28.66160
-27.50870 -28.59850
-27.53690 -28.65040
-27.60710 -28.64990
-27.58420 -28.61090
-27.54440 -28.54630
-27.24760 -28.40050
-27.20340 -28.31240
-27.10000 -28.26700
-27.20670 -28.27300
-27.23850 -28.24750
-27.18910 -28.25080
-27.24870 -28.27210
-27.07190 -28.11680
-26.99500 -28.12060
-27.02620 -28.10990
-27.11990 -28.07070
-26.98940 -28.06780
-27.10490 -28.08670
-26.99890 -28.09890
-26.81800 -27.94050
-26.73120 -27.88000
-26.63210 -27.81040
-26.63580 -27.82700
-26.68370 -27.83320
-26.64940 -27.85200
-26.64890 -27.81070
-26.51690 -27.74130
-26.49730 -27.55430
-26.47070 -27.58950
-26.36190 -27.51950
-26.39010 -27.53570
-26.37330 -27.49810
-26.30970 -27.52310
-26.19750 -27.47130
-26.19970 -27.42240
-26.30040 -27.48380
-26.27180 -27.35310
-26.25510 -27.37480
-26.22980 -27.29790
-26.09550 -27.17310
-26.11120 -27.20580
-26.07820 -27.21860
-26.12810 -27.21880
-26.07780 -27.15010
-26.18490 -27.18040
-27.61250 -28.18250
-27.71630 -28.38760
-27.65240 -28.42700
-27.71780 -28.53160
-27.88710 -28.59930
-27.87770 -28.60050
-27.69640 -28.55480
-27.80730 -28.49290
-27.71150 -28.44270
-27.59410 -28.37590
-27.51050 -28.32030
-27.53040 -28.35790
-27.47380 -28.35950
-27.57200 -28.42650
-27.65910 -28.45840
-27.52730 -28.38940
-27.33530 -28.26330
-27.33330 -28.29980
-27.30460 -28.23780
-27.34440 -28.28090
-27.38970 -28.28040
-27.46550 -28.30000
-27.45140 -28.33910
-27.39190 -28.30960
-27.48150 -28.32720
-27.51570 -28.36480
-27.40760 -28.35770
-27.27170 -28.32420
-27.32120 -28.36760
-27.51080 -28.48750
-27.42410 -28.44500
-27.39970 -28.45720
-27.30460 -28.36660
-27.36440 -28.44150
-27.28670 -28.44610
-27.26270 -28.44380
-27.44170 -28.49270
-27.37240 -28.50920
-27.44460 -28.40350
-27.35640 -28.32350
-27.36290 -28.31090
-27.29320 -28.31200
-27.14090 -28.21400
-27.08650 -28.19130
-26.91150 -28.02980
-26.96930 -28.07460
-26.31300 -28.15340
-26.32650 -28.05600
-26.29720 -27.98950
-26.25040 -27.96390
-26.31030 -27.86090
-26.32090 -27.87770
-26.30270 -27.82540
-26.42350 -27.87920
-26.31510 -27.83620
-26.11220 -27.67260
-26.11210 -27.66700
-26.07280 -27.62900
-26.09550 -27.64930
-26.15080 -27.63140
-26.24990 -27.73580
-26.28530 -27.73630
-26.11320 -27.69810
-26.06300 -27.68630
-26.02170 -27.67120
-26.09150 -27.69490
-26.04550 -27.67780
-25.82600 -27.51340
-25.90410 -27.54610
-25.90900 -27.53910
-25.95120 -27.59590
-25.93280 -27.52220
-25.84280 -27.48500
-25.88330 -27.40670
-26.00070 -27.42180
-25.93960 -27.50140
-26.07000 -27.47970
-26.01720 -27.41240
-26.00930 -27.39450
-25.99430 -27.39130
-25.95200 -27.34470
-25.85210 -27.26400
-25.83450 -27.27190
-25.85730 -27.21730
-25.91360 -27.27820
-25.86330 -27.28060
-25.77380 -27.25190
-25.84300 -27.28110
-25.77740 -27.28240
-25.61740 -27.13400
-25.90750 -27.48290
-25.97470 -27.47060
-25.91890 -27.50630
-25.98320 -27.56260
-25.88670 -27.48610
-25.65280 -27.25550
-27.23920 -26.85020
-27.25010 -26.83230
-27.37220 -26.90650
-27.41440 -26.94750
-27.54570 -26.99400
-27.74550 -27.10470
-27.69180 -27.09700
-27.60440 -27.09830
-27.62770 -27.09580
-27.68590 -27.09890
-27.66580 -27.11400
-27.73760 -27.13980
-27.77990 -27.14780
-27.75270 -27.10360
-27.54640 -27.02680
-27.31320 -26.93230
-27.30390 -26.88960
-27.21000 -26.80450
-27.04050 -26.73150
-27.06200 -26.68050
-27.18460 -26.69220
-27.18350 -26.68750
-27.04560 -26.68870
-26.96920 -26.66120
-27.02120 -26.68700
-27.13170 -26.68480
-27.15670 -26.70270
-27.17310 -26.67330
-27.07610 -26.66150
-27.06760 -26.65290
-27.04680 -26.61200
-27.15360 -26.60380
-27.21430 -26.62780
-27.29980 -26.65630
-27.45580 -26.69530
-27.36980 -26.78190
-27.36080 -26.85960
-27.32880 -26.91530
-27.37640 -26.94210
-27.47300 -26.99430
-27.51060 -27.00960
-27.21480 -27.00210
-27.25090 -27.01330
-27.19130 -27.00000
-27.24090 -26.96760
-27.18890 -26.90770
-27.17920 -26.79790
-27.09420 -26.78630
-27.21760 -26.76460
-27.23580 -26.74660
-27.25910 -26.80950
-27.35220 -26.81780
-27.28870 -26.84690
-27.17800 -26.82460
-27.12920 -26.83790
-27.14390 -26.82550
-26.95670 -26.76870
-26.96830 -26.77400
-27.03600 -26.76140
-27.02150 -26.79090
-26.92960 -26.63090
-26.88030 -26.68050
-26.85130 -26.66350
-26.81450 -26.63660
-27.05290 -26.68140
-27.02850 -26.69200
-27.13770 -26.75100
-27.11240 -26.74720
-27.13800 -26.74900
-27.24660 -26.82730
-27.21730 -26.81860
-27.20900 -26.82530
-27.23860 -26.82310
-27.42290 -26.87150
-27.39340 -26.86570
-27.42860 -26.88660
-27.12070 -26.83350
-27.11390 -26.83730
-27.09640 -26.82290
-26.90660 -26.68230
-26.98380 -26.70880
-27.02200 -26.70640
-27.06710 -26.72670
-27.07680 -26.74420
-27.11210 -26.78290
-27.23570 -26.80580
-27.33430 -26.84550
-27.33940 -26.88560
-27.09230 -26.90170
-27.10580 -26.87010
-27.14880 -26.85350
-27.04350 -26.82840
-26.89110 -26.82400
-26.98080 -26.83860
-26.94360 -26.81270
-27.03970 -26.88170
-27.05500 -26.90070
-27.11900 -26.92170
-27.12690 -26.96920
-27.19740 -26.95440
-26.75770 -26.79230
-26.63250 -26.77170
-26.64790 -26.63730
-26.45780 -26.58170
-26.49570 -26.61700
-26.66290 -26.62660
-26.62320 -26.60840
-26.61340 -26.61010
-26.74430 -26.59090
-26.70340 -26.58000
-26.61320 -26.60210
-26.65690 -26.66380
-26.71640 -26.63350
-26.92200 -26.68550
-26.83850 -26.65680
-26.83130 -26.66520
-26.81640 -26.66270
-26.87890 -26.70030
-27.07500 -26.88230
-26.83470 -26.85060
-26.60630 -26.81830
-26.69890 -26.65800
-26.77140 -26.61430
-26.56340 -26.63780
-26.80670 -26.64620
-26.70840 -26.63750
-26.68670 -26.66790
-26.64600 -26.67260
-26.58870 -26.70420
-26.72340 -26.71760
-26.76110 -26.69950
-26.68700 -26.74950
-26.69930 -26.76290
-26.61440 -26.74000
-26.69210 -26.75510
-26.69060 -26.73750
-26.45230 -26.73420
-26.42730 -26.63370
-26.29220 -26.62300
-26.34080 -26.36890
-26.28420 -26.38490
-26.28990 -26.35870
-26.10000 -26.30880
-26.10060 -26.29830
-26.36640 -26.46480
-26.24520 -26.45140
-26.12670 -26.34800
-26.22780 -26.39020
-26.24950 -26.45880
-26.24780 -26.42800
-26.25320 -26.42550
-26.04880 -26.34310
-26.00450 -26.36380
-26.10140 -26.22490
-26.03630 -26.21370
-25.79280 -26.07890
-25.63550 -25.95660
-25.44340 -25.85760
-25.37030 -25.81380
-25.24290 -25.70680
-25.36010 -25.71000
-25.69940 -25.78410
-25.63690 -25.76010
-25.64390 -25.72620
-25.59610 -25.73070
-25.45600 -25.66030
-25.45670 -25.64430
-25.33820 -25.62020
-25.38370 -25.61550
-25.45960 -25.56320
-25.33720 -25.54250
-25.41780 -25.53530
-25.35430 -25.53550
-25.18580 -25.53780
-25.22870 -25.52760
-25.25520 -25.53120
-25.45030 -25.62450
-25.43190 -25.62880
-25.39410 -25.54700
-25.36840 -25.56520
-25.18950 -25.54190
-25.21030 -25.48460
-25.16900 -25.45470
-25.30260 -25.56400
-25.28280 -25.52900
-25.11800 -25.34890
-25.08780 -25.34980
-25.04280 -25.35600
-25.03530 -25.36480
-24.97700 -25.33260
-25.04750 -25.36920
-25.06710 -25.35810
-24.96560 -25.32130
-24.89980 -25.31810
-25.05920 -25.33620
-25.09800 -25.44230
-25.21730 -25.52820
-25.08230 -25.49840
-24.98580 -25.44050
-24.89240 -25.44270
-24.91960 -25.42940
-24.95970 -25.37030
-24.95160 -25.34950
-24.91430 -25.33990
-25.03870 -25.37270
-25.08780 -25.37840
-24.98930 -25.36900
-25.00630 -25.36560
-25.06670 -25.39380
-24.96620 -25.45200
-24.83890 -25.41240
-24.87810 -25.43640
-24.84670 -25.48560
-24.88510 -25.48820
-24.90700 -25.45960
-25.25510 -25.64510
-25.18190 -25.58740
-25.13420 -25.63490
-25.23670 -25.63570
-25.02100 -25.61600
-25.04000 -25.63760
-25.08890 -25.62820
-25.17610 -25.68150
-25.31060 -25.72390
-25.27800 -25.77750
-25.17930 -25.77240
-25.19900 -25.80390
-25.28570 -25.85300
-25.43400 -25.94530
-25.26000 -25.80380
-25.15470 -25.75270
-25.15450 -25.79570
-25.12890 -25.73150
-25.01200 -25.70340
-24.89520 -25.61780
-24.98280 -25.55450
-24.98850 -25.58800
-25.01830 -25.61120
-24.88110 -25.51950
-24.77030 -25.48680
-24.70500 -25.45100
-24.65030 -25.35210
-24.67540 -25.36930
-24.59650 -25.26270
-24.46060 -25.23440
-24.29200 -24.97210
-24.23790 -24.93640
-24.30590 -24.96140
-24.28440 -24.91370
-24.31090 -24.95780
-24.34740 -24.98800
-24.20440 -24.98100
-24.43760 -25.06760
-24.46970 -25.05540
-24.42430 -25.04840
-24.50520 -25.03400
-24.35910 -24.99200
-24.27410 -24.89410
-24.23900 -24.89920
-24.62670 -25.13670
-24.58460 -25.16500
-24.49280 -25.10810
-24.55320 -25.11220
-24.50590 -25.12580
-24.47300 -25.17220
-24.35260 -25.09260
-24.40220 -25.13490
-24.30320 -25.03620
-24.33520 -25.03850
-24.28650 -25.02670
-24.27970 -25.00960
-24.30950 -24.99840
-24.14180 -24.88440
-24.22180 -24.82860
-24.12340 -24.88740
-24.03550 -24.74350
-24.00540 -24.71120
-24.00050 -24.72030
-23.71570 -24.54060
-23.69700 -24.51850
-23.67420 -24.49280
-25.42990 -25.20360
-25.45220 -25.59660
-25.47500 -25.71210
-25.40290 -25.66800
-25.31760 -25.63240
-25.59270 -25.69870
-25.59280 -25.69400
-25.58490 -25.68800
-25.38940 -25.66050
-25.21690 -25.53520
-25.26290 -25.58790
-25.32050 -25.58400
-25.22650 -25.51430
-25.12850 -25.47690
-25.10610 -25.43180
-24.96750 -25.30810
-24.68780 -25.10370
-24.79100 -25.13640
-24.93580 -25.18170
-25.03340 -25.22060
-25.00170 -25.22140
-25.04410 -25.26010
-24.77580 -25.20330
-24.79660 -25.16870
-24.80510 -25.16810
-24.68110 -25.00010
-24.67460 -25.05100
-24.54360 -25.01690
-24.41060 -24.92630
-24.48440 -24.97690
-24.52230 -24.95370
-24.38510 -24.86300
-24.45280 -24.72760
-24.44260 -24.73900
-24.34490 -24.68750
-24.37260 -24.69510
-24.36050 -24.66370
-24.12970 -24.58750
-24.18320 -24.61980
-24.20590 -24.62140
-24.18900 -24.59140
-24.26280 -24.62600
-24.09250 -24.58320
-24.15280 -24.65440
-24.12310 -24.66220
-24.05840 -24.59100
-24.22830 -24.69650
-24.16860 -24.83850
-24.22530 -24.79880
-24.30700 -24.80820
-24.30930 -24.80040
-24.25870 -24.76180
-24.33130 -24.93050
-24.33120 -24.94920
-24.35300 -24.88860
-24.34990 -24.92030
-24.45230 -24.92520
-24.25450 -24.82310
-24.15200 -24.80110
-24.15680 -24.76780
-24.19870 -24.77230
-24.13740 -24.79410
-24.18680 -24.81280
-24.08790 -24.84230
-24.07170 -24.83850
-23.94590 -24.71830
-23.93940 -24.69520
-23.91870 -24.71250
-23.83060 -24.68420
-23.91490 -24.65170
-23.96320 -24.65050
-23.88650 -24.64800
-23.83490 -24.70380
-23.74410 -24.57980
-23.88720 -24.59270
-23.86320 -24.60280
-24.00990 -24.64330
-24.11330 -24.65950
-24.06560 -24.61430
-23.99990 -24.60360
-24.11300 -24.77590
-24.09920 -24.78740
-24.00510 -24.74130
-23.94300 -24.74580
-23.87500 -24.74280
-23.84850 -24.73210
-24.11830 -24.82930
-23.96840 -24.73560
-23.80810 -24.70060
-23.81580 -24.68670
-23.75260 -24.60470
-23.80540 -24.62410
-23.74980 -24.89160
-23.61730 -24.79490
-23.62250 -24.81880
-23.50290 -24.65300
-23.53960 -24.61030
-23.63670 -24.65350
-23.54810 -24.63830
-23.39540 -24.47210
-23.39950 -24.49460
-23.43020 -24.48700
-23.75880 -24.69930
-23.55470 -24.68100
-23.57160 -24.67360
-23.53010 -24.65790
-23.44350 -24.63490
-23.45860 -24.61020
-23.52180 -24.68610
-23.44220 -24.60730
-23.59890 -24.67100
-23.50940 -24.67930
-23.60510 -24.74350
-23.52250 -24.73350
-23.69010 -24.80830
-23.69810 -24.81090
-23.65840 -24.80200
-23.68460 -24.76710
-23.73210 -24.77110
-23.65120 -24.73030
-23.68640 -24.74590
-23.74220 -24.77910
-23.74400 -24.79170
-23.74130 -24.77330
-23.67960 -24.77510
-23.56270 -24.71650
-23.53260 -24.68350
-23.55860 -24.69880
-23.50990 -24.67420
-23.39660 -24.59340
-23.39820 -24.61590
-23.38130 -24.55710
-23.44300 -24.56300
-23.37960 -24.54880
-23.27980 -24.51140
-23.17530 -24.48620
-23.12440 -24.45760
-23.08890 -24.43890
-23.18390 -24.47790
-23.25020 -24.52280
-23.37830 -24.59210
-23.41780 -24.62490
-23.49240 -24.64460
-23.46050 -24.66970
-23.54650 -24.70240
-23.67950 -24.84330
-23.61220 -24.78350
-23.65820 -24.81630
-23.60390 -24.78780
-23.52290 -24.77260
-23.31560 -24.67200
