-86.77980 -86.39740
-86.52450 -86.27310
-86.47700 -86.34310
-86.64340 -86.35680
-86.82310 -86.42430
-86.80290 -86.26570
-86.95340 -86.29480
-87.08710 -86.54070
-87.24310 -86.60880
-87.21350 -86.58670
-87.53760 -86.64570
-87.10160 -86.53230
-87.73450 -86.71130
-87.75290 -86.66640
-87.97230 -86.75330
-87.91650 -86.73940
-88.49600 -86.86350
-88.40440 -86.97530
-88.33300 -86.93520
-88.76060 -87.12140
-88.80880 -86.97050
-89.36070 -87.18950
-89.11650 -87.74220
-88.26960 -87.18010
-88.33810 -86.92670
-88.12750 -86.77220
-88.38540 -86.87750
-88.10200 -86.74390
-88.60090 -87.22560
-88.48490 -87.23400
-87.95620 -87.10960
-87.81160 -86.87980
-88.19070 -87.05670
-88.51620 -87.04650
-88.09580 -86.89520
-88.32310 -86.95900
-87.83900 -86.73720
-87.30980 -86.65770
-87.33430 -86.54070
-87.91600 -86.62760
-87.39280 -86.59060
-87.18520 -86.51180
-87.25250 -86.54090
-87.22630 -86.49820
-87.41380 -86.47610
-87.52530 -86.42680
-86.46440 -85.38230
-86.35180 -85.35580
-86.23470 -85.44870
-86.09800 -85.43630
-85.15920 -84.66450
-84.68990 -84.37610
-85.02620 -84.59650
-84.91100 -84.57220
-84.54700 -84.43360
-85.08540 -84.51120
-84.19080 -83.69850
-84.67290 -83.66250
-84.80870 -83.85280
-85.29020 -83.89450
-84.88920 -83.71120
-84.75030 -83.76180
-84.55810 -83.64170
-84.32330 -83.60340
-84.45980 -83.55430
-83.95120 -83.31870
-83.86950 -83.03000
-83.95440 -82.90400
-84.49680 -83.07860
-84.51910 -83.17430
-84.62910 -83.18370
-84.51430 -83.04600
-84.43820 -83.13640
-84.33130 -83.07760
-84.30330 -83.09100
-84.13910 -82.80380
-84.20460 -82.98080
-84.28530 -83.00760
-84.63260 -83.18750
-84.66900 -83.15640
-84.43740 -83.09860
-84.23010 -83.11350
-84.37920 -83.00710
-84.63020 -83.09970
-85.20060 -83.33970
-85.38410 -83.37280
-85.40760 -83.73720
-85.63480 -83.75270
-85.26390 -83.74310
-85.31290 -83.74040
-85.59780 -83.69270
-85.70280 -83.91770
-85.46060 -83.94440
-85.44260 -83.99730
-85.46120 -83.79460
-85.80010 -83.93120
-85.23340 -83.99520
-85.37910 -83.88990
-85.30250 -83.69480
-85.02350 -83.57480
-84.81740 -83.07370
-84.89840 -82.95700
-84.73500 -82.95910
-84.69350 -82.67520
-84.45150 -82.50920
-84.59630 -82.60080
-84.64150 -82.58500
-84.42640 -81.94720
-84.28230 -82.18180
-84.38950 -82.42880
-84.41840 -82.49920
-84.42940 -81.91340
-84.40020 -81.93170
-84.54140 -82.17610
-84.33290 -81.95690
-84.37800 -82.14010
-84.64290 -82.28470
-84.43420 -82.14340
-84.45470 -81.83800
-84.56830 -81.89760
-84.18170 -81.79480
-84.05450 -81.98700
-84.10390 -81.53560
-83.72430 -80.71720
-84.23790 -81.37630
-84.73960 -81.73640
-84.18250 -81.40110
-83.92170 -81.22850
-84.29080 -81.53280
-84.26950 -81.35620
-84.01510 -81.19040
-83.83530 -81.35480
-84.22070 -80.18370
-83.57740 -79.66420
-83.32050 -79.07980
-83.80090 -79.18450
-83.23380 -79.56050
-83.66070 -79.13850
-83.32710 -79.68150
-82.84910 -79.48240
-82.86730 -79.37780
-83.17220 -79.52680
-83.28090 -79.77950
-83.06590 -79.72380
-83.23090 -79.68710
-83.17120 -79.94350
-82.95430 -79.77090
-83.38070 -80.12280
-83.48640 -80.18330
-83.72620 -80.48590
-83.37430 -80.48520
-83.20110 -80.50970
-83.16780 -80.00230
-83.24900 -79.97730
-83.40260 -79.82460
-83.83070 -79.70800
-83.92090 -79.97620
-83.82480 -79.79610
-84.33550 -79.62660
-84.43370 -80.00270
-83.99980 -79.50020
-85.19880 -82.31300
-85.00160 -82.17130
-85.35000 -82.37850
-85.42170 -82.57090
-85.27140 -82.72440
-85.48690 -83.25460
-85.42820 -83.73280
-85.63600 -83.70530
-85.52530 -83.63720
-85.63390 -83.70400
-85.69680 -83.70260
-85.40450 -83.56100
-85.70420 -83.39370
-85.97340 -83.36260
-86.18010 -83.41080
-85.98430 -83.36660
-86.05460 -83.44600
-86.01230 -83.45880
-86.33940 -83.51400
-86.31530 -83.20770
-86.74880 -83.28320
-86.73020 -83.39410
-86.80250 -83.34390
-86.90140 -83.83490
-87.03130 -83.73340
-87.09660 -83.39980
-87.12160 -83.31250
-87.34470 -83.31890
-87.71500 -83.56670
-87.64310 -84.16130
-87.84440 -84.18990
-87.64650 -84.27160
-87.53110 -84.49280
-87.74840 -84.72850
-87.66910 -84.51930
-87.80730 -84.50660
-87.85700 -84.21900
-88.37210 -84.61240
-88.25500 -84.48680
-88.73720 -84.23220
-88.36410 -84.75680
-88.53020 -84.82360
-88.41220 -84.78930
-88.70850 -84.69490
-88.82350 -84.79560
-88.80650 -84.89370
-88.35830 -84.89150
-88.05910 -84.75080
-87.96620 -84.50170
-87.47590 -84.49070
-87.49190 -84.56900
-87.57810 -84.76260
-87.64470 -84.91650
-87.92530 -85.13920
-84.46450 -80.80450
-84.53340 -81.73580
-84.87010 -80.51120
-84.60680 -80.73700
-84.71190 -81.07070
-84.78780 -81.56610
-84.90220 -82.06420
-85.05680 -81.56300
-84.89530 -81.22750
-84.95860 -80.96140
-84.89560 -80.51570
-85.10880 -80.92100
-84.77100 -79.99210
-85.04560 -79.54300
-84.89200 -79.45040
-85.31550 -78.84060
-85.37200 -79.44950
-85.26250 -79.73920
-85.34350 -79.28190
-85.06130 -78.99140
-84.98400 -78.74330
-84.91200 -78.34630
-85.09410 -77.33760
-85.04660 -77.46870
-85.02200 -77.72890
-85.16680 -77.94760
-84.86560 -77.88740
-84.76940 -77.90700
-84.89360 -78.33820
-84.94050 -79.12270
-85.08970 -78.72140
-85.21400 -77.87480
-85.53040 -77.66200
-85.83430 -78.26730
-85.47280 -77.78700
-86.08760 -78.79730
-86.16620 -78.42850
-86.42820 -79.38610
-86.27010 -79.16110
-85.76860 -79.47970
-86.52220 -79.45450
-86.52790 -79.69930
-86.69190 -79.10640
-86.40610 -79.33080
-86.21220 -78.92400
-85.82560 -78.31650
-85.40250 -77.93960
-85.73520 -77.25900
-85.73340 -76.47470
-85.74080 -76.50940
-85.91100 -76.44220
-75.07740 -74.91330
-75.25100 -74.86880
-75.43390 -74.90450
-75.63620 -75.03890
-75.78540 -75.07640
-75.46230 -75.02880
-75.57230 -75.05810
-75.15020 -74.94920
-75.68190 -74.96120
-76.19960 -75.17920
-76.13770 -75.23250
-76.19770 -75.26420
-76.63670 -75.43740
-76.07510 -75.28010
-76.26600 -75.22270
-75.98020 -75.05240
-75.18890 -74.12130
-75.06230 -74.08580
-75.37770 -74.22810
-74.90520 -74.17350
-74.87390 -74.02480
-74.34330 -73.70010
-74.52810 -73.72780
-74.16670 -73.49260
-73.76920 -73.16020
-74.11790 -72.89090
-73.45400 -72.74580
-73.46590 -72.78100
-73.64380 -72.64320
-73.28130 -72.53850
-72.97500 -72.35040
-72.62980 -72.30270
-72.39140 -72.27310
-72.33570 -71.75320
-72.15850 -71.60340
-72.09750 -71.69560
-71.72030 -71.42310
-71.54400 -71.36670
-71.50480 -71.43690
-71.40100 -71.04940
-71.59700 -71.17330
-71.63030 -71.14990
-71.92000 -71.24010
-71.75180 -71.21050
-71.69570 -71.28690
-72.05850 -71.29530
-72.02760 -71.27950
-72.90920 -71.88680
-73.19630 -72.01910
-73.25610 -72.56150
-73.67890 -72.87390
-73.82190 -73.02810
-73.68570 -73.09460
-73.18940 -73.00560
-73.52840 -73.17920
-72.95520 -72.91960
-73.15380 -72.99040
-72.92510 -72.77640
-72.92780 -72.68370
-73.09020 -72.66310
-73.60240 -72.75540
-73.53720 -72.81710
-73.38680 -72.61210
-73.48560 -72.71960
-73.58040 -72.59960
-73.63140 -72.74520
-73.51660 -72.64890
-73.55990 -72.70270
-73.45010 -72.29310
-73.44470 -72.27960
-73.38090 -72.35960
-73.50200 -72.50850
-73.42920 -72.53760
-73.50820 -72.63160
-73.41940 -72.54540
-73.79240 -72.80070
-73.78580 -72.82070
-73.53150 -73.02770
-74.33120 -73.18070
-74.59670 -73.34370
-74.52980 -73.18480
-74.81330 -73.28780
-74.99260 -73.51680
-74.97190 -73.71900
-75.01540 -73.72120
-75.00600 -73.80080
-75.42640 -74.03110
-75.61270 -73.86320
-75.03510 -73.88840
-75.30280 -73.99310
-75.00290 -73.92880
-75.06750 -73.56610
-75.21700 -73.68260
-74.78480 -73.47790
-74.59180 -73.34730
-74.70450 -73.24290
-74.34590 -73.11360
-74.11740 -72.84080
-74.22670 -72.91250
-74.11620 -72.89080
-73.93170 -72.77990
-73.95920 -72.82890
-74.31670 -72.90870
-74.05130 -72.91460
-73.79760 -72.76690
-73.54670 -72.74880
-73.31560 -72.67130
-73.26310 -72.81370
-73.23740 -72.78240
-73.26640 -72.56580
-72.97790 -72.32170
-73.27280 -72.30750
-72.47280 -71.65590
-72.82120 -71.62100
-72.90640 -71.62340
-72.72090 -71.64540
-72.95630 -71.71610
-73.01590 -71.46510
-72.99660 -71.41940
-72.72960 -71.29030
-72.43510 -70.99110
-72.41660 -71.02460
-72.38250 -71.27910
-72.31070 -71.39530
-72.44840 -71.34740
-72.39890 -71.31750
-72.52240 -71.36970
-72.34170 -71.41370
-72.17530 -71.40000
-72.61230 -71.13270
-72.98530 -71.26870
-72.74750 -71.06360
-73.13250 -71.24460
-73.14410 -71.44860
-72.93600 -71.55910
-72.98680 -71.43520
-73.31760 -71.47820
-73.30840 -71.28970
-73.43810 -71.15430
-73.52100 -71.62110
-73.17580 -71.29570
-73.22140 -71.30900
-72.95590 -71.15990
-71.89600 -68.51220
-72.04860 -68.80000
-72.32130 -68.05470
-72.13500 -67.99100
-72.37740 -68.63300
-72.14330 -67.90400
-72.17430 -67.30000
-72.08260 -67.93940
-71.99100 -67.87800
-72.03810 -68.07620
-71.78550 -68.01300
-71.65590 -68.16910
-71.43380 -68.08180
-71.45140 -67.80240
-71.48720 -67.82230
-71.64560 -68.36980
-71.68860 -68.10760
-71.94020 -68.17460
-71.71900 -68.02230
-71.86510 -68.57090
-71.90150 -68.50430
-71.96250 -68.68330
-71.70620 -68.87150
-71.62140 -68.61950
-71.65210 -68.83570
-71.24950 -68.63490
-71.44060 -69.20960
-71.36610 -69.21470
-71.32380 -69.04760
-71.27970 -68.91180
-71.31030 -68.69390
-71.32070 -67.68580
-71.68440 -68.45840
-71.91530 -68.39400
-71.92030 -68.37640
-72.19830 -68.42670
-72.46660 -68.39290
-72.56540 -68.56030
-72.72090 -68.51310
-72.81870 -68.36960
-72.70500 -67.85750
-72.66950 -68.24080
-72.51730 -67.88860
-72.57400 -67.75680
-72.40960 -67.65640
-72.35120 -67.67590
-74.43610 -67.40050
-74.27210 -68.18580
-74.65960 -68.47410
-74.67510 -68.15490
-74.75660 -68.51770
-74.74540 -67.88720
-74.81230 -67.98980
-74.76380 -68.22010
-74.67100 -67.78440
-74.60800 -66.73800
-74.79790 -66.41590
-74.61040 -66.65530
-74.43770 -66.60780
-74.71080 -67.05910
-74.62940 -67.09960
-74.55370 -67.12770
-74.40200 -66.76220
-74.47840 -66.53130
-74.49580 -66.33470
-74.38340 -66.90560
-74.63790 -65.44050
-74.60250 -65.44210
-74.81750 -65.07690
-74.57740 -65.23260
-74.90150 -65.45130
-75.17320 -66.00770
-74.82040 -65.95070
-74.88530 -65.80280
-74.74580 -65.94390
-74.64380 -66.87940
-74.52350 -65.07700
-74.49950 -64.71390
-74.27330 -64.60890
-74.66220 -64.89940
-74.22970 -64.66810
-74.48780 -64.18840
-74.92980 -65.10830
-74.24510 -63.74820
-74.39920 -63.24490
-74.37390 -63.47760
-74.62240 -64.35650
-74.49710 -62.94770
-74.72850 -63.85340
-74.56310 -62.46390
-74.32150 -62.75870
-74.44000 -62.71100
-74.73570 -62.19890
-74.58160 -62.87310
-74.52530 -62.33200
-74.45120 -62.35300
-64.96720 -64.65500
-65.16940 -64.76180
-65.01810 -64.65420
-65.04370 -64.72760
-65.08990 -64.81110
-65.61250 -64.84910
-65.87850 -65.16150
-65.87920 -65.16350
-66.16440 -65.22580
-66.26620 -65.23670
-66.29120 -65.28120
-66.68040 -65.45540
-67.08510 -65.79010
-66.58840 -65.60850
-66.86160 -65.71620
-66.88210 -65.65030
-66.75700 -65.71860
-66.61560 -65.53590
-66.78470 -65.76940
-66.53560 -65.61510
-66.33400 -65.46360
-66.16860 -65.33410
-66.06980 -64.99360
-66.22450 -65.05230
-66.05220 -64.95270
-65.68890 -64.83140
-65.88850 -64.77630
-65.57640 -64.49590
-65.85970 -64.30050
-65.82910 -64.44790
-65.86920 -64.38560
-66.01950 -64.36800
-66.14440 -64.29410
-65.89790 -64.24340
-65.63870 -64.14690
-65.34390 -64.17780
-65.16680 -64.00200
-65.00360 -63.69710
-64.91750 -63.75790
-65.00810 -63.92020
-64.65630 -63.77090
-64.55880 -63.57520
-64.47580 -63.28510
-64.71470 -63.34730
-64.46050 -63.33780
-64.74480 -63.33940
-64.69430 -63.34460
-64.64620 -63.29380
-64.82220 -63.37590
-64.94980 -63.54590
-65.35580 -63.67250
-65.28510 -63.59270
-65.24820 -63.74840
-64.92640 -63.63270
-65.20470 -63.79530
-65.07370 -63.74970
-65.33880 -63.87560
-65.00920 -63.79750
-65.16490 -63.77300
-65.52030 -63.79300
-65.68850 -63.82990
-65.47950 -63.73200
-65.86640 -63.93710
-65.96160 -64.03390
-66.09500 -64.27680
-66.12560 -64.31460
-66.09960 -64.19620
-65.79640 -64.15790
-65.84030 -64.10860
-65.63530 -63.88950
-65.70800 -63.99910
-65.47540 -63.98700
-65.52360 -63.99710
-65.53840 -63.76360
-65.69290 -63.64070
-65.65530 -63.75000
-65.68070 -63.72720
-65.49340 -63.52290
-66.13430 -63.57980
-66.30120 -63.79540
-66.38110 -63.92690
-66.27670 -64.01970
-66.39840 -64.21160
-66.37170 -64.14400
-66.29880 -64.17270
-65.84310 -64.26660
-65.86660 -64.16660
-65.86390 -64.16930
-65.72260 -64.06370
-65.61570 -63.96350
-65.65780 -63.81030
-65.53680 -63.53060
-65.43560 -63.16200
-65.31590 -63.02190
-65.22150 -63.12490
-65.10780 -62.83940
-64.71160 -62.37350
-64.48260 -61.86550
-64.23360 -61.43050
-64.15910 -61.24920
-64.09120 -61.19940
-63.97410 -60.88720
-63.69830 -60.25660
-63.52780 -60.29120
-63.49840 -60.37920
-63.40860 -60.72040
-63.38860 -60.67240
-63.26070 -60.56080
-63.63540 -60.44270
-63.31410 -59.98690
-63.36030 -60.11920
-63.45350 -60.24700
-63.45350 -60.24160
-63.59890 -60.33420
-63.60100 -60.17320
-63.69920 -59.96740
-63.56580 -59.75450
-63.59930 -59.82040
-63.90700 -59.74700
-63.98470 -60.12600
-63.76380 -60.34380
-64.09740 -59.98910
-64.20200 -60.14250
-64.27100 -60.27900
-64.26370 -60.57450
-64.15560 -60.76580
-64.05180 -60.71480
-63.84300 -60.57870
-63.96790 -60.62890
-63.76370 -60.01680
-63.92070 -59.99590
-63.85860 -60.05260
-63.70600 -60.23220
-63.63820 -60.13010
-63.79940 -60.16150
-64.02660 -60.21990
-64.15720 -60.21400
-64.15420 -60.54100
-63.99620 -60.46520
-63.81630 -58.92110
-63.65180 -58.81520
-63.59710 -58.80710
-63.75730 -59.42120
-63.90300 -60.15680
-63.78450 -59.18220
-63.78580 -59.65350
-63.76530 -59.67790
-63.77210 -59.80730
-63.84140 -59.16750
-63.62890 -59.13720
-63.63880 -59.31600
-63.55120 -59.20510
-63.66440 -59.26290
-63.77730 -59.17550
-63.90690 -59.34520
-64.15000 -59.34790
-64.26960 -59.45010
-64.26610 -59.41130
-64.25350 -59.61630
-64.30280 -59.67400
-64.17740 -59.77480
-64.15110 -60.06240
-63.93740 -59.43450
-64.16570 -60.14500
-64.52440 -60.55370
-63.96650 -60.30100
-64.05370 -60.21760
-63.95930 -60.19510
-64.06070 -60.85660
-63.83470 -60.10620
-63.78670 -59.72580
-63.86210 -59.10810
-64.15690 -59.63700
-63.89220 -58.89790
-63.85970 -58.95520
-63.88150 -58.82750
-64.08210 -58.83960
-64.01040 -58.75040
-63.86010 -59.09920
-63.89670 -59.13720
-63.92360 -59.18050
-63.76910 -58.92660
-63.71320 -58.85430
-63.62720 -58.46710
-63.87000 -58.61190
-63.74170 -58.57420
-64.43590 -62.01830
-65.11610 -62.86190
-65.38410 -62.90800
-65.47030 -63.07430
-65.57540 -63.21950
-65.58640 -63.29790
-65.41330 -63.23910
-65.31410 -63.15710
-65.29140 -63.30920
-65.36650 -63.25070
-65.12150 -63.12990
-64.97180 -63.09000
-65.34150 -63.20450
-65.00840 -63.14300
-64.79570 -62.98860
-64.67180 -62.99010
-64.76970 -62.91580
-64.60950 -62.86910
-64.73330 -62.92260
-64.83460 -62.96630
-64.95050 -63.03690
-65.11710 -63.05810
-65.19060 -63.14290
-65.37990 -63.11670
-66.00770 -63.52170
-65.77700 -63.72740
-65.62000 -63.75540
-65.30220 -63.58360
-65.01050 -63.02010
-65.05540 -62.83950
-65.38030 -62.97980
-65.83270 -63.27840
-65.81980 -63.23190
-66.09550 -63.59590
-66.05340 -63.70400
-66.09460 -63.79210
-66.08740 -63.61080
-65.81910 -63.78110
-65.83660 -63.72100
-65.81100 -63.74200
-65.90420 -63.73970
-65.95820 -63.53530
-65.94260 -63.76620
-65.64350 -63.73380
-65.32140 -63.45090
-65.16510 -63.18200
-65.12440 -62.98690
-65.03700 -62.86890
-58.65220 -58.03830
-58.71610 -58.05410
-58.74700 -58.07630
-58.71280 -58.06830
-58.91540 -58.09610
-58.73470 -58.19240
-58.74470 -58.27570
-59.02090 -58.30800
-59.39650 -58.48870
-59.32690 -58.49570
-59.56890 -58.61820
-59.46030 -58.44330
-59.22370 -58.40010
-59.00090 -58.28780
-58.85700 -58.15590
-58.66550 -57.82800
-58.60120 -57.77170
-58.50200 -57.76520
-58.37280 -57.51630
-58.39340 -57.54550
-57.96260 -57.34350
-58.15140 -57.22940
-58.34110 -57.18250
-58.11780 -57.09440
-58.18750 -57.13840
-57.66980 -56.68770
-57.92900 -56.58760
-57.86420 -56.67880
-57.50020 -56.68390
-57.35410 -56.56610
-57.57050 -56.32240
-57.31840 -56.32560
-57.08780 -56.33690
-57.21530 -56.26100
-57.18990 -56.25900
-57.14480 -56.17300
-57.23150 -56.21770
-57.09780 -56.22040
-56.87860 -56.12990
-56.48950 -55.89100
-56.40550 -55.83130
-56.24930 -55.63870
-56.02780 -55.42340
-56.32690 -55.43620
-55.98750 -55.35740
-55.96290 -55.41860
-56.18870 -55.40420
-56.13150 -55.34630
-56.10710 -55.29880
-56.37940 -55.36960
-56.50360 -55.45760
-56.87610 -55.57460
-56.58530 -55.78120
-56.60460 -55.73410
-56.67530 -55.71830
-56.80820 -55.80700
-56.75910 -55.77530
-56.91230 -55.72730
-57.25050 -55.78100
-57.14030 -55.88430
-57.43960 -56.04310
-57.23050 -55.92490
-57.42340 -55.96590
-57.32740 -55.88360
-57.08790 -55.85930
-57.21400 -55.75680
-57.18030 -55.69600
-57.09090 -55.66700
-57.14680 -55.64440
-56.91350 -55.47780
-56.80040 -55.60490
-56.82330 -55.57640
-56.63030 -55.35220
-56.63410 -55.28440
-56.63800 -55.42290
-56.55050 -55.36860
-56.78240 -55.49690
-56.92500 -55.49150
-56.81960 -55.43450
-56.87830 -55.47700
-56.98670 -55.54710
-56.96080 -55.57080
-56.92180 -55.59860
-56.90820 -55.60870
-57.10060 -55.70540
-57.10690 -55.74040
-57.14760 -55.63890
-56.88030 -55.66860
-56.84310 -55.53480
-56.88600 -55.27650
-56.68510 -55.18680
-56.66630 -55.21110
-56.80500 -55.29120
-56.68100 -55.15660
-56.46900 -55.06180
-56.25480 -54.90180
-55.97920 -54.68970
-55.94910 -54.66810
-55.97760 -54.38830
-56.18210 -54.42480
-55.84130 -53.95840
-55.71490 -53.89780
-55.70910 -53.94350
-55.92430 -54.03140
-55.76660 -53.95240
-55.61700 -53.99730
-55.54150 -53.91340
-55.26820 -53.83190
-55.22120 -53.78820
-55.33430 -53.76490
-54.90220 -53.09420
-54.91960 -53.11280
-55.18890 -53.24240
-54.74370 -53.05950
-54.85260 -53.17000
-54.85780 -52.94900
-54.75060 -52.77970
-54.94000 -52.52290
-54.57570 -52.24010
-54.61910 -52.30430
-54.37350 -52.04730
-54.45350 -52.09880
-54.36890 -52.59370
-54.41810 -52.80890
-54.49580 -52.69410
-54.26320 -52.67990
-54.37910 -52.74290
-54.30610 -52.64420
-54.38990 -52.12880
-54.28380 -52.14390
-54.49680 -52.32110
-54.71150 -52.57200
-54.43680 -52.44180
-54.34730 -51.88290
-54.28120 -51.98550
-54.33100 -52.10550
-54.13590 -51.90760
-53.96640 -52.14340
-53.82910 -52.35660
-53.94840 -51.86330
-53.93960 -51.82740
-54.45020 -51.04810
-54.39970 -51.07420
-54.44080 -50.97050
-54.75930 -50.97050
-54.83010 -50.66590
-54.66190 -50.31920
-54.64970 -50.57670
-54.48060 -50.37840
-55.11990 -51.68030
-54.74740 -51.62450
-54.79110 -51.74390
-55.02920 -52.09810
-55.01680 -52.08280
-55.10120 -52.53000
-55.11790 -52.50440
-55.23340 -52.49820
-55.06910 -52.38390
-54.98900 -52.29540
-55.03790 -52.16850
-54.97070 -51.95220
-54.95660 -51.85270
-54.89030 -51.93100
-55.07210 -52.14160
-54.82890 -51.92250
-54.71550 -51.59090
-54.82740 -51.61550
-54.96720 -51.78300
-55.21410 -51.83740
-55.28460 -51.84800
-55.22800 -52.02410
-55.25760 -52.07540
-55.23680 -52.07890
-55.21910 -51.91870
-55.05860 -51.80270
-55.41520 -52.23070
-55.35680 -52.31820
-55.46860 -52.38520
-55.43610 -52.34740
-55.51100 -52.49930
-55.52540 -52.69740
-55.46170 -52.59920
-55.40270 -52.58600
-55.30110 -52.63440
-55.27160 -52.19350
-55.26320 -51.94320
-55.37460 -52.01730
-55.50490 -51.97370
-55.44320 -51.68730
-55.33120 -51.88560
-55.32070 -51.91750
-55.20790 -51.81340
-55.19570 -51.92280
-54.96720 -51.71620
-55.09850 -51.89500
-55.14120 -51.77730
-55.00050 -51.46860
-55.01620 -51.45450
-55.02780 -51.34890
-55.04690 -51.70230
-55.10790 -51.84510
-55.06160 -52.07120
-55.30120 -52.43130
-55.51530 -52.75710
-55.32100 -52.49220
-55.23630 -52.48840
-55.39640 -52.40620
-55.41460 -52.24950
-55.35250 -52.28740
-55.27600 -52.01370
-55.23520 -51.83360
-55.04800 -51.73270
-55.21090 -51.38410
-55.25010 -51.47220
-55.27260 -51.76620
-55.25900 -51.71140
-55.34530 -51.78390
-55.22990 -51.61110
-55.22200 -51.84720
-54.99540 -51.66230
-55.04580 -51.62440
-54.86680 -51.48780
-54.94450 -51.78390
-54.99360 -51.76990
-55.08940 -51.78920
-55.10030 -51.59850
-55.18340 -51.73180
-55.31540 -51.82380
-55.40450 -52.00160
-55.54390 -52.25400
-55.44790 -52.28250
-55.39580 -52.23320
-55.20690 -51.77020
-55.26360 -51.55070
-55.27970 -51.12880
-55.29140 -50.96300
-55.27750 -50.98600
-55.49570 -50.75230
-55.76470 -51.26590
-55.56330 -50.95750
-55.69370 -50.69600
-55.56390 -50.80240
-55.50620 -51.08980
-55.47590 -51.16640
-55.66810 -51.31840
-55.51710 -51.48110
-55.68200 -51.46730
-55.74410 -51.53000
-55.73030 -51.24570
-55.74430 -51.64650
-55.58990 -51.72080
-55.41970 -51.64150
-55.62990 -51.94450
-55.18030 -51.18970
-54.85020 -50.98750
-54.81570 -50.73060
-54.78480 -50.66850
-48.62730 -48.80740
-48.69050 -48.87880
-48.76220 -48.89360
-48.83030 -48.82050
-49.12480 -48.98340
-49.16630 -49.18290
-49.34870 -49.21470
-49.23960 -49.10250
-49.02050 -49.00430
-49.06440 -49.04510
-49.36110 -49.12620
-49.48980 -49.20830
-49.76300 -49.31420
-49.70330 -49.32460
-50.19760 -49.59220
-49.86340 -49.46360
-50.06500 -49.49840
-50.21280 -49.44640
-50.07560 -49.29820
-49.87530 -49.25750
-49.69220 -48.89730
-49.46920 -48.60360
-49.54180 -48.51080
-49.40990 -48.43710
-49.73950 -48.73880
-49.72380 -48.74030
-49.36160 -48.63290
-49.24810 -48.58620
-49.26150 -48.54310
-49.63990 -48.67310
-49.47160 -48.57680
-49.49110 -48.56210
-49.48180 -48.40750
-49.39240 -48.27090
-49.71360 -48.37730
-49.38260 -48.54060
-49.49780 -48.52720
-49.61860 -48.48700
-49.64990 -48.47900
-49.44320 -48.41120
-49.51080 -48.40520
-49.41140 -48.37880
-49.32560 -48.38120
-49.33870 -48.41590
-49.21770 -48.42900
-49.06350 -48.37270
-48.95980 -48.16120
-48.84020 -48.08170
-48.47910 -47.93540
-48.67130 -48.04750
-48.54050 -48.09720
-48.60700 -48.15810
-48.43900 -48.07080
-48.70020 -47.88570
-49.01140 -48.00330
-48.93730 -47.92580
-48.92990 -47.98740
-48.88310 -48.10010
-48.51080 -47.97370
-48.80220 -48.05460
-48.89940 -48.05690
-48.99630 -48.01880
-49.38320 -48.21880
-49.25950 -48.19230
-49.38370 -48.23850
-49.68660 -48.50140
-49.72720 -48.56250
-49.74010 -48.64890
-49.77290 -48.69090
-49.60600 -48.65860
-49.70730 -48.50720
-49.65420 -48.48140
-49.69700 -48.46120
-49.77890 -48.52030
-49.83640 -48.63730
-49.60480 -48.70210
-49.62730 -48.74860
-49.58180 -48.68300
-50.08080 -49.00830
-50.03640 -49.20580
-50.23490 -49.37630
-50.37100 -49.35620
-50.32120 -49.32720
-50.16250 -49.20790
-50.28640 -49.26970
-50.67720 -49.47920
-50.89820 -49.66050
-51.00180 -49.84660
-51.03710 -49.83070
-51.01950 -49.87460
-51.00500 -49.87920
-51.04030 -49.99480
-51.14170 -50.07450
-51.07930 -50.04640
-51.09800 -50.15610
-50.84860 -50.06870
-50.65340 -49.86870
-50.67010 -49.81200
-50.69960 -49.86350
-50.33840 -49.60180
-50.49240 -49.63340
-50.15860 -49.47130
-49.98790 -49.22710
-50.05580 -49.18040
-49.94010 -49.12720
-49.80450 -49.05540
-49.31400 -48.75380
-49.14580 -48.69290
-49.08360 -48.53570
-49.22920 -48.52750
-49.30400 -48.40150
-49.25520 -48.31650
-49.03210 -48.06590
-49.21600 -48.11530
-49.10810 -48.15070
-49.05610 -48.19870
-49.01870 -48.11910
-49.10260 -48.07080
-49.09270 -48.00580
-48.58190 -47.70040
-48.35870 -47.63910
-48.37600 -47.59700
-48.31580 -47.63800
-48.37140 -47.69510
-48.31010 -47.67380
-48.16920 -47.49500
-48.21860 -47.48630
-48.31390 -47.50460
-48.31790 -47.49780
-48.22150 -47.31150
-48.44770 -47.39280
-48.40580 -47.30660
-48.37640 -47.29650
-48.59100 -47.37130
-48.44090 -47.32110
-48.50230 -47.48940
-48.42570 -47.51590
-48.06790 -47.32770
-48.03410 -47.28790
-48.03310 -47.21690
-48.37700 -47.11810
-48.19700 -47.13770
-48.17250 -47.08720
-48.02340 -47.01120
-48.04330 -47.10180
-48.18420 -47.17380
-48.19030 -47.14940
-48.14970 -47.15850
-48.24150 -47.26220
-48.16250 -47.23440
-48.13230 -47.35360
-48.11790 -47.34750
-48.14600 -47.37860
-48.20510 -47.38360
-47.99650 -47.32550
-48.15700 -47.26310
-48.07800 -47.24810
-48.20190 -47.20400
-48.24820 -47.25820
-48.32230 -47.31790
-48.32760 -47.33610
-48.31550 -47.37920
-48.52520 -47.41270
-48.33620 -47.30580
-48.28860 -47.30640
-48.51610 -47.38950
-48.75760 -47.48270
-48.88040 -47.53800
-48.91090 -47.66780
-48.80310 -47.73760
-48.83920 -47.74320
-48.90840 -47.79130
-49.04290 -47.63450
-48.91260 -47.58480
-49.20750 -47.70670
-49.13550 -47.80590
-49.25840 -47.86010
-49.21760 -47.88160
-49.27910 -47.96560
-49.09550 -47.93880
-49.07110 -47.92260
-49.28740 -48.06570
-49.22730 -48.03820
-49.24790 -47.90200
-49.15700 -47.84220
-49.57680 -47.98060
-49.43670 -47.90410
-49.65040 -47.88560
-49.77850 -47.99100
-49.81680 -48.10430
-49.99390 -48.19070
-49.76580 -48.09480
-49.72400 -48.12320
-49.96320 -48.21890
-50.02440 -48.21330
-49.78820 -48.36610
-49.83610 -48.40110
-49.50100 -48.24610
-49.44940 -48.09710
-49.51130 -48.07830
-49.56660 -48.17930
-49.74720 -48.22200
-50.02630 -48.36120
-49.99860 -48.31280
-50.20740 -48.41020
-50.46460 -48.60030
-50.82190 -49.26760
-50.83680 -49.28330
-50.89850 -49.29970
-50.94370 -49.27990
-50.75600 -49.29490
-50.55810 -49.17070
-50.44770 -49.12770
-50.36060 -49.12170
-50.31090 -48.92170
-50.32970 -48.93210
-50.24230 -48.94540
-50.21400 -48.92320
-50.23370 -48.89230
-50.19460 -48.89170
-49.86690 -48.80990
-49.90580 -48.85690
-49.75770 -48.78410
-49.68750 -48.56420
-49.59930 -48.48950
-49.59470 -48.53830
-49.62480 -48.45040
-49.51310 -48.41840
-49.63360 -48.40740
-49.79670 -48.48760
-49.89480 -48.50760
-50.18050 -48.71820
-50.54050 -49.08110
-50.24980 -49.01180
-50.04460 -48.88300
-49.63290 -48.70180
-49.48070 -48.44290
-49.77970 -48.38940
-49.73610 -48.48000
-49.88240 -48.53560
-49.86330 -48.44500
-49.90750 -48.45770
-49.91640 -48.48940
-49.95790 -48.48480
-49.92360 -48.28840
-49.94510 -48.46550
-49.84720 -48.53240
-49.59770 -48.37380
-49.53960 -48.29310
-49.55380 -48.24350
-49.26420 -48.15640
-49.07630 -48.13340
-42.44880 -42.42030
-42.32310 -42.36430
-42.29250 -42.41220
-42.30090 -42.46740
-42.38110 -42.45570
-42.50310 -42.46790
-42.44540 -42.32070
-42.86790 -42.54230
-42.89590 -42.59160
-42.95120 -42.60010
-43.19140 -42.64580
-43.21020 -42.61320
-43.31910 -42.66360
-43.27050 -42.65460
-43.22840 -42.79140
-43.17850 -42.79360
-43.33760 -42.79160
-43.04690 -42.72900
-43.37310 -42.72570
-43.24800 -42.58990
-43.23930 -42.66330
-43.13080 -42.51240
-43.23750 -42.48760
-43.26630 -42.35470
-43.14600 -42.27670
-43.03080 -42.24560
-43.17370 -42.23610
-43.45880 -42.53040
-43.48480 -42.54640
-43.62590 -42.63400
-43.37990 -42.56520
-43.20510 -42.39700
-42.95820 -42.18020
-42.52040 -41.76790
-42.60500 -41.69090
-42.64690 -41.68260
-42.69030 -41.65730
-42.54150 -41.62840
-42.42740 -41.62390
-42.35960 -41.48780
-42.50030 -41.52520
-42.04920 -41.36810
-41.90600 -41.34250
-41.91300 -41.37900
-41.93420 -41.30780
-41.71190 -41.14570
-41.83590 -41.21340
-41.69250 -41.09190
-41.59840 -41.07330
-41.45350 -41.07900
-41.45690 -41.13280
-41.19690 -40.71990
-41.33770 -40.70820
-41.46140 -40.80350
-41.41490 -40.83170
-41.41070 -40.90340
-41.04230 -40.72080
-41.01020 -40.65280
-41.15720 -40.67390
-40.92590 -40.60860
-41.26200 -40.57530
-41.36290 -40.58860
-41.34410 -40.61020
-41.24420 -40.48810
-41.32200 -40.53200
-41.56210 -40.62070
-41.70300 -40.92240
-41.62260 -40.85660
-41.54120 -40.75040
-41.58650 -40.81160
-41.56870 -40.81680
-41.63050 -40.88580
-41.75600 -40.99180
-41.57030 -40.86630
-41.51920 -40.87860
-41.48150 -40.78160
-41.57700 -40.70790
-41.83530 -40.84200
-41.88480 -40.88020
-41.81770 -40.95490
-41.98690 -41.07820
-41.73000 -40.95840
-41.74120 -40.96460
-41.89340 -40.94150
-41.93730 -41.00050
-42.09680 -41.09440
-42.22810 -41.26220
-42.19090 -41.25530
-42.43920 -41.34560
-42.43630 -41.24350
-42.21690 -41.26270
-42.33540 -41.26770
-42.31980 -41.28670
-42.16530 -41.23290
-42.12180 -41.20410
-42.21380 -41.18900
-42.06940 -41.11820
-41.98310 -41.05440
-41.77270 -40.99080
-41.48030 -40.77860
-41.35860 -40.72530
-41.32950 -40.69110
-41.39110 -40.73740
-41.28480 -40.38120
-41.28040 -40.38750
-41.32080 -40.38570
-41.41250 -40.46960
-41.35280 -40.43430
-41.36840 -40.45980
-41.25770 -40.42740
-41.26120 -40.45740
-41.41840 -40.51330
-41.18850 -40.48210
-41.15940 -40.45500
-40.98260 -40.41310
-40.87890 -40.39420
-40.80260 -40.36350
-40.78530 -40.43630
-40.69860 -40.30380
-40.58680 -40.11950
-40.80320 -40.17380
-40.78830 -40.09380
-40.58180 -39.97030
-40.95830 -40.06690
-40.99690 -40.11930
-40.89750 -40.11570
-40.88740 -40.05270
-40.92730 -40.02710
-40.83260 -39.98230
-40.72200 -39.89550
-40.62880 -39.77940
-40.67440 -39.61480
-40.62880 -39.66910
-40.74090 -39.71030
-40.79100 -39.75540
-40.89550 -39.80290
-40.75130 -39.84580
-40.84740 -39.85180
-40.75010 -39.87850
-40.85770 -39.85870
-40.84810 -39.79930
-40.91540 -39.76870
-40.74410 -39.70660
-40.67000 -39.58870
-40.62240 -39.62660
-40.74360 -39.69550
-40.47990 -39.66170
-40.39610 -39.68270
-40.41480 -39.55950
-40.46780 -39.45700
-40.52490 -39.41010
-40.70120 -39.39640
-40.77750 -39.38430
-40.75780 -39.41900
-40.62170 -39.48930
-40.64940 -39.50860
-40.58400 -39.48800
-40.80160 -39.53120
-40.82950 -39.46180
-40.69290 -39.45170
-39.67750 -38.67720
-39.79550 -38.71160
-39.89290 -38.80520
-39.99640 -38.86150
-40.01040 -38.79690
-39.95080 -38.88910
-39.97050 -38.90650
-39.92370 -38.87590
-39.91440 -38.76120
-39.82700 -38.71900
-39.90020 -38.70160
-39.93440 -38.63090
-40.01600 -38.68000
-39.97190 -38.71120
-40.06040 -38.76230
-40.13400 -38.80610
-40.12380 -38.81230
-40.26050 -38.93930
-40.26300 -38.90440
-40.32160 -38.92660
-40.42650 -38.99160
-40.53610 -39.08270
-40.48820 -39.07150
-40.52890 -39.06440
-40.51430 -39.08230
-40.53590 -39.03510
-40.57400 -39.08050
-40.48660 -39.00110
-40.70740 -39.10580
-40.87530 -39.28140
-40.92220 -39.41470
-40.81320 -39.48260
-40.96710 -39.61600
-40.73000 -39.35180
-40.77100 -39.34600
-40.82840 -39.25780
-40.93010 -39.35750
-41.08130 -39.38090
-41.01880 -39.36330
-41.09940 -39.37190
-41.25830 -39.41200
-41.40570 -39.51320
-41.23430 -39.43450
-40.99860 -39.45490
-41.05830 -39.48830
-40.97540 -39.36480
-41.08080 -39.29440
-41.17920 -39.42940
-41.04780 -39.50990
-41.27530 -39.56940
-41.65150 -39.80980
-41.96660 -39.96060
-41.81440 -40.03930
-41.93740 -40.10940
-41.92720 -40.19440
-41.94440 -40.19360
-41.83250 -40.10650
-41.74410 -40.09770
-41.65400 -40.06420
-41.80530 -39.98180
-41.87040 -40.08290
-41.78160 -40.03430
-41.89180 -40.03550
-41.78470 -40.00370
-41.83670 -40.06420
-41.81060 -40.10460
-41.98790 -40.14500
-41.86710 -40.06530
-41.81000 -40.08270
-41.95360 -40.09250
-42.19730 -40.22580
-42.32070 -40.30410
-42.58110 -40.64010
-42.62300 -40.67880
-42.43370 -40.67870
-42.46230 -40.57960
-42.39440 -40.56140
-42.40120 -40.60250
-42.43110 -40.57930
-42.73460 -40.72230
-42.80980 -40.64540
-42.90570 -40.69250
-42.87590 -40.85650
-42.88900 -40.91430
-42.79200 -40.93190
-43.01000 -40.97690
-43.00890 -40.91950
-43.02250 -40.99820
-43.03880 -41.08690
-43.00040 -41.06600
-43.24610 -41.14190
-43.12610 -41.16760
-42.88800 -41.06090
-42.91850 -41.03420
-42.98130 -40.99880
-42.98340 -41.03550
-42.92660 -40.97330
-42.69770 -40.92680
-36.75030 -36.70080
-36.84680 -36.75660
-36.76540 -36.71600
-36.80930 -36.76070
-36.89120 -36.72580
-37.28800 -36.98990
-37.30860 -36.99740
-37.27530 -37.01270
-37.35250 -37.00330
-37.25920 -36.98420
-37.28400 -36.98720
-37.28500 -36.99560
-37.24690 -37.00040
-37.22410 -36.96820
-37.20830 -36.97970
-37.50560 -36.94850
-37.25640 -36.86730
-37.39890 -36.86810
-37.49730 -36.85790
-37.39220 -36.76830
-37.39030 -36.84890
-37.29590 -36.75530
-37.32360 -36.64270
-37.21730 -36.57190
-37.16450 -36.57470
-37.18920 -36.43310
-37.20360 -36.52560
-37.15660 -36.52570
-36.92000 -36.45830
-37.03560 -36.29880
-36.50940 -35.95460
-36.50170 -35.88900
-36.41580 -35.85020
-36.30720 -35.78920
-36.38270 -35.74600
-36.46100 -35.71290
-36.48770 -35.67190
-36.39270 -35.61300
-36.26850 -35.54750
-36.18800 -35.46480
-36.07970 -35.36050
-36.02190 -35.35260
-36.12630 -35.42460
-36.03050 -35.40730
-35.74890 -35.28010
-35.60590 -35.09700
-35.48710 -35.00560
-35.31750 -34.93650
-35.28030 -34.95800
-35.71870 -35.16130
-35.74990 -35.21720
-35.88420 -35.26300
-35.80360 -35.29550
-35.80980 -35.29140
-35.79480 -35.30180
-35.99190 -35.35090
-36.15240 -35.38110
-36.06290 -35.50480
-36.62650 -35.61980
-36.64590 -35.69890
-36.63730 -35.80560
-36.50240 -35.78710
-36.51140 -35.74190
-36.48560 -35.72400
-36.51130 -35.70880
-36.31160 -35.61520
-36.35250 -35.60850
-36.45530 -35.71660
-36.10400 -35.52640
-36.09090 -35.48000
-36.02630 -35.38590
-36.15270 -35.39380
-36.07850 -35.45030
-36.00440 -35.40380
-36.19970 -35.45990
-36.09830 -35.39540
-36.16200 -35.40670
-36.72070 -35.78680
-36.69700 -35.80640
-36.70190 -35.82620
-36.74280 -35.83530
-36.89530 -35.98950
-36.94130 -35.91520
-36.87570 -35.84700
-36.71560 -35.83150
-36.82060 -35.71310
-36.63640 -35.66860
-36.54890 -35.55530
-36.34360 -35.51300
-36.16570 -35.42300
-36.04290 -35.39010
-35.91830 -35.36820
-35.91370 -35.36640
-35.98850 -35.21110
-35.59220 -34.74390
-35.50360 -34.66400
-35.57610 -34.58170
-35.42680 -34.51720
-35.42650 -34.53330
-35.19240 -34.39910
-35.04930 -34.31990
-34.92590 -34.24230
-34.93260 -34.27480
-34.91190 -34.23460
-34.63300 -33.89370
-34.41940 -33.80980
-34.56730 -33.84220
-34.64230 -33.82890
-34.59560 -33.79510
-34.60170 -33.79200
-34.59600 -33.74170
-34.54330 -33.70860
-34.20420 -33.48980
-34.22050 -33.49640
-34.20050 -33.38340
-34.25740 -33.42580
-34.31160 -33.38760
-34.07610 -33.41790
-34.15240 -33.42950
-34.22640 -33.47320
-34.27570 -33.49120
-34.17150 -33.48960
-34.08850 -33.39910
-34.14700 -33.43010
-34.22820 -33.37020
-34.40440 -33.39200
-34.36630 -33.31150
-34.24640 -33.29700
-34.40730 -33.35600
-34.24790 -33.32670
-34.32290 -33.27230
-34.27530 -33.29660
-34.17380 -33.31820
-34.07880 -33.32130
-34.03770 -33.35690
-33.99170 -33.29610
-34.00590 -33.29210
-34.23920 -33.05530
-34.28570 -33.15560
-34.22800 -33.14290
-34.27440 -33.10580
-34.23140 -33.09740
-34.21590 -33.08150
-34.24480 -33.11850
-34.09550 -33.02810
-33.97070 -32.98000
-34.94970 -33.44380
-34.85350 -33.59580
-34.76020 -33.57760
-34.86210 -33.70240
-34.79520 -33.77900
-34.87490 -33.98310
-34.86830 -34.08970
-34.93560 -34.08050
-34.90170 -34.07320
-34.91450 -34.08650
-34.85230 -34.07710
-34.61940 -33.94930
-34.67810 -33.98890
-34.61300 -33.97170
-34.60460 -34.00370
-34.61580 -33.98120
-34.58340 -33.93030
-34.62860 -33.95400
-34.70270 -33.93990
-34.69450 -33.97970
-34.75690 -34.02270
-34.72960 -34.03260
-34.81330 -34.04590
-34.68780 -33.94790
-34.76800 -34.00710
-34.99110 -34.20120
-34.99850 -34.22150
-35.07070 -34.33720
-35.10370 -34.33840
-35.09840 -34.35780
-35.09400 -34.26050
-35.10960 -34.25460
-35.08070 -34.32200
-35.20620 -34.35980
-35.36860 -34.46550
-35.42590 -34.52240
-35.38130 -34.53670
-35.43340 -34.56060
-35.46690 -34.77860
-35.40240 -34.68680
-35.32920 -34.65290
-35.61020 -34.76910
-35.79190 -34.76560
-35.76990 -34.75470
-35.71250 -34.79690
-35.89770 -34.85280
-35.73780 -34.72160
-35.86010 -34.77700
-35.96470 -34.89530
-36.04710 -34.81430
-35.92970 -34.81220
-35.99960 -34.87190
-36.08990 -34.95050
-36.14270 -34.99900
-36.29380 -35.03350
-36.22580 -35.02330
-36.45320 -35.10580
-36.49170 -35.05820
-36.64710 -35.44360
-36.68140 -35.49700
-36.66460 -35.48340
-36.75910 -35.45720
-36.68540 -35.47640
-36.56300 -35.41200
-36.48490 -35.40370
-36.42910 -35.24820
-36.41300 -35.27820
-36.31960 -35.20060
-36.12180 -35.12680
-36.17260 -35.18200
-36.31600 -35.20000
-36.11130 -35.15770
-36.10220 -35.12840
-36.08390 -35.07920
-36.22450 -35.12810
-36.28680 -35.19840
-36.43330 -35.24960
-36.58040 -35.38390
-36.79160 -35.52900
-36.85360 -35.54420
-36.83090 -35.61490
-36.98720 -35.74560
-36.88130 -35.70530
-36.76290 -35.59730
-36.84910 -35.77950
-36.85350 -35.83490
-37.12860 -36.02580
-37.02400 -36.04820
-37.04390 -35.98890
-37.19120 -36.07920
-37.13900 -36.21100
-37.23510 -36.32640
-37.16600 -36.18540
-37.16970 -36.17080
-37.13350 -36.08140
-37.11000 -36.01160
-37.10600 -36.02060
-37.02760 -35.99440
-36.86550 -35.94760
-36.82410 -35.97590
-36.45520 -35.60740
-36.34350 -35.59140
-31.82530 -31.78500
-31.82400 -31.81120
-31.83160 -31.84980
-31.87220 -31.83230
-31.92770 -31.85920
-32.00830 -31.81460
-32.22190 -31.90490
-32.27530 -31.91300
-32.30610 -31.91620
-32.33150 -31.89810
-32.30240 -31.91010
-32.35910 -31.95170
-32.39600 -31.96780
-32.26160 -31.95620
-32.29570 -31.93300
-32.46520 -32.01660
-32.54350 -32.05650
-32.71620 -32.19210
-32.79660 -32.25750
-32.79790 -32.25000
-32.96760 -32.31050
-32.76230 -32.22570
-32.98680 -32.26430
-32.89900 -32.19780
-32.60610 -32.18100
-32.69620 -32.15930
-32.64680 -32.07260
-32.68180 -32.02920
-32.60710 -32.00180
-32.37220 -31.95190
-32.34310 -31.82770
-32.46520 -31.89120
-32.30040 -31.80100
-32.14490 -31.67160
-32.13630 -31.58940
-32.24150 -31.56260
-32.21700 -31.58830
-32.04250 -31.59230
-31.96300 -31.43950
-32.02250 -31.39780
-31.61300 -31.12940
-31.66570 -31.08170
-31.63010 -31.00940
-31.71790 -31.07900
-31.64420 -31.08250
-31.52820 -31.02780
-31.40020 -30.92750
-31.42490 -30.92190
-31.25130 -30.78900
-31.30900 -30.85520
-31.43970 -30.88100
-31.62600 -30.93190
-31.54420 -30.90610
-31.43970 -30.94880
-31.56720 -30.95340
-31.56280 -30.95990
-31.46770 -30.92790
-31.48870 -30.90210
-31.64900 -31.05080
-31.75110 -31.13630
-31.91600 -31.19190
-31.90510 -31.27930
-31.96400 -31.27740
-31.73400 -31.27520
-31.82810 -31.35020
-31.87030 -31.38540
-31.87280 -31.36480
-31.93910 -31.36670
-32.13900 -31.41120
-32.20880 -31.44880
-32.20770 -31.45970
-32.14950 -31.35340
-32.25290 -31.35980
-32.44020 -31.45830
-32.49210 -31.52630
-32.44670 -31.55830
-32.42210 -31.49060
-32.29740 -31.41120
-32.23700 -31.52480
-32.20570 -31.38880
-32.12910 -31.39200
-32.18370 -31.34880
-32.31230 -31.41480
-32.25600 -31.36520
-32.40050 -31.42740
-32.42020 -31.43630
-32.34650 -31.35480
-32.52170 -31.40430
-32.64480 -31.41250
-32.69720 -31.61440
-32.76500 -31.66380
-32.72700 -31.67690
-33.02920 -31.83260
-33.05230 -31.80370
-33.07040 -31.71280
-33.04740 -31.71260
-33.05020 -31.69440
-32.85240 -31.59730
-32.81540 -31.58940
-32.88440 -31.68620
-32.70420 -31.52330
-32.58710 -31.48120
-32.43940 -31.38050
-32.36750 -31.37590
-32.38160 -31.25000
-32.39130 -31.23030
-32.88670 -31.48390
-32.64090 -31.44910
-32.51350 -31.26590
-32.54250 -31.23100
-32.53080 -31.25310
-32.65050 -31.30770
-32.43970 -31.19260
-32.39970 -31.14910
-32.12290 -31.06680
-31.99830 -31.03530
-31.98210 -31.07440
-31.97830 -31.07380
-31.90900 -31.03520
-31.88480 -30.81430
-31.78670 -30.73980
-31.88720 -30.73050
-32.05890 -30.74900
-32.06430 -30.80560
-31.97040 -30.81270
-31.97890 -30.85920
-31.99760 -30.77480
-31.96050 -30.77350
-31.83860 -30.66450
-31.97660 -30.64720
-31.99420 -30.74920
-31.88950 -30.80590
-31.79240 -30.73630
-31.73850 -30.73020
-31.76520 -30.69750
-31.70210 -30.65580
-31.68090 -30.62980
-31.81100 -30.65160
-31.68180 -30.51930
-31.64290 -30.51620
-31.54680 -30.51290
-31.55260 -30.52550
-31.50560 -30.45960
-31.48670 -30.45020
-31.57600 -30.48470
-31.64910 -30.44980
-31.67850 -30.57410
-31.54520 -30.53910
-31.61250 -30.54920
-31.66180 -30.56850
-31.55840 -30.50130
-31.35110 -30.48830
-31.38840 -30.49350
-31.33400 -30.45530
-31.36380 -30.36170
-31.36510 -30.34710
-31.32070 -30.36200
-31.38770 -30.31080
-31.33550 -30.28790
-31.37770 -30.30490
-31.43260 -30.31780
-31.43920 -30.29230
-31.38690 -30.18780
-31.26170 -30.14790
-31.25010 -30.07340
-31.36320 -30.12810
-31.23150 -30.07210
-31.23890 -30.10650
-31.27060 -30.02570
-31.25810 -30.01230
-31.32010 -30.05440
-31.30150 -30.05740
-31.39310 -30.08120
-31.34300 -30.10450
-31.48220 -30.16700
-31.66920 -30.18800
-31.70090 -30.31990
-31.73030 -30.37180
-31.76750 -30.38180
-31.80120 -30.32860
-31.79600 -30.23580
-31.78930 -30.28810
-31.77500 -30.24890
-32.02100 -30.37430
-31.82880 -30.27900
-31.84370 -30.35910
-31.87160 -30.43960
-31.84560 -30.40440
-31.79180 -30.37880
-32.04020 -30.50240
-31.96390 -30.46830
-32.09320 -30.41230
-32.20910 -30.48650
-32.19990 -30.50940
-32.23930 -30.49520
-32.15270 -30.45890
-32.17240 -30.46580
-32.33890 -30.46000
-32.08340 -30.38840
-32.08340 -30.46970
-32.01590 -30.35560
-32.14310 -30.35060
-32.23160 -30.32600
-32.45350 -30.53080
-32.60520 -30.57250
-32.61080 -30.65700
-32.85240 -30.81560
-32.85400 -30.86420
-32.90460 -31.01660
-32.93070 -30.97140
-32.80600 -30.94150
-32.77290 -30.91130
-32.86160 -30.75410
-32.84050 -30.83450
-32.85590 -30.86880
-32.86930 -30.89090
-32.88520 -30.93280
-32.78120 -30.99970
-32.71310 -31.02200
-32.46450 -30.85620
-32.46390 -30.79340
-32.50370 -30.76500
-32.58720 -30.83990
-32.65820 -30.84880
-32.82780 -30.94610
-32.88020 -30.96530
-32.74450 -30.96500
-32.46780 -31.01560
-32.28680 -30.79690
-32.32430 -30.78600
-32.33120 -30.72180
-32.47640 -30.77750
-32.47570 -30.82140
-32.49190 -30.81860
-32.46040 -30.73870
-32.49270 -30.79870
-32.39630 -30.74410
-32.31530 -30.75160
-32.22410 -30.65570
-32.30690 -30.68640
-32.34300 -30.62290
-32.26940 -30.58150
-32.19250 -30.53030
-27.59690 -27.53390
-27.60910 -27.55270
-27.70840 -27.53990
-27.74860 -27.55020
-27.96670 -27.71510
-27.99990 -27.72540
-27.97940 -27.73620
-28.07120 -27.73470
-28.04090 -27.70110
-27.97180 -27.68050
-28.00430 -27.69950
-28.15880 -27.73890
-28.18480 -27.80910
-28.34690 -27.88600
-28.35990 -27.89250
-28.35830 -27.88520
-28.44840 -27.91750
-28.39900 -27.88590
-28.34590 -27.80910
-28.41280 -27.90210
-28.15400 -27.72060
-28.27790 -27.63390
-28.21760 -27.58270
-28.16580 -27.56890
-28.12120 -27.55790
-28.23310 -27.56140
-28.40840 -27.64850
-28.42420 -27.67630
-28.35940 -27.70040
-28.38580 -27.68460
-28.36850 -27.72470
-28.24970 -27.67380
-28.26840 -27.68230
-28.03090 -27.29960
-28.21390 -27.35430
-28.02000 -27.42250
-27.96480 -27.37750
-28.05020 -27.32420
-28.06390 -27.29860
-27.95910 -27.29110
-28.03740 -27.29070
-27.93500 -27.26850
-27.91520 -27.17480
-27.91320 -27.20570
-27.94600 -27.26750
-27.88210 -27.27720
-27.77820 -27.23380
-27.68440 -27.18020
-27.56340 -27.07270
-27.59850 -27.02560
-27.42690 -26.87600
-27.51000 -26.94910
-27.66720 -26.99830
-27.77090 -27.10530
-27.72060 -27.09330
-27.71870 -27.07650
-27.86170 -27.11720
-27.88780 -27.13170
-27.96030 -27.17890
-28.09310 -27.37320
-28.03890 -27.40370
-27.95720 -27.40370
-27.92310 -27.41570
-27.91630 -27.39390
-27.83560 -27.35180
-27.91380 -27.35690
-27.96220 -27.39550
-27.95650 -27.33920
-28.03610 -27.31900
-28.18240 -27.34990
-28.25260 -27.39430
-28.28140 -27.54060
-28.29440 -27.55630
-28.37570 -27.58020
-28.22860 -27.50550
-28.25780 -27.39530
-28.23450 -27.37490
-28.27350 -27.35900
-28.10290 -27.41670
-28.11070 -27.43640
-28.11000 -27.35040
-28.21960 -27.42190
-28.23680 -27.39540
-28.60030 -27.64200
-28.60760 -27.67350
-28.61220 -27.70170
-28.70690 -27.75140
-28.71420 -27.73140
-28.67280 -27.64150
-28.66310 -27.64860
-28.66550 -27.61200
-28.64360 -27.65470
-28.70020 -27.68700
-28.65110 -27.58490
-28.48330 -27.50340
-28.54920 -27.55440
-28.49050 -27.51280
-28.39390 -27.45030
-28.13020 -27.15310
-28.14870 -27.15660
-27.79700 -26.82680
-27.89210 -26.63180
-27.89580 -26.64830
-27.74630 -26.56360
-27.63390 -26.48830
-27.66540 -26.40740
-27.60040 -26.38560
-27.57560 -26.38330
-27.69810 -26.42430
-27.55060 -26.37550
-27.28840 -26.31980
-27.21310 -26.25720
-27.32560 -26.27410
-27.49350 -26.27820
-27.46440 -26.24470
-27.31470 -26.20960
-27.44720 -26.24960
-27.39530 -26.27020
-27.36050 -26.25330
-27.38100 -26.28980
-27.40620 -26.24690
-27.40490 -26.22580
-27.38170 -26.18710
-27.40460 -26.20790
-27.24810 -26.12570
-27.34080 -26.09170
-27.28170 -26.07350
-27.27550 -26.20180
-27.25530 -26.21830
-27.27030 -26.21540
-27.20200 -26.25790
-27.17360 -26.16410
-27.14620 -26.16810
-27.16470 -26.16300
-27.27220 -26.17950
-27.20590 -26.16450
-27.20630 -26.15600
-27.32460 -26.19490
-27.29670 -26.20680
-27.30740 -26.27700
-27.28980 -26.28620
-27.27360 -26.28330
-27.19990 -26.28760
-27.22440 -26.30540
-27.32760 -26.29920
-27.33010 -26.35020
-27.29190 -26.34040
-27.30370 -26.31720
-27.31730 -26.31280
-27.27180 -26.33360
-27.19230 -26.34500
-27.05440 -26.30700
-27.27750 -26.37470
-27.26850 -26.42660
-27.34760 -26.39530
-27.31620 -26.38020
-27.32550 -26.37090
-27.19990 -26.32610
-27.35930 -26.28830
-27.46820 -26.29240
-27.42720 -26.30790
-27.48190 -26.36000
-27.44870 -26.38900
-27.35850 -26.40630
-27.54360 -26.37930
-27.53310 -26.37560
-27.51760 -26.39200
-27.50770 -26.37110
-27.73730 -26.45650
-27.73910 -26.48040
-27.78080 -26.49270
-27.85770 -26.52520
-28.05990 -26.63730
-28.17520 -26.69230
-28.15420 -26.83600
-28.19570 -26.91420
-28.21340 -26.97390
-28.13460 -26.88360
-28.18620 -26.91170
-28.17230 -26.84600
-28.10910 -26.79240
-28.35800 -26.87940
-28.41540 -26.83740
-28.42970 -26.83190
-28.42750 -26.93550
-28.60600 -27.00710
-28.50380 -27.03700
-28.56460 -27.10620
-28.72680 -27.11370
-28.66560 -27.10720
-28.55190 -27.07420
-28.59190 -27.12450
-28.52390 -27.07390
-28.61370 -27.11560
-28.82420 -27.28440
-28.98950 -27.49800
-28.73100 -27.36480
-28.80180 -27.36820
-28.83030 -27.34060
-28.85490 -27.39290
-28.77430 -27.35550
-28.77770 -27.31040
-28.64680 -27.25010
-28.59270 -27.24840
-28.62750 -27.29420
-28.54280 -27.26630
-28.47990 -27.21400
-28.51560 -27.21140
-28.52760 -27.17380
-28.60390 -27.21310
-28.68050 -27.25910
-28.74620 -27.28610
-28.93270 -27.42890
-29.05330 -27.55170
-29.13430 -27.72310
-29.06270 -27.71830
-28.99690 -27.74020
-29.08060 -27.80320
-28.70300 -27.42960
-28.81560 -27.48710
-28.81440 -27.45580
-29.03740 -27.67280
-29.07170 -27.69230
-29.06350 -27.85700
-29.11540 -27.83370
-29.07310 -27.76050
-29.10710 -27.82810
-29.12960 -27.83560
-29.04750 -27.82000
-28.94830 -27.78470
-29.09140 -27.87770
-28.93610 -27.86590
-28.78520 -27.72120
-28.69910 -27.68630
-28.83850 -27.65810
-28.78530 -27.56950
-28.61220 -27.52790
-23.38720 -23.46630
-23.38060 -23.48260
-23.43830 -23.51160
-23.45320 -23.46400
-23.49070 -23.46940
-23.67530 -23.56950
-23.66870 -23.62770
-23.74680 -23.65510
-23.75650 -23.61490
-23.80270 -23.61200
-23.79830 -23.60260
-23.85400 -23.62630
-23.83010 -23.62110
-23.96460 -23.69170
-24.01980 -23.75640
-24.01900 -23.75630
-24.13790 -23.80030
-24.00020 -23.73640
-24.08910 -23.81210
-23.94240 -23.59540
-23.91800 -23.57950
-23.94790 -23.54830
-24.08020 -23.64840
-24.07330 -23.67270
-24.05490 -23.67190
-24.00930 -23.64700
-24.20180 -23.73070
-23.99480 -23.66630
-23.89690 -23.60280
-23.78140 -23.56510
-23.85820 -23.44580
-23.71670 -23.46180
-23.63660 -23.43230
-23.65700 -23.44870
-23.73110 -23.40160
-23.65990 -23.36010
-23.71070 -23.36570
-23.60520 -23.31480
-23.51920 -23.21150
-23.42530 -23.11970
-23.41080 -23.11590
-23.45950 -23.17020
-23.20130 -23.02270
-23.19610 -22.98020
-23.16290 -22.91990
-23.12800 -22.91110
-23.01380 -22.85570
-23.10730 -22.92050
-23.17030 -22.97240
-23.18040 -22.94940
-23.13750 -22.91660
-23.19520 -22.94160
-23.27640 -22.94910
-23.35930 -23.01380
-23.46830 -23.09540
-23.50490 -23.17340
-23.42310 -23.17590
-23.39500 -23.17430
-23.51630 -23.21330
-23.57280 -23.22600
-23.56930 -23.22220
-23.57960 -23.17570
-23.59230 -23.12400
-23.73930 -23.24750
-23.76270 -23.29340
-23.71230 -23.27350
-23.73470 -23.16490
-23.68930 -23.10830
-23.67320 -23.15790
-23.58790 -23.18390
-23.60580 -23.20780
-23.58290 -23.03740
-23.62510 -23.06520
-23.76060 -23.14800
-23.76410 -23.14420
-23.77030 -23.22490
-23.88340 -23.29630
-23.78260 -23.23450
-23.89140 -23.27750
-24.03060 -23.35470
-24.07950 -23.48490
-24.17460 -23.52770
-24.29350 -23.58740
-24.29670 -23.56480
-24.21730 -23.52560
-24.20440 -23.51610
-24.26720 -23.55660
-24.26240 -23.56250
-24.16140 -23.49800
-24.15500 -23.53570
-24.21290 -23.53030
-24.05750 -23.36290
-24.06180 -23.38030
-24.09500 -23.42530
-23.85500 -23.20850
-23.73750 -23.11930
-23.76030 -23.11370
-23.69580 -22.95470
-23.54600 -22.86370
-23.45320 -22.80610
-23.39280 -22.63860
-23.37770 -22.63250
-23.41700 -22.62870
-23.39000 -22.66530
-23.24610 -22.59880
-23.22830 -22.61450
-23.23270 -22.57640
-23.03190 -22.44170
-23.10870 -22.46340
-23.14140 -22.46020
-23.27260 -22.50020
-23.29550 -22.51550
-23.24630 -22.52010
-23.27120 -22.54520
-23.27230 -22.52680
-23.27690 -22.50010
-23.26620 -22.48370
-23.19800 -22.44770
-23.14500 -22.40090
-23.16030 -22.41100
-23.20090 -22.36360
-23.18980 -22.40690
-23.20790 -22.37410
-23.07650 -22.38550
-23.19040 -22.36350
-23.17140 -22.35400
-23.08770 -22.32950
-23.03040 -22.27210
-22.93830 -22.24670
-22.90540 -22.24680
-22.86810 -22.26400
-22.92300 -22.09280
-22.98860 -22.08450
-22.96720 -22.12160
-23.03130 -22.11900
-23.06030 -22.13590
-23.05640 -22.15550
-22.97050 -22.14490
-23.11060 -22.19890
-23.29150 -22.39420
-23.23680 -22.41320
-23.26640 -22.42030
-23.23040 -22.42240
-23.12500 -22.39870
-23.14650 -22.39800
-23.11760 -22.39030
-23.12310 -22.39030
-23.12390 -22.35900
-23.10460 -22.33660
-23.06200 -22.32150
-23.05540 -22.31380
-22.97430 -22.26900
-23.06090 -22.33850
-23.06580 -22.37240
-23.11270 -22.38750
-23.07960 -22.36840
-23.13290 -22.40900
-23.12700 -22.41900
-23.13900 -22.39280
-23.13880 -22.34940
-23.16360 -22.36050
-23.19240 -22.39210
-23.08910 -22.38710
-23.24560 -22.47070
-23.26800 -22.52790
-23.30340 -22.54990
-23.24760 -22.58690
-23.19160 -22.46710
-23.35760 -22.53890
-23.29560 -22.51150
-23.36290 -22.56220
-23.38700 -22.54420
-23.41770 -22.54780
-23.40380 -22.53060
-23.46380 -22.53990
-23.41870 -22.49710
-23.39100 -22.52520
-23.32940 -22.50040
-23.40690 -22.53490
-23.29700 -22.51160
-23.35020 -22.52790
-23.29970 -22.49850
-23.32960 -22.52800
-23.30970 -22.53490
-23.27230 -22.49500
-23.20010 -22.48460
-23.23620 -22.48830
-23.26460 -22.50570
-23.26080 -22.52220
-23.38210 -22.55500
-23.27540 -22.46730
-23.38050 -22.50080
-23.34150 -22.52060
-23.47610 -22.63590
-23.63240 -22.73630
-23.69260 -22.77360
-23.77060 -22.83360
-23.76220 -22.84680
-23.82680 -22.94420
-23.86970 -23.02430
-23.76090 -22.92620
-23.73310 -22.91450
-23.75490 -22.80660
-23.73250 -22.82920
-23.73300 -22.86640
-23.65760 -22.82780
-23.68580 -22.83200
-23.59880 -22.78310
-23.54030 -22.78590
-23.53290 -22.77550
-23.48480 -22.77280
-23.44100 -22.71400
-23.42790 -22.72960
-23.44150 -22.64540
-23.64670 -22.88140
-23.74520 -22.91790
-23.78200 -22.98220
-23.70530 -22.99740
-23.67030 -23.02160
-23.72250 -23.09300
-23.66470 -23.03270
-23.69410 -23.00210
-23.85200 -23.07400
-24.00770 -23.17610
-23.89330 -23.12350
-23.94490 -23.07270
-23.97030 -23.10610
-24.08320 -23.20620
-24.11450 -23.30400
-24.04980 -23.29950
-24.17300 -23.43520
-24.24890 -23.52950
-24.25890 -23.49600
-24.29080 -23.52730
-24.29170 -23.53840
-24.28300 -23.62500
-24.32220 -23.65360
-24.22900 -23.63370
-24.17280 -23.64960
-24.10940 -23.59860
-24.14910 -23.59900
-24.18180 -23.56400
-24.18830 -23.62130
-24.15250 -23.51670
-23.99640 -23.48000
-23.96260 -23.47350
