7.795068086124956608e-05
5.531603892450220883e-05
2.262846282974351197e-05
2.570153083070181310e-05
1.428411178494570777e-05
6.220767772902036086e-06
6.651292096648830920e-06
7.032287612673826516e-06
4.328157956479117274e-06
2.868488081730902195e-06
1.047610567184165120e-05
6.623416993534192443e-06
7.882162208261433989e-06
4.605094545695465058e-06
1.193837397295283154e-05
2.234601561212912202e-05
1.020236686599673703e-05
4.246443950250977650e-06
5.662220246449578553e-06
7.728480341029353440e-06
4.647420155379222706e-06
7.082421689119655639e-06
4.593929588736500591e-06
7.020617431408027187e-06
8.583439921494573355e-06
3.951379767386242747e-06
1.674577652011066675e-05
1.044016698870109394e-05
8.703435014467686415e-06
2.058874997601378709e-05
1.731764859869144857e-05
1.458022597944363952e-05
7.520622148149413988e-06
2.022501939791254699e-05
2.272073470521718264e-05
6.300288077909499407e-06
3.210244540241546929e-05
4.684445229941047728e-05
8.919408173824194819e-06
9.257610145141370595e-06
9.726154530653730035e-06
2.752655018412042409e-05
1.513174174760933965e-05
6.273834969761082903e-06
1.308515493292361498e-05
9.490510819887276739e-06
1.435472768207546324e-05
2.787879384413827211e-05
5.453748235595412552e-05
2.314144279807806015e-03
