5.00 50000.00 4.00 100000.00 0.10 0.25 0.00 0.01 84.00 11.39 95.09 93.60 6.72 99.05 0.17 27.15 1.77 Cancer_0 
6.00 50000.00 4.00 100000.00 0.10 0.25 0.00 0.01 78.09 0.91 79.65 78.22 0.82 79.67 0.00 37.68 36.81 bank-additional_0 
7.00 50000.00 4.00 100000.00 0.10 0.25 0.00 0.01 76.16 1.93 79.98 72.69 1.62 77.02 0.00 26.69 38.51 PenDigit_0 
8.00 50000.00 4.00 100000.00 0.10 0.25 0.00 0.01 56.10 1.19 56.50 72.59 1.59 73.09 0.67 38.74 37652.48 108.11 chess_0 
6.00 50000.00 4.00 100000.00 0.10 0.50 0.00 0.01 78.31 0.62 79.54 76.07 1.16 78.88 0.08 30.73 2547.20 12.76 bank-additional_1 
7.00 50000.00 4.00 100000.00 0.10 0.50 0.00 0.01 74.59 6.20 89.10 70.17 5.59 82.42 0.11 23.35 9120.79 27.57 PenDigit_1 
8.00 50000.00 4.00 100000.00 0.10 0.50 0.00 0.01 50.28 8.36 66.10 61.17 23.82 87.99 0.00 36.49 32002.99 63.32 chess_1 
5.00 50000.00 4.00 100000.00 0.10 0.75 0.00 0.01 94.03 0.91 96.11 98.60 0.32 99.05 0.02 23.06 320.31 1.02 Cancer_2 
6.00 50000.00 4.00 100000.00 0.10 0.75 0.00 0.01 78.05 0.71 79.18 77.17 0.54 78.02 0.19 16.09 5382.37 9.44 bank-additional_2 
7.00 50000.00 4.00 100000.00 0.10 0.75 0.00 0.01 73.13 8.16 81.76 71.18 7.05 78.33 0.06 11.25 16594.70 16.55 PenDigit_2 
8.00 50000.00 4.00 100000.00 0.10 0.75 0.00 0.01 61.66 6.93 73.14 61.14 9.21 74.57 0.25 12.36 49098.39 65.68 chess_2 
