-100.0000 -100.0000
-361.6222 0.0000
-360.2541 0.0000
-361.4964 0.0000
-362.4351 0.0000
-362.5565 0.0000
-363.1420 0.0000
-363.6004 0.0000
-363.6884 0.0000
-363.8883 0.0000
-366.0548 0.0000
-363.4295 0.0000
-363.7875 0.0000
-362.9955 0.0000
-365.6473 0.0000
-361.4675 0.0000
-362.8768 0.0000
-361.0789 0.0000
-361.7409 0.0000
-359.3432 0.0000
-359.5672 0.0000
-359.2015 0.0000
-359.5775 0.0000
-359.1566 0.0000
-357.5691 0.0000
-357.3967 0.0000
-357.1725 0.0000
-357.6229 0.0000
-358.7904 0.0000
-356.4502 0.0000
-356.7019 0.0000
-355.9887 0.0000
-357.0937 0.0000
-356.0720 0.0000
-355.7219 0.0000
-355.6513 0.0000
-355.5218 0.0000
-356.4022 0.0000
-357.7620 0.0000
-358.4825 0.0000
-357.4993 0.0000
-356.7985 0.0000
-356.3375 0.0000
-357.5540 0.0000
-357.7617 0.0000
-359.7819 0.0000
-360.7872 0.0000
-360.2550 0.0000
-361.7473 0.0000
-361.4200 0.0000
-361.3116 0.0000
-360.5341 0.0000
-361.2770 0.0000
-360.7086 0.0000
-360.2496 0.0000
-360.8367 0.0000
-361.2544 0.0000
-360.1986 0.0000
-360.6516 0.0000
-360.2161 0.0000
-361.2845 0.0000
-362.5415 0.0000
-361.0749 0.0000
-360.6861 0.0000
-359.8363 0.0000
-358.2110 0.0000
-359.1286 0.0000
-359.6379 0.0000
-359.2491 0.0000
-360.1049 0.0000
-358.8567 0.0000
-358.7245 0.0000
-359.2444 0.0000
-358.4201 0.0000
-358.1877 0.0000
-358.9834 0.0000
-359.5015 0.0000
-359.4339 0.0000
-359.6298 0.0000
-359.7760 0.0000
-358.8825 0.0000
-357.8183 0.0000
-357.5143 0.0000
-357.3037 0.0000
-356.6201 0.0000
-357.2168 0.0000
-356.8425 0.0000
-356.8661 0.0000
-357.6863 0.0000
-356.4973 0.0000
-355.6113 0.0000
-355.3351 0.0000
-357.0698 0.0000
-355.4973 0.0000
-355.6806 0.0000
-356.0669 0.0000
-355.2570 0.0000
-355.7266 0.0000
-356.3365 0.0000
-352.7928 0.0000
-352.6547 0.0000
-352.3599 0.0000
-351.9600 0.0000
-351.6984 0.0000
-351.4884 0.0000
-351.7809 0.0000
-353.2147 0.0000
-351.7771 0.0000
-353.0807 0.0000
-351.7214 0.0000
-351.6035 0.0000
-352.4367 0.0000
-353.7667 0.0000
-352.0800 0.0000
-351.8956 0.0000
-350.5036 0.0000
-349.8560 0.0000
-349.3990 0.0000
-350.1695 0.0000
-349.7193 0.0000
-348.5121 0.0000
-348.5984 0.0000
-349.4534 0.0000
-349.1539 0.0000
-349.4403 0.0000
-348.6757 0.0000
-348.3313 0.0000
-347.9237 0.0000
-349.7567 0.0000
-349.2157 0.0000
-349.3965 0.0000
-348.9592 0.0000
-349.2254 0.0000
-349.1634 0.0000
-349.6990 0.0000
-348.8130 0.0000
-348.4435 0.0000
-349.3839 0.0000
-348.8203 0.0000
-349.3606 0.0000
-349.8152 0.0000
-349.0636 0.0000
-348.3668 0.0000
-347.7547 0.0000
-347.4187 0.0000
-347.9558 0.0000
-347.4848 0.0000
-347.3570 0.0000
-346.6980 0.0000
-346.9739 0.0000
-348.1291 0.0000
-347.9401 0.0000
-348.2525 0.0000
-347.9958 0.0000
-347.8354 0.0000
-348.3312 0.0000
-348.7769 0.0000
-349.6073 0.0000
-348.2187 0.0000
-348.8918 0.0000
-348.4077 0.0000
-349.1089 0.0000
-349.2608 0.0000
-348.8895 0.0000
-349.3354 0.0000
-349.4249 0.0000
-348.5346 0.0000
-348.2512 0.0000
-347.5872 0.0000
-347.7086 0.0000
-346.9670 0.0000
-347.1660 0.0000
-346.5350 0.0000
-347.4442 0.0000
-346.3549 0.0000
-346.5366 0.0000
-346.1922 0.0000
-345.9963 0.0000
-346.3187 0.0000
-346.5333 0.0000
-346.5418 0.0000
-346.2198 0.0000
-346.5721 0.0000
-347.7028 0.0000
-346.8084 0.0000
-346.6530 0.0000
-346.4141 0.0000
-346.4180 0.0000
-345.6293 0.0000
-346.3569 0.0000
-346.4651 0.0000
-345.7204 0.0000
-346.2720 0.0000
-346.5568 0.0000
-347.3380 0.0000
-346.4422 0.0000
-346.5944 0.0000
-346.2550 0.0000
-346.3892 0.0000
-345.9609 0.0000
-346.6074 0.0000
-345.9929 0.0000
-346.6814 0.0000
-346.5357 0.0000
-346.9367 0.0000
-347.2819 0.0000
-347.4837 0.0000
-347.2815 0.0000
-346.9225 0.0000
-347.1446 0.0000
-347.1137 0.0000
-346.9332 0.0000
-347.0249 0.0000
-347.1864 0.0000
-346.7581 0.0000
-346.4219 0.0000
-345.7989 0.0000
-346.2909 0.0000
-346.4646 0.0000
-346.4727 0.0000
-346.1977 0.0000
-346.2934 0.0000
-346.4832 0.0000
-346.1316 0.0000
-345.9703 0.0000
-346.4467 0.0000
-346.3549 0.0000
-345.9422 0.0000
-346.3378 0.0000
-345.9225 0.0000
-346.5134 0.0000
-346.6516 0.0000
-346.3115 0.0000
-346.2919 0.0000
-346.2636 0.0000
-345.7557 0.0000
-345.9631 0.0000
-346.3601 0.0000
-345.4119 0.0000
-345.2131 0.0000
-345.1412 0.0000
-344.8144 0.0000
-345.2101 0.0000
-345.0879 0.0000
-345.1204 0.0000
-344.9456 0.0000
-345.4604 0.0000
-345.7266 0.0000
-345.6961 0.0000
-345.5435 0.0000
-345.3533 0.0000
-345.0989 0.0000
-344.6677 0.0000
-345.0560 0.0000
-345.4690 0.0000
-345.2239 0.0000
-345.3203 0.0000
-344.8056 0.0000
-345.3212 0.0000
-345.6745 0.0000
-345.2641 0.0000
-345.5466 0.0000
-345.4626 0.0000
-345.7755 0.0000
-345.8194 0.0000
-346.1762 0.0000
-346.2119 0.0000
-345.7349 0.0000
-346.0069 0.0000
-346.1050 0.0000
-346.0334 0.0000
-346.6664 0.0000
-346.3878 0.0000
-346.3539 0.0000
-346.6918 0.0000
-346.3247 0.0000
-346.5465 0.0000
-346.1550 0.0000
-346.2577 0.0000
-345.8630 0.0000
-346.6966 0.0000
-346.7390 0.0000
-347.1865 0.0000
-346.6126 0.0000
-347.3616 0.0000
-346.8455 0.0000
-347.7664 0.0000
-347.1402 0.0000
-347.0089 0.0000
-346.4375 0.0000
-346.6975 0.0000
-346.7693 0.0000
-347.3065 0.0000
-347.2813 0.0000
-347.3292 0.0000
-347.5909 0.0000
-347.2072 0.0000
-347.0045 0.0000
-346.6574 0.0000
-346.3493 0.0000
-345.6849 0.0000
-345.8592 0.0000
-345.5023 0.0000
-345.1107 0.0000
-344.8649 0.0000
-344.5448 0.0000
-343.9866 0.0000
-343.8421 0.0000
-344.7263 0.0000
-344.3022 0.0000
-344.4771 0.0000
-344.4977 0.0000
-344.8675 0.0000
-344.7574 0.0000
-344.8666 0.0000
-344.4365 0.0000
-344.4513 0.0000
-344.5861 0.0000
-344.3864 0.0000
-344.8540 0.0000
-344.9755 0.0000
-344.7471 0.0000
-344.8141 0.0000
-344.9366 0.0000
-344.5791 0.0000
-345.0392 0.0000
-345.1132 0.0000
-344.9850 0.0000
-345.6750 0.0000
-344.6947 0.0000
-344.7952 0.0000
-345.2270 0.0000
-345.4600 0.0000
-345.9326 0.0000
-345.6940 0.0000
-345.9264 0.0000
-345.7438 0.0000
-345.6743 0.0000
-345.7314 0.0000
-345.7811 0.0000
-345.8229 0.0000
-345.7457 0.0000
-345.4128 0.0000
-346.4540 0.0000
-346.4107 0.0000
-346.8096 0.0000
-346.3564 0.0000
-345.6978 0.0000
-346.3066 0.0000
-346.9296 0.0000
-346.3541 0.0000
-346.1668 0.0000
-345.6796 0.0000
-345.4227 0.0000
-344.9459 0.0000
-344.6295 0.0000
-344.5731 0.0000
-344.5463 0.0000
-344.7068 0.0000
-344.3584 0.0000
-344.5015 0.0000
-344.2967 0.0000
-344.3335 0.0000
-343.8597 0.0000
-344.4890 0.0000
-344.8968 0.0000
-345.1031 0.0000
-344.6829 0.0000
-343.9093 0.0000
-344.3175 0.0000
-344.5142 0.0000
-344.2415 0.0000
-343.4396 0.0000
-343.5721 0.0000
-343.4338 0.0000
-343.5823 0.0000
-343.7120 0.0000
-343.9010 0.0000
-343.4545 0.0000
-343.2509 0.0000
-343.2116 0.0000
-343.2882 0.0000
-342.9672 0.0000
-342.9898 0.0000
-342.7641 0.0000
-342.5670 0.0000
-342.4666 0.0000
-342.6362 0.0000
-342.2372 0.0000
-342.0915 0.0000
-342.6633 0.0000
-342.2853 0.0000
-341.8719 0.0000
-341.5841 0.0000
-341.6774 0.0000
-341.5984 0.0000
-341.9132 0.0000
-341.3964 0.0000
-341.6600 0.0000
-341.3553 0.0000
-341.3323 0.0000
-341.5870 0.0000
-342.0603 0.0000
-342.6796 0.0000
-343.0833 0.0000
-342.5815 0.0000
-343.0776 0.0000
-342.8213 0.0000
-342.5887 0.0000
-342.5622 0.0000
-342.5525 0.0000
-342.7765 0.0000
-342.7973 0.0000
-342.6807 0.0000
-342.4774 0.0000
-342.9244 0.0000
-342.7086 0.0000
-342.9138 0.0000
-342.4408 0.0000
-343.2407 0.0000
-343.2812 0.0000
-343.7701 0.0000
-343.4631 0.0000
-343.0053 0.0000
-343.3156 0.0000
-343.3231 0.0000
-343.4571 0.0000
-343.8253 0.0000
-343.2365 0.0000
-343.5203 0.0000
-343.4917 0.0000
-343.3939 0.0000
-343.7452 0.0000
-343.9275 0.0000
-343.0956 0.0000
-343.6142 0.0000
-343.6533 0.0000
-343.9258 0.0000
-343.9044 0.0000
-343.6908 0.0000
-343.4390 0.0000
-343.3654 0.0000
-342.8983 0.0000
-343.4424 0.0000
-343.8854 0.0000
-343.9145 0.0000
-344.3531 0.0000
-344.1781 0.0000
-344.3867 0.0000
-343.8423 0.0000
-344.0869 0.0000
-343.3674 0.0000
-343.7141 0.0000
-343.2408 0.0000
-343.6829 0.0000
-343.3724 0.0000
-343.0778 0.0000
-343.1137 0.0000
-343.0989 0.0000
-343.5434 0.0000
-343.0414 0.0000
-343.2413 0.0000
-343.1099 0.0000
-343.4598 0.0000
-343.2891 0.0000
-343.7758 0.0000
-343.5413 0.0000
-343.7435 0.0000
-343.7901 0.0000
-343.7321 0.0000
-343.7721 0.0000
-343.5745 0.0000
-343.6836 0.0000
-343.2362 0.0000
-343.7934 0.0000
-343.5583 0.0000
-343.5764 0.0000
-343.5564 0.0000
-343.5398 0.0000
-343.5602 0.0000
-343.2441 0.0000
-343.2498 0.0000
-343.7343 0.0000
-344.0379 0.0000
-343.9802 0.0000
-344.3912 0.0000
-343.8849 0.0000
-344.0952 0.0000
-344.0843 0.0000
-343.8507 0.0000
-343.8124 0.0000
-343.7653 0.0000
-344.5086 0.0000
-343.9180 0.0000
-344.4194 0.0000
-344.3758 0.0000
-344.3982 0.0000
-344.1958 0.0000
-344.0830 0.0000
-344.8831 0.0000
-344.4346 0.0000
-344.1454 0.0000
-343.6599 0.0000
-344.5507 0.0000
-345.2592 0.0000
-344.1318 0.0000
-344.6784 0.0000
-344.3392 0.0000
-344.6014 0.0000
-344.2729 0.0000
-344.1942 0.0000
-344.1734 0.0000
-343.8978 0.0000
-343.8159 0.0000
-343.6825 0.0000
-344.2654 0.0000
-343.8890 0.0000
-343.8715 0.0000
-344.2211 0.0000
-343.8620 0.0000
-344.7822 0.0000
-343.6383 0.0000
-343.5284 0.0000
-343.3464 0.0000
-344.0413 0.0000
-344.3685 0.0000
-344.4230 0.0000
-344.4053 0.0000
-344.1520 0.0000
-344.6991 0.0000
-344.9553 0.0000
-345.5801 0.0000
-346.0448 0.0000
-345.6340 0.0000
-345.1941 0.0000
-345.0499 0.0000
-344.8963 0.0000
-345.1228 0.0000
-345.1945 0.0000
-345.4429 0.0000
-345.1771 0.0000
-344.7391 0.0000
-344.7802 0.0000
-345.1308 0.0000
-344.4158 0.0000
-344.1251 0.0000
-344.4236 0.0000
-344.3053 0.0000
-344.1874 0.0000
-343.9585 0.0000
-343.7882 0.0000
-344.0170 0.0000
-344.5727 0.0000
-345.0327 0.0000
-344.6609 0.0000
-345.1390 0.0000
-344.6993 0.0000
-344.5635 0.0000
-344.4097 0.0000
-344.9724 0.0000
-345.2586 0.0000
-345.0057 0.0000
-345.4156 0.0000
-345.3768 0.0000
-345.0219 0.0000
-345.6631 0.0000
-345.4586 0.0000
-345.5202 0.0000
-345.8078 0.0000
-345.3604 0.0000
-345.4961 0.0000
-345.8961 0.0000
-346.3844 0.0000
-346.1242 0.0000
-346.2841 0.0000
-345.9749 0.0000
-345.7735 0.0000
-345.5524 0.0000
-345.2124 0.0000
-345.0486 0.0000
-344.7067 0.0000
-344.6435 0.0000
-344.4236 0.0000
-344.4675 0.0000
-344.4116 0.0000
-344.7138 0.0000
-344.2014 0.0000
-344.5600 0.0000
-343.9840 0.0000
-343.1976 0.0000
-344.1056 0.0000
-343.9758 0.0000
-344.2610 0.0000
-344.5649 0.0000
-344.4622 0.0000
-343.4969 0.0000
-343.6322 0.0000
-343.3497 0.0000
-343.4387 0.0000
-343.3817 0.0000
-343.5118 0.0000
-343.3438 0.0000
-342.9552 0.0000
-343.2632 0.0000
-342.5291 0.0000
-342.4683 0.0000
-342.5145 0.0000
-342.7349 0.0000
-342.6585 0.0000
-343.0235 0.0000
-343.6985 0.0000
-343.7884 0.0000
-343.5152 0.0000
-344.0773 0.0000
-344.0901 0.0000
-344.2862 0.0000
-343.4346 0.0000
-343.4881 0.0000
-343.7575 0.0000
-343.5337 0.0000
-344.7447 0.0000
-343.8702 0.0000
-343.2096 0.0000
-343.0813 0.0000
-343.4569 0.0000
-344.0535 0.0000
-344.1104 0.0000
-344.0368 0.0000
-344.0563 0.0000
-343.7067 0.0000
-343.7702 0.0000
-344.1053 0.0000
-343.8207 0.0000
-343.5077 0.0000
-343.6863 0.0000
-343.9216 0.0000
-343.0267 0.0000
-343.2250 0.0000
-343.1749 0.0000
-343.2141 0.0000
-343.3463 0.0000
-343.8744 0.0000
-343.0371 0.0000
-343.3317 0.0000
-343.3965 0.0000
-343.6627 0.0000
-343.6735 0.0000
-343.2760 0.0000
-343.2846 0.0000
-343.3265 0.0000
-342.9091 0.0000
-343.4915 0.0000
-343.2810 0.0000
-343.4312 0.0000
-343.5749 0.0000
-343.5567 0.0000
-343.5281 0.0000
-343.6815 0.0000
-344.0049 0.0000
-344.0669 0.0000
-343.5902 0.0000
-344.1335 0.0000
-343.8573 0.0000
-343.1331 0.0000
-343.4214 0.0000
-343.5563 0.0000
-343.9854 0.0000
-343.6779 0.0000
-343.6252 0.0000
-344.0206 0.0000
-343.7275 0.0000
-343.8239 0.0000
-343.5948 0.0000
-343.8720 0.0000
-343.5168 0.0000
-343.8305 0.0000
-343.9088 0.0000
-343.8841 0.0000
-344.2268 0.0000
-344.3852 0.0000
-344.2806 0.0000
-344.6783 0.0000
-344.0746 0.0000
-344.1111 0.0000
-344.2395 0.0000
-344.4571 0.0000
-344.1954 0.0000
-344.1758 0.0000
-344.0550 0.0000
-344.5052 0.0000
-344.4485 0.0000
-344.0771 0.0000
-343.6148 0.0000
-344.3665 0.0000
-344.6278 0.0000
-344.3212 0.0000
-344.7023 0.0000
-344.6108 0.0000
-344.7483 0.0000
-344.9805 0.0000
-344.6411 0.0000
-344.5635 0.0000
-344.1813 0.0000
-344.2880 0.0000
-344.0900 0.0000
-344.9334 0.0000
-345.0435 0.0000
-344.4533 0.0000
-344.8218 0.0000
-344.8943 0.0000
-344.1070 0.0000
-344.3150 0.0000
-344.9230 0.0000
-344.8818 0.0000
-344.1092 0.0000
-344.0677 0.0000
-344.3957 0.0000
-344.7760 0.0000
-344.8850 0.0000
-344.9675 0.0000
-344.5055 0.0000
-344.3494 0.0000
-344.3432 0.0000
-344.3964 0.0000
-344.5380 0.0000
-344.7453 0.0000
-344.1648 0.0000
-344.3780 0.0000
-344.9291 0.0000
-344.2273 0.0000
-344.0747 0.0000
-344.6147 0.0000
-343.7980 0.0000
-344.5238 0.0000
-345.0476 0.0000
-344.4955 0.0000
-344.3249 0.0000
-343.9978 0.0000
-344.5752 0.0000
-345.1974 0.0000
-344.0024 0.0000
-344.4330 0.0000
-344.5648 0.0000
-345.1126 0.0000
-344.6560 0.0000
-344.5590 0.0000
-344.3797 0.0000
-344.8118 0.0000
-344.2648 0.0000
-344.4619 0.0000
-344.2233 0.0000
-344.3962 0.0000
-344.0189 0.0000
-343.5442 0.0000
-344.9936 0.0000
-344.3815 0.0000
-344.1752 0.0000
-344.0436 0.0000
-344.6261 0.0000
-343.7608 0.0000
-343.7214 0.0000
-344.2080 0.0000
-344.1897 0.0000
-344.0274 0.0000
-343.9731 0.0000
-344.2084 0.0000
-343.9804 0.0000
-343.1589 0.0000
-343.5891 0.0000
-343.0536 0.0000
-343.1945 0.0000
-343.3210 0.0000
-343.5666 0.0000
-343.1964 0.0000
-343.6280 0.0000
-343.9003 0.0000
-343.4684 0.0000
-343.0394 0.0000
-343.4317 0.0000
-342.8438 0.0000
-342.6130 0.0000
-343.0121 0.0000
-342.9090 0.0000
-343.7168 0.0000
-343.3742 0.0000
-343.4223 0.0000
-343.5294 0.0000
-343.3798 0.0000
-343.3575 0.0000
-343.4645 0.0000
-344.1028 0.0000
-344.4569 0.0000
-344.4232 0.0000
-344.3661 0.0000
-344.4236 0.0000
-343.9940 0.0000
-345.2288 0.0000
-344.1350 0.0000
-344.3212 0.0000
-344.4639 0.0000
-344.2829 0.0000
-344.4016 0.0000
-344.8922 0.0000
-344.0055 0.0000
-344.2714 0.0000
-344.9862 0.0000
-344.8076 0.0000
-344.1125 0.0000
-344.5391 0.0000
-344.4626 0.0000
-344.7925 0.0000
-344.1293 0.0000
-344.4183 0.0000
-344.3917 0.0000
-343.8263 0.0000
-343.8553 0.0000
-344.1207 0.0000
-344.3094 0.0000
-343.9560 0.0000
-344.2034 0.0000
-344.3135 0.0000
-343.9667 0.0000
-344.4090 0.0000
-344.3083 0.0000
-344.4425 0.0000
-344.1760 0.0000
-344.5975 0.0000
-344.3307 0.0000
-344.6942 0.0000
-344.2919 0.0000
-344.1743 0.0000
-344.2269 0.0000
-344.4375 0.0000
-344.9273 0.0000
-344.1081 0.0000
-344.5214 0.0000
-343.7685 0.0000
-344.6271 0.0000
-344.8663 0.0000
-344.1944 0.0000
-344.0759 0.0000
-344.5198 0.0000
-344.4327 0.0000
-344.8334 0.0000
-344.0943 0.0000
-344.7037 0.0000
-344.4670 0.0000
-344.0051 0.0000
-344.1709 0.0000
-343.8552 0.0000
-344.4819 0.0000
-344.1868 0.0000
-344.8595 0.0000
-344.0039 0.0000
-344.7304 0.0000
-344.4553 0.0000
-344.4851 0.0000
-344.7244 0.0000
-345.0030 0.0000
-344.3508 0.0000
-343.9275 0.0000
-344.4254 0.0000
-344.6126 0.0000
-344.7516 0.0000
-344.4504 0.0000
-345.0382 0.0000
-344.4703 0.0000
-344.5311 0.0000
-344.3354 0.0000
-344.5515 0.0000
-344.6435 0.0000
-344.0192 0.0000
-344.4410 0.0000
-344.4547 0.0000
-344.4278 0.0000
-343.8371 0.0000
-344.2882 0.0000
-344.3745 0.0000
-344.3790 0.0000
-344.2082 0.0000
-344.1531 0.0000
-344.1802 0.0000
-344.4114 0.0000
-344.4620 0.0000
-344.4748 0.0000
-344.5961 0.0000
-344.1777 0.0000
-344.7085 0.0000
-344.6621 0.0000
-344.5513 0.0000
-345.1211 0.0000
-343.9884 0.0000
-344.9086 0.0000
-344.8179 0.0000
-344.0912 0.0000
-344.4525 0.0000
-344.6171 0.0000
-344.6820 0.0000
-344.3763 0.0000
-344.8841 0.0000
-344.5539 0.0000
-344.3825 0.0000
-344.3735 0.0000
-344.6180 0.0000
-344.3945 0.0000
-344.1834 0.0000
-344.1089 0.0000
-344.1604 0.0000
-344.9671 0.0000
-344.6751 0.0000
-345.6438 0.0000
-345.1058 0.0000
-345.5895 0.0000
-345.1180 0.0000
-345.4835 0.0000
-345.6690 0.0000
-345.4167 0.0000
-345.3481 0.0000
-345.1700 0.0000
-344.6892 0.0000
-344.6601 0.0000
-344.7905 0.0000
-345.2197 0.0000
-345.7080 0.0000
-346.1648 0.0000
-346.2600 0.0000
-346.0585 0.0000
-345.9393 0.0000
-345.4243 0.0000
-344.9006 0.0000
-345.6734 0.0000
-345.2378 0.0000
-345.8099 0.0000
-345.2034 0.0000
-345.6180 0.0000
-345.3722 0.0000
-345.4459 0.0000
-345.3256 0.0000
-345.8634 0.0000
-344.5224 0.0000
-344.1006 0.0000
-344.4714 0.0000
-345.1446 0.0000
-345.8924 0.0000
-345.2186 0.0000
-345.4169 0.0000
-345.7337 0.0000
-345.8633 0.0000
-345.2801 0.0000
-345.8760 0.0000
-345.8696 0.0000
-345.0095 0.0000
-345.8690 0.0000
-345.4830 0.0000
-345.8928 0.0000
-346.0222 0.0000
-345.3182 0.0000
-345.8634 0.0000
-345.3203 0.0000
-346.5193 0.0000
-346.2425 0.0000
-345.5836 0.0000
-345.5318 0.0000
-346.3938 0.0000
-345.5625 0.0000
-345.7186 0.0000
-345.5851 0.0000
-345.9326 0.0000
-345.8347 0.0000
-345.7833 0.0000
-346.0876 0.0000
-346.3165 0.0000
-344.6633 0.0000
-345.9237 0.0000
-345.8984 0.0000
-345.6287 0.0000
-345.9478 0.0000
-346.6112 0.0000
-345.5985 0.0000
-344.9726 0.0000
-344.5145 0.0000
-344.7820 0.0000
-344.3923 0.0000
-344.1893 0.0000
-344.1167 0.0000
-343.8259 0.0000
-343.2912 0.0000
-343.6377 0.0000
-343.8170 0.0000
-343.1186 0.0000
-344.0611 0.0000
-343.5959 0.0000
-343.8548 0.0000
-344.2300 0.0000
-343.8754 0.0000
-343.8558 0.0000
-344.1457 0.0000
-344.2130 0.0000
-342.9995 0.0000
-343.4951 0.0000
-343.6440 0.0000
-343.9241 0.0000
-343.4769 0.0000
-343.8681 0.0000
-344.0193 0.0000
-344.0774 0.0000
-343.5825 0.0000
-343.6088 0.0000
-343.3565 0.0000
-343.7705 0.0000
-343.3413 0.0000
-343.5860 0.0000
-343.4340 0.0000
-344.0326 0.0000
-344.1118 0.0000
-344.2110 0.0000
-344.1915 0.0000
-344.0756 0.0000
-344.0125 0.0000
-344.6466 0.0000
-344.6931 0.0000
-344.8434 0.0000
-345.4326 0.0000
-345.2563 0.0000
-345.2038 0.0000
-345.6133 0.0000
-344.8981 0.0000
-345.4064 0.0000
-345.1164 0.0000
-345.6923 0.0000
-344.3565 0.0000
-344.8389 0.0000
-344.8768 0.0000
-344.5307 0.0000
-344.3488 0.0000
-344.5861 0.0000
-344.1181 0.0000
-343.8495 0.0000
-344.3242 0.0000
-344.1054 0.0000
-344.6285 0.0000
-345.0917 0.0000
-344.9350 0.0000
-344.6645 0.0000
-344.5994 0.0000
-344.6159 0.0000
-344.9370 0.0000
-345.5134 0.0000
-345.1409 0.0000
-345.4217 0.0000
-345.9581 0.0000
-345.2060 0.0000
-344.5391 0.0000
-344.5013 0.0000
-345.4292 0.0000
-345.0820 0.0000
-344.7767 0.0000
-344.7219 0.0000
-344.3770 0.0000
-344.1888 0.0000
-344.4303 0.0000
-344.8341 0.0000
-343.9625 0.0000
-343.9021 0.0000
-344.1603 0.0000
-343.2312 0.0000
-343.8516 0.0000
-344.1566 0.0000
-344.1806 0.0000
-344.2383 0.0000
-343.8728 0.0000
-344.7079 0.0000
-344.2897 0.0000
-344.5948 0.0000
-344.7463 0.0000
-344.9269 0.0000
-344.4464 0.0000
-344.4106 0.0000
-344.5235 0.0000
-344.3244 0.0000
-344.2360 0.0000
-344.9970 0.0000
-344.8301 0.0000
-345.0550 0.0000
-344.5548 0.0000
-345.1055 0.0000
-345.0073 0.0000
-344.8119 0.0000
-344.9154 0.0000
-345.0043 0.0000
-345.1813 0.0000
-345.0817 0.0000
-345.2975 0.0000
-345.2872 0.0000
-345.1048 0.0000
-345.1903 0.0000
-345.6770 0.0000
-345.8886 0.0000
-344.8785 0.0000
-344.9154 0.0000
-344.4810 0.0000
-343.6261 0.0000
-343.5209 0.0000
-343.7416 0.0000
-344.3156 0.0000
-344.0857 0.0000
-343.1421 0.0000
-343.2546 0.0000
-343.9940 0.0000
-343.7500 0.0000
-343.3157 0.0000
-344.0147 0.0000
-343.4017 0.0000
-343.5491 0.0000
-343.3796 0.0000
-343.7447 0.0000
-344.4168 0.0000
-343.2795 0.0000
-344.0622 0.0000
-343.7605 0.0000
-343.5113 0.0000
-343.4061 0.0000
-343.3189 0.0000
-343.5092 0.0000
-343.4622 0.0000
-343.6272 0.0000
-343.5485 0.0000
-343.5793 0.0000
-343.9270 0.0000
-343.4832 0.0000
-343.3375 0.0000
-343.2307 0.0000
-343.9417 0.0000
-343.9764 0.0000
-343.7057 0.0000
-343.8758 0.0000
-344.1635 0.0000
-343.8371 0.0000
-343.1600 0.0000
-343.6634 0.0000
-343.4350 0.0000
-343.4079 0.0000
-343.6738 0.0000
-343.7039 0.0000
-343.5526 0.0000
-343.5177 0.0000
-343.3645 0.0000
-343.7823 0.0000
-343.2281 0.0000
-343.3635 0.0000
-343.2497 0.0000
-342.9838 0.0000
-343.5935 0.0000
-343.2783 0.0000
-343.7637 0.0000
-343.1157 0.0000
-343.0605 0.0000
-343.0417 0.0000
-343.2286 0.0000
-342.8370 0.0000
-342.3965 0.0000
-342.5963 0.0000
-342.4053 0.0000
-342.9122 0.0000
-343.1001 0.0000
-342.3408 0.0000
-343.1973 0.0000
-342.9492 0.0000
-342.7659 0.0000
-342.8515 0.0000
-342.8639 0.0000
-342.6129 0.0000
-342.9482 0.0000
-342.8685 0.0000
-342.8025 0.0000
-342.5678 0.0000
-342.9699 0.0000
-343.4099 0.0000
-343.0206 0.0000
-343.2541 0.0000
-342.8325 0.0000
-343.2622 0.0000
-343.2334 0.0000
-343.3863 0.0000
-343.5333 0.0000
-343.1406 0.0000
-343.4710 0.0000
-343.1752 0.0000
-342.8392 0.0000
-343.2723 0.0000
-343.6652 0.0000
-343.5331 0.0000
-343.6470 0.0000
-343.0200 0.0000
-343.0083 0.0000
-342.6835 0.0000
-343.0311 0.0000
-343.4654 0.0000
-343.0239 0.0000
-342.8338 0.0000
-342.9718 0.0000
-342.7871 0.0000
-342.3819 0.0000
-342.7629 0.0000
-342.6420 0.0000
-342.6529 0.0000
-342.6706 0.0000
-342.1473 0.0000
-342.6815 0.0000
-342.8176 0.0000
-342.9879 0.0000
-342.7264 0.0000
-343.0575 0.0000
-342.9256 0.0000
-342.6004 0.0000
-342.3797 0.0000
-342.5844 0.0000
-342.2156 0.0000
-341.9975 0.0000
-341.8951 0.0000
-342.2184 0.0000
-342.2393 0.0000
-342.5123 0.0000
-342.4280 0.0000
-342.7042 0.0000
-343.0938 0.0000
-342.8581 0.0000
-343.1093 0.0000
-343.0925 0.0000
-343.0449 0.0000
-342.6625 0.0000
-342.5112 0.0000
-343.1845 0.0000
-342.9763 0.0000
-342.9267 0.0000
-342.7311 0.0000
-342.5081 0.0000
-342.7067 0.0000
-343.0019 0.0000
-342.8737 0.0000
-342.6311 0.0000
-342.1807 0.0000
-342.3597 0.0000
-342.5335 0.0000
-343.3164 0.0000
-342.3890 0.0000
-342.0257 0.0000
-342.0721 0.0000
-341.7563 0.0000
-341.5434 0.0000
-341.7485 0.0000
-341.9884 0.0000
-341.6862 0.0000
-341.4777 0.0000
-341.3424 0.0000
-341.4158 0.0000
-341.4320 0.0000
-341.8588 0.0000
-341.2649 0.0000
-341.2685 0.0000
-341.4762 0.0000
-341.5734 0.0000
-341.7435 0.0000
-341.3652 0.0000
-341.4602 0.0000
-341.4246 0.0000
-341.4363 0.0000
-341.2486 0.0000
-341.5518 0.0000
-341.6624 0.0000
-341.4864 0.0000
-341.3557 0.0000
-341.4312 0.0000
-341.4833 0.0000
-341.6570 0.0000
-341.4236 0.0000
-341.6014 0.0000
-341.4111 0.0000
-341.4163 0.0000
-341.3209 0.0000
-341.3139 0.0000
-341.4654 0.0000
-341.3565 0.0000
-341.6035 0.0000
-341.4584 0.0000
-341.4449 0.0000
-341.3979 0.0000
-341.2734 0.0000
-341.8348 0.0000
-341.7848 0.0000
-341.3491 0.0000
-341.3225 0.0000
-341.6781 0.0000
-341.5137 0.0000
-341.5837 0.0000
-341.6805 0.0000
-341.6507 0.0000
-341.5102 0.0000
-341.4723 0.0000
-341.6128 0.0000
-341.0607 0.0000
-340.9094 0.0000
-341.0652 0.0000
-341.1177 0.0000
-340.6891 0.0000
-340.6928 0.0000
-340.4833 0.0000
-340.8500 0.0000
-340.8830 0.0000
-340.3643 0.0000
-340.4959 0.0000
-340.1110 0.0000
-340.5401 0.0000
-340.3015 0.0000
-340.2236 0.0000
-340.0716 0.0000
-340.3014 0.0000
-340.4792 0.0000
-340.6760 0.0000
-340.7505 0.0000
-340.6601 0.0000
-340.7447 0.0000
-340.4434 0.0000
-340.3448 0.0000
-340.5686 0.0000
-340.9920 0.0000
-340.8744 0.0000
-341.0344 0.0000
-340.6858 0.0000
-341.3471 0.0000
-341.3852 0.0000
-341.4530 0.0000
-341.4920 0.0000
-341.4505 0.0000
-341.6743 0.0000
-341.6326 0.0000
-341.7846 0.0000
-341.8399 0.0000
-341.6665 0.0000
-341.5367 0.0000
-341.7036 0.0000
-341.6403 0.0000
-341.6426 0.0000
-341.5165 0.0000
-341.0854 0.0000
-341.2726 0.0000
-341.0436 0.0000
-341.2914 0.0000
-341.2171 0.0000
-340.8894 0.0000
-341.3423 0.0000
-341.2333 0.0000
-341.4817 0.0000
-341.6621 0.0000
-341.2029 0.0000
-341.0726 0.0000
-341.1536 0.0000
-341.1512 0.0000
-341.1623 0.0000
-340.9914 0.0000
-341.0889 0.0000
-341.0392 0.0000
-340.8679 0.0000
-340.7261 0.0000
-340.8138 0.0000
-340.7223 0.0000
-340.8567 0.0000
-340.8086 0.0000
-340.7587 0.0000
-340.7683 0.0000
-341.2585 0.0000
-341.3205 0.0000
-341.4992 0.0000
-341.3131 0.0000
-341.2148 0.0000
-341.0438 0.0000
-341.5468 0.0000
-341.6754 0.0000
-341.5638 0.0000
-341.6767 0.0000
-341.8324 0.0000
-341.5331 0.0000
-341.4823 0.0000
-341.1368 0.0000
-341.5137 0.0000
-342.1915 0.0000
-342.3306 0.0000
-342.2016 0.0000
-342.1633 0.0000
-342.2516 0.0000
-342.0350 0.0000
-342.2124 0.0000
-342.1865 0.0000
-341.9038 0.0000
-342.2072 0.0000
-342.2396 0.0000
-341.8203 0.0000
-342.3259 0.0000
-342.3438 0.0000
-342.1139 0.0000
-342.2304 0.0000
-341.9578 0.0000
-342.4655 0.0000
-341.9359 0.0000
-342.8167 0.0000
-342.9534 0.0000
-342.4346 0.0000
-342.1577 0.0000
-342.0498 0.0000
-342.6329 0.0000
-342.0955 0.0000
-341.8212 0.0000
-342.0347 0.0000
-341.4170 0.0000
-341.6840 0.0000
-341.2140 0.0000
-341.0534 0.0000
-341.1539 0.0000
-340.9310 0.0000
-340.9191 0.0000
-340.6371 0.0000
-340.7432 0.0000
-340.5621 0.0000
-340.2919 0.0000
-340.5584 0.0000
-340.5176 0.0000
-340.6400 0.0000
-340.7729 0.0000
-340.7865 0.0000
-340.6538 0.0000
-340.9409 0.0000
-340.9913 0.0000
-341.0059 0.0000
-340.9102 0.0000
-340.6872 0.0000
-340.7684 0.0000
-340.2911 0.0000
-340.3267 0.0000
-340.1618 0.0000
-340.0313 0.0000
-340.1578 0.0000
-340.1109 0.0000
-340.0244 0.0000
-339.8602 0.0000
-339.9363 0.0000
-340.0848 0.0000
-340.2244 0.0000
-340.3882 0.0000
-340.2449 0.0000
-340.4749 0.0000
-340.1673 0.0000
-340.0804 0.0000
-340.0915 0.0000
-339.7888 0.0000
-339.6413 0.0000
-339.3158 0.0000
-339.6513 0.0000
-339.5788 0.0000
-339.3087 0.0000
-339.2515 0.0000
-339.2309 0.0000
-339.4277 0.0000
-339.5840 0.0000
-339.4034 0.0000
-339.5739 0.0000
-339.5456 0.0000
-339.5336 0.0000
-339.2702 0.0000
-339.3205 0.0000
-339.3492 0.0000
-339.0425 0.0000
-339.3263 0.0000
-338.8818 0.0000
-338.6351 0.0000
-338.8369 0.0000
-339.0385 0.0000
-339.1996 0.0000
-339.1607 0.0000
-339.2328 0.0000
-339.3397 0.0000
-339.4365 0.0000
-339.2409 0.0000
-339.2933 0.0000
-339.1133 0.0000
-339.2447 0.0000
-338.8123 0.0000
-339.1187 0.0000
-339.0024 0.0000
-339.2467 0.0000
-338.8996 0.0000
-338.6794 0.0000
-338.6801 0.0000
-338.7653 0.0000
-339.0978 0.0000
-338.6927 0.0000
-338.6275 0.0000
-338.8345 0.0000
-338.6840 0.0000
-338.3926 0.0000
-338.8367 0.0000
-338.9624 0.0000
-338.8629 0.0000
-338.5835 0.0000
-338.7217 0.0000
-339.0118 0.0000
-338.8091 0.0000
-339.0812 0.0000
-338.8566 0.0000
-338.6478 0.0000
-338.8067 0.0000
-338.6532 0.0000
-338.8712 0.0000
-338.7960 0.0000
-338.9688 0.0000
-338.7900 0.0000
-338.8883 0.0000
-338.6316 0.0000
-338.5918 0.0000
-338.9728 0.0000
-338.8162 0.0000
-338.8426 0.0000
-338.8829 0.0000
-338.6359 0.0000
-338.7695 0.0000
-338.6935 0.0000
-339.1743 0.0000
-338.7479 0.0000
-338.7550 0.0000
-338.9411 0.0000
-338.6453 0.0000
-338.9032 0.0000
-338.6772 0.0000
-338.9528 0.0000
-338.6101 0.0000
-339.0128 0.0000
-338.6979 0.0000
-339.0072 0.0000
-338.6829 0.0000
-338.8111 0.0000
-339.0531 0.0000
-338.9889 0.0000
-338.9343 0.0000
-338.9007 0.0000
-338.8789 0.0000
-338.3283 0.0000
-338.9140 0.0000
-338.8651 0.0000
-338.9865 0.0000
-338.7315 0.0000
-339.1674 0.0000
-339.0943 0.0000
-338.6409 0.0000
-338.6678 0.0000
-339.1264 0.0000
-338.9479 0.0000
-338.8365 0.0000
-338.8146 0.0000
-339.1207 0.0000
-338.7660 0.0000
-338.9821 0.0000
-338.9915 0.0000
-338.9290 0.0000
-338.9461 0.0000
-338.8418 0.0000
-338.5384 0.0000
-338.7971 0.0000
-339.0719 0.0000
-339.0394 0.0000
-338.7120 0.0000
-339.0693 0.0000
-338.7732 0.0000
-338.7588 0.0000
-339.0737 0.0000
-338.9530 0.0000
-339.0072 0.0000
-338.6742 0.0000
-338.9423 0.0000
-338.7926 0.0000
-338.7856 0.0000
-338.7339 0.0000
-338.9077 0.0000
-338.8925 0.0000
-339.0775 0.0000
-338.8750 0.0000
-338.9801 0.0000
-338.8075 0.0000
-338.7883 0.0000
-338.8761 0.0000
-339.0646 0.0000
-338.8396 0.0000
-338.6535 0.0000
-339.2246 0.0000
-338.6495 0.0000
-338.8344 0.0000
-338.6784 0.0000
-339.0367 0.0000
-338.2676 0.0000
-339.1348 0.0000
-338.8679 0.0000
-338.9318 0.0000
-339.0502 0.0000
-339.0917 0.0000
-339.3535 0.0000
-338.6716 0.0000
-339.0556 0.0000
-338.8630 0.0000
-338.7252 0.0000
-339.2000 0.0000
-338.7538 0.0000
-339.0288 0.0000
-338.9617 0.0000
-338.6995 0.0000
-338.9915 0.0000
-338.9211 0.0000
-338.8421 0.0000
-338.4898 0.0000
-338.9722 0.0000
-338.9069 0.0000
-339.0205 0.0000
-339.0525 0.0000
-338.5847 0.0000
-339.1262 0.0000
-338.8372 0.0000
-338.9505 0.0000
-338.6030 0.0000
-338.6263 0.0000
-338.9133 0.0000
-338.6776 0.0000
-338.6437 0.0000
-339.0774 0.0000
-338.8242 0.0000
-339.0079 0.0000
-338.9052 0.0000
-338.8119 0.0000
-338.3758 0.0000
-338.8870 0.0000
-338.9136 0.0000
-338.8695 0.0000
-338.9042 0.0000
-339.1582 0.0000
-339.1800 0.0000
-338.5606 0.0000
-338.4336 0.0000
-338.9703 0.0000
-339.0717 0.0000
-339.0325 0.0000
-338.9364 0.0000
-338.9163 0.0000
-338.9079 0.0000
-338.6268 0.0000
-338.9089 0.0000
-339.0565 0.0000
-339.0794 0.0000
-339.2717 0.0000
-339.1340 0.0000
-338.9943 0.0000
-338.8691 0.0000
-338.7399 0.0000
-339.1199 0.0000
-338.9890 0.0000
-338.6282 0.0000
-339.1065 0.0000
-339.0431 0.0000
-338.6626 0.0000
-338.5791 0.0000
-338.9036 0.0000
-339.4748 0.0000
-338.6708 0.0000
-338.7206 0.0000
-339.0875 0.0000
-338.6820 0.0000
-338.8086 0.0000
-338.9570 0.0000
-338.9329 0.0000
-338.9481 0.0000
-339.1259 0.0000
-338.6442 0.0000
-338.9247 0.0000
-339.1570 0.0000
-338.4506 0.0000
-338.8934 0.0000
-338.8667 0.0000
-338.8408 0.0000
-338.9799 0.0000
-338.6373 0.0000
-338.8235 0.0000
-338.5615 0.0000
-339.0005 0.0000
-339.0886 0.0000
-338.7534 0.0000
-338.6520 0.0000
-338.7860 0.0000
-339.1593 0.0000
-339.0539 0.0000
-339.0025 0.0000
-339.1930 0.0000
-338.7415 0.0000
-338.8335 0.0000
-339.1663 0.0000
-339.0519 0.0000
-338.7668 0.0000
-338.9101 0.0000
-338.8630 0.0000
-338.7131 0.0000
-338.8479 0.0000
-338.9588 0.0000
-338.5582 0.0000
-338.7752 0.0000
-338.7803 0.0000
-339.0492 0.0000
-338.9061 0.0000
-339.2145 0.0000
-338.9270 0.0000
-339.2253 0.0000
-339.1744 0.0000
-339.2214 0.0000
-338.5942 0.0000
-339.0009 0.0000
-338.7450 0.0000
-338.7134 0.0000
-338.9900 0.0000
-338.6733 0.0000
-338.9672 0.0000
-338.7867 0.0000
-338.5250 0.0000
-338.9551 0.0000
-338.7988 0.0000
-338.6375 0.0000
-338.7507 0.0000
-338.9685 0.0000
-338.9117 0.0000
-338.7593 0.0000
-338.6828 0.0000
-339.1016 0.0000
-339.0741 0.0000
-338.6921 0.0000
-338.8361 0.0000
-339.0118 0.0000
-338.4418 0.0000
-338.9496 0.0000
-338.8761 0.0000
-338.8951 0.0000
-338.9505 0.0000
-338.6711 0.0000
-339.1940 0.0000
-339.1493 0.0000
-338.8733 0.0000
-339.0363 0.0000
-338.8074 0.0000
-338.9453 0.0000
-339.1434 0.0000
-338.7910 0.0000
-338.7364 0.0000
-338.7914 0.0000
-339.0613 0.0000
-338.9837 0.0000
-338.8464 0.0000
-339.2088 0.0000
-338.7790 0.0000
-338.7817 0.0000
-338.7304 0.0000
-338.5533 0.0000
-338.6401 0.0000
-338.4289 0.0000
-338.4864 0.0000
-338.8270 0.0000
-338.5709 0.0000
-338.2252 0.0000
-338.3255 0.0000
-338.0938 0.0000
-338.1024 0.0000
-337.8963 0.0000
-337.9482 0.0000
-337.7012 0.0000
-337.4880 0.0000
-337.7654 0.0000
-337.8438 0.0000
-337.7326 0.0000
-337.8456 0.0000
-337.7649 0.0000
-337.5839 0.0000
-337.8285 0.0000
-337.6420 0.0000
-337.2776 0.0000
-337.0502 0.0000
-336.8701 0.0000
-336.7032 0.0000
-337.1059 0.0000
-336.9618 0.0000
-337.3920 0.0000
-337.2809 0.0000
-337.3658 0.0000
-337.0090 0.0000
-337.6710 0.0000
-337.8366 0.0000
-337.3823 0.0000
-337.6236 0.0000
-338.1270 0.0000
-338.3511 0.0000
-338.5593 0.0000
-338.6274 0.0000
-338.9502 0.0000
-338.7517 0.0000
-338.5378 0.0000
-338.5637 0.0000
-338.4911 0.0000
-338.5711 0.0000
-338.7020 0.0000
-338.3401 0.0000
-338.1342 0.0000
-338.3641 0.0000
-338.2633 0.0000
-338.2661 0.0000
-338.4705 0.0000
-338.1653 0.0000
-338.2221 0.0000
-338.5837 0.0000
-338.3635 0.0000
-338.4843 0.0000
-338.3797 0.0000
-338.6606 0.0000
-338.6853 0.0000
-338.6363 0.0000
-338.4505 0.0000
-338.4354 0.0000
-338.3518 0.0000
-338.5237 0.0000
-338.2866 0.0000
-338.0644 0.0000
-337.9103 0.0000
-337.9800 0.0000
-337.6747 0.0000
-337.3367 0.0000
-337.6550 0.0000
-337.5677 0.0000
-337.7294 0.0000
-337.6666 0.0000
-337.5484 0.0000
-337.7132 0.0000
-337.6698 0.0000
-337.8011 0.0000
-337.8387 0.0000
-337.8815 0.0000
-337.8964 0.0000
-337.6995 0.0000
-337.8262 0.0000
-337.8557 0.0000
-337.6774 0.0000
-337.9458 0.0000
-338.0249 0.0000
-337.9880 0.0000
-337.8905 0.0000
-338.0168 0.0000
-338.1669 0.0000
-338.1138 0.0000
-338.2503 0.0000
-337.9757 0.0000
-338.1966 0.0000
-338.3569 0.0000
-338.3694 0.0000
-338.1415 0.0000
-338.2297 0.0000
-338.2702 0.0000
-338.3083 0.0000
-338.1759 0.0000
-338.3088 0.0000
-338.5252 0.0000
-338.4745 0.0000
-338.5936 0.0000
-338.5678 0.0000
-338.7052 0.0000
-338.7169 0.0000
-338.7104 0.0000
-338.7596 0.0000
-338.6892 0.0000
-338.7015 0.0000
-338.6055 0.0000
-338.6251 0.0000
-338.6625 0.0000
-338.7209 0.0000
-338.6066 0.0000
-338.4996 0.0000
-338.3115 0.0000
-338.2767 0.0000
-338.2688 0.0000
-338.3522 0.0000
-338.2842 0.0000
-338.1789 0.0000
-338.2215 0.0000
-338.3186 0.0000
-338.4690 0.0000
-338.5596 0.0000
-338.4480 0.0000
-338.4621 0.0000
-338.4727 0.0000
-338.3081 0.0000
-338.3176 0.0000
-338.3808 0.0000
-338.3346 0.0000
-338.4398 0.0000
-338.4385 0.0000
-338.3048 0.0000
-338.5930 0.0000
-338.6391 0.0000
-338.7180 0.0000
-338.7152 0.0000
-338.7927 0.0000
-338.7309 0.0000
-338.8794 0.0000
-338.8659 0.0000
-338.9230 0.0000
-338.9067 0.0000
-338.9518 0.0000
-338.9711 0.0000
-338.8829 0.0000
-338.9075 0.0000
-339.0665 0.0000
-339.0504 0.0000
-338.9880 0.0000
-338.9806 0.0000
-338.8591 0.0000
-338.9694 0.0000
-338.8733 0.0000
-338.8919 0.0000
-338.8474 0.0000
-338.9126 0.0000
-338.9075 0.0000
-338.8795 0.0000
-338.8600 0.0000
-338.9214 0.0000
-338.9282 0.0000
-338.8890 0.0000
-338.9141 0.0000
-338.8653 0.0000
-338.9155 0.0000
-338.9254 0.0000
-338.9086 0.0000
-338.9359 0.0000
-338.9709 0.0000
-338.9380 0.0000
-338.9479 0.0000
-338.9362 0.0000
-338.9292 0.0000
-338.9319 0.0000
-338.9208 0.0000
-338.9459 0.0000
-338.8289 0.0000
-338.7484 0.0000
-338.7164 0.0000
-338.7124 0.0000
-338.7199 0.0000
-338.7900 0.0000
-338.8603 0.0000
-338.7394 0.0000
-338.7210 0.0000
-338.7966 0.0000
-338.7503 0.0000
-338.7658 0.0000
-338.7303 0.0000
-338.8153 0.0000
-338.8672 0.0000
-338.8502 0.0000
-338.8710 0.0000
-338.8539 0.0000
-338.8728 0.0000
-338.9138 0.0000
-338.8794 0.0000
-338.8455 0.0000
-338.9597 0.0000
-338.9480 0.0000
-338.9600 0.0000
-338.9290 0.0000
-338.9921 0.0000
-338.8985 0.0000
-338.8146 0.0000
-338.7872 0.0000
-338.8706 0.0000
-338.9471 0.0000
-338.9167 0.0000
-338.9479 0.0000
-338.9638 0.0000
-338.8794 0.0000
-338.8898 0.0000
-338.8454 0.0000
-338.9111 0.0000
-338.7332 0.0000
-338.6812 0.0000
-338.7457 0.0000
-338.6522 0.0000
-338.6134 0.0000
-338.5955 0.0000
-338.5778 0.0000
-338.6856 0.0000
-338.7316 0.0000
-338.6808 0.0000
-338.6838 0.0000
-338.7504 0.0000
-338.6992 0.0000
-338.7635 0.0000
-338.7855 0.0000
-338.8821 0.0000
-338.9374 0.0000
-338.9714 0.0000
-338.9598 0.0000
-338.9582 0.0000
-338.9504 0.0000
-338.9321 0.0000
-338.9603 0.0000
-338.8960 0.0000
-338.9713 0.0000
-338.9518 0.0000
-338.9868 0.0000
-338.9746 0.0000
-338.9590 0.0000
-338.9206 0.0000
-338.9833 0.0000
-338.9398 0.0000
-339.0035 0.0000
-338.9508 0.0000
-338.9221 0.0000
-338.9943 0.0000
-338.9654 0.0000
-338.9468 0.0000
-338.9782 0.0000
-338.9136 0.0000
-338.7990 0.0000
-338.8441 0.0000
-338.8838 0.0000
-338.8675 0.0000
-338.8461 0.0000
-338.8581 0.0000
-338.8638 0.0000
-338.7690 0.0000
-338.8641 0.0000
-338.8653 0.0000
-338.8141 0.0000
-338.8267 0.0000
-338.7881 0.0000
-338.8851 0.0000
-338.9361 0.0000
-338.8279 0.0000
-338.9567 0.0000
-338.8767 0.0000
-338.8556 0.0000
-338.8659 0.0000
-338.8616 0.0000
-338.9655 0.0000
-338.9054 0.0000
-338.9708 0.0000
-338.9886 0.0000
-338.9799 0.0000
-338.9789 0.0000
-339.0528 0.0000
-339.0231 0.0000
-339.0043 0.0000
-338.9335 0.0000
-339.0187 0.0000
-338.9636 0.0000
-339.0256 0.0000
-338.9132 0.0000
-338.8745 0.0000
-338.8271 0.0000
-338.8735 0.0000
-338.6946 0.0000
-338.6904 0.0000
-338.6839 0.0000
-338.7757 0.0000
-338.6479 0.0000
-338.6797 0.0000
-338.6298 0.0000
-338.6513 0.0000
-338.6217 0.0000
-338.6410 0.0000
-338.5738 0.0000
-338.5402 0.0000
-338.6354 0.0000
-338.6279 0.0000
-338.6162 0.0000
-338.5112 0.0000
-338.5426 0.0000
-338.5633 0.0000
-338.6248 0.0000
-338.5693 0.0000
-338.6179 0.0000
-338.5483 0.0000
-338.6855 0.0000
-338.3304 0.0000
-338.5003 0.0000
-338.4806 0.0000
-338.6142 0.0000
-338.4672 0.0000
-338.4763 0.0000
-338.5467 0.0000
-338.5461 0.0000
-338.4654 0.0000
-338.5255 0.0000
-338.4311 0.0000
-338.4400 0.0000
-338.3789 0.0000
-338.4277 0.0000
-338.4045 0.0000
-338.3488 0.0000
-338.3748 0.0000
-338.3402 0.0000
-338.4074 0.0000
-338.5207 0.0000
-338.3605 0.0000
-338.3041 0.0000
-338.2997 0.0000
-338.4026 0.0000
-338.4708 0.0000
-338.4419 0.0000
-338.6363 0.0000
-338.5036 0.0000
-338.4915 0.0000
-338.4433 0.0000
-338.5613 0.0000
-338.4593 0.0000
-338.4243 0.0000
-338.4526 0.0000
-338.4752 0.0000
-338.4711 0.0000
-338.4663 0.0000
-338.4443 0.0000
-338.5391 0.0000
-338.4519 0.0000
-338.5240 0.0000
-338.4888 0.0000
-338.5342 0.0000
-338.5132 0.0000
-338.4100 0.0000
-338.4466 0.0000
-338.4634 0.0000
-338.4466 0.0000
-338.4032 0.0000
-338.4572 0.0000
-338.5076 0.0000
-338.4734 0.0000
-338.4714 0.0000
-338.4539 0.0000
-338.3926 0.0000
-338.3636 0.0000
-338.3837 0.0000
-338.3602 0.0000
-338.4514 0.0000
-338.4052 0.0000
-338.4858 0.0000
-338.5077 0.0000
-338.4222 0.0000
-338.4309 0.0000
-338.4094 0.0000
-338.3680 0.0000
-338.4017 0.0000
-338.4631 0.0000
-338.3562 0.0000
-338.4531 0.0000
-338.3820 0.0000
-338.5187 0.0000
-338.5833 0.0000
-338.6547 0.0000
-338.6320 0.0000
-338.6705 0.0000
-338.6929 0.0000
-338.6508 0.0000
-338.6564 0.0000
-338.6292 0.0000
-338.6694 0.0000
-338.6041 0.0000
-338.6844 0.0000
-338.6847 0.0000
-338.7380 0.0000
-338.7526 0.0000
-338.7673 0.0000
-338.7463 0.0000
-338.7840 0.0000
-338.7238 0.0000
-338.7060 0.0000
-338.7451 0.0000
-338.7625 0.0000
-338.7375 0.0000
-338.6584 0.0000
-338.6295 0.0000
-338.5472 0.0000
-338.6283 0.0000
-338.5114 0.0000
-338.6817 0.0000
-338.6173 0.0000
-338.6031 0.0000
-338.6298 0.0000
-338.5926 0.0000
-338.5338 0.0000
-338.4592 0.0000
-338.5630 0.0000
-338.4837 0.0000
-338.5713 0.0000
-338.4314 0.0000
-338.4998 0.0000
-338.5265 0.0000
-338.4957 0.0000
-338.4755 0.0000
-338.5112 0.0000
-338.5070 0.0000
-338.5443 0.0000
-338.4837 0.0000
-338.5649 0.0000
-338.6090 0.0000
-338.5604 0.0000
-338.5297 0.0000
-338.6415 0.0000
-338.6387 0.0000
-338.6050 0.0000
-338.6684 0.0000
-338.4989 0.0000
-338.6546 0.0000
-338.5940 0.0000
-338.5618 0.0000
-338.6316 0.0000
-338.6932 0.0000
-338.7018 0.0000
-338.6909 0.0000
-338.7128 0.0000
-338.6585 0.0000
-338.7349 0.0000
-338.7359 0.0000
-338.7037 0.0000
-338.6590 0.0000
-338.6733 0.0000
-338.6838 0.0000
-338.7164 0.0000
-338.6799 0.0000
-338.6471 0.0000
-338.6917 0.0000
-338.6224 0.0000
-338.7278 0.0000
-338.7062 0.0000
-338.7518 0.0000
-338.7120 0.0000
-338.6629 0.0000
-338.6946 0.0000
-338.6415 0.0000
-338.7008 0.0000
-338.6876 0.0000
-338.7049 0.0000
-338.6206 0.0000
-338.5446 0.0000
-338.5257 0.0000
-338.5108 0.0000
-338.5049 0.0000
-338.5350 0.0000
-338.4824 0.0000
-338.5537 0.0000
-338.5491 0.0000
-338.5869 0.0000
-338.6127 0.0000
-338.6057 0.0000
-338.5633 0.0000
-338.4998 0.0000
-338.5453 0.0000
-338.4903 0.0000
-338.5177 0.0000
-338.4851 0.0000
-338.5547 0.0000
-338.4894 0.0000
-338.4996 0.0000
-338.5418 0.0000
-338.4906 0.0000
-338.4688 0.0000
-338.5297 0.0000
-338.4553 0.0000
-338.5100 0.0000
-338.4355 0.0000
-338.4244 0.0000
-338.4605 0.0000
-338.4805 0.0000
-338.5481 0.0000
-338.5732 0.0000
-338.6004 0.0000
-338.5981 0.0000
-338.6175 0.0000
-338.6367 0.0000
-338.6151 0.0000
-338.6464 0.0000
-338.6441 0.0000
-338.6841 0.0000
-338.6392 0.0000
-338.6580 0.0000
-338.6583 0.0000
-338.6340 0.0000
-338.6085 0.0000
-338.5724 0.0000
-338.5888 0.0000
-338.6183 0.0000
-338.6423 0.0000
-338.5896 0.0000
-338.5972 0.0000
-338.6032 0.0000
-338.5861 0.0000
-338.6497 0.0000
-338.6330 0.0000
-338.5946 0.0000
-338.5006 0.0000
-338.5132 0.0000
-338.5290 0.0000
-338.5103 0.0000
-338.5225 0.0000
-338.5116 0.0000
-338.5138 0.0000
-338.4548 0.0000
-338.4505 0.0000
-338.4901 0.0000
-338.4919 0.0000
-338.5713 0.0000
-338.5505 0.0000
-338.5320 0.0000
-338.5046 0.0000
-338.5425 0.0000
-338.5834 0.0000
-338.5396 0.0000
-338.5357 0.0000
-338.4981 0.0000
-338.4412 0.0000
-338.5618 0.0000
-338.5370 0.0000
-338.5528 0.0000
-338.5535 0.0000
-338.5168 0.0000
-338.5460 0.0000
-338.5462 0.0000
-338.5322 0.0000
-338.5299 0.0000
-338.5080 0.0000
-338.6025 0.0000
-338.4769 0.0000
-338.4437 0.0000
-338.4389 0.0000
-338.4541 0.0000
-338.4153 0.0000
-338.3863 0.0000
-338.3088 0.0000
-338.3418 0.0000
-338.2514 0.0000
-338.3138 0.0000
-338.3179 0.0000
-338.2732 0.0000
-338.2284 0.0000
-338.2335 0.0000
-338.3523 0.0000
-338.4605 0.0000
-338.3976 0.0000
-338.3576 0.0000
-338.3863 0.0000
-338.3093 0.0000
-338.3515 0.0000
-338.3809 0.0000
-338.2362 0.0000
-338.1899 0.0000
-338.3359 0.0000
-338.3486 0.0000
-338.2919 0.0000
-338.2909 0.0000
-338.2380 0.0000
-338.2900 0.0000
-338.1553 0.0000
-338.2521 0.0000
-338.3125 0.0000
-338.2835 0.0000
-338.2217 0.0000
-338.4036 0.0000
-338.4343 0.0000
-338.4067 0.0000
-338.4511 0.0000
-338.4487 0.0000
-338.4426 0.0000
-338.5196 0.0000
-338.4831 0.0000
-338.4598 0.0000
-338.4635 0.0000
-338.3775 0.0000
-338.4816 0.0000
-338.5165 0.0000
-338.5072 0.0000
-338.5418 0.0000
-338.4432 0.0000
-338.5130 0.0000
-338.5721 0.0000
-338.5024 0.0000
-338.5760 0.0000
-338.4927 0.0000
-338.4964 0.0000
-338.4931 0.0000
-338.4695 0.0000
-338.4993 0.0000
-338.5449 0.0000
-338.5318 0.0000
-338.5330 0.0000
-338.5215 0.0000
-338.5537 0.0000
-338.5110 0.0000
-338.5783 0.0000
-338.5811 0.0000
-338.5610 0.0000
-338.6247 0.0000
-338.5822 0.0000
-338.5561 0.0000
-338.5433 0.0000
-338.6118 0.0000
-338.6541 0.0000
-338.6117 0.0000
-338.5491 0.0000
-338.5338 0.0000
-338.5402 0.0000
-338.5669 0.0000
-338.5482 0.0000
-338.5388 0.0000
-338.5240 0.0000
-338.5472 0.0000
-338.5300 0.0000
-338.5260 0.0000
-338.5240 0.0000
-338.4204 0.0000
-338.5528 0.0000
-338.5657 0.0000
-338.5359 0.0000
-338.5381 0.0000
-338.5310 0.0000
-338.5409 0.0000
-338.5178 0.0000
-338.4807 0.0000
-338.5313 0.0000
-338.4764 0.0000
-338.5336 0.0000
-338.4569 0.0000
-338.4426 0.0000
-338.5347 0.0000
-338.4542 0.0000
-338.3824 0.0000
-338.3826 0.0000
-338.3937 0.0000
-338.3770 0.0000
-338.3229 0.0000
-338.3641 0.0000
-338.4260 0.0000
-338.4889 0.0000
-338.3163 0.0000
-338.1927 0.0000
-338.3969 0.0000
-338.3638 0.0000
-338.2808 0.0000
-338.3756 0.0000
-338.2804 0.0000
-338.3321 0.0000
-338.2699 0.0000
-338.2163 0.0000
-338.2867 0.0000
-338.2055 0.0000
-338.2123 0.0000
-338.2566 0.0000
-338.2891 0.0000
-338.2819 0.0000
-338.3429 0.0000
-338.3253 0.0000
-338.3949 0.0000
-338.3287 0.0000
-338.3009 0.0000
-338.2582 0.0000
-338.3492 0.0000
-338.3533 0.0000
-338.3205 0.0000
-338.3246 0.0000
-338.3759 0.0000
-338.3148 0.0000
-338.3326 0.0000
-338.3249 0.0000
-338.2590 0.0000
-338.2467 0.0000
-338.2477 0.0000
-338.1870 0.0000
-338.2835 0.0000
-338.3110 0.0000
-338.3752 0.0000
-338.3363 0.0000
-338.3886 0.0000
-338.2933 0.0000
-338.2391 0.0000
-338.2199 0.0000
-338.2115 0.0000
-338.2652 0.0000
-338.0767 0.0000
-338.0732 0.0000
-338.0213 0.0000
-338.0673 0.0000
-338.0923 0.0000
-338.0080 0.0000
-337.9133 0.0000
-338.0360 0.0000
-337.9034 0.0000
-337.8536 0.0000
-337.8987 0.0000
-337.9038 0.0000
-337.8848 0.0000
-338.0216 0.0000
-337.9710 0.0000
-338.0182 0.0000
-338.0999 0.0000
-338.0757 0.0000
-337.9361 0.0000
-338.0645 0.0000
-337.9461 0.0000
-338.0587 0.0000
-338.1041 0.0000
-338.0564 0.0000
-337.9572 0.0000
-338.0851 0.0000
-337.8233 0.0000
-337.8919 0.0000
-337.9996 0.0000
-337.9693 0.0000
-337.8404 0.0000
-337.8477 0.0000
-337.8309 0.0000
-337.7683 0.0000
-338.0031 0.0000
-337.8092 0.0000
-337.7970 0.0000
-337.6574 0.0000
-337.6751 0.0000
-337.5966 0.0000
-337.6685 0.0000
-337.7668 0.0000
-337.7716 0.0000
-337.7970 0.0000
-337.5382 0.0000
-337.7210 0.0000
-337.8521 0.0000
-337.7457 0.0000
-337.8729 0.0000
-337.8793 0.0000
-337.6237 0.0000
-337.7042 0.0000
-337.8622 0.0000
-337.8552 0.0000
-337.9712 0.0000
-337.7338 0.0000
-337.7796 0.0000
-337.7553 0.0000
-337.7304 0.0000
-337.7697 0.0000
-337.8746 0.0000
-337.8166 0.0000
-337.5936 0.0000
-337.5712 0.0000
-337.5071 0.0000
-337.6879 0.0000
-337.4020 0.0000
-337.3755 0.0000
-337.4793 0.0000
-337.2120 0.0000
-337.5031 0.0000
-337.4525 0.0000
-337.2782 0.0000
-337.3737 0.0000
-337.3271 0.0000
-337.4429 0.0000
-337.2833 0.0000
-337.4407 0.0000
-337.3616 0.0000
-337.5018 0.0000
-337.4183 0.0000
-337.3447 0.0000
-337.5228 0.0000
-337.4719 0.0000
-337.4963 0.0000
-337.4068 0.0000
-337.5577 0.0000
-337.3443 0.0000
-337.4745 0.0000
-337.5714 0.0000
-337.1504 0.0000
-337.2315 0.0000
-337.3786 0.0000
-337.3449 0.0000
-337.3233 0.0000
-337.4123 0.0000
-337.5290 0.0000
-337.5935 0.0000
-337.6551 0.0000
-337.4347 0.0000
-337.5157 0.0000
-337.6822 0.0000
-337.7854 0.0000
-337.7874 0.0000
-337.7370 0.0000
-337.7156 0.0000
-337.5765 0.0000
-337.6814 0.0000
-337.7540 0.0000
-337.8272 0.0000
-337.9702 0.0000
-337.9810 0.0000
-337.9040 0.0000
-337.8355 0.0000
-337.8112 0.0000
-337.9015 0.0000
-337.9138 0.0000
-337.8742 0.0000
-337.9104 0.0000
-337.8530 0.0000
-337.8585 0.0000
-337.8546 0.0000
-337.9999 0.0000
-337.9181 0.0000
-338.0940 0.0000
-337.9520 0.0000
-338.1938 0.0000
-338.1187 0.0000
-338.1423 0.0000
-338.0004 0.0000
-338.0080 0.0000
-338.0929 0.0000
-338.1200 0.0000
-338.1662 0.0000
-338.1663 0.0000
-338.2115 0.0000
-338.0912 0.0000
-338.0330 0.0000
-338.0198 0.0000
-338.1069 0.0000
-338.0198 0.0000
-337.9594 0.0000
-338.1401 0.0000
-338.1389 0.0000
-338.1517 0.0000
-338.1054 0.0000
-337.9900 0.0000
-338.1172 0.0000
-338.1067 0.0000
-338.1350 0.0000
-338.2120 0.0000
-338.1944 0.0000
-338.1468 0.0000
-338.1546 0.0000
-338.1691 0.0000
-338.1671 0.0000
-338.1716 0.0000
-338.1855 0.0000
-338.2539 0.0000
-338.0511 0.0000
-338.0558 0.0000
-337.9881 0.0000
-338.2132 0.0000
-337.9845 0.0000
-338.0448 0.0000
-338.0492 0.0000
-338.1288 0.0000
-338.0648 0.0000
-338.1515 0.0000
-338.2479 0.0000
-338.1938 0.0000
-338.2133 0.0000
-338.2109 0.0000
-338.1557 0.0000
-338.1507 0.0000
-338.1982 0.0000
-338.2317 0.0000
-338.3622 0.0000
-338.1165 0.0000
-338.0895 0.0000
-338.1060 0.0000
-338.0743 0.0000
-338.1195 0.0000
-338.0383 0.0000
-337.9816 0.0000
-337.9262 0.0000
-337.9321 0.0000
-338.0124 0.0000
-338.0103 0.0000
-338.0000 0.0000
-338.0870 0.0000
-337.9898 0.0000
-338.0571 0.0000
-338.1759 0.0000
-338.0228 0.0000
-337.9893 0.0000
-337.9242 0.0000
-338.0091 0.0000
-337.9392 0.0000
-337.9780 0.0000
-338.0176 0.0000
-338.1756 0.0000
-338.1667 0.0000
-338.1587 0.0000
-338.1410 0.0000
-338.2732 0.0000
-338.2761 0.0000
-338.2583 0.0000
-338.3036 0.0000
-338.2413 0.0000
-338.1547 0.0000
-338.1589 0.0000
-338.2020 0.0000
-338.0956 0.0000
-338.1726 0.0000
-338.1271 0.0000
-338.0877 0.0000
-338.0686 0.0000
-338.0114 0.0000
-338.0109 0.0000
-338.1624 0.0000
-338.2089 0.0000
-338.2112 0.0000
-338.1478 0.0000
-338.2528 0.0000
-338.2564 0.0000
-338.1823 0.0000
-338.2188 0.0000
-338.2219 0.0000
-338.2781 0.0000
-338.2034 0.0000
-338.2699 0.0000
-338.2724 0.0000
-338.2001 0.0000
-338.1349 0.0000
-338.1507 0.0000
-338.1164 0.0000
-338.1818 0.0000
-338.1524 0.0000
-338.0479 0.0000
-337.9672 0.0000
-338.1676 0.0000
-338.1002 0.0000
-338.2015 0.0000
-338.1705 0.0000
-338.2249 0.0000
-338.1619 0.0000
-338.1482 0.0000
-338.1450 0.0000
-337.9932 0.0000
-337.9314 0.0000
-337.9379 0.0000
-337.9220 0.0000
-337.9250 0.0000
-337.8453 0.0000
-337.9614 0.0000
-337.9281 0.0000
-337.7250 0.0000
-337.8956 0.0000
-337.8769 0.0000
-337.9147 0.0000
-337.8773 0.0000
-337.8385 0.0000
-337.8373 0.0000
-337.8335 0.0000
-337.8925 0.0000
-337.8520 0.0000
-337.9370 0.0000
-337.8790 0.0000
-337.7875 0.0000
-337.8970 0.0000
-337.7577 0.0000
-337.9316 0.0000
-337.8624 0.0000
-337.8293 0.0000
-338.0061 0.0000
-338.0991 0.0000
-337.8999 0.0000
-337.8473 0.0000
-337.9664 0.0000
-337.8584 0.0000
-337.9023 0.0000
-337.8164 0.0000
-337.6303 0.0000
-337.6290 0.0000
-337.5780 0.0000
-337.7069 0.0000
-337.7992 0.0000
-337.6261 0.0000
-337.7812 0.0000
-337.8472 0.0000
-337.8765 0.0000
-337.6808 0.0000
-337.7802 0.0000
-337.7542 0.0000
-337.7107 0.0000
-337.7357 0.0000
-337.8592 0.0000
-337.8117 0.0000
-337.9503 0.0000
-337.9357 0.0000
-337.9839 0.0000
-337.9246 0.0000
-337.9713 0.0000
-337.8100 0.0000
-337.8599 0.0000
-337.7565 0.0000
-337.9901 0.0000
-337.9756 0.0000
-337.8876 0.0000
-338.0042 0.0000
-337.9352 0.0000
-337.8595 0.0000
-337.9829 0.0000
-337.8957 0.0000
-337.9136 0.0000
-337.7880 0.0000
-337.7842 0.0000
-337.8214 0.0000
-337.8099 0.0000
-337.6735 0.0000
-337.7601 0.0000
-337.7929 0.0000
-337.7810 0.0000
-337.8917 0.0000
-337.9005 0.0000
-338.0163 0.0000
-338.0759 0.0000
-338.0362 0.0000
-337.9644 0.0000
-338.0975 0.0000
-338.0421 0.0000
-338.0809 0.0000
-338.0448 0.0000
-337.8992 0.0000
-337.8035 0.0000
-337.8278 0.0000
-337.8463 0.0000
-337.8274 0.0000
-337.8024 0.0000
-337.8143 0.0000
-337.6577 0.0000
-337.8751 0.0000
-337.9328 0.0000
-337.9336 0.0000
-337.9298 0.0000
-337.9314 0.0000
-337.9827 0.0000
-337.8652 0.0000
-337.8107 0.0000
-337.7521 0.0000
-337.8776 0.0000
-337.9446 0.0000
-338.0116 0.0000
-337.9832 0.0000
-338.0357 0.0000
-337.9898 0.0000
-337.9360 0.0000
-338.0403 0.0000
-337.9677 0.0000
-337.9219 0.0000
-337.9472 0.0000
-338.0549 0.0000
-338.0221 0.0000
-338.0280 0.0000
-338.0414 0.0000
-338.1286 0.0000
-338.1023 0.0000
-338.1293 0.0000
-338.0746 0.0000
-338.0997 0.0000
-338.1127 0.0000
-338.0860 0.0000
-338.0914 0.0000
-338.0741 0.0000
-338.0996 0.0000
-338.1009 0.0000
-338.1256 0.0000
-338.0894 0.0000
-338.0764 0.0000
-338.1407 0.0000
-338.1237 0.0000
-338.0414 0.0000
-338.0440 0.0000
-338.0287 0.0000
-338.0483 0.0000
-338.0521 0.0000
-338.0831 0.0000
-338.0023 0.0000
-337.9749 0.0000
-338.0071 0.0000
-337.9485 0.0000
-337.9913 0.0000
-338.0761 0.0000
-338.0735 0.0000
-338.1081 0.0000
-338.1250 0.0000
-338.1620 0.0000
-338.0823 0.0000
-338.0521 0.0000
-338.0635 0.0000
-338.0388 0.0000
-338.0340 0.0000
-337.9766 0.0000
-337.9764 0.0000
-337.9576 0.0000
-338.0462 0.0000
-337.9920 0.0000
-338.1247 0.0000
-338.0346 0.0000
-338.0908 0.0000
-338.0261 0.0000
-338.0284 0.0000
-338.0782 0.0000
-338.0923 0.0000
-338.0307 0.0000
-337.9278 0.0000
-337.9544 0.0000
-338.0093 0.0000
-338.0527 0.0000
-337.8884 0.0000
-338.1027 0.0000
-338.0924 0.0000
-337.9684 0.0000
-338.0418 0.0000
-338.0506 0.0000
-338.1234 0.0000
-337.9592 0.0000
-338.0351 0.0000
-338.0403 0.0000
-337.9964 0.0000
-338.0960 0.0000
-337.9718 0.0000
-338.0031 0.0000
-337.9715 0.0000
-338.1168 0.0000
-338.1450 0.0000
-338.1660 0.0000
-338.1457 0.0000
-338.0696 0.0000
-338.0802 0.0000
-338.0341 0.0000
-338.1468 0.0000
-338.0920 0.0000
-338.1366 0.0000
-338.0200 0.0000
-338.1226 0.0000
-338.1905 0.0000
-338.2552 0.0000
-338.1796 0.0000
-338.1132 0.0000
-338.1812 0.0000
-338.1903 0.0000
-338.2334 0.0000
-338.1420 0.0000
-338.1615 0.0000
-338.0853 0.0000
-338.1618 0.0000
-338.1663 0.0000
-338.2111 0.0000
-338.1476 0.0000
-338.1982 0.0000
-338.1670 0.0000
-338.0464 0.0000
-338.0938 0.0000
-338.0974 0.0000
-338.0631 0.0000
-338.1368 0.0000
-338.1460 0.0000
-338.0838 0.0000
-338.2235 0.0000
-338.1695 0.0000
-338.3482 0.0000
-338.3204 0.0000
-338.3845 0.0000
-338.3442 0.0000
-338.2469 0.0000
-338.1782 0.0000
-338.2161 0.0000
-338.0864 0.0000
-338.2146 0.0000
-338.2333 0.0000
-338.2627 0.0000
-338.2359 0.0000
-338.1987 0.0000
-338.2769 0.0000
-338.1885 0.0000
-338.3351 0.0000
-338.3585 0.0000
-338.2080 0.0000
-338.2354 0.0000
-338.2896 0.0000
-338.2002 0.0000
-338.2864 0.0000
-338.3415 0.0000
-338.3203 0.0000
-338.3455 0.0000
-338.3274 0.0000
-338.3881 0.0000
-338.4016 0.0000
-338.3717 0.0000
-338.3262 0.0000
-338.4145 0.0000
-338.4142 0.0000
-338.3563 0.0000
-338.3271 0.0000
-338.3267 0.0000
-338.3068 0.0000
-338.2555 0.0000
-338.2600 0.0000
-338.2654 0.0000
-338.2007 0.0000
-338.2324 0.0000
-338.3012 0.0000
-338.1980 0.0000
-338.1817 0.0000
-338.1774 0.0000
-338.1878 0.0000
-338.1985 0.0000
-338.1268 0.0000
-338.2230 0.0000
-338.2242 0.0000
-338.1881 0.0000
-338.2612 0.0000
-338.2302 0.0000
-338.1905 0.0000
-338.2563 0.0000
-338.1699 0.0000
-338.1581 0.0000
-338.2415 0.0000
-338.2536 0.0000
-338.2493 0.0000
-338.1672 0.0000
-338.2877 0.0000
-338.2547 0.0000
-338.2294 0.0000
-338.1295 0.0000
-338.1073 0.0000
-338.2235 0.0000
-338.1941 0.0000
-338.0681 0.0000
-338.1203 0.0000
-338.0846 0.0000
-338.0900 0.0000
-338.0077 0.0000
-337.9700 0.0000
-338.0344 0.0000
-338.0741 0.0000
-338.1126 0.0000
-338.1409 0.0000
-338.0127 0.0000
-338.0075 0.0000
-338.1290 0.0000
-338.0906 0.0000
-338.1487 0.0000
-338.0911 0.0000
-338.1623 0.0000
-338.1136 0.0000
-338.0701 0.0000
-338.0716 0.0000
-338.0677 0.0000
-338.0611 0.0000
-338.1162 0.0000
-338.1256 0.0000
-338.1483 0.0000
-338.1889 0.0000
-338.2204 0.0000
-338.1692 0.0000
-338.2215 0.0000
-338.2459 0.0000
-338.1218 0.0000
-338.2618 0.0000
-338.3347 0.0000
-338.2854 0.0000
-338.2762 0.0000
-338.2711 0.0000
-338.2000 0.0000
-338.2583 0.0000
-338.2963 0.0000
-338.2054 0.0000
-338.1489 0.0000
-338.1385 0.0000
-338.0717 0.0000
-338.1585 0.0000
-338.1505 0.0000
-338.1408 0.0000
-338.1156 0.0000
-338.1197 0.0000
-338.1156 0.0000
-338.0671 0.0000
-338.1376 0.0000
-338.1168 0.0000
-338.1060 0.0000
-338.0277 0.0000
-338.0702 0.0000
-338.1161 0.0000
-338.0508 0.0000
-338.1285 0.0000
-338.1147 0.0000
-338.1677 0.0000
-338.1210 0.0000
-338.1497 0.0000
-338.0641 0.0000
-338.1518 0.0000
-338.1212 0.0000
-338.1401 0.0000
-338.0880 0.0000
-338.1011 0.0000
-338.1123 0.0000
-338.1275 0.0000
-338.1616 0.0000
-338.0146 0.0000
-338.0875 0.0000
-338.1733 0.0000
-338.1423 0.0000
-338.1562 0.0000
-338.1649 0.0000
-338.1807 0.0000
-338.1722 0.0000
-338.1472 0.0000
-338.0130 0.0000
-338.0479 0.0000
-337.9954 0.0000
-338.0874 0.0000
-338.0904 0.0000
-338.0091 0.0000
-338.0282 0.0000
-338.0819 0.0000
-338.0654 0.0000
-338.1006 0.0000
-338.0576 0.0000
-338.1404 0.0000
-338.0133 0.0000
-338.1075 0.0000
-338.1026 0.0000
-338.0750 0.0000
-338.0384 0.0000
-338.0342 0.0000
-337.9821 0.0000
-338.0498 0.0000
-338.0839 0.0000
-338.1710 0.0000
-338.0877 0.0000
-338.0422 0.0000
-338.0239 0.0000
-337.9648 0.0000
-338.0213 0.0000
-338.0694 0.0000
-338.1756 0.0000
-338.1943 0.0000
-338.1499 0.0000
-338.1447 0.0000
-338.1629 0.0000
-338.1956 0.0000
-338.1756 0.0000
-338.2201 0.0000
-338.2467 0.0000
-338.2250 0.0000
-338.1939 0.0000
-338.1789 0.0000
-338.2731 0.0000
-338.2150 0.0000
-338.2250 0.0000
-338.2280 0.0000
-338.2285 0.0000
-338.2322 0.0000
-338.2468 0.0000
-338.3228 0.0000
-338.3476 0.0000
-338.3733 0.0000
-338.3031 0.0000
-338.3048 0.0000
-338.3218 0.0000
-338.3477 0.0000
-338.3517 0.0000
-338.3638 0.0000
-338.4220 0.0000
-338.3171 0.0000
-338.3021 0.0000
-338.2627 0.0000
-338.3173 0.0000
-338.3515 0.0000
-338.3680 0.0000
-338.3218 0.0000
-338.2216 0.0000
-338.3184 0.0000
-338.3225 0.0000
-338.3881 0.0000
-338.3924 0.0000
-338.3464 0.0000
-338.3791 0.0000
-338.2907 0.0000
-338.3165 0.0000
-338.3352 0.0000
-338.2796 0.0000
-338.2279 0.0000
-338.3310 0.0000
-338.1714 0.0000
-338.1720 0.0000
-338.2387 0.0000
-338.2354 0.0000
-338.2398 0.0000
-338.1775 0.0000
-338.2511 0.0000
-338.2330 0.0000
-338.2591 0.0000
-338.2823 0.0000
-338.3386 0.0000
-338.2481 0.0000
-338.2092 0.0000
-338.3120 0.0000
-338.2730 0.0000
-338.2484 0.0000
-338.2022 0.0000
-338.1050 0.0000
-338.1895 0.0000
-338.1717 0.0000
-338.2073 0.0000
-338.1742 0.0000
-338.1963 0.0000
-338.1609 0.0000
-338.1786 0.0000
-338.1649 0.0000
-338.1809 0.0000
-338.1629 0.0000
-338.1529 0.0000
-338.1787 0.0000
-338.1972 0.0000
-338.1705 0.0000
-338.1751 0.0000
-338.1665 0.0000
-338.1850 0.0000
-338.1839 0.0000
-338.2599 0.0000
-338.2837 0.0000
-338.3285 0.0000
-338.3416 0.0000
-338.3563 0.0000
-338.3333 0.0000
-338.3005 0.0000
-338.3834 0.0000
-338.3345 0.0000
-338.4160 0.0000
-338.3804 0.0000
-338.4155 0.0000
-338.3681 0.0000
-338.3909 0.0000
-338.4022 0.0000
-338.3963 0.0000
-338.4281 0.0000
-338.4590 0.0000
-338.4513 0.0000
-338.4270 0.0000
-338.4342 0.0000
-338.4789 0.0000
-338.4987 0.0000
-338.4709 0.0000
-338.4669 0.0000
-338.5109 0.0000
-338.4965 0.0000
-338.5168 0.0000
-338.4499 0.0000
-338.4154 0.0000
-338.4451 0.0000
-338.4433 0.0000
-338.4240 0.0000
-338.4377 0.0000
-338.4553 0.0000
-338.4425 0.0000
-338.4863 0.0000
-338.4690 0.0000
-338.4548 0.0000
-338.4738 0.0000
-338.4606 0.0000
-338.3948 0.0000
-338.4046 0.0000
-338.4021 0.0000
-338.4327 0.0000
-338.4549 0.0000
-338.4953 0.0000
-338.4562 0.0000
-338.4335 0.0000
-338.4236 0.0000
-338.4328 0.0000
-338.4672 0.0000
-338.4294 0.0000
-338.4271 0.0000
-338.4643 0.0000
-338.4579 0.0000
-338.5071 0.0000
-338.5310 0.0000
-338.4879 0.0000
-338.4672 0.0000
-338.4645 0.0000
-338.4739 0.0000
-338.4772 0.0000
-338.4596 0.0000
-338.4299 0.0000
-338.4651 0.0000
-338.4142 0.0000
-338.3669 0.0000
-338.4231 0.0000
-338.4271 0.0000
-338.4332 0.0000
-338.4450 0.0000
-338.4168 0.0000
-338.4362 0.0000
-338.3656 0.0000
-338.3234 0.0000
-338.3449 0.0000
-338.3929 0.0000
-338.3590 0.0000
-338.3528 0.0000
-338.3696 0.0000
-338.4150 0.0000
-338.3457 0.0000
-338.3440 0.0000
-338.3501 0.0000
-338.3721 0.0000
-338.3098 0.0000
-338.3268 0.0000
-338.3157 0.0000
-338.3245 0.0000
-338.3569 0.0000
-338.4014 0.0000
-338.3959 0.0000
-338.4034 0.0000
-338.3956 0.0000
-338.4489 0.0000
-338.4088 0.0000
-338.4233 0.0000
-338.3385 0.0000
-338.3270 0.0000
-338.2168 0.0000
-338.3296 0.0000
-338.3887 0.0000
-338.4039 0.0000
-338.3797 0.0000
-338.3548 0.0000
-338.3764 0.0000
-338.3319 0.0000
-338.2905 0.0000
-338.2352 0.0000
-338.2838 0.0000
-338.3167 0.0000
-338.3681 0.0000
-338.3731 0.0000
-338.3969 0.0000
-338.3884 0.0000
-338.4154 0.0000
-338.3920 0.0000
-338.4254 0.0000
-338.4170 0.0000
-338.4042 0.0000
-338.3935 0.0000
-338.4083 0.0000
-338.4020 0.0000
-338.4243 0.0000
-338.4293 0.0000
-338.4802 0.0000
-338.5042 0.0000
-338.5092 0.0000
-338.4844 0.0000
-338.5031 0.0000
-338.4680 0.0000
-338.4776 0.0000
-338.4714 0.0000
-338.4714 0.0000
-338.4747 0.0000
-338.5024 0.0000
-338.4844 0.0000
-338.5133 0.0000
-338.5288 0.0000
-338.5631 0.0000
-338.5460 0.0000
-338.5264 0.0000
-338.5440 0.0000
-338.5387 0.0000
-338.5753 0.0000
-338.5169 0.0000
-338.5613 0.0000
-338.5379 0.0000
-338.5149 0.0000
-338.5161 0.0000
-338.5065 0.0000
-338.5043 0.0000
-338.5186 0.0000
-338.5326 0.0000
-338.5592 0.0000
-338.5574 0.0000
-338.5789 0.0000
-338.5832 0.0000
-338.5940 0.0000
-338.5624 0.0000
-338.5917 0.0000
-338.5797 0.0000
-338.5725 0.0000
-338.5832 0.0000
-338.5753 0.0000
-338.5826 0.0000
-338.5593 0.0000
-338.5414 0.0000
-338.5882 0.0000
-338.5906 0.0000
-338.6160 0.0000
-338.6307 0.0000
-338.6682 0.0000
-338.6671 0.0000
-338.6394 0.0000
-338.6835 0.0000
-338.6868 0.0000
-338.6584 0.0000
-338.6925 0.0000
-338.7244 0.0000
-338.7297 0.0000
-338.7413 0.0000
-338.7409 0.0000
-338.7536 0.0000
-338.7695 0.0000
-338.7420 0.0000
-338.7330 0.0000
-338.7312 0.0000
-338.7379 0.0000
-338.7460 0.0000
-338.7327 0.0000
-338.7154 0.0000
-338.7434 0.0000
-338.7339 0.0000
-338.7404 0.0000
-338.7445 0.0000
-338.7442 0.0000
-338.7292 0.0000
-338.7233 0.0000
-338.7204 0.0000
-338.7127 0.0000
-338.7191 0.0000
-338.7317 0.0000
-338.7434 0.0000
-338.7437 0.0000
-338.7202 0.0000
-338.7278 0.0000
-338.7233 0.0000
-338.7313 0.0000
-338.7458 0.0000
-338.7069 0.0000
-338.7385 0.0000
-338.7380 0.0000
-338.7338 0.0000
-338.7426 0.0000
-338.7479 0.0000
-338.7499 0.0000
-338.7490 0.0000
-338.7511 0.0000
-338.7387 0.0000
-338.7374 0.0000
-338.7475 0.0000
-338.7389 0.0000
-338.7431 0.0000
-338.7739 0.0000
-338.7631 0.0000
-338.7446 0.0000
-338.7528 0.0000
-338.7379 0.0000
-338.7277 0.0000
-338.7423 0.0000
-338.7391 0.0000
-338.7495 0.0000
-338.7434 0.0000
-338.7394 0.0000
-338.7356 0.0000
-338.7278 0.0000
-338.7080 0.0000
-338.7273 0.0000
-338.7268 0.0000
-338.7172 0.0000
-338.7168 0.0000
-338.6988 0.0000
-338.7046 0.0000
-338.6998 0.0000
-338.7333 0.0000
-338.7430 0.0000
-338.7225 0.0000
-338.7071 0.0000
-338.7175 0.0000
-338.7370 0.0000
-338.7170 0.0000
-338.7584 0.0000
-338.7800 0.0000
-338.7643 0.0000
-338.7211 0.0000
-338.7403 0.0000
-338.7189 0.0000
-338.7281 0.0000
-338.7438 0.0000
-338.7669 0.0000
-338.7399 0.0000
-338.7179 0.0000
-338.7538 0.0000
-338.7584 0.0000
-338.7715 0.0000
-338.7472 0.0000
-338.7276 0.0000
-338.7748 0.0000
-338.7510 0.0000
-338.7551 0.0000
-338.7452 0.0000
-338.7536 0.0000
-338.7927 0.0000
-338.7701 0.0000
-338.7886 0.0000
-338.7842 0.0000
-338.7809 0.0000
-338.7849 0.0000
-338.7531 0.0000
-338.7563 0.0000
-338.7545 0.0000
-338.7937 0.0000
-338.7787 0.0000
-338.8029 0.0000
-338.7918 0.0000
-338.7858 0.0000
-338.7399 0.0000
-338.7550 0.0000
-338.7729 0.0000
-338.7793 0.0000
-338.7769 0.0000
-338.7515 0.0000
-338.8160 0.0000
-338.7810 0.0000
-338.7945 0.0000
-338.7557 0.0000
-338.7859 0.0000
-338.7662 0.0000
-338.7714 0.0000
-338.7554 0.0000
-338.7670 0.0000
-338.7794 0.0000
-338.7877 0.0000
-338.8239 0.0000
-338.8127 0.0000
-338.7903 0.0000
-338.7834 0.0000
-338.7787 0.0000
-338.7823 0.0000
-338.7851 0.0000
-338.7803 0.0000
-338.7677 0.0000
-338.7665 0.0000
-338.7388 0.0000
-338.7060 0.0000
-338.7262 0.0000
-338.7048 0.0000
-338.7317 0.0000
-338.7316 0.0000
-338.7242 0.0000
-338.7360 0.0000
-338.7204 0.0000
-338.7018 0.0000
-338.7399 0.0000
-338.7570 0.0000
-338.7767 0.0000
-338.7584 0.0000
-338.7671 0.0000
-338.7746 0.0000
-338.7780 0.0000
-338.7908 0.0000
-338.7934 0.0000
-338.8101 0.0000
-338.8248 0.0000
-338.8227 0.0000
-338.8248 0.0000
-338.8257 0.0000
-338.8138 0.0000
-338.8544 0.0000
-338.8576 0.0000
-338.8642 0.0000
-338.8486 0.0000
-338.8510 0.0000
-338.8437 0.0000
-338.8534 0.0000
-338.8571 0.0000
-338.8540 0.0000
-338.8662 0.0000
-338.8464 0.0000
-338.8388 0.0000
-338.8373 0.0000
-338.8422 0.0000
-338.8415 0.0000
-338.8369 0.0000
-338.8532 0.0000
-338.8605 0.0000
-338.8593 0.0000
-338.8608 0.0000
-338.8759 0.0000
-338.8760 0.0000
-338.8795 0.0000
-338.8891 0.0000
-338.8665 0.0000
-338.8711 0.0000
-338.8768 0.0000
-338.8905 0.0000
-338.8553 0.0000
-338.8478 0.0000
-338.8505 0.0000
-338.8498 0.0000
-338.8397 0.0000
-338.8590 0.0000
-338.8478 0.0000
-338.8337 0.0000
-338.8441 0.0000
-338.8427 0.0000
-338.8449 0.0000
-338.8608 0.0000
-338.8557 0.0000
-338.8749 0.0000
-338.8604 0.0000
-338.8645 0.0000
-338.8760 0.0000
-338.8806 0.0000
-338.8793 0.0000
-338.8739 0.0000
-338.8793 0.0000
-338.8756 0.0000
-338.8804 0.0000
-338.8934 0.0000
-338.8811 0.0000
-338.8810 0.0000
-338.8693 0.0000
-338.8732 0.0000
-338.8816 0.0000
-338.8775 0.0000
-338.8669 0.0000
-338.8764 0.0000
-338.8606 0.0000
-338.8642 0.0000
-338.8600 0.0000
-338.8469 0.0000
-338.8618 0.0000
-338.8673 0.0000
-338.8692 0.0000
-338.8773 0.0000
-338.8783 0.0000
-338.8843 0.0000
-338.8876 0.0000
-338.8914 0.0000
-338.9060 0.0000
-338.9013 0.0000
-338.9011 0.0000
-338.8882 0.0000
-338.8927 0.0000
-338.9015 0.0000
-338.8774 0.0000
-338.8749 0.0000
-338.9137 0.0000
-338.8826 0.0000
-338.8875 0.0000
-338.8919 0.0000
-338.8922 0.0000
-338.9070 0.0000
-338.8930 0.0000
-338.8953 0.0000
-338.8959 0.0000
-338.8955 0.0000
-338.8838 0.0000
-338.8860 0.0000
-338.9050 0.0000
-338.8965 0.0000
-338.8866 0.0000
-338.9015 0.0000
-338.9062 0.0000
-338.8991 0.0000
-338.8900 0.0000
-338.9016 0.0000
-338.8955 0.0000
-338.9084 0.0000
-338.9157 0.0000
-338.9037 0.0000
-338.8980 0.0000
-338.8989 0.0000
-338.8816 0.0000
-338.8632 0.0000
-338.8839 0.0000
-338.8621 0.0000
-338.8473 0.0000
-338.8527 0.0000
-338.8889 0.0000
-338.8441 0.0000
-338.8199 0.0000
-338.8795 0.0000
-338.8370 0.0000
-338.8466 0.0000
-338.8248 0.0000
-338.8275 0.0000
-338.8216 0.0000
-338.7996 0.0000
-338.8165 0.0000
-338.8510 0.0000
-338.8051 0.0000
-338.7973 0.0000
-338.8196 0.0000
-338.8235 0.0000
-338.8092 0.0000
-338.8015 0.0000
-338.8132 0.0000
-338.8152 0.0000
-338.8348 0.0000
-338.8259 0.0000
-338.8427 0.0000
-338.8629 0.0000
-338.8810 0.0000
-338.8770 0.0000
-338.9027 0.0000
-338.8890 0.0000
-338.8881 0.0000
-338.8742 0.0000
-338.8667 0.0000
-338.8754 0.0000
-338.8960 0.0000
-338.9002 0.0000
-338.9144 0.0000
-338.9271 0.0000
-338.9063 0.0000
-338.8827 0.0000
-338.8866 0.0000
-338.9000 0.0000
-338.9004 0.0000
-338.9062 0.0000
-338.9011 0.0000
-338.9077 0.0000
-338.9010 0.0000
-338.9088 0.0000
-338.9004 0.0000
-338.9058 0.0000
-338.8995 0.0000
-338.8934 0.0000
-338.8866 0.0000
-338.8602 0.0000
-338.8975 0.0000
-338.8999 0.0000
-338.8822 0.0000
-338.9145 0.0000
-338.9092 0.0000
-338.8939 0.0000
-338.9039 0.0000
-338.9064 0.0000
-338.8937 0.0000
-338.9212 0.0000
-338.9181 0.0000
-338.9584 0.0000
-338.9371 0.0000
-338.9592 0.0000
-338.9775 0.0000
-338.9213 0.0000
-338.9730 0.0000
-338.9820 0.0000
-338.9957 0.0000
-339.0005 0.0000
-339.0138 0.0000
-338.9987 0.0000
-338.9632 0.0000
-339.0113 0.0000
-338.9817 0.0000
-338.9076 0.0000
-338.9085 0.0000
-338.9480 0.0000
-338.9243 0.0000
-338.9401 0.0000
-338.9558 0.0000
-338.9544 0.0000
-338.9446 0.0000
-338.9458 0.0000
-338.9321 0.0000
-338.9468 0.0000
-338.9823 0.0000
-338.9657 0.0000
-339.0036 0.0000
-338.9806 0.0000
-338.9819 0.0000
-339.0087 0.0000
-338.9851 0.0000
-338.9753 0.0000
-338.9627 0.0000
-338.9508 0.0000
-338.9881 0.0000
-338.9907 0.0000
-338.9729 0.0000
-338.9947 0.0000
-338.9453 0.0000
-339.0105 0.0000
-338.9907 0.0000
-338.9790 0.0000
-339.0270 0.0000
-338.9525 0.0000
-338.9587 0.0000
-338.9339 0.0000
-338.9432 0.0000
-338.9766 0.0000
-338.9512 0.0000
-338.9016 0.0000
-338.9185 0.0000
-338.9018 0.0000
-338.8968 0.0000
-338.8420 0.0000
-338.8897 0.0000
-338.9509 0.0000
-338.8895 0.0000
-338.8399 0.0000
-338.8096 0.0000
-338.7971 0.0000
-338.7652 0.0000
-338.8129 0.0000
-338.7432 0.0000
-338.7110 0.0000
-338.7365 0.0000
-338.7531 0.0000
-338.7404 0.0000
-338.7083 0.0000
-338.7619 0.0000
-338.7531 0.0000
-338.7628 0.0000
-338.7425 0.0000
-338.7820 0.0000
-338.7925 0.0000
-338.7903 0.0000
-338.7935 0.0000
-338.7938 0.0000
-338.7881 0.0000
-338.7844 0.0000
-338.7790 0.0000
-338.8069 0.0000
-338.8533 0.0000
-338.8498 0.0000
-338.8207 0.0000
-338.8527 0.0000
-338.8418 0.0000
-338.8780 0.0000
-338.9000 0.0000
-338.8564 0.0000
-338.8857 0.0000
-338.8586 0.0000
-338.8994 0.0000
-338.9111 0.0000
-338.8841 0.0000
-338.9091 0.0000
-338.9354 0.0000
-338.9243 0.0000
-338.9292 0.0000
-338.9069 0.0000
-338.8785 0.0000
-338.8408 0.0000
-338.8347 0.0000
-338.8786 0.0000
-338.8716 0.0000
-338.8771 0.0000
-338.9058 0.0000
-338.8713 0.0000
-338.8588 0.0000
-338.9319 0.0000
-338.9112 0.0000
-338.8930 0.0000
-338.9404 0.0000
-338.9202 0.0000
-338.9029 0.0000
-338.9603 0.0000
-338.9165 0.0000
-338.9083 0.0000
-338.9867 0.0000
-338.9114 0.0000
-338.9678 0.0000
-338.9365 0.0000
-338.9556 0.0000
-338.9404 0.0000
-339.0063 0.0000
-338.9527 0.0000
-338.9700 0.0000
-338.9207 0.0000
-338.9569 0.0000
-338.9526 0.0000
-338.8459 0.0000
-338.9433 0.0000
-338.9085 0.0000
-338.8902 0.0000
-338.9447 0.0000
-338.8684 0.0000
-338.8676 0.0000
-338.8759 0.0000
-338.9126 0.0000
-338.8508 0.0000
-338.9194 0.0000
-338.8602 0.0000
-338.8161 0.0000
-338.8619 0.0000
-338.8446 0.0000
-338.8129 0.0000
-338.8797 0.0000
-338.8561 0.0000
-338.7875 0.0000
-338.8360 0.0000
-338.7730 0.0000
-338.7445 0.0000
-338.7709 0.0000
-338.8469 0.0000
-338.8333 0.0000
-338.8626 0.0000
-338.8435 0.0000
-338.8278 0.0000
-338.7928 0.0000
-338.8222 0.0000
-338.8240 0.0000
-338.7674 0.0000
-338.7930 0.0000
-338.8320 0.0000
-338.8021 0.0000
-338.8235 0.0000
-338.8116 0.0000
-338.8305 0.0000
-338.7988 0.0000
-338.7895 0.0000
-338.7573 0.0000
-338.8133 0.0000
-338.8131 0.0000
-338.7999 0.0000
-338.8231 0.0000
-338.7924 0.0000
-338.7636 0.0000
-338.7846 0.0000
-338.7458 0.0000
-338.7535 0.0000
-338.7655 0.0000
-338.7748 0.0000
-338.7578 0.0000
-338.7515 0.0000
-338.7979 0.0000
-338.7532 0.0000
-338.7858 0.0000
-338.7770 0.0000
-338.8134 0.0000
-338.8597 0.0000
-338.8160 0.0000
-338.8298 0.0000
-338.8433 0.0000
-338.8041 0.0000
-338.8510 0.0000
-338.8355 0.0000
-338.8582 0.0000
-338.8745 0.0000
-338.8510 0.0000
-338.8415 0.0000
-338.8249 0.0000
-338.8229 0.0000
-338.8365 0.0000
-338.8242 0.0000
-338.8343 0.0000
-338.8263 0.0000
-338.8058 0.0000
-338.7384 0.0000
-338.7662 0.0000
-338.7933 0.0000
-338.8244 0.0000
-338.8255 0.0000
-338.8060 0.0000
-338.8467 0.0000
-338.7889 0.0000
-338.7762 0.0000
-338.7903 0.0000
-338.7596 0.0000
-338.7020 0.0000
-338.7800 0.0000
-338.6928 0.0000
-338.6945 0.0000
-338.7034 0.0000
-338.6747 0.0000
-338.6643 0.0000
-338.6489 0.0000
-338.6753 0.0000
-338.6299 0.0000
-338.5924 0.0000
-338.5888 0.0000
-338.6196 0.0000
-338.6010 0.0000
-338.6037 0.0000
-338.6035 0.0000
-338.6173 0.0000
-338.5916 0.0000
-338.5799 0.0000
-338.6149 0.0000
-338.6252 0.0000
-338.6429 0.0000
-338.6628 0.0000
-338.6208 0.0000
-338.6160 0.0000
-338.6066 0.0000
-338.5800 0.0000
-338.5821 0.0000
-338.6049 0.0000
-338.5217 0.0000
-338.6479 0.0000
-338.6716 0.0000
-338.6871 0.0000
-338.7401 0.0000
-338.7429 0.0000
-338.6966 0.0000
-338.6175 0.0000
-338.7050 0.0000
-338.6515 0.0000
-338.6344 0.0000
-338.6663 0.0000
-338.7239 0.0000
-338.7131 0.0000
-338.7156 0.0000
-338.7020 0.0000
-338.6207 0.0000
-338.7500 0.0000
-338.7496 0.0000
-338.7682 0.0000
-338.6585 0.0000
-338.6133 0.0000
-338.6266 0.0000
-338.5729 0.0000
-338.5391 0.0000
-338.5407 0.0000
-338.5876 0.0000
-338.5560 0.0000
-338.4877 0.0000
-338.4320 0.0000
-338.4032 0.0000
-338.3741 0.0000
-338.4121 0.0000
-338.3259 0.0000
-338.2468 0.0000
-338.2115 0.0000
-338.1541 0.0000
-338.2388 0.0000
-338.2028 0.0000
-338.2206 0.0000
-338.1655 0.0000
-338.2376 0.0000
-338.2624 0.0000
-338.2804 0.0000
-338.1662 0.0000
-338.2164 0.0000
-338.1936 0.0000
-338.2983 0.0000
-338.3108 0.0000
-338.3044 0.0000
-338.3673 0.0000
-338.3948 0.0000
-338.3993 0.0000
-338.3955 0.0000
-338.4088 0.0000
-338.4005 0.0000
-338.3652 0.0000
-338.3860 0.0000
-338.3736 0.0000
-338.3306 0.0000
-338.3136 0.0000
-338.3645 0.0000
-338.4036 0.0000
-338.3491 0.0000
-338.3934 0.0000
-338.4510 0.0000
-338.4981 0.0000
-338.4601 0.0000
-338.5125 0.0000
-338.4874 0.0000
-338.4901 0.0000
-338.4762 0.0000
-338.5144 0.0000
-338.4976 0.0000
-338.4805 0.0000
-338.4812 0.0000
-338.5658 0.0000
-338.5324 0.0000
-338.4964 0.0000
-338.4595 0.0000
-338.4333 0.0000
-338.4573 0.0000
-338.4476 0.0000
-338.4325 0.0000
-338.4317 0.0000
-338.4286 0.0000
-338.3363 0.0000
-338.3573 0.0000
-338.3319 0.0000
-338.3604 0.0000
-338.2474 0.0000
-338.2302 0.0000
-338.2305 0.0000
-338.2464 0.0000
-338.2007 0.0000
-338.2386 0.0000
-338.2456 0.0000
-338.2725 0.0000
-338.2423 0.0000
-338.1464 0.0000
-338.1736 0.0000
-338.1140 0.0000
-338.2039 0.0000
-338.1878 0.0000
-338.3548 0.0000
-338.1711 0.0000
-338.1248 0.0000
-338.1875 0.0000
-338.1768 0.0000
-338.2510 0.0000
-338.1164 0.0000
-338.0192 0.0000
-338.1008 0.0000
-338.1904 0.0000
-338.1084 0.0000
-338.1720 0.0000
-338.1778 0.0000
-338.2005 0.0000
-338.1361 0.0000
-338.2250 0.0000
-338.0324 0.0000
-338.2104 0.0000
-338.2136 0.0000
-338.1451 0.0000
-338.0813 0.0000
-338.1928 0.0000
-338.1893 0.0000
-338.1370 0.0000
-338.1981 0.0000
-338.1530 0.0000
-338.2617 0.0000
-338.2167 0.0000
-338.2573 0.0000
-338.3130 0.0000
-338.2549 0.0000
-338.2481 0.0000
-338.2708 0.0000
-338.2152 0.0000
-338.3168 0.0000
-338.1718 0.0000
-338.1511 0.0000
-338.1746 0.0000
-338.1556 0.0000
-338.1646 0.0000
-338.0973 0.0000
-338.1196 0.0000
-338.0987 0.0000
-338.1978 0.0000
-338.2608 0.0000
-338.1555 0.0000
-338.3048 0.0000
-338.3098 0.0000
-338.3635 0.0000
-338.3201 0.0000
-338.2889 0.0000
-338.3287 0.0000
-338.3125 0.0000
-338.3679 0.0000
-338.3007 0.0000
-338.2839 0.0000
-338.3031 0.0000
-338.3427 0.0000
-338.2373 0.0000
-338.3378 0.0000
-338.3302 0.0000
-338.3578 0.0000
-338.3066 0.0000
-338.3649 0.0000
-338.2961 0.0000
-338.2293 0.0000
-338.4153 0.0000
-338.3694 0.0000
-338.3455 0.0000
-338.3366 0.0000
-338.3606 0.0000
-338.3680 0.0000
-338.3936 0.0000
-338.3762 0.0000
-338.3732 0.0000
-338.3454 0.0000
-338.4259 0.0000
-338.3976 0.0000
-338.3835 0.0000
-338.3987 0.0000
-338.3334 0.0000
-338.2972 0.0000
-338.2781 0.0000
-338.2583 0.0000
-338.2107 0.0000
-338.2535 0.0000
-338.3030 0.0000
-338.1912 0.0000
-338.2077 0.0000
-338.2654 0.0000
-338.1327 0.0000
-338.1232 0.0000
-338.2426 0.0000
-338.0962 0.0000
-338.0807 0.0000
-338.0939 0.0000
-338.1091 0.0000
-338.1344 0.0000
-338.0857 0.0000
-338.1896 0.0000
-338.1736 0.0000
-338.2501 0.0000
-338.1906 0.0000
-338.2209 0.0000
-338.2748 0.0000
-338.1147 0.0000
-338.2001 0.0000
-338.0728 0.0000
-338.0995 0.0000
-338.0799 0.0000
-338.0618 0.0000
-338.0690 0.0000
-338.0149 0.0000
-338.0293 0.0000
-338.1044 0.0000
-338.0412 0.0000
-337.9804 0.0000
-338.0485 0.0000
-338.1005 0.0000
-337.9770 0.0000
-337.9858 0.0000
-337.9459 0.0000
-338.0273 0.0000
-337.9558 0.0000
-337.9723 0.0000
-337.9837 0.0000
-338.0152 0.0000
-337.9147 0.0000
-337.8944 0.0000
-337.8353 0.0000
-337.9010 0.0000
-338.0402 0.0000
-338.0401 0.0000
-337.9228 0.0000
-337.8415 0.0000
-337.9537 0.0000
-337.9120 0.0000
-337.8565 0.0000
-337.8603 0.0000
-337.7831 0.0000
-337.6737 0.0000
-337.7770 0.0000
-337.6579 0.0000
-337.6824 0.0000
-337.5687 0.0000
-337.6927 0.0000
-337.7298 0.0000
-337.6292 0.0000
-337.8091 0.0000
-337.7647 0.0000
-337.6595 0.0000
-337.7513 0.0000
-337.7653 0.0000
-337.7546 0.0000
-337.6740 0.0000
-337.6349 0.0000
-337.7578 0.0000
-337.7762 0.0000
-337.7900 0.0000
-337.7659 0.0000
-337.8180 0.0000
-337.8223 0.0000
-337.8728 0.0000
-337.7434 0.0000
-337.7431 0.0000
-337.7935 0.0000
-337.8406 0.0000
-337.8117 0.0000
-337.8018 0.0000
-337.7359 0.0000
-337.7278 0.0000
-337.7437 0.0000
-337.7185 0.0000
-337.8240 0.0000
-337.6723 0.0000
-337.6859 0.0000
-337.6391 0.0000
-337.7963 0.0000
-337.9045 0.0000
-337.8378 0.0000
-337.8760 0.0000
-337.8396 0.0000
-337.8931 0.0000
-338.0346 0.0000
-337.9025 0.0000
-337.8312 0.0000
-337.7758 0.0000
-337.7478 0.0000
-337.8530 0.0000
-337.8414 0.0000
-337.9367 0.0000
-337.9312 0.0000
-337.8556 0.0000
-337.8369 0.0000
-337.9226 0.0000
-337.8412 0.0000
-337.8521 0.0000
-338.0042 0.0000
-337.9346 0.0000
-338.0304 0.0000
-338.0516 0.0000
-337.9763 0.0000
-338.0672 0.0000
-338.1335 0.0000
-338.0502 0.0000
-338.0269 0.0000
-337.9861 0.0000
-338.0416 0.0000
-338.0098 0.0000
-337.9703 0.0000
-338.0126 0.0000
-338.0248 0.0000
-337.9240 0.0000
-337.9667 0.0000
-338.0184 0.0000
-337.9244 0.0000
-337.9074 0.0000
-337.9743 0.0000
-337.9589 0.0000
-337.9516 0.0000
-337.9903 0.0000
-338.0302 0.0000
-338.0260 0.0000
-338.0815 0.0000
-338.0160 0.0000
-337.9923 0.0000
-337.9423 0.0000
-337.9668 0.0000
-337.8835 0.0000
-337.9239 0.0000
-337.9194 0.0000
-337.9488 0.0000
-337.8475 0.0000
-338.0189 0.0000
-338.0527 0.0000
-338.0721 0.0000
-338.0408 0.0000
-338.0971 0.0000
-338.0336 0.0000
-338.1222 0.0000
-338.1485 0.0000
-338.1286 0.0000
-338.1439 0.0000
-338.1596 0.0000
-338.1752 0.0000
-338.1318 0.0000
-338.1565 0.0000
-338.1038 0.0000
-338.1629 0.0000
-338.0687 0.0000
-338.0900 0.0000
-338.1007 0.0000
-338.0682 0.0000
-338.0906 0.0000
-338.0476 0.0000
-338.0103 0.0000
-338.0489 0.0000
-338.0413 0.0000
-338.0775 0.0000
-338.0513 0.0000
-338.0266 0.0000
-338.0319 0.0000
-337.9891 0.0000
-337.9601 0.0000
-337.9903 0.0000
-338.1167 0.0000
-338.1411 0.0000
-338.0866 0.0000
-338.1812 0.0000
-338.0738 0.0000
-338.1408 0.0000
-338.1155 0.0000
-338.1474 0.0000
-338.2261 0.0000
-338.1453 0.0000
-338.1124 0.0000
-338.0871 0.0000
-338.2066 0.0000
-338.2783 0.0000
-338.3394 0.0000
-338.3281 0.0000
-338.3512 0.0000
-338.3144 0.0000
-338.2921 0.0000
-338.1841 0.0000
-338.3185 0.0000
-338.3010 0.0000
-338.3694 0.0000
-338.3051 0.0000
-338.3563 0.0000
-338.3874 0.0000
-338.3489 0.0000
-338.3137 0.0000
-338.3900 0.0000
-338.2785 0.0000
-338.3275 0.0000
-338.2953 0.0000
-338.2105 0.0000
-338.1615 0.0000
-338.2664 0.0000
-338.2003 0.0000
-338.1580 0.0000
-338.1095 0.0000
-338.1656 0.0000
-338.1959 0.0000
-338.1887 0.0000
-338.1495 0.0000
-338.0864 0.0000
-338.1967 0.0000
-338.1286 0.0000
-338.1743 0.0000
-338.2571 0.0000
-338.2151 0.0000
-338.3140 0.0000
-338.2090 0.0000
-338.2451 0.0000
-338.2473 0.0000
-338.2104 0.0000
-338.3475 0.0000
-338.2895 0.0000
-338.3298 0.0000
-338.4149 0.0000
-338.3780 0.0000
-338.3715 0.0000
-338.3236 0.0000
-338.3672 0.0000
-338.3729 0.0000
-338.3819 0.0000
-338.4053 0.0000
-338.3315 0.0000
-338.3559 0.0000
-338.3197 0.0000
-338.3865 0.0000
-338.2913 0.0000
-338.3753 0.0000
-338.4255 0.0000
-338.3705 0.0000
-338.4078 0.0000
-338.3983 0.0000
-338.4215 0.0000
-338.4796 0.0000
-338.4448 0.0000
-338.4882 0.0000
-338.4420 0.0000
-338.4158 0.0000
-338.4527 0.0000
-338.4347 0.0000
-338.4758 0.0000
-338.4630 0.0000
-338.4868 0.0000
-338.4334 0.0000
-338.4294 0.0000
-338.3735 0.0000
-338.3992 0.0000
-338.3675 0.0000
-338.4034 0.0000
-338.3504 0.0000
-338.3210 0.0000
-338.3170 0.0000
-338.2649 0.0000
-338.2847 0.0000
-338.3560 0.0000
-338.3815 0.0000
-338.3302 0.0000
-338.3560 0.0000
-338.3426 0.0000
-338.3640 0.0000
-338.3715 0.0000
-338.3729 0.0000
-338.3720 0.0000
-338.3950 0.0000
-338.3846 0.0000
-338.4089 0.0000
-338.4128 0.0000
-338.5029 0.0000
-338.4927 0.0000
-338.4420 0.0000
-338.4643 0.0000
-338.4731 0.0000
-338.4301 0.0000
-338.4677 0.0000
-338.4256 0.0000
-338.4538 0.0000
-338.4796 0.0000
-338.4350 0.0000
-338.4124 0.0000
-338.3968 0.0000
-338.3527 0.0000
-338.3259 0.0000
-338.3291 0.0000
-338.3031 0.0000
-338.2400 0.0000
-338.2063 0.0000
-338.3005 0.0000
-338.2631 0.0000
-338.2426 0.0000
-338.2623 0.0000
-338.3271 0.0000
-338.2986 0.0000
-338.4124 0.0000
-338.3390 0.0000
-338.3520 0.0000
-338.2906 0.0000
-338.2878 0.0000
-338.3201 0.0000
-338.2563 0.0000
-338.2577 0.0000
-338.3821 0.0000
-338.2448 0.0000
-338.2849 0.0000
-338.2732 0.0000
-338.2859 0.0000
-338.3469 0.0000
-338.2175 0.0000
-338.2691 0.0000
-338.3129 0.0000
-338.2166 0.0000
-338.0841 0.0000
-338.2321 0.0000
-338.1796 0.0000
-338.1832 0.0000
-338.1411 0.0000
-338.1542 0.0000
-338.2072 0.0000
-338.1566 0.0000
-338.2441 0.0000
-338.2081 0.0000
-338.3392 0.0000
-338.3712 0.0000
-338.4354 0.0000
-338.3723 0.0000
-338.5064 0.0000
-338.5486 0.0000
-338.5446 0.0000
-338.5440 0.0000
-338.5291 0.0000
-338.5726 0.0000
-338.5700 0.0000
-338.5264 0.0000
-338.5788 0.0000
-338.6544 0.0000
-338.6447 0.0000
-338.6595 0.0000
-338.6371 0.0000
-338.6349 0.0000
-338.6562 0.0000
-338.6708 0.0000
-338.7325 0.0000
-338.7202 0.0000
-338.7527 0.0000
-338.7166 0.0000
-338.6947 0.0000
-338.6935 0.0000
-338.6982 0.0000
-338.6790 0.0000
-338.6674 0.0000
-338.7029 0.0000
-338.7395 0.0000
-338.7098 0.0000
-338.7495 0.0000
-338.7008 0.0000
-338.7140 0.0000
-338.7816 0.0000
-338.7093 0.0000
-338.6908 0.0000
-338.7119 0.0000
-338.7068 0.0000
-338.7131 0.0000
-338.7267 0.0000
-338.7030 0.0000
-338.6694 0.0000
-338.7115 0.0000
-338.7663 0.0000
-338.7044 0.0000
-338.7173 0.0000
-338.7262 0.0000
-338.7120 0.0000
-338.7175 0.0000
-338.7134 0.0000
-338.7181 0.0000
-338.7125 0.0000
-338.7481 0.0000
-338.7241 0.0000
-338.7397 0.0000
-338.7128 0.0000
-338.7281 0.0000
-338.7267 0.0000
-338.7659 0.0000
-338.7685 0.0000
-338.7446 0.0000
-338.7403 0.0000
-338.7067 0.0000
-338.7377 0.0000
-338.7661 0.0000
-338.7430 0.0000
-338.7279 0.0000
-338.7795 0.0000
-338.7593 0.0000
-338.7607 0.0000
-338.7404 0.0000
-338.7747 0.0000
-338.7456 0.0000
-338.7719 0.0000
-338.7316 0.0000
-338.7097 0.0000
-338.7083 0.0000
-338.6976 0.0000
-338.7189 0.0000
-338.7170 0.0000
-338.7139 0.0000
-338.7266 0.0000
-338.7449 0.0000
-338.7387 0.0000
-338.7603 0.0000
-338.7688 0.0000
-338.7492 0.0000
-338.7590 0.0000
-338.7839 0.0000
-338.7940 0.0000
-338.8118 0.0000
-338.8165 0.0000
-338.8547 0.0000
-338.8340 0.0000
-338.7927 0.0000
-338.8389 0.0000
-338.8086 0.0000
-338.7960 0.0000
-338.7966 0.0000
-338.7999 0.0000
-338.7866 0.0000
-338.7804 0.0000
-338.8200 0.0000
-338.8144 0.0000
-338.7504 0.0000
-338.7511 0.0000
-338.7254 0.0000
-338.7174 0.0000
-338.7143 0.0000
-338.6912 0.0000
-338.6812 0.0000
-338.6850 0.0000
-338.6572 0.0000
-338.6524 0.0000
-338.6349 0.0000
-338.7038 0.0000
-338.6806 0.0000
-338.6834 0.0000
-338.6520 0.0000
-338.6454 0.0000
-338.6345 0.0000
-338.6492 0.0000
-338.6703 0.0000
-338.6423 0.0000
-338.6335 0.0000
-338.6627 0.0000
-338.6797 0.0000
-338.6607 0.0000
-338.7340 0.0000
-338.6676 0.0000
-338.7121 0.0000
-338.6964 0.0000
-338.6641 0.0000
-338.6736 0.0000
-338.6972 0.0000
-338.7065 0.0000
-338.5926 0.0000
-338.6108 0.0000
-338.5511 0.0000
-338.5308 0.0000
-338.5029 0.0000
-338.5938 0.0000
-338.4734 0.0000
-338.5363 0.0000
-338.5242 0.0000
-338.5491 0.0000
-338.5459 0.0000
-338.5750 0.0000
-338.5690 0.0000
-338.5945 0.0000
-338.6340 0.0000
-338.5662 0.0000
-338.5842 0.0000
-338.6420 0.0000
-338.6481 0.0000
-338.6588 0.0000
-338.5967 0.0000
-338.6017 0.0000
-338.5284 0.0000
-338.5732 0.0000
-338.6077 0.0000
-338.6071 0.0000
-338.6389 0.0000
-338.6413 0.0000
-338.6009 0.0000
-338.5821 0.0000
-338.6159 0.0000
-338.5574 0.0000
-338.6461 0.0000
-338.5856 0.0000
-338.6364 0.0000
-338.5674 0.0000
-338.5118 0.0000
-338.5227 0.0000
-338.4943 0.0000
-338.4616 0.0000
-338.4223 0.0000
-338.3889 0.0000
-338.3347 0.0000
-338.3520 0.0000
-338.3071 0.0000
-338.3694 0.0000
-338.4677 0.0000
-338.4343 0.0000
-338.4570 0.0000
-338.4475 0.0000
-338.4240 0.0000
-338.3846 0.0000
-338.4366 0.0000
-338.3903 0.0000
-338.4413 0.0000
-338.4177 0.0000
-338.4228 0.0000
-338.3490 0.0000
-338.3947 0.0000
-338.4251 0.0000
-338.4882 0.0000
-338.4118 0.0000
-338.4180 0.0000
-338.4361 0.0000
-338.4376 0.0000
-338.4275 0.0000
-338.4841 0.0000
-338.5003 0.0000
-338.4865 0.0000
-338.4284 0.0000
-338.5295 0.0000
-338.5234 0.0000
-338.5440 0.0000
-338.4724 0.0000
-338.4613 0.0000
-338.5026 0.0000
-338.4791 0.0000
-338.4830 0.0000
-338.4849 0.0000
-338.3979 0.0000
-338.4685 0.0000
-338.5105 0.0000
-338.4938 0.0000
-338.3956 0.0000
-338.3857 0.0000
-338.3598 0.0000
-338.3983 0.0000
-338.4696 0.0000
-338.4906 0.0000
-338.4408 0.0000
-338.4428 0.0000
-338.4460 0.0000
-338.4282 0.0000
-338.4452 0.0000
-338.4667 0.0000
-338.4551 0.0000
-338.5143 0.0000
-338.4528 0.0000
-338.4428 0.0000
-338.5175 0.0000
-338.5222 0.0000
-338.4854 0.0000
-338.5306 0.0000
-338.4992 0.0000
-338.4886 0.0000
-338.4367 0.0000
-338.5110 0.0000
-338.5218 0.0000
-338.5138 0.0000
-338.5118 0.0000
-338.5196 0.0000
-338.5208 0.0000
-338.5683 0.0000
-338.5087 0.0000
-338.5221 0.0000
-338.5142 0.0000
-338.5211 0.0000
-338.4973 0.0000
-338.4621 0.0000
-338.3859 0.0000
-338.3023 0.0000
-338.4216 0.0000
-338.4428 0.0000
-338.4719 0.0000
-338.4576 0.0000
-338.4473 0.0000
-338.4851 0.0000
-338.4820 0.0000
-338.5071 0.0000
-338.5076 0.0000
-338.4823 0.0000
-338.4826 0.0000
-338.4594 0.0000
-338.4587 0.0000
-338.4416 0.0000
-338.4686 0.0000
-338.4478 0.0000
-338.4751 0.0000
-338.4954 0.0000
-338.4742 0.0000
-338.4786 0.0000
-338.4842 0.0000
-338.4702 0.0000
-338.4688 0.0000
-338.4889 0.0000
-338.5262 0.0000
-338.4089 0.0000
-338.4707 0.0000
-338.4710 0.0000
-338.5145 0.0000
-338.4503 0.0000
-338.4158 0.0000
-338.4433 0.0000
-338.4735 0.0000
-338.3833 0.0000
-338.4360 0.0000
-338.4323 0.0000
-338.4175 0.0000
-338.3623 0.0000
-338.3264 0.0000
-338.3412 0.0000
-338.3454 0.0000
-338.3827 0.0000
-338.4284 0.0000
-338.3809 0.0000
-338.3860 0.0000
-338.4428 0.0000
-338.4698 0.0000
-338.4969 0.0000
-338.4112 0.0000
-338.4767 0.0000
-338.4240 0.0000
-338.4849 0.0000
-338.5168 0.0000
-338.5317 0.0000
-338.4940 0.0000
-338.4858 0.0000
-338.4811 0.0000
-338.5178 0.0000
-338.4903 0.0000
-338.4654 0.0000
-338.4906 0.0000
-338.4789 0.0000
-338.4899 0.0000
-338.4395 0.0000
-338.5023 0.0000
-338.4840 0.0000
-338.4656 0.0000
-338.5008 0.0000
-338.4318 0.0000
-338.4396 0.0000
-338.4085 0.0000
-338.4475 0.0000
-338.4240 0.0000
-338.3888 0.0000
-338.4157 0.0000
-338.4063 0.0000
-338.3615 0.0000
-338.3406 0.0000
-338.3634 0.0000
-338.3541 0.0000
-338.4184 0.0000
-338.3503 0.0000
-338.3241 0.0000
-338.3552 0.0000
-338.3263 0.0000
-338.3526 0.0000
-338.3750 0.0000
-338.3487 0.0000
-338.3468 0.0000
-338.3882 0.0000
-338.4664 0.0000
-338.4428 0.0000
-338.4672 0.0000
-338.4499 0.0000
-338.4492 0.0000
-338.4715 0.0000
-338.4141 0.0000
-338.4037 0.0000
-338.4139 0.0000
-338.3583 0.0000
-338.3533 0.0000
-338.4241 0.0000
-338.4269 0.0000
-338.4130 0.0000
-338.3668 0.0000
-338.4323 0.0000
-338.5026 0.0000
-338.4300 0.0000
-338.4636 0.0000
-338.4609 0.0000
-338.5054 0.0000
-338.5135 0.0000
-338.5357 0.0000
-338.5403 0.0000
-338.5090 0.0000
-338.4906 0.0000
-338.4956 0.0000
-338.4697 0.0000
-338.5089 0.0000
-338.4608 0.0000
-338.4525 0.0000
-338.4592 0.0000
-338.4418 0.0000
-338.4292 0.0000
-338.3820 0.0000
-338.4314 0.0000
-338.3608 0.0000
-338.4222 0.0000
-338.4245 0.0000
-338.4677 0.0000
-338.4204 0.0000
-338.4215 0.0000
-338.4626 0.0000
-338.3024 0.0000
-338.4655 0.0000
-338.4447 0.0000
-338.4714 0.0000
-338.4377 0.0000
-338.4061 0.0000
-338.3804 0.0000
-338.3561 0.0000
-338.3947 0.0000
-338.2867 0.0000
-338.2930 0.0000
-338.4310 0.0000
-338.3931 0.0000
-338.4138 0.0000
-338.4533 0.0000
-338.4665 0.0000
-338.4591 0.0000
-338.4624 0.0000
-338.4532 0.0000
-338.4752 0.0000
-338.4487 0.0000
-338.4280 0.0000
-338.3871 0.0000
-338.4537 0.0000
-338.4558 0.0000
-338.4280 0.0000
-338.4188 0.0000
-338.3957 0.0000
-338.3373 0.0000
-338.3660 0.0000
-338.3536 0.0000
-338.4426 0.0000
-338.4145 0.0000
-338.3924 0.0000
-338.4555 0.0000
-338.4969 0.0000
-338.4623 0.0000
-338.4348 0.0000
-338.4298 0.0000
-338.3861 0.0000
-338.5068 0.0000
-338.4425 0.0000
-338.3996 0.0000
-338.4474 0.0000
-338.4298 0.0000
-338.4544 0.0000
-338.3773 0.0000
-338.3438 0.0000
-338.3817 0.0000
-338.3598 0.0000
-338.3071 0.0000
-338.3202 0.0000
-338.3876 0.0000
-338.4310 0.0000
-338.3926 0.0000
-338.3529 0.0000
-338.3396 0.0000
-338.3627 0.0000
-338.3533 0.0000
-338.2385 0.0000
-338.2453 0.0000
-338.2673 0.0000
-338.3596 0.0000
-338.3813 0.0000
-338.2693 0.0000
-338.3800 0.0000
-338.4602 0.0000
-338.4091 0.0000
-338.4212 0.0000
-338.3703 0.0000
-338.4360 0.0000
-338.4265 0.0000
-338.4120 0.0000
-338.4201 0.0000
-338.3338 0.0000
-338.4388 0.0000
-338.4994 0.0000
-338.3929 0.0000
-338.3820 0.0000
-338.4619 0.0000
-338.3820 0.0000
-338.4175 0.0000
-338.4634 0.0000
-338.4704 0.0000
-338.3931 0.0000
-338.3855 0.0000
-338.4667 0.0000
-338.4021 0.0000
-338.4341 0.0000
-338.4063 0.0000
-338.3670 0.0000
-338.3972 0.0000
-338.4016 0.0000
-338.3630 0.0000
-338.3539 0.0000
