-100.0000 -100.0000
-361.6222 0.0000
-360.2541 0.0000
-361.4964 0.0000
-362.4351 0.0000
-362.5565 0.0000
-363.1420 0.0000
-363.6004 0.0000
-363.2455 0.0000
-363.4580 0.0000
-365.6087 0.0000
-365.1235 0.0000
-365.4842 0.0000
-364.3000 0.0000
-366.9990 0.0000
-362.7248 0.0000
-364.2309 0.0000
-363.8070 0.0000
-364.4935 0.0000
-361.8621 0.0000
-362.0749 0.0000
-361.6597 0.0000
-362.0600 0.0000
-361.6389 0.0000
-359.9031 0.0000
-359.7134 0.0000
-359.4461 0.0000
-359.9471 0.0000
-361.7613 0.0000
-360.8904 0.0000
-361.1678 0.0000
-360.3257 0.0000
-361.6551 0.0000
-361.8226 0.0000
-361.3969 0.0000
-361.3901 0.0000
-361.1850 0.0000
-362.2922 0.0000
-364.0037 0.0000
-364.8096 0.0000
-362.8819 0.0000
-362.0551 0.0000
-361.4846 0.0000
-362.9590 0.0000
-361.7008 0.0000
-364.0133 0.0000
-362.7103 0.0000
-362.1747 0.0000
-363.8327 0.0000
-361.8576 0.0000
-361.8501 0.0000
-361.0691 0.0000
-361.8648 0.0000
-361.3397 0.0000
-360.7842 0.0000
-361.3228 0.0000
-361.7743 0.0000
-360.7247 0.0000
-361.1465 0.0000
-360.6958 0.0000
-361.8106 0.0000
-363.0995 0.0000
-361.6492 0.0000
-361.2791 0.0000
-360.4575 0.0000
-358.8960 0.0000
-359.8289 0.0000
-360.3865 0.0000
-360.1135 0.0000
-361.0855 0.0000
-360.6072 0.0000
-360.5464 0.0000
-360.9758 0.0000
-360.2233 0.0000
-360.0966 0.0000
-360.9802 0.0000
-360.6483 0.0000
-361.1102 0.0000
-361.2979 0.0000
-361.4018 0.0000
-360.4983 0.0000
-359.6036 0.0000
-359.2976 0.0000
-359.2949 0.0000
-358.4660 0.0000
-358.8790 0.0000
-359.1548 0.0000
-359.2492 0.0000
-360.0449 0.0000
-359.5721 0.0000
-358.5463 0.0000
-358.4258 0.0000
-360.2253 0.0000
-358.7699 0.0000
-359.0838 0.0000
-359.2695 0.0000
-358.4479 0.0000
-359.0082 0.0000
-359.7159 0.0000
-355.7547 0.0000
-355.5646 0.0000
-355.2765 0.0000
-354.8514 0.0000
-354.5852 0.0000
-354.3533 0.0000
-354.4846 0.0000
-356.3771 0.0000
-354.8022 0.0000
-356.2438 0.0000
-356.1981 0.0000
-356.1204 0.0000
-357.1361 0.0000
-357.8062 0.0000
-357.4950 0.0000
-357.2241 0.0000
-355.6391 0.0000
-354.7681 0.0000
-354.0850 0.0000
-355.0984 0.0000
-355.6115 0.0000
-354.1952 0.0000
-354.2623 0.0000
-355.6814 0.0000
-356.7254 0.0000
-357.1916 0.0000
-356.3708 0.0000
-355.0929 0.0000
-354.3875 0.0000
-356.7082 0.0000
-354.0650 0.0000
-354.6059 0.0000
-354.0008 0.0000
-354.9078 0.0000
-355.1956 0.0000
-355.9677 0.0000
-354.5981 0.0000
-354.1248 0.0000
-354.3126 0.0000
-353.4760 0.0000
-353.5676 0.0000
-354.1942 0.0000
-353.7786 0.0000
-352.8376 0.0000
-351.8762 0.0000
-351.3432 0.0000
-351.8534 0.0000
-352.0339 0.0000
-351.7655 0.0000
-350.8356 0.0000
-352.3111 0.0000
-354.0489 0.0000
-353.8442 0.0000
-353.9125 0.0000
-353.7234 0.0000
-353.5148 0.0000
-354.2376 0.0000
-354.8655 0.0000
-356.0197 0.0000
-355.3706 0.0000
-355.4178 0.0000
-354.7714 0.0000
-355.1414 0.0000
-355.3658 0.0000
-354.8175 0.0000
-355.3661 0.0000
-355.2557 0.0000
-354.0857 0.0000
-353.6275 0.0000
-352.6674 0.0000
-352.9147 0.0000
-351.8375 0.0000
-352.1956 0.0000
-351.3203 0.0000
-352.5930 0.0000
-351.0991 0.0000
-351.3805 0.0000
-350.8529 0.0000
-350.3000 0.0000
-351.3808 0.0000
-351.8120 0.0000
-351.9581 0.0000
-351.2862 0.0000
-351.3488 0.0000
-352.9571 0.0000
-353.2886 0.0000
-353.6283 0.0000
-353.8039 0.0000
-353.6887 0.0000
-352.3445 0.0000
-352.2492 0.0000
-352.5135 0.0000
-351.6899 0.0000
-351.1827 0.0000
-351.7158 0.0000
-352.7265 0.0000
-352.5798 0.0000
-352.7408 0.0000
-352.1694 0.0000
-352.6013 0.0000
-351.9772 0.0000
-352.5876 0.0000
-351.4767 0.0000
-352.6464 0.0000
-351.8215 0.0000
-352.5121 0.0000
-353.0600 0.0000
-353.8840 0.0000
-353.7058 0.0000
-353.3103 0.0000
-353.4848 0.0000
-353.5466 0.0000
-353.2502 0.0000
-353.3123 0.0000
-353.8141 0.0000
-353.4221 0.0000
-352.8998 0.0000
-352.0329 0.0000
-352.8503 0.0000
-353.4474 0.0000
-352.7576 0.0000
-352.3076 0.0000
-352.5490 0.0000
-352.7295 0.0000
-352.5163 0.0000
-352.3863 0.0000
-353.3700 0.0000
-354.0145 0.0000
-353.3566 0.0000
-353.2663 0.0000
-352.5785 0.0000
-353.6186 0.0000
-353.8514 0.0000
-353.2262 0.0000
-353.0758 0.0000
-353.0735 0.0000
-351.9969 0.0000
-352.2808 0.0000
-352.8627 0.0000
-350.6962 0.0000
-350.3658 0.0000
-350.1509 0.0000
-349.5592 0.0000
-350.2136 0.0000
-349.9976 0.0000
-350.0583 0.0000
-349.9921 0.0000
-350.4157 0.0000
-350.8649 0.0000
-350.2652 0.0000
-349.9769 0.0000
-349.6808 0.0000
-349.2360 0.0000
-348.6619 0.0000
-349.1805 0.0000
-349.3070 0.0000
-349.0328 0.0000
-349.1409 0.0000
-348.4888 0.0000
-349.3349 0.0000
-348.9994 0.0000
-348.2338 0.0000
-348.6463 0.0000
-348.9217 0.0000
-349.3415 0.0000
-349.3677 0.0000
-349.8333 0.0000
-349.8565 0.0000
-349.2592 0.0000
-349.7896 0.0000
-350.2239 0.0000
-350.6088 0.0000
-351.5035 0.0000
-350.9256 0.0000
-350.4051 0.0000
-350.8858 0.0000
-350.2936 0.0000
-350.5018 0.0000
-350.0756 0.0000
-349.7478 0.0000
-349.1793 0.0000
-350.3032 0.0000
-349.7530 0.0000
-350.1578 0.0000
-349.9839 0.0000
-351.0024 0.0000
-350.2378 0.0000
-351.6337 0.0000
-351.3245 0.0000
-351.0628 0.0000
-350.5078 0.0000
-350.8705 0.0000
-350.9507 0.0000
-351.7957 0.0000
-351.8139 0.0000
-351.9717 0.0000
-352.2595 0.0000
-352.2855 0.0000
-351.9433 0.0000
-351.5184 0.0000
-350.9658 0.0000
-349.9183 0.0000
-350.0290 0.0000
-349.7927 0.0000
-349.2438 0.0000
-348.8318 0.0000
-348.7022 0.0000
-347.8581 0.0000
-348.4776 0.0000
-349.7734 0.0000
-349.0258 0.0000
-349.9823 0.0000
-349.4791 0.0000
-349.9450 0.0000
-349.9062 0.0000
-350.0497 0.0000
-349.2726 0.0000
-349.2511 0.0000
-349.5516 0.0000
-349.3206 0.0000
-350.4869 0.0000
-350.8163 0.0000
-350.2673 0.0000
-350.5668 0.0000
-350.7931 0.0000
-350.3583 0.0000
-351.3310 0.0000
-350.5947 0.0000
-350.4731 0.0000
-351.6570 0.0000
-351.0469 0.0000
-350.6900 0.0000
-351.4570 0.0000
-351.7927 0.0000
-352.7942 0.0000
-353.7699 0.0000
-354.0238 0.0000
-353.6232 0.0000
-353.7784 0.0000
-353.8010 0.0000
-353.7269 0.0000
-353.8915 0.0000
-354.0392 0.0000
-354.3189 0.0000
-355.7349 0.0000
-356.6947 0.0000
-357.4931 0.0000
-356.5822 0.0000
-355.4008 0.0000
-356.6164 0.0000
-356.8825 0.0000
-356.7621 0.0000
-356.0696 0.0000
-355.1940 0.0000
-354.4833 0.0000
-353.9870 0.0000
-353.0968 0.0000
-352.1014 0.0000
-352.1320 0.0000
-351.7787 0.0000
-351.3502 0.0000
-351.1976 0.0000
-351.1684 0.0000
-351.9026 0.0000
-351.2844 0.0000
-352.5909 0.0000
-353.4936 0.0000
-354.1234 0.0000
-353.2097 0.0000
-352.0172 0.0000
-352.5843 0.0000
-352.8650 0.0000
-352.6950 0.0000
-351.5437 0.0000
-351.6096 0.0000
-351.9126 0.0000
-352.0831 0.0000
-352.4193 0.0000
-352.9400 0.0000
-351.7547 0.0000
-351.1626 0.0000
-351.1174 0.0000
-351.5360 0.0000
-350.7981 0.0000
-351.3397 0.0000
-350.5256 0.0000
-350.3133 0.0000
-349.8224 0.0000
-349.7378 0.0000
-349.3767 0.0000
-349.0356 0.0000
-349.7959 0.0000
-349.7680 0.0000
-348.7125 0.0000
-348.0292 0.0000
-348.6283 0.0000
-349.1052 0.0000
-349.6851 0.0000
-348.6989 0.0000
-347.8695 0.0000
-347.7956 0.0000
-347.5650 0.0000
-348.5442 0.0000
-349.7188 0.0000
-350.5188 0.0000
-351.0307 0.0000
-350.3939 0.0000
-351.0837 0.0000
-350.8414 0.0000
-350.7027 0.0000
-350.5433 0.0000
-350.3366 0.0000
-350.2746 0.0000
-351.0447 0.0000
-350.0511 0.0000
-349.1676 0.0000
-350.4079 0.0000
-350.2506 0.0000
-349.7095 0.0000
-349.0257 0.0000
-349.3858 0.0000
-349.4603 0.0000
-350.7905 0.0000
-351.7430 0.0000
-350.3318 0.0000
-350.5045 0.0000
-350.9675 0.0000
-350.9401 0.0000
-351.5641 0.0000
-350.7543 0.0000
-350.8106 0.0000
-350.9844 0.0000
-350.3636 0.0000
-351.1869 0.0000
-351.9297 0.0000
-350.8662 0.0000
-351.7469 0.0000
-352.0136 0.0000
-352.3099 0.0000
-352.7378 0.0000
-352.2682 0.0000
-351.8960 0.0000
-350.8008 0.0000
-350.4576 0.0000
-350.1982 0.0000
-351.0737 0.0000
-351.1847 0.0000
-351.9917 0.0000
-351.8170 0.0000
-351.6690 0.0000
-350.8111 0.0000
-350.3060 0.0000
-349.2617 0.0000
-349.6037 0.0000
-349.2372 0.0000
-349.8476 0.0000
-349.6357 0.0000
-348.8418 0.0000
-349.8710 0.0000
-350.0802 0.0000
-351.0435 0.0000
-350.6113 0.0000
-350.8236 0.0000
-350.4749 0.0000
-351.6154 0.0000
-350.9078 0.0000
-352.5859 0.0000
-351.5804 0.0000
-352.0548 0.0000
-352.4959 0.0000
-352.2702 0.0000
-352.6933 0.0000
-352.7018 0.0000
-352.1580 0.0000
-350.9922 0.0000
-352.4863 0.0000
-352.0756 0.0000
-352.4658 0.0000
-352.2267 0.0000
-352.4188 0.0000
-352.5457 0.0000
-351.6467 0.0000
-351.4843 0.0000
-352.7065 0.0000
-353.7118 0.0000
-352.5615 0.0000
-353.8051 0.0000
-352.6002 0.0000
-352.7692 0.0000
-352.8400 0.0000
-352.3452 0.0000
-352.4251 0.0000
-352.3856 0.0000
-354.0530 0.0000
-354.7042 0.0000
-355.3217 0.0000
-354.9297 0.0000
-354.2546 0.0000
-353.9311 0.0000
-353.1890 0.0000
-354.0089 0.0000
-353.8043 0.0000
-353.5644 0.0000
-352.0967 0.0000
-354.1739 0.0000
-355.2920 0.0000
-352.7687 0.0000
-353.3554 0.0000
-353.4101 0.0000
-353.5704 0.0000
-352.3514 0.0000
-352.3699 0.0000
-352.5077 0.0000
-351.8100 0.0000
-351.9883 0.0000
-352.3623 0.0000
-353.2218 0.0000
-352.3360 0.0000
-352.5970 0.0000
-353.0562 0.0000
-352.4011 0.0000
-354.3077 0.0000
-351.5266 0.0000
-352.6002 0.0000
-352.8077 0.0000
-354.3895 0.0000
-353.9753 0.0000
-354.0014 0.0000
-353.2536 0.0000
-352.5191 0.0000
-353.8976 0.0000
-354.3588 0.0000
-355.9824 0.0000
-356.8514 0.0000
-356.9246 0.0000
-355.9911 0.0000
-356.6084 0.0000
-355.9296 0.0000
-356.5784 0.0000
-356.9169 0.0000
-357.5432 0.0000
-355.7052 0.0000
-354.7207 0.0000
-354.8784 0.0000
-355.3711 0.0000
-354.2878 0.0000
-354.5852 0.0000
-354.6231 0.0000
-354.0270 0.0000
-353.2177 0.0000
-353.2970 0.0000
-353.0956 0.0000
-353.9688 0.0000
-355.2344 0.0000
-355.2285 0.0000
-354.6995 0.0000
-355.5914 0.0000
-356.4147 0.0000
-356.3169 0.0000
-355.5151 0.0000
-357.0122 0.0000
-357.0461 0.0000
-355.4782 0.0000
-356.3563 0.0000
-355.0039 0.0000
-354.7554 0.0000
-356.5053 0.0000
-355.0346 0.0000
-355.1054 0.0000
-356.2292 0.0000
-355.2083 0.0000
-356.1347 0.0000
-356.6946 0.0000
-357.6852 0.0000
-356.9559 0.0000
-356.7166 0.0000
-355.7806 0.0000
-355.9278 0.0000
-355.9817 0.0000
-355.9352 0.0000
-355.6928 0.0000
-354.9483 0.0000
-354.4789 0.0000
-353.9357 0.0000
-354.8232 0.0000
-354.4035 0.0000
-355.0505 0.0000
-353.7208 0.0000
-354.4477 0.0000
-352.1193 0.0000
-351.8301 0.0000
-352.0254 0.0000
-351.6505 0.0000
-352.4014 0.0000
-353.7271 0.0000
-353.3095 0.0000
-352.5451 0.0000
-352.2914 0.0000
-351.9741 0.0000
-352.3969 0.0000
-352.0386 0.0000
-352.3914 0.0000
-352.2046 0.0000
-351.4747 0.0000
-352.8114 0.0000
-350.3965 0.0000
-352.6943 0.0000
-352.8322 0.0000
-354.1345 0.0000
-352.0706 0.0000
-353.2633 0.0000
-355.2990 0.0000
-354.9056 0.0000
-354.6499 0.0000
-357.1188 0.0000
-357.2125 0.0000
-357.7027 0.0000
-355.4484 0.0000
-357.6538 0.0000
-358.0844 0.0000
-356.6139 0.0000
-360.5613 0.0000
-358.5095 0.0000
-356.4593 0.0000
-358.0820 0.0000
-358.6155 0.0000
-359.0424 0.0000
-359.6064 0.0000
-359.5102 0.0000
-359.9457 0.0000
-358.7326 0.0000
-358.9872 0.0000
-359.5475 0.0000
-357.2687 0.0000
-358.9804 0.0000
-360.1091 0.0000
-360.1060 0.0000
-357.3281 0.0000
-361.2671 0.0000
-359.5196 0.0000
-358.5140 0.0000
-358.7736 0.0000
-360.4038 0.0000
-357.9202 0.0000
-357.7198 0.0000
-357.7461 0.0000
-357.8329 0.0000
-357.9638 0.0000
-355.3125 0.0000
-355.6026 0.0000
-355.7149 0.0000
-354.7524 0.0000
-355.0206 0.0000
-355.1181 0.0000
-355.3240 0.0000
-355.9099 0.0000
-354.6402 0.0000
-354.1350 0.0000
-354.4190 0.0000
-354.7232 0.0000
-354.4117 0.0000
-352.8933 0.0000
-356.6310 0.0000
-355.0355 0.0000
-354.8743 0.0000
-355.6122 0.0000
-356.0869 0.0000
-358.2967 0.0000
-354.1746 0.0000
-353.7234 0.0000
-354.4247 0.0000
-353.6501 0.0000
-354.3523 0.0000
-355.0122 0.0000
-355.7281 0.0000
-352.7987 0.0000
-353.7443 0.0000
-353.2285 0.0000
-354.8011 0.0000
-356.7337 0.0000
-353.5469 0.0000
-354.6512 0.0000
-356.3642 0.0000
-354.4230 0.0000
-353.4343 0.0000
-353.3780 0.0000
-353.2071 0.0000
-352.2203 0.0000
-351.1600 0.0000
-352.1746 0.0000
-353.0007 0.0000
-351.3873 0.0000
-352.4171 0.0000
-350.7808 0.0000
-352.1926 0.0000
-354.2331 0.0000
-352.4923 0.0000
-352.5594 0.0000
-352.8939 0.0000
-352.5597 0.0000
-352.7094 0.0000
-352.6457 0.0000
-352.4256 0.0000
-351.7537 0.0000
-351.0453 0.0000
-349.4676 0.0000
-351.7455 0.0000
-353.5076 0.0000
-351.3050 0.0000
-352.3767 0.0000
-352.1609 0.0000
-350.4374 0.0000
-350.6600 0.0000
-352.0982 0.0000
-351.5720 0.0000
-350.6381 0.0000
-349.5458 0.0000
-349.3868 0.0000
-349.3942 0.0000
-350.3923 0.0000
-351.0708 0.0000
-350.3146 0.0000
-349.7000 0.0000
-349.8367 0.0000
-349.8753 0.0000
-349.4836 0.0000
-349.9594 0.0000
-349.4416 0.0000
-350.0798 0.0000
-351.4797 0.0000
-351.3880 0.0000
-350.9061 0.0000
-351.9311 0.0000
-350.0278 0.0000
-349.9870 0.0000
-351.8089 0.0000
-352.0441 0.0000
-351.2691 0.0000
-350.2505 0.0000
-350.5501 0.0000
-352.4100 0.0000
-351.3209 0.0000
-351.8615 0.0000
-351.5097 0.0000
-352.2012 0.0000
-351.1954 0.0000
-351.1964 0.0000
-350.7861 0.0000
-350.7973 0.0000
-351.0199 0.0000
-351.7731 0.0000
-351.2319 0.0000
-351.4775 0.0000
-350.4779 0.0000
-348.9163 0.0000
-351.0224 0.0000
-350.2892 0.0000
-350.6724 0.0000
-350.7380 0.0000
-351.9434 0.0000
-349.6410 0.0000
-349.3508 0.0000
-351.9799 0.0000
-349.3364 0.0000
-348.3482 0.0000
-347.8362 0.0000
-349.1723 0.0000
-348.6928 0.0000
-347.1724 0.0000
-348.7301 0.0000
-347.0973 0.0000
-346.6738 0.0000
-347.0473 0.0000
-347.0284 0.0000
-346.1413 0.0000
-347.0897 0.0000
-346.4248 0.0000
-345.8890 0.0000
-345.2178 0.0000
-345.7930 0.0000
-345.1194 0.0000
-344.4830 0.0000
-344.9191 0.0000
-344.9496 0.0000
-345.3178 0.0000
-345.6488 0.0000
-345.8672 0.0000
-345.6389 0.0000
-345.9884 0.0000
-345.8907 0.0000
-345.7198 0.0000
-346.8314 0.0000
-346.7689 0.0000
-346.8455 0.0000
-347.0954 0.0000
-346.9988 0.0000
-345.3152 0.0000
-349.0598 0.0000
-348.8331 0.0000
-349.5856 0.0000
-349.7511 0.0000
-348.4702 0.0000
-349.7019 0.0000
-349.9549 0.0000
-347.7954 0.0000
-349.4653 0.0000
-350.6383 0.0000
-350.8089 0.0000
-350.1206 0.0000
-349.5056 0.0000
-349.6641 0.0000
-349.7386 0.0000
-348.6673 0.0000
-350.0688 0.0000
-349.3785 0.0000
-348.6372 0.0000
-348.8561 0.0000
-349.0113 0.0000
-348.9460 0.0000
-349.0046 0.0000
-348.4792 0.0000
-348.4584 0.0000
-347.9211 0.0000
-348.2319 0.0000
-348.3114 0.0000
-348.1861 0.0000
-348.1329 0.0000
-348.4245 0.0000
-348.3516 0.0000
-348.3459 0.0000
-348.3652 0.0000
-348.1856 0.0000
-347.8341 0.0000
-348.2917 0.0000
-349.3394 0.0000
-348.4960 0.0000
-349.2227 0.0000
-348.2770 0.0000
-348.4941 0.0000
-349.0582 0.0000
-349.0230 0.0000
-347.9002 0.0000
-347.0674 0.0000
-348.2812 0.0000
-349.4960 0.0000
-346.3376 0.0000
-349.3370 0.0000
-349.9671 0.0000
-349.1081 0.0000
-348.7709 0.0000
-348.0128 0.0000
-348.6413 0.0000
-348.3433 0.0000
-348.7817 0.0000
-348.2035 0.0000
-347.3533 0.0000
-348.3167 0.0000
-349.1626 0.0000
-348.4007 0.0000
-349.9470 0.0000
-349.7679 0.0000
-347.1328 0.0000
-346.7576 0.0000
-347.1238 0.0000
-347.6037 0.0000
-348.5457 0.0000
-348.8076 0.0000
-348.6831 0.0000
-349.7626 0.0000
-348.6188 0.0000
-348.1169 0.0000
-348.4710 0.0000
-348.0472 0.0000
-348.9454 0.0000
-349.0504 0.0000
-349.6683 0.0000
-348.3193 0.0000
-348.4804 0.0000
-347.8501 0.0000
-347.3216 0.0000
-346.8760 0.0000
-346.1332 0.0000
-346.3926 0.0000
-347.0128 0.0000
-346.9210 0.0000
-347.2889 0.0000
-348.5580 0.0000
-348.7164 0.0000
-348.9290 0.0000
-349.7387 0.0000
-350.3769 0.0000
-352.5569 0.0000
-347.5531 0.0000
-348.4335 0.0000
-350.3391 0.0000
-346.3485 0.0000
-346.2668 0.0000
-346.9273 0.0000
-348.0038 0.0000
-347.8178 0.0000
-348.8562 0.0000
-347.9376 0.0000
-348.8591 0.0000
-349.3250 0.0000
-350.4119 0.0000
-348.8266 0.0000
-347.0582 0.0000
-347.8307 0.0000
-347.7081 0.0000
-349.3225 0.0000
-348.4505 0.0000
-351.0626 0.0000
-349.5764 0.0000
-349.9911 0.0000
-349.5637 0.0000
-351.6820 0.0000
-354.4771 0.0000
-350.8629 0.0000
-351.8258 0.0000
-351.3591 0.0000
-350.1351 0.0000
-351.2512 0.0000
-351.4683 0.0000
-352.9968 0.0000
-353.2704 0.0000
-355.5946 0.0000
-353.4225 0.0000
-353.2200 0.0000
-352.0299 0.0000
-350.2671 0.0000
-349.9117 0.0000
-349.7716 0.0000
-349.7291 0.0000
-349.2104 0.0000
-347.0250 0.0000
-346.9123 0.0000
-346.6378 0.0000
-346.8416 0.0000
-348.1106 0.0000
-349.6047 0.0000
-347.8307 0.0000
-346.1123 0.0000
-347.2625 0.0000
-347.4619 0.0000
-348.3448 0.0000
-347.2248 0.0000
-347.1819 0.0000
-347.3523 0.0000
-348.5946 0.0000
-346.7541 0.0000
-346.9166 0.0000
-347.7683 0.0000
-346.6953 0.0000
-348.4634 0.0000
-347.8988 0.0000
-348.5708 0.0000
-347.7311 0.0000
-346.2860 0.0000
-346.2401 0.0000
-345.5882 0.0000
-346.5981 0.0000
-346.7349 0.0000
-346.7141 0.0000
-346.1912 0.0000
-347.3070 0.0000
-347.7113 0.0000
-346.7814 0.0000
-348.0744 0.0000
-347.9532 0.0000
-347.4767 0.0000
-347.6684 0.0000
-347.5488 0.0000
-348.0639 0.0000
-346.2248 0.0000
-346.2230 0.0000
-347.0684 0.0000
-345.3255 0.0000
-345.7419 0.0000
-346.5223 0.0000
-345.8981 0.0000
-344.8315 0.0000
-344.8089 0.0000
-344.4318 0.0000
-344.4282 0.0000
-343.9115 0.0000
-344.4587 0.0000
-343.8112 0.0000
-342.6124 0.0000
-342.2325 0.0000
-342.9510 0.0000
-342.5237 0.0000
-342.8962 0.0000
-342.5407 0.0000
-342.4366 0.0000
-343.1531 0.0000
-342.0095 0.0000
-342.7554 0.0000
-343.3544 0.0000
-344.1227 0.0000
-342.5147 0.0000
-341.4121 0.0000
-341.1771 0.0000
-340.2788 0.0000
-339.8845 0.0000
-340.4554 0.0000
-340.6455 0.0000
-339.9784 0.0000
-339.1631 0.0000
-339.4684 0.0000
-339.6621 0.0000
-339.1780 0.0000
-339.5819 0.0000
-339.6543 0.0000
-339.1611 0.0000
-339.4760 0.0000
-339.5203 0.0000
-339.6734 0.0000
-339.2722 0.0000
-339.8180 0.0000
-339.3385 0.0000
-340.1074 0.0000
-340.3726 0.0000
-340.1842 0.0000
-340.4844 0.0000
-341.4057 0.0000
-341.7721 0.0000
-341.8714 0.0000
-341.8596 0.0000
-342.1478 0.0000
-341.4055 0.0000
-342.3928 0.0000
-341.3673 0.0000
-341.9428 0.0000
-342.1505 0.0000
-342.7053 0.0000
-342.6482 0.0000
-343.0274 0.0000
-342.9240 0.0000
-342.8265 0.0000
-342.9467 0.0000
-341.7619 0.0000
-343.3096 0.0000
-342.0755 0.0000
-341.7713 0.0000
-342.2089 0.0000
-342.2863 0.0000
-341.4435 0.0000
-341.5160 0.0000
-342.6391 0.0000
-342.2211 0.0000
-341.1496 0.0000
-341.9356 0.0000
-341.9689 0.0000
-340.8431 0.0000
-342.5431 0.0000
-343.8232 0.0000
-344.4467 0.0000
-343.5816 0.0000
-342.5694 0.0000
-342.5457 0.0000
-342.3815 0.0000
-342.5364 0.0000
-343.5405 0.0000
-344.0845 0.0000
-343.2786 0.0000
-343.7069 0.0000
-342.8563 0.0000
-343.5786 0.0000
-344.6359 0.0000
-343.9549 0.0000
-343.8148 0.0000
-342.9153 0.0000
-344.5069 0.0000
-342.8336 0.0000
-344.2006 0.0000
-342.3310 0.0000
-342.1737 0.0000
-342.1394 0.0000
-342.8306 0.0000
-342.9200 0.0000
-342.4223 0.0000
-342.8539 0.0000
-343.2747 0.0000
-342.8401 0.0000
-343.1900 0.0000
-342.9519 0.0000
-344.1416 0.0000
-343.4751 0.0000
-343.1636 0.0000
-342.8609 0.0000
-343.6514 0.0000
-344.1463 0.0000
-342.7165 0.0000
-344.1663 0.0000
-343.6702 0.0000
-343.7666 0.0000
-343.7083 0.0000
-344.1503 0.0000
-344.2483 0.0000
-343.0420 0.0000
-344.1523 0.0000
-342.9612 0.0000
-341.5749 0.0000
-343.0345 0.0000
-344.2329 0.0000
-344.4360 0.0000
-344.6825 0.0000
-344.4919 0.0000
-344.2957 0.0000
-345.7849 0.0000
-347.2943 0.0000
-345.9457 0.0000
-345.2866 0.0000
-344.9204 0.0000
-344.9068 0.0000
-344.0535 0.0000
-343.7148 0.0000
-345.4630 0.0000
-345.1049 0.0000
-345.9958 0.0000
-346.0085 0.0000
-345.5418 0.0000
-345.2960 0.0000
-346.4544 0.0000
-344.5410 0.0000
-343.9448 0.0000
-344.7532 0.0000
-345.0517 0.0000
-344.0710 0.0000
-344.9991 0.0000
-344.3235 0.0000
-344.2787 0.0000
-343.8139 0.0000
-344.2798 0.0000
-344.6323 0.0000
-344.8807 0.0000
-344.9809 0.0000
-345.5426 0.0000
-345.1268 0.0000
-343.9047 0.0000
-344.5335 0.0000
-344.8224 0.0000
-345.0957 0.0000
-346.1802 0.0000
-345.4705 0.0000
-346.0679 0.0000
-346.6796 0.0000
-345.7846 0.0000
-344.7894 0.0000
-344.2331 0.0000
-344.0205 0.0000
-343.6205 0.0000
-343.1512 0.0000
-343.3200 0.0000
-342.8088 0.0000
-343.1702 0.0000
-342.4511 0.0000
-341.4441 0.0000
-341.1868 0.0000
-341.2947 0.0000
-340.9073 0.0000
-340.5605 0.0000
-341.2133 0.0000
-341.2912 0.0000
-342.3467 0.0000
-341.5451 0.0000
-340.9662 0.0000
-341.8599 0.0000
-342.7026 0.0000
-343.7188 0.0000
-342.7997 0.0000
-342.0971 0.0000
-342.0440 0.0000
-342.0416 0.0000
-342.4185 0.0000
-343.0454 0.0000
-341.3789 0.0000
-341.1297 0.0000
-341.5423 0.0000
-341.3525 0.0000
-341.5367 0.0000
-341.2182 0.0000
-340.6606 0.0000
-340.9781 0.0000
-341.2930 0.0000
-341.1897 0.0000
-341.6129 0.0000
-341.9665 0.0000
-341.2695 0.0000
-340.7672 0.0000
-341.3372 0.0000
-341.8828 0.0000
-341.0751 0.0000
-341.8171 0.0000
-340.9802 0.0000
-341.5521 0.0000
-341.1099 0.0000
-341.1622 0.0000
-341.2515 0.0000
-341.0785 0.0000
-341.1776 0.0000
-340.9568 0.0000
-341.0717 0.0000
-339.5263 0.0000
-339.3793 0.0000
-339.1007 0.0000
-338.9518 0.0000
-339.2348 0.0000
-338.7614 0.0000
-338.6872 0.0000
-338.9046 0.0000
-339.3475 0.0000
-338.6980 0.0000
-339.4594 0.0000
-339.9586 0.0000
-338.6882 0.0000
-338.7031 0.0000
-338.5700 0.0000
-338.1322 0.0000
-338.6759 0.0000
-338.5807 0.0000
-339.2467 0.0000
-339.0896 0.0000
-339.2971 0.0000
-338.7547 0.0000
-339.9531 0.0000
-339.7741 0.0000
-338.7207 0.0000
-339.4468 0.0000
-339.8422 0.0000
-339.3957 0.0000
-338.6129 0.0000
-338.1852 0.0000
-338.6111 0.0000
-338.2100 0.0000
-338.4401 0.0000
-338.2036 0.0000
-337.9733 0.0000
-338.2553 0.0000
-338.3835 0.0000
-338.2073 0.0000
-338.4272 0.0000
-337.8460 0.0000
-337.2646 0.0000
-338.1450 0.0000
-338.6262 0.0000
-338.5376 0.0000
-338.3932 0.0000
-338.8612 0.0000
-338.7304 0.0000
-338.6769 0.0000
-338.7157 0.0000
-339.0083 0.0000
-339.1402 0.0000
-338.5257 0.0000
-338.2929 0.0000
-338.7891 0.0000
-338.7129 0.0000
-339.1530 0.0000
-338.8756 0.0000
-339.0011 0.0000
-339.0114 0.0000
-339.2507 0.0000
-339.5332 0.0000
-339.3977 0.0000
-339.0770 0.0000
-339.2560 0.0000
-339.2299 0.0000
-338.6649 0.0000
-339.2143 0.0000
-339.3984 0.0000
-339.4444 0.0000
-339.2825 0.0000
-339.4092 0.0000
-339.5831 0.0000
-339.7045 0.0000
-339.6760 0.0000
-339.6868 0.0000
-339.3213 0.0000
-339.1390 0.0000
-338.9104 0.0000
-338.7757 0.0000
-339.6357 0.0000
-339.4057 0.0000
-339.6428 0.0000
-339.1196 0.0000
-338.9121 0.0000
-339.4914 0.0000
-339.0749 0.0000
-339.5307 0.0000
-339.4393 0.0000
-338.8233 0.0000
-338.7423 0.0000
-339.6389 0.0000
-339.2806 0.0000
-339.4641 0.0000
-339.6109 0.0000
-339.4911 0.0000
-339.3422 0.0000
-339.4671 0.0000
-339.8055 0.0000
-339.0231 0.0000
-339.3449 0.0000
-339.3303 0.0000
-339.3054 0.0000
-338.9468 0.0000
-338.7083 0.0000
-338.5150 0.0000
-338.7442 0.0000
-338.8988 0.0000
-338.4308 0.0000
-338.8584 0.0000
-338.7329 0.0000
-338.9900 0.0000
-339.0249 0.0000
-338.7919 0.0000
-338.7176 0.0000
-338.9938 0.0000
-338.9854 0.0000
-339.2848 0.0000
-339.2614 0.0000
-339.2015 0.0000
-339.4143 0.0000
-339.2880 0.0000
-338.9633 0.0000
-339.3700 0.0000
-339.4987 0.0000
-339.2349 0.0000
-339.4406 0.0000
-339.1633 0.0000
-340.0372 0.0000
-340.1054 0.0000
-340.3683 0.0000
-340.0337 0.0000
-340.2160 0.0000
-340.4381 0.0000
-340.4882 0.0000
-340.3042 0.0000
-340.8809 0.0000
-340.8810 0.0000
-340.4118 0.0000
-340.6714 0.0000
-340.8454 0.0000
-340.7798 0.0000
-340.6773 0.0000
-340.1572 0.0000
-341.0630 0.0000
-340.6798 0.0000
-341.3933 0.0000
-341.3369 0.0000
-340.2481 0.0000
-340.2848 0.0000
-340.2497 0.0000
-340.5708 0.0000
-341.2755 0.0000
-340.6524 0.0000
-340.4012 0.0000
-340.7607 0.0000
-340.9066 0.0000
-340.7499 0.0000
-340.2838 0.0000
-340.4843 0.0000
-340.5009 0.0000
-340.3613 0.0000
-339.9575 0.0000
-340.4286 0.0000
-340.1560 0.0000
-340.4581 0.0000
-340.6463 0.0000
-340.4095 0.0000
-340.4072 0.0000
-341.0927 0.0000
-341.4398 0.0000
-341.7912 0.0000
-341.3041 0.0000
-341.1312 0.0000
-340.9663 0.0000
-341.9500 0.0000
-341.6767 0.0000
-341.0027 0.0000
-340.9514 0.0000
-341.3484 0.0000
-340.9513 0.0000
-340.8973 0.0000
-340.2363 0.0000
-341.1853 0.0000
-342.5405 0.0000
-341.4821 0.0000
-340.8057 0.0000
-340.6641 0.0000
-340.9448 0.0000
-340.5692 0.0000
-340.7204 0.0000
-341.0116 0.0000
-340.9043 0.0000
-341.0701 0.0000
-340.9270 0.0000
-340.5362 0.0000
-340.9012 0.0000
-341.1239 0.0000
-341.1393 0.0000
-341.2386 0.0000
-340.8986 0.0000
-341.1119 0.0000
-340.7615 0.0000
-341.4106 0.0000
-341.6247 0.0000
-341.3607 0.0000
-341.2247 0.0000
-341.4828 0.0000
-341.8009 0.0000
-341.3068 0.0000
-341.1427 0.0000
-341.1771 0.0000
-340.8450 0.0000
-341.1491 0.0000
-341.1652 0.0000
-341.1272 0.0000
-340.7559 0.0000
-340.4847 0.0000
-340.6299 0.0000
-340.4570 0.0000
-340.1746 0.0000
-340.0910 0.0000
-339.9553 0.0000
-339.6220 0.0000
-339.5619 0.0000
-339.5789 0.0000
-339.6239 0.0000
-339.5821 0.0000
-339.5817 0.0000
-339.9362 0.0000
-340.1883 0.0000
-340.1375 0.0000
-340.4889 0.0000
-340.1601 0.0000
-340.3138 0.0000
-339.8149 0.0000
-340.0141 0.0000
-339.5302 0.0000
-339.8077 0.0000
-340.1467 0.0000
-340.1649 0.0000
-339.8482 0.0000
-340.3301 0.0000
-340.1356 0.0000
-340.2378 0.0000
-340.4320 0.0000
-340.0442 0.0000
-340.0513 0.0000
-340.1906 0.0000
-339.9699 0.0000
-340.0176 0.0000
-340.0120 0.0000
-339.6440 0.0000
-339.5627 0.0000
-339.1913 0.0000
-339.4865 0.0000
-339.1539 0.0000
-338.9354 0.0000
-339.0226 0.0000
-339.0510 0.0000
-339.1541 0.0000
-339.1323 0.0000
-339.2881 0.0000
-339.3461 0.0000
-339.4233 0.0000
-339.3905 0.0000
-339.0837 0.0000
-339.0180 0.0000
-338.8840 0.0000
-338.7288 0.0000
-338.7641 0.0000
-338.5679 0.0000
-338.4927 0.0000
-338.2294 0.0000
-338.5505 0.0000
-338.5683 0.0000
-338.4000 0.0000
-338.5091 0.0000
-338.5082 0.0000
-338.2772 0.0000
-338.1495 0.0000
-338.3368 0.0000
-338.4783 0.0000
-338.4140 0.0000
-338.3654 0.0000
-338.1831 0.0000
-337.9061 0.0000
-338.5537 0.0000
-338.2435 0.0000
-337.9438 0.0000
-338.1302 0.0000
-338.0650 0.0000
-338.0745 0.0000
-338.1808 0.0000
-338.3411 0.0000
-338.3643 0.0000
-338.5375 0.0000
-338.0934 0.0000
-338.0484 0.0000
-337.8477 0.0000
-338.0708 0.0000
-337.8804 0.0000
-337.9604 0.0000
-338.2913 0.0000
-338.0344 0.0000
-337.9982 0.0000
-338.0894 0.0000
-337.9873 0.0000
-337.8597 0.0000
-338.1600 0.0000
-338.1273 0.0000
-338.0702 0.0000
-338.2086 0.0000
-338.3002 0.0000
-337.9700 0.0000
-337.9506 0.0000
-338.0111 0.0000
-337.9420 0.0000
-337.8266 0.0000
-338.1182 0.0000
-337.9922 0.0000
-338.2656 0.0000
-337.8448 0.0000
-338.0019 0.0000
-337.9295 0.0000
-337.9881 0.0000
-337.8372 0.0000
-337.9765 0.0000
-337.9590 0.0000
-338.0552 0.0000
-337.6653 0.0000
-337.9938 0.0000
-338.0132 0.0000
-338.0207 0.0000
-338.0143 0.0000
-337.9667 0.0000
-337.8748 0.0000
-337.9271 0.0000
-337.6614 0.0000
-337.6180 0.0000
-337.6026 0.0000
-337.3776 0.0000
-337.2777 0.0000
-337.0022 0.0000
-337.0983 0.0000
-336.9539 0.0000
-337.3330 0.0000
-337.2690 0.0000
-337.1661 0.0000
-337.0121 0.0000
-337.2539 0.0000
-337.2929 0.0000
-337.3025 0.0000
-337.4835 0.0000
-337.4569 0.0000
-337.6145 0.0000
-337.6487 0.0000
-337.3268 0.0000
-337.4295 0.0000
-337.6003 0.0000
-337.3703 0.0000
-337.5342 0.0000
-337.8891 0.0000
-337.4439 0.0000
-337.7480 0.0000
-337.2035 0.0000
-337.2239 0.0000
-337.3549 0.0000
-337.1778 0.0000
-336.9550 0.0000
-336.9807 0.0000
-337.1493 0.0000
-337.1873 0.0000
-337.3641 0.0000
-337.1826 0.0000
-337.1887 0.0000
-336.9197 0.0000
-337.1683 0.0000
-337.1544 0.0000
-337.1247 0.0000
-337.1004 0.0000
-336.8860 0.0000
-337.4084 0.0000
-337.2145 0.0000
-337.0767 0.0000
-337.4189 0.0000
-337.2743 0.0000
-337.4222 0.0000
-337.5751 0.0000
-337.5751 0.0000
-337.3876 0.0000
-337.6185 0.0000
-337.6078 0.0000
-337.7710 0.0000
-337.5098 0.0000
-337.6835 0.0000
-337.6537 0.0000
-337.5196 0.0000
-337.3657 0.0000
-337.6046 0.0000
-337.4842 0.0000
-337.4099 0.0000
-337.3669 0.0000
-337.3099 0.0000
-337.2652 0.0000
-337.4118 0.0000
-337.5447 0.0000
-337.7475 0.0000
-337.7161 0.0000
-337.6656 0.0000
-337.4592 0.0000
-337.6838 0.0000
-337.7674 0.0000
-337.4744 0.0000
-337.3794 0.0000
-337.5844 0.0000
-337.5870 0.0000
-337.6677 0.0000
-337.7035 0.0000
-337.8534 0.0000
-337.6922 0.0000
-337.5709 0.0000
-337.3366 0.0000
-337.1966 0.0000
-337.0103 0.0000
-336.7406 0.0000
-336.9199 0.0000
-337.0106 0.0000
-336.5221 0.0000
-336.2804 0.0000
-336.3730 0.0000
-336.2218 0.0000
-336.5480 0.0000
-336.4943 0.0000
-336.6589 0.0000
-336.5590 0.0000
-336.9785 0.0000
-337.0980 0.0000
-337.5850 0.0000
-337.6368 0.0000
-337.4160 0.0000
-337.3912 0.0000
-337.4347 0.0000
-337.4573 0.0000
-337.2756 0.0000
-337.5131 0.0000
-337.6156 0.0000
-338.0183 0.0000
-337.9811 0.0000
-337.9826 0.0000
-337.9191 0.0000
-337.9563 0.0000
-337.7621 0.0000
-338.3054 0.0000
-338.3178 0.0000
-338.2824 0.0000
-338.3114 0.0000
-338.3102 0.0000
-338.3705 0.0000
-338.2569 0.0000
-338.2744 0.0000
-338.5457 0.0000
-338.3909 0.0000
-338.2519 0.0000
-338.2910 0.0000
-338.1917 0.0000
-338.0435 0.0000
-337.6808 0.0000
-337.6332 0.0000
-337.2856 0.0000
-337.3163 0.0000
-337.3302 0.0000
-337.2086 0.0000
-337.0757 0.0000
-336.5539 0.0000
-336.8328 0.0000
-336.4387 0.0000
-336.3112 0.0000
-336.0743 0.0000
-335.9979 0.0000
-336.1793 0.0000
-336.3460 0.0000
-336.2084 0.0000
-336.1987 0.0000
-335.8519 0.0000
-336.2713 0.0000
-336.2350 0.0000
-336.2015 0.0000
-336.3142 0.0000
-336.1075 0.0000
-336.2064 0.0000
-335.6233 0.0000
-336.1131 0.0000
-336.1592 0.0000
-336.2602 0.0000
-336.6502 0.0000
-337.0194 0.0000
-337.2248 0.0000
-337.9263 0.0000
-337.8260 0.0000
-337.9339 0.0000
-337.6153 0.0000
-337.3580 0.0000
-337.4413 0.0000
-337.4380 0.0000
-337.6040 0.0000
-338.0249 0.0000
-338.1227 0.0000
-338.0206 0.0000
-338.4083 0.0000
-338.2394 0.0000
-338.3986 0.0000
-338.2933 0.0000
-338.3665 0.0000
-339.0816 0.0000
-339.0196 0.0000
-339.3008 0.0000
-339.1844 0.0000
-338.8779 0.0000
-339.4961 0.0000
-339.8068 0.0000
-340.0081 0.0000
-340.2843 0.0000
-340.2685 0.0000
-340.1664 0.0000
-340.4402 0.0000
-340.1888 0.0000
-340.0640 0.0000
-340.0951 0.0000
-340.0323 0.0000
-339.6163 0.0000
-339.2015 0.0000
-338.8737 0.0000
-338.5627 0.0000
-338.5412 0.0000
-338.2233 0.0000
-337.7784 0.0000
-337.8417 0.0000
-338.0223 0.0000
-338.1753 0.0000
-338.5042 0.0000
-338.3942 0.0000
-339.1017 0.0000
-338.7478 0.0000
-338.1110 0.0000
-338.7057 0.0000
-337.8267 0.0000
-337.7968 0.0000
-337.5264 0.0000
-337.5022 0.0000
-337.5785 0.0000
-337.6323 0.0000
-337.8944 0.0000
-338.0514 0.0000
-337.7997 0.0000
-337.7933 0.0000
-338.1726 0.0000
-337.7895 0.0000
-337.8397 0.0000
-337.7964 0.0000
-337.3785 0.0000
-337.2282 0.0000
-337.4533 0.0000
-337.4059 0.0000
-336.8578 0.0000
-337.0294 0.0000
-336.8674 0.0000
-336.9279 0.0000
-336.8143 0.0000
-336.7665 0.0000
-336.7973 0.0000
-336.7817 0.0000
-336.9779 0.0000
-337.0380 0.0000
-336.8874 0.0000
-336.9541 0.0000
-336.8307 0.0000
-336.9095 0.0000
-336.5878 0.0000
-336.1160 0.0000
-335.9205 0.0000
-335.7278 0.0000
-335.6578 0.0000
-335.9666 0.0000
-335.9084 0.0000
-335.5904 0.0000
-335.4927 0.0000
-335.3289 0.0000
-335.1799 0.0000
-335.4220 0.0000
-335.6433 0.0000
-335.4630 0.0000
-335.6466 0.0000
-335.9722 0.0000
-336.0986 0.0000
-336.3257 0.0000
-336.4862 0.0000
-336.1667 0.0000
-336.0743 0.0000
-336.3944 0.0000
-336.6024 0.0000
-336.6841 0.0000
-336.3792 0.0000
-336.2735 0.0000
-337.0025 0.0000
-336.9452 0.0000
-337.2421 0.0000
-337.4944 0.0000
-337.0978 0.0000
-337.3677 0.0000
-337.1333 0.0000
-336.5233 0.0000
-336.4551 0.0000
-336.1892 0.0000
-336.0262 0.0000
-336.0109 0.0000
-336.2025 0.0000
-336.7182 0.0000
-336.5455 0.0000
-336.5770 0.0000
-336.3671 0.0000
-336.5548 0.0000
-336.3065 0.0000
-336.2790 0.0000
-336.1154 0.0000
-336.2750 0.0000
-336.4580 0.0000
-336.3574 0.0000
-336.4764 0.0000
-336.6550 0.0000
-336.4555 0.0000
-336.4381 0.0000
-336.5526 0.0000
-336.6498 0.0000
-337.0870 0.0000
-337.0261 0.0000
-336.9810 0.0000
-337.3172 0.0000
-336.8824 0.0000
-336.4861 0.0000
-336.1411 0.0000
-336.1376 0.0000
-336.1012 0.0000
-336.2654 0.0000
-336.2227 0.0000
-336.3368 0.0000
-336.1571 0.0000
-336.2590 0.0000
-336.4855 0.0000
-336.2827 0.0000
-336.2421 0.0000
-336.2027 0.0000
-336.2652 0.0000
-335.9344 0.0000
-336.2555 0.0000
-336.3219 0.0000
-336.3990 0.0000
-336.4389 0.0000
-336.5767 0.0000
-336.1977 0.0000
-336.3576 0.0000
-335.9902 0.0000
-336.2733 0.0000
-336.1000 0.0000
-336.2245 0.0000
-336.4803 0.0000
-336.3773 0.0000
-336.2056 0.0000
-336.1149 0.0000
-336.1837 0.0000
-336.2163 0.0000
-336.1453 0.0000
-335.9942 0.0000
-336.1338 0.0000
-335.8510 0.0000
-336.0237 0.0000
-336.2801 0.0000
-336.3044 0.0000
-336.2022 0.0000
-336.1610 0.0000
-336.2448 0.0000
-336.3498 0.0000
-336.4436 0.0000
-336.2537 0.0000
-335.9948 0.0000
-336.1380 0.0000
-336.3762 0.0000
-336.7673 0.0000
-337.0027 0.0000
-336.9392 0.0000
-336.5137 0.0000
-336.2191 0.0000
-336.0686 0.0000
-336.1674 0.0000
-335.9357 0.0000
-336.1099 0.0000
-335.9908 0.0000
-336.2171 0.0000
-336.3396 0.0000
-336.1654 0.0000
-335.9187 0.0000
-335.8953 0.0000
-335.9715 0.0000
-335.8398 0.0000
-335.8953 0.0000
-335.7618 0.0000
-335.2593 0.0000
-335.1253 0.0000
-334.8404 0.0000
-334.9777 0.0000
-334.9918 0.0000
-335.5647 0.0000
-335.3918 0.0000
-335.5757 0.0000
-335.3707 0.0000
-335.0027 0.0000
-335.0046 0.0000
-335.0929 0.0000
-335.1282 0.0000
-335.2536 0.0000
-335.3777 0.0000
-335.2886 0.0000
-335.2233 0.0000
-335.1858 0.0000
-335.0432 0.0000
-334.9027 0.0000
-334.7160 0.0000
-334.8319 0.0000
-335.2142 0.0000
-335.3380 0.0000
-335.5120 0.0000
-335.5128 0.0000
-335.3589 0.0000
-335.5609 0.0000
-335.5648 0.0000
-335.6046 0.0000
-335.5150 0.0000
-335.6477 0.0000
-335.5704 0.0000
-335.5479 0.0000
-335.6706 0.0000
-335.6353 0.0000
-335.5262 0.0000
-335.5198 0.0000
-335.5702 0.0000
-335.9099 0.0000
-335.4664 0.0000
-335.7388 0.0000
-335.7188 0.0000
-335.5666 0.0000
-335.6665 0.0000
-335.4003 0.0000
-335.8124 0.0000
-335.6886 0.0000
-335.7698 0.0000
-335.7025 0.0000
-335.7870 0.0000
-335.8274 0.0000
-336.1501 0.0000
-336.4028 0.0000
-336.2811 0.0000
-336.3154 0.0000
-336.2902 0.0000
-336.3937 0.0000
-336.2270 0.0000
-336.2951 0.0000
-336.3828 0.0000
-336.3464 0.0000
-336.6265 0.0000
-336.5765 0.0000
-336.3751 0.0000
-336.7993 0.0000
-336.9289 0.0000
-336.9034 0.0000
-336.9200 0.0000
-337.2483 0.0000
-337.1215 0.0000
-337.0697 0.0000
-336.9896 0.0000
-337.0309 0.0000
-336.9340 0.0000
-337.2537 0.0000
-337.2668 0.0000
-337.6173 0.0000
-337.5919 0.0000
-337.6662 0.0000
-337.8823 0.0000
-338.0286 0.0000
-337.9296 0.0000
-337.8717 0.0000
-337.7803 0.0000
-337.7516 0.0000
-337.6893 0.0000
-337.6532 0.0000
-337.5877 0.0000
-337.6300 0.0000
-337.4637 0.0000
-337.7750 0.0000
-337.8826 0.0000
-337.9104 0.0000
-338.0741 0.0000
-338.0644 0.0000
-338.0834 0.0000
-338.1239 0.0000
-338.0884 0.0000
-338.1949 0.0000
-338.1786 0.0000
-338.1960 0.0000
-338.2338 0.0000
-338.2953 0.0000
-338.3283 0.0000
-338.2874 0.0000
-338.1791 0.0000
-338.4428 0.0000
-338.2459 0.0000
-338.1128 0.0000
-338.0345 0.0000
-338.0745 0.0000
-338.0903 0.0000
-338.0474 0.0000
-338.0452 0.0000
-337.9129 0.0000
-337.7995 0.0000
-337.9784 0.0000
-337.9874 0.0000
-337.9138 0.0000
-337.8296 0.0000
-337.6899 0.0000
-337.8395 0.0000
-337.8470 0.0000
-337.8272 0.0000
-337.7916 0.0000
-338.0236 0.0000
-337.7716 0.0000
-337.9190 0.0000
-337.5038 0.0000
-337.6137 0.0000
-337.4892 0.0000
-337.5430 0.0000
-337.5325 0.0000
-337.4567 0.0000
-337.6410 0.0000
-337.4758 0.0000
-337.5920 0.0000
-337.4700 0.0000
-337.5239 0.0000
-337.5601 0.0000
-337.4677 0.0000
-337.5536 0.0000
-337.3425 0.0000
-337.3614 0.0000
-337.5327 0.0000
-337.4904 0.0000
-337.5946 0.0000
-337.5250 0.0000
-337.6632 0.0000
-337.6778 0.0000
-337.6860 0.0000
-337.7586 0.0000
-337.6935 0.0000
-337.6648 0.0000
-337.7199 0.0000
-337.7446 0.0000
-337.5757 0.0000
-337.5759 0.0000
-337.6772 0.0000
-337.5552 0.0000
-337.7111 0.0000
-337.4975 0.0000
-337.1371 0.0000
-337.4645 0.0000
-337.6460 0.0000
-337.5185 0.0000
-337.4767 0.0000
-337.5231 0.0000
-337.6235 0.0000
-337.6769 0.0000
-337.7394 0.0000
-337.3273 0.0000
-337.7089 0.0000
-337.6498 0.0000
-337.6752 0.0000
-337.6543 0.0000
-337.5989 0.0000
-337.6363 0.0000
-337.6105 0.0000
-337.4010 0.0000
-337.6761 0.0000
-337.7601 0.0000
-337.2628 0.0000
-337.6552 0.0000
-337.6824 0.0000
-337.7861 0.0000
-337.3913 0.0000
-337.5722 0.0000
-337.3566 0.0000
-337.5201 0.0000
-337.6110 0.0000
-337.5221 0.0000
-337.6944 0.0000
-337.4074 0.0000
-337.1970 0.0000
-337.3262 0.0000
-337.1770 0.0000
-337.5417 0.0000
-337.0305 0.0000
-337.1074 0.0000
-337.3241 0.0000
-337.2822 0.0000
-337.2253 0.0000
-337.2842 0.0000
-337.0963 0.0000
-337.0821 0.0000
-337.0995 0.0000
-337.2685 0.0000
-337.2132 0.0000
-336.9110 0.0000
-337.1730 0.0000
-337.1346 0.0000
-337.0440 0.0000
-336.8629 0.0000
-336.9964 0.0000
-336.8818 0.0000
-336.9676 0.0000
-337.0913 0.0000
-337.1705 0.0000
-337.2963 0.0000
-337.4705 0.0000
-337.2847 0.0000
-337.4924 0.0000
-337.3299 0.0000
-337.3454 0.0000
-337.2289 0.0000
-337.4331 0.0000
-337.4100 0.0000
-337.1346 0.0000
-337.4990 0.0000
-337.4264 0.0000
-337.3358 0.0000
-337.3015 0.0000
-337.3654 0.0000
-337.4067 0.0000
-337.5600 0.0000
-337.2087 0.0000
-337.3410 0.0000
-337.2625 0.0000
-337.0741 0.0000
-337.0747 0.0000
-336.7871 0.0000
-337.0022 0.0000
-336.8779 0.0000
-336.5194 0.0000
-336.9158 0.0000
-336.7854 0.0000
-337.0417 0.0000
-337.1170 0.0000
-337.0157 0.0000
-337.2520 0.0000
-337.0878 0.0000
-337.0649 0.0000
-337.0770 0.0000
-337.3627 0.0000
-337.3498 0.0000
-337.2734 0.0000
-337.1602 0.0000
-337.1377 0.0000
-336.9507 0.0000
-337.2019 0.0000
-336.9046 0.0000
-337.1915 0.0000
-336.9170 0.0000
-336.9461 0.0000
-336.9557 0.0000
-336.7881 0.0000
-336.7668 0.0000
-336.9563 0.0000
-336.6988 0.0000
-336.7592 0.0000
-336.7275 0.0000
-336.8656 0.0000
-336.8203 0.0000
-336.9567 0.0000
-336.9982 0.0000
-336.9252 0.0000
-337.0690 0.0000
-336.8004 0.0000
-336.7628 0.0000
-336.6782 0.0000
-337.0453 0.0000
-336.8511 0.0000
-337.1922 0.0000
-337.0474 0.0000
-337.0063 0.0000
-336.9000 0.0000
-337.1159 0.0000
-337.3010 0.0000
-337.3318 0.0000
-337.2010 0.0000
-337.0764 0.0000
-337.0030 0.0000
-336.9316 0.0000
-337.1072 0.0000
-336.8107 0.0000
-337.1640 0.0000
-337.1513 0.0000
-336.7726 0.0000
-336.7189 0.0000
-336.7135 0.0000
-336.8821 0.0000
-336.7588 0.0000
-337.1094 0.0000
-336.6410 0.0000
-336.6190 0.0000
-336.8026 0.0000
-336.4192 0.0000
-336.4472 0.0000
-336.3712 0.0000
-336.3701 0.0000
-336.3894 0.0000
-336.4452 0.0000
-336.5695 0.0000
-336.3729 0.0000
-336.1880 0.0000
-336.4103 0.0000
-336.2639 0.0000
-336.6651 0.0000
-336.7933 0.0000
-336.8098 0.0000
-336.6274 0.0000
-336.6935 0.0000
-336.4424 0.0000
-336.2017 0.0000
-336.4609 0.0000
-336.0973 0.0000
-336.4563 0.0000
-336.1505 0.0000
-336.0859 0.0000
-336.2304 0.0000
-336.3744 0.0000
-336.0974 0.0000
-336.5104 0.0000
-336.4366 0.0000
-336.1292 0.0000
-335.8413 0.0000
-336.2212 0.0000
-336.1319 0.0000
-335.5739 0.0000
-335.8828 0.0000
-335.5998 0.0000
-335.8366 0.0000
-335.6657 0.0000
-336.4816 0.0000
-335.6823 0.0000
-335.7018 0.0000
-335.5029 0.0000
-335.6180 0.0000
-335.8553 0.0000
-335.7790 0.0000
-335.7439 0.0000
-335.9418 0.0000
-335.7774 0.0000
-335.6945 0.0000
-335.6895 0.0000
-335.9112 0.0000
-335.6352 0.0000
-335.7177 0.0000
-335.4760 0.0000
-335.8464 0.0000
-335.8111 0.0000
-335.7794 0.0000
-335.2588 0.0000
-335.9833 0.0000
-336.2138 0.0000
-335.9871 0.0000
-336.3546 0.0000
-336.0690 0.0000
-336.2181 0.0000
-336.3251 0.0000
-336.6287 0.0000
-336.0501 0.0000
-336.1528 0.0000
-336.1528 0.0000
-335.9955 0.0000
-335.8835 0.0000
-335.3980 0.0000
-335.6186 0.0000
-336.1356 0.0000
-335.8368 0.0000
-335.6934 0.0000
-335.6143 0.0000
-335.7367 0.0000
-336.0475 0.0000
-336.0337 0.0000
-335.7968 0.0000
-335.9968 0.0000
-335.8078 0.0000
-335.7746 0.0000
-335.6463 0.0000
-335.6508 0.0000
-336.0755 0.0000
-335.8539 0.0000
-335.9540 0.0000
-335.9137 0.0000
-336.1117 0.0000
-335.5873 0.0000
-335.5086 0.0000
-335.5560 0.0000
-335.3101 0.0000
-335.0532 0.0000
-334.9829 0.0000
-335.0815 0.0000
-334.8415 0.0000
-335.0365 0.0000
-335.1314 0.0000
-335.3830 0.0000
-335.7343 0.0000
-335.8669 0.0000
-335.7130 0.0000
-335.8291 0.0000
-335.7725 0.0000
-335.9201 0.0000
-336.1595 0.0000
-336.1981 0.0000
-336.1761 0.0000
-336.0763 0.0000
-336.0960 0.0000
-335.8907 0.0000
-335.5227 0.0000
-335.5655 0.0000
-335.5652 0.0000
-335.6098 0.0000
-335.3884 0.0000
-335.5885 0.0000
-335.6276 0.0000
-335.6252 0.0000
-335.4860 0.0000
-335.4125 0.0000
-335.5345 0.0000
-335.6614 0.0000
-335.4935 0.0000
-335.5626 0.0000
-335.5539 0.0000
-335.7169 0.0000
-336.0302 0.0000
-335.7984 0.0000
-335.6777 0.0000
-335.6955 0.0000
-335.5426 0.0000
-335.8240 0.0000
-335.8593 0.0000
-335.9318 0.0000
-335.7936 0.0000
-335.7257 0.0000
-335.5349 0.0000
-335.8550 0.0000
-335.7354 0.0000
-336.0669 0.0000
-335.8110 0.0000
-335.6648 0.0000
-335.6652 0.0000
-335.4463 0.0000
-336.0953 0.0000
-336.7124 0.0000
-336.2331 0.0000
-336.7800 0.0000
-336.8620 0.0000
-336.6535 0.0000
-336.7325 0.0000
-336.4074 0.0000
-336.5725 0.0000
-336.9998 0.0000
-336.5348 0.0000
-336.4954 0.0000
-336.5119 0.0000
-336.3064 0.0000
-336.4362 0.0000
-336.4692 0.0000
-336.5070 0.0000
-336.7297 0.0000
-336.5007 0.0000
-336.2833 0.0000
-336.2406 0.0000
-336.1831 0.0000
-336.2214 0.0000
-336.2376 0.0000
-336.3513 0.0000
-336.4665 0.0000
-336.6220 0.0000
-336.5046 0.0000
-336.5904 0.0000
-336.6055 0.0000
-336.4289 0.0000
-336.7108 0.0000
-336.5866 0.0000
-336.7080 0.0000
-336.8351 0.0000
-336.7316 0.0000
-336.5659 0.0000
-336.5127 0.0000
-336.5235 0.0000
-336.7236 0.0000
-336.4455 0.0000
-336.3983 0.0000
-336.3546 0.0000
-336.6509 0.0000
-336.4389 0.0000
-336.9235 0.0000
-336.6711 0.0000
-336.6562 0.0000
-336.6128 0.0000
-336.8437 0.0000
-336.7023 0.0000
-336.9212 0.0000
-336.6722 0.0000
-336.7699 0.0000
-336.6702 0.0000
-336.8664 0.0000
-337.3335 0.0000
-337.4165 0.0000
-337.4170 0.0000
-337.4028 0.0000
-337.2978 0.0000
-337.4232 0.0000
-337.2262 0.0000
-337.4953 0.0000
-337.4124 0.0000
-337.6241 0.0000
-337.9740 0.0000
-337.5888 0.0000
-337.6950 0.0000
-337.8724 0.0000
-337.9367 0.0000
-337.8887 0.0000
-337.9607 0.0000
-337.9732 0.0000
-338.0707 0.0000
-337.6985 0.0000
-337.5295 0.0000
-337.2681 0.0000
-337.5516 0.0000
-337.5103 0.0000
-337.6526 0.0000
-337.5920 0.0000
-337.1165 0.0000
-337.2798 0.0000
-337.2977 0.0000
-337.4195 0.0000
-337.4775 0.0000
-337.2150 0.0000
-337.2309 0.0000
-337.1301 0.0000
-337.5053 0.0000
-337.2927 0.0000
-337.3344 0.0000
-337.2355 0.0000
-337.2123 0.0000
-337.3494 0.0000
-337.1296 0.0000
-337.1118 0.0000
-336.9972 0.0000
-336.7293 0.0000
-336.7932 0.0000
-336.6983 0.0000
-336.4326 0.0000
-336.4770 0.0000
-336.6871 0.0000
-336.6555 0.0000
-336.3975 0.0000
-336.7180 0.0000
-336.2686 0.0000
-336.2574 0.0000
-336.2055 0.0000
-335.9682 0.0000
-336.0675 0.0000
-336.2735 0.0000
-336.0486 0.0000
-336.1750 0.0000
-336.3498 0.0000
-336.7202 0.0000
-336.8277 0.0000
-336.7767 0.0000
-336.6358 0.0000
-336.4294 0.0000
-336.2512 0.0000
-336.3576 0.0000
-336.4190 0.0000
-336.0660 0.0000
-336.2050 0.0000
-336.1758 0.0000
-336.5341 0.0000
-335.8912 0.0000
-336.0142 0.0000
-335.8610 0.0000
-335.8422 0.0000
-335.9750 0.0000
-335.9444 0.0000
-336.0045 0.0000
-335.8141 0.0000
-335.6718 0.0000
-335.9777 0.0000
-336.0269 0.0000
-336.0179 0.0000
-336.3167 0.0000
-336.4400 0.0000
-335.9511 0.0000
-335.8756 0.0000
-335.9845 0.0000
-335.8146 0.0000
-335.9987 0.0000
-336.1195 0.0000
-336.3558 0.0000
-336.1710 0.0000
-336.0463 0.0000
-336.2835 0.0000
-336.6028 0.0000
-336.5154 0.0000
-336.4931 0.0000
-336.4664 0.0000
-336.4382 0.0000
-336.6690 0.0000
-336.5714 0.0000
-336.6418 0.0000
-336.4335 0.0000
-336.1910 0.0000
-335.9838 0.0000
-335.8814 0.0000
-336.0310 0.0000
-336.3603 0.0000
-335.8383 0.0000
-335.9650 0.0000
-335.6544 0.0000
-335.8606 0.0000
-335.7895 0.0000
-335.9663 0.0000
-336.2387 0.0000
-335.8444 0.0000
-335.8208 0.0000
-335.8599 0.0000
-336.1725 0.0000
-336.2534 0.0000
-336.1664 0.0000
-335.9380 0.0000
-335.8071 0.0000
-335.6200 0.0000
-335.8363 0.0000
-335.8649 0.0000
-336.0216 0.0000
-336.0184 0.0000
-336.0528 0.0000
-336.1035 0.0000
-335.9731 0.0000
-335.9998 0.0000
-335.8932 0.0000
-335.8032 0.0000
-336.1209 0.0000
-336.2034 0.0000
-335.8201 0.0000
-336.0148 0.0000
-335.7064 0.0000
-335.7910 0.0000
-335.8420 0.0000
-336.2944 0.0000
-336.0211 0.0000
-336.0301 0.0000
-336.1551 0.0000
-336.2170 0.0000
-336.1504 0.0000
-336.0742 0.0000
-336.3449 0.0000
-336.0562 0.0000
-336.1464 0.0000
-335.9107 0.0000
-336.1238 0.0000
-336.1776 0.0000
-336.2314 0.0000
-336.0202 0.0000
-335.7586 0.0000
-335.6817 0.0000
-335.6732 0.0000
-335.6770 0.0000
-335.3472 0.0000
-335.4615 0.0000
-335.1411 0.0000
-335.2018 0.0000
-335.7375 0.0000
-335.2278 0.0000
-335.4984 0.0000
-335.4303 0.0000
-335.3474 0.0000
-335.2559 0.0000
-335.4058 0.0000
-335.3209 0.0000
-334.9710 0.0000
-335.5063 0.0000
-335.3684 0.0000
-335.7448 0.0000
-335.4187 0.0000
-335.6160 0.0000
-335.5480 0.0000
-335.5639 0.0000
-334.9764 0.0000
-334.9714 0.0000
-335.3054 0.0000
-335.1557 0.0000
-334.5762 0.0000
-334.5933 0.0000
-334.8403 0.0000
-334.6975 0.0000
-334.9290 0.0000
-334.8041 0.0000
-334.9811 0.0000
-334.9360 0.0000
-334.8126 0.0000
-334.4952 0.0000
-335.1329 0.0000
-335.2201 0.0000
-335.1767 0.0000
-335.5623 0.0000
-335.5014 0.0000
-335.7643 0.0000
-335.8432 0.0000
-335.3658 0.0000
-335.2150 0.0000
-335.7089 0.0000
-335.4401 0.0000
-335.5656 0.0000
-335.5860 0.0000
-335.7340 0.0000
-335.1829 0.0000
-335.4075 0.0000
-335.4996 0.0000
-335.2739 0.0000
-334.7995 0.0000
-334.7961 0.0000
-334.4983 0.0000
-334.6576 0.0000
-334.5767 0.0000
-334.7476 0.0000
-334.9425 0.0000
-335.2491 0.0000
-334.9525 0.0000
-334.8476 0.0000
-334.9925 0.0000
-334.6250 0.0000
-335.0454 0.0000
-334.8653 0.0000
-335.3293 0.0000
-335.6161 0.0000
-335.5275 0.0000
-334.9975 0.0000
-335.0899 0.0000
-334.9985 0.0000
-334.7463 0.0000
-335.1910 0.0000
-335.0132 0.0000
-335.2731 0.0000
-335.1377 0.0000
-335.1423 0.0000
-334.9653 0.0000
-334.8323 0.0000
-334.5587 0.0000
-334.7853 0.0000
-334.5928 0.0000
-334.5701 0.0000
-334.7060 0.0000
-334.3011 0.0000
-334.2487 0.0000
-334.1812 0.0000
-334.2330 0.0000
-334.2792 0.0000
-334.2818 0.0000
-334.5122 0.0000
-334.4983 0.0000
-334.3968 0.0000
-334.1946 0.0000
-334.6405 0.0000
-334.4848 0.0000
-334.2105 0.0000
-334.8154 0.0000
-335.1429 0.0000
-335.0612 0.0000
-335.2131 0.0000
-335.3004 0.0000
-335.3224 0.0000
-334.8299 0.0000
-335.1567 0.0000
-335.3697 0.0000
-335.6114 0.0000
-335.3149 0.0000
-335.2365 0.0000
-335.3586 0.0000
-335.6994 0.0000
-335.2864 0.0000
-335.5108 0.0000
-335.6260 0.0000
-335.5299 0.0000
-335.6354 0.0000
-335.7406 0.0000
-335.9094 0.0000
-335.7113 0.0000
-336.1292 0.0000
-335.7083 0.0000
-335.8697 0.0000
-336.1176 0.0000
-335.9834 0.0000
-335.9022 0.0000
-336.2331 0.0000
-336.1115 0.0000
-335.9776 0.0000
-336.3283 0.0000
-336.0854 0.0000
-335.8281 0.0000
-335.4936 0.0000
-335.5865 0.0000
-335.5461 0.0000
-335.7293 0.0000
-335.3755 0.0000
-335.4900 0.0000
-335.9310 0.0000
-335.3628 0.0000
-334.9165 0.0000
-335.0453 0.0000
-335.0392 0.0000
-335.1454 0.0000
-335.2792 0.0000
-334.7258 0.0000
-335.0802 0.0000
-335.0600 0.0000
-334.9262 0.0000
-334.9506 0.0000
-334.9836 0.0000
-335.1140 0.0000
-335.0414 0.0000
-334.9819 0.0000
-334.8231 0.0000
-334.8209 0.0000
-334.6998 0.0000
-334.5924 0.0000
-334.7971 0.0000
-335.2221 0.0000
-335.0219 0.0000
-334.9755 0.0000
-335.1489 0.0000
-334.7113 0.0000
-335.0424 0.0000
-335.3868 0.0000
-334.9977 0.0000
-335.1665 0.0000
-335.1512 0.0000
-335.5745 0.0000
-334.7888 0.0000
-334.9712 0.0000
-335.3414 0.0000
-335.0309 0.0000
-335.2410 0.0000
-334.8976 0.0000
-334.7341 0.0000
-335.0702 0.0000
-334.9188 0.0000
-334.4724 0.0000
-334.5354 0.0000
-334.5199 0.0000
-334.4007 0.0000
-334.4894 0.0000
-334.2856 0.0000
-333.9791 0.0000
-334.2539 0.0000
-334.2087 0.0000
-334.7715 0.0000
-334.8412 0.0000
-334.7615 0.0000
-334.7863 0.0000
-334.7747 0.0000
-335.0091 0.0000
-334.7413 0.0000
-334.9766 0.0000
-334.6762 0.0000
-334.9653 0.0000
-335.2460 0.0000
-334.9888 0.0000
-334.6571 0.0000
-334.9697 0.0000
-334.7961 0.0000
-334.3683 0.0000
-334.7591 0.0000
-334.9886 0.0000
-334.6043 0.0000
-335.0111 0.0000
-334.9316 0.0000
-334.9548 0.0000
-334.8354 0.0000
-334.6542 0.0000
-334.9535 0.0000
-334.9654 0.0000
-334.7624 0.0000
-334.6467 0.0000
-334.3520 0.0000
-334.6376 0.0000
-334.9415 0.0000
-335.1546 0.0000
-334.8183 0.0000
-335.3997 0.0000
-335.5767 0.0000
-335.1454 0.0000
-335.0813 0.0000
-335.3347 0.0000
-335.0577 0.0000
-334.9855 0.0000
-334.9613 0.0000
-334.6755 0.0000
-334.5678 0.0000
-334.5039 0.0000
-334.5014 0.0000
-334.7123 0.0000
-334.5125 0.0000
-334.0531 0.0000
-333.9989 0.0000
-333.9469 0.0000
-334.3022 0.0000
-334.2575 0.0000
-333.7719 0.0000
-333.5470 0.0000
-333.7542 0.0000
-333.9840 0.0000
-333.3659 0.0000
-333.5930 0.0000
-333.1485 0.0000
-333.3217 0.0000
-333.4539 0.0000
-333.1321 0.0000
-333.1824 0.0000
-333.1871 0.0000
-333.1166 0.0000
-333.1544 0.0000
-333.4730 0.0000
-332.9603 0.0000
-333.1916 0.0000
-333.1057 0.0000
-333.2754 0.0000
-333.1709 0.0000
-332.9128 0.0000
-333.0441 0.0000
-333.1231 0.0000
-333.1555 0.0000
-333.4733 0.0000
-333.1219 0.0000
-333.0928 0.0000
-332.9115 0.0000
-333.1294 0.0000
-333.0612 0.0000
-332.7953 0.0000
-333.1873 0.0000
-332.9694 0.0000
-333.0430 0.0000
-332.7932 0.0000
-333.1005 0.0000
-333.1652 0.0000
-333.0659 0.0000
-333.0808 0.0000
-333.2030 0.0000
-332.7416 0.0000
-332.9514 0.0000
-332.5856 0.0000
-332.4239 0.0000
-332.1944 0.0000
-332.6439 0.0000
-332.9579 0.0000
-333.1865 0.0000
-333.0747 0.0000
-333.2372 0.0000
-333.0831 0.0000
-332.7614 0.0000
-332.2649 0.0000
-332.8095 0.0000
-332.5028 0.0000
-332.7508 0.0000
-332.7426 0.0000
-332.1417 0.0000
-332.2221 0.0000
-332.2594 0.0000
-332.1250 0.0000
-332.3919 0.0000
-332.2522 0.0000
-332.1118 0.0000
-332.5333 0.0000
-332.4513 0.0000
-332.5907 0.0000
-332.4230 0.0000
-332.4552 0.0000
-332.4382 0.0000
-332.6215 0.0000
-332.4432 0.0000
-331.8000 0.0000
-333.1709 0.0000
-332.1955 0.0000
-332.1859 0.0000
-332.1950 0.0000
-332.3455 0.0000
-332.7725 0.0000
-332.0177 0.0000
-332.1841 0.0000
-332.4826 0.0000
-331.9723 0.0000
-332.3306 0.0000
-332.3688 0.0000
-332.3704 0.0000
-332.1691 0.0000
-331.9962 0.0000
-332.1528 0.0000
-332.1297 0.0000
-332.7469 0.0000
-332.7387 0.0000
-333.1966 0.0000
-332.8042 0.0000
-332.2205 0.0000
-331.7175 0.0000
-331.5782 0.0000
-331.5737 0.0000
-331.7109 0.0000
-331.2047 0.0000
-330.8855 0.0000
-331.2751 0.0000
-331.1548 0.0000
-331.5141 0.0000
-330.8937 0.0000
-330.9602 0.0000
-330.3980 0.0000
-330.9789 0.0000
-331.5359 0.0000
-330.9384 0.0000
-331.0910 0.0000
-330.6802 0.0000
-330.1484 0.0000
-331.6488 0.0000
-330.9144 0.0000
-332.0606 0.0000
-331.9064 0.0000
-332.2823 0.0000
-332.2029 0.0000
-332.8074 0.0000
-332.7181 0.0000
-333.0405 0.0000
-332.8150 0.0000
-333.3167 0.0000
-332.7138 0.0000
-332.5692 0.0000
-332.6389 0.0000
-333.0270 0.0000
-333.2621 0.0000
-332.8339 0.0000
-333.3625 0.0000
-333.1302 0.0000
-332.6617 0.0000
-333.2147 0.0000
-332.9082 0.0000
-332.8310 0.0000
-333.4000 0.0000
-333.1970 0.0000
-333.5250 0.0000
-333.0631 0.0000
-333.5776 0.0000
-332.8090 0.0000
-333.0202 0.0000
-333.4946 0.0000
-333.8971 0.0000
-333.4320 0.0000
-333.2411 0.0000
-333.5393 0.0000
-333.1099 0.0000
-333.2814 0.0000
-333.7929 0.0000
-333.8582 0.0000
-333.9682 0.0000
-334.2947 0.0000
-334.2387 0.0000
-334.7225 0.0000
-334.2344 0.0000
-334.6848 0.0000
-333.8245 0.0000
-334.4322 0.0000
-333.6055 0.0000
-333.6213 0.0000
-333.5232 0.0000
-333.1645 0.0000
-333.7071 0.0000
-333.2808 0.0000
-333.3262 0.0000
-332.7362 0.0000
-333.1476 0.0000
-333.1100 0.0000
-333.0203 0.0000
-333.7668 0.0000
-333.0454 0.0000
-332.5906 0.0000
-332.3657 0.0000
-332.3878 0.0000
-331.6925 0.0000
-332.5859 0.0000
-332.6300 0.0000
-332.5884 0.0000
-331.9112 0.0000
-332.5312 0.0000
-332.4664 0.0000
-331.3792 0.0000
-331.2539 0.0000
-331.4401 0.0000
-331.2908 0.0000
-331.2806 0.0000
-331.7492 0.0000
-331.5654 0.0000
-331.3717 0.0000
-330.9756 0.0000
-331.2924 0.0000
-331.2294 0.0000
-331.2686 0.0000
-331.2187 0.0000
-332.1474 0.0000
-332.0664 0.0000
-331.4450 0.0000
-331.9298 0.0000
-331.9692 0.0000
-331.9145 0.0000
-332.1845 0.0000
-332.2327 0.0000
-331.9889 0.0000
-332.1638 0.0000
-332.2427 0.0000
-332.1397 0.0000
-332.3422 0.0000
-331.8335 0.0000
-331.7691 0.0000
-331.8911 0.0000
-332.0901 0.0000
-332.2420 0.0000
-331.8304 0.0000
-332.0577 0.0000
-331.4800 0.0000
-331.4477 0.0000
-331.8208 0.0000
-331.2319 0.0000
-331.8447 0.0000
-331.4026 0.0000
-331.1572 0.0000
-330.9157 0.0000
-330.6689 0.0000
-330.7893 0.0000
-330.3790 0.0000
-330.9910 0.0000
-331.3477 0.0000
-332.0950 0.0000
-332.6646 0.0000
-332.5100 0.0000
-332.9598 0.0000
-332.3974 0.0000
-332.6918 0.0000
-332.5836 0.0000
-332.6233 0.0000
-333.0657 0.0000
-333.4475 0.0000
-333.7181 0.0000
-333.2742 0.0000
-333.4681 0.0000
-333.7322 0.0000
-333.2082 0.0000
-333.3802 0.0000
-333.1562 0.0000
-332.7150 0.0000
-333.0310 0.0000
-332.3829 0.0000
-332.7340 0.0000
-332.2450 0.0000
-331.9532 0.0000
-332.3319 0.0000
-332.9807 0.0000
-332.1150 0.0000
-331.5718 0.0000
-332.8091 0.0000
-332.4784 0.0000
-332.1676 0.0000
-332.8827 0.0000
-332.5957 0.0000
-332.2799 0.0000
-332.4801 0.0000
-332.5528 0.0000
-332.7057 0.0000
-332.6882 0.0000
-332.4854 0.0000
-332.7932 0.0000
-332.2615 0.0000
-332.6487 0.0000
-332.6698 0.0000
-332.1300 0.0000
-331.5650 0.0000
-332.5840 0.0000
-332.6877 0.0000
-332.4130 0.0000
-332.9808 0.0000
-332.6649 0.0000
-332.7360 0.0000
-332.0016 0.0000
-332.4025 0.0000
-333.1172 0.0000
-332.6055 0.0000
-333.6120 0.0000
-333.3110 0.0000
-333.0750 0.0000
-333.6154 0.0000
-333.8253 0.0000
-334.1036 0.0000
-333.6921 0.0000
-334.1363 0.0000
-334.3191 0.0000
-334.7071 0.0000
-334.4873 0.0000
-334.1595 0.0000
-335.2991 0.0000
-335.8312 0.0000
-335.4307 0.0000
-335.5870 0.0000
-335.2276 0.0000
-335.6112 0.0000
-335.5300 0.0000
-336.6294 0.0000
-335.3642 0.0000
-335.2863 0.0000
-334.5405 0.0000
-333.7283 0.0000
-335.5037 0.0000
-336.0261 0.0000
-336.5982 0.0000
-335.4696 0.0000
-335.7419 0.0000
-335.5300 0.0000
-335.4314 0.0000
-334.4729 0.0000
-335.4241 0.0000
-335.9286 0.0000
-335.6348 0.0000
-335.4905 0.0000
-335.7745 0.0000
-335.8313 0.0000
-336.3844 0.0000
-335.5145 0.0000
-335.8419 0.0000
-335.9797 0.0000
-336.5818 0.0000
-336.2882 0.0000
-336.2365 0.0000
-335.6492 0.0000
-335.8413 0.0000
-336.3319 0.0000
-335.9227 0.0000
-336.4406 0.0000
-336.7087 0.0000
-335.6320 0.0000
-335.6317 0.0000
-335.0800 0.0000
-335.6842 0.0000
-335.6472 0.0000
-335.3236 0.0000
-336.6865 0.0000
-334.9944 0.0000
-334.7800 0.0000
-335.3419 0.0000
-334.9694 0.0000
-335.8895 0.0000
-335.3482 0.0000
-335.1930 0.0000
-335.1048 0.0000
-334.8170 0.0000
-334.6646 0.0000
-334.4949 0.0000
-334.5207 0.0000
-334.4103 0.0000
-334.1995 0.0000
-334.7800 0.0000
-334.0608 0.0000
-334.4935 0.0000
-334.6118 0.0000
-334.8500 0.0000
-335.0595 0.0000
-335.2805 0.0000
-334.4885 0.0000
-335.0815 0.0000
-334.6235 0.0000
-334.8362 0.0000
-334.9751 0.0000
-335.3771 0.0000
-335.9221 0.0000
-335.0952 0.0000
-334.8207 0.0000
-334.7595 0.0000
-335.1176 0.0000
-335.3372 0.0000
-335.1900 0.0000
-334.2494 0.0000
-334.9892 0.0000
-335.4642 0.0000
-335.3401 0.0000
-334.6458 0.0000
-335.0666 0.0000
-334.9768 0.0000
-335.5920 0.0000
-336.0001 0.0000
-336.5298 0.0000
-335.7073 0.0000
-335.5235 0.0000
-336.0204 0.0000
-336.3897 0.0000
-336.9807 0.0000
-337.3218 0.0000
-337.3666 0.0000
-337.4362 0.0000
-337.0924 0.0000
-336.8131 0.0000
-337.4608 0.0000
-336.5641 0.0000
-336.0098 0.0000
-335.7801 0.0000
-335.1107 0.0000
-336.9658 0.0000
-336.9569 0.0000
-336.7239 0.0000
-335.8164 0.0000
-335.8673 0.0000
-335.4791 0.0000
-335.0810 0.0000
-334.1590 0.0000
-334.5459 0.0000
-334.9814 0.0000
-334.9729 0.0000
-335.1398 0.0000
-334.9529 0.0000
-334.0490 0.0000
-334.5077 0.0000
-334.5887 0.0000
-334.2917 0.0000
-334.0084 0.0000
-333.4999 0.0000
-333.8614 0.0000
-334.2073 0.0000
-333.5353 0.0000
-333.9123 0.0000
-333.3049 0.0000
-333.1159 0.0000
-332.4877 0.0000
-332.9564 0.0000
-333.1413 0.0000
-333.3164 0.0000
-333.0604 0.0000
-333.3382 0.0000
-333.2412 0.0000
-332.3320 0.0000
-333.3735 0.0000
-333.8212 0.0000
-333.2410 0.0000
-332.7910 0.0000
-332.9745 0.0000
-332.3933 0.0000
-332.8962 0.0000
-332.9170 0.0000
-332.7820 0.0000
-332.1129 0.0000
-333.2645 0.0000
-333.5801 0.0000
-332.7924 0.0000
-333.5409 0.0000
-333.0042 0.0000
-333.4412 0.0000
-332.1841 0.0000
-332.6177 0.0000
-332.7661 0.0000
-332.6249 0.0000
-333.1719 0.0000
-332.8382 0.0000
-332.2726 0.0000
-332.4236 0.0000
-332.7913 0.0000
-332.5868 0.0000
-332.8001 0.0000
-332.4816 0.0000
-333.3176 0.0000
-332.3603 0.0000
-333.6845 0.0000
-332.8180 0.0000
-333.4082 0.0000
-333.2437 0.0000
-332.0448 0.0000
-332.2159 0.0000
-333.3954 0.0000
-333.2643 0.0000
-332.4833 0.0000
-332.8828 0.0000
-333.0612 0.0000
-332.8761 0.0000
-332.3554 0.0000
-332.6422 0.0000
-332.8615 0.0000
-333.9124 0.0000
-332.4159 0.0000
-333.1915 0.0000
-332.0279 0.0000
-331.8172 0.0000
-331.8304 0.0000
-332.3417 0.0000
-332.3261 0.0000
-331.8915 0.0000
-331.5334 0.0000
-331.6401 0.0000
-331.7455 0.0000
-332.1900 0.0000
-331.2908 0.0000
-331.5465 0.0000
-330.9264 0.0000
-331.3982 0.0000
-330.6603 0.0000
-331.7090 0.0000
-331.1351 0.0000
-331.1356 0.0000
-331.7413 0.0000
-332.1606 0.0000
-330.7370 0.0000
-331.6980 0.0000
-331.2042 0.0000
-331.5311 0.0000
-331.0620 0.0000
-332.4905 0.0000
-331.0872 0.0000
-331.5339 0.0000
-330.9540 0.0000
-330.6415 0.0000
-330.4294 0.0000
-330.1554 0.0000
-329.8707 0.0000
-329.4096 0.0000
-329.3576 0.0000
-329.4307 0.0000
-330.1615 0.0000
-330.0236 0.0000
-329.8428 0.0000
-329.8694 0.0000
-329.7271 0.0000
-329.4906 0.0000
-330.4024 0.0000
-330.1716 0.0000
-329.7368 0.0000
-329.5181 0.0000
-329.1612 0.0000
-329.2632 0.0000
-329.2890 0.0000
-328.7762 0.0000
-328.3948 0.0000
-328.2357 0.0000
-328.0035 0.0000
-328.4979 0.0000
-327.7438 0.0000
-327.4653 0.0000
-327.1598 0.0000
-327.8743 0.0000
-328.3835 0.0000
-327.1067 0.0000
-327.4324 0.0000
-327.9395 0.0000
-327.5959 0.0000
-328.3574 0.0000
-328.7350 0.0000
-327.8915 0.0000
-328.5235 0.0000
-329.1081 0.0000
-328.0740 0.0000
-328.2457 0.0000
-328.9429 0.0000
-328.5849 0.0000
-328.8431 0.0000
-328.9991 0.0000
-329.1937 0.0000
-329.3197 0.0000
-329.7151 0.0000
-329.4628 0.0000
-329.8141 0.0000
-329.9660 0.0000
-329.8864 0.0000
-330.3281 0.0000
-330.1180 0.0000
-329.8526 0.0000
-330.0505 0.0000
-330.2900 0.0000
-330.1161 0.0000
-330.6923 0.0000
-330.5844 0.0000
-330.6651 0.0000
-330.2716 0.0000
-330.0135 0.0000
-330.3275 0.0000
-329.6718 0.0000
-329.7360 0.0000
-330.1073 0.0000
-329.7372 0.0000
-330.2986 0.0000
-330.1782 0.0000
-329.1933 0.0000
-329.3726 0.0000
-329.3763 0.0000
-329.1899 0.0000
-329.4767 0.0000
-328.3702 0.0000
-329.2111 0.0000
-329.5377 0.0000
-329.5810 0.0000
-329.7006 0.0000
-330.0667 0.0000
-330.0414 0.0000
-330.2137 0.0000
-330.3490 0.0000
-329.8848 0.0000
-329.7407 0.0000
-329.8465 0.0000
-330.1225 0.0000
-330.1711 0.0000
-330.5051 0.0000
-330.1656 0.0000
-329.9692 0.0000
-330.4073 0.0000
-330.0436 0.0000
-330.4206 0.0000
-330.4012 0.0000
-330.1161 0.0000
-329.7204 0.0000
-330.0607 0.0000
-329.7195 0.0000
-329.0377 0.0000
-329.8873 0.0000
-329.7930 0.0000
-330.2967 0.0000
-330.3460 0.0000
-330.4049 0.0000
-330.2873 0.0000
-330.6683 0.0000
-330.7027 0.0000
-330.9937 0.0000
-330.1471 0.0000
-330.8696 0.0000
-330.9467 0.0000
-330.7455 0.0000
-331.0899 0.0000
-330.9008 0.0000
-331.0399 0.0000
-331.0096 0.0000
-331.2432 0.0000
-331.1281 0.0000
-331.5720 0.0000
-331.3893 0.0000
-330.8116 0.0000
-330.9675 0.0000
-331.9008 0.0000
-331.5263 0.0000
-331.4059 0.0000
-331.7989 0.0000
-331.4559 0.0000
-331.5046 0.0000
-331.4137 0.0000
-331.7649 0.0000
-331.2953 0.0000
-330.9647 0.0000
-330.8112 0.0000
-331.1319 0.0000
-330.9345 0.0000
-330.6768 0.0000
-330.7815 0.0000
-330.8366 0.0000
-331.0563 0.0000
-330.7435 0.0000
-331.5807 0.0000
-330.7074 0.0000
-330.8734 0.0000
-330.5717 0.0000
-330.8321 0.0000
-330.5007 0.0000
-330.7707 0.0000
-329.9569 0.0000
-330.1989 0.0000
-329.8329 0.0000
-330.1313 0.0000
-330.4533 0.0000
-330.8307 0.0000
-330.7350 0.0000
-330.5240 0.0000
-331.0663 0.0000
-331.4360 0.0000
-331.4509 0.0000
-331.5910 0.0000
-332.1057 0.0000
-331.3607 0.0000
-331.7271 0.0000
-331.8613 0.0000
-331.7069 0.0000
-331.7816 0.0000
-331.5660 0.0000
-331.7435 0.0000
-331.2565 0.0000
-331.2811 0.0000
-331.6660 0.0000
-331.6426 0.0000
-331.5401 0.0000
-331.2203 0.0000
-331.3204 0.0000
-331.2570 0.0000
-330.4504 0.0000
-330.9527 0.0000
-330.7852 0.0000
-330.7660 0.0000
-331.0976 0.0000
-330.9465 0.0000
-331.3010 0.0000
-331.3374 0.0000
-331.3391 0.0000
-331.4929 0.0000
-331.2780 0.0000
-331.3966 0.0000
-331.4385 0.0000
-331.2010 0.0000
-331.5481 0.0000
-331.5249 0.0000
-331.2447 0.0000
-330.9582 0.0000
-329.9679 0.0000
-329.1095 0.0000
-330.2979 0.0000
-329.7003 0.0000
-329.9071 0.0000
-330.5167 0.0000
-330.6673 0.0000
-330.0031 0.0000
-330.5097 0.0000
-330.1055 0.0000
-330.3577 0.0000
-330.2610 0.0000
-330.1816 0.0000
-330.2118 0.0000
-330.0422 0.0000
-329.7969 0.0000
-329.5174 0.0000
-328.3935 0.0000
-328.4977 0.0000
-328.3795 0.0000
-328.3052 0.0000
-328.8098 0.0000
-328.4745 0.0000
-328.6674 0.0000
-328.7378 0.0000
-328.8235 0.0000
-329.1471 0.0000
-329.2859 0.0000
-329.5601 0.0000
-329.4703 0.0000
-329.5501 0.0000
-329.9958 0.0000
-329.7244 0.0000
-329.9251 0.0000
-330.3256 0.0000
-329.9473 0.0000
-330.2927 0.0000
-330.1596 0.0000
-330.1125 0.0000
-330.1361 0.0000
-330.7186 0.0000
-330.7094 0.0000
-331.0941 0.0000
-331.3345 0.0000
-330.8872 0.0000
-330.9057 0.0000
-330.7022 0.0000
-330.6570 0.0000
-330.5297 0.0000
-330.1778 0.0000
-331.2839 0.0000
-331.4885 0.0000
-331.2329 0.0000
-331.2890 0.0000
-331.7248 0.0000
-330.9788 0.0000
-331.1890 0.0000
-331.1661 0.0000
-330.6250 0.0000
-330.5453 0.0000
-331.3037 0.0000
-332.0506 0.0000
-332.0358 0.0000
-331.8518 0.0000
-331.6670 0.0000
-331.8376 0.0000
-331.7306 0.0000
-332.3085 0.0000
-332.2620 0.0000
-332.2750 0.0000
-332.5047 0.0000
-332.1625 0.0000
-332.0427 0.0000
-332.0043 0.0000
-331.8863 0.0000
-332.4448 0.0000
-332.3145 0.0000
-332.3662 0.0000
-332.5066 0.0000
-332.4567 0.0000
-332.8316 0.0000
-331.9892 0.0000
-331.8842 0.0000
-331.9534 0.0000
-331.9553 0.0000
-332.2993 0.0000
-332.1380 0.0000
-332.4980 0.0000
-332.3125 0.0000
-332.1791 0.0000
-332.0931 0.0000
-331.3652 0.0000
-331.8273 0.0000
-332.1541 0.0000
-331.9636 0.0000
-332.2396 0.0000
-332.0703 0.0000
-331.4638 0.0000
-331.7284 0.0000
-331.8351 0.0000
-332.4206 0.0000
-332.1314 0.0000
-331.8791 0.0000
-331.9231 0.0000
-331.8652 0.0000
-331.8276 0.0000
-332.0976 0.0000
-331.9339 0.0000
-332.1820 0.0000
-331.8004 0.0000
-332.1467 0.0000
-332.2269 0.0000
-331.9952 0.0000
-332.0135 0.0000
-332.5441 0.0000
-331.9314 0.0000
-332.0892 0.0000
-332.4750 0.0000
-332.4574 0.0000
-332.4571 0.0000
-332.2631 0.0000
-332.4603 0.0000
-332.1715 0.0000
-332.3357 0.0000
-331.7392 0.0000
-331.3181 0.0000
-331.9000 0.0000
-331.7399 0.0000
-331.5610 0.0000
-331.7174 0.0000
-332.0021 0.0000
-331.8820 0.0000
-331.9086 0.0000
-331.7976 0.0000
-331.5823 0.0000
-332.0783 0.0000
-331.9073 0.0000
-331.7315 0.0000
-331.4160 0.0000
-331.5371 0.0000
-330.9517 0.0000
-330.4333 0.0000
-331.0539 0.0000
-330.5014 0.0000
-330.0481 0.0000
-329.6553 0.0000
-330.5570 0.0000
-330.4681 0.0000
-329.5529 0.0000
-330.0576 0.0000
-330.0041 0.0000
-330.1161 0.0000
-329.7147 0.0000
-330.0849 0.0000
-329.8521 0.0000
-329.3095 0.0000
-329.5833 0.0000
-330.4397 0.0000
-330.1412 0.0000
-330.4694 0.0000
-330.6083 0.0000
-330.3946 0.0000
-330.3158 0.0000
-330.2045 0.0000
-330.3986 0.0000
-330.4948 0.0000
-330.6337 0.0000
-330.6186 0.0000
-330.8142 0.0000
-331.1181 0.0000
-331.9559 0.0000
-332.2755 0.0000
-332.5805 0.0000
-332.7689 0.0000
-332.9715 0.0000
-333.0127 0.0000
-332.8757 0.0000
-332.9856 0.0000
-333.2346 0.0000
-333.5378 0.0000
-333.2479 0.0000
-333.7018 0.0000
-333.8725 0.0000
-333.1464 0.0000
-333.2992 0.0000
-333.7198 0.0000
-333.8480 0.0000
-333.9148 0.0000
-333.7205 0.0000
-333.5155 0.0000
-333.2860 0.0000
-333.6606 0.0000
-333.3401 0.0000
-333.8147 0.0000
-333.4201 0.0000
-333.6182 0.0000
-333.4466 0.0000
-333.2171 0.0000
-333.5090 0.0000
-333.3151 0.0000
-333.2217 0.0000
-333.6989 0.0000
-333.9935 0.0000
-333.5922 0.0000
-333.4339 0.0000
-333.4994 0.0000
-333.1065 0.0000
-333.4034 0.0000
-333.6924 0.0000
-334.4502 0.0000
-334.1599 0.0000
-334.1967 0.0000
-334.5093 0.0000
-333.8232 0.0000
-334.0066 0.0000
-334.2187 0.0000
-334.2200 0.0000
-334.0441 0.0000
-334.1800 0.0000
-334.2099 0.0000
-333.7120 0.0000
-334.7958 0.0000
-333.5383 0.0000
-332.6158 0.0000
-332.7987 0.0000
-333.2771 0.0000
-332.5251 0.0000
-332.9348 0.0000
-333.2022 0.0000
-332.8498 0.0000
-332.5163 0.0000
-333.1087 0.0000
-332.4978 0.0000
-332.8680 0.0000
-333.3783 0.0000
-332.4325 0.0000
-332.7903 0.0000
-332.5033 0.0000
-332.3177 0.0000
-332.7092 0.0000
-332.6164 0.0000
-332.7488 0.0000
-331.9847 0.0000
-332.1301 0.0000
-332.4763 0.0000
-331.9553 0.0000
-331.7925 0.0000
-332.0239 0.0000
-331.4986 0.0000
-332.0889 0.0000
-331.9326 0.0000
-331.4090 0.0000
-332.0773 0.0000
-331.9636 0.0000
-331.9325 0.0000
-331.6774 0.0000
-332.3627 0.0000
-332.6090 0.0000
-332.1584 0.0000
-331.6934 0.0000
-331.8114 0.0000
-331.3142 0.0000
-331.6965 0.0000
-331.3964 0.0000
-331.2910 0.0000
-331.9507 0.0000
-331.4445 0.0000
-331.0496 0.0000
-331.0818 0.0000
-330.9319 0.0000
-330.7750 0.0000
-331.5615 0.0000
-330.6231 0.0000
-331.3697 0.0000
-331.6127 0.0000
-331.7754 0.0000
-331.4276 0.0000
-331.0759 0.0000
-331.7963 0.0000
-331.5045 0.0000
-331.5350 0.0000
-331.5016 0.0000
-331.7147 0.0000
-331.7824 0.0000
-331.8727 0.0000
-331.9079 0.0000
-332.0259 0.0000
-332.0205 0.0000
-331.9643 0.0000
-332.5092 0.0000
-332.9554 0.0000
-333.5729 0.0000
-333.6764 0.0000
-333.4707 0.0000
-333.8326 0.0000
-333.5660 0.0000
-333.5929 0.0000
-333.6194 0.0000
-333.3546 0.0000
-333.6970 0.0000
-333.3657 0.0000
-333.4578 0.0000
-333.8527 0.0000
-333.6061 0.0000
-333.9112 0.0000
-333.7665 0.0000
-333.7354 0.0000
-333.5702 0.0000
-333.4976 0.0000
-332.8916 0.0000
-332.5626 0.0000
-332.9941 0.0000
-333.4132 0.0000
-332.8548 0.0000
-332.8396 0.0000
-333.3102 0.0000
-333.0520 0.0000
-332.7238 0.0000
-333.6045 0.0000
-333.5125 0.0000
-333.0338 0.0000
-333.2092 0.0000
-333.4166 0.0000
-332.6916 0.0000
-333.1179 0.0000
-332.8088 0.0000
-332.3934 0.0000
-332.9967 0.0000
-332.1338 0.0000
-332.2267 0.0000
-331.5480 0.0000
-332.1834 0.0000
-332.1108 0.0000
-332.5371 0.0000
-332.3178 0.0000
-332.4708 0.0000
-331.7948 0.0000
-331.6684 0.0000
-330.9831 0.0000
-330.5206 0.0000
-330.5295 0.0000
-330.0217 0.0000
-330.0039 0.0000
-329.9669 0.0000
-329.6212 0.0000
-329.4093 0.0000
-329.4947 0.0000
-329.8288 0.0000
-329.3374 0.0000
-329.8821 0.0000
-329.2339 0.0000
-328.6988 0.0000
-328.9187 0.0000
-328.7679 0.0000
-328.8198 0.0000
-329.0018 0.0000
-329.4581 0.0000
-327.6107 0.0000
-327.2829 0.0000
-327.1477 0.0000
-327.1300 0.0000
-327.9056 0.0000
-328.3097 0.0000
-328.5617 0.0000
-328.4383 0.0000
-328.9165 0.0000
-328.2773 0.0000
-328.7065 0.0000
-328.7174 0.0000
-328.7488 0.0000
-327.6820 0.0000
-327.6886 0.0000
-328.1480 0.0000
-328.2209 0.0000
-328.6977 0.0000
-328.6651 0.0000
-328.7065 0.0000
-328.2868 0.0000
-328.3846 0.0000
-327.5754 0.0000
-328.2151 0.0000
-328.1948 0.0000
-327.5404 0.0000
-328.5061 0.0000
-327.9185 0.0000
-327.8516 0.0000
-328.1291 0.0000
-327.4549 0.0000
-327.6834 0.0000
-327.8929 0.0000
-328.1368 0.0000
-328.3827 0.0000
-328.6697 0.0000
-328.6857 0.0000
-328.8201 0.0000
-329.2633 0.0000
-328.4432 0.0000
-329.0577 0.0000
-329.4927 0.0000
-329.7195 0.0000
-329.9445 0.0000
-329.8486 0.0000
-328.9356 0.0000
-329.4226 0.0000
-328.7897 0.0000
-328.9411 0.0000
-329.2874 0.0000
-328.8915 0.0000
-328.7541 0.0000
-328.5748 0.0000
-328.3967 0.0000
-327.8851 0.0000
-328.1599 0.0000
-328.1287 0.0000
-328.0679 0.0000
-327.7981 0.0000
-327.0927 0.0000
-326.1728 0.0000
-326.1456 0.0000
-326.5730 0.0000
-326.9674 0.0000
-326.6263 0.0000
-327.3603 0.0000
-326.2266 0.0000
-326.1054 0.0000
-326.2638 0.0000
-325.7568 0.0000
-325.7401 0.0000
-327.1244 0.0000
-325.5286 0.0000
-325.3930 0.0000
-325.3615 0.0000
-325.0697 0.0000
-325.1445 0.0000
-325.0459 0.0000
-325.5684 0.0000
-324.9307 0.0000
-325.4281 0.0000
-324.9063 0.0000
-325.5379 0.0000
-325.2210 0.0000
-325.6628 0.0000
-325.2226 0.0000
-325.3005 0.0000
-324.9984 0.0000
-324.4505 0.0000
-324.6157 0.0000
-324.7753 0.0000
-324.9119 0.0000
-325.0017 0.0000
-324.8506 0.0000
-324.9440 0.0000
-324.7119 0.0000
-324.1773 0.0000
-324.4611 0.0000
-324.7231 0.0000
-323.7824 0.0000
-324.2653 0.0000
-324.8310 0.0000
-325.1031 0.0000
-325.3346 0.0000
-326.0069 0.0000
-325.5735 0.0000
-324.8454 0.0000
-325.8693 0.0000
-325.2929 0.0000
-325.7446 0.0000
-325.9854 0.0000
-327.6333 0.0000
-327.7271 0.0000
-327.7445 0.0000
-327.4018 0.0000
-327.0702 0.0000
-327.4684 0.0000
-327.8635 0.0000
-328.1889 0.0000
-327.6846 0.0000
-327.7176 0.0000
-327.4117 0.0000
-326.9403 0.0000
-326.7745 0.0000
-326.4253 0.0000
-327.2319 0.0000
-327.3407 0.0000
-326.6943 0.0000
-326.4639 0.0000
-327.6296 0.0000
-326.9018 0.0000
-327.4705 0.0000
-327.4142 0.0000
-326.9826 0.0000
-327.3530 0.0000
-327.4773 0.0000
-327.5545 0.0000
-327.7419 0.0000
-328.0890 0.0000
-327.3116 0.0000
-327.8097 0.0000
-327.6215 0.0000
-328.0178 0.0000
-327.4062 0.0000
-328.3315 0.0000
-328.2696 0.0000
-328.7758 0.0000
-328.0807 0.0000
-328.2770 0.0000
-328.2787 0.0000
-328.8118 0.0000
-329.0579 0.0000
-328.5148 0.0000
-329.0216 0.0000
-328.9205 0.0000
-328.6804 0.0000
-328.6581 0.0000
-329.0017 0.0000
-329.1264 0.0000
-328.9569 0.0000
-328.8793 0.0000
-329.4077 0.0000
-328.5873 0.0000
-328.9788 0.0000
-329.3837 0.0000
-328.9100 0.0000
-328.4221 0.0000
-329.0465 0.0000
-328.7225 0.0000
-328.8012 0.0000
-328.6175 0.0000
-328.1158 0.0000
-328.8705 0.0000
-328.1778 0.0000
-327.8410 0.0000
-328.6055 0.0000
-327.3613 0.0000
-327.3628 0.0000
-327.4163 0.0000
-326.6544 0.0000
-327.4615 0.0000
-327.4190 0.0000
-327.0562 0.0000
-327.3271 0.0000
-326.8283 0.0000
-325.8298 0.0000
-327.0819 0.0000
-327.0417 0.0000
-327.4236 0.0000
-326.5446 0.0000
-327.0521 0.0000
-326.8581 0.0000
-326.2372 0.0000
-326.4791 0.0000
-326.7910 0.0000
-326.1395 0.0000
-326.9795 0.0000
-327.2027 0.0000
-326.6377 0.0000
-326.4267 0.0000
-326.0340 0.0000
-326.8601 0.0000
-326.3793 0.0000
-327.2670 0.0000
-327.3770 0.0000
-327.1472 0.0000
-328.2598 0.0000
-328.3780 0.0000
-328.8626 0.0000
-328.8985 0.0000
-328.7525 0.0000
-328.7419 0.0000
-329.1444 0.0000
-329.4350 0.0000
-329.6500 0.0000
-329.5299 0.0000
-329.6956 0.0000
-329.5745 0.0000
-330.6006 0.0000
-329.9929 0.0000
-331.2016 0.0000
-330.3281 0.0000
-330.3079 0.0000
-330.2017 0.0000
-330.5171 0.0000
-330.3714 0.0000
-329.9552 0.0000
-330.1616 0.0000
-330.1137 0.0000
-330.1263 0.0000
-330.2431 0.0000
-330.7929 0.0000
-331.1488 0.0000
-331.0684 0.0000
-330.8171 0.0000
-331.1815 0.0000
-330.6727 0.0000
-331.7031 0.0000
-330.6942 0.0000
-330.9367 0.0000
-330.7711 0.0000
-330.8124 0.0000
-331.1102 0.0000
-331.0994 0.0000
-331.3869 0.0000
-331.3662 0.0000
-331.9748 0.0000
-332.1467 0.0000
-331.3373 0.0000
-331.9434 0.0000
-332.1837 0.0000
-332.0920 0.0000
-332.1024 0.0000
-331.8968 0.0000
-332.0352 0.0000
-332.2946 0.0000
-332.4663 0.0000
-332.4984 0.0000
-332.1195 0.0000
-332.2889 0.0000
-332.2132 0.0000
-331.7441 0.0000
-332.2678 0.0000
-332.0659 0.0000
-332.1441 0.0000
-331.7997 0.0000
-332.2473 0.0000
-331.5430 0.0000
-330.9194 0.0000
-331.8294 0.0000
-331.9450 0.0000
-331.6623 0.0000
-331.7609 0.0000
-332.1763 0.0000
-332.1171 0.0000
-331.9892 0.0000
-331.7820 0.0000
-332.1007 0.0000
-331.5293 0.0000
-332.1382 0.0000
-332.3406 0.0000
-331.6722 0.0000
-332.2887 0.0000
-331.6652 0.0000
-332.0081 0.0000
-331.6737 0.0000
-331.8114 0.0000
-331.9246 0.0000
-331.6779 0.0000
-331.7550 0.0000
-331.6356 0.0000
-331.2232 0.0000
-331.7754 0.0000
-331.1085 0.0000
-331.1187 0.0000
-331.6222 0.0000
-331.2509 0.0000
-331.4435 0.0000
-332.0269 0.0000
-331.5827 0.0000
-331.9225 0.0000
-331.5122 0.0000
-332.0010 0.0000
-331.8052 0.0000
-332.0170 0.0000
-331.9033 0.0000
-332.2721 0.0000
-332.0955 0.0000
-331.8485 0.0000
-331.9919 0.0000
-331.1834 0.0000
-331.9788 0.0000
-331.8707 0.0000
-331.7654 0.0000
-331.6502 0.0000
-331.7983 0.0000
-331.8786 0.0000
-331.8632 0.0000
-331.7231 0.0000
-331.2879 0.0000
-331.5556 0.0000
-332.1453 0.0000
-332.1155 0.0000
-332.3384 0.0000
-332.1929 0.0000
-332.4230 0.0000
-332.2326 0.0000
-331.9593 0.0000
-332.3842 0.0000
-332.5230 0.0000
-332.3988 0.0000
-331.8237 0.0000
-331.7895 0.0000
-332.1357 0.0000
-332.5179 0.0000
-332.0327 0.0000
-331.6569 0.0000
-331.6521 0.0000
-332.1830 0.0000
-331.5375 0.0000
-331.3779 0.0000
-331.6224 0.0000
-331.3335 0.0000
-330.8419 0.0000
-331.5776 0.0000
-331.2553 0.0000
-331.0663 0.0000
-330.7241 0.0000
-330.7592 0.0000
-331.1613 0.0000
-331.4350 0.0000
-331.7036 0.0000
-331.4759 0.0000
-331.5850 0.0000
-331.7007 0.0000
-331.9849 0.0000
-332.0037 0.0000
-331.8058 0.0000
-331.9068 0.0000
-332.1014 0.0000
-332.1588 0.0000
-332.1391 0.0000
-332.1055 0.0000
-332.4172 0.0000
-332.2259 0.0000
-332.5114 0.0000
-332.3850 0.0000
-332.2654 0.0000
-332.2187 0.0000
-332.2988 0.0000
-332.2860 0.0000
-332.3650 0.0000
-332.1116 0.0000
-332.1382 0.0000
-331.7252 0.0000
-331.9364 0.0000
-332.3986 0.0000
-331.7547 0.0000
-331.4758 0.0000
-331.7455 0.0000
-332.0735 0.0000
-332.2931 0.0000
-331.8216 0.0000
-331.5976 0.0000
-331.6527 0.0000
-331.8978 0.0000
-332.2535 0.0000
-331.5616 0.0000
-331.5358 0.0000
-331.3143 0.0000
-330.9602 0.0000
-331.4260 0.0000
-330.8468 0.0000
-331.3692 0.0000
-330.9172 0.0000
-330.6601 0.0000
-330.4657 0.0000
-331.1683 0.0000
-331.3955 0.0000
-331.3688 0.0000
-332.0507 0.0000
-331.7905 0.0000
-332.3276 0.0000
-332.2108 0.0000
-332.1280 0.0000
-332.4468 0.0000
-332.9485 0.0000
-332.1319 0.0000
-332.5755 0.0000
-332.0548 0.0000
-331.9060 0.0000
-331.7961 0.0000
-331.8067 0.0000
-331.8151 0.0000
-332.0319 0.0000
-331.4221 0.0000
-331.5096 0.0000
-331.7095 0.0000
-331.5817 0.0000
-331.3998 0.0000
-331.5809 0.0000
-331.3540 0.0000
-331.4502 0.0000
-331.5687 0.0000
-331.2884 0.0000
-331.3169 0.0000
-331.8803 0.0000
-331.0471 0.0000
-331.6950 0.0000
-331.2991 0.0000
-331.2753 0.0000
-331.1685 0.0000
-331.1282 0.0000
-331.1754 0.0000
-331.0771 0.0000
-331.1710 0.0000
-331.2282 0.0000
-331.4237 0.0000
-331.2667 0.0000
-331.1045 0.0000
-331.3681 0.0000
-331.2706 0.0000
-331.0850 0.0000
-331.4499 0.0000
-331.4501 0.0000
-331.6478 0.0000
-331.3844 0.0000
-331.5728 0.0000
-331.5041 0.0000
-331.4197 0.0000
-331.6028 0.0000
-331.7782 0.0000
-331.1964 0.0000
-331.7110 0.0000
-331.6796 0.0000
-331.3713 0.0000
-331.7288 0.0000
-331.9100 0.0000
-331.8649 0.0000
-332.0525 0.0000
-331.9869 0.0000
-332.0523 0.0000
-331.9576 0.0000
-332.3487 0.0000
-332.1244 0.0000
-331.6105 0.0000
-331.7973 0.0000
-331.8055 0.0000
-332.5712 0.0000
-332.1528 0.0000
-332.4131 0.0000
-332.8243 0.0000
-332.8796 0.0000
-332.7003 0.0000
-332.8890 0.0000
-333.1347 0.0000
-333.5830 0.0000
-333.0670 0.0000
-333.2091 0.0000
-333.1045 0.0000
-333.6956 0.0000
-333.3552 0.0000
-333.2045 0.0000
-333.4994 0.0000
-333.4699 0.0000
-333.3575 0.0000
-333.4120 0.0000
-333.0901 0.0000
-333.2672 0.0000
-333.2306 0.0000
-333.4665 0.0000
-333.4732 0.0000
-333.2745 0.0000
-333.7782 0.0000
-333.6881 0.0000
-333.6572 0.0000
-334.0325 0.0000
-333.7684 0.0000
-333.9728 0.0000
-334.0741 0.0000
-334.1560 0.0000
-334.0911 0.0000
-333.8073 0.0000
-333.7127 0.0000
-333.5414 0.0000
-333.2558 0.0000
-333.6435 0.0000
-333.9576 0.0000
-334.0530 0.0000
-333.8672 0.0000
-333.8836 0.0000
-334.1472 0.0000
-334.1057 0.0000
-334.3162 0.0000
-334.1574 0.0000
-334.3304 0.0000
-334.4203 0.0000
-333.7238 0.0000
-333.5783 0.0000
-333.8550 0.0000
-333.8488 0.0000
-333.8622 0.0000
-333.5448 0.0000
-334.2952 0.0000
-334.5261 0.0000
-334.2176 0.0000
-334.4758 0.0000
-334.1816 0.0000
-334.1414 0.0000
-333.9584 0.0000
-334.1176 0.0000
-334.1998 0.0000
-333.9627 0.0000
-333.8848 0.0000
-334.3802 0.0000
-334.1703 0.0000
-334.1153 0.0000
-334.1201 0.0000
-334.1200 0.0000
-334.0072 0.0000
-334.2809 0.0000
-334.5431 0.0000
-334.6472 0.0000
-334.5328 0.0000
-334.5946 0.0000
-334.7522 0.0000
-334.5898 0.0000
-334.3229 0.0000
-334.4617 0.0000
-334.5634 0.0000
-334.5967 0.0000
-334.9478 0.0000
-334.6303 0.0000
-334.2542 0.0000
-334.5350 0.0000
-334.2360 0.0000
-334.5430 0.0000
-334.1975 0.0000
-334.2724 0.0000
-334.8193 0.0000
-334.1215 0.0000
-333.6814 0.0000
-333.6576 0.0000
-333.4830 0.0000
-333.5439 0.0000
-333.5721 0.0000
-333.8311 0.0000
-333.4065 0.0000
-333.5848 0.0000
-333.5613 0.0000
-333.2291 0.0000
-333.2377 0.0000
-333.5600 0.0000
-333.3666 0.0000
-333.3867 0.0000
-333.0982 0.0000
-333.2820 0.0000
-333.6148 0.0000
-333.4081 0.0000
-333.1894 0.0000
-333.6909 0.0000
-333.4357 0.0000
-333.4928 0.0000
-333.3508 0.0000
-333.3952 0.0000
-333.4626 0.0000
-333.0192 0.0000
-332.8411 0.0000
-332.7778 0.0000
-332.5808 0.0000
-332.6546 0.0000
-333.1178 0.0000
-333.0990 0.0000
-333.0540 0.0000
-332.3724 0.0000
-332.5961 0.0000
-332.7430 0.0000
-332.6120 0.0000
-332.2272 0.0000
-332.9441 0.0000
-333.3146 0.0000
-333.5414 0.0000
-333.6822 0.0000
-333.2647 0.0000
-333.1958 0.0000
-333.0461 0.0000
-333.0522 0.0000
-333.6041 0.0000
-333.1765 0.0000
-333.2601 0.0000
-333.7365 0.0000
-333.6952 0.0000
-333.6060 0.0000
-333.5947 0.0000
-333.6895 0.0000
-333.8607 0.0000
-333.7229 0.0000
-333.9554 0.0000
-334.1369 0.0000
-333.9937 0.0000
-333.8437 0.0000
-333.7922 0.0000
-333.8547 0.0000
-334.1730 0.0000
-334.0362 0.0000
-334.5023 0.0000
-334.4558 0.0000
-334.6572 0.0000
-334.6455 0.0000
-334.9171 0.0000
-334.7135 0.0000
-335.1504 0.0000
-334.7975 0.0000
-334.7723 0.0000
-334.8421 0.0000
-334.7005 0.0000
-335.0701 0.0000
-334.9513 0.0000
-334.8515 0.0000
-334.8604 0.0000
-335.3445 0.0000
-334.4916 0.0000
-334.8653 0.0000
-334.9757 0.0000
-334.5736 0.0000
-334.5953 0.0000
-334.4299 0.0000
-334.3596 0.0000
-334.1846 0.0000
-334.6686 0.0000
-335.0700 0.0000
-334.8254 0.0000
-335.3023 0.0000
-335.4272 0.0000
-334.9296 0.0000
-334.8817 0.0000
-334.5979 0.0000
-335.1144 0.0000
-334.5987 0.0000
-334.7222 0.0000
-335.0787 0.0000
-334.3987 0.0000
-334.4515 0.0000
-334.2357 0.0000
-334.3546 0.0000
-334.4069 0.0000
-334.7207 0.0000
-334.6267 0.0000
-334.2049 0.0000
-334.1896 0.0000
-334.2654 0.0000
-334.3981 0.0000
-334.0855 0.0000
-333.7359 0.0000
-333.5396 0.0000
-333.9044 0.0000
-333.4875 0.0000
-333.1499 0.0000
-333.1083 0.0000
-333.0693 0.0000
-333.0993 0.0000
-332.7687 0.0000
-332.8882 0.0000
-332.8151 0.0000
-332.7625 0.0000
-332.7075 0.0000
-332.8706 0.0000
-332.5252 0.0000
-332.7628 0.0000
-332.7856 0.0000
-333.1202 0.0000
-333.2110 0.0000
-332.8984 0.0000
-333.1013 0.0000
-332.7020 0.0000
-332.3909 0.0000
-332.4253 0.0000
-332.1760 0.0000
-332.3995 0.0000
-332.8581 0.0000
-332.6122 0.0000
-332.8010 0.0000
-332.9851 0.0000
-333.5794 0.0000
-333.1198 0.0000
-333.4127 0.0000
-333.1420 0.0000
-332.7760 0.0000
-332.7446 0.0000
-333.2145 0.0000
-333.0356 0.0000
-332.8987 0.0000
-332.9653 0.0000
-333.0714 0.0000
-333.3468 0.0000
-333.0780 0.0000
-333.0596 0.0000
-333.3005 0.0000
-333.1777 0.0000
-333.7204 0.0000
-333.1127 0.0000
-333.1877 0.0000
-332.9979 0.0000
-333.4021 0.0000
-333.4789 0.0000
-333.6180 0.0000
-333.1954 0.0000
-333.2506 0.0000
-333.2835 0.0000
-333.4610 0.0000
-333.1283 0.0000
-333.3810 0.0000
-332.9077 0.0000
-332.8809 0.0000
-332.8322 0.0000
-333.0587 0.0000
-332.7696 0.0000
-332.9833 0.0000
-332.5504 0.0000
-332.7613 0.0000
-332.8025 0.0000
-332.5908 0.0000
-331.9834 0.0000
-332.4189 0.0000
-332.2027 0.0000
-332.7134 0.0000
-332.6292 0.0000
-332.9618 0.0000
-332.7701 0.0000
-332.3851 0.0000
-332.5449 0.0000
-332.5554 0.0000
-332.6341 0.0000
-332.2710 0.0000
-332.8839 0.0000
-332.8353 0.0000
-332.5889 0.0000
-332.5642 0.0000
-332.6047 0.0000
-332.5693 0.0000
-333.3918 0.0000
-332.7766 0.0000
-333.0491 0.0000
-333.1607 0.0000
-333.0103 0.0000
-333.3487 0.0000
-333.3889 0.0000
-333.5995 0.0000
-332.9893 0.0000
-333.0734 0.0000
-332.2602 0.0000
-332.0417 0.0000
-331.9638 0.0000
-332.4975 0.0000
-331.7625 0.0000
-332.0066 0.0000
-331.7848 0.0000
-332.2645 0.0000
-332.7873 0.0000
-332.7098 0.0000
-332.5225 0.0000
-332.5949 0.0000
-332.8656 0.0000
-332.7604 0.0000
-332.8945 0.0000
-333.2101 0.0000
-333.2409 0.0000
-332.8099 0.0000
-332.4550 0.0000
-332.1058 0.0000
-331.5670 0.0000
-332.2100 0.0000
-332.4760 0.0000
-332.2678 0.0000
-332.2379 0.0000
-332.7130 0.0000
-332.0385 0.0000
-332.1289 0.0000
-332.2990 0.0000
-331.7958 0.0000
-332.3018 0.0000
-332.2707 0.0000
-332.5960 0.0000
-332.2175 0.0000
-331.9032 0.0000
-332.3412 0.0000
-332.6551 0.0000
-331.4725 0.0000
-331.5658 0.0000
-332.5063 0.0000
-331.9537 0.0000
-331.6353 0.0000
-331.2594 0.0000
-331.1523 0.0000
-331.6631 0.0000
-331.9204 0.0000
-331.9097 0.0000
-331.7837 0.0000
-331.6144 0.0000
-331.8662 0.0000
-331.6025 0.0000
-331.7321 0.0000
-331.3261 0.0000
-331.5562 0.0000
-331.2507 0.0000
-330.8774 0.0000
-331.7836 0.0000
-331.9576 0.0000
-332.3752 0.0000
-332.4652 0.0000
-332.4780 0.0000
-332.3198 0.0000
-332.7998 0.0000
-332.0494 0.0000
-332.3266 0.0000
-332.2174 0.0000
-331.8777 0.0000
-332.2117 0.0000
-332.5341 0.0000
-332.5124 0.0000
-332.4287 0.0000
-332.1254 0.0000
-332.1619 0.0000
-332.1482 0.0000
-331.8689 0.0000
-332.0763 0.0000
-332.0156 0.0000
-331.3799 0.0000
-331.5553 0.0000
-332.0254 0.0000
-331.7807 0.0000
-330.9974 0.0000
-331.7649 0.0000
-331.5140 0.0000
-332.0220 0.0000
-332.3140 0.0000
-332.3207 0.0000
-332.2282 0.0000
-332.0180 0.0000
-332.5399 0.0000
-332.6828 0.0000
-332.8582 0.0000
-332.8167 0.0000
-332.7554 0.0000
-333.3253 0.0000
-333.1505 0.0000
-333.0188 0.0000
-333.0744 0.0000
-333.1517 0.0000
-332.6316 0.0000
-333.4023 0.0000
-333.5103 0.0000
-333.4552 0.0000
-332.7551 0.0000
-333.7281 0.0000
-333.8754 0.0000
-333.8466 0.0000
-334.1114 0.0000
-333.8862 0.0000
-333.7658 0.0000
-334.0519 0.0000
-333.6944 0.0000
-333.7324 0.0000
-333.5467 0.0000
-333.5546 0.0000
-333.3655 0.0000
-332.9576 0.0000
-332.7688 0.0000
-333.0581 0.0000
-333.6380 0.0000
-333.4113 0.0000
-333.7502 0.0000
-333.7071 0.0000
-333.2776 0.0000
-333.4351 0.0000
-333.3185 0.0000
-333.2276 0.0000
-333.3203 0.0000
-333.4784 0.0000
-333.2661 0.0000
-333.2366 0.0000
-333.1550 0.0000
-333.2133 0.0000
-333.3988 0.0000
-333.3367 0.0000
-333.1018 0.0000
-333.6346 0.0000
-333.6380 0.0000
-333.3876 0.0000
-333.6914 0.0000
-333.6382 0.0000
-334.0434 0.0000
-333.7765 0.0000
-334.2802 0.0000
-334.4369 0.0000
-334.4606 0.0000
-334.1348 0.0000
-334.7616 0.0000
-334.5539 0.0000
-334.3960 0.0000
-334.6238 0.0000
-334.5882 0.0000
-334.4210 0.0000
-334.9898 0.0000
-335.1062 0.0000
-334.7384 0.0000
-335.0986 0.0000
-335.0603 0.0000
-335.0065 0.0000
-335.0558 0.0000
-335.2786 0.0000
-335.2322 0.0000
-335.1019 0.0000
-334.9509 0.0000
-334.9969 0.0000
-335.2288 0.0000
-335.6785 0.0000
-335.4071 0.0000
-335.7829 0.0000
-335.8740 0.0000
-336.3556 0.0000
-336.6528 0.0000
-336.3275 0.0000
-336.4167 0.0000
-336.2297 0.0000
-336.1577 0.0000
-336.2533 0.0000
-336.1168 0.0000
-336.1018 0.0000
-336.3711 0.0000
-336.0211 0.0000
-336.2765 0.0000
-336.3307 0.0000
-336.5648 0.0000
-336.6392 0.0000
-336.5205 0.0000
-336.7743 0.0000
-336.9354 0.0000
-336.9676 0.0000
-336.8367 0.0000
-336.8242 0.0000
-337.0969 0.0000
-337.0920 0.0000
-336.9541 0.0000
-336.8147 0.0000
-337.1679 0.0000
-337.0791 0.0000
-337.2664 0.0000
-337.0304 0.0000
-336.9897 0.0000
-336.7463 0.0000
-336.9174 0.0000
-336.7985 0.0000
-336.6674 0.0000
-336.7025 0.0000
-337.1079 0.0000
-336.8077 0.0000
-336.4508 0.0000
-336.8261 0.0000
-336.9560 0.0000
-337.2090 0.0000
-337.0721 0.0000
-336.8866 0.0000
-336.9738 0.0000
-337.1271 0.0000
-337.1248 0.0000
-336.8571 0.0000
-336.9351 0.0000
-336.7811 0.0000
-336.5635 0.0000
-336.6803 0.0000
-336.5361 0.0000
-336.6432 0.0000
-336.4242 0.0000
-336.3388 0.0000
-336.5433 0.0000
-336.2367 0.0000
-336.6991 0.0000
-336.5251 0.0000
-336.6721 0.0000
-336.6979 0.0000
-336.6069 0.0000
-336.6481 0.0000
-336.7198 0.0000
-336.4566 0.0000
-336.6081 0.0000
-336.4426 0.0000
-336.5466 0.0000
-336.5424 0.0000
-336.5072 0.0000
-336.5622 0.0000
-336.6350 0.0000
-336.6776 0.0000
-336.8230 0.0000
-336.7487 0.0000
-336.5516 0.0000
-336.9155 0.0000
-337.0121 0.0000
-336.9976 0.0000
-337.1481 0.0000
-337.2206 0.0000
-337.4451 0.0000
-337.2656 0.0000
-337.6454 0.0000
-337.4850 0.0000
-337.3470 0.0000
-337.4118 0.0000
-337.5216 0.0000
-337.5292 0.0000
-337.3720 0.0000
-337.4523 0.0000
-337.3633 0.0000
-337.0778 0.0000
-337.2410 0.0000
-336.7888 0.0000
-337.0522 0.0000
-337.0679 0.0000
-337.2371 0.0000
-337.0516 0.0000
-337.1162 0.0000
-337.3156 0.0000
-337.0018 0.0000
-337.2052 0.0000
-336.9559 0.0000
-336.6430 0.0000
-336.8582 0.0000
-336.8244 0.0000
-336.7104 0.0000
-336.5718 0.0000
-336.4802 0.0000
-336.3704 0.0000
-336.7701 0.0000
-336.3633 0.0000
-336.7309 0.0000
-336.5748 0.0000
-336.5536 0.0000
-336.5391 0.0000
-336.8417 0.0000
-336.8689 0.0000
-336.4238 0.0000
-336.9188 0.0000
-336.9083 0.0000
-336.9993 0.0000
-337.0320 0.0000
-337.0722 0.0000
-336.8775 0.0000
-336.7924 0.0000
-337.2139 0.0000
-336.7500 0.0000
-336.7144 0.0000
-336.7168 0.0000
-336.5023 0.0000
-336.7304 0.0000
-336.8075 0.0000
-336.8467 0.0000
-336.7114 0.0000
-336.5177 0.0000
-336.3231 0.0000
-336.0746 0.0000
-336.2347 0.0000
-336.3137 0.0000
-336.0441 0.0000
-336.3106 0.0000
-336.3709 0.0000
-336.4915 0.0000
-336.4758 0.0000
-336.1600 0.0000
-336.4037 0.0000
-336.6684 0.0000
-336.8907 0.0000
-337.0800 0.0000
-336.9626 0.0000
-337.1757 0.0000
-337.3682 0.0000
-337.4390 0.0000
-337.3999 0.0000
-337.1542 0.0000
-337.2124 0.0000
-337.3490 0.0000
-337.0943 0.0000
-336.9229 0.0000
-337.3957 0.0000
-337.2948 0.0000
-337.0679 0.0000
-337.3521 0.0000
-337.1400 0.0000
-336.7348 0.0000
-336.6704 0.0000
-336.9771 0.0000
-337.2860 0.0000
-337.3142 0.0000
-337.1236 0.0000
-336.8367 0.0000
-336.6300 0.0000
-336.3230 0.0000
-336.0729 0.0000
-336.0858 0.0000
