-100.0000 -100.0000
-361.6222 0.0000
-360.2541 0.0000
-361.4964 0.0000
-361.1749 0.0000
-361.2476 0.0000
-361.7836 0.0000
-362.2680 0.0000
-362.3669 0.0000
-362.5855 0.0000
-364.6919 0.0000
-362.1478 0.0000
-362.5046 0.0000
-361.7165 0.0000
-364.3179 0.0000
-360.2117 0.0000
-361.5559 0.0000
-359.8102 0.0000
-360.4770 0.0000
-357.5427 0.0000
-357.7448 0.0000
-357.3767 0.0000
-357.7552 0.0000
-357.3551 0.0000
-355.8892 0.0000
-355.7344 0.0000
-355.5494 0.0000
-355.9586 0.0000
-357.0797 0.0000
-354.9124 0.0000
-355.1408 0.0000
-354.4702 0.0000
-355.5059 0.0000
-354.5397 0.0000
-354.2175 0.0000
-354.1419 0.0000
-353.9848 0.0000
-354.8156 0.0000
-356.0856 0.0000
-355.4424 0.0000
-353.9508 0.0000
-353.3056 0.0000
-352.8915 0.0000
-353.9410 0.0000
-353.0601 0.0000
-354.5045 0.0000
-353.6233 0.0000
-352.5350 0.0000
-353.5920 0.0000
-352.2757 0.0000
-352.2579 0.0000
-351.7931 0.0000
-352.3235 0.0000
-351.9494 0.0000
-351.6742 0.0000
-352.0451 0.0000
-352.3969 0.0000
-351.3433 0.0000
-351.6086 0.0000
-351.1064 0.0000
-351.8312 0.0000
-352.5969 0.0000
-351.6945 0.0000
-351.4834 0.0000
-350.9366 0.0000
-349.9751 0.0000
-350.5652 0.0000
-350.8903 0.0000
-350.7133 0.0000
-351.2904 0.0000
-351.0511 0.0000
-350.9494 0.0000
-351.2425 0.0000
-350.7790 0.0000
-350.6644 0.0000
-351.2457 0.0000
-351.0601 0.0000
-350.8840 0.0000
-350.9322 0.0000
-351.0308 0.0000
-350.5230 0.0000
-349.8964 0.0000
-349.7343 0.0000
-349.7196 0.0000
-349.2094 0.0000
-349.5326 0.0000
-349.7432 0.0000
-349.7579 0.0000
-350.2987 0.0000
-349.5823 0.0000
-349.0291 0.0000
-348.9026 0.0000
-349.9776 0.0000
-350.1989 0.0000
-350.3714 0.0000
-350.6642 0.0000
-350.0426 0.0000
-350.3997 0.0000
-351.2178 0.0000
-348.6868 0.0000
-348.5370 0.0000
-348.3313 0.0000
-348.0725 0.0000
-347.9881 0.0000
-347.7671 0.0000
-347.9016 0.0000
-349.1916 0.0000
-347.0307 0.0000
-348.8078 0.0000
-347.8051 0.0000
-347.7291 0.0000
-348.3189 0.0000
-349.2407 0.0000
-348.9824 0.0000
-348.8124 0.0000
-347.7073 0.0000
-347.2110 0.0000
-346.8305 0.0000
-347.4155 0.0000
-347.6704 0.0000
-346.6555 0.0000
-346.7275 0.0000
-347.5638 0.0000
-348.0842 0.0000
-347.7784 0.0000
-347.1809 0.0000
-346.5525 0.0000
-346.2524 0.0000
-347.3119 0.0000
-347.0278 0.0000
-347.2196 0.0000
-346.7401 0.0000
-346.9596 0.0000
-346.9045 0.0000
-347.3090 0.0000
-347.0046 0.0000
-346.4867 0.0000
-346.6023 0.0000
-346.0680 0.0000
-346.5429 0.0000
-346.8583 0.0000
-346.6291 0.0000
-346.1084 0.0000
-346.1807 0.0000
-345.9642 0.0000
-346.3128 0.0000
-346.4107 0.0000
-346.3389 0.0000
-345.7059 0.0000
-346.0146 0.0000
-346.8923 0.0000
-346.7652 0.0000
-347.0262 0.0000
-346.5806 0.0000
-346.4168 0.0000
-347.0900 0.0000
-346.8852 0.0000
-347.1234 0.0000
-346.2449 0.0000
-346.3255 0.0000
-345.9649 0.0000
-346.1702 0.0000
-346.3421 0.0000
-345.9429 0.0000
-346.4243 0.0000
-346.4865 0.0000
-345.8573 0.0000
-345.5602 0.0000
-344.8658 0.0000
-345.0122 0.0000
-344.5074 0.0000
-344.7180 0.0000
-344.3059 0.0000
-344.9726 0.0000
-344.1724 0.0000
-344.3417 0.0000
-344.2729 0.0000
-343.9977 0.0000
-344.2474 0.0000
-344.2247 0.0000
-344.2850 0.0000
-343.8900 0.0000
-343.9186 0.0000
-344.7388 0.0000
-344.9579 0.0000
-345.1375 0.0000
-344.9372 0.0000
-344.9010 0.0000
-344.2648 0.0000
-344.1746 0.0000
-344.2539 0.0000
-343.7820 0.0000
-343.6325 0.0000
-343.8644 0.0000
-344.3273 0.0000
-344.2400 0.0000
-344.3102 0.0000
-344.0486 0.0000
-344.2551 0.0000
-344.0538 0.0000
-344.3398 0.0000
-343.8691 0.0000
-344.1558 0.0000
-343.8281 0.0000
-344.1303 0.0000
-344.4093 0.0000
-344.7790 0.0000
-345.0440 0.0000
-344.8249 0.0000
-344.9482 0.0000
-344.8801 0.0000
-344.6862 0.0000
-344.7786 0.0000
-345.0275 0.0000
-344.8035 0.0000
-344.5955 0.0000
-344.2511 0.0000
-344.6010 0.0000
-344.8307 0.0000
-344.5791 0.0000
-344.3905 0.0000
-344.4799 0.0000
-344.5939 0.0000
-344.4802 0.0000
-344.3634 0.0000
-344.7427 0.0000
-344.9875 0.0000
-344.6036 0.0000
-344.6514 0.0000
-344.2904 0.0000
-344.7120 0.0000
-344.3976 0.0000
-344.2043 0.0000
-344.3918 0.0000
-344.3698 0.0000
-343.9872 0.0000
-344.1430 0.0000
-344.4622 0.0000
-343.7595 0.0000
-343.6148 0.0000
-343.4747 0.0000
-343.1900 0.0000
-343.5112 0.0000
-343.4415 0.0000
-343.4848 0.0000
-343.4441 0.0000
-343.6192 0.0000
-343.8523 0.0000
-343.7175 0.0000
-343.6278 0.0000
-343.4901 0.0000
-343.3119 0.0000
-342.9669 0.0000
-343.2228 0.0000
-343.5846 0.0000
-343.4769 0.0000
-343.6422 0.0000
-343.3581 0.0000
-343.7842 0.0000
-344.0567 0.0000
-344.0084 0.0000
-344.2588 0.0000
-344.4147 0.0000
-344.5972 0.0000
-344.6007 0.0000
-344.8829 0.0000
-344.9180 0.0000
-344.5435 0.0000
-344.6985 0.0000
-344.8849 0.0000
-344.9409 0.0000
-345.3978 0.0000
-345.3242 0.0000
-344.8913 0.0000
-345.1673 0.0000
-345.0462 0.0000
-345.1219 0.0000
-344.8565 0.0000
-344.8941 0.0000
-344.4542 0.0000
-344.8286 0.0000
-344.8592 0.0000
-345.2856 0.0000
-344.7716 0.0000
-345.2971 0.0000
-344.3728 0.0000
-344.6325 0.0000
-344.2072 0.0000
-344.2368 0.0000
-343.9521 0.0000
-344.1243 0.0000
-343.9685 0.0000
-344.4636 0.0000
-343.9955 0.0000
-344.1604 0.0000
-344.1700 0.0000
-344.0389 0.0000
-343.7876 0.0000
-343.6974 0.0000
-343.3692 0.0000
-342.8271 0.0000
-342.8059 0.0000
-342.6745 0.0000
-342.4053 0.0000
-342.2021 0.0000
-342.1175 0.0000
-341.7586 0.0000
-341.7071 0.0000
-342.2665 0.0000
-341.4820 0.0000
-341.7388 0.0000
-341.6127 0.0000
-341.8402 0.0000
-342.0610 0.0000
-342.0741 0.0000
-341.8074 0.0000
-341.8627 0.0000
-342.0235 0.0000
-341.7368 0.0000
-342.2385 0.0000
-341.9540 0.0000
-341.8016 0.0000
-341.8340 0.0000
-341.9646 0.0000
-341.7121 0.0000
-342.0321 0.0000
-341.8340 0.0000
-341.7326 0.0000
-342.2104 0.0000
-341.5898 0.0000
-341.5077 0.0000
-341.7490 0.0000
-341.7149 0.0000
-342.0350 0.0000
-341.9673 0.0000
-342.0082 0.0000
-341.9455 0.0000
-341.7219 0.0000
-341.6931 0.0000
-341.9323 0.0000
-341.8542 0.0000
-341.7377 0.0000
-341.3450 0.0000
-341.8955 0.0000
-342.0586 0.0000
-341.9933 0.0000
-341.5148 0.0000
-341.5147 0.0000
-341.8704 0.0000
-341.7037 0.0000
-341.6945 0.0000
-341.7400 0.0000
-341.4333 0.0000
-341.7106 0.0000
-341.4618 0.0000
-341.3927 0.0000
-341.5132 0.0000
-341.3787 0.0000
-341.7098 0.0000
-341.3650 0.0000
-341.1037 0.0000
-340.9036 0.0000
-340.8919 0.0000
-340.4045 0.0000
-340.6512 0.0000
-340.9093 0.0000
-340.9803 0.0000
-340.9203 0.0000
-340.5089 0.0000
-341.2085 0.0000
-341.2025 0.0000
-340.8048 0.0000
-340.7411 0.0000
-341.0739 0.0000
-340.9439 0.0000
-341.1916 0.0000
-341.4599 0.0000
-341.1362 0.0000
-341.0757 0.0000
-341.0174 0.0000
-340.8391 0.0000
-340.7186 0.0000
-340.6409 0.0000
-340.7360 0.0000
-340.6497 0.0000
-340.4393 0.0000
-340.2916 0.0000
-340.4960 0.0000
-340.0130 0.0000
-340.0821 0.0000
-340.1711 0.0000
-340.1190 0.0000
-339.9904 0.0000
-339.7942 0.0000
-340.0246 0.0000
-340.0269 0.0000
-340.1765 0.0000
-340.0137 0.0000
-340.1122 0.0000
-339.9904 0.0000
-339.9915 0.0000
-340.0619 0.0000
-340.3113 0.0000
-340.6958 0.0000
-340.8081 0.0000
-340.6830 0.0000
-340.9546 0.0000
-340.6021 0.0000
-340.5885 0.0000
-340.6864 0.0000
-340.5524 0.0000
-340.6883 0.0000
-340.7910 0.0000
-340.6161 0.0000
-340.4729 0.0000
-340.3222 0.0000
-340.3722 0.0000
-340.5931 0.0000
-340.3071 0.0000
-340.5576 0.0000
-340.2447 0.0000
-340.4009 0.0000
-340.5759 0.0000
-340.1756 0.0000
-340.3734 0.0000
-340.5232 0.0000
-340.6614 0.0000
-340.8594 0.0000
-340.6897 0.0000
-340.4764 0.0000
-340.6007 0.0000
-340.6048 0.0000
-340.8077 0.0000
-340.6568 0.0000
-340.4164 0.0000
-340.5377 0.0000
-340.4537 0.0000
-340.5386 0.0000
-340.7947 0.0000
-340.5769 0.0000
-340.2618 0.0000
-340.1578 0.0000
-339.7580 0.0000
-340.2057 0.0000
-340.3685 0.0000
-340.4240 0.0000
-340.8009 0.0000
-340.7339 0.0000
-340.5690 0.0000
-340.4457 0.0000
-340.2837 0.0000
-340.1105 0.0000
-340.4145 0.0000
-340.5192 0.0000
-340.5061 0.0000
-340.1554 0.0000
-340.4260 0.0000
-340.4946 0.0000
-340.4475 0.0000
-340.7677 0.0000
-340.7131 0.0000
-340.9394 0.0000
-340.5977 0.0000
-340.9344 0.0000
-340.6796 0.0000
-341.1022 0.0000
-341.0892 0.0000
-341.0489 0.0000
-341.0960 0.0000
-341.0582 0.0000
-341.1937 0.0000
-341.0424 0.0000
-340.9309 0.0000
-340.6242 0.0000
-340.9788 0.0000
-340.3880 0.0000
-340.4550 0.0000
-340.6104 0.0000
-340.3254 0.0000
-340.4485 0.0000
-340.3105 0.0000
-340.3545 0.0000
-340.5084 0.0000
-340.4320 0.0000
-340.4495 0.0000
-340.6171 0.0000
-340.7168 0.0000
-340.8195 0.0000
-341.0190 0.0000
-341.0518 0.0000
-341.0523 0.0000
-341.0896 0.0000
-341.4919 0.0000
-341.4724 0.0000
-341.5823 0.0000
-341.7103 0.0000
-341.6056 0.0000
-341.4513 0.0000
-341.4390 0.0000
-341.6610 0.0000
-341.6607 0.0000
-341.5873 0.0000
-341.2282 0.0000
-341.5181 0.0000
-341.7155 0.0000
-341.3412 0.0000
-341.4814 0.0000
-341.5005 0.0000
-341.6856 0.0000
-341.5552 0.0000
-341.7119 0.0000
-341.6029 0.0000
-341.5795 0.0000
-341.5072 0.0000
-341.5024 0.0000
-341.7269 0.0000
-341.6078 0.0000
-341.7469 0.0000
-342.0317 0.0000
-341.7325 0.0000
-341.8842 0.0000
-341.6563 0.0000
-341.9900 0.0000
-342.1058 0.0000
-342.0517 0.0000
-342.1226 0.0000
-342.3282 0.0000
-342.3380 0.0000
-342.3035 0.0000
-342.4325 0.0000
-342.4197 0.0000
-342.7256 0.0000
-343.0351 0.0000
-342.5688 0.0000
-342.4299 0.0000
-342.4413 0.0000
-342.2641 0.0000
-342.6116 0.0000
-342.6964 0.0000
-342.6680 0.0000
-342.4464 0.0000
-342.3526 0.0000
-342.3164 0.0000
-342.3901 0.0000
-342.0225 0.0000
-342.1052 0.0000
-341.9256 0.0000
-342.0385 0.0000
-342.0508 0.0000
-341.8528 0.0000
-341.9294 0.0000
-342.1755 0.0000
-342.3103 0.0000
-342.5296 0.0000
-341.8206 0.0000
-341.7341 0.0000
-341.6034 0.0000
-341.7294 0.0000
-341.6788 0.0000
-341.8868 0.0000
-341.7818 0.0000
-341.6318 0.0000
-341.8351 0.0000
-341.7350 0.0000
-341.4244 0.0000
-341.4206 0.0000
-341.1886 0.0000
-341.4151 0.0000
-341.4578 0.0000
-341.2559 0.0000
-341.4206 0.0000
-341.2259 0.0000
-341.2756 0.0000
-341.1292 0.0000
-341.1158 0.0000
-341.0047 0.0000
-341.1534 0.0000
-341.2768 0.0000
-340.9310 0.0000
-341.0653 0.0000
-340.8398 0.0000
-341.0102 0.0000
-340.9677 0.0000
-340.8319 0.0000
-340.9972 0.0000
-341.1596 0.0000
-341.0729 0.0000
-340.9302 0.0000
-340.7623 0.0000
-340.8271 0.0000
-340.9624 0.0000
-341.0606 0.0000
-341.0962 0.0000
-340.9232 0.0000
-341.3340 0.0000
-340.8342 0.0000
-340.6588 0.0000
-340.2896 0.0000
-340.4774 0.0000
-340.3507 0.0000
-340.5545 0.0000
-340.4842 0.0000
-340.3053 0.0000
-340.5353 0.0000
-340.1968 0.0000
-340.1992 0.0000
-340.1865 0.0000
-340.2459 0.0000
-340.4366 0.0000
-340.3585 0.0000
-340.0529 0.0000
-340.2912 0.0000
-339.8864 0.0000
-339.8666 0.0000
-339.9465 0.0000
-339.7149 0.0000
-339.5195 0.0000
-339.8068 0.0000
-339.9992 0.0000
-340.0251 0.0000
-340.3610 0.0000
-339.8105 0.0000
-339.9414 0.0000
-339.8349 0.0000
-340.0271 0.0000
-340.5160 0.0000
-340.4689 0.0000
-340.4097 0.0000
-340.4604 0.0000
-340.2323 0.0000
-340.1024 0.0000
-340.2399 0.0000
-340.4358 0.0000
-340.1575 0.0000
-340.0425 0.0000
-340.2220 0.0000
-339.9639 0.0000
-340.1802 0.0000
-340.2401 0.0000
-340.3854 0.0000
-340.2894 0.0000
-340.6393 0.0000
-340.1280 0.0000
-340.1180 0.0000
-340.2150 0.0000
-340.4869 0.0000
-340.1627 0.0000
-340.1482 0.0000
-340.2879 0.0000
-340.2122 0.0000
-339.9419 0.0000
-340.4702 0.0000
-340.4518 0.0000
-340.3338 0.0000
-340.3005 0.0000
-340.6735 0.0000
-340.9510 0.0000
-340.7999 0.0000
-341.1753 0.0000
-341.7322 0.0000
-341.4157 0.0000
-342.0338 0.0000
-342.3454 0.0000
-341.7208 0.0000
-341.3003 0.0000
-341.3422 0.0000
-341.6517 0.0000
-341.7231 0.0000
-341.6430 0.0000
-341.7494 0.0000
-341.6021 0.0000
-341.5766 0.0000
-341.5310 0.0000
-341.5857 0.0000
-341.5371 0.0000
-341.8010 0.0000
-341.9780 0.0000
-341.9616 0.0000
-342.0250 0.0000
-342.3535 0.0000
-341.8545 0.0000
-342.1566 0.0000
-341.9208 0.0000
-342.2166 0.0000
-342.4882 0.0000
-342.5731 0.0000
-342.4973 0.0000
-342.6336 0.0000
-342.3170 0.0000
-342.9584 0.0000
-343.3564 0.0000
-342.4751 0.0000
-342.6911 0.0000
-342.6490 0.0000
-342.1348 0.0000
-342.3499 0.0000
-342.1913 0.0000
-341.9110 0.0000
-342.2258 0.0000
-342.3580 0.0000
-342.3328 0.0000
-342.5318 0.0000
-342.0035 0.0000
-342.7347 0.0000
-342.5911 0.0000
-343.1214 0.0000
-342.4785 0.0000
-342.3715 0.0000
-342.4125 0.0000
-342.6927 0.0000
-341.9013 0.0000
-342.2394 0.0000
-342.8055 0.0000
-342.8306 0.0000
-341.9909 0.0000
-342.6635 0.0000
-342.3422 0.0000
-342.8362 0.0000
-342.5467 0.0000
-342.8506 0.0000
-342.3140 0.0000
-341.9984 0.0000
-342.1540 0.0000
-342.4496 0.0000
-343.0746 0.0000
-343.0148 0.0000
-342.1880 0.0000
-342.8734 0.0000
-342.3001 0.0000
-342.4504 0.0000
-342.4989 0.0000
-342.5284 0.0000
-342.3956 0.0000
-342.6894 0.0000
-342.6823 0.0000
-341.9394 0.0000
-342.4988 0.0000
-342.4253 0.0000
-343.1533 0.0000
-342.8179 0.0000
-342.2482 0.0000
-342.3025 0.0000
-342.7402 0.0000
-343.0560 0.0000
-342.6199 0.0000
-342.4525 0.0000
-342.2775 0.0000
-342.7780 0.0000
-342.0369 0.0000
-342.7094 0.0000
-342.3112 0.0000
-342.1971 0.0000
-342.0293 0.0000
-342.1653 0.0000
-343.2341 0.0000
-342.6780 0.0000
-342.3074 0.0000
-342.4799 0.0000
-342.8774 0.0000
-342.3176 0.0000
-342.7121 0.0000
-342.4394 0.0000
-342.6283 0.0000
-342.7457 0.0000
-342.4014 0.0000
-342.4900 0.0000
-342.1915 0.0000
-341.8325 0.0000
-342.8472 0.0000
-342.7423 0.0000
-342.6979 0.0000
-342.7321 0.0000
-342.6484 0.0000
-342.6260 0.0000
-342.8077 0.0000
-342.9353 0.0000
-342.6905 0.0000
-342.3638 0.0000
-342.9532 0.0000
-342.3883 0.0000
-342.7158 0.0000
-342.8940 0.0000
-342.8680 0.0000
-343.2964 0.0000
-342.7508 0.0000
-342.3847 0.0000
-342.7497 0.0000
-342.2732 0.0000
-342.3778 0.0000
-342.5083 0.0000
-343.0834 0.0000
-342.9483 0.0000
-342.6552 0.0000
-342.4434 0.0000
-342.6326 0.0000
-342.6403 0.0000
-342.9224 0.0000
-342.3490 0.0000
-342.6291 0.0000
-342.8752 0.0000
-342.0551 0.0000
-341.8672 0.0000
-342.3044 0.0000
-341.8640 0.0000
-341.8144 0.0000
-342.2074 0.0000
-341.9728 0.0000
-341.3694 0.0000
-341.9461 0.0000
-342.1985 0.0000
-342.3429 0.0000
-342.0272 0.0000
-341.6563 0.0000
-341.8681 0.0000
-341.6346 0.0000
-341.5172 0.0000
-341.9371 0.0000
-342.1005 0.0000
-341.6295 0.0000
-342.2423 0.0000
-341.6449 0.0000
-341.5200 0.0000
-341.6976 0.0000
-341.7739 0.0000
-341.9918 0.0000
-341.8293 0.0000
-341.9262 0.0000
-341.7659 0.0000
-342.3189 0.0000
-341.5756 0.0000
-341.6535 0.0000
-341.7953 0.0000
-341.8897 0.0000
-342.0266 0.0000
-341.8127 0.0000
-341.3964 0.0000
-341.5799 0.0000
-342.1804 0.0000
-342.5395 0.0000
-341.5148 0.0000
-341.7731 0.0000
-342.3753 0.0000
-341.8091 0.0000
-341.9533 0.0000
-341.8644 0.0000
-341.8421 0.0000
-341.7430 0.0000
-341.7047 0.0000
-341.5918 0.0000
-341.4430 0.0000
-341.7380 0.0000
-341.5630 0.0000
-342.0801 0.0000
-341.5055 0.0000
-342.1887 0.0000
-341.5315 0.0000
-341.5395 0.0000
-342.1080 0.0000
-342.2675 0.0000
-341.8687 0.0000
-341.6249 0.0000
-341.7458 0.0000
-342.0674 0.0000
-342.0410 0.0000
-341.5807 0.0000
-342.2215 0.0000
-341.9620 0.0000
-341.8361 0.0000
-341.9332 0.0000
-342.0966 0.0000
-341.9613 0.0000
-341.7892 0.0000
-341.7986 0.0000
-342.2186 0.0000
-341.7591 0.0000
-341.4524 0.0000
-341.3996 0.0000
-342.0050 0.0000
-342.2148 0.0000
-341.6609 0.0000
-341.9726 0.0000
-341.7784 0.0000
-341.5263 0.0000
-341.6282 0.0000
-342.0605 0.0000
-341.9372 0.0000
-341.7347 0.0000
-342.0668 0.0000
-342.1047 0.0000
-341.6724 0.0000
-341.6084 0.0000
-341.6120 0.0000
-342.2409 0.0000
-341.8790 0.0000
-341.7698 0.0000
-342.0284 0.0000
-341.9312 0.0000
-342.0686 0.0000
-341.8589 0.0000
-341.8763 0.0000
-342.1625 0.0000
-341.4353 0.0000
-341.8497 0.0000
-341.8399 0.0000
-341.8064 0.0000
-341.8034 0.0000
-341.6662 0.0000
-341.8079 0.0000
-341.8922 0.0000
-341.2971 0.0000
-341.3465 0.0000
-341.5084 0.0000
-342.0001 0.0000
-342.1981 0.0000
-341.6176 0.0000
-341.8027 0.0000
-341.8417 0.0000
-341.7396 0.0000
-341.4805 0.0000
-341.8811 0.0000
-341.9082 0.0000
-341.8509 0.0000
-342.0523 0.0000
-342.1915 0.0000
-342.1624 0.0000
-341.7306 0.0000
-341.1199 0.0000
-340.9339 0.0000
-341.0663 0.0000
-340.7975 0.0000
-340.9815 0.0000
-340.5521 0.0000
-341.3092 0.0000
-341.2875 0.0000
-341.2060 0.0000
-341.1290 0.0000
-341.1372 0.0000
-340.5483 0.0000
-341.3113 0.0000
-341.2453 0.0000
-341.3678 0.0000
-341.5821 0.0000
-342.2126 0.0000
-342.2604 0.0000
-341.7528 0.0000
-341.6889 0.0000
-341.7684 0.0000
-341.2817 0.0000
-341.1243 0.0000
-341.3373 0.0000
-341.1921 0.0000
-340.9151 0.0000
-341.1224 0.0000
-341.1417 0.0000
-341.2390 0.0000
-341.5311 0.0000
-340.9998 0.0000
-341.0412 0.0000
-340.7695 0.0000
-341.2210 0.0000
-341.2307 0.0000
-341.3839 0.0000
-340.9687 0.0000
-341.1991 0.0000
-341.0355 0.0000
-341.4452 0.0000
-340.7876 0.0000
-340.8102 0.0000
-340.6738 0.0000
-340.5171 0.0000
-340.6594 0.0000
-340.6791 0.0000
-339.9699 0.0000
-339.8015 0.0000
-339.8479 0.0000
-340.2209 0.0000
-340.2891 0.0000
-340.3822 0.0000
-340.4416 0.0000
-340.1856 0.0000
-339.9871 0.0000
-340.4539 0.0000
-340.0547 0.0000
-340.1381 0.0000
-340.2104 0.0000
-340.3704 0.0000
-340.0415 0.0000
-340.0041 0.0000
-340.0390 0.0000
-339.6186 0.0000
-339.9770 0.0000
-339.7707 0.0000
-339.8873 0.0000
-340.2945 0.0000
-339.7713 0.0000
-339.6430 0.0000
-339.6366 0.0000
-339.7515 0.0000
-339.2916 0.0000
-339.6065 0.0000
-339.7868 0.0000
-340.0995 0.0000
-340.2721 0.0000
-340.2981 0.0000
-340.2635 0.0000
-340.1926 0.0000
-339.8663 0.0000
-340.4779 0.0000
-340.4638 0.0000
-340.7800 0.0000
-340.2429 0.0000
-340.2295 0.0000
-340.3243 0.0000
-340.4793 0.0000
-340.6000 0.0000
-340.5836 0.0000
-341.0243 0.0000
-340.4058 0.0000
-340.8065 0.0000
-340.6949 0.0000
-340.4357 0.0000
-340.7445 0.0000
-341.1007 0.0000
-340.8091 0.0000
-341.0582 0.0000
-341.0386 0.0000
-341.1118 0.0000
-340.9892 0.0000
-341.1493 0.0000
-341.5223 0.0000
-340.8509 0.0000
-341.0694 0.0000
-341.1049 0.0000
-341.0509 0.0000
-340.7415 0.0000
-340.4957 0.0000
-340.4039 0.0000
-340.3549 0.0000
-340.6444 0.0000
-340.5537 0.0000
-340.5710 0.0000
-340.7400 0.0000
-340.3471 0.0000
-340.2291 0.0000
-340.0121 0.0000
-339.5994 0.0000
-340.1017 0.0000
-340.4350 0.0000
-340.3113 0.0000
-340.3831 0.0000
-340.2644 0.0000
-340.2917 0.0000
-340.1263 0.0000
-340.1423 0.0000
-340.2057 0.0000
-340.3551 0.0000
-339.9888 0.0000
-340.3253 0.0000
-340.1898 0.0000
-340.0137 0.0000
-340.3296 0.0000
-340.6309 0.0000
-340.0728 0.0000
-340.2605 0.0000
-340.2832 0.0000
-340.0045 0.0000
-340.3241 0.0000
-340.3002 0.0000
-340.2964 0.0000
-340.2264 0.0000
-340.0535 0.0000
-340.4094 0.0000
-340.1311 0.0000
-339.8681 0.0000
-340.0030 0.0000
-339.9906 0.0000
-339.9385 0.0000
-340.0666 0.0000
-340.2639 0.0000
-340.2900 0.0000
-340.2939 0.0000
-340.3102 0.0000
-340.3458 0.0000
-340.4545 0.0000
-340.2461 0.0000
-340.4478 0.0000
-340.4541 0.0000
-340.3660 0.0000
-340.2794 0.0000
-340.1700 0.0000
-340.3445 0.0000
-339.9317 0.0000
-340.0735 0.0000
-339.8893 0.0000
-340.0246 0.0000
-339.9283 0.0000
-340.3076 0.0000
-340.6074 0.0000
-339.7882 0.0000
-339.8238 0.0000
-339.7182 0.0000
-339.3787 0.0000
-339.3514 0.0000
-339.4215 0.0000
-339.7136 0.0000
-339.3840 0.0000
-339.1799 0.0000
-339.0820 0.0000
-339.5008 0.0000
-339.3270 0.0000
-339.2551 0.0000
-339.3668 0.0000
-339.3559 0.0000
-339.3969 0.0000
-339.2716 0.0000
-339.4139 0.0000
-339.7583 0.0000
-339.4703 0.0000
-339.6351 0.0000
-339.4165 0.0000
-339.5282 0.0000
-339.4191 0.0000
-339.5274 0.0000
-339.2300 0.0000
-339.2917 0.0000
-339.3882 0.0000
-339.4202 0.0000
-339.2149 0.0000
-339.5238 0.0000
-339.2601 0.0000
-339.1859 0.0000
-339.3701 0.0000
-339.5948 0.0000
-339.4190 0.0000
-339.5453 0.0000
-339.5709 0.0000
-339.4261 0.0000
-339.3430 0.0000
-339.2052 0.0000
-339.5867 0.0000
-339.3306 0.0000
-339.3067 0.0000
-339.3293 0.0000
-339.3869 0.0000
-339.3538 0.0000
-339.0918 0.0000
-339.0848 0.0000
-339.4695 0.0000
-339.0619 0.0000
-339.0890 0.0000
-339.2410 0.0000
-339.1223 0.0000
-339.4878 0.0000
-339.2740 0.0000
-339.4610 0.0000
-339.2753 0.0000
-339.2324 0.0000
-339.3436 0.0000
-339.3375 0.0000
-339.3356 0.0000
-339.1245 0.0000
-339.4841 0.0000
-339.2713 0.0000
-339.7397 0.0000
-339.5105 0.0000
-339.4289 0.0000
-339.4522 0.0000
-339.5082 0.0000
-339.3372 0.0000
-339.5334 0.0000
-339.3707 0.0000
-339.2766 0.0000
-339.5419 0.0000
-339.4320 0.0000
-339.5134 0.0000
-339.3613 0.0000
-339.5943 0.0000
-339.5983 0.0000
-339.1987 0.0000
-339.4979 0.0000
-339.2134 0.0000
-339.3940 0.0000
-339.3149 0.0000
-339.5886 0.0000
-339.4392 0.0000
-339.1371 0.0000
-339.5336 0.0000
-339.0363 0.0000
-339.2078 0.0000
-339.3754 0.0000
-339.4243 0.0000
-339.5702 0.0000
-339.6417 0.0000
-339.3633 0.0000
-339.3966 0.0000
-339.0838 0.0000
-339.3702 0.0000
-339.5613 0.0000
-339.2292 0.0000
-339.4244 0.0000
-339.4305 0.0000
-339.3463 0.0000
-339.3317 0.0000
-339.4707 0.0000
-339.3462 0.0000
-339.2161 0.0000
-339.3356 0.0000
-339.2370 0.0000
-339.5108 0.0000
-339.4265 0.0000
-339.3661 0.0000
-339.4180 0.0000
-339.5930 0.0000
-339.3594 0.0000
-339.3983 0.0000
-339.2739 0.0000
-339.3804 0.0000
-339.0276 0.0000
-339.2547 0.0000
-339.2451 0.0000
-339.3638 0.0000
-339.4934 0.0000
-339.4976 0.0000
-339.2253 0.0000
-339.6847 0.0000
-339.4156 0.0000
-339.2749 0.0000
-339.6062 0.0000
-339.4708 0.0000
-339.4053 0.0000
-339.2646 0.0000
-339.0475 0.0000
-339.5577 0.0000
-339.2753 0.0000
-339.3312 0.0000
-339.4725 0.0000
-339.3887 0.0000
-339.3276 0.0000
-339.6530 0.0000
-339.5642 0.0000
-339.5201 0.0000
-339.1749 0.0000
-339.0586 0.0000
-339.5514 0.0000
-339.5488 0.0000
-339.2293 0.0000
-339.1691 0.0000
-339.4105 0.0000
-339.3404 0.0000
-339.5249 0.0000
-339.4506 0.0000
-339.4884 0.0000
-339.5171 0.0000
-339.2244 0.0000
-339.2260 0.0000
-339.4625 0.0000
-339.5795 0.0000
-339.5630 0.0000
-339.2887 0.0000
-339.2900 0.0000
-339.3915 0.0000
-339.2545 0.0000
-339.2986 0.0000
-339.5946 0.0000
-339.2413 0.0000
-339.3632 0.0000
-339.6443 0.0000
-339.2037 0.0000
-339.6114 0.0000
-339.5548 0.0000
-339.4581 0.0000
-339.2607 0.0000
-339.3666 0.0000
-339.2733 0.0000
-339.3002 0.0000
-339.4717 0.0000
-339.5827 0.0000
-339.5888 0.0000
-339.2666 0.0000
-339.4892 0.0000
-339.1586 0.0000
-339.5161 0.0000
-339.4819 0.0000
-339.5646 0.0000
-339.3631 0.0000
-339.2776 0.0000
-339.4225 0.0000
-339.3393 0.0000
-339.7643 0.0000
-339.3745 0.0000
-339.0800 0.0000
-339.2703 0.0000
-339.5525 0.0000
-339.3193 0.0000
-339.3469 0.0000
-339.1136 0.0000
-339.5498 0.0000
-339.1439 0.0000
-339.3940 0.0000
-339.5861 0.0000
-339.1594 0.0000
-339.1786 0.0000
-339.4233 0.0000
-339.5178 0.0000
-339.0591 0.0000
-339.2715 0.0000
-339.3434 0.0000
-339.2938 0.0000
-339.5145 0.0000
-339.0981 0.0000
-339.4142 0.0000
-339.1826 0.0000
-339.3889 0.0000
-339.3174 0.0000
-339.2788 0.0000
-339.1960 0.0000
-339.3194 0.0000
-339.2508 0.0000
-339.3512 0.0000
-339.4154 0.0000
-339.2782 0.0000
-339.4487 0.0000
-339.3550 0.0000
-339.3686 0.0000
-339.5227 0.0000
-339.2994 0.0000
-339.1873 0.0000
-339.5966 0.0000
-339.1604 0.0000
-339.7359 0.0000
-339.3789 0.0000
-339.4654 0.0000
-339.2544 0.0000
-339.3554 0.0000
-339.4546 0.0000
-339.6089 0.0000
-339.3846 0.0000
-339.3623 0.0000
-339.6625 0.0000
-339.2276 0.0000
-339.5659 0.0000
-339.2560 0.0000
-339.3567 0.0000
-339.4058 0.0000
-339.0789 0.0000
-339.5683 0.0000
-339.6193 0.0000
-339.4949 0.0000
-339.5337 0.0000
-339.1402 0.0000
-339.5280 0.0000
-339.3360 0.0000
-339.6179 0.0000
-339.7470 0.0000
-339.3933 0.0000
-339.2961 0.0000
-339.2404 0.0000
-339.6483 0.0000
-339.3138 0.0000
-339.2882 0.0000
-339.3340 0.0000
-339.4034 0.0000
-339.2043 0.0000
-339.1624 0.0000
-339.3292 0.0000
-339.2005 0.0000
-339.4266 0.0000
-339.6981 0.0000
-339.2951 0.0000
-339.4012 0.0000
-339.5933 0.0000
-339.3539 0.0000
-339.6926 0.0000
-339.6243 0.0000
-339.3425 0.0000
-339.3356 0.0000
-339.4923 0.0000
-339.3893 0.0000
-339.4818 0.0000
-339.4319 0.0000
-339.4638 0.0000
-339.3146 0.0000
-339.2932 0.0000
-339.4415 0.0000
-339.4400 0.0000
-339.3706 0.0000
-339.3891 0.0000
-339.6181 0.0000
-339.3198 0.0000
-339.2735 0.0000
-339.2953 0.0000
-339.5062 0.0000
-339.3237 0.0000
-339.4074 0.0000
-339.1424 0.0000
-339.4636 0.0000
-339.2989 0.0000
-339.6840 0.0000
-339.5679 0.0000
-339.4978 0.0000
-339.5575 0.0000
-339.3837 0.0000
-339.3005 0.0000
-339.1448 0.0000
-339.5385 0.0000
-339.5997 0.0000
-339.2631 0.0000
-339.4596 0.0000
-339.4467 0.0000
-339.5800 0.0000
-339.2738 0.0000
-339.3154 0.0000
-339.3197 0.0000
-339.4695 0.0000
-339.2912 0.0000
-339.5981 0.0000
-339.5321 0.0000
-339.2471 0.0000
-339.2756 0.0000
-339.1417 0.0000
-339.3144 0.0000
-339.1984 0.0000
-339.3221 0.0000
-339.1521 0.0000
-339.3556 0.0000
-339.2410 0.0000
-339.3930 0.0000
-339.2391 0.0000
-339.3067 0.0000
-339.2985 0.0000
-339.3166 0.0000
-339.5192 0.0000
-339.1938 0.0000
-339.3502 0.0000
-339.5100 0.0000
-339.3392 0.0000
-339.2222 0.0000
-339.4122 0.0000
-339.4029 0.0000
-339.5344 0.0000
-339.3128 0.0000
-339.2310 0.0000
-339.2058 0.0000
-339.2571 0.0000
-339.3414 0.0000
-339.3683 0.0000
-339.4092 0.0000
-339.3557 0.0000
-339.4313 0.0000
-339.6634 0.0000
-339.7246 0.0000
-339.4062 0.0000
-339.3937 0.0000
-339.1939 0.0000
-339.3091 0.0000
-338.8865 0.0000
-339.3939 0.0000
-339.3061 0.0000
-339.2064 0.0000
-339.2931 0.0000
-339.3507 0.0000
-339.3584 0.0000
-339.4233 0.0000
-339.6926 0.0000
-339.5169 0.0000
-339.3310 0.0000
-339.6253 0.0000
-339.2451 0.0000
-339.3074 0.0000
-339.6325 0.0000
-339.4187 0.0000
-339.3468 0.0000
-339.5416 0.0000
-339.3167 0.0000
-339.2074 0.0000
-339.2958 0.0000
-339.5204 0.0000
-339.2370 0.0000
-339.4921 0.0000
-339.5091 0.0000
-339.2989 0.0000
-339.4212 0.0000
-339.4783 0.0000
-339.1825 0.0000
-339.4460 0.0000
-339.2552 0.0000
-339.3168 0.0000
-339.1409 0.0000
-339.7193 0.0000
-339.3096 0.0000
-339.0629 0.0000
-339.6367 0.0000
-339.3922 0.0000
-339.3476 0.0000
-339.3260 0.0000
-339.2750 0.0000
-339.5010 0.0000
-339.2866 0.0000
-339.2923 0.0000
-339.3488 0.0000
-339.3665 0.0000
-339.4247 0.0000
-339.3020 0.0000
-339.2799 0.0000
-339.5787 0.0000
-339.3535 0.0000
-339.3636 0.0000
-339.6139 0.0000
-339.2739 0.0000
-339.2615 0.0000
-339.3610 0.0000
-339.4117 0.0000
-339.2065 0.0000
-339.3497 0.0000
-339.4958 0.0000
-339.3602 0.0000
-339.2772 0.0000
-339.2726 0.0000
-339.4319 0.0000
-339.0910 0.0000
-339.3510 0.0000
-339.4670 0.0000
-339.3409 0.0000
-339.2759 0.0000
-339.3308 0.0000
-339.4432 0.0000
-339.2414 0.0000
-339.1955 0.0000
-339.4452 0.0000
-339.2895 0.0000
-339.4608 0.0000
-339.2160 0.0000
-339.6900 0.0000
-339.3833 0.0000
-339.5100 0.0000
-339.3577 0.0000
-339.4765 0.0000
-339.4017 0.0000
-339.1912 0.0000
-339.2807 0.0000
-339.3546 0.0000
-339.3898 0.0000
-339.0268 0.0000
-339.2462 0.0000
-339.0968 0.0000
-339.2170 0.0000
-339.3151 0.0000
-339.3006 0.0000
-339.1937 0.0000
-339.4010 0.0000
-339.4295 0.0000
-339.2360 0.0000
-339.3916 0.0000
-339.2260 0.0000
-339.4610 0.0000
-339.3203 0.0000
-339.6975 0.0000
-339.7171 0.0000
-339.4903 0.0000
-339.4015 0.0000
-339.6730 0.0000
-339.5171 0.0000
-339.3333 0.0000
-339.3890 0.0000
-339.2928 0.0000
-339.4579 0.0000
-339.5107 0.0000
-339.3849 0.0000
-339.4739 0.0000
-339.2688 0.0000
-339.2528 0.0000
-339.2085 0.0000
-339.5853 0.0000
-339.4795 0.0000
-339.4802 0.0000
-339.2719 0.0000
-339.2584 0.0000
-339.3525 0.0000
-339.3894 0.0000
-339.5270 0.0000
-339.2705 0.0000
-339.2588 0.0000
-339.3919 0.0000
-339.5422 0.0000
-339.7996 0.0000
-339.1144 0.0000
-339.6466 0.0000
-339.1265 0.0000
-339.4723 0.0000
-339.2776 0.0000
-339.2474 0.0000
-339.3720 0.0000
-339.4196 0.0000
-339.5460 0.0000
-339.2772 0.0000
-339.3965 0.0000
-339.2800 0.0000
-339.5029 0.0000
-339.3428 0.0000
-339.3650 0.0000
-339.4043 0.0000
-339.2662 0.0000
-339.5654 0.0000
-339.2187 0.0000
-339.3999 0.0000
-339.1349 0.0000
-339.3929 0.0000
-339.5340 0.0000
-339.3327 0.0000
-339.4469 0.0000
-339.3057 0.0000
-339.1891 0.0000
-339.4045 0.0000
-339.5270 0.0000
-339.1646 0.0000
-339.1174 0.0000
-339.4548 0.0000
-339.3757 0.0000
-339.1495 0.0000
-339.5699 0.0000
-339.6068 0.0000
-339.5843 0.0000
-339.4654 0.0000
-339.3928 0.0000
-339.4320 0.0000
-339.0256 0.0000
-339.4127 0.0000
-339.5194 0.0000
-339.4815 0.0000
-339.0806 0.0000
-339.4001 0.0000
-339.3117 0.0000
-339.4994 0.0000
-339.3038 0.0000
-339.3675 0.0000
-339.4260 0.0000
-339.3774 0.0000
-339.7864 0.0000
-339.3574 0.0000
-339.6329 0.0000
-339.5437 0.0000
-339.3070 0.0000
-339.3168 0.0000
-339.3272 0.0000
-339.4679 0.0000
-339.2135 0.0000
-339.4264 0.0000
-339.2141 0.0000
-339.5403 0.0000
-339.0786 0.0000
-339.3901 0.0000
-339.5776 0.0000
-339.5349 0.0000
-339.3796 0.0000
-339.7921 0.0000
-339.4516 0.0000
-339.3892 0.0000
-339.4023 0.0000
-339.6027 0.0000
-339.4140 0.0000
-339.2201 0.0000
-339.5613 0.0000
-339.5326 0.0000
-339.5887 0.0000
-339.2047 0.0000
-339.3992 0.0000
-339.5265 0.0000
-339.3085 0.0000
-338.9386 0.0000
-339.4456 0.0000
-339.2362 0.0000
-339.4122 0.0000
-339.2096 0.0000
-339.1620 0.0000
-339.2668 0.0000
-339.2679 0.0000
-339.5422 0.0000
-339.3063 0.0000
-339.3764 0.0000
-339.1114 0.0000
-339.2468 0.0000
-339.4255 0.0000
-339.5715 0.0000
-339.4622 0.0000
-339.3310 0.0000
-339.4248 0.0000
-339.2776 0.0000
-339.4237 0.0000
-339.2839 0.0000
-339.4116 0.0000
-339.0575 0.0000
-339.3645 0.0000
-339.2811 0.0000
-339.7264 0.0000
-339.3643 0.0000
-339.4618 0.0000
-339.5165 0.0000
-339.4468 0.0000
-339.7743 0.0000
-339.5731 0.0000
-339.3311 0.0000
-339.4817 0.0000
-339.2038 0.0000
-339.1756 0.0000
-339.4442 0.0000
-339.5570 0.0000
-339.3707 0.0000
-339.3903 0.0000
-339.4007 0.0000
-339.6754 0.0000
-339.5903 0.0000
-339.7675 0.0000
-339.5370 0.0000
-339.5319 0.0000
-339.4730 0.0000
-339.7463 0.0000
-339.2485 0.0000
-339.5245 0.0000
-339.3572 0.0000
-339.2928 0.0000
-339.3457 0.0000
-339.4634 0.0000
-339.3274 0.0000
-339.4716 0.0000
-339.3162 0.0000
-339.3367 0.0000
-339.5390 0.0000
-339.2256 0.0000
-339.2803 0.0000
-339.4533 0.0000
-339.3233 0.0000
-339.2842 0.0000
-339.0145 0.0000
-339.3341 0.0000
-339.5862 0.0000
-339.3218 0.0000
-339.2551 0.0000
-339.4444 0.0000
-339.1863 0.0000
-339.3510 0.0000
-339.7063 0.0000
-339.5401 0.0000
-339.2945 0.0000
-339.5325 0.0000
-339.5199 0.0000
-339.3118 0.0000
-339.6004 0.0000
-339.3757 0.0000
-339.2737 0.0000
-339.4149 0.0000
-339.5651 0.0000
-339.4893 0.0000
-339.3306 0.0000
-339.5642 0.0000
-339.3753 0.0000
-339.2719 0.0000
-339.5563 0.0000
-339.8013 0.0000
-339.2101 0.0000
-339.4592 0.0000
-339.3542 0.0000
-339.2059 0.0000
-339.4302 0.0000
-339.3969 0.0000
-339.2939 0.0000
-339.4145 0.0000
-339.5015 0.0000
-339.1251 0.0000
-339.4308 0.0000
-339.2478 0.0000
-339.4840 0.0000
-339.5015 0.0000
-339.3105 0.0000
-339.4880 0.0000
-339.3808 0.0000
-339.3094 0.0000
-339.2677 0.0000
-339.0669 0.0000
-339.5223 0.0000
-339.5068 0.0000
-339.3224 0.0000
-339.4492 0.0000
-339.3431 0.0000
-339.2206 0.0000
-339.4624 0.0000
-339.2639 0.0000
-339.4120 0.0000
-339.4580 0.0000
-339.2189 0.0000
-339.4548 0.0000
-339.4639 0.0000
-339.6731 0.0000
-339.1003 0.0000
-339.3942 0.0000
-339.6469 0.0000
-339.3311 0.0000
-339.6008 0.0000
-339.3358 0.0000
-339.4844 0.0000
-339.2042 0.0000
-339.5834 0.0000
-339.5084 0.0000
-339.4540 0.0000
-339.1415 0.0000
-339.4769 0.0000
-339.7430 0.0000
-339.3194 0.0000
-339.5141 0.0000
-339.4947 0.0000
-339.2276 0.0000
-339.4380 0.0000
-339.2943 0.0000
-339.2951 0.0000
-339.2936 0.0000
-339.1082 0.0000
-339.5069 0.0000
-339.6105 0.0000
-339.3804 0.0000
-339.5514 0.0000
-339.3503 0.0000
-339.3273 0.0000
-339.2673 0.0000
-339.3002 0.0000
-339.0916 0.0000
-339.2620 0.0000
-339.1374 0.0000
-339.3953 0.0000
-339.3632 0.0000
-339.3601 0.0000
-339.0980 0.0000
-339.6017 0.0000
-339.1671 0.0000
-338.9996 0.0000
-339.1993 0.0000
-339.3530 0.0000
-339.3605 0.0000
-339.2062 0.0000
-339.4144 0.0000
-339.3286 0.0000
-339.3341 0.0000
-339.3960 0.0000
-338.9670 0.0000
-339.3371 0.0000
-339.4279 0.0000
-339.2629 0.0000
-339.2537 0.0000
-339.1388 0.0000
-339.3187 0.0000
-339.5630 0.0000
-339.4968 0.0000
-339.6597 0.0000
-339.2446 0.0000
-339.3789 0.0000
-339.5020 0.0000
-339.3958 0.0000
-339.5323 0.0000
-339.1059 0.0000
-339.5757 0.0000
-339.3910 0.0000
-339.1798 0.0000
-339.1392 0.0000
-339.2670 0.0000
-339.2260 0.0000
-339.4602 0.0000
-339.0774 0.0000
-339.4997 0.0000
-339.7286 0.0000
-339.2606 0.0000
-339.5992 0.0000
-339.3941 0.0000
-339.7424 0.0000
-339.4313 0.0000
-339.2312 0.0000
-339.6204 0.0000
-339.4503 0.0000
-339.2231 0.0000
-339.3419 0.0000
-339.3377 0.0000
-339.4670 0.0000
-339.3732 0.0000
-339.0015 0.0000
-339.2309 0.0000
-339.4005 0.0000
-339.1957 0.0000
-339.3016 0.0000
-339.4093 0.0000
-339.3890 0.0000
-339.4578 0.0000
-339.6491 0.0000
-339.6543 0.0000
-339.5608 0.0000
-339.3606 0.0000
-339.3152 0.0000
-339.4248 0.0000
-339.6621 0.0000
-339.2310 0.0000
-339.4848 0.0000
-339.4297 0.0000
-339.2279 0.0000
-339.4080 0.0000
-339.4261 0.0000
-339.2901 0.0000
-339.5963 0.0000
-339.6349 0.0000
-339.4525 0.0000
-339.3822 0.0000
-339.3114 0.0000
-339.3004 0.0000
-339.5285 0.0000
-339.2128 0.0000
-339.3282 0.0000
-339.4801 0.0000
-339.4823 0.0000
-339.4613 0.0000
-339.3867 0.0000
-339.3566 0.0000
-339.5279 0.0000
-339.3827 0.0000
-339.1683 0.0000
-339.3232 0.0000
-339.1414 0.0000
-339.3150 0.0000
-339.2063 0.0000
-339.2271 0.0000
-339.3581 0.0000
-339.4141 0.0000
-339.4772 0.0000
-339.2269 0.0000
-339.2705 0.0000
-339.2954 0.0000
-339.6479 0.0000
-339.2877 0.0000
-339.4175 0.0000
-339.1633 0.0000
-339.3162 0.0000
-339.3540 0.0000
-339.3944 0.0000
-339.6200 0.0000
-339.4606 0.0000
-339.3865 0.0000
-339.3584 0.0000
-339.2822 0.0000
-339.1131 0.0000
-339.1488 0.0000
-339.2024 0.0000
-339.3302 0.0000
-339.1816 0.0000
-339.3685 0.0000
-339.0708 0.0000
-339.3340 0.0000
-339.3668 0.0000
-339.4733 0.0000
-339.3240 0.0000
-339.3297 0.0000
-339.2434 0.0000
-339.3177 0.0000
-339.3526 0.0000
-339.5326 0.0000
-339.4239 0.0000
-339.4714 0.0000
-339.4857 0.0000
-339.4876 0.0000
-339.3363 0.0000
-339.1935 0.0000
-339.3546 0.0000
-339.5500 0.0000
-339.5022 0.0000
-339.1886 0.0000
-339.7234 0.0000
-339.3062 0.0000
-339.3669 0.0000
-339.5554 0.0000
-339.5739 0.0000
-339.3834 0.0000
-339.2815 0.0000
-339.1946 0.0000
-339.5616 0.0000
-339.3514 0.0000
-339.4303 0.0000
-339.4498 0.0000
-339.4656 0.0000
-339.2040 0.0000
-339.3694 0.0000
-339.2059 0.0000
-339.5868 0.0000
-339.2280 0.0000
-339.2177 0.0000
-339.5129 0.0000
-339.0781 0.0000
-339.3142 0.0000
-339.4722 0.0000
-339.4010 0.0000
-339.4631 0.0000
-339.4845 0.0000
-339.2828 0.0000
-339.6151 0.0000
-339.4772 0.0000
-339.3616 0.0000
-339.4711 0.0000
-339.3197 0.0000
-339.6204 0.0000
-339.3789 0.0000
-339.4474 0.0000
-339.2844 0.0000
-339.5935 0.0000
-339.2836 0.0000
-339.5857 0.0000
-339.4491 0.0000
-339.0782 0.0000
-339.3827 0.0000
-339.4483 0.0000
-339.3271 0.0000
-339.4679 0.0000
-339.6382 0.0000
-339.4896 0.0000
-339.2737 0.0000
-339.2356 0.0000
-339.2707 0.0000
-339.2329 0.0000
-339.1750 0.0000
-339.3288 0.0000
-339.2878 0.0000
-339.2316 0.0000
-339.4660 0.0000
-339.4726 0.0000
-339.3523 0.0000
-339.4244 0.0000
-339.4441 0.0000
-339.3211 0.0000
-339.1610 0.0000
-339.4243 0.0000
-339.6435 0.0000
-339.0703 0.0000
-339.3170 0.0000
-339.3215 0.0000
-339.4199 0.0000
-339.3080 0.0000
-339.1855 0.0000
-339.4591 0.0000
-339.4929 0.0000
-339.0975 0.0000
-339.4512 0.0000
-339.3366 0.0000
-339.1941 0.0000
-339.4247 0.0000
-339.5419 0.0000
-339.3485 0.0000
-339.3619 0.0000
-339.3655 0.0000
-339.4724 0.0000
-339.2554 0.0000
-339.2673 0.0000
-339.4610 0.0000
-339.5053 0.0000
-339.3886 0.0000
-339.1091 0.0000
-339.4984 0.0000
-339.3400 0.0000
-339.6201 0.0000
-339.3479 0.0000
-339.2809 0.0000
-339.3124 0.0000
-339.5660 0.0000
-338.9609 0.0000
-339.2365 0.0000
-339.4577 0.0000
-339.5940 0.0000
-339.1526 0.0000
-339.2095 0.0000
-339.2387 0.0000
-339.4673 0.0000
-339.2994 0.0000
-339.3203 0.0000
-339.1214 0.0000
-339.2634 0.0000
-339.7076 0.0000
-339.2178 0.0000
-339.5124 0.0000
-339.4072 0.0000
-339.2257 0.0000
-339.3791 0.0000
-339.3966 0.0000
-339.5064 0.0000
-339.3994 0.0000
-339.4239 0.0000
-339.3425 0.0000
-339.1884 0.0000
-339.2643 0.0000
-339.1722 0.0000
-339.4272 0.0000
-339.0729 0.0000
-339.3208 0.0000
-339.3664 0.0000
-339.2878 0.0000
-339.4280 0.0000
-339.5403 0.0000
-339.4986 0.0000
-339.4192 0.0000
-339.1558 0.0000
-339.3520 0.0000
-339.3358 0.0000
-339.4183 0.0000
-339.1742 0.0000
-339.4525 0.0000
-339.4975 0.0000
-339.5034 0.0000
-339.4681 0.0000
-339.3100 0.0000
-339.1640 0.0000
-339.2557 0.0000
-339.2490 0.0000
-339.2752 0.0000
-339.6910 0.0000
-339.4508 0.0000
-339.6313 0.0000
-339.0379 0.0000
-339.5686 0.0000
-339.2291 0.0000
-339.4916 0.0000
-339.3871 0.0000
-339.3420 0.0000
-339.3257 0.0000
-339.4019 0.0000
-339.4258 0.0000
-339.5600 0.0000
-339.0344 0.0000
-339.3910 0.0000
-339.6459 0.0000
-339.2477 0.0000
-339.4049 0.0000
-339.3945 0.0000
-339.3071 0.0000
-339.6112 0.0000
-339.4707 0.0000
-339.3808 0.0000
-339.6771 0.0000
-339.2616 0.0000
-339.5053 0.0000
-339.5637 0.0000
-339.5475 0.0000
-339.1400 0.0000
-339.3853 0.0000
-339.2671 0.0000
-339.2401 0.0000
-339.5385 0.0000
-339.4616 0.0000
-339.4648 0.0000
-339.2109 0.0000
-339.4232 0.0000
-339.1804 0.0000
-339.5523 0.0000
-339.4127 0.0000
-339.3626 0.0000
-339.4164 0.0000
-339.2356 0.0000
-339.4123 0.0000
-339.5572 0.0000
-339.1655 0.0000
-339.5902 0.0000
-339.4350 0.0000
-339.2710 0.0000
-339.1376 0.0000
-339.4198 0.0000
-339.1218 0.0000
-339.7069 0.0000
-339.5322 0.0000
-339.3569 0.0000
-339.3748 0.0000
-339.2196 0.0000
-339.1969 0.0000
-339.4673 0.0000
-339.4386 0.0000
-339.4300 0.0000
-339.4796 0.0000
-339.4980 0.0000
-339.2501 0.0000
-339.4980 0.0000
-339.3116 0.0000
-339.3913 0.0000
-339.3422 0.0000
-339.3354 0.0000
-339.4670 0.0000
-339.4043 0.0000
-339.6226 0.0000
-339.5266 0.0000
-339.3313 0.0000
-339.2003 0.0000
-339.4185 0.0000
-339.3281 0.0000
-339.2532 0.0000
-339.1848 0.0000
-339.2044 0.0000
-339.6450 0.0000
-339.3647 0.0000
-339.3017 0.0000
-339.0850 0.0000
-339.4984 0.0000
-339.2768 0.0000
-339.1595 0.0000
-339.2432 0.0000
-339.4024 0.0000
-339.3013 0.0000
-339.3405 0.0000
-339.4534 0.0000
-339.5471 0.0000
-339.6401 0.0000
-339.3045 0.0000
-339.1775 0.0000
-339.5217 0.0000
-339.3778 0.0000
-339.3247 0.0000
-339.5636 0.0000
-339.1435 0.0000
-339.3917 0.0000
-339.2936 0.0000
-339.0309 0.0000
-339.2298 0.0000
-339.3659 0.0000
-339.0047 0.0000
-339.2431 0.0000
-339.5884 0.0000
-339.3473 0.0000
-339.4089 0.0000
-339.3252 0.0000
-339.2056 0.0000
-339.1283 0.0000
-339.4328 0.0000
-339.3760 0.0000
-339.3174 0.0000
-339.4341 0.0000
-339.3008 0.0000
-338.8974 0.0000
-339.2279 0.0000
-339.3518 0.0000
-339.3433 0.0000
-339.5370 0.0000
-339.2979 0.0000
-339.2731 0.0000
-339.4273 0.0000
-339.5584 0.0000
-339.3773 0.0000
-339.5272 0.0000
-339.1345 0.0000
-339.4138 0.0000
-339.2602 0.0000
-339.4307 0.0000
-339.2853 0.0000
-339.1677 0.0000
-339.4387 0.0000
-339.0127 0.0000
-339.5286 0.0000
-339.6101 0.0000
-339.4905 0.0000
-339.1972 0.0000
-339.5862 0.0000
-339.0774 0.0000
-339.4653 0.0000
-339.3337 0.0000
-339.4178 0.0000
-339.2041 0.0000
-339.3503 0.0000
-339.4668 0.0000
-339.3746 0.0000
-339.3758 0.0000
-339.7828 0.0000
-339.6821 0.0000
-339.5551 0.0000
-339.1524 0.0000
-339.6634 0.0000
-339.4145 0.0000
-339.1666 0.0000
-339.1318 0.0000
-339.4481 0.0000
-339.5452 0.0000
-339.4968 0.0000
-339.1240 0.0000
-339.2231 0.0000
-339.3238 0.0000
-339.4506 0.0000
-339.4243 0.0000
-339.1894 0.0000
-339.3492 0.0000
-339.4303 0.0000
-339.4460 0.0000
-339.5873 0.0000
-339.6151 0.0000
-339.5081 0.0000
-339.4738 0.0000
-339.5623 0.0000
-339.2761 0.0000
-339.2395 0.0000
-339.1330 0.0000
-339.1031 0.0000
-339.3775 0.0000
-339.2226 0.0000
-339.3888 0.0000
-339.3416 0.0000
-339.4537 0.0000
-339.5170 0.0000
-339.0825 0.0000
-339.4218 0.0000
-339.1926 0.0000
-339.3774 0.0000
-339.4387 0.0000
-339.2132 0.0000
-339.4131 0.0000
-339.4186 0.0000
-339.4633 0.0000
-339.3322 0.0000
-339.4031 0.0000
-339.3353 0.0000
-339.4594 0.0000
-339.4332 0.0000
-339.3611 0.0000
-339.4617 0.0000
-339.4728 0.0000
-339.5340 0.0000
-339.6889 0.0000
-339.2918 0.0000
-338.9841 0.0000
-339.2092 0.0000
-339.3665 0.0000
-339.4472 0.0000
-339.4764 0.0000
-339.2949 0.0000
-339.4180 0.0000
-339.4606 0.0000
-339.4558 0.0000
-339.3755 0.0000
-339.5031 0.0000
-339.6712 0.0000
-339.1862 0.0000
-339.5103 0.0000
-339.3579 0.0000
-339.2562 0.0000
-339.6765 0.0000
-338.9943 0.0000
-338.9814 0.0000
-339.5265 0.0000
-339.2231 0.0000
-339.4785 0.0000
-339.2914 0.0000
-339.3307 0.0000
-339.3447 0.0000
-339.3920 0.0000
-339.3946 0.0000
-339.4710 0.0000
-339.6205 0.0000
-339.4451 0.0000
-339.2691 0.0000
-339.4022 0.0000
-339.5310 0.0000
-339.3132 0.0000
-339.5544 0.0000
-339.1993 0.0000
-339.5227 0.0000
-339.4868 0.0000
-339.4673 0.0000
-339.4266 0.0000
-339.4626 0.0000
-339.1299 0.0000
-339.3599 0.0000
-339.5445 0.0000
-339.6991 0.0000
-339.0642 0.0000
-339.1194 0.0000
-339.2351 0.0000
-339.1604 0.0000
-339.6022 0.0000
-339.1303 0.0000
-339.1747 0.0000
-339.4755 0.0000
-339.1661 0.0000
-339.6121 0.0000
-339.3521 0.0000
-339.3975 0.0000
-339.5240 0.0000
-339.1557 0.0000
-339.2770 0.0000
-339.5520 0.0000
-339.4855 0.0000
-339.3338 0.0000
-339.1786 0.0000
-339.5060 0.0000
-339.6223 0.0000
-339.4969 0.0000
-339.3746 0.0000
-339.3765 0.0000
-339.5424 0.0000
-339.2506 0.0000
-339.3396 0.0000
-339.1903 0.0000
-339.3177 0.0000
-339.4741 0.0000
-339.2302 0.0000
-339.5307 0.0000
-339.6233 0.0000
-339.5632 0.0000
-339.4839 0.0000
-339.3179 0.0000
-339.2129 0.0000
-339.6965 0.0000
-339.1548 0.0000
-339.1917 0.0000
-339.3754 0.0000
-339.5039 0.0000
-339.1077 0.0000
-339.4109 0.0000
-339.2781 0.0000
-339.4277 0.0000
-339.2458 0.0000
-339.5144 0.0000
-339.4707 0.0000
-339.6293 0.0000
-339.3424 0.0000
-339.6644 0.0000
-339.0782 0.0000
-339.2623 0.0000
-339.5662 0.0000
-339.2577 0.0000
-339.3027 0.0000
-339.3342 0.0000
-339.4470 0.0000
-339.2662 0.0000
-339.1323 0.0000
-339.4318 0.0000
-339.2301 0.0000
-339.5734 0.0000
-339.5839 0.0000
-339.3071 0.0000
-339.5985 0.0000
-339.6404 0.0000
-339.6947 0.0000
-339.2291 0.0000
-339.2510 0.0000
-339.5030 0.0000
-339.4206 0.0000
-339.1488 0.0000
-339.5603 0.0000
-339.2843 0.0000
-339.5356 0.0000
-339.4370 0.0000
-339.4118 0.0000
-339.4880 0.0000
-339.0538 0.0000
-339.6460 0.0000
-339.3245 0.0000
-339.2960 0.0000
-339.5032 0.0000
-339.2173 0.0000
-339.3330 0.0000
-339.3798 0.0000
-339.6984 0.0000
-339.1651 0.0000
-339.2781 0.0000
-339.2161 0.0000
-339.2610 0.0000
-339.2192 0.0000
-339.2640 0.0000
-339.6475 0.0000
-339.2171 0.0000
-339.3115 0.0000
-339.4398 0.0000
-339.2611 0.0000
-339.3466 0.0000
-339.2967 0.0000
-339.3629 0.0000
-339.6024 0.0000
-339.2920 0.0000
-339.6570 0.0000
-339.0759 0.0000
-339.6200 0.0000
-339.3388 0.0000
-339.1593 0.0000
-339.5494 0.0000
-339.4873 0.0000
-339.4050 0.0000
-339.3713 0.0000
-339.1580 0.0000
-339.8591 0.0000
-339.5064 0.0000
-339.5332 0.0000
-339.2137 0.0000
-339.1658 0.0000
-339.3157 0.0000
-339.3716 0.0000
-339.4763 0.0000
-339.2113 0.0000
-339.4531 0.0000
-339.2090 0.0000
-339.3516 0.0000
-339.4897 0.0000
-339.5828 0.0000
-339.4905 0.0000
-339.5030 0.0000
-339.4801 0.0000
-339.3477 0.0000
-339.5550 0.0000
-339.3378 0.0000
-339.0761 0.0000
-339.4146 0.0000
-339.3826 0.0000
-339.4790 0.0000
-339.3556 0.0000
-339.4373 0.0000
-339.2816 0.0000
-339.4967 0.0000
-339.6058 0.0000
-339.3066 0.0000
-339.2494 0.0000
-339.4249 0.0000
-339.4952 0.0000
-339.3479 0.0000
-339.2052 0.0000
-339.4273 0.0000
-339.4419 0.0000
-339.1232 0.0000
-339.3143 0.0000
-339.1646 0.0000
-339.2050 0.0000
-339.3938 0.0000
-339.4232 0.0000
-339.3163 0.0000
-339.1532 0.0000
-339.5211 0.0000
-339.3704 0.0000
-338.9065 0.0000
-339.3196 0.0000
-339.6968 0.0000
-339.4120 0.0000
-339.4419 0.0000
-339.3188 0.0000
-339.2149 0.0000
-339.3626 0.0000
-339.2231 0.0000
-339.4959 0.0000
-339.3433 0.0000
-339.2779 0.0000
-339.4310 0.0000
-339.3851 0.0000
-339.3527 0.0000
-339.3840 0.0000
-339.2119 0.0000
-339.3254 0.0000
-339.4087 0.0000
-339.4094 0.0000
-339.3042 0.0000
-339.5255 0.0000
-339.3626 0.0000
-339.3197 0.0000
-339.1185 0.0000
-339.4062 0.0000
-339.3497 0.0000
-339.4548 0.0000
-339.3116 0.0000
-339.3369 0.0000
-339.5141 0.0000
-339.2406 0.0000
-339.5560 0.0000
-339.2715 0.0000
-339.6429 0.0000
-339.3848 0.0000
-339.5238 0.0000
-339.4479 0.0000
-339.2135 0.0000
-339.3599 0.0000
-339.4789 0.0000
-339.4058 0.0000
-339.1359 0.0000
-339.4036 0.0000
-339.2344 0.0000
-339.5492 0.0000
-339.3365 0.0000
-339.3665 0.0000
-339.6707 0.0000
-339.3390 0.0000
-339.2831 0.0000
-339.3057 0.0000
-339.3442 0.0000
-339.2247 0.0000
-339.5387 0.0000
-339.0646 0.0000
-339.5256 0.0000
-339.3073 0.0000
-339.4565 0.0000
-339.4816 0.0000
-339.2233 0.0000
-339.6663 0.0000
-339.5002 0.0000
-339.3852 0.0000
-339.2161 0.0000
-339.1881 0.0000
-339.3323 0.0000
-339.2625 0.0000
-339.5174 0.0000
-339.3900 0.0000
-339.6521 0.0000
-339.4784 0.0000
-339.4620 0.0000
-339.6132 0.0000
-339.4368 0.0000
-339.3535 0.0000
-339.4423 0.0000
-339.4659 0.0000
-339.5112 0.0000
-339.1452 0.0000
-339.2448 0.0000
-339.5794 0.0000
-339.4087 0.0000
-339.3944 0.0000
-339.4244 0.0000
-339.4575 0.0000
-339.2735 0.0000
-339.4929 0.0000
-339.3859 0.0000
-339.5641 0.0000
-339.4474 0.0000
-339.4881 0.0000
-339.7366 0.0000
-339.4935 0.0000
-339.4478 0.0000
-339.5543 0.0000
-339.1524 0.0000
-339.1573 0.0000
-339.3158 0.0000
-339.5160 0.0000
-339.4655 0.0000
-339.5271 0.0000
-339.5126 0.0000
-339.3184 0.0000
-339.3389 0.0000
-339.2766 0.0000
-339.3380 0.0000
-339.1050 0.0000
-339.3097 0.0000
-339.3359 0.0000
-339.2269 0.0000
-339.5033 0.0000
-339.4996 0.0000
-339.3320 0.0000
-339.5806 0.0000
-339.3218 0.0000
-339.4199 0.0000
-339.3980 0.0000
-339.3854 0.0000
-339.5765 0.0000
-339.2767 0.0000
-339.4464 0.0000
-339.3317 0.0000
-339.7009 0.0000
-339.1407 0.0000
-339.6800 0.0000
-339.1574 0.0000
-339.4980 0.0000
-339.5960 0.0000
-339.3291 0.0000
-339.5588 0.0000
-339.3870 0.0000
-339.5200 0.0000
-339.2178 0.0000
-339.1583 0.0000
-339.3280 0.0000
-339.4378 0.0000
-339.4130 0.0000
-339.4875 0.0000
-339.5552 0.0000
-339.5231 0.0000
-339.3770 0.0000
-339.4228 0.0000
-339.5734 0.0000
-339.2695 0.0000
-339.3032 0.0000
-339.3589 0.0000
-339.2663 0.0000
-339.5028 0.0000
-339.3075 0.0000
-339.3510 0.0000
-339.2920 0.0000
-339.1756 0.0000
-339.6334 0.0000
-339.4789 0.0000
-339.3791 0.0000
-339.2722 0.0000
-339.5545 0.0000
-339.5834 0.0000
-339.2547 0.0000
-339.3412 0.0000
-339.4785 0.0000
-339.5646 0.0000
-339.4074 0.0000
-339.3479 0.0000
-339.5021 0.0000
-339.5675 0.0000
-339.1554 0.0000
-339.2507 0.0000
-339.3482 0.0000
-339.1666 0.0000
-339.4951 0.0000
-339.1592 0.0000
-339.5857 0.0000
-339.4047 0.0000
-339.6568 0.0000
-339.6029 0.0000
-339.6428 0.0000
-339.5038 0.0000
-339.0457 0.0000
-339.0269 0.0000
-339.3824 0.0000
-339.1430 0.0000
-339.2017 0.0000
-339.4280 0.0000
-339.4459 0.0000
-339.2924 0.0000
-339.1137 0.0000
-339.3139 0.0000
-339.2548 0.0000
-339.3716 0.0000
-339.3698 0.0000
-339.4078 0.0000
-339.5073 0.0000
-339.0816 0.0000
-339.2445 0.0000
-339.2651 0.0000
-339.3012 0.0000
-339.2909 0.0000
-339.2192 0.0000
-339.0354 0.0000
-339.4962 0.0000
-339.1917 0.0000
-339.3364 0.0000
-339.2377 0.0000
-339.5055 0.0000
-339.4674 0.0000
-339.1317 0.0000
-339.4366 0.0000
-339.2195 0.0000
-339.1877 0.0000
-339.2025 0.0000
-339.4990 0.0000
-339.5533 0.0000
-339.5764 0.0000
-339.3933 0.0000
-339.3892 0.0000
-339.6262 0.0000
-339.2610 0.0000
-339.6807 0.0000
-339.4511 0.0000
-339.2641 0.0000
-339.4990 0.0000
-339.3821 0.0000
-339.5027 0.0000
-339.3279 0.0000
-339.2480 0.0000
-339.4476 0.0000
-339.3327 0.0000
-339.4704 0.0000
-339.2103 0.0000
-339.2541 0.0000
-339.6029 0.0000
-339.3244 0.0000
-339.1532 0.0000
-339.3824 0.0000
-339.2947 0.0000
-339.3389 0.0000
-339.2354 0.0000
-339.1942 0.0000
-339.5640 0.0000
-339.2796 0.0000
-339.3396 0.0000
-339.5519 0.0000
-339.2584 0.0000
-339.2584 0.0000
-339.4366 0.0000
-339.2425 0.0000
-339.2663 0.0000
-339.2861 0.0000
-339.5421 0.0000
-339.4238 0.0000
-339.4044 0.0000
-339.3794 0.0000
-339.3647 0.0000
-339.4592 0.0000
-339.1694 0.0000
-339.4492 0.0000
-339.2997 0.0000
-339.4010 0.0000
-339.6044 0.0000
-339.4180 0.0000
-339.5538 0.0000
-339.3187 0.0000
-339.1917 0.0000
-339.3049 0.0000
-339.3070 0.0000
-339.2046 0.0000
-339.4219 0.0000
-339.2112 0.0000
-339.2681 0.0000
-339.2992 0.0000
-339.3642 0.0000
-339.4834 0.0000
-339.5165 0.0000
-338.9809 0.0000
-339.4780 0.0000
-339.4483 0.0000
-339.2032 0.0000
-339.1879 0.0000
-339.5691 0.0000
-339.3599 0.0000
-339.5258 0.0000
-339.5663 0.0000
-339.2153 0.0000
-339.1872 0.0000
-339.2235 0.0000
-339.5339 0.0000
-339.6778 0.0000
-339.5301 0.0000
-339.3701 0.0000
-339.5185 0.0000
-339.1747 0.0000
-339.3668 0.0000
-339.4267 0.0000
-339.1469 0.0000
-339.2414 0.0000
-339.3235 0.0000
-339.4341 0.0000
-339.1911 0.0000
-339.5216 0.0000
-339.3450 0.0000
-339.4605 0.0000
-339.4680 0.0000
-339.3429 0.0000
-339.3865 0.0000
-339.4639 0.0000
-339.4205 0.0000
-339.4720 0.0000
-339.4697 0.0000
-339.1928 0.0000
-339.6825 0.0000
-339.5030 0.0000
-339.7659 0.0000
-339.2999 0.0000
-339.7313 0.0000
-339.3406 0.0000
-339.2723 0.0000
-339.4606 0.0000
-339.4065 0.0000
-339.2486 0.0000
-339.2942 0.0000
-339.4331 0.0000
-339.2561 0.0000
-339.3756 0.0000
-339.0909 0.0000
-339.2441 0.0000
-339.3434 0.0000
-339.2598 0.0000
-339.6406 0.0000
-339.1564 0.0000
-339.6836 0.0000
-339.2650 0.0000
-339.1134 0.0000
-339.1653 0.0000
-339.4630 0.0000
-339.6478 0.0000
-339.2968 0.0000
-339.2811 0.0000
-339.3744 0.0000
-339.3993 0.0000
-339.5458 0.0000
-339.7110 0.0000
-339.2579 0.0000
-339.4387 0.0000
-339.3112 0.0000
-339.3389 0.0000
-339.2324 0.0000
-339.5426 0.0000
-339.6265 0.0000
-339.3268 0.0000
-339.4933 0.0000
-339.0069 0.0000
-339.2903 0.0000
-339.3208 0.0000
-339.2034 0.0000
-339.7161 0.0000
-339.2177 0.0000
-339.5560 0.0000
-339.5122 0.0000
-339.4552 0.0000
-339.4852 0.0000
-339.4561 0.0000
-339.4720 0.0000
-339.2287 0.0000
-339.3832 0.0000
-339.1829 0.0000
-339.2248 0.0000
-339.5741 0.0000
-339.3578 0.0000
-339.3109 0.0000
-339.5793 0.0000
-339.3327 0.0000
-339.4150 0.0000
-339.3579 0.0000
-339.2037 0.0000
-339.0039 0.0000
-339.3282 0.0000
-339.3155 0.0000
-339.3899 0.0000
-339.2983 0.0000
-339.0986 0.0000
-339.3931 0.0000
-339.3632 0.0000
-339.1421 0.0000
-339.6029 0.0000
-339.2573 0.0000
-339.5857 0.0000
-339.5558 0.0000
-339.2569 0.0000
-339.3432 0.0000
-339.5655 0.0000
-339.4904 0.0000
-339.3149 0.0000
-339.3815 0.0000
-339.0651 0.0000
-339.2016 0.0000
-339.4854 0.0000
-339.5746 0.0000
-339.4255 0.0000
-339.2384 0.0000
-339.3248 0.0000
-339.6142 0.0000
-339.5573 0.0000
-339.3270 0.0000
-339.5114 0.0000
-339.5442 0.0000
-339.1453 0.0000
-339.5228 0.0000
-339.3603 0.0000
-339.2956 0.0000
-339.2484 0.0000
-339.6179 0.0000
-339.3287 0.0000
-339.3388 0.0000
-339.2228 0.0000
-339.2769 0.0000
-339.3588 0.0000
-339.3583 0.0000
-339.3001 0.0000
-339.6097 0.0000
-339.2258 0.0000
-339.3465 0.0000
-339.3526 0.0000
-339.3814 0.0000
-339.3697 0.0000
-339.3197 0.0000
-339.1522 0.0000
-339.6829 0.0000
-339.2393 0.0000
-339.3675 0.0000
-339.7017 0.0000
-339.3121 0.0000
-339.3804 0.0000
-339.2339 0.0000
-339.3316 0.0000
-339.3678 0.0000
-339.4520 0.0000
-339.2610 0.0000
-339.3215 0.0000
-339.2762 0.0000
-339.1533 0.0000
-339.5511 0.0000
-339.4260 0.0000
-339.3358 0.0000
-339.3209 0.0000
-339.5438 0.0000
-339.3364 0.0000
-339.4685 0.0000
-339.2571 0.0000
-339.2455 0.0000
-339.4754 0.0000
-339.4661 0.0000
-339.2183 0.0000
-339.5989 0.0000
-339.1219 0.0000
-339.4012 0.0000
-339.2645 0.0000
-339.4243 0.0000
-339.4183 0.0000
-339.3673 0.0000
-339.4005 0.0000
-339.1948 0.0000
-339.5787 0.0000
-339.4044 0.0000
-339.2250 0.0000
-339.4613 0.0000
-339.2787 0.0000
-339.5083 0.0000
-339.1037 0.0000
-339.1903 0.0000
-339.2494 0.0000
-339.1565 0.0000
-339.3724 0.0000
-339.3678 0.0000
-339.3002 0.0000
-339.2921 0.0000
-339.4606 0.0000
-339.2670 0.0000
-339.2548 0.0000
-339.4501 0.0000
-339.6223 0.0000
-339.1882 0.0000
-339.5422 0.0000
-339.5395 0.0000
-339.4256 0.0000
-339.2195 0.0000
-339.4673 0.0000
-339.2756 0.0000
-339.3716 0.0000
-339.2953 0.0000
-339.4549 0.0000
-339.3829 0.0000
-339.1741 0.0000
-339.2992 0.0000
-339.5018 0.0000
-339.3710 0.0000
-339.3975 0.0000
-339.4159 0.0000
-339.1587 0.0000
-339.4142 0.0000
-339.3054 0.0000
-339.4965 0.0000
-339.1892 0.0000
-339.1928 0.0000
-339.4605 0.0000
-339.3561 0.0000
-339.6933 0.0000
-339.6370 0.0000
-339.4783 0.0000
-339.6327 0.0000
-339.2378 0.0000
-339.4072 0.0000
-339.2810 0.0000
-339.1871 0.0000
-339.6078 0.0000
-339.2792 0.0000
-339.5391 0.0000
-339.1630 0.0000
-339.4761 0.0000
-339.2380 0.0000
-339.1304 0.0000
-339.2190 0.0000
-339.4430 0.0000
-339.5075 0.0000
-339.6491 0.0000
-339.2961 0.0000
-339.3813 0.0000
-339.1920 0.0000
-339.4304 0.0000
-339.3318 0.0000
-339.3745 0.0000
-339.4198 0.0000
-339.6404 0.0000
-339.3340 0.0000
-339.3514 0.0000
-339.3829 0.0000
-339.1791 0.0000
-339.3934 0.0000
-339.3971 0.0000
-338.9968 0.0000
-339.1922 0.0000
-339.1511 0.0000
-338.9450 0.0000
-339.2960 0.0000
-339.6274 0.0000
-339.4312 0.0000
-339.5131 0.0000
-339.7346 0.0000
-339.1685 0.0000
-339.3214 0.0000
-339.5816 0.0000
-339.0275 0.0000
-339.2255 0.0000
-339.5970 0.0000
-339.2764 0.0000
-339.3350 0.0000
-339.2655 0.0000
-339.4484 0.0000
-339.3596 0.0000
-339.6112 0.0000
-339.6095 0.0000
-339.2851 0.0000
-339.3128 0.0000
-339.4587 0.0000
-339.4195 0.0000
-339.4290 0.0000
-339.2278 0.0000
-339.3918 0.0000
-339.3348 0.0000
-339.4640 0.0000
-339.2553 0.0000
-339.3146 0.0000
-339.5760 0.0000
-339.4291 0.0000
-339.2704 0.0000
-339.3455 0.0000
-339.2052 0.0000
-339.4135 0.0000
-339.2929 0.0000
-339.1115 0.0000
-338.9756 0.0000
-339.7165 0.0000
-339.3927 0.0000
-339.3154 0.0000
-339.1459 0.0000
-339.2296 0.0000
-339.2668 0.0000
-339.2150 0.0000
-339.2772 0.0000
-339.6004 0.0000
-339.4205 0.0000
-339.5378 0.0000
-339.1639 0.0000
-339.4943 0.0000
-339.4126 0.0000
-339.5998 0.0000
-339.5842 0.0000
-339.1180 0.0000
-339.3277 0.0000
-339.3038 0.0000
-339.2367 0.0000
-339.6025 0.0000
-339.5876 0.0000
-339.2750 0.0000
-339.2261 0.0000
-339.3183 0.0000
-339.3789 0.0000
-339.4451 0.0000
-339.1155 0.0000
-339.2860 0.0000
-339.1931 0.0000
-339.4372 0.0000
-339.4615 0.0000
-339.4077 0.0000
-339.3883 0.0000
-339.3256 0.0000
-339.3661 0.0000
-339.1618 0.0000
-339.5219 0.0000
-339.5537 0.0000
-339.7468 0.0000
-339.4855 0.0000
-339.3596 0.0000
-339.3038 0.0000
-339.6521 0.0000
-339.3071 0.0000
-339.4667 0.0000
-339.6756 0.0000
-339.2794 0.0000
-339.2231 0.0000
-339.4344 0.0000
-339.5914 0.0000
-339.2661 0.0000
-339.3678 0.0000
-339.7196 0.0000
-339.3788 0.0000
-339.5255 0.0000
-339.2637 0.0000
-339.2848 0.0000
-339.4957 0.0000
-339.2413 0.0000
-339.5126 0.0000
-339.2766 0.0000
-339.2983 0.0000
-339.2045 0.0000
-339.5740 0.0000
-339.2004 0.0000
-339.2831 0.0000
-339.1627 0.0000
-339.3647 0.0000
-339.3845 0.0000
-339.2183 0.0000
-339.4322 0.0000
-339.3164 0.0000
-339.4344 0.0000
-339.5017 0.0000
-339.2217 0.0000
-339.3143 0.0000
-339.2314 0.0000
-339.5070 0.0000
-339.4862 0.0000
-339.3472 0.0000
-339.3833 0.0000
-339.4230 0.0000
-339.4658 0.0000
-339.6321 0.0000
-339.5842 0.0000
-339.6364 0.0000
-339.3735 0.0000
-339.2649 0.0000
-339.3848 0.0000
-339.6140 0.0000
-339.4902 0.0000
-339.2902 0.0000
-339.2115 0.0000
-339.2690 0.0000
-339.4863 0.0000
-339.4814 0.0000
-339.7527 0.0000
-339.6709 0.0000
-339.2645 0.0000
-339.5376 0.0000
-339.2051 0.0000
-339.2042 0.0000
-339.6222 0.0000
-339.6526 0.0000
-339.3244 0.0000
-339.1797 0.0000
-339.1888 0.0000
-339.4644 0.0000
-339.4015 0.0000
-339.2707 0.0000
-339.3869 0.0000
-339.0409 0.0000
-339.7063 0.0000
-339.6822 0.0000
-339.2927 0.0000
-339.3704 0.0000
-339.4533 0.0000
-339.2561 0.0000
-339.3908 0.0000
-339.0027 0.0000
-339.3989 0.0000
-339.3173 0.0000
-339.4077 0.0000
-339.4067 0.0000
-339.5703 0.0000
-339.0772 0.0000
-339.3387 0.0000
-339.5244 0.0000
-339.5584 0.0000
-339.4207 0.0000
-339.1849 0.0000
-339.1733 0.0000
-339.4829 0.0000
-339.4789 0.0000
-339.4942 0.0000
-339.1942 0.0000
-339.3915 0.0000
-339.3274 0.0000
-339.3502 0.0000
-339.1447 0.0000
-339.4124 0.0000
-339.2518 0.0000
-339.4400 0.0000
-339.5337 0.0000
-339.2155 0.0000
-339.5642 0.0000
-339.3337 0.0000
-339.3409 0.0000
-339.0587 0.0000
-339.3056 0.0000
-339.1207 0.0000
-339.3971 0.0000
-339.2010 0.0000
-339.2794 0.0000
-339.1528 0.0000
-339.4151 0.0000
-339.3455 0.0000
-339.4281 0.0000
-339.4929 0.0000
-339.5984 0.0000
-339.2352 0.0000
-339.5139 0.0000
-339.5271 0.0000
-339.4109 0.0000
-339.1919 0.0000
-339.7195 0.0000
-339.3224 0.0000
-339.5386 0.0000
-339.6592 0.0000
-339.5151 0.0000
-339.4886 0.0000
-339.3694 0.0000
-339.5234 0.0000
-339.5523 0.0000
-339.4170 0.0000
-339.4758 0.0000
-339.5586 0.0000
-339.4354 0.0000
-339.2564 0.0000
-339.1114 0.0000
-339.2592 0.0000
-339.4985 0.0000
-339.5501 0.0000
-339.2174 0.0000
-339.5940 0.0000
-339.3172 0.0000
-339.2748 0.0000
-339.2723 0.0000
-339.4340 0.0000
-339.5149 0.0000
-339.7063 0.0000
-339.3535 0.0000
-339.4005 0.0000
-339.2516 0.0000
-339.5226 0.0000
-339.1959 0.0000
-339.4785 0.0000
-339.1365 0.0000
-339.1276 0.0000
-339.4098 0.0000
-339.5445 0.0000
-339.4038 0.0000
-339.7414 0.0000
-339.3096 0.0000
-339.4576 0.0000
-339.3178 0.0000
-339.4411 0.0000
-339.3089 0.0000
-339.4733 0.0000
-339.1101 0.0000
-339.3247 0.0000
-339.3910 0.0000
-339.3821 0.0000
-339.3206 0.0000
-339.3155 0.0000
-339.3315 0.0000
-339.1767 0.0000
-339.4990 0.0000
-339.7769 0.0000
-339.3160 0.0000
-339.3636 0.0000
-339.3730 0.0000
-339.3312 0.0000
-339.3816 0.0000
-339.5212 0.0000
-339.3423 0.0000
-339.2516 0.0000
-339.4217 0.0000
-339.1648 0.0000
-339.5110 0.0000
-339.3876 0.0000
-339.3024 0.0000
-339.3131 0.0000
-339.2401 0.0000
-339.3079 0.0000
-339.4494 0.0000
-339.4603 0.0000
-339.3773 0.0000
-339.4550 0.0000
-339.3918 0.0000
-339.3077 0.0000
-339.2728 0.0000
-339.3056 0.0000
-339.4653 0.0000
-339.4214 0.0000
-339.0071 0.0000
-339.6215 0.0000
-339.2204 0.0000
-339.2132 0.0000
-339.0932 0.0000
-339.5218 0.0000
-339.6422 0.0000
-339.2097 0.0000
-339.1236 0.0000
-339.3443 0.0000
-339.3641 0.0000
-339.3434 0.0000
-339.3931 0.0000
-339.3560 0.0000
-339.5635 0.0000
-339.4224 0.0000
-339.3773 0.0000
-339.1445 0.0000
-339.3047 0.0000
-339.3344 0.0000
-339.1381 0.0000
-339.5729 0.0000
-339.4826 0.0000
-339.5327 0.0000
-339.6009 0.0000
-339.6382 0.0000
-339.4189 0.0000
-339.6461 0.0000
-339.3777 0.0000
-339.4307 0.0000
-339.5418 0.0000
-339.3119 0.0000
-339.2622 0.0000
-339.3858 0.0000
-339.2144 0.0000
-339.5431 0.0000
-339.5468 0.0000
-339.7030 0.0000
-339.5815 0.0000
-339.3108 0.0000
-339.4110 0.0000
-339.3124 0.0000
-339.4058 0.0000
-339.4799 0.0000
-339.3897 0.0000
-339.3432 0.0000
-339.4694 0.0000
-339.3071 0.0000
-339.4699 0.0000
-339.2992 0.0000
-339.2329 0.0000
-339.3399 0.0000
-339.2277 0.0000
-339.3852 0.0000
-339.3332 0.0000
-339.4160 0.0000
-339.6846 0.0000
-339.4471 0.0000
-339.3297 0.0000
-339.5511 0.0000
-339.3176 0.0000
-339.2622 0.0000
-339.5083 0.0000
-339.3377 0.0000
-339.1796 0.0000
-339.6115 0.0000
-339.1775 0.0000
-339.3216 0.0000
-339.3559 0.0000
-339.4710 0.0000
-339.5020 0.0000
-339.6073 0.0000
-339.4821 0.0000
-339.2470 0.0000
-339.4520 0.0000
-339.4420 0.0000
-339.4986 0.0000
-339.0564 0.0000
-339.5054 0.0000
-339.2597 0.0000
-339.7558 0.0000
-339.2936 0.0000
-339.1366 0.0000
-339.2810 0.0000
-339.3942 0.0000
-339.5556 0.0000
-339.5621 0.0000
-339.3796 0.0000
-339.2701 0.0000
-339.5213 0.0000
-339.4950 0.0000
-339.2968 0.0000
-339.3891 0.0000
-339.3593 0.0000
-339.3317 0.0000
-339.3453 0.0000
-339.5202 0.0000
-339.3957 0.0000
-339.5522 0.0000
-339.4163 0.0000
-339.0935 0.0000
-339.5053 0.0000
-339.3016 0.0000
-339.1444 0.0000
-339.2913 0.0000
-339.5949 0.0000
-339.3486 0.0000
-339.1688 0.0000
-339.3953 0.0000
-339.2823 0.0000
-339.2796 0.0000
-339.2724 0.0000
-339.4220 0.0000
-339.4342 0.0000
-339.3987 0.0000
-339.2317 0.0000
-339.4575 0.0000
-339.5065 0.0000
-339.5328 0.0000
-339.5220 0.0000
-339.2642 0.0000
-339.3721 0.0000
-339.0042 0.0000
-339.2588 0.0000
-339.4153 0.0000
-339.5160 0.0000
-339.1671 0.0000
-339.3750 0.0000
-339.0236 0.0000
-339.3351 0.0000
-339.5224 0.0000
-339.6209 0.0000
-339.5860 0.0000
-339.4707 0.0000
-339.3982 0.0000
-339.6247 0.0000
-339.2570 0.0000
-339.6431 0.0000
-339.5436 0.0000
-339.5840 0.0000
-339.3657 0.0000
-339.3949 0.0000
-339.3010 0.0000
-339.6235 0.0000
-339.4639 0.0000
-339.2728 0.0000
-339.2298 0.0000
-339.3477 0.0000
-339.6250 0.0000
-339.5273 0.0000
-339.4832 0.0000
-339.5299 0.0000
-339.5989 0.0000
-339.4108 0.0000
-338.8569 0.0000
-339.1461 0.0000
-339.0661 0.0000
-339.2063 0.0000
-339.7251 0.0000
-339.3600 0.0000
-339.5406 0.0000
-339.4076 0.0000
-339.3124 0.0000
-339.5007 0.0000
-339.4023 0.0000
-339.4014 0.0000
-339.3854 0.0000
-339.0692 0.0000
-339.2949 0.0000
-339.3491 0.0000
-339.3427 0.0000
-339.2837 0.0000
-339.2648 0.0000
-339.3367 0.0000
-339.4481 0.0000
-339.3628 0.0000
-339.4480 0.0000
-339.8269 0.0000
-339.5679 0.0000
-339.2028 0.0000
-339.2815 0.0000
-339.2320 0.0000
-339.4278 0.0000
-339.3325 0.0000
-339.2513 0.0000
-339.5277 0.0000
-339.5557 0.0000
-339.5591 0.0000
-339.3562 0.0000
-339.1065 0.0000
-339.3922 0.0000
-339.4843 0.0000
-339.3053 0.0000
-339.4678 0.0000
-339.6543 0.0000
-339.3714 0.0000
-339.4892 0.0000
-339.4248 0.0000
-339.5854 0.0000
-339.4316 0.0000
-339.3240 0.0000
-339.2354 0.0000
-339.1720 0.0000
-339.5136 0.0000
-339.4927 0.0000
-339.3560 0.0000
-339.6226 0.0000
-339.6695 0.0000
-339.3628 0.0000
-339.3888 0.0000
-339.0975 0.0000
-339.3753 0.0000
-339.3917 0.0000
-339.4473 0.0000
-339.3929 0.0000
-339.5075 0.0000
-339.1794 0.0000
-339.1593 0.0000
-339.1363 0.0000
-339.2712 0.0000
-339.3548 0.0000
-339.4524 0.0000
-339.4149 0.0000
-339.5133 0.0000
-339.2019 0.0000
-339.3169 0.0000
-339.5988 0.0000
-339.2548 0.0000
-339.6905 0.0000
-339.3370 0.0000
-339.2277 0.0000
-339.3819 0.0000
-339.1054 0.0000
-339.6619 0.0000
-339.5234 0.0000
-339.3324 0.0000
-339.4559 0.0000
-339.0956 0.0000
-339.3435 0.0000
-339.5825 0.0000
-339.3273 0.0000
-339.0446 0.0000
-339.3293 0.0000
-339.2078 0.0000
-339.6309 0.0000
-339.5154 0.0000
-339.3924 0.0000
-339.5808 0.0000
-339.0859 0.0000
-339.3884 0.0000
-339.6898 0.0000
-339.3057 0.0000
-339.5238 0.0000
-339.3503 0.0000
-339.3217 0.0000
-339.3720 0.0000
-339.6764 0.0000
-339.3960 0.0000
-339.3911 0.0000
-339.5021 0.0000
-339.4076 0.0000
-339.2552 0.0000
-339.3230 0.0000
-339.3392 0.0000
-339.6913 0.0000
-339.5681 0.0000
-339.3354 0.0000
-339.4418 0.0000
-339.6206 0.0000
-339.2626 0.0000
-339.1353 0.0000
-339.1778 0.0000
-339.5778 0.0000
-339.1868 0.0000
-339.4444 0.0000
-339.4986 0.0000
-339.4630 0.0000
-339.1713 0.0000
-339.5375 0.0000
-339.3869 0.0000
-339.3556 0.0000
-339.4157 0.0000
-339.2086 0.0000
-339.3066 0.0000
-339.3855 0.0000
-339.3077 0.0000
-339.8908 0.0000
-339.3846 0.0000
-339.5741 0.0000
-339.3279 0.0000
-339.4764 0.0000
-339.4879 0.0000
-339.3868 0.0000
-339.4246 0.0000
-339.4647 0.0000
-339.5882 0.0000
-339.4320 0.0000
-339.0560 0.0000
-339.5416 0.0000
-339.4689 0.0000
-339.2897 0.0000
-339.5313 0.0000
-339.3095 0.0000
-339.3783 0.0000
-339.3948 0.0000
-339.3145 0.0000
-339.0982 0.0000
-339.5236 0.0000
-339.3022 0.0000
-339.2543 0.0000
-339.6015 0.0000
-339.5700 0.0000
-338.9205 0.0000
-339.3145 0.0000
-339.7376 0.0000
-339.4780 0.0000
-339.2818 0.0000
-339.2643 0.0000
-339.5895 0.0000
-339.4975 0.0000
-339.2987 0.0000
-339.6148 0.0000
-339.2210 0.0000
-339.7718 0.0000
-339.6289 0.0000
-339.5400 0.0000
-339.2285 0.0000
-339.2776 0.0000
-339.2820 0.0000
-339.5416 0.0000
-339.0533 0.0000
-339.5618 0.0000
-339.4188 0.0000
-339.4061 0.0000
-339.4478 0.0000
-339.1961 0.0000
-339.1658 0.0000
-339.5476 0.0000
-339.5780 0.0000
-339.3533 0.0000
-339.5971 0.0000
-339.4892 0.0000
-339.3221 0.0000
-339.2867 0.0000
-339.8986 0.0000
-339.3925 0.0000
-339.3865 0.0000
-339.6005 0.0000
-339.2433 0.0000
-339.3565 0.0000
-339.5533 0.0000
-339.3720 0.0000
-339.2041 0.0000
-339.4725 0.0000
-339.4520 0.0000
-338.9793 0.0000
-339.1630 0.0000
-339.4449 0.0000
-339.3462 0.0000
-339.3131 0.0000
-339.3194 0.0000
-339.2917 0.0000
-339.2728 0.0000
-339.2295 0.0000
-339.2031 0.0000
-339.2805 0.0000
-339.4812 0.0000
-339.4607 0.0000
-339.1736 0.0000
-339.0726 0.0000
-339.7766 0.0000
-339.4725 0.0000
-339.4664 0.0000
-339.5152 0.0000
-339.2932 0.0000
-339.4214 0.0000
-339.2298 0.0000
-339.5268 0.0000
-339.2503 0.0000
-339.4852 0.0000
-339.4912 0.0000
-339.5498 0.0000
-339.1530 0.0000
-339.3832 0.0000
-339.3743 0.0000
-339.4156 0.0000
-339.4824 0.0000
-339.5443 0.0000
-339.3485 0.0000
-339.3218 0.0000
-339.3529 0.0000
-339.3078 0.0000
-339.2947 0.0000
-339.6727 0.0000
-339.3762 0.0000
-339.1058 0.0000
-339.3691 0.0000
-339.7430 0.0000
-339.2020 0.0000
-339.5314 0.0000
-339.4650 0.0000
-339.3999 0.0000
-339.4652 0.0000
-339.2550 0.0000
-339.3900 0.0000
-339.3820 0.0000
-339.3773 0.0000
-339.2963 0.0000
-339.2707 0.0000
-339.4750 0.0000
-339.2345 0.0000
-339.3294 0.0000
-339.3983 0.0000
-339.2441 0.0000
-339.2512 0.0000
-339.4839 0.0000
-339.4512 0.0000
-339.2603 0.0000
-339.3161 0.0000
-339.2894 0.0000
-339.4436 0.0000
-339.1618 0.0000
-339.4360 0.0000
-339.3837 0.0000
-339.5503 0.0000
-339.4158 0.0000
-339.3712 0.0000
-339.1494 0.0000
-339.4131 0.0000
-339.4801 0.0000
-339.3017 0.0000
-339.0035 0.0000
-339.5453 0.0000
-339.3468 0.0000
-339.3129 0.0000
-339.2043 0.0000
-339.1543 0.0000
-339.6457 0.0000
-339.4278 0.0000
-339.0338 0.0000
-339.5342 0.0000
-339.2195 0.0000
-339.4481 0.0000
-339.4351 0.0000
-339.0818 0.0000
-339.2466 0.0000
-339.6788 0.0000
-339.1878 0.0000
-339.0296 0.0000
-339.3484 0.0000
-339.2023 0.0000
-339.3233 0.0000
-339.2227 0.0000
-339.5489 0.0000
-339.6889 0.0000
-339.6550 0.0000
-339.2933 0.0000
-339.4546 0.0000
-339.5571 0.0000
-339.3493 0.0000
-339.1769 0.0000
-339.2777 0.0000
-339.2984 0.0000
-339.5983 0.0000
-339.5345 0.0000
-339.2019 0.0000
-339.4700 0.0000
-339.4488 0.0000
-339.2292 0.0000
-339.2816 0.0000
-339.4240 0.0000
-339.4260 0.0000
-339.1608 0.0000
-339.3640 0.0000
-339.3472 0.0000
-339.1764 0.0000
-339.3506 0.0000
-339.3933 0.0000
-339.4900 0.0000
-339.4369 0.0000
-339.2303 0.0000
-339.1706 0.0000
-339.3471 0.0000
-339.1527 0.0000
-339.2480 0.0000
-339.3891 0.0000
-339.3743 0.0000
-339.3076 0.0000
-339.4072 0.0000
-339.4178 0.0000
-339.4970 0.0000
-339.3608 0.0000
-339.1452 0.0000
-339.1000 0.0000
-339.0615 0.0000
-339.4064 0.0000
-339.4334 0.0000
-339.5124 0.0000
-339.3704 0.0000
-339.5094 0.0000
-339.4932 0.0000
-339.4431 0.0000
-339.5629 0.0000
-339.4013 0.0000
-339.4550 0.0000
-339.3245 0.0000
-339.3200 0.0000
-339.4261 0.0000
-339.3136 0.0000
-339.4968 0.0000
-339.4651 0.0000
-339.0379 0.0000
-339.3136 0.0000
-339.4371 0.0000
-339.1667 0.0000
-339.3981 0.0000
-339.2513 0.0000
-339.5334 0.0000
-339.4132 0.0000
-339.6211 0.0000
-339.4339 0.0000
-339.5125 0.0000
-339.2399 0.0000
-339.4897 0.0000
-339.2661 0.0000
-339.0349 0.0000
-339.4117 0.0000
-339.7892 0.0000
-339.4683 0.0000
-339.3096 0.0000
-339.1210 0.0000
-339.2302 0.0000
-339.4561 0.0000
-339.0916 0.0000
-339.5345 0.0000
-339.2383 0.0000
-339.5588 0.0000
-339.4084 0.0000
-339.2123 0.0000
-339.3776 0.0000
-339.3189 0.0000
-339.1221 0.0000
-339.2290 0.0000
-339.4664 0.0000
-339.4377 0.0000
-339.3299 0.0000
-339.4243 0.0000
-339.5618 0.0000
-339.2784 0.0000
-339.1633 0.0000
-339.4369 0.0000
-339.2252 0.0000
-339.8706 0.0000
-339.7322 0.0000
-339.0869 0.0000
-339.5590 0.0000
-339.5195 0.0000
-339.4958 0.0000
-339.4713 0.0000
-339.4017 0.0000
-339.4550 0.0000
-339.3085 0.0000
-339.3472 0.0000
-339.5300 0.0000
-339.4792 0.0000
-339.4648 0.0000
-339.3147 0.0000
-339.6218 0.0000
-339.1479 0.0000
-339.5069 0.0000
-339.3139 0.0000
-339.5979 0.0000
-339.7066 0.0000
-339.3229 0.0000
-339.2774 0.0000
-339.6244 0.0000
-339.2904 0.0000
-339.4265 0.0000
-339.6172 0.0000
-339.3222 0.0000
-339.2660 0.0000
-339.2150 0.0000
-339.3516 0.0000
-339.3911 0.0000
-339.2485 0.0000
-339.5822 0.0000
-339.1864 0.0000
-339.3726 0.0000
-339.5522 0.0000
-339.0923 0.0000
-339.5281 0.0000
-339.2063 0.0000
-339.5818 0.0000
-339.2131 0.0000
-339.4408 0.0000
-339.4524 0.0000
-339.3041 0.0000
-339.3334 0.0000
-339.2673 0.0000
-339.3103 0.0000
-339.3848 0.0000
-339.1806 0.0000
-339.4308 0.0000
-339.2360 0.0000
-339.0909 0.0000
-339.4343 0.0000
-339.2840 0.0000
-339.7938 0.0000
-339.4592 0.0000
-339.2290 0.0000
-339.1414 0.0000
-339.6723 0.0000
-339.2857 0.0000
-339.5028 0.0000
-339.2606 0.0000
-339.6787 0.0000
-339.6824 0.0000
-339.3286 0.0000
-339.3576 0.0000
-339.5109 0.0000
-339.4276 0.0000
-339.3316 0.0000
-339.4087 0.0000
-339.5026 0.0000
-339.2022 0.0000
-339.5642 0.0000
-339.3396 0.0000
-339.2420 0.0000
-339.1161 0.0000
-339.2584 0.0000
-339.3053 0.0000
-339.3509 0.0000
-339.2894 0.0000
-339.2539 0.0000
-339.2299 0.0000
-339.3295 0.0000
-339.4680 0.0000
-339.3650 0.0000
-339.2584 0.0000
-339.4196 0.0000
-339.4578 0.0000
-339.4246 0.0000
-339.5171 0.0000
-339.7521 0.0000
-339.2067 0.0000
-339.0821 0.0000
-339.5180 0.0000
-339.2991 0.0000
-339.1608 0.0000
-339.0393 0.0000
-339.4207 0.0000
-339.3683 0.0000
-339.2649 0.0000
-339.5264 0.0000
-339.4099 0.0000
-339.4412 0.0000
-339.1577 0.0000
-339.2289 0.0000
-339.2671 0.0000
-339.4542 0.0000
-339.4183 0.0000
-339.5981 0.0000
-339.3697 0.0000
-339.6995 0.0000
-339.1971 0.0000
-339.3051 0.0000
-339.3715 0.0000
-339.6657 0.0000
-339.2968 0.0000
-339.4438 0.0000
-339.5734 0.0000
-339.2518 0.0000
-339.0997 0.0000
-339.5860 0.0000
-339.2040 0.0000
-339.1864 0.0000
-339.5195 0.0000
-339.2035 0.0000
-339.4851 0.0000
-339.6548 0.0000
-339.2513 0.0000
-339.4731 0.0000
-339.3991 0.0000
-339.4359 0.0000
-339.2584 0.0000
-339.6302 0.0000
-339.3811 0.0000
-339.2862 0.0000
-339.4086 0.0000
-339.6649 0.0000
-339.3616 0.0000
-339.2885 0.0000
-339.4915 0.0000
-339.4446 0.0000
-339.3874 0.0000
-339.1563 0.0000
-339.3934 0.0000
-339.0781 0.0000
-339.7268 0.0000
-339.3072 0.0000
-339.6338 0.0000
-339.2612 0.0000
-339.3898 0.0000
-339.2266 0.0000
-339.2386 0.0000
-339.5160 0.0000
-339.1656 0.0000
-339.5308 0.0000
-339.4577 0.0000
-339.3909 0.0000
-339.4751 0.0000
-339.1534 0.0000
-339.3112 0.0000
-339.2378 0.0000
-339.1532 0.0000
-339.1922 0.0000
-339.1724 0.0000
-339.5342 0.0000
-339.6225 0.0000
-339.5053 0.0000
-339.1368 0.0000
-338.9859 0.0000
-339.3861 0.0000
-339.4191 0.0000
-339.3800 0.0000
-339.4504 0.0000
-339.1195 0.0000
-339.4117 0.0000
-339.5256 0.0000
-339.2542 0.0000
-339.4323 0.0000
-339.5409 0.0000
-339.2142 0.0000
-339.5728 0.0000
-339.2096 0.0000
-339.7089 0.0000
-339.4106 0.0000
-339.5584 0.0000
-339.6357 0.0000
-339.4287 0.0000
-339.3726 0.0000
-339.3298 0.0000
-339.3401 0.0000
-339.6163 0.0000
-339.6686 0.0000
-339.4138 0.0000
-339.1713 0.0000
-339.5805 0.0000
-339.5669 0.0000
-339.2417 0.0000
-339.2066 0.0000
-339.2077 0.0000
-339.5609 0.0000
-339.4290 0.0000
-339.4225 0.0000
-339.2201 0.0000
-339.3510 0.0000
-339.4817 0.0000
-339.1580 0.0000
-339.1572 0.0000
-339.4506 0.0000
-339.2008 0.0000
-339.2677 0.0000
-339.4753 0.0000
-339.1764 0.0000
-339.3445 0.0000
-339.3448 0.0000
-339.0688 0.0000
-339.2981 0.0000
-339.4028 0.0000
-339.4021 0.0000
-339.2524 0.0000
-339.2726 0.0000
-339.4225 0.0000
-339.2597 0.0000
-339.5211 0.0000
-339.4145 0.0000
-339.5236 0.0000
-339.5324 0.0000
-339.5294 0.0000
-339.6331 0.0000
-339.3857 0.0000
-339.5466 0.0000
-339.4357 0.0000
-339.6122 0.0000
-339.2939 0.0000
-339.4192 0.0000
-339.1278 0.0000
-339.5225 0.0000
-339.3701 0.0000
-339.3734 0.0000
-339.5335 0.0000
-339.2820 0.0000
-339.4389 0.0000
-339.2140 0.0000
-339.7395 0.0000
-339.3391 0.0000
-338.9965 0.0000
-339.1350 0.0000
-339.4274 0.0000
-339.3847 0.0000
-339.3494 0.0000
-339.3820 0.0000
-339.5137 0.0000
-339.6730 0.0000
-339.2132 0.0000
-339.3346 0.0000
-339.1221 0.0000
-339.5485 0.0000
-339.4877 0.0000
-339.1347 0.0000
-339.3510 0.0000
-339.2857 0.0000
-339.1956 0.0000
-339.2004 0.0000
-339.3586 0.0000
-339.2591 0.0000
-339.5498 0.0000
-339.4041 0.0000
-339.4019 0.0000
-339.1546 0.0000
-339.3466 0.0000
-339.2507 0.0000
-339.3389 0.0000
-339.5990 0.0000
-339.2888 0.0000
-339.5047 0.0000
-339.6035 0.0000
-339.2829 0.0000
-339.2935 0.0000
-339.4066 0.0000
-339.3056 0.0000
-339.3624 0.0000
-339.5371 0.0000
-339.4833 0.0000
-339.7301 0.0000
-339.1299 0.0000
-339.4907 0.0000
-339.1342 0.0000
-339.1513 0.0000
-339.2939 0.0000
-339.3620 0.0000
-339.4607 0.0000
-339.2868 0.0000
-339.3269 0.0000
-339.6526 0.0000
-339.3669 0.0000
-339.5363 0.0000
-339.5014 0.0000
-339.2925 0.0000
-339.2851 0.0000
-339.6595 0.0000
-339.5605 0.0000
-339.0923 0.0000
-339.1175 0.0000
-339.1852 0.0000
-339.0865 0.0000
-339.3353 0.0000
-339.4575 0.0000
-339.4041 0.0000
-339.5637 0.0000
-339.3085 0.0000
-339.7139 0.0000
-339.3976 0.0000
-339.3578 0.0000
-339.3631 0.0000
-339.4748 0.0000
-339.3630 0.0000
-339.3116 0.0000
-339.4237 0.0000
-339.2051 0.0000
-339.4389 0.0000
-338.8538 0.0000
-339.4756 0.0000
-339.4791 0.0000
-339.3961 0.0000
-339.2234 0.0000
-339.4264 0.0000
-339.4125 0.0000
-339.6491 0.0000
-339.2481 0.0000
-338.9873 0.0000
-339.4068 0.0000
-339.3499 0.0000
-339.5725 0.0000
-339.4645 0.0000
-339.1183 0.0000
-339.3000 0.0000
-339.4282 0.0000
-339.3264 0.0000
-339.4814 0.0000
-339.4099 0.0000
-339.6233 0.0000
-339.2048 0.0000
-339.2632 0.0000
-339.7184 0.0000
-339.3450 0.0000
-339.5666 0.0000
-339.2347 0.0000
-339.4872 0.0000
-339.3356 0.0000
-339.3656 0.0000
-339.4339 0.0000
-339.2576 0.0000
-339.4315 0.0000
-339.3423 0.0000
-339.4188 0.0000
-339.0743 0.0000
-339.3694 0.0000
-339.4750 0.0000
-339.2113 0.0000
-339.3405 0.0000
-339.3060 0.0000
-339.2996 0.0000
-339.5766 0.0000
-339.2926 0.0000
-339.5104 0.0000
-339.5480 0.0000
-339.3219 0.0000
-339.3808 0.0000
-339.3751 0.0000
-339.4367 0.0000
-339.4268 0.0000
-339.3061 0.0000
-339.4064 0.0000
-339.4831 0.0000
-339.4663 0.0000
-339.3710 0.0000
-339.1693 0.0000
-339.5302 0.0000
-339.4829 0.0000
-339.5390 0.0000
-339.6020 0.0000
-339.6860 0.0000
-339.4466 0.0000
-339.4897 0.0000
-339.2255 0.0000
-339.3762 0.0000
-339.3266 0.0000
-339.1291 0.0000
-339.2567 0.0000
-339.3335 0.0000
-339.4655 0.0000
-339.1975 0.0000
-339.3888 0.0000
-339.3665 0.0000
-339.2945 0.0000
-339.2177 0.0000
-339.4096 0.0000
-339.1762 0.0000
-339.3765 0.0000
-339.4339 0.0000
-339.6685 0.0000
-339.1009 0.0000
-339.4473 0.0000
-339.4218 0.0000
-339.3716 0.0000
-339.7048 0.0000
-339.6555 0.0000
-339.4603 0.0000
-339.2865 0.0000
-339.2086 0.0000
-339.5006 0.0000
-339.5004 0.0000
-339.4468 0.0000
-339.5409 0.0000
-339.7018 0.0000
-339.5029 0.0000
-339.5350 0.0000
-339.2625 0.0000
-339.4137 0.0000
-339.2312 0.0000
-339.3010 0.0000
-339.2193 0.0000
-339.4490 0.0000
-339.0685 0.0000
-339.4390 0.0000
-339.4311 0.0000
-339.5870 0.0000
-339.3784 0.0000
-339.3986 0.0000
-339.5105 0.0000
-339.1636 0.0000
-339.4984 0.0000
-338.9746 0.0000
-339.4867 0.0000
-339.7434 0.0000
-339.3863 0.0000
-339.2606 0.0000
-339.3042 0.0000
-339.3897 0.0000
-339.2372 0.0000
-339.7257 0.0000
-339.5449 0.0000
-339.2137 0.0000
-339.2939 0.0000
-339.5364 0.0000
-339.4194 0.0000
-339.2273 0.0000
-339.3920 0.0000
-339.4920 0.0000
-339.3275 0.0000
-339.4756 0.0000
-339.3488 0.0000
-339.4461 0.0000
-339.4920 0.0000
-339.2083 0.0000
-339.0948 0.0000
-339.4290 0.0000
-339.6480 0.0000
-339.5341 0.0000
-339.0953 0.0000
-339.3545 0.0000
-339.2643 0.0000
-339.4079 0.0000
-339.3579 0.0000
-339.2556 0.0000
-339.4130 0.0000
-339.3418 0.0000
-339.6734 0.0000
-339.2834 0.0000
-339.2506 0.0000
-339.4796 0.0000
-339.3632 0.0000
-339.2517 0.0000
-339.3773 0.0000
-339.5216 0.0000
-339.3232 0.0000
-339.3381 0.0000
-339.5249 0.0000
-339.2723 0.0000
-339.0546 0.0000
-339.5145 0.0000
-339.1802 0.0000
-339.4350 0.0000
-339.2346 0.0000
-339.5388 0.0000
-339.2911 0.0000
-339.3781 0.0000
-339.3665 0.0000
-339.6798 0.0000
-339.2471 0.0000
-339.3360 0.0000
-339.4860 0.0000
-339.5356 0.0000
-339.3611 0.0000
-339.2136 0.0000
-339.1566 0.0000
-339.5930 0.0000
-339.6108 0.0000
-339.6578 0.0000
-339.3157 0.0000
-339.3587 0.0000
-339.1418 0.0000
-339.4408 0.0000
-339.3707 0.0000
-339.4225 0.0000
-339.6618 0.0000
-339.2716 0.0000
-339.1052 0.0000
-339.4230 0.0000
-339.2573 0.0000
-339.4225 0.0000
-339.0994 0.0000
-339.7167 0.0000
-339.2205 0.0000
-339.3126 0.0000
-339.3548 0.0000
-339.2220 0.0000
-339.9003 0.0000
-339.5422 0.0000
-339.6041 0.0000
-339.6211 0.0000
-339.5385 0.0000
-339.3735 0.0000
-339.3179 0.0000
-339.4443 0.0000
-339.2407 0.0000
-339.4179 0.0000
-339.5119 0.0000
-339.4103 0.0000
-339.4388 0.0000
-339.2973 0.0000
-339.6200 0.0000
-339.3701 0.0000
-339.5873 0.0000
-339.1639 0.0000
-339.3469 0.0000
-339.3852 0.0000
-339.0235 0.0000
-339.1847 0.0000
-339.5694 0.0000
-339.2790 0.0000
-339.6121 0.0000
-339.2824 0.0000
-339.5250 0.0000
-339.3443 0.0000
-339.5351 0.0000
-339.6783 0.0000
-339.4565 0.0000
-339.5456 0.0000
-339.4159 0.0000
-339.7719 0.0000
-339.5748 0.0000
-339.2637 0.0000
-339.2407 0.0000
-339.5559 0.0000
-339.4209 0.0000
-339.4156 0.0000
-339.8601 0.0000
-339.4352 0.0000
-339.6960 0.0000
-339.3252 0.0000
-339.5210 0.0000
-339.3712 0.0000
-339.2305 0.0000
-339.5448 0.0000
-339.5407 0.0000
-339.1173 0.0000
-339.4763 0.0000
-339.5917 0.0000
-339.3426 0.0000
-339.3085 0.0000
-339.0283 0.0000
-339.6010 0.0000
-339.4180 0.0000
-339.6756 0.0000
-339.4719 0.0000
-339.3520 0.0000
-339.7170 0.0000
-339.3325 0.0000
-339.5403 0.0000
-339.4846 0.0000
-339.3009 0.0000
-339.3164 0.0000
-339.4972 0.0000
-339.2568 0.0000
-339.1080 0.0000
-339.5701 0.0000
-339.4070 0.0000
-339.5486 0.0000
-339.4935 0.0000
-339.5328 0.0000
-339.4836 0.0000
-339.2880 0.0000
-339.3881 0.0000
-339.4407 0.0000
-339.2018 0.0000
-339.3217 0.0000
-339.1625 0.0000
-339.1960 0.0000
-339.4055 0.0000
-339.6989 0.0000
-339.4188 0.0000
-339.6383 0.0000
-339.3499 0.0000
-339.4906 0.0000
-339.3192 0.0000
-339.6295 0.0000
-339.3235 0.0000
-339.2731 0.0000
-339.0998 0.0000
-339.5465 0.0000
-339.1864 0.0000
-339.3826 0.0000
-339.4568 0.0000
-339.3872 0.0000
-339.4500 0.0000
-339.4074 0.0000
-339.4435 0.0000
-339.2946 0.0000
-339.4139 0.0000
-339.5977 0.0000
-339.2272 0.0000
-339.4451 0.0000
-339.2207 0.0000
-339.4043 0.0000
-339.2075 0.0000
-339.4814 0.0000
-339.6855 0.0000
-339.2675 0.0000
-339.6828 0.0000
-339.3450 0.0000
-339.2366 0.0000
-339.3768 0.0000
-339.2700 0.0000
-339.4179 0.0000
-339.3896 0.0000
-339.3913 0.0000
-339.5762 0.0000
-339.4324 0.0000
-339.1933 0.0000
-339.1921 0.0000
-339.5036 0.0000
-339.6211 0.0000
-339.5998 0.0000
-339.6728 0.0000
-339.4773 0.0000
-339.4457 0.0000
-339.0998 0.0000
-339.5557 0.0000
-339.3577 0.0000
-339.2808 0.0000
-339.1736 0.0000
-339.6945 0.0000
-339.1433 0.0000
-339.4013 0.0000
-339.4213 0.0000
-339.2529 0.0000
-339.2733 0.0000
-339.3864 0.0000
-339.3476 0.0000
-339.5730 0.0000
-339.1815 0.0000
-339.5018 0.0000
-339.2960 0.0000
-339.2955 0.0000
-339.3675 0.0000
-339.3017 0.0000
-339.5652 0.0000
-339.3605 0.0000
-339.5038 0.0000
-339.2611 0.0000
-339.1354 0.0000
-339.3479 0.0000
-339.5509 0.0000
-339.4319 0.0000
-339.2352 0.0000
-339.4289 0.0000
-339.4630 0.0000
-339.1076 0.0000
-339.3168 0.0000
-339.5878 0.0000
-339.7925 0.0000
-339.5152 0.0000
-339.5148 0.0000
-339.3105 0.0000
-339.1510 0.0000
-339.2635 0.0000
-339.5165 0.0000
-339.2384 0.0000
-339.5074 0.0000
-339.3533 0.0000
-339.4564 0.0000
-339.2608 0.0000
-339.1438 0.0000
-339.4709 0.0000
-339.2979 0.0000
-339.3549 0.0000
-339.3463 0.0000
-339.1053 0.0000
-339.3744 0.0000
-339.2712 0.0000
-339.4389 0.0000
-339.4774 0.0000
-339.4191 0.0000
-339.1301 0.0000
-339.1777 0.0000
-339.4107 0.0000
-339.2100 0.0000
-339.7084 0.0000
-339.3593 0.0000
-339.2630 0.0000
-339.3586 0.0000
-339.4776 0.0000
-339.2322 0.0000
-339.2793 0.0000
-339.0697 0.0000
-339.3869 0.0000
-339.5906 0.0000
-339.3246 0.0000
-339.3055 0.0000
-339.2969 0.0000
-339.3638 0.0000
-339.1650 0.0000
-339.4278 0.0000
-339.6971 0.0000
-339.4435 0.0000
-339.5885 0.0000
-339.6182 0.0000
-339.4189 0.0000
-339.3466 0.0000
-339.3799 0.0000
-339.3766 0.0000
-339.1352 0.0000
-339.0553 0.0000
-339.0733 0.0000
-339.4987 0.0000
-339.4544 0.0000
-339.6812 0.0000
-339.5090 0.0000
-339.6269 0.0000
-339.4151 0.0000
-339.4250 0.0000
-339.4655 0.0000
-339.4559 0.0000
-339.6409 0.0000
-339.4370 0.0000
-339.1618 0.0000
-339.1997 0.0000
-339.4429 0.0000
-339.3278 0.0000
-339.4045 0.0000
-339.3270 0.0000
-339.3269 0.0000
-339.2388 0.0000
-339.4079 0.0000
-339.6310 0.0000
-339.6820 0.0000
-339.3392 0.0000
-339.3756 0.0000
-339.5204 0.0000
-339.2953 0.0000
-339.4341 0.0000
-339.3626 0.0000
-339.4718 0.0000
-339.2278 0.0000
-339.4895 0.0000
-339.3276 0.0000
-339.5413 0.0000
-339.3734 0.0000
-339.4536 0.0000
-339.3629 0.0000
-339.3942 0.0000
-339.8862 0.0000
-339.4859 0.0000
-339.1955 0.0000
-339.4790 0.0000
-339.2743 0.0000
-339.4094 0.0000
-339.4876 0.0000
-339.4736 0.0000
-339.4669 0.0000
-339.5140 0.0000
-339.1973 0.0000
-339.1968 0.0000
-339.4022 0.0000
-339.4641 0.0000
-339.6366 0.0000
-339.4586 0.0000
-339.4017 0.0000
-339.1894 0.0000
-339.3793 0.0000
-339.6342 0.0000
-339.4952 0.0000
-339.4064 0.0000
-339.5947 0.0000
-339.3956 0.0000
-339.4774 0.0000
-339.3340 0.0000
-339.1362 0.0000
-339.1839 0.0000
-339.3057 0.0000
-339.2569 0.0000
-339.3692 0.0000
-339.5750 0.0000
-339.3759 0.0000
-339.5626 0.0000
-339.5018 0.0000
-339.4123 0.0000
-339.4902 0.0000
-339.2076 0.0000
-339.1436 0.0000
-339.3519 0.0000
-339.6151 0.0000
-339.3537 0.0000
-339.4400 0.0000
-339.5200 0.0000
-339.3860 0.0000
-339.2581 0.0000
-339.4844 0.0000
-339.5219 0.0000
-339.3355 0.0000
-339.3438 0.0000
-339.5054 0.0000
-339.3538 0.0000
-339.1397 0.0000
-339.5043 0.0000
-339.5959 0.0000
-339.2920 0.0000
-339.2878 0.0000
-339.3136 0.0000
-339.4761 0.0000
-339.3785 0.0000
-339.6922 0.0000
-339.1510 0.0000
-339.2956 0.0000
-339.3467 0.0000
-339.2058 0.0000
-339.2779 0.0000
-339.5666 0.0000
-339.4095 0.0000
-339.2143 0.0000
-339.7051 0.0000
-339.3790 0.0000
-339.3052 0.0000
-339.3210 0.0000
-339.6372 0.0000
-339.1760 0.0000
-339.4937 0.0000
-339.1176 0.0000
-339.1515 0.0000
-339.1825 0.0000
-339.4666 0.0000
-339.2114 0.0000
-339.1848 0.0000
-339.5654 0.0000
-339.4534 0.0000
-339.4118 0.0000
-339.6605 0.0000
-339.2731 0.0000
-339.3271 0.0000
-339.3739 0.0000
-339.6403 0.0000
-339.3559 0.0000
-339.3104 0.0000
-338.9626 0.0000
-339.4504 0.0000
-339.2234 0.0000
-339.1987 0.0000
-339.4594 0.0000
-339.5047 0.0000
-339.3608 0.0000
-339.4351 0.0000
-339.4686 0.0000
-339.4695 0.0000
-339.5298 0.0000
-339.5926 0.0000
-339.0767 0.0000
-339.5623 0.0000
-339.6103 0.0000
-339.5415 0.0000
-339.5111 0.0000
-339.3004 0.0000
-339.1721 0.0000
-339.8941 0.0000
-339.2998 0.0000
-339.6191 0.0000
-339.3475 0.0000
-339.3279 0.0000
-339.6854 0.0000
-339.3778 0.0000
-339.7177 0.0000
-339.3900 0.0000
-339.3505 0.0000
-339.3733 0.0000
-339.7686 0.0000
-339.3777 0.0000
-339.2577 0.0000
-339.2966 0.0000
-339.1542 0.0000
-339.4497 0.0000
-339.4106 0.0000
-339.4328 0.0000
-339.5081 0.0000
-339.3465 0.0000
-339.4632 0.0000
-339.1577 0.0000
-339.6233 0.0000
-339.3092 0.0000
-339.3789 0.0000
-339.2393 0.0000
-339.3731 0.0000
-339.2539 0.0000
-339.3407 0.0000
-339.5373 0.0000
-339.4841 0.0000
-339.3690 0.0000
-339.5177 0.0000
-339.6579 0.0000
-339.3841 0.0000
-339.3046 0.0000
-339.3249 0.0000
-339.2593 0.0000
-339.1872 0.0000
-339.5709 0.0000
-339.2606 0.0000
-339.6692 0.0000
-339.6886 0.0000
-339.5282 0.0000
-339.4043 0.0000
-339.2708 0.0000
-339.5237 0.0000
-339.4038 0.0000
-339.5449 0.0000
-339.4423 0.0000
-339.4787 0.0000
-339.4278 0.0000
-339.3598 0.0000
-339.5741 0.0000
-339.7157 0.0000
-339.5601 0.0000
-339.4986 0.0000
-339.1476 0.0000
-339.2945 0.0000
-339.2506 0.0000
-339.6267 0.0000
-339.4385 0.0000
-339.2804 0.0000
-339.4510 0.0000
-339.3401 0.0000
-339.2224 0.0000
-339.4438 0.0000
-339.5054 0.0000
-339.4166 0.0000
-339.1694 0.0000
-339.1516 0.0000
-339.3822 0.0000
-339.4078 0.0000
-339.4283 0.0000
-339.4542 0.0000
-339.4461 0.0000
-339.2743 0.0000
-339.3794 0.0000
-339.5813 0.0000
-339.1962 0.0000
-339.2649 0.0000
-339.5366 0.0000
-339.0949 0.0000
-339.3061 0.0000
-339.3634 0.0000
-339.2101 0.0000
-339.2664 0.0000
-339.3155 0.0000
-339.6033 0.0000
-339.4956 0.0000
-339.4736 0.0000
-339.1733 0.0000
-339.5597 0.0000
-339.2789 0.0000
-339.5484 0.0000
-339.4294 0.0000
-339.5680 0.0000
-339.4374 0.0000
-339.5013 0.0000
-339.1763 0.0000
-339.4215 0.0000
-339.4433 0.0000
-339.2781 0.0000
-339.4062 0.0000
-339.5904 0.0000
-339.1732 0.0000
-339.5364 0.0000
-339.2100 0.0000
-339.1676 0.0000
-339.4183 0.0000
-339.5295 0.0000
-339.3370 0.0000
-339.4118 0.0000
-339.4392 0.0000
-339.3981 0.0000
-339.1221 0.0000
-339.7591 0.0000
-339.2896 0.0000
-339.0891 0.0000
-339.5247 0.0000
-339.4873 0.0000
-339.5560 0.0000
-339.3358 0.0000
-339.3319 0.0000
-339.2389 0.0000
-338.8965 0.0000
-339.5964 0.0000
-339.3458 0.0000
-339.4573 0.0000
-339.6237 0.0000
-339.1871 0.0000
-339.2317 0.0000
-339.2296 0.0000
-339.3187 0.0000
-339.2600 0.0000
-339.6554 0.0000
-339.2040 0.0000
-339.3954 0.0000
-339.2585 0.0000
-339.6774 0.0000
-339.1696 0.0000
-339.6122 0.0000
-339.3901 0.0000
-339.4216 0.0000
-339.3078 0.0000
-339.2498 0.0000
-339.3639 0.0000
-339.4365 0.0000
-339.1807 0.0000
-339.1085 0.0000
-339.6148 0.0000
-339.6210 0.0000
-339.1666 0.0000
-339.3187 0.0000
-339.4476 0.0000
-339.5158 0.0000
-339.0948 0.0000
-339.2459 0.0000
-339.4259 0.0000
-339.2351 0.0000
-339.3468 0.0000
-339.1908 0.0000
-339.2746 0.0000
-339.4043 0.0000
-339.2643 0.0000
-338.9870 0.0000
-339.4037 0.0000
-339.3433 0.0000
-339.2051 0.0000
-339.4950 0.0000
-339.2239 0.0000
-339.2121 0.0000
-339.1530 0.0000
-339.4676 0.0000
-339.1459 0.0000
-339.4848 0.0000
-339.3737 0.0000
-339.3260 0.0000
-339.2861 0.0000
-339.0447 0.0000
-339.3587 0.0000
-339.4807 0.0000
-339.3136 0.0000
-339.5269 0.0000
-339.1610 0.0000
-339.2219 0.0000
-339.4278 0.0000
-339.2007 0.0000
-339.5383 0.0000
-339.5356 0.0000
-339.4821 0.0000
-339.4747 0.0000
-339.5242 0.0000
-339.0853 0.0000
-339.6719 0.0000
-339.3083 0.0000
-339.5536 0.0000
-339.3896 0.0000
-339.4494 0.0000
-339.3242 0.0000
-339.3051 0.0000
-339.3119 0.0000
-339.5628 0.0000
-339.5241 0.0000
-339.5260 0.0000
-339.5179 0.0000
-339.5273 0.0000
-339.4526 0.0000
-339.2626 0.0000
-339.3994 0.0000
