-100.0000 -100.0000
-361.6222 0.0000
-360.2541 0.0000
-361.4964 0.0000
-361.1749 0.0000
-360.3552 0.0000
-360.8902 0.0000
-361.3811 0.0000
-361.5134 0.0000
-361.6238 0.0000
-363.7184 0.0000
-363.3149 0.0000
-363.7312 0.0000
-362.8404 0.0000
-365.5132 0.0000
-361.2613 0.0000
-362.6708 0.0000
-360.8140 0.0000
-361.5000 0.0000
-359.1177 0.0000
-359.3241 0.0000
-358.9587 0.0000
-359.4129 0.0000
-358.9593 0.0000
-357.3840 0.0000
-357.2400 0.0000
-357.0804 0.0000
-357.5117 0.0000
-359.1693 0.0000
-358.4286 0.0000
-358.7300 0.0000
-358.0011 0.0000
-359.2102 0.0000
-359.3213 0.0000
-358.9410 0.0000
-358.8917 0.0000
-358.6615 0.0000
-359.6861 0.0000
-361.2487 0.0000
-360.4306 0.0000
-358.6682 0.0000
-357.8816 0.0000
-357.3857 0.0000
-358.6830 0.0000
-358.8929 0.0000
-361.0074 0.0000
-362.0821 0.0000
-361.4824 0.0000
-363.0992 0.0000
-361.1794 0.0000
-361.1381 0.0000
-360.3727 0.0000
-361.1445 0.0000
-360.5698 0.0000
-360.0898 0.0000
-360.6853 0.0000
-361.0781 0.0000
-360.0380 0.0000
-360.4681 0.0000
-360.0640 0.0000
-361.1699 0.0000
-362.4077 0.0000
-362.1634 0.0000
-361.7931 0.0000
-360.9167 0.0000
-359.3064 0.0000
-360.2626 0.0000
-360.8311 0.0000
-360.4587 0.0000
-361.3390 0.0000
-360.9271 0.0000
-360.8514 0.0000
-361.3802 0.0000
-360.5221 0.0000
-360.3122 0.0000
-361.1907 0.0000
-361.8139 0.0000
-362.2704 0.0000
-362.5037 0.0000
-362.6405 0.0000
-361.6422 0.0000
-360.5248 0.0000
-360.2531 0.0000
-360.0725 0.0000
-359.3160 0.0000
-359.9469 0.0000
-359.5974 0.0000
-359.6487 0.0000
-360.5145 0.0000
-360.0731 0.0000
-359.0415 0.0000
-358.7782 0.0000
-360.6682 0.0000
-360.8352 0.0000
-361.0241 0.0000
-361.5685 0.0000
-360.7383 0.0000
-361.3098 0.0000
-362.6622 0.0000
-359.2546 0.0000
-359.0572 0.0000
-358.8126 0.0000
-358.3533 0.0000
-358.0537 0.0000
-357.8442 0.0000
-358.2608 0.0000
-360.6149 0.0000
-358.5978 0.0000
-362.6266 0.0000
-360.7791 0.0000
-360.3195 0.0000
-361.2704 0.0000
-363.3377 0.0000
-362.9187 0.0000
-362.6187 0.0000
-360.2893 0.0000
-359.3748 0.0000
-358.7953 0.0000
-359.9975 0.0000
-359.3483 0.0000
-357.5644 0.0000
-357.6722 0.0000
-359.1255 0.0000
-360.2862 0.0000
-360.7915 0.0000
-359.7273 0.0000
-358.3842 0.0000
-357.6998 0.0000
-360.3640 0.0000
-359.6639 0.0000
-359.9206 0.0000
-359.1972 0.0000
-359.6999 0.0000
-360.0442 0.0000
-361.0002 0.0000
-360.1576 0.0000
-358.6772 0.0000
-358.9576 0.0000
-358.0585 0.0000
-358.1333 0.0000
-358.9779 0.0000
-358.2726 0.0000
-356.9439 0.0000
-356.1921 0.0000
-355.4639 0.0000
-356.4282 0.0000
-356.7095 0.0000
-356.2702 0.0000
-354.6444 0.0000
-356.8024 0.0000
-359.1767 0.0000
-358.6079 0.0000
-358.5982 0.0000
-358.2081 0.0000
-357.9388 0.0000
-358.7963 0.0000
-359.6531 0.0000
-360.9085 0.0000
-358.6517 0.0000
-358.8916 0.0000
-358.0986 0.0000
-358.2771 0.0000
-358.3459 0.0000
-357.7657 0.0000
-358.2533 0.0000
-357.7055 0.0000
-356.1619 0.0000
-355.9987 0.0000
-354.4178 0.0000
-354.4964 0.0000
-353.0181 0.0000
-352.9645 0.0000
-351.8858 0.0000
-354.8692 0.0000
-355.3101 0.0000
-355.6821 0.0000
-354.7641 0.0000
-354.3283 0.0000
-354.8742 0.0000
-354.8473 0.0000
-354.6954 0.0000
-355.1611 0.0000
-355.3146 0.0000
-358.0272 0.0000
-355.7821 0.0000
-356.6245 0.0000
-357.0298 0.0000
-356.7875 0.0000
-355.0378 0.0000
-354.6182 0.0000
-354.8222 0.0000
-354.1501 0.0000
-353.3516 0.0000
-354.0863 0.0000
-354.6887 0.0000
-354.1750 0.0000
-353.8969 0.0000
-352.9853 0.0000
-353.8161 0.0000
-353.3653 0.0000
-354.3175 0.0000
-352.5038 0.0000
-352.8763 0.0000
-353.1013 0.0000
-353.8391 0.0000
-354.3583 0.0000
-355.1991 0.0000
-356.0448 0.0000
-355.6422 0.0000
-355.9747 0.0000
-356.3710 0.0000
-356.4236 0.0000
-356.7383 0.0000
-357.6144 0.0000
-356.3746 0.0000
-355.8362 0.0000
-355.2892 0.0000
-356.4021 0.0000
-357.5172 0.0000
-357.4491 0.0000
-356.8044 0.0000
-357.1598 0.0000
-356.9762 0.0000
-356.9363 0.0000
-356.6991 0.0000
-358.1081 0.0000
-357.3767 0.0000
-356.2422 0.0000
-356.0565 0.0000
-355.1389 0.0000
-356.1125 0.0000
-356.5507 0.0000
-356.0025 0.0000
-355.7620 0.0000
-355.4658 0.0000
-354.0434 0.0000
-354.4242 0.0000
-355.4740 0.0000
-353.4310 0.0000
-353.0346 0.0000
-352.4357 0.0000
-351.6826 0.0000
-352.4735 0.0000
-352.3108 0.0000
-352.4098 0.0000
-352.6996 0.0000
-352.7318 0.0000
-353.1307 0.0000
-352.6020 0.0000
-352.3514 0.0000
-352.1694 0.0000
-351.5156 0.0000
-350.6203 0.0000
-352.6384 0.0000
-353.7349 0.0000
-353.6018 0.0000
-353.6869 0.0000
-353.2645 0.0000
-354.9361 0.0000
-355.6096 0.0000
-355.7819 0.0000
-356.3604 0.0000
-356.3252 0.0000
-357.3429 0.0000
-357.3614 0.0000
-358.0674 0.0000
-358.1857 0.0000
-357.1424 0.0000
-358.1532 0.0000
-358.3494 0.0000
-359.1386 0.0000
-360.1437 0.0000
-361.2381 0.0000
-361.4527 0.0000
-362.2954 0.0000
-361.8823 0.0000
-362.3513 0.0000
-361.8075 0.0000
-361.1232 0.0000
-360.7597 0.0000
-361.8576 0.0000
-361.8272 0.0000
-363.4425 0.0000
-363.4064 0.0000
-364.9787 0.0000
-363.6247 0.0000
-366.0057 0.0000
-365.2501 0.0000
-364.0934 0.0000
-362.9713 0.0000
-363.1909 0.0000
-362.8744 0.0000
-364.5601 0.0000
-362.8376 0.0000
-363.5045 0.0000
-364.1751 0.0000
-364.6448 0.0000
-364.0757 0.0000
-363.6899 0.0000
-362.7470 0.0000
-360.9701 0.0000
-362.6666 0.0000
-362.7726 0.0000
-361.6038 0.0000
-359.9281 0.0000
-358.7420 0.0000
-357.9098 0.0000
-357.5307 0.0000
-360.1568 0.0000
-358.8174 0.0000
-359.7824 0.0000
-358.6489 0.0000
-359.8748 0.0000
-360.8222 0.0000
-360.3935 0.0000
-359.0216 0.0000
-359.3326 0.0000
-360.0985 0.0000
-359.8885 0.0000
-362.5601 0.0000
-363.9863 0.0000
-362.5376 0.0000
-363.1524 0.0000
-363.1842 0.0000
-362.1764 0.0000
-364.6153 0.0000
-366.1873 0.0000
-366.5859 0.0000
-368.1177 0.0000
-366.8996 0.0000
-367.4839 0.0000
-369.8476 0.0000
-370.7061 0.0000
-373.5616 0.0000
-375.7947 0.0000
-376.8080 0.0000
-375.9576 0.0000
-377.8477 0.0000
-376.9745 0.0000
-375.6796 0.0000
-375.9849 0.0000
-377.6536 0.0000
-378.8069 0.0000
-379.7758 0.0000
-381.5374 0.0000
-382.6969 0.0000
-381.6624 0.0000
-380.2903 0.0000
-382.0274 0.0000
-383.3754 0.0000
-383.5259 0.0000
-381.8996 0.0000
-381.9886 0.0000
-381.4471 0.0000
-383.0328 0.0000
-381.0168 0.0000
-377.9879 0.0000
-382.3358 0.0000
-380.9290 0.0000
-381.7847 0.0000
-383.2485 0.0000
-384.0557 0.0000
-386.2218 0.0000
-386.6046 0.0000
-388.5172 0.0000
-387.2681 0.0000
-387.8630 0.0000
-384.0004 0.0000
-384.7350 0.0000
-384.9440 0.0000
-384.9327 0.0000
-384.7277 0.0000
-382.1389 0.0000
-382.0471 0.0000
-383.7134 0.0000
-382.0103 0.0000
-382.1478 0.0000
-383.1021 0.0000
-380.8868 0.0000
-382.0388 0.0000
-382.5454 0.0000
-384.1759 0.0000
-381.2711 0.0000
-383.2426 0.0000
-379.5007 0.0000
-379.3892 0.0000
-378.1716 0.0000
-379.1746 0.0000
-378.7920 0.0000
-378.0234 0.0000
-379.6302 0.0000
-379.8798 0.0000
-377.2130 0.0000
-378.2365 0.0000
-380.1086 0.0000
-381.3367 0.0000
-382.0917 0.0000
-380.9878 0.0000
-378.0345 0.0000
-381.1779 0.0000
-380.6277 0.0000
-383.8815 0.0000
-385.9506 0.0000
-386.3590 0.0000
-386.7936 0.0000
-386.3453 0.0000
-386.8885 0.0000
-387.2586 0.0000
-388.3849 0.0000
-388.8455 0.0000
-388.7376 0.0000
-387.9111 0.0000
-389.9286 0.0000
-388.7375 0.0000
-387.1038 0.0000
-391.5784 0.0000
-390.2494 0.0000
-386.8244 0.0000
-388.8332 0.0000
-390.1769 0.0000
-390.9119 0.0000
-394.9469 0.0000
-397.7060 0.0000
-398.0941 0.0000
-397.7933 0.0000
-398.2270 0.0000
-397.6215 0.0000
-398.6901 0.0000
-397.8813 0.0000
-398.3411 0.0000
-398.3733 0.0000
-396.7000 0.0000
-398.2900 0.0000
-399.0992 0.0000
-395.6439 0.0000
-394.4787 0.0000
-394.4062 0.0000
-395.1831 0.0000
-394.5354 0.0000
-393.9456 0.0000
-393.5979 0.0000
-391.8423 0.0000
-392.8009 0.0000
-392.3808 0.0000
-394.4411 0.0000
-394.5443 0.0000
-395.7602 0.0000
-394.3871 0.0000
-394.4510 0.0000
-393.0781 0.0000
-393.4912 0.0000
-390.6584 0.0000
-394.2878 0.0000
-393.1510 0.0000
-392.6003 0.0000
-393.4481 0.0000
-390.9952 0.0000
-391.3549 0.0000
-392.2687 0.0000
-394.0205 0.0000
-392.9000 0.0000
-394.1428 0.0000
-393.7660 0.0000
-395.2137 0.0000
-392.1938 0.0000
-393.9649 0.0000
-391.4671 0.0000
-392.6412 0.0000
-392.3937 0.0000
-391.4437 0.0000
-391.6738 0.0000
-392.2755 0.0000
-391.1150 0.0000
-390.5989 0.0000
-393.0574 0.0000
-390.4608 0.0000
-390.6163 0.0000
-389.3744 0.0000
-391.4687 0.0000
-391.6199 0.0000
-390.0333 0.0000
-390.9210 0.0000
-393.3481 0.0000
-393.7172 0.0000
-392.9021 0.0000
-395.2360 0.0000
-395.1968 0.0000
-395.1951 0.0000
-395.0842 0.0000
-393.7467 0.0000
-395.9096 0.0000
-394.8857 0.0000
-397.7323 0.0000
-396.1061 0.0000
-398.5843 0.0000
-397.6528 0.0000
-396.6103 0.0000
-395.6658 0.0000
-393.2973 0.0000
-396.9315 0.0000
-396.0267 0.0000
-396.3867 0.0000
-393.8154 0.0000
-397.2770 0.0000
-399.8250 0.0000
-398.3681 0.0000
-399.3951 0.0000
-399.6617 0.0000
-399.8721 0.0000
-397.3181 0.0000
-397.0903 0.0000
-398.1009 0.0000
-396.4432 0.0000
-395.1575 0.0000
-396.3597 0.0000
-397.9541 0.0000
-397.9357 0.0000
-398.6412 0.0000
-398.3572 0.0000
-396.2849 0.0000
-400.2250 0.0000
-396.4334 0.0000
-394.6313 0.0000
-396.0133 0.0000
-400.2309 0.0000
-398.9165 0.0000
-400.8411 0.0000
-399.9871 0.0000
-398.7725 0.0000
-401.1847 0.0000
-400.7115 0.0000
-402.2457 0.0000
-403.5848 0.0000
-403.9188 0.0000
-402.6118 0.0000
-403.4283 0.0000
-402.5084 0.0000
-402.9937 0.0000
-403.6326 0.0000
-404.7224 0.0000
-401.3140 0.0000
-399.3345 0.0000
-401.6053 0.0000
-402.3256 0.0000
-399.7264 0.0000
-400.2948 0.0000
-401.3645 0.0000
-400.2162 0.0000
-399.4044 0.0000
-397.9711 0.0000
-399.5074 0.0000
-400.9083 0.0000
-400.8587 0.0000
-403.2814 0.0000
-400.8612 0.0000
-402.3675 0.0000
-404.4335 0.0000
-402.0226 0.0000
-400.5913 0.0000
-401.3061 0.0000
-400.2217 0.0000
-397.7633 0.0000
-399.4132 0.0000
-396.8655 0.0000
-395.8463 0.0000
-397.8695 0.0000
-397.1362 0.0000
-396.0565 0.0000
-398.6020 0.0000
-397.0916 0.0000
-397.9333 0.0000
-400.1480 0.0000
-399.8148 0.0000
-398.5261 0.0000
-398.2417 0.0000
-397.3630 0.0000
-396.3872 0.0000
-394.5664 0.0000
-395.0626 0.0000
-395.3435 0.0000
-393.9653 0.0000
-394.4265 0.0000
-393.7443 0.0000
-394.7254 0.0000
-393.1169 0.0000
-393.6010 0.0000
-391.9623 0.0000
-394.4070 0.0000
-392.3538 0.0000
-389.4503 0.0000
-392.6589 0.0000
-391.1398 0.0000
-392.8157 0.0000
-395.1262 0.0000
-393.7041 0.0000
-390.9867 0.0000
-388.6334 0.0000
-391.6904 0.0000
-390.7149 0.0000
-389.4480 0.0000
-389.1037 0.0000
-389.3508 0.0000
-388.6995 0.0000
-392.7144 0.0000
-387.7788 0.0000
-392.1759 0.0000
-393.5950 0.0000
-396.7353 0.0000
-391.7152 0.0000
-393.0743 0.0000
-398.7287 0.0000
-392.5446 0.0000
-392.2556 0.0000
-396.1876 0.0000
-392.2623 0.0000
-393.0075 0.0000
-389.0167 0.0000
-391.4415 0.0000
-391.2022 0.0000
-389.2514 0.0000
-395.2836 0.0000
-392.3382 0.0000
-387.9518 0.0000
-387.6281 0.0000
-388.7628 0.0000
-387.7400 0.0000
-388.6931 0.0000
-388.2636 0.0000
-388.2833 0.0000
-386.8238 0.0000
-385.9022 0.0000
-386.3883 0.0000
-382.5181 0.0000
-382.5459 0.0000
-383.0984 0.0000
-383.8696 0.0000
-380.7251 0.0000
-386.7411 0.0000
-383.9791 0.0000
-382.4474 0.0000
-383.2216 0.0000
-384.4324 0.0000
-380.7043 0.0000
-381.9973 0.0000
-382.2703 0.0000
-381.4074 0.0000
-382.9226 0.0000
-378.5405 0.0000
-382.4845 0.0000
-382.9452 0.0000
-381.7415 0.0000
-380.7623 0.0000
-380.9662 0.0000
-381.7764 0.0000
-381.7042 0.0000
-380.3551 0.0000
-379.6161 0.0000
-381.9769 0.0000
-382.2243 0.0000
-381.6961 0.0000
-379.1781 0.0000
-382.2033 0.0000
-379.8921 0.0000
-378.6925 0.0000
-380.9187 0.0000
-379.8461 0.0000
-383.1933 0.0000
-376.3653 0.0000
-378.9406 0.0000
-380.6728 0.0000
-381.2732 0.0000
-381.3743 0.0000
-380.9310 0.0000
-383.2698 0.0000
-378.6913 0.0000
-377.3219 0.0000
-376.6138 0.0000
-377.9217 0.0000
-379.7048 0.0000
-378.4503 0.0000
-381.0073 0.0000
-383.2226 0.0000
-380.4701 0.0000
-378.7818 0.0000
-380.1944 0.0000
-380.2863 0.0000
-379.0789 0.0000
-377.9344 0.0000
-381.5299 0.0000
-384.5746 0.0000
-377.9803 0.0000
-377.6511 0.0000
-375.0021 0.0000
-380.3716 0.0000
-381.2455 0.0000
-378.5386 0.0000
-380.2640 0.0000
-382.1773 0.0000
-382.0519 0.0000
-381.8140 0.0000
-381.5081 0.0000
-380.8529 0.0000
-380.0334 0.0000
-379.5996 0.0000
-378.4070 0.0000
-383.0046 0.0000
-385.0147 0.0000
-381.5245 0.0000
-383.5781 0.0000
-382.6561 0.0000
-380.1873 0.0000
-380.8668 0.0000
-383.0758 0.0000
-382.3977 0.0000
-379.9173 0.0000
-378.2069 0.0000
-380.6435 0.0000
-381.6175 0.0000
-383.9456 0.0000
-382.0792 0.0000
-382.6972 0.0000
-381.9231 0.0000
-381.2635 0.0000
-382.7170 0.0000
-381.2009 0.0000
-381.4338 0.0000
-381.1257 0.0000
-381.8044 0.0000
-385.4918 0.0000
-381.2628 0.0000
-380.8026 0.0000
-383.8947 0.0000
-378.0865 0.0000
-381.9091 0.0000
-384.6229 0.0000
-383.2955 0.0000
-381.9447 0.0000
-379.7017 0.0000
-382.1918 0.0000
-385.4070 0.0000
-380.4572 0.0000
-382.2154 0.0000
-380.7531 0.0000
-382.4930 0.0000
-380.9350 0.0000
-382.3458 0.0000
-381.0955 0.0000
-381.6464 0.0000
-381.3745 0.0000
-383.9210 0.0000
-381.9182 0.0000
-382.8031 0.0000
-379.7233 0.0000
-378.3683 0.0000
-381.9174 0.0000
-380.8894 0.0000
-381.6530 0.0000
-381.7566 0.0000
-383.9787 0.0000
-380.2283 0.0000
-381.1655 0.0000
-385.8625 0.0000
-381.7988 0.0000
-378.9368 0.0000
-381.7077 0.0000
-383.3044 0.0000
-382.0830 0.0000
-379.3507 0.0000
-384.2742 0.0000
-381.8882 0.0000
-379.9904 0.0000
-380.3842 0.0000
-381.0162 0.0000
-379.7531 0.0000
-384.3332 0.0000
-381.0140 0.0000
-381.1188 0.0000
-379.3205 0.0000
-382.6848 0.0000
-381.8400 0.0000
-379.8966 0.0000
-383.0964 0.0000
-382.0877 0.0000
-382.4195 0.0000
-382.9621 0.0000
-382.8989 0.0000
-380.6284 0.0000
-381.2379 0.0000
-379.7980 0.0000
-378.5010 0.0000
-381.7203 0.0000
-378.3649 0.0000
-379.4672 0.0000
-378.9561 0.0000
-378.2553 0.0000
-374.4705 0.0000
-380.4210 0.0000
-374.1462 0.0000
-376.1071 0.0000
-377.1849 0.0000
-377.3364 0.0000
-379.0971 0.0000
-377.8669 0.0000
-373.1648 0.0000
-376.1668 0.0000
-378.4984 0.0000
-378.3760 0.0000
-378.6845 0.0000
-376.7812 0.0000
-376.6190 0.0000
-378.3062 0.0000
-374.3179 0.0000
-378.0882 0.0000
-376.9721 0.0000
-375.1553 0.0000
-375.6647 0.0000
-375.0339 0.0000
-375.6810 0.0000
-375.9820 0.0000
-372.4993 0.0000
-376.4313 0.0000
-375.5658 0.0000
-377.1815 0.0000
-376.5417 0.0000
-377.1561 0.0000
-376.8465 0.0000
-377.9152 0.0000
-378.3516 0.0000
-376.6839 0.0000
-377.9887 0.0000
-377.7159 0.0000
-376.2551 0.0000
-376.3473 0.0000
-378.5304 0.0000
-376.8150 0.0000
-380.8608 0.0000
-379.5234 0.0000
-380.5608 0.0000
-380.8664 0.0000
-380.9428 0.0000
-378.2149 0.0000
-378.9254 0.0000
-379.9842 0.0000
-382.9058 0.0000
-376.6960 0.0000
-382.5275 0.0000
-383.6648 0.0000
-381.9856 0.0000
-380.7305 0.0000
-379.0677 0.0000
-382.0234 0.0000
-380.4932 0.0000
-382.1270 0.0000
-381.4134 0.0000
-380.9999 0.0000
-382.6068 0.0000
-384.8676 0.0000
-385.7612 0.0000
-387.4735 0.0000
-389.4213 0.0000
-384.9607 0.0000
-384.4870 0.0000
-384.3767 0.0000
-385.6995 0.0000
-386.9887 0.0000
-389.9433 0.0000
-389.9028 0.0000
-391.1134 0.0000
-388.8135 0.0000
-389.4134 0.0000
-389.9730 0.0000
-387.9504 0.0000
-391.1302 0.0000
-390.3955 0.0000
-392.2020 0.0000
-389.6998 0.0000
-391.0229 0.0000
-389.9342 0.0000
-387.2344 0.0000
-388.7920 0.0000
-386.9864 0.0000
-386.5914 0.0000
-388.9420 0.0000
-387.2883 0.0000
-386.3333 0.0000
-388.7077 0.0000
-388.4203 0.0000
-388.4033 0.0000
-389.9205 0.0000
-392.7738 0.0000
-399.3685 0.0000
-397.7623 0.0000
-400.7288 0.0000
-402.8678 0.0000
-402.0148 0.0000
-401.8709 0.0000
-402.6441 0.0000
-404.0177 0.0000
-403.8854 0.0000
-406.1337 0.0000
-403.8785 0.0000
-406.7301 0.0000
-407.4224 0.0000
-408.9105 0.0000
-407.8423 0.0000
-405.7755 0.0000
-403.5502 0.0000
-401.4637 0.0000
-405.5732 0.0000
-402.6038 0.0000
-405.6928 0.0000
-404.0109 0.0000
-401.9548 0.0000
-401.4444 0.0000
-405.0116 0.0000
-404.9652 0.0000
-404.3517 0.0000
-405.7399 0.0000
-405.1453 0.0000
-402.5203 0.0000
-404.9206 0.0000
-404.7634 0.0000
-407.5208 0.0000
-408.8195 0.0000
-410.5431 0.0000
-408.1338 0.0000
-407.8789 0.0000
-405.2209 0.0000
-402.6780 0.0000
-404.7331 0.0000
-404.4736 0.0000
-405.1616 0.0000
-405.5400 0.0000
-401.1355 0.0000
-400.7030 0.0000
-400.2035 0.0000
-400.8800 0.0000
-402.8125 0.0000
-402.3821 0.0000
-397.2989 0.0000
-397.3209 0.0000
-396.3254 0.0000
-398.5854 0.0000
-399.8905 0.0000
-399.4344 0.0000
-400.0160 0.0000
-400.0333 0.0000
-402.4357 0.0000
-401.0922 0.0000
-400.6344 0.0000
-402.0935 0.0000
-399.6855 0.0000
-399.8287 0.0000
-399.3820 0.0000
-400.1382 0.0000
-399.1193 0.0000
-397.7977 0.0000
-398.0752 0.0000
-398.5899 0.0000
-401.1221 0.0000
-401.1656 0.0000
-400.9709 0.0000
-401.0490 0.0000
-403.3633 0.0000
-401.8755 0.0000
-401.2753 0.0000
-403.3846 0.0000
-404.2212 0.0000
-403.6445 0.0000
-403.7444 0.0000
-404.6123 0.0000
-404.7745 0.0000
-401.1352 0.0000
-403.9678 0.0000
-404.5058 0.0000
-400.5977 0.0000
-400.9941 0.0000
-402.6888 0.0000
-399.6353 0.0000
-397.1101 0.0000
-398.7434 0.0000
-398.3364 0.0000
-397.8271 0.0000
-396.8432 0.0000
-396.2960 0.0000
-393.9072 0.0000
-389.6607 0.0000
-393.6997 0.0000
-394.4922 0.0000
-392.6269 0.0000
-395.7402 0.0000
-394.7084 0.0000
-394.2928 0.0000
-395.3963 0.0000
-391.8230 0.0000
-397.2832 0.0000
-397.3465 0.0000
-396.5774 0.0000
-392.5894 0.0000
-392.6771 0.0000
-393.0034 0.0000
-391.1996 0.0000
-388.2813 0.0000
-392.7382 0.0000
-393.5349 0.0000
-390.7405 0.0000
-389.4868 0.0000
-390.2063 0.0000
-391.1045 0.0000
-390.0483 0.0000
-390.5834 0.0000
-390.6333 0.0000
-387.0466 0.0000
-388.9285 0.0000
-390.2860 0.0000
-390.4798 0.0000
-386.2137 0.0000
-388.6266 0.0000
-386.5596 0.0000
-392.2766 0.0000
-389.7272 0.0000
-388.9662 0.0000
-387.9094 0.0000
-389.5197 0.0000
-389.3302 0.0000
-391.6477 0.0000
-391.5928 0.0000
-393.1326 0.0000
-391.6842 0.0000
-394.0617 0.0000
-391.6335 0.0000
-388.8626 0.0000
-392.8182 0.0000
-391.9384 0.0000
-392.5815 0.0000
-394.9050 0.0000
-391.8302 0.0000
-390.8263 0.0000
-391.9953 0.0000
-391.0198 0.0000
-395.0365 0.0000
-396.1452 0.0000
-394.7718 0.0000
-395.4196 0.0000
-395.4726 0.0000
-395.0610 0.0000
-394.2081 0.0000
-395.6434 0.0000
-394.9122 0.0000
-393.6797 0.0000
-395.5211 0.0000
-393.7979 0.0000
-392.5111 0.0000
-393.6777 0.0000
-397.4889 0.0000
-395.7160 0.0000
-393.4738 0.0000
-391.4229 0.0000
-390.6535 0.0000
-390.8438 0.0000
-389.0242 0.0000
-393.0008 0.0000
-391.3938 0.0000
-390.1326 0.0000
-390.5960 0.0000
-390.0482 0.0000
-390.5596 0.0000
-392.0045 0.0000
-392.8246 0.0000
-391.9595 0.0000
-389.8552 0.0000
-391.0198 0.0000
-386.4413 0.0000
-389.9075 0.0000
-387.4095 0.0000
-387.0812 0.0000
-385.9668 0.0000
-386.4231 0.0000
-386.2955 0.0000
-385.9927 0.0000
-388.2092 0.0000
-390.0507 0.0000
-387.2057 0.0000
-390.1462 0.0000
-389.6357 0.0000
-392.6524 0.0000
-389.4307 0.0000
-388.4554 0.0000
-389.3053 0.0000
-389.9760 0.0000
-389.8551 0.0000
-387.4295 0.0000
-389.3175 0.0000
-389.9286 0.0000
-389.0781 0.0000
-389.4503 0.0000
-389.5025 0.0000
-389.2433 0.0000
-386.8342 0.0000
-390.0690 0.0000
-385.0157 0.0000
-380.7042 0.0000
-385.5557 0.0000
-387.7060 0.0000
-388.2051 0.0000
-386.4943 0.0000
-384.3381 0.0000
-384.7869 0.0000
-388.1418 0.0000
-387.9490 0.0000
-381.8723 0.0000
-384.4504 0.0000
-383.9863 0.0000
-384.6866 0.0000
-382.7260 0.0000
-380.6477 0.0000
-385.5158 0.0000
-384.2452 0.0000
-385.4041 0.0000
-384.6071 0.0000
-383.0610 0.0000
-383.4631 0.0000
-384.5988 0.0000
-382.5640 0.0000
-383.3643 0.0000
-385.4044 0.0000
-386.1457 0.0000
-383.4235 0.0000
-386.9729 0.0000
-387.1441 0.0000
-386.1629 0.0000
-383.8514 0.0000
-384.2964 0.0000
-385.2242 0.0000
-384.9000 0.0000
-387.4720 0.0000
-387.2961 0.0000
-387.1607 0.0000
-384.9834 0.0000
-385.9197 0.0000
-386.6017 0.0000
-387.7236 0.0000
-389.1828 0.0000
-389.5036 0.0000
-390.8486 0.0000
-390.4644 0.0000
-389.9634 0.0000
-387.5570 0.0000
-387.8356 0.0000
-387.0910 0.0000
-386.6870 0.0000
-386.2559 0.0000
-386.7566 0.0000
-384.6412 0.0000
-386.1278 0.0000
-382.8165 0.0000
-381.7813 0.0000
-384.3426 0.0000
-385.9225 0.0000
-383.2112 0.0000
-380.2195 0.0000
-380.3164 0.0000
-379.4967 0.0000
-382.0105 0.0000
-379.5455 0.0000
-378.0878 0.0000
-379.4917 0.0000
-383.0769 0.0000
-385.8345 0.0000
-386.8257 0.0000
-384.3611 0.0000
-384.9858 0.0000
-383.8276 0.0000
-387.5380 0.0000
-389.6019 0.0000
-385.9571 0.0000
-385.9835 0.0000
-388.5504 0.0000
-386.6268 0.0000
-388.3511 0.0000
-389.0149 0.0000
-388.9786 0.0000
-388.1633 0.0000
-388.7088 0.0000
-389.6768 0.0000
-392.6179 0.0000
-394.6905 0.0000
-393.9673 0.0000
-392.9119 0.0000
-392.1576 0.0000
-392.0873 0.0000
-391.7014 0.0000
-391.2470 0.0000
-389.3102 0.0000
-391.1633 0.0000
-392.3234 0.0000
-390.8047 0.0000
-390.9616 0.0000
-393.3705 0.0000
-388.2378 0.0000
-389.2375 0.0000
-389.6794 0.0000
-385.9943 0.0000
-385.9683 0.0000
-386.1418 0.0000
-384.9694 0.0000
-383.9161 0.0000
-386.5787 0.0000
-383.6014 0.0000
-387.7498 0.0000
-389.9090 0.0000
-387.2411 0.0000
-388.4278 0.0000
-389.1304 0.0000
-385.3248 0.0000
-389.5953 0.0000
-386.1657 0.0000
-389.4718 0.0000
-387.5639 0.0000
-391.4104 0.0000
-391.5386 0.0000
-389.1902 0.0000
-391.4990 0.0000
-388.8685 0.0000
-390.2564 0.0000
-392.1685 0.0000
-391.3157 0.0000
-391.3187 0.0000
-391.4405 0.0000
-390.8600 0.0000
-391.0462 0.0000
-388.6596 0.0000
-389.8131 0.0000
-388.1430 0.0000
-388.5365 0.0000
-387.9306 0.0000
-387.8559 0.0000
-388.7860 0.0000
-390.9027 0.0000
-388.6158 0.0000
-388.0916 0.0000
-387.7761 0.0000
-390.2973 0.0000
-388.9004 0.0000
-390.8866 0.0000
-388.2423 0.0000
-384.4101 0.0000
-386.1029 0.0000
-384.8493 0.0000
-382.9226 0.0000
-383.0054 0.0000
-384.5044 0.0000
-384.9577 0.0000
-383.9139 0.0000
-383.8007 0.0000
-382.8736 0.0000
-382.8792 0.0000
-383.7387 0.0000
-381.6131 0.0000
-380.6850 0.0000
-380.3207 0.0000
-378.4021 0.0000
-381.1688 0.0000
-380.0606 0.0000
-381.2990 0.0000
-381.1741 0.0000
-381.8574 0.0000
-380.9614 0.0000
-379.9294 0.0000
-384.0561 0.0000
-378.6347 0.0000
-379.5980 0.0000
-377.8015 0.0000
-379.0040 0.0000
-378.7444 0.0000
-376.1347 0.0000
-375.9693 0.0000
-376.5596 0.0000
-376.7695 0.0000
-375.2061 0.0000
-376.3229 0.0000
-376.9259 0.0000
-376.8307 0.0000
-377.9073 0.0000
-378.8222 0.0000
-378.3442 0.0000
-376.7164 0.0000
-374.3531 0.0000
-375.7638 0.0000
-376.0524 0.0000
-376.2175 0.0000
-374.1893 0.0000
-379.3718 0.0000
-375.9589 0.0000
-376.4287 0.0000
-377.6606 0.0000
-376.8549 0.0000
-375.9098 0.0000
-376.0893 0.0000
-375.1958 0.0000
-372.7481 0.0000
-377.7409 0.0000
-377.7767 0.0000
-377.7187 0.0000
-378.4511 0.0000
-376.1535 0.0000
-374.5854 0.0000
-378.4838 0.0000
-377.2954 0.0000
-377.7405 0.0000
-378.3374 0.0000
-376.2576 0.0000
-377.8686 0.0000
-376.4873 0.0000
-375.5254 0.0000
-376.8263 0.0000
-377.7586 0.0000
-380.1724 0.0000
-379.6202 0.0000
-379.6629 0.0000
-379.9097 0.0000
-382.0688 0.0000
-381.1942 0.0000
-381.1289 0.0000
-379.2904 0.0000
-380.9340 0.0000
-377.3684 0.0000
-378.3328 0.0000
-377.3027 0.0000
-379.3780 0.0000
-379.2254 0.0000
-379.5945 0.0000
-379.6503 0.0000
-379.2177 0.0000
-380.8848 0.0000
-379.0942 0.0000
-380.8223 0.0000
-382.8550 0.0000
-380.8920 0.0000
-382.0358 0.0000
-382.1846 0.0000
-384.6332 0.0000
-382.7076 0.0000
-380.6385 0.0000
-377.5216 0.0000
-377.7814 0.0000
-375.6127 0.0000
-376.8050 0.0000
-376.4478 0.0000
-372.2133 0.0000
-373.2819 0.0000
-372.3560 0.0000
-374.8270 0.0000
-377.8659 0.0000
-379.1526 0.0000
-376.6048 0.0000
-378.6020 0.0000
-379.8265 0.0000
-381.0897 0.0000
-379.6741 0.0000
-381.3163 0.0000
-381.8550 0.0000
-381.0029 0.0000
-379.8537 0.0000
-379.7114 0.0000
-381.5177 0.0000
-382.5837 0.0000
-382.2934 0.0000
-383.4063 0.0000
-383.1024 0.0000
-387.8481 0.0000
-388.3583 0.0000
-389.6589 0.0000
-387.6494 0.0000
-387.5510 0.0000
-386.9154 0.0000
-390.2476 0.0000
-388.2581 0.0000
-386.0037 0.0000
-386.1485 0.0000
-385.5906 0.0000
-384.7735 0.0000
-385.0440 0.0000
-380.9286 0.0000
-380.9997 0.0000
-385.6011 0.0000
-380.5573 0.0000
-379.1317 0.0000
-379.6858 0.0000
-379.7691 0.0000
-379.2592 0.0000
-379.2365 0.0000
-381.4240 0.0000
-378.3623 0.0000
-379.1523 0.0000
-378.8635 0.0000
-374.6677 0.0000
-375.0689 0.0000
-373.5893 0.0000
-373.5577 0.0000
-373.0886 0.0000
-371.1099 0.0000
-372.1639 0.0000
-370.6186 0.0000
-371.6732 0.0000
-372.6550 0.0000
-371.0463 0.0000
-369.5823 0.0000
-368.2135 0.0000
-368.7119 0.0000
-367.9289 0.0000
-366.8009 0.0000
-366.4456 0.0000
-364.2102 0.0000
-365.8883 0.0000
-365.6857 0.0000
-365.3924 0.0000
-365.1847 0.0000
-365.0575 0.0000
-365.6669 0.0000
-365.2720 0.0000
-364.5616 0.0000
-362.6076 0.0000
-361.9364 0.0000
-360.5131 0.0000
-360.6961 0.0000
-361.1210 0.0000
-361.6085 0.0000
-360.3934 0.0000
-359.9130 0.0000
-361.3579 0.0000
-361.4456 0.0000
-362.0344 0.0000
-363.7678 0.0000
-362.5056 0.0000
-363.7063 0.0000
-362.1231 0.0000
-362.6024 0.0000
-361.2124 0.0000
-361.7745 0.0000
-362.9329 0.0000
-362.8888 0.0000
-362.2080 0.0000
-363.2956 0.0000
-362.8216 0.0000
-362.7245 0.0000
-363.4984 0.0000
-363.1717 0.0000
-363.1616 0.0000
-363.9880 0.0000
-361.9355 0.0000
-361.6993 0.0000
-361.3547 0.0000
-359.6484 0.0000
-358.7213 0.0000
-358.6256 0.0000
-358.5167 0.0000
-356.9176 0.0000
-356.5155 0.0000
-357.4752 0.0000
-357.5537 0.0000
-357.6086 0.0000
-357.9385 0.0000
-357.9982 0.0000
-357.7931 0.0000
-356.6185 0.0000
-356.1487 0.0000
-354.5620 0.0000
-355.2997 0.0000
-354.3862 0.0000
-352.7364 0.0000
-352.7993 0.0000
-352.4108 0.0000
-353.3332 0.0000
-352.0282 0.0000
-353.3186 0.0000
-353.6702 0.0000
-353.2513 0.0000
-352.7079 0.0000
-353.7894 0.0000
-353.3463 0.0000
-352.8038 0.0000
-353.4204 0.0000
-352.9797 0.0000
-351.9763 0.0000
-351.0352 0.0000
-349.9576 0.0000
-349.1503 0.0000
-350.1014 0.0000
-348.9970 0.0000
-348.6756 0.0000
-348.8558 0.0000
-349.0606 0.0000
-348.9136 0.0000
-348.3674 0.0000
-348.6849 0.0000
-348.0065 0.0000
-348.9941 0.0000
-348.3580 0.0000
-347.4977 0.0000
-347.7629 0.0000
-347.7125 0.0000
-348.1215 0.0000
-348.3871 0.0000
-349.5811 0.0000
-348.9357 0.0000
-349.4330 0.0000
-349.1685 0.0000
-349.5889 0.0000
-349.6192 0.0000
-349.8855 0.0000
-351.3523 0.0000
-350.7276 0.0000
-349.5023 0.0000
-349.8080 0.0000
-349.9296 0.0000
-348.7194 0.0000
-349.1503 0.0000
-348.6766 0.0000
-348.8458 0.0000
-349.6523 0.0000
-349.1655 0.0000
-349.6839 0.0000
-348.5432 0.0000
-349.8232 0.0000
-349.4798 0.0000
-349.0999 0.0000
-348.7934 0.0000
-348.4081 0.0000
-348.7447 0.0000
-349.4330 0.0000
-349.6071 0.0000
-349.0245 0.0000
-351.0445 0.0000
-349.1248 0.0000
-349.2725 0.0000
-349.3132 0.0000
-348.2795 0.0000
-349.9491 0.0000
-348.0558 0.0000
-348.4145 0.0000
-348.0833 0.0000
-347.3569 0.0000
-347.9359 0.0000
-348.0215 0.0000
-347.3749 0.0000
-346.9533 0.0000
-347.9809 0.0000
-347.2370 0.0000
-348.6042 0.0000
-347.9692 0.0000
-349.0544 0.0000
-348.1689 0.0000
-348.6012 0.0000
-349.6714 0.0000
-349.0388 0.0000
-349.9576 0.0000
-349.3576 0.0000
-350.0905 0.0000
-350.6554 0.0000
-351.8798 0.0000
-350.7479 0.0000
-351.5070 0.0000
-352.0846 0.0000
-349.7328 0.0000
-350.7611 0.0000
-349.6273 0.0000
-350.9191 0.0000
-351.8994 0.0000
-351.2083 0.0000
-350.5967 0.0000
-350.3525 0.0000
-351.1530 0.0000
-351.1524 0.0000
-351.8833 0.0000
-352.2041 0.0000
-350.3898 0.0000
-350.7029 0.0000
-350.1016 0.0000
-350.8393 0.0000
-350.5946 0.0000
-351.4462 0.0000
-352.1004 0.0000
-352.7193 0.0000
-355.2444 0.0000
-351.9049 0.0000
-351.6470 0.0000
-349.9016 0.0000
-349.3866 0.0000
-349.0221 0.0000
-349.1323 0.0000
-348.4603 0.0000
-348.8437 0.0000
-349.5352 0.0000
-349.9331 0.0000
-350.5309 0.0000
-350.2937 0.0000
-350.7712 0.0000
-351.5876 0.0000
-351.2320 0.0000
-351.4155 0.0000
-350.6632 0.0000
-350.7079 0.0000
-350.6157 0.0000
-350.3848 0.0000
-349.3373 0.0000
-349.6373 0.0000
-350.8655 0.0000
-348.4176 0.0000
-347.9049 0.0000
-348.5596 0.0000
-348.5964 0.0000
-347.7160 0.0000
-348.7407 0.0000
-347.7066 0.0000
-347.1767 0.0000
-348.4313 0.0000
-349.1978 0.0000
-348.6197 0.0000
-349.5213 0.0000
-350.1251 0.0000
-350.8964 0.0000
-349.6361 0.0000
-349.0844 0.0000
-350.1883 0.0000
-349.8183 0.0000
-349.3612 0.0000
-350.4635 0.0000
-351.7784 0.0000
-348.9143 0.0000
-349.3959 0.0000
-348.2548 0.0000
-350.5790 0.0000
-350.1818 0.0000
-351.0034 0.0000
-349.5727 0.0000
-349.8534 0.0000
-350.6503 0.0000
-351.3814 0.0000
-351.5426 0.0000
-352.9004 0.0000
-352.9822 0.0000
-354.8300 0.0000
-355.4507 0.0000
-354.1467 0.0000
-353.5421 0.0000
-353.1652 0.0000
-352.4864 0.0000
-355.1625 0.0000
-354.1647 0.0000
-352.5165 0.0000
-353.4320 0.0000
-352.8531 0.0000
-352.5853 0.0000
-353.2196 0.0000
-352.0291 0.0000
-353.4327 0.0000
-352.0637 0.0000
-352.3078 0.0000
-352.6548 0.0000
-352.9260 0.0000
-353.0066 0.0000
-353.6803 0.0000
-354.6844 0.0000
-354.7534 0.0000
-354.8895 0.0000
-353.6329 0.0000
-353.4587 0.0000
-352.9160 0.0000
-353.1868 0.0000
-351.2791 0.0000
-351.1894 0.0000
-351.4949 0.0000
-351.2380 0.0000
-351.4397 0.0000
-350.4456 0.0000
-352.0959 0.0000
-351.5329 0.0000
-349.3591 0.0000
-351.1086 0.0000
-350.4998 0.0000
-351.4234 0.0000
-353.1148 0.0000
-351.9829 0.0000
-351.9013 0.0000
-352.5038 0.0000
-352.1353 0.0000
-353.0383 0.0000
-353.1637 0.0000
-352.9171 0.0000
-353.2399 0.0000
-353.8847 0.0000
-352.6114 0.0000
-353.0025 0.0000
-352.9951 0.0000
-354.3931 0.0000
-356.5570 0.0000
-356.5135 0.0000
-357.5249 0.0000
-357.0457 0.0000
-356.8912 0.0000
-357.4953 0.0000
-357.1545 0.0000
-356.0694 0.0000
-356.9454 0.0000
-358.8215 0.0000
-358.7761 0.0000
-359.7807 0.0000
-359.7058 0.0000
-358.3363 0.0000
-359.4110 0.0000
-358.9817 0.0000
-361.2003 0.0000
-357.9312 0.0000
-358.4156 0.0000
-358.9398 0.0000
-359.2627 0.0000
-359.9246 0.0000
-359.6948 0.0000
-358.4554 0.0000
-358.7334 0.0000
-359.7701 0.0000
-357.8552 0.0000
-357.8199 0.0000
-358.1509 0.0000
-357.9332 0.0000
-358.8964 0.0000
-357.1021 0.0000
-354.5943 0.0000
-354.0860 0.0000
-355.2280 0.0000
-352.7854 0.0000
-354.5385 0.0000
-355.3663 0.0000
-354.2749 0.0000
-355.3471 0.0000
-355.0025 0.0000
-355.7471 0.0000
-355.0947 0.0000
-355.4529 0.0000
-357.4133 0.0000
-357.6043 0.0000
-356.8398 0.0000
-359.3588 0.0000
-357.8850 0.0000
-355.3179 0.0000
-357.5615 0.0000
-355.3274 0.0000
-353.2742 0.0000
-352.1859 0.0000
-353.4458 0.0000
-353.3647 0.0000
-353.9821 0.0000
-353.5429 0.0000
-353.4708 0.0000
-353.4546 0.0000
-354.1007 0.0000
-353.5663 0.0000
-353.0721 0.0000
-353.5266 0.0000
-352.7079 0.0000
-352.8989 0.0000
-352.5450 0.0000
-351.3259 0.0000
-351.3826 0.0000
-351.0154 0.0000
-350.0813 0.0000
-350.0681 0.0000
-349.7651 0.0000
-350.1292 0.0000
-349.9428 0.0000
-350.1306 0.0000
-350.3313 0.0000
-351.8869 0.0000
-352.4932 0.0000
-352.2036 0.0000
-352.5685 0.0000
-352.6684 0.0000
-352.9913 0.0000
-352.5107 0.0000
-352.8300 0.0000
-351.9006 0.0000
-351.4877 0.0000
-351.6037 0.0000
-352.6936 0.0000
-354.0374 0.0000
-354.1639 0.0000
-354.0998 0.0000
-353.3752 0.0000
-353.9058 0.0000
-353.5473 0.0000
-355.4919 0.0000
-355.5628 0.0000
-354.2835 0.0000
-355.3459 0.0000
-354.6491 0.0000
-356.6193 0.0000
-355.9117 0.0000
-355.5490 0.0000
-355.4195 0.0000
-354.5599 0.0000
-354.0906 0.0000
-353.6943 0.0000
-352.6949 0.0000
-352.4861 0.0000
-352.7128 0.0000
-350.5528 0.0000
-350.0196 0.0000
-350.8204 0.0000
-349.7129 0.0000
-350.2388 0.0000
-349.1370 0.0000
-348.6981 0.0000
-349.8927 0.0000
-349.6049 0.0000
-349.6044 0.0000
-350.2031 0.0000
-350.6072 0.0000
-350.3749 0.0000
-350.8209 0.0000
-350.6941 0.0000
-349.8587 0.0000
-350.4571 0.0000
-349.6544 0.0000
-350.3794 0.0000
-350.6461 0.0000
-350.8475 0.0000
-350.5726 0.0000
-349.9633 0.0000
-350.7449 0.0000
-350.7073 0.0000
-351.5035 0.0000
-351.2298 0.0000
-351.1639 0.0000
-349.4580 0.0000
-349.4259 0.0000
-348.5823 0.0000
-349.3129 0.0000
-348.3825 0.0000
-348.0324 0.0000
-348.1858 0.0000
-347.8372 0.0000
-347.6524 0.0000
-348.3664 0.0000
-347.3509 0.0000
-346.7770 0.0000
-346.7449 0.0000
-347.9246 0.0000
-347.5526 0.0000
-348.0274 0.0000
-348.4929 0.0000
-348.9924 0.0000
-348.2798 0.0000
-349.0708 0.0000
-348.5756 0.0000
-349.7892 0.0000
-350.0892 0.0000
-349.7612 0.0000
-350.0977 0.0000
-349.9158 0.0000
-349.9456 0.0000
-349.7813 0.0000
-349.4605 0.0000
-349.9271 0.0000
-348.7916 0.0000
-349.3660 0.0000
-350.7881 0.0000
-350.2618 0.0000
-350.4796 0.0000
-350.4982 0.0000
-352.1771 0.0000
-349.6024 0.0000
-350.2980 0.0000
-351.0498 0.0000
-351.3496 0.0000
-351.3125 0.0000
-350.8645 0.0000
-350.2085 0.0000
-349.5082 0.0000
-349.1909 0.0000
-348.4614 0.0000
-348.5122 0.0000
-349.4751 0.0000
-348.1397 0.0000
-348.5735 0.0000
-348.7275 0.0000
-348.0603 0.0000
-348.3913 0.0000
-348.6246 0.0000
-349.0185 0.0000
-348.4326 0.0000
-347.7765 0.0000
-348.1800 0.0000
-348.1767 0.0000
-348.9301 0.0000
-349.2535 0.0000
-348.8694 0.0000
-348.7860 0.0000
-348.8400 0.0000
-349.0945 0.0000
-349.2188 0.0000
-349.3776 0.0000
-349.2164 0.0000
-349.1706 0.0000
-348.9760 0.0000
-348.7363 0.0000
-348.1214 0.0000
-348.6883 0.0000
-349.4998 0.0000
-348.4631 0.0000
-348.2142 0.0000
-348.9728 0.0000
-350.0833 0.0000
-349.5307 0.0000
-349.3498 0.0000
-348.9287 0.0000
-348.3313 0.0000
-347.9956 0.0000
-348.2754 0.0000
-347.8138 0.0000
-347.6003 0.0000
-348.4530 0.0000
-347.3670 0.0000
-348.1248 0.0000
-348.9108 0.0000
-347.6562 0.0000
-347.6699 0.0000
-348.1268 0.0000
-348.4625 0.0000
-347.9116 0.0000
-347.9902 0.0000
-347.4854 0.0000
-348.0421 0.0000
-347.3664 0.0000
-347.0142 0.0000
-347.9150 0.0000
-347.7096 0.0000
-347.6278 0.0000
-347.1890 0.0000
-346.7364 0.0000
-347.2644 0.0000
-346.7454 0.0000
-346.4109 0.0000
-346.1320 0.0000
-346.3685 0.0000
-347.0272 0.0000
-346.2987 0.0000
-347.0763 0.0000
-346.2422 0.0000
-346.2660 0.0000
-345.6628 0.0000
-346.7850 0.0000
-346.1288 0.0000
-347.2661 0.0000
-346.2469 0.0000
-346.0389 0.0000
-347.0503 0.0000
-345.8001 0.0000
-346.3814 0.0000
-346.6744 0.0000
-346.6931 0.0000
-347.1935 0.0000
-347.4220 0.0000
-346.8816 0.0000
-347.8889 0.0000
-346.7102 0.0000
-346.5668 0.0000
-346.5633 0.0000
-347.5555 0.0000
-346.3551 0.0000
-346.1740 0.0000
-345.6376 0.0000
-346.1810 0.0000
-345.5114 0.0000
-345.7544 0.0000
-345.6432 0.0000
-345.8341 0.0000
-345.5735 0.0000
-345.6016 0.0000
-345.4585 0.0000
-345.7135 0.0000
-345.7069 0.0000
-345.9038 0.0000
-346.0094 0.0000
-346.2209 0.0000
-346.5055 0.0000
-346.2328 0.0000
-346.4075 0.0000
-345.7582 0.0000
-345.6635 0.0000
-345.3320 0.0000
-345.2845 0.0000
-345.7860 0.0000
-345.5393 0.0000
-345.6205 0.0000
-345.4108 0.0000
-345.5891 0.0000
-346.0290 0.0000
-346.2119 0.0000
-346.0890 0.0000
-346.0555 0.0000
-345.9241 0.0000
-346.8615 0.0000
-346.1257 0.0000
-346.4672 0.0000
-346.7038 0.0000
-346.6657 0.0000
-346.7059 0.0000
-346.4007 0.0000
-345.6307 0.0000
-346.0004 0.0000
-345.2981 0.0000
-345.7769 0.0000
-346.2212 0.0000
-346.3343 0.0000
-346.0507 0.0000
-346.0235 0.0000
-345.8223 0.0000
-345.8510 0.0000
-346.0547 0.0000
-345.6701 0.0000
-345.4655 0.0000
-345.2760 0.0000
-345.7319 0.0000
-345.0357 0.0000
-345.7259 0.0000
-345.9828 0.0000
-345.6902 0.0000
-345.5714 0.0000
-345.0660 0.0000
-344.8048 0.0000
-345.1876 0.0000
-344.4697 0.0000
-345.1098 0.0000
-344.3723 0.0000
-344.0783 0.0000
-344.2777 0.0000
-343.8966 0.0000
-344.1873 0.0000
-344.8694 0.0000
-343.5899 0.0000
-344.1939 0.0000
-343.8814 0.0000
-343.4369 0.0000
-343.4442 0.0000
-343.3908 0.0000
-343.5171 0.0000
-343.0784 0.0000
-343.3792 0.0000
-343.7312 0.0000
-343.7828 0.0000
-343.2650 0.0000
-343.7292 0.0000
-343.1069 0.0000
-343.0252 0.0000
-342.5751 0.0000
-343.2897 0.0000
-343.1803 0.0000
-343.2397 0.0000
-342.9984 0.0000
-343.0520 0.0000
-342.8134 0.0000
-343.0828 0.0000
-342.8269 0.0000
-342.7709 0.0000
-342.8724 0.0000
-343.6011 0.0000
-342.8788 0.0000
-342.8578 0.0000
-342.1821 0.0000
-342.0241 0.0000
-342.3394 0.0000
-342.7191 0.0000
-341.9858 0.0000
-341.8958 0.0000
-342.2383 0.0000
-342.3146 0.0000
-342.3968 0.0000
-342.7777 0.0000
-342.4837 0.0000
-342.6835 0.0000
-342.8679 0.0000
-342.9728 0.0000
-342.8831 0.0000
-342.8116 0.0000
-343.0716 0.0000
-342.6804 0.0000
-342.4198 0.0000
-342.5792 0.0000
-342.2996 0.0000
-342.1799 0.0000
-342.3823 0.0000
-342.1230 0.0000
-342.0140 0.0000
-342.4487 0.0000
-342.8039 0.0000
-342.4576 0.0000
-342.6601 0.0000
-342.4796 0.0000
-342.2963 0.0000
-342.0968 0.0000
-342.0408 0.0000
-341.8843 0.0000
-341.5609 0.0000
-341.8022 0.0000
-342.2423 0.0000
-342.8224 0.0000
-341.7225 0.0000
-341.5834 0.0000
-341.6948 0.0000
-341.5382 0.0000
-341.4848 0.0000
-342.1400 0.0000
-341.4110 0.0000
-341.4296 0.0000
-341.0773 0.0000
-341.5109 0.0000
-341.4547 0.0000
-340.9394 0.0000
-340.8242 0.0000
-340.7984 0.0000
-340.4586 0.0000
-340.7445 0.0000
-340.6706 0.0000
-340.8737 0.0000
-340.7636 0.0000
-340.5665 0.0000
-340.6682 0.0000
-340.6291 0.0000
-340.6802 0.0000
-340.7788 0.0000
-340.6895 0.0000
-340.7015 0.0000
-340.6956 0.0000
-340.5118 0.0000
-340.5390 0.0000
-340.5756 0.0000
-340.7830 0.0000
-340.6975 0.0000
-340.7635 0.0000
-340.4599 0.0000
-340.6361 0.0000
-340.7210 0.0000
-340.5439 0.0000
-340.6053 0.0000
-340.5526 0.0000
-340.4534 0.0000
-340.5995 0.0000
-340.5479 0.0000
-340.4074 0.0000
-340.6859 0.0000
-340.2074 0.0000
-340.3435 0.0000
-340.6901 0.0000
-340.3928 0.0000
-340.4928 0.0000
-340.4541 0.0000
-340.6195 0.0000
-340.7727 0.0000
-340.9163 0.0000
-340.8363 0.0000
-340.8069 0.0000
-340.8898 0.0000
-340.8167 0.0000
-340.7829 0.0000
-340.7062 0.0000
-340.7579 0.0000
-340.7473 0.0000
-340.7414 0.0000
-340.5076 0.0000
-340.7627 0.0000
-340.6799 0.0000
-340.8705 0.0000
-340.7145 0.0000
-340.7628 0.0000
-340.6445 0.0000
-340.5137 0.0000
-340.5715 0.0000
-340.5504 0.0000
-340.5777 0.0000
-340.6018 0.0000
-340.6919 0.0000
-340.4707 0.0000
-340.4628 0.0000
-340.4405 0.0000
-340.5625 0.0000
-340.2572 0.0000
-340.3594 0.0000
-340.4746 0.0000
-340.3205 0.0000
-340.5129 0.0000
-340.4971 0.0000
-340.5686 0.0000
-340.5383 0.0000
-340.4391 0.0000
-340.2138 0.0000
-340.2367 0.0000
-340.2690 0.0000
-340.1140 0.0000
-340.2663 0.0000
-340.2096 0.0000
-340.2620 0.0000
-340.2373 0.0000
-340.2440 0.0000
-340.6091 0.0000
-340.4972 0.0000
-340.2943 0.0000
-340.4401 0.0000
-340.5652 0.0000
-340.5766 0.0000
-340.3407 0.0000
-340.6594 0.0000
-340.7047 0.0000
-340.5952 0.0000
-340.6054 0.0000
-340.5974 0.0000
-340.4039 0.0000
-340.6466 0.0000
-340.5838 0.0000
-340.6453 0.0000
-340.7061 0.0000
-340.7324 0.0000
-340.7877 0.0000
-340.5910 0.0000
-340.4457 0.0000
-340.5420 0.0000
-340.5063 0.0000
-340.4821 0.0000
-340.3783 0.0000
-340.5852 0.0000
-340.3151 0.0000
-340.3133 0.0000
-339.9745 0.0000
-340.3098 0.0000
-340.2782 0.0000
-340.4041 0.0000
-340.3706 0.0000
-340.2193 0.0000
-340.2630 0.0000
-340.1102 0.0000
-340.2297 0.0000
-340.2296 0.0000
-340.2318 0.0000
-340.2872 0.0000
-340.1827 0.0000
-340.2778 0.0000
-340.2945 0.0000
-340.1026 0.0000
-340.3966 0.0000
-340.2313 0.0000
-340.1574 0.0000
-340.2551 0.0000
-340.3511 0.0000
-340.6136 0.0000
-341.0237 0.0000
-340.6165 0.0000
-340.3109 0.0000
-340.6077 0.0000
-340.7865 0.0000
-340.3404 0.0000
-340.2615 0.0000
-340.4373 0.0000
-340.2594 0.0000
-340.2613 0.0000
-340.6983 0.0000
-340.8062 0.0000
-340.7081 0.0000
-340.5399 0.0000
-340.5638 0.0000
-340.8839 0.0000
-340.5246 0.0000
-340.1166 0.0000
-340.2928 0.0000
-340.1549 0.0000
-340.3361 0.0000
-339.8824 0.0000
-340.3353 0.0000
-340.5222 0.0000
-340.2009 0.0000
-340.7283 0.0000
-340.3559 0.0000
-340.3249 0.0000
-340.1570 0.0000
-340.5464 0.0000
-340.3037 0.0000
-340.6116 0.0000
-340.4637 0.0000
-340.2651 0.0000
-340.2703 0.0000
-340.3865 0.0000
-340.2092 0.0000
-340.1161 0.0000
-340.1144 0.0000
-340.4255 0.0000
-340.2120 0.0000
-340.0454 0.0000
-339.8524 0.0000
-339.7757 0.0000
-339.9470 0.0000
-339.9449 0.0000
-339.9093 0.0000
-339.6801 0.0000
-339.8842 0.0000
-339.6359 0.0000
-339.5281 0.0000
-339.5167 0.0000
-339.6919 0.0000
-339.6754 0.0000
-339.5553 0.0000
-339.8111 0.0000
-339.6614 0.0000
-339.9331 0.0000
-339.7559 0.0000
-339.7363 0.0000
-339.5312 0.0000
-339.7118 0.0000
-339.6637 0.0000
-339.6237 0.0000
-339.6744 0.0000
-339.4058 0.0000
-339.5481 0.0000
-339.8462 0.0000
-339.7998 0.0000
-339.8953 0.0000
-340.0233 0.0000
-340.0886 0.0000
-339.9332 0.0000
-339.7687 0.0000
-339.9182 0.0000
-340.0593 0.0000
-339.9893 0.0000
-340.0501 0.0000
-339.9895 0.0000
-340.0116 0.0000
-339.7408 0.0000
-339.9522 0.0000
-339.8553 0.0000
-339.7463 0.0000
-339.5071 0.0000
-339.3842 0.0000
-339.5551 0.0000
-339.4657 0.0000
-339.5254 0.0000
-339.4991 0.0000
-339.5270 0.0000
-339.6037 0.0000
-339.6806 0.0000
-340.0886 0.0000
-339.5789 0.0000
-339.6389 0.0000
-339.7441 0.0000
-339.7388 0.0000
-339.5508 0.0000
-339.6746 0.0000
-339.2088 0.0000
-339.6150 0.0000
-339.7458 0.0000
-339.6817 0.0000
-339.8910 0.0000
-339.7933 0.0000
-339.4979 0.0000
-339.4617 0.0000
-339.4414 0.0000
-339.6424 0.0000
-339.4028 0.0000
-339.4431 0.0000
-339.0164 0.0000
-339.1849 0.0000
-339.2163 0.0000
-339.2450 0.0000
-339.1412 0.0000
-339.1980 0.0000
-339.1993 0.0000
-339.6487 0.0000
-339.1883 0.0000
-338.8898 0.0000
-338.8987 0.0000
-338.4197 0.0000
-338.8080 0.0000
-339.0646 0.0000
-338.9051 0.0000
-338.8552 0.0000
-338.6761 0.0000
-338.7938 0.0000
-339.0557 0.0000
-338.7706 0.0000
-338.7362 0.0000
-338.8105 0.0000
-338.8796 0.0000
-338.7900 0.0000
-338.7093 0.0000
-338.7120 0.0000
-338.7472 0.0000
-338.7243 0.0000
-338.6280 0.0000
-338.6493 0.0000
-338.8050 0.0000
-338.5552 0.0000
-338.6391 0.0000
-338.7357 0.0000
-338.4220 0.0000
-338.6165 0.0000
-338.3228 0.0000
-338.1962 0.0000
-338.0286 0.0000
-338.2191 0.0000
-338.1288 0.0000
-338.0344 0.0000
-337.9321 0.0000
-337.8386 0.0000
-338.0064 0.0000
-338.0338 0.0000
-338.0646 0.0000
-337.9664 0.0000
-337.7128 0.0000
-338.3562 0.0000
-338.2727 0.0000
-338.1728 0.0000
-338.4294 0.0000
-338.0614 0.0000
-338.1449 0.0000
-338.1495 0.0000
-337.9449 0.0000
-338.1314 0.0000
-337.9030 0.0000
-338.0190 0.0000
-337.7906 0.0000
-337.4382 0.0000
-337.9031 0.0000
-337.6710 0.0000
-337.7637 0.0000
-337.6827 0.0000
-337.5359 0.0000
-337.9599 0.0000
-338.1931 0.0000
-337.8880 0.0000
-337.8012 0.0000
-338.1953 0.0000
-337.8917 0.0000
-337.6322 0.0000
-337.5719 0.0000
-337.5945 0.0000
-337.8890 0.0000
-337.7551 0.0000
-337.3446 0.0000
-337.9219 0.0000
-337.5663 0.0000
-336.9402 0.0000
-337.5355 0.0000
-336.8772 0.0000
-337.0656 0.0000
-336.7081 0.0000
-336.7555 0.0000
-336.8711 0.0000
-336.6843 0.0000
-336.3516 0.0000
-336.5663 0.0000
-336.6750 0.0000
-336.5227 0.0000
-336.9084 0.0000
-337.1378 0.0000
-337.3476 0.0000
-337.5000 0.0000
-337.2711 0.0000
-337.2774 0.0000
-337.3665 0.0000
-337.6893 0.0000
-337.4202 0.0000
-337.3134 0.0000
-337.6376 0.0000
-337.1751 0.0000
-337.3692 0.0000
-337.0516 0.0000
-336.7454 0.0000
-337.0505 0.0000
-336.9136 0.0000
-336.6025 0.0000
-336.6795 0.0000
-336.6771 0.0000
-337.0052 0.0000
-336.9786 0.0000
-337.3364 0.0000
-336.8996 0.0000
-336.6848 0.0000
-336.5951 0.0000
-336.3487 0.0000
-336.9801 0.0000
-336.3421 0.0000
-337.0486 0.0000
-336.8063 0.0000
-337.2540 0.0000
-336.9611 0.0000
-336.5997 0.0000
-336.5682 0.0000
-336.8233 0.0000
-336.3420 0.0000
-336.4255 0.0000
-336.5955 0.0000
-336.2957 0.0000
-336.2950 0.0000
-336.6702 0.0000
-336.1479 0.0000
-336.4061 0.0000
-336.5516 0.0000
-336.5700 0.0000
-336.0930 0.0000
-336.3576 0.0000
-336.2656 0.0000
-336.6468 0.0000
-336.8575 0.0000
-336.8181 0.0000
-336.6213 0.0000
-337.2041 0.0000
-336.3543 0.0000
-336.5994 0.0000
-336.4522 0.0000
-336.5424 0.0000
-336.3201 0.0000
-336.2134 0.0000
-336.0751 0.0000
-335.9671 0.0000
-336.4630 0.0000
-336.1443 0.0000
-335.9844 0.0000
-335.5709 0.0000
-335.5619 0.0000
-335.4472 0.0000
-335.9730 0.0000
-335.9190 0.0000
-335.7366 0.0000
-335.6550 0.0000
-334.9540 0.0000
-334.6098 0.0000
-335.1790 0.0000
-335.0762 0.0000
-335.5361 0.0000
-335.7376 0.0000
-335.3713 0.0000
-335.2517 0.0000
-335.7377 0.0000
-335.5232 0.0000
-336.1257 0.0000
-335.5870 0.0000
-335.6770 0.0000
-335.6400 0.0000
-335.6964 0.0000
-335.8520 0.0000
-336.0720 0.0000
-336.0793 0.0000
-335.1511 0.0000
-335.4926 0.0000
-335.7120 0.0000
-336.0051 0.0000
-335.5019 0.0000
-335.2671 0.0000
-335.5846 0.0000
-335.3475 0.0000
-335.6535 0.0000
-335.8719 0.0000
-335.8511 0.0000
-335.6833 0.0000
-335.3716 0.0000
-335.8141 0.0000
-335.4541 0.0000
-335.8626 0.0000
-335.9132 0.0000
-336.2765 0.0000
-336.2278 0.0000
-335.7831 0.0000
-336.2996 0.0000
-335.5694 0.0000
-335.9829 0.0000
-335.5921 0.0000
-335.8833 0.0000
-335.7954 0.0000
-335.6085 0.0000
-335.7581 0.0000
-335.2312 0.0000
-335.4089 0.0000
-335.4494 0.0000
-335.1947 0.0000
-334.9280 0.0000
-335.3452 0.0000
-335.3005 0.0000
-335.0642 0.0000
-335.0617 0.0000
-334.6613 0.0000
-335.2583 0.0000
-335.6724 0.0000
-335.9336 0.0000
-336.0219 0.0000
-335.8413 0.0000
-335.9650 0.0000
-335.1752 0.0000
-334.8732 0.0000
-335.1469 0.0000
-335.6505 0.0000
-335.6753 0.0000
-335.5742 0.0000
-335.4765 0.0000
-335.4702 0.0000
-335.3982 0.0000
-335.6139 0.0000
-335.7751 0.0000
-335.5044 0.0000
-335.3573 0.0000
-335.3443 0.0000
-335.4326 0.0000
-335.2916 0.0000
-335.7462 0.0000
-335.5837 0.0000
-336.0716 0.0000
-335.9704 0.0000
-336.6122 0.0000
-336.2037 0.0000
-336.5384 0.0000
-336.1953 0.0000
-336.3607 0.0000
-336.4571 0.0000
-336.3262 0.0000
-336.5572 0.0000
-336.4085 0.0000
-336.2706 0.0000
-335.9471 0.0000
-335.6148 0.0000
-335.5301 0.0000
-335.7909 0.0000
-335.6470 0.0000
-335.7805 0.0000
-336.1405 0.0000
-336.1477 0.0000
-336.1960 0.0000
-335.8966 0.0000
-335.4752 0.0000
-335.7568 0.0000
-335.5800 0.0000
-335.4259 0.0000
-335.7245 0.0000
-335.6433 0.0000
-335.6166 0.0000
-335.5755 0.0000
-335.2200 0.0000
-335.1290 0.0000
-335.0141 0.0000
-334.9125 0.0000
-335.1689 0.0000
-334.3555 0.0000
-334.3330 0.0000
-334.3530 0.0000
-334.9690 0.0000
-334.0513 0.0000
-334.1658 0.0000
-334.1414 0.0000
-334.6270 0.0000
-334.1091 0.0000
-334.4834 0.0000
-334.6503 0.0000
-334.4309 0.0000
-334.5760 0.0000
-334.3713 0.0000
-333.9284 0.0000
-333.7930 0.0000
-333.9574 0.0000
-334.2610 0.0000
-335.0581 0.0000
-334.7775 0.0000
-335.0536 0.0000
-334.9119 0.0000
-334.8969 0.0000
-335.2697 0.0000
-334.6183 0.0000
-334.1995 0.0000
-334.6340 0.0000
-334.3987 0.0000
-334.9167 0.0000
-334.9488 0.0000
-334.8518 0.0000
-335.1485 0.0000
-334.8339 0.0000
-335.1623 0.0000
-335.5952 0.0000
-335.4386 0.0000
-335.2877 0.0000
-335.2555 0.0000
-335.2237 0.0000
-335.1270 0.0000
-335.3532 0.0000
-335.5893 0.0000
-336.1191 0.0000
-336.0704 0.0000
-336.0680 0.0000
-335.9892 0.0000
-336.4455 0.0000
-335.9004 0.0000
-336.0772 0.0000
-336.0922 0.0000
-335.9231 0.0000
-335.7962 0.0000
-336.0998 0.0000
-336.0425 0.0000
-335.8999 0.0000
-336.0044 0.0000
-335.7808 0.0000
-335.5238 0.0000
-335.5770 0.0000
-335.3975 0.0000
-335.3477 0.0000
-335.8017 0.0000
-335.4072 0.0000
-335.4142 0.0000
-335.1926 0.0000
-335.3354 0.0000
-335.5351 0.0000
-335.1931 0.0000
-335.0759 0.0000
-334.8036 0.0000
-335.0759 0.0000
-334.6158 0.0000
-334.9432 0.0000
-334.7870 0.0000
-334.2458 0.0000
-334.4911 0.0000
-334.7812 0.0000
-334.3814 0.0000
-334.7516 0.0000
-334.5006 0.0000
-334.0962 0.0000
-333.8281 0.0000
-335.0954 0.0000
-333.6401 0.0000
-333.8229 0.0000
-333.7187 0.0000
-334.0175 0.0000
-333.4572 0.0000
-333.4726 0.0000
-333.4480 0.0000
-332.6383 0.0000
-332.1233 0.0000
-332.4106 0.0000
-332.0209 0.0000
-332.1733 0.0000
-331.6690 0.0000
-332.2871 0.0000
-332.4364 0.0000
-331.5382 0.0000
-331.4551 0.0000
-331.3380 0.0000
-331.2109 0.0000
-331.0631 0.0000
-330.9333 0.0000
-330.8241 0.0000
-330.7278 0.0000
-331.0196 0.0000
-331.0829 0.0000
-331.3708 0.0000
-331.4261 0.0000
-330.6080 0.0000
-330.5628 0.0000
-330.0811 0.0000
-330.8385 0.0000
-330.4401 0.0000
-330.2935 0.0000
-330.8375 0.0000
-330.7513 0.0000
-330.2319 0.0000
-329.2387 0.0000
-330.6395 0.0000
-329.8188 0.0000
-330.5297 0.0000
-329.8233 0.0000
-329.5318 0.0000
-330.1711 0.0000
-330.3171 0.0000
-330.3725 0.0000
-330.5865 0.0000
-329.8828 0.0000
-330.6803 0.0000
-331.0419 0.0000
-331.2680 0.0000
-330.9354 0.0000
-331.3740 0.0000
-331.6217 0.0000
-330.8108 0.0000
-330.6990 0.0000
-331.1219 0.0000
-330.5991 0.0000
-331.4947 0.0000
-330.5496 0.0000
-331.1153 0.0000
-330.4941 0.0000
-330.8352 0.0000
-329.7664 0.0000
-330.0727 0.0000
-329.0996 0.0000
-329.3546 0.0000
-328.9774 0.0000
-328.4842 0.0000
-329.5154 0.0000
-328.7604 0.0000
-328.4006 0.0000
-328.7629 0.0000
-328.4542 0.0000
-329.0643 0.0000
-328.2947 0.0000
-328.0026 0.0000
-328.1770 0.0000
-327.9783 0.0000
-327.6447 0.0000
-327.6158 0.0000
-327.8627 0.0000
-327.3228 0.0000
-328.0442 0.0000
-328.0273 0.0000
-328.7624 0.0000
-328.9001 0.0000
-329.0026 0.0000
-328.5817 0.0000
-329.0914 0.0000
-328.5824 0.0000
-328.7679 0.0000
-328.9056 0.0000
-327.7119 0.0000
-327.8101 0.0000
-327.0549 0.0000
-328.2732 0.0000
-327.5854 0.0000
-327.4507 0.0000
-327.2892 0.0000
-326.3993 0.0000
-326.8587 0.0000
-326.6758 0.0000
-326.4516 0.0000
-326.2672 0.0000
-326.5345 0.0000
-326.9797 0.0000
-326.1903 0.0000
-325.8427 0.0000
-325.6171 0.0000
-325.6967 0.0000
-326.7405 0.0000
-327.1565 0.0000
-326.7430 0.0000
-327.4474 0.0000
-326.6034 0.0000
-326.2894 0.0000
-327.6587 0.0000
-326.9918 0.0000
-326.6595 0.0000
-326.8679 0.0000
-327.7242 0.0000
-326.7881 0.0000
-326.3191 0.0000
-326.7311 0.0000
-327.7917 0.0000
-326.4785 0.0000
-327.0017 0.0000
-325.9513 0.0000
-325.9762 0.0000
-325.7874 0.0000
-325.4835 0.0000
-325.7721 0.0000
-325.6647 0.0000
-325.8978 0.0000
-326.0998 0.0000
-326.2307 0.0000
-326.2236 0.0000
-325.9348 0.0000
-325.8010 0.0000
-326.4284 0.0000
-326.0205 0.0000
-325.3070 0.0000
-325.2688 0.0000
-325.6860 0.0000
-325.5030 0.0000
-325.9719 0.0000
-324.8186 0.0000
-325.2833 0.0000
-325.9161 0.0000
-325.3270 0.0000
-325.4626 0.0000
-326.3057 0.0000
-325.8919 0.0000
-326.3845 0.0000
-326.3045 0.0000
-326.7552 0.0000
-325.7989 0.0000
-325.7121 0.0000
-325.8462 0.0000
-325.8552 0.0000
-325.7100 0.0000
-325.0121 0.0000
-325.6499 0.0000
-325.5432 0.0000
-326.4855 0.0000
-325.7554 0.0000
-326.8279 0.0000
-326.0882 0.0000
-326.1836 0.0000
-325.5844 0.0000
-325.2038 0.0000
-325.8913 0.0000
-325.9810 0.0000
-324.9398 0.0000
-324.4351 0.0000
-324.7719 0.0000
-325.1942 0.0000
-324.5033 0.0000
-323.4603 0.0000
-325.4293 0.0000
-325.3409 0.0000
-323.9696 0.0000
-324.4604 0.0000
-324.2819 0.0000
-325.1679 0.0000
-323.2750 0.0000
-323.0619 0.0000
-323.1216 0.0000
-322.7891 0.0000
-323.8787 0.0000
-322.5382 0.0000
-322.8471 0.0000
-322.3786 0.0000
-323.4822 0.0000
-323.9967 0.0000
-323.8789 0.0000
-324.2197 0.0000
-322.7117 0.0000
-324.2304 0.0000
-323.8949 0.0000
-325.3988 0.0000
-325.0602 0.0000
-325.8088 0.0000
-324.7500 0.0000
-325.3862 0.0000
-325.3629 0.0000
-326.2090 0.0000
-324.6481 0.0000
-324.1693 0.0000
-325.8584 0.0000
-326.6579 0.0000
-326.7719 0.0000
-325.6761 0.0000
-326.5431 0.0000
-326.1964 0.0000
-326.2331 0.0000
-326.2231 0.0000
-326.6814 0.0000
-325.8919 0.0000
-326.3316 0.0000
-326.8207 0.0000
-326.0686 0.0000
-326.4174 0.0000
-325.9422 0.0000
-325.5742 0.0000
-325.8477 0.0000
-325.4484 0.0000
-325.2101 0.0000
-327.0347 0.0000
-326.2784 0.0000
-327.7349 0.0000
-325.6173 0.0000
-327.1856 0.0000
-327.9036 0.0000
-327.1586 0.0000
-326.3976 0.0000
-326.8782 0.0000
-326.2763 0.0000
-326.5625 0.0000
-326.4638 0.0000
-326.6482 0.0000
-326.3988 0.0000
-325.2881 0.0000
-326.7071 0.0000
-325.6170 0.0000
-327.3433 0.0000
-327.7730 0.0000
-327.3210 0.0000
-328.3414 0.0000
-328.2833 0.0000
-327.5081 0.0000
-327.9031 0.0000
-328.2228 0.0000
-328.0632 0.0000
-328.2459 0.0000
-327.9025 0.0000
-328.6396 0.0000
-328.8875 0.0000
-328.7371 0.0000
-328.2017 0.0000
-329.1220 0.0000
-328.5137 0.0000
-327.5583 0.0000
-328.2238 0.0000
-328.8342 0.0000
-328.0633 0.0000
-328.2187 0.0000
-328.4044 0.0000
-328.4018 0.0000
-327.3741 0.0000
-328.4164 0.0000
-329.1472 0.0000
-328.8455 0.0000
-328.2582 0.0000
-328.4244 0.0000
-328.2025 0.0000
-328.3568 0.0000
-327.6837 0.0000
-327.4928 0.0000
-328.1366 0.0000
-327.3562 0.0000
-327.4888 0.0000
-327.0883 0.0000
-326.2808 0.0000
-327.2678 0.0000
-326.3767 0.0000
-325.1685 0.0000
-324.8074 0.0000
-324.1365 0.0000
-323.2827 0.0000
-322.8085 0.0000
-322.4612 0.0000
-323.5968 0.0000
-322.7487 0.0000
-321.4869 0.0000
-322.7152 0.0000
-323.9046 0.0000
-323.2144 0.0000
-322.0330 0.0000
-323.6608 0.0000
-323.3581 0.0000
-323.2424 0.0000
-322.2369 0.0000
-321.6015 0.0000
-321.2761 0.0000
-322.1243 0.0000
-322.5320 0.0000
-322.4406 0.0000
-322.1385 0.0000
-321.9194 0.0000
-323.1083 0.0000
-323.5275 0.0000
-324.5593 0.0000
-323.7237 0.0000
-324.8039 0.0000
-323.8768 0.0000
-323.4012 0.0000
-322.7273 0.0000
-322.3828 0.0000
-321.6880 0.0000
-323.3355 0.0000
-323.2336 0.0000
-323.9633 0.0000
-324.2560 0.0000
-324.1004 0.0000
-322.7149 0.0000
-323.1658 0.0000
-323.0312 0.0000
-320.7161 0.0000
-321.2457 0.0000
-322.1627 0.0000
-319.7834 0.0000
-319.8620 0.0000
-320.9217 0.0000
-319.8045 0.0000
-320.8017 0.0000
-321.2434 0.0000
-321.1836 0.0000
-319.6495 0.0000
-320.3371 0.0000
-319.6651 0.0000
-321.0269 0.0000
-321.3046 0.0000
-321.5785 0.0000
-321.4967 0.0000
-321.2754 0.0000
-320.6657 0.0000
-319.9381 0.0000
-321.5858 0.0000
-320.8727 0.0000
-320.5631 0.0000
-319.6183 0.0000
-318.3056 0.0000
-320.0903 0.0000
-319.6789 0.0000
-321.1619 0.0000
-319.5550 0.0000
-319.4918 0.0000
-319.1986 0.0000
-319.4435 0.0000
-317.8730 0.0000
-317.8099 0.0000
-318.2333 0.0000
-318.8474 0.0000
-318.1440 0.0000
-318.9547 0.0000
-317.6153 0.0000
-318.7245 0.0000
-318.4380 0.0000
-317.6465 0.0000
-318.8210 0.0000
-319.3175 0.0000
-318.6871 0.0000
-318.2091 0.0000
-317.8976 0.0000
-319.5907 0.0000
-319.0502 0.0000
-319.4385 0.0000
-317.2279 0.0000
-319.0931 0.0000
-318.4081 0.0000
-319.5693 0.0000
-318.5161 0.0000
-318.3350 0.0000
-318.0841 0.0000
-318.8833 0.0000
-318.1089 0.0000
-318.9113 0.0000
-318.2292 0.0000
-319.2141 0.0000
-318.7479 0.0000
-319.1783 0.0000
-320.3469 0.0000
-319.2173 0.0000
-320.8689 0.0000
-320.3046 0.0000
-320.9645 0.0000
-319.9003 0.0000
-318.4360 0.0000
-321.0459 0.0000
-321.4682 0.0000
-320.6668 0.0000
-319.9521 0.0000
-320.1230 0.0000
-320.7751 0.0000
-322.2831 0.0000
-321.3589 0.0000
-320.9052 0.0000
-320.0948 0.0000
-321.1962 0.0000
-321.0314 0.0000
-320.4036 0.0000
-319.7328 0.0000
-319.7229 0.0000
-320.3269 0.0000
-320.0427 0.0000
-320.1793 0.0000
-320.2117 0.0000
-322.8457 0.0000
-322.8832 0.0000
-322.0984 0.0000
-322.0963 0.0000
-322.4851 0.0000
-321.9700 0.0000
-323.0094 0.0000
-324.0933 0.0000
-322.5190 0.0000
-324.0965 0.0000
-321.8499 0.0000
-321.1746 0.0000
-320.9685 0.0000
-320.9385 0.0000
-321.6369 0.0000
-320.3527 0.0000
-321.3137 0.0000
-319.7186 0.0000
-319.8682 0.0000
-319.0343 0.0000
-318.3794 0.0000
-318.8697 0.0000
-318.6714 0.0000
-319.0089 0.0000
-317.1129 0.0000
-317.3477 0.0000
-317.5334 0.0000
-318.1730 0.0000
-318.1410 0.0000
-315.7082 0.0000
-315.4774 0.0000
-315.3618 0.0000
-314.7363 0.0000
-315.7556 0.0000
-314.1384 0.0000
-315.5340 0.0000
-315.7740 0.0000
-312.7250 0.0000
-313.3362 0.0000
-314.1471 0.0000
-315.5348 0.0000
-314.9115 0.0000
-313.6202 0.0000
-314.3823 0.0000
-313.3067 0.0000
-313.6092 0.0000
-314.3462 0.0000
-315.1317 0.0000
-314.2671 0.0000
-311.6329 0.0000
-311.6863 0.0000
-312.1576 0.0000
-311.8265 0.0000
-311.1555 0.0000
-309.1039 0.0000
-308.3834 0.0000
-308.7190 0.0000
-309.3419 0.0000
-308.9811 0.0000
-308.9710 0.0000
-307.9846 0.0000
-308.1243 0.0000
-307.7371 0.0000
-308.3771 0.0000
-307.2991 0.0000
-307.3119 0.0000
-307.8857 0.0000
-307.9018 0.0000
-307.3693 0.0000
-308.1322 0.0000
-307.6271 0.0000
-308.2575 0.0000
-308.0743 0.0000
-309.1398 0.0000
-311.0507 0.0000
-311.5607 0.0000
-311.4477 0.0000
-312.0946 0.0000
-311.7561 0.0000
-311.0969 0.0000
-312.1462 0.0000
-311.2003 0.0000
-311.8198 0.0000
-311.6502 0.0000
-312.8326 0.0000
-312.4667 0.0000
-313.3031 0.0000
-314.2033 0.0000
-315.3174 0.0000
-316.2800 0.0000
-314.2404 0.0000
-313.5739 0.0000
-313.4866 0.0000
-313.5388 0.0000
-313.0611 0.0000
-314.0345 0.0000
-312.1500 0.0000
-311.3500 0.0000
-312.1235 0.0000
-312.2197 0.0000
-312.4266 0.0000
-311.9406 0.0000
-311.3615 0.0000
-311.4722 0.0000
-311.0131 0.0000
-311.3270 0.0000
-310.8133 0.0000
-312.4741 0.0000
-311.6173 0.0000
-312.0589 0.0000
-311.6866 0.0000
-311.1747 0.0000
-311.1691 0.0000
-311.9496 0.0000
-310.4205 0.0000
-311.2190 0.0000
-310.7272 0.0000
-310.9538 0.0000
-311.9758 0.0000
-311.1513 0.0000
-311.0789 0.0000
-310.3334 0.0000
-310.0155 0.0000
-309.9611 0.0000
-311.5321 0.0000
-309.9167 0.0000
-310.0629 0.0000
-310.0045 0.0000
-309.8170 0.0000
-311.4691 0.0000
-311.8234 0.0000
-310.7253 0.0000
-310.3891 0.0000
-309.1760 0.0000
-309.4958 0.0000
-310.2944 0.0000
-309.7454 0.0000
-309.4450 0.0000
-309.8196 0.0000
-308.5968 0.0000
-308.5929 0.0000
-308.6025 0.0000
-309.0176 0.0000
-310.7941 0.0000
-310.6422 0.0000
-311.7325 0.0000
-312.1504 0.0000
-311.1182 0.0000
-310.3635 0.0000
-310.7723 0.0000
-310.6502 0.0000
-310.3571 0.0000
-311.2284 0.0000
-310.7104 0.0000
-312.9347 0.0000
-311.0330 0.0000
-310.7308 0.0000
-310.9422 0.0000
-311.1990 0.0000
-311.6322 0.0000
-310.8602 0.0000
-311.3084 0.0000
-312.2945 0.0000
-313.8036 0.0000
-313.5655 0.0000
-310.6026 0.0000
-312.9099 0.0000
-311.4583 0.0000
-312.4140 0.0000
-311.7474 0.0000
-313.0157 0.0000
-310.6631 0.0000
-309.9124 0.0000
-309.7084 0.0000
-310.3433 0.0000
-310.0051 0.0000
-310.8645 0.0000
-310.3147 0.0000
-310.7747 0.0000
-311.1330 0.0000
-310.3949 0.0000
-311.5292 0.0000
-311.7964 0.0000
-312.4045 0.0000
-314.0573 0.0000
-312.6346 0.0000
-312.3501 0.0000
-311.7563 0.0000
-311.2333 0.0000
-311.6917 0.0000
-311.7523 0.0000
-311.8013 0.0000
-311.8284 0.0000
-311.8690 0.0000
-310.5995 0.0000
-310.2789 0.0000
-310.4021 0.0000
-311.3019 0.0000
-311.1199 0.0000
-312.9352 0.0000
-313.7597 0.0000
-313.9795 0.0000
-314.6374 0.0000
-315.0910 0.0000
-315.2447 0.0000
-315.3116 0.0000
-314.7222 0.0000
-314.1897 0.0000
-315.3362 0.0000
-314.5477 0.0000
-314.4337 0.0000
-314.9411 0.0000
-314.9698 0.0000
-314.8975 0.0000
-313.0058 0.0000
-312.4822 0.0000
-312.8194 0.0000
-312.1695 0.0000
-312.7873 0.0000
-312.5483 0.0000
-314.1441 0.0000
-312.7306 0.0000
-312.6723 0.0000
-312.8238 0.0000
-313.0471 0.0000
-312.7129 0.0000
-312.5499 0.0000
-313.6202 0.0000
-313.1396 0.0000
-313.9335 0.0000
-315.0695 0.0000
-314.2159 0.0000
-314.1596 0.0000
-313.3871 0.0000
-313.6700 0.0000
-313.8572 0.0000
-312.8699 0.0000
-313.0656 0.0000
-312.2597 0.0000
-312.3213 0.0000
-310.9443 0.0000
-312.5579 0.0000
-313.6512 0.0000
-313.2045 0.0000
-314.7675 0.0000
-313.9452 0.0000
-313.7127 0.0000
-312.5459 0.0000
-312.0025 0.0000
-312.8392 0.0000
-313.3509 0.0000
-312.2536 0.0000
-311.5283 0.0000
-313.1496 0.0000
-313.0950 0.0000
-313.8363 0.0000
-313.2853 0.0000
-314.3907 0.0000
-314.9874 0.0000
-314.8600 0.0000
-314.4276 0.0000
-313.9969 0.0000
-313.1723 0.0000
-315.1296 0.0000
-314.6256 0.0000
-313.2221 0.0000
-313.8710 0.0000
-312.7520 0.0000
-313.6485 0.0000
-313.6737 0.0000
-313.2301 0.0000
-313.1061 0.0000
-313.4416 0.0000
-312.5547 0.0000
-314.0995 0.0000
-315.2006 0.0000
-314.7544 0.0000
-314.7822 0.0000
-314.7999 0.0000
-314.6200 0.0000
-313.1135 0.0000
-314.1005 0.0000
-313.1568 0.0000
-312.2854 0.0000
-310.2579 0.0000
-309.5849 0.0000
-309.5185 0.0000
-309.4861 0.0000
-309.0806 0.0000
-309.6585 0.0000
-308.9665 0.0000
-308.6408 0.0000
-308.9699 0.0000
-308.3290 0.0000
-308.5407 0.0000
-307.7663 0.0000
-307.1900 0.0000
-306.8364 0.0000
-308.1603 0.0000
-306.9365 0.0000
-307.4718 0.0000
-307.8168 0.0000
-306.0156 0.0000
-306.8728 0.0000
-307.3082 0.0000
-308.2532 0.0000
-308.4222 0.0000
-307.7477 0.0000
-306.9261 0.0000
-306.7675 0.0000
-305.2817 0.0000
-305.7524 0.0000
-305.7961 0.0000
-304.8376 0.0000
-303.2579 0.0000
-305.3062 0.0000
-304.3003 0.0000
-305.8070 0.0000
-305.7638 0.0000
-306.9039 0.0000
-306.5613 0.0000
-306.1425 0.0000
-304.7680 0.0000
-303.9628 0.0000
-305.1813 0.0000
-304.0783 0.0000
-305.5019 0.0000
-305.6321 0.0000
-305.3586 0.0000
-305.4042 0.0000
-305.8912 0.0000
-304.4570 0.0000
-305.8161 0.0000
-305.0071 0.0000
-305.2502 0.0000
-304.5426 0.0000
-303.5555 0.0000
-304.8782 0.0000
-305.5244 0.0000
-306.0453 0.0000
-305.5225 0.0000
-305.9041 0.0000
-307.0871 0.0000
-306.2294 0.0000
-306.9473 0.0000
-307.2990 0.0000
-307.4555 0.0000
-308.3785 0.0000
-307.7344 0.0000
-308.6002 0.0000
-309.9090 0.0000
-308.1312 0.0000
-309.2046 0.0000
-309.0203 0.0000
-308.9471 0.0000
-309.1279 0.0000
-309.8566 0.0000
-309.6636 0.0000
-310.8019 0.0000
-309.6258 0.0000
-309.8124 0.0000
-308.8010 0.0000
-308.8812 0.0000
-308.8610 0.0000
-309.2030 0.0000
-309.0170 0.0000
-307.4752 0.0000
-310.6727 0.0000
-309.4088 0.0000
-309.9377 0.0000
-310.2980 0.0000
-309.8688 0.0000
-310.0186 0.0000
-310.9619 0.0000
-309.8028 0.0000
-309.3707 0.0000
-310.5681 0.0000
-310.1136 0.0000
-311.4299 0.0000
-310.8388 0.0000
-310.2228 0.0000
-310.6399 0.0000
-310.4191 0.0000
-309.9773 0.0000
-310.0720 0.0000
-309.6303 0.0000
-309.0820 0.0000
-310.0461 0.0000
-308.7063 0.0000
-308.0579 0.0000
-308.8820 0.0000
-306.6853 0.0000
-306.7321 0.0000
-306.7995 0.0000
-306.0262 0.0000
-306.7180 0.0000
-305.7870 0.0000
-305.2051 0.0000
-307.6962 0.0000
-306.3443 0.0000
-307.5157 0.0000
-306.8555 0.0000
-306.0144 0.0000
-306.6525 0.0000
-307.3201 0.0000
-307.0096 0.0000
-307.4792 0.0000
-307.4334 0.0000
-307.7894 0.0000
-307.2233 0.0000
-307.7730 0.0000
-306.5308 0.0000
-306.7021 0.0000
-308.4563 0.0000
-308.4509 0.0000
-307.7158 0.0000
-307.3723 0.0000
-308.0951 0.0000
-307.8615 0.0000
-308.2977 0.0000
-308.2685 0.0000
-308.3654 0.0000
-309.2293 0.0000
-308.4047 0.0000
-307.6062 0.0000
-306.3704 0.0000
-306.4157 0.0000
-306.9862 0.0000
-307.0287 0.0000
-306.2191 0.0000
-306.4572 0.0000
-306.6559 0.0000
-307.1898 0.0000
-307.5824 0.0000
-307.0932 0.0000
-308.1651 0.0000
-308.1895 0.0000
-308.2293 0.0000
-307.8153 0.0000
-308.0049 0.0000
-308.4053 0.0000
-308.0942 0.0000
-307.3038 0.0000
-307.7056 0.0000
-308.7057 0.0000
-307.5456 0.0000
-309.1456 0.0000
-306.6592 0.0000
-307.0704 0.0000
-308.5922 0.0000
-306.8842 0.0000
-306.9136 0.0000
-307.7428 0.0000
-306.6311 0.0000
-307.0500 0.0000
-306.6617 0.0000
-307.9179 0.0000
-309.5800 0.0000
-307.6425 0.0000
-308.7663 0.0000
-308.0909 0.0000
-306.9865 0.0000
-306.5985 0.0000
-307.1598 0.0000
-307.1701 0.0000
-307.2702 0.0000
-307.4091 0.0000
-307.3409 0.0000
-305.9175 0.0000
-305.5821 0.0000
-304.6719 0.0000
-303.9632 0.0000
-305.5706 0.0000
-306.4246 0.0000
-307.0248 0.0000
-306.2070 0.0000
-306.0942 0.0000
-305.9326 0.0000
-305.7765 0.0000
-305.8261 0.0000
-308.2767 0.0000
-307.5556 0.0000
-308.1758 0.0000
-308.3522 0.0000
-306.5609 0.0000
-307.7617 0.0000
-307.0398 0.0000
-306.9941 0.0000
-305.5468 0.0000
-306.0873 0.0000
-305.9926 0.0000
-306.4887 0.0000
-306.3185 0.0000
-307.9872 0.0000
-306.6271 0.0000
-307.7750 0.0000
-306.7844 0.0000
-307.8088 0.0000
-307.3160 0.0000
-308.1620 0.0000
-307.4280 0.0000
-308.6080 0.0000
-309.9423 0.0000
-307.7085 0.0000
-307.8096 0.0000
-308.6583 0.0000
-307.2112 0.0000
-307.3012 0.0000
-307.5346 0.0000
-308.0214 0.0000
-306.4318 0.0000
-305.8728 0.0000
-305.8304 0.0000
-305.1974 0.0000
-306.1994 0.0000
-306.2910 0.0000
-305.6049 0.0000
-304.9098 0.0000
-304.9735 0.0000
-304.6134 0.0000
-304.0679 0.0000
-305.7767 0.0000
-305.3640 0.0000
-303.3982 0.0000
-301.7075 0.0000
-305.1221 0.0000
-302.6535 0.0000
-302.3396 0.0000
-304.0248 0.0000
-303.8131 0.0000
-302.0269 0.0000
-301.6039 0.0000
-302.4765 0.0000
-301.5349 0.0000
-301.7475 0.0000
-302.4164 0.0000
-303.7010 0.0000
-300.7190 0.0000
-301.4413 0.0000
-302.1224 0.0000
-302.5797 0.0000
-302.7858 0.0000
-300.7884 0.0000
-300.4704 0.0000
-299.5651 0.0000
-301.0227 0.0000
-301.6019 0.0000
-301.5396 0.0000
-302.3822 0.0000
-302.3812 0.0000
-303.0240 0.0000
-302.6308 0.0000
-303.2348 0.0000
-302.8433 0.0000
-302.9816 0.0000
-301.6758 0.0000
-304.1709 0.0000
-303.9896 0.0000
-304.0724 0.0000
-303.9681 0.0000
-304.6884 0.0000
-305.2710 0.0000
-303.4133 0.0000
-303.9143 0.0000
-303.2326 0.0000
-306.4665 0.0000
-303.0986 0.0000
-303.0182 0.0000
-302.3123 0.0000
-302.2904 0.0000
-301.2251 0.0000
-302.5165 0.0000
-302.0887 0.0000
-301.6624 0.0000
-301.3338 0.0000
-300.0254 0.0000
-297.6155 0.0000
-298.1400 0.0000
-298.2247 0.0000
-296.9808 0.0000
-297.6573 0.0000
-297.8804 0.0000
-297.4137 0.0000
-297.4871 0.0000
-298.1889 0.0000
-296.5807 0.0000
-298.0305 0.0000
-297.8446 0.0000
-297.6804 0.0000
-296.1540 0.0000
-294.7268 0.0000
-296.3593 0.0000
-296.1601 0.0000
-295.5273 0.0000
-297.8066 0.0000
-297.9026 0.0000
-299.3762 0.0000
-298.7676 0.0000
-298.1757 0.0000
-296.9732 0.0000
-299.8298 0.0000
-297.4687 0.0000
-296.5374 0.0000
-295.8991 0.0000
-296.6381 0.0000
-296.3233 0.0000
-296.9267 0.0000
-296.2599 0.0000
-296.8715 0.0000
-296.1567 0.0000
-296.9596 0.0000
-295.3953 0.0000
-296.5845 0.0000
-297.1567 0.0000
-296.4969 0.0000
-296.3508 0.0000
-295.9353 0.0000
-294.5860 0.0000
-295.1586 0.0000
-295.1437 0.0000
-296.1654 0.0000
-293.5405 0.0000
-295.6797 0.0000
-296.0898 0.0000
-295.1020 0.0000
-294.1865 0.0000
-295.2647 0.0000
-294.9352 0.0000
-294.8175 0.0000
-295.0692 0.0000
-295.2217 0.0000
-295.0852 0.0000
-294.3505 0.0000
-295.7034 0.0000
-295.6062 0.0000
-298.0611 0.0000
-295.5271 0.0000
-295.5478 0.0000
-292.7343 0.0000
-293.9774 0.0000
-293.7318 0.0000
-293.0770 0.0000
-292.3256 0.0000
-291.9636 0.0000
-293.2635 0.0000
-292.5784 0.0000
-291.4144 0.0000
-291.4208 0.0000
-291.0553 0.0000
-290.7970 0.0000
-292.0661 0.0000
-288.7922 0.0000
-287.4225 0.0000
-288.4085 0.0000
-289.3178 0.0000
-287.9611 0.0000
-285.7240 0.0000
-286.5383 0.0000
-285.6617 0.0000
-286.8591 0.0000
-284.1963 0.0000
-286.7768 0.0000
-287.0654 0.0000
-287.4644 0.0000
-287.9307 0.0000
-288.4239 0.0000
-288.0718 0.0000
-288.1802 0.0000
-287.2563 0.0000
-289.0153 0.0000
-288.5363 0.0000
-288.4849 0.0000
-288.0452 0.0000
-286.8420 0.0000
-287.2134 0.0000
-288.2073 0.0000
-288.6801 0.0000
-290.2050 0.0000
-288.3994 0.0000
-286.8749 0.0000
-287.4454 0.0000
-287.0023 0.0000
-286.5877 0.0000
-286.6709 0.0000
-287.3181 0.0000
-288.0193 0.0000
-286.6279 0.0000
-287.5727 0.0000
-285.8169 0.0000
-285.9076 0.0000
-286.0293 0.0000
-287.7110 0.0000
-286.2877 0.0000
-285.6978 0.0000
-285.5661 0.0000
-284.6543 0.0000
-282.2867 0.0000
-283.2460 0.0000
-282.5518 0.0000
-281.9167 0.0000
-280.7990 0.0000
-281.8658 0.0000
-281.6154 0.0000
-282.5734 0.0000
-282.6280 0.0000
-281.6714 0.0000
-283.0902 0.0000
-279.8986 0.0000
-280.1865 0.0000
-279.7068 0.0000
-278.0145 0.0000
-280.3230 0.0000
-280.4860 0.0000
-281.1709 0.0000
-280.1433 0.0000
-280.5027 0.0000
-279.0731 0.0000
-279.5849 0.0000
-279.9727 0.0000
-279.7708 0.0000
-280.4148 0.0000
-281.3309 0.0000
-280.1803 0.0000
-280.1700 0.0000
-280.7740 0.0000
-281.5920 0.0000
-280.2177 0.0000
-280.4608 0.0000
-280.3436 0.0000
-278.9061 0.0000
-279.5979 0.0000
-279.8946 0.0000
-278.6520 0.0000
-278.4358 0.0000
-279.7227 0.0000
-278.8747 0.0000
-278.2822 0.0000
-279.1840 0.0000
-280.2220 0.0000
-279.7582 0.0000
-278.5596 0.0000
-280.0287 0.0000
-277.5571 0.0000
-276.7566 0.0000
-278.3686 0.0000
-276.6619 0.0000
-277.2180 0.0000
-275.7397 0.0000
-275.3404 0.0000
-274.9368 0.0000
-274.4771 0.0000
-274.8482 0.0000
-274.4526 0.0000
-275.3642 0.0000
-275.8056 0.0000
-274.7889 0.0000
-274.4550 0.0000
-274.9938 0.0000
-275.0158 0.0000
-277.2024 0.0000
-277.1210 0.0000
-277.2240 0.0000
-279.1697 0.0000
-277.5509 0.0000
-276.8807 0.0000
-277.1593 0.0000
-277.1673 0.0000
-277.3898 0.0000
-276.8862 0.0000
-277.0643 0.0000
-276.8418 0.0000
-277.6940 0.0000
-277.4219 0.0000
-277.9496 0.0000
-278.4760 0.0000
-278.3129 0.0000
-278.1327 0.0000
-278.8658 0.0000
-278.1330 0.0000
-279.1487 0.0000
-279.3120 0.0000
-278.8195 0.0000
-280.1199 0.0000
-279.4357 0.0000
-280.8486 0.0000
-281.1919 0.0000
-279.9873 0.0000
-279.9130 0.0000
-279.4638 0.0000
-280.5282 0.0000
-280.4771 0.0000
-279.9397 0.0000
-281.8444 0.0000
-279.6659 0.0000
-281.7747 0.0000
-280.9250 0.0000
-280.3284 0.0000
-280.2864 0.0000
-280.3363 0.0000
-281.8965 0.0000
-281.5642 0.0000
-282.6255 0.0000
-281.8141 0.0000
-282.0600 0.0000
-282.5746 0.0000
-282.5592 0.0000
-282.7722 0.0000
-283.5861 0.0000
-283.5153 0.0000
-285.0595 0.0000
-282.9564 0.0000
-284.6827 0.0000
-285.0491 0.0000
-283.6793 0.0000
-283.9260 0.0000
-283.1387 0.0000
-282.5983 0.0000
-283.3436 0.0000
-283.1725 0.0000
-282.5275 0.0000
-283.1425 0.0000
-282.1848 0.0000
-281.7794 0.0000
-281.6434 0.0000
-281.7811 0.0000
-283.0043 0.0000
-282.9236 0.0000
-281.6448 0.0000
-280.8384 0.0000
-282.4371 0.0000
-281.3556 0.0000
-280.1746 0.0000
-282.7130 0.0000
-281.4535 0.0000
-281.4385 0.0000
-281.5667 0.0000
-280.5562 0.0000
-279.4476 0.0000
-279.9638 0.0000
-279.7719 0.0000
-280.0460 0.0000
-279.6267 0.0000
-280.4570 0.0000
-281.5929 0.0000
-281.1093 0.0000
-279.2145 0.0000
-279.3516 0.0000
-280.8207 0.0000
-278.8199 0.0000
-279.1101 0.0000
-281.1081 0.0000
-281.6856 0.0000
-280.7979 0.0000
-281.9637 0.0000
-281.7968 0.0000
-282.1938 0.0000
-280.4071 0.0000
-282.2422 0.0000
-282.7128 0.0000
-281.6639 0.0000
-282.0695 0.0000
-282.6915 0.0000
-280.7708 0.0000
-280.6639 0.0000
-280.0082 0.0000
-278.9506 0.0000
-281.0048 0.0000
-280.2203 0.0000
-280.4636 0.0000
-281.2040 0.0000
-281.6836 0.0000
-281.4781 0.0000
-282.0108 0.0000
-282.7579 0.0000
-282.8030 0.0000
-283.7746 0.0000
-284.0882 0.0000
-284.9128 0.0000
-282.5600 0.0000
-284.1611 0.0000
-282.8614 0.0000
-284.3061 0.0000
-282.1132 0.0000
-285.6453 0.0000
-283.8914 0.0000
-282.8856 0.0000
-284.0637 0.0000
-281.9179 0.0000
-283.9163 0.0000
-283.1861 0.0000
-284.7646 0.0000
-283.7153 0.0000
-284.0997 0.0000
-283.9080 0.0000
-285.4748 0.0000
-283.3334 0.0000
-283.0562 0.0000
-283.9880 0.0000
-285.3874 0.0000
-284.5707 0.0000
-284.6205 0.0000
-283.9241 0.0000
-284.5746 0.0000
-284.5179 0.0000
-283.1859 0.0000
-284.5127 0.0000
-282.9050 0.0000
-284.1957 0.0000
-283.7684 0.0000
-284.4752 0.0000
-285.1839 0.0000
-284.9913 0.0000
-286.2339 0.0000
-286.2324 0.0000
-286.7333 0.0000
-288.2451 0.0000
-284.8798 0.0000
-286.6092 0.0000
-287.8988 0.0000
-286.2933 0.0000
-285.7334 0.0000
-286.6532 0.0000
-284.3902 0.0000
-283.7798 0.0000
-282.5256 0.0000
-284.8587 0.0000
-285.0116 0.0000
-283.1626 0.0000
-281.2553 0.0000
-280.7531 0.0000
-281.6177 0.0000
-282.5801 0.0000
-281.0365 0.0000
-281.2231 0.0000
-280.9507 0.0000
-280.4931 0.0000
-279.6317 0.0000
-281.0195 0.0000
-282.2210 0.0000
-282.0567 0.0000
-282.8999 0.0000
-283.7089 0.0000
-282.5749 0.0000
-281.8749 0.0000
-282.2596 0.0000
-286.4129 0.0000
-286.4464 0.0000
-286.2772 0.0000
-284.5707 0.0000
-286.7981 0.0000
-286.8642 0.0000
-285.8466 0.0000
-286.4790 0.0000
-287.5214 0.0000
-287.5398 0.0000
-286.5191 0.0000
-286.3231 0.0000
-287.3995 0.0000
-288.4223 0.0000
-289.6539 0.0000
-288.4508 0.0000
-288.4897 0.0000
-288.6612 0.0000
-288.6202 0.0000
-289.1768 0.0000
-287.5376 0.0000
-286.2854 0.0000
-287.4445 0.0000
-285.7616 0.0000
-286.4896 0.0000
-286.3450 0.0000
-286.4598 0.0000
-286.2592 0.0000
-286.5961 0.0000
-285.1698 0.0000
-284.7078 0.0000
-284.2919 0.0000
-284.9443 0.0000
-285.9534 0.0000
-285.7551 0.0000
-286.1514 0.0000
-284.4186 0.0000
-285.4336 0.0000
-285.0588 0.0000
-286.5405 0.0000
-285.5648 0.0000
-285.8815 0.0000
-286.6143 0.0000
-287.4671 0.0000
-285.1937 0.0000
-286.7158 0.0000
-288.4389 0.0000
-287.6180 0.0000
-289.5365 0.0000
-289.4506 0.0000
-289.1750 0.0000
-287.6915 0.0000
-287.9102 0.0000
-288.0658 0.0000
-288.4076 0.0000
-287.0251 0.0000
-287.3482 0.0000
-286.4256 0.0000
-288.0324 0.0000
-287.1009 0.0000
-286.8396 0.0000
-287.8647 0.0000
-286.4012 0.0000
-287.5906 0.0000
-288.0391 0.0000
-288.0540 0.0000
-289.0003 0.0000
-288.4222 0.0000
-289.0830 0.0000
-290.1584 0.0000
-289.9722 0.0000
-291.2460 0.0000
-291.0674 0.0000
-292.1036 0.0000
-291.8166 0.0000
-292.7032 0.0000
-291.5441 0.0000
-291.5588 0.0000
-293.7297 0.0000
-290.1513 0.0000
-291.1767 0.0000
-291.6818 0.0000
-291.3770 0.0000
-291.8081 0.0000
-291.1198 0.0000
-290.9084 0.0000
-290.3228 0.0000
-290.5117 0.0000
-291.2277 0.0000
-292.2543 0.0000
-292.2417 0.0000
-290.0155 0.0000
-292.1349 0.0000
-290.3555 0.0000
-289.4063 0.0000
-288.5592 0.0000
-288.5081 0.0000
-288.8261 0.0000
-287.7364 0.0000
-287.8278 0.0000
-286.6479 0.0000
-287.8081 0.0000
-287.7635 0.0000
-287.3640 0.0000
-288.1539 0.0000
-288.7326 0.0000
-287.8854 0.0000
-288.3598 0.0000
-289.9713 0.0000
-289.5757 0.0000
-288.9114 0.0000
-291.1633 0.0000
-290.6025 0.0000
-291.5946 0.0000
-289.7521 0.0000
-288.7482 0.0000
-288.2479 0.0000
-288.1009 0.0000
-286.6376 0.0000
-288.0291 0.0000
-289.8046 0.0000
-288.4900 0.0000
-288.7046 0.0000
-287.7494 0.0000
-288.1787 0.0000
-286.5644 0.0000
-288.7213 0.0000
-287.5437 0.0000
-287.0381 0.0000
-290.2718 0.0000
-290.2446 0.0000
-290.1616 0.0000
-291.7286 0.0000
-292.2988 0.0000
-291.3936 0.0000
-288.3752 0.0000
-287.0176 0.0000
-287.3345 0.0000
-287.4270 0.0000
-289.4031 0.0000
-289.2229 0.0000
-288.9566 0.0000
-287.2678 0.0000
-287.8600 0.0000
-286.0174 0.0000
-285.5169 0.0000
-286.3927 0.0000
-287.1310 0.0000
-286.8955 0.0000
-287.2071 0.0000
-285.7450 0.0000
-284.0448 0.0000
-284.7416 0.0000
-284.7494 0.0000
-284.7041 0.0000
-283.5830 0.0000
-286.5233 0.0000
-285.7319 0.0000
-285.1323 0.0000
-284.0466 0.0000
-283.9195 0.0000
-283.6217 0.0000
-283.6451 0.0000
-283.3881 0.0000
-282.8738 0.0000
-282.9923 0.0000
-281.9058 0.0000
-280.8501 0.0000
-282.9468 0.0000
-281.5645 0.0000
-285.9601 0.0000
-282.9754 0.0000
-282.9972 0.0000
-283.9738 0.0000
-281.9189 0.0000
-281.6391 0.0000
-282.7282 0.0000
-281.8558 0.0000
-284.4260 0.0000
-284.3160 0.0000
-284.5235 0.0000
-285.6327 0.0000
-284.1940 0.0000
-284.6243 0.0000
-284.9380 0.0000
-285.2252 0.0000
-285.7046 0.0000
-284.6678 0.0000
-285.8756 0.0000
-287.3503 0.0000
-286.7583 0.0000
-286.5907 0.0000
-287.2501 0.0000
-286.5999 0.0000
-288.9252 0.0000
-288.6376 0.0000
-287.7497 0.0000
-287.8623 0.0000
-288.8965 0.0000
-288.0315 0.0000
-288.0848 0.0000
-288.2856 0.0000
-287.1116 0.0000
-290.5770 0.0000
-288.8816 0.0000
-286.8006 0.0000
-287.4628 0.0000
-289.1944 0.0000
-287.4434 0.0000
-289.8785 0.0000
-289.6391 0.0000
-288.7868 0.0000
-288.1662 0.0000
-287.8308 0.0000
-289.3837 0.0000
-288.0172 0.0000
-288.3745 0.0000
-287.0116 0.0000
-288.3678 0.0000
-286.0752 0.0000
-286.3592 0.0000
-287.6044 0.0000
-289.2148 0.0000
-288.8330 0.0000
-288.6923 0.0000
-288.6756 0.0000
-290.4655 0.0000
-290.7290 0.0000
-291.6641 0.0000
-290.9404 0.0000
-291.6262 0.0000
-290.2295 0.0000
-290.7879 0.0000
-292.3499 0.0000
-291.0354 0.0000
-291.0936 0.0000
-292.3876 0.0000
-292.3982 0.0000
-291.1773 0.0000
-290.2206 0.0000
-289.8897 0.0000
-290.6861 0.0000
-291.1927 0.0000
-292.5181 0.0000
-291.2931 0.0000
-289.9858 0.0000
-288.5513 0.0000
-291.0112 0.0000
-291.8994 0.0000
-292.5505 0.0000
-290.0556 0.0000
-290.1177 0.0000
-291.1083 0.0000
-290.9703 0.0000
-291.3459 0.0000
-290.7196 0.0000
-289.8145 0.0000
-289.7601 0.0000
-290.1845 0.0000
-290.2264 0.0000
-288.1766 0.0000
-287.5573 0.0000
-287.7887 0.0000
-286.5272 0.0000
-287.7208 0.0000
-288.7809 0.0000
-288.5486 0.0000
-286.2947 0.0000
-287.7735 0.0000
-286.7345 0.0000
-287.2439 0.0000
-285.9310 0.0000
-287.4685 0.0000
-287.3237 0.0000
-288.2389 0.0000
-288.8940 0.0000
-288.2695 0.0000
-288.8871 0.0000
-289.7076 0.0000
-288.9305 0.0000
-289.6399 0.0000
-289.9227 0.0000
-287.9642 0.0000
-286.5521 0.0000
-287.8802 0.0000
-286.9705 0.0000
-286.3542 0.0000
-284.6030 0.0000
-286.3120 0.0000
-286.2712 0.0000
-286.3574 0.0000
-286.9667 0.0000
-286.1306 0.0000
-283.4107 0.0000
-285.0897 0.0000
-284.8027 0.0000
-283.7339 0.0000
-283.1482 0.0000
-282.9654 0.0000
-285.1492 0.0000
-285.7825 0.0000
-285.4571 0.0000
-287.4865 0.0000
-287.2901 0.0000
-284.6196 0.0000
-285.9122 0.0000
-284.1076 0.0000
-283.7762 0.0000
-284.7815 0.0000
-284.1460 0.0000
-282.7196 0.0000
-282.5357 0.0000
-283.1306 0.0000
-282.9564 0.0000
-283.1462 0.0000
-282.3187 0.0000
-284.2060 0.0000
-283.5484 0.0000
-283.6902 0.0000
-285.0976 0.0000
-282.7102 0.0000
-280.9170 0.0000
-281.2274 0.0000
-281.7469 0.0000
-281.0507 0.0000
-280.8890 0.0000
-280.7395 0.0000
-280.2966 0.0000
-280.2451 0.0000
-279.4668 0.0000
-278.8565 0.0000
-280.6812 0.0000
-280.1808 0.0000
-280.8998 0.0000
-281.2916 0.0000
-282.0138 0.0000
-280.0320 0.0000
-279.1664 0.0000
-278.3983 0.0000
-277.3148 0.0000
-276.9641 0.0000
-276.0924 0.0000
-278.1355 0.0000
-279.0286 0.0000
-278.2494 0.0000
-278.0325 0.0000
-277.8875 0.0000
-277.5599 0.0000
-277.4939 0.0000
-276.7342 0.0000
-276.5500 0.0000
-275.4715 0.0000
-274.7858 0.0000
-274.9357 0.0000
-274.8554 0.0000
-275.4386 0.0000
-274.0866 0.0000
-275.1794 0.0000
-275.3466 0.0000
-275.4925 0.0000
-275.7483 0.0000
-276.1555 0.0000
-276.2712 0.0000
-275.5054 0.0000
-275.3348 0.0000
-275.9026 0.0000
-276.1162 0.0000
-275.6084 0.0000
-275.9103 0.0000
-275.3989 0.0000
-276.1799 0.0000
-276.7484 0.0000
-275.1775 0.0000
-276.8105 0.0000
-277.0150 0.0000
-277.3100 0.0000
-276.2410 0.0000
-276.4872 0.0000
-277.5010 0.0000
-276.8195 0.0000
-276.9757 0.0000
-276.4392 0.0000
-277.2294 0.0000
-276.3847 0.0000
-276.2987 0.0000
-275.9619 0.0000
-276.0895 0.0000
-276.8516 0.0000
-276.5070 0.0000
-276.9436 0.0000
-277.3583 0.0000
-277.1631 0.0000
-276.9927 0.0000
-276.7318 0.0000
-276.4247 0.0000
-276.6868 0.0000
-276.4282 0.0000
-276.5073 0.0000
-276.9838 0.0000
-276.0043 0.0000
-276.4162 0.0000
-277.0860 0.0000
-276.5672 0.0000
-276.4918 0.0000
-276.1809 0.0000
-277.0065 0.0000
-276.7717 0.0000
-276.8149 0.0000
-277.9009 0.0000
-276.8672 0.0000
-276.1185 0.0000
-276.3894 0.0000
-276.5930 0.0000
-277.3322 0.0000
-276.9194 0.0000
-276.9738 0.0000
-277.2167 0.0000
-277.1191 0.0000
-277.4247 0.0000
-277.8197 0.0000
-276.7924 0.0000
-277.7829 0.0000
-277.8628 0.0000
-278.2302 0.0000
-278.1889 0.0000
-277.8444 0.0000
-278.3053 0.0000
-278.6107 0.0000
-278.1400 0.0000
-278.5993 0.0000
-278.8594 0.0000
-278.3266 0.0000
-277.9226 0.0000
-277.6378 0.0000
-279.0838 0.0000
-277.8894 0.0000
-277.9986 0.0000
-278.1278 0.0000
-277.8759 0.0000
-277.0850 0.0000
-278.0077 0.0000
-278.3202 0.0000
-276.7942 0.0000
-276.9370 0.0000
-276.5986 0.0000
-276.1524 0.0000
-277.2246 0.0000
-276.7776 0.0000
-276.4956 0.0000
-277.7613 0.0000
-277.1334 0.0000
-277.9844 0.0000
-277.9643 0.0000
-277.7604 0.0000
-276.8896 0.0000
-277.4295 0.0000
-278.7203 0.0000
-277.5586 0.0000
-277.3042 0.0000
-277.6798 0.0000
-278.1169 0.0000
-277.3105 0.0000
-278.4167 0.0000
-277.6973 0.0000
-277.6861 0.0000
-276.8707 0.0000
-277.3756 0.0000
-277.0936 0.0000
-278.2057 0.0000
-278.3824 0.0000
-278.0940 0.0000
-277.7089 0.0000
-277.6678 0.0000
-277.6273 0.0000
-277.8160 0.0000
-276.9337 0.0000
-277.7603 0.0000
-276.3769 0.0000
-276.9927 0.0000
-275.8911 0.0000
-274.7780 0.0000
-275.2327 0.0000
-274.6884 0.0000
-274.9077 0.0000
-274.7100 0.0000
-274.4552 0.0000
-273.8181 0.0000
-274.3515 0.0000
-274.5352 0.0000
-274.2624 0.0000
-274.7205 0.0000
-274.8972 0.0000
-274.2004 0.0000
-274.4317 0.0000
-275.1427 0.0000
-276.3166 0.0000
-277.1086 0.0000
-276.0269 0.0000
-275.9270 0.0000
-275.3857 0.0000
-276.3410 0.0000
-276.5732 0.0000
-276.5356 0.0000
-277.1066 0.0000
-276.2947 0.0000
-276.8172 0.0000
-276.8751 0.0000
-276.0615 0.0000
-276.8047 0.0000
-276.6096 0.0000
-275.2174 0.0000
-275.4721 0.0000
-274.4035 0.0000
-275.3886 0.0000
-275.1177 0.0000
-275.3145 0.0000
-276.0399 0.0000
-275.8465 0.0000
-275.7067 0.0000
-274.9699 0.0000
-275.4945 0.0000
-273.9818 0.0000
-275.2022 0.0000
-276.2159 0.0000
-277.7197 0.0000
-277.2022 0.0000
-278.3375 0.0000
-277.1303 0.0000
-276.6035 0.0000
-275.2594 0.0000
-276.3882 0.0000
-276.2145 0.0000
-276.2777 0.0000
-276.1345 0.0000
-275.8744 0.0000
-275.3008 0.0000
-275.2273 0.0000
-276.8074 0.0000
-275.9064 0.0000
-275.7444 0.0000
-275.4385 0.0000
-275.7776 0.0000
-275.8085 0.0000
-274.7670 0.0000
-276.1825 0.0000
-276.1791 0.0000
-275.8807 0.0000
-276.5617 0.0000
-276.3781 0.0000
-277.7813 0.0000
-276.5674 0.0000
-277.4219 0.0000
-276.4581 0.0000
-276.4047 0.0000
-277.6605 0.0000
-276.9441 0.0000
-276.9535 0.0000
-277.1390 0.0000
-277.5198 0.0000
-276.6504 0.0000
-277.3638 0.0000
-276.9611 0.0000
-277.3901 0.0000
-276.4778 0.0000
-276.2024 0.0000
-276.9287 0.0000
-276.3391 0.0000
-275.7437 0.0000
-275.8467 0.0000
-277.5064 0.0000
-278.8852 0.0000
-279.0793 0.0000
-278.0560 0.0000
-278.4428 0.0000
-278.5558 0.0000
-278.8414 0.0000
-278.0189 0.0000
-278.5800 0.0000
-278.3661 0.0000
-278.5153 0.0000
-278.4186 0.0000
-278.8309 0.0000
-279.1105 0.0000
-278.6740 0.0000
-278.6256 0.0000
-278.4256 0.0000
-279.8745 0.0000
-281.2297 0.0000
-281.2840 0.0000
-281.9370 0.0000
-280.7166 0.0000
-280.9747 0.0000
-282.0271 0.0000
-281.7981 0.0000
-282.0844 0.0000
-282.0108 0.0000
-282.5549 0.0000
-282.3470 0.0000
-282.2617 0.0000
-281.7770 0.0000
-282.6196 0.0000
-283.8264 0.0000
-284.2681 0.0000
-283.6257 0.0000
-284.6825 0.0000
-284.5573 0.0000
-284.3892 0.0000
-285.5765 0.0000
-284.0914 0.0000
-283.7467 0.0000
-284.5115 0.0000
-283.6685 0.0000
-283.2582 0.0000
-283.3336 0.0000
-283.6902 0.0000
-283.8571 0.0000
-282.9974 0.0000
-281.7090 0.0000
-282.1155 0.0000
-282.4139 0.0000
-281.7962 0.0000
-282.8352 0.0000
-283.0478 0.0000
-281.8717 0.0000
-281.3314 0.0000
-281.5593 0.0000
-282.2140 0.0000
-281.8545 0.0000
-282.2058 0.0000
-282.6867 0.0000
-282.7455 0.0000
-282.0267 0.0000
-283.5409 0.0000
-283.9161 0.0000
-284.2586 0.0000
-283.6887 0.0000
-284.5318 0.0000
-283.7080 0.0000
-284.3335 0.0000
-284.5435 0.0000
-284.2065 0.0000
-285.2397 0.0000
-285.5219 0.0000
-284.8875 0.0000
-284.8769 0.0000
-286.0155 0.0000
-286.9000 0.0000
-286.1022 0.0000
-287.1178 0.0000
-286.7223 0.0000
-285.8618 0.0000
-286.0142 0.0000
-286.1225 0.0000
-284.8605 0.0000
-285.7801 0.0000
-287.2907 0.0000
-285.6598 0.0000
-286.0970 0.0000
-285.9941 0.0000
-284.6439 0.0000
-283.8912 0.0000
-283.6628 0.0000
-284.0901 0.0000
-284.1111 0.0000
-284.1455 0.0000
-284.0261 0.0000
-284.2211 0.0000
-283.8158 0.0000
-283.9647 0.0000
-283.8592 0.0000
-284.4443 0.0000
-285.4979 0.0000
-284.8688 0.0000
-286.2025 0.0000
-285.4689 0.0000
-286.2713 0.0000
-285.5607 0.0000
-285.0768 0.0000
-285.1247 0.0000
-284.7694 0.0000
-284.8192 0.0000
-284.0043 0.0000
-285.1573 0.0000
-285.0250 0.0000
-285.3405 0.0000
-285.4746 0.0000
-286.1170 0.0000
-285.1000 0.0000
-285.2023 0.0000
-285.5065 0.0000
-285.4982 0.0000
-285.5313 0.0000
-285.4865 0.0000
-285.4553 0.0000
-285.8341 0.0000
-285.4878 0.0000
-284.2095 0.0000
-286.1602 0.0000
-285.7658 0.0000
-285.7022 0.0000
-284.9902 0.0000
-285.9162 0.0000
-285.8842 0.0000
-286.8654 0.0000
-286.1085 0.0000
-285.4783 0.0000
-286.5478 0.0000
-285.3795 0.0000
-285.9991 0.0000
-285.0304 0.0000
-284.9549 0.0000
-283.7785 0.0000
-282.8714 0.0000
-283.0488 0.0000
-283.4178 0.0000
-283.6269 0.0000
-283.3214 0.0000
-283.8494 0.0000
-283.8534 0.0000
-283.6602 0.0000
-283.1532 0.0000
-282.7146 0.0000
-283.6765 0.0000
-283.2938 0.0000
-283.9813 0.0000
-282.6100 0.0000
-282.7898 0.0000
-284.1338 0.0000
-284.6394 0.0000
-283.9844 0.0000
-285.1832 0.0000
-284.9145 0.0000
-283.6086 0.0000
-284.6186 0.0000
-284.3592 0.0000
-282.9772 0.0000
-283.9242 0.0000
-284.3119 0.0000
-284.3508 0.0000
-284.6997 0.0000
-284.2030 0.0000
-285.8429 0.0000
-285.5419 0.0000
-284.5332 0.0000
-284.3590 0.0000
-284.1898 0.0000
-284.9435 0.0000
-285.0384 0.0000
-285.6670 0.0000
-284.7848 0.0000
-284.1919 0.0000
-284.7402 0.0000
-285.2762 0.0000
-285.6072 0.0000
-285.5573 0.0000
-286.4229 0.0000
-285.4375 0.0000
-284.6735 0.0000
-285.4492 0.0000
-285.9201 0.0000
-286.3548 0.0000
-285.9430 0.0000
-285.6814 0.0000
-286.2670 0.0000
-285.9453 0.0000
-286.0628 0.0000
-285.5067 0.0000
-285.4214 0.0000
-285.9753 0.0000
-286.4433 0.0000
-287.3830 0.0000
-286.3284 0.0000
-286.6705 0.0000
-286.9821 0.0000
-287.0100 0.0000
-286.2418 0.0000
-286.5782 0.0000
-286.0949 0.0000
-286.5160 0.0000
-287.8650 0.0000
-285.8981 0.0000
-285.2738 0.0000
-285.8336 0.0000
-284.7445 0.0000
-285.4307 0.0000
-285.5659 0.0000
-285.9127 0.0000
-285.8826 0.0000
-287.2000 0.0000
-287.7683 0.0000
-286.7535 0.0000
-287.2993 0.0000
-287.5991 0.0000
-288.0616 0.0000
-288.1344 0.0000
-288.5681 0.0000
-287.3951 0.0000
-288.0436 0.0000
-288.5007 0.0000
-288.9545 0.0000
-290.0038 0.0000
-290.5465 0.0000
-290.7487 0.0000
-289.9039 0.0000
-290.8176 0.0000
-290.5089 0.0000
-290.8697 0.0000
-290.9812 0.0000
-291.0050 0.0000
-291.0822 0.0000
-291.5858 0.0000
-290.8990 0.0000
-291.0380 0.0000
-290.3655 0.0000
-290.9135 0.0000
-289.9902 0.0000
-288.8017 0.0000
-288.1736 0.0000
-288.1280 0.0000
-288.9529 0.0000
-288.9995 0.0000
-289.1508 0.0000
-289.1651 0.0000
-287.4313 0.0000
-289.6115 0.0000
-289.5987 0.0000
-289.1435 0.0000
-290.4475 0.0000
-289.4317 0.0000
-289.4489 0.0000
-289.5289 0.0000
-289.8504 0.0000
-291.0511 0.0000
-290.7029 0.0000
-290.3072 0.0000
-290.9217 0.0000
-291.7384 0.0000
-291.1893 0.0000
-291.2223 0.0000
-293.2467 0.0000
-291.0113 0.0000
-291.3092 0.0000
-291.4438 0.0000
-291.4438 0.0000
-291.3337 0.0000
-290.9652 0.0000
-290.5433 0.0000
-289.5643 0.0000
-288.7179 0.0000
-289.8511 0.0000
-290.0546 0.0000
-289.7943 0.0000
-290.0210 0.0000
-290.2732 0.0000
-289.5190 0.0000
-288.7088 0.0000
-288.0392 0.0000
-288.0854 0.0000
-289.8523 0.0000
-287.2252 0.0000
-286.3474 0.0000
-286.6245 0.0000
-286.1321 0.0000
-286.4005 0.0000
-287.4555 0.0000
-286.1773 0.0000
-285.7528 0.0000
-285.2307 0.0000
-284.0188 0.0000
-283.7422 0.0000
-283.7106 0.0000
-284.4929 0.0000
-284.2345 0.0000
-284.3900 0.0000
-284.1827 0.0000
-284.5055 0.0000
-283.8894 0.0000
-283.8335 0.0000
-283.7337 0.0000
-283.7567 0.0000
-284.5083 0.0000
-284.6318 0.0000
-284.0759 0.0000
-283.8879 0.0000
-284.8192 0.0000
-283.5051 0.0000
-285.1789 0.0000
-286.0353 0.0000
-285.4117 0.0000
-285.8677 0.0000
-286.4883 0.0000
-284.5673 0.0000
-286.3944 0.0000
-285.9701 0.0000
-285.3396 0.0000
-285.9526 0.0000
-287.8538 0.0000
-288.4352 0.0000
-289.5454 0.0000
-289.0164 0.0000
-290.3615 0.0000
-290.3705 0.0000
-290.8872 0.0000
-290.1633 0.0000
-290.8898 0.0000
-291.0951 0.0000
-290.3668 0.0000
-289.5175 0.0000
