-100.0000 -100.0000
-361.6222 0.0000
-360.2541 0.0000
-361.4964 0.0000
-361.1749 0.0000
-361.2476 0.0000
-361.7836 0.0000
-362.2680 0.0000
-362.3669 0.0000
-362.5855 0.0000
-364.6919 0.0000
-362.1478 0.0000
-362.5046 0.0000
-361.7165 0.0000
-364.3179 0.0000
-360.2117 0.0000
-361.5559 0.0000
-361.1083 0.0000
-361.8139 0.0000
-359.3551 0.0000
-359.6245 0.0000
-359.2370 0.0000
-359.6583 0.0000
-359.2491 0.0000
-357.6881 0.0000
-357.5158 0.0000
-357.3020 0.0000
-357.7706 0.0000
-359.4790 0.0000
-358.7291 0.0000
-358.9905 0.0000
-358.1861 0.0000
-359.3662 0.0000
-358.3005 0.0000
-357.9318 0.0000
-357.8269 0.0000
-357.6467 0.0000
-358.5824 0.0000
-360.0455 0.0000
-360.7868 0.0000
-359.6814 0.0000
-358.8531 0.0000
-358.3590 0.0000
-359.7202 0.0000
-360.0003 0.0000
-362.1558 0.0000
-361.0940 0.0000
-360.5930 0.0000
-362.1026 0.0000
-361.8021 0.0000
-361.6889 0.0000
-360.8199 0.0000
-361.5640 0.0000
-361.0016 0.0000
-360.5093 0.0000
-361.1408 0.0000
-361.5463 0.0000
-360.5195 0.0000
-360.9570 0.0000
-360.4769 0.0000
-361.5572 0.0000
-361.6943 0.0000
-360.2844 0.0000
-359.8741 0.0000
-359.0739 0.0000
-357.5800 0.0000
-358.5334 0.0000
-359.1041 0.0000
-358.7032 0.0000
-359.4718 0.0000
-359.1531 0.0000
-359.0317 0.0000
-359.5554 0.0000
-358.7624 0.0000
-358.5103 0.0000
-359.3120 0.0000
-359.9047 0.0000
-360.3658 0.0000
-360.6437 0.0000
-360.8266 0.0000
-359.9581 0.0000
-358.8443 0.0000
-358.5728 0.0000
-358.3827 0.0000
-357.6887 0.0000
-358.3470 0.0000
-358.5784 0.0000
-358.6256 0.0000
-359.4654 0.0000
-359.0543 0.0000
-357.9918 0.0000
-357.6739 0.0000
-359.5496 0.0000
-359.6678 0.0000
-359.8454 0.0000
-360.2935 0.0000
-359.4636 0.0000
-359.9218 0.0000
-361.3198 0.0000
-356.8589 0.0000
-356.7628 0.0000
-356.5071 0.0000
-356.1285 0.0000
-355.7888 0.0000
-355.6479 0.0000
-356.1112 0.0000
-357.7133 0.0000
-355.8896 0.0000
-357.5316 0.0000
-357.6746 0.0000
-357.3407 0.0000
-358.2337 0.0000
-360.1054 0.0000
-357.9036 0.0000
-357.7381 0.0000
-355.6817 0.0000
-354.8651 0.0000
-354.4547 0.0000
-355.5164 0.0000
-356.0154 0.0000
-354.5026 0.0000
-354.4956 0.0000
-355.8035 0.0000
-356.8812 0.0000
-357.3527 0.0000
-356.4725 0.0000
-355.3270 0.0000
-355.8302 0.0000
-358.4106 0.0000
-355.4157 0.0000
-355.7496 0.0000
-354.9287 0.0000
-355.3682 0.0000
-355.6227 0.0000
-356.5266 0.0000
-355.7182 0.0000
-354.5841 0.0000
-356.0164 0.0000
-355.2236 0.0000
-355.3780 0.0000
-356.1450 0.0000
-355.5795 0.0000
-354.4197 0.0000
-353.6531 0.0000
-352.9689 0.0000
-354.4878 0.0000
-354.7680 0.0000
-354.4363 0.0000
-353.1408 0.0000
-353.5721 0.0000
-355.5092 0.0000
-355.0789 0.0000
-355.1273 0.0000
-354.7848 0.0000
-354.8499 0.0000
-355.7269 0.0000
-356.4895 0.0000
-357.4426 0.0000
-356.6517 0.0000
-356.8231 0.0000
-356.0796 0.0000
-356.2900 0.0000
-356.3791 0.0000
-355.8627 0.0000
-356.2837 0.0000
-356.2367 0.0000
-354.8517 0.0000
-354.5946 0.0000
-353.1439 0.0000
-353.3199 0.0000
-352.0761 0.0000
-352.1709 0.0000
-351.3184 0.0000
-353.6900 0.0000
-354.0403 0.0000
-354.5114 0.0000
-353.8956 0.0000
-353.3202 0.0000
-353.8626 0.0000
-353.4380 0.0000
-353.4638 0.0000
-353.5905 0.0000
-353.6248 0.0000
-355.8817 0.0000
-356.2970 0.0000
-356.5966 0.0000
-357.0699 0.0000
-356.8656 0.0000
-355.1532 0.0000
-354.7579 0.0000
-355.4339 0.0000
-354.8401 0.0000
-354.0974 0.0000
-354.8194 0.0000
-355.5399 0.0000
-355.4575 0.0000
-355.3656 0.0000
-354.4906 0.0000
-355.4073 0.0000
-353.9858 0.0000
-355.2997 0.0000
-354.4915 0.0000
-355.9961 0.0000
-356.0518 0.0000
-356.8692 0.0000
-357.3704 0.0000
-357.8121 0.0000
-358.7014 0.0000
-358.2417 0.0000
-358.5873 0.0000
-358.9334 0.0000
-358.7459 0.0000
-358.8809 0.0000
-359.6464 0.0000
-358.4410 0.0000
-358.2268 0.0000
-358.2303 0.0000
-359.2164 0.0000
-360.1867 0.0000
-359.9389 0.0000
-359.3561 0.0000
-359.6451 0.0000
-359.7171 0.0000
-359.6199 0.0000
-359.5366 0.0000
-360.9511 0.0000
-360.1653 0.0000
-359.1482 0.0000
-358.9297 0.0000
-358.2028 0.0000
-359.3818 0.0000
-358.5934 0.0000
-357.9019 0.0000
-357.6906 0.0000
-357.7396 0.0000
-356.2271 0.0000
-356.5256 0.0000
-357.3986 0.0000
-354.5042 0.0000
-354.0258 0.0000
-353.4278 0.0000
-352.5229 0.0000
-353.2930 0.0000
-353.1857 0.0000
-353.1705 0.0000
-353.5918 0.0000
-353.6752 0.0000
-354.2779 0.0000
-353.7255 0.0000
-353.5028 0.0000
-353.2505 0.0000
-352.7733 0.0000
-351.8594 0.0000
-352.7346 0.0000
-353.8861 0.0000
-352.7752 0.0000
-353.0077 0.0000
-352.4719 0.0000
-353.9022 0.0000
-354.3588 0.0000
-354.4656 0.0000
-355.0688 0.0000
-355.3273 0.0000
-356.0401 0.0000
-355.8203 0.0000
-356.6007 0.0000
-356.5519 0.0000
-355.8108 0.0000
-355.8992 0.0000
-355.9238 0.0000
-356.4672 0.0000
-357.2811 0.0000
-357.2145 0.0000
-356.5305 0.0000
-357.1575 0.0000
-356.9622 0.0000
-357.4090 0.0000
-357.0081 0.0000
-356.4067 0.0000
-355.5658 0.0000
-356.5911 0.0000
-356.7263 0.0000
-358.0977 0.0000
-357.9193 0.0000
-359.2433 0.0000
-358.0225 0.0000
-358.8870 0.0000
-358.3625 0.0000
-357.4221 0.0000
-356.4610 0.0000
-356.6830 0.0000
-356.4652 0.0000
-357.7312 0.0000
-357.5580 0.0000
-358.1653 0.0000
-358.8679 0.0000
-359.0672 0.0000
-358.8190 0.0000
-358.5388 0.0000
-357.4080 0.0000
-356.0767 0.0000
-355.8464 0.0000
-355.7501 0.0000
-354.7789 0.0000
-353.6921 0.0000
-352.8812 0.0000
-352.0152 0.0000
-351.7321 0.0000
-353.4002 0.0000
-350.9060 0.0000
-351.2080 0.0000
-350.5746 0.0000
-350.9073 0.0000
-351.5274 0.0000
-352.1222 0.0000
-351.2358 0.0000
-351.7759 0.0000
-352.2612 0.0000
-352.1381 0.0000
-353.7292 0.0000
-354.1974 0.0000
-353.4509 0.0000
-353.8013 0.0000
-353.9790 0.0000
-353.3503 0.0000
-354.7087 0.0000
-355.3727 0.0000
-355.4573 0.0000
-356.6682 0.0000
-355.8664 0.0000
-355.4627 0.0000
-356.6752 0.0000
-355.9173 0.0000
-357.3783 0.0000
-357.1041 0.0000
-357.6229 0.0000
-357.2620 0.0000
-357.5378 0.0000
-357.5762 0.0000
-357.1730 0.0000
-357.1028 0.0000
-357.3408 0.0000
-357.7149 0.0000
-359.4267 0.0000
-358.9350 0.0000
-359.7073 0.0000
-358.8002 0.0000
-357.5695 0.0000
-358.6335 0.0000
-360.6735 0.0000
-358.6201 0.0000
-357.8209 0.0000
-356.8450 0.0000
-356.0754 0.0000
-355.6476 0.0000
-354.8227 0.0000
-354.1002 0.0000
-354.3209 0.0000
-353.8250 0.0000
-353.3944 0.0000
-353.8301 0.0000
-353.6826 0.0000
-354.4874 0.0000
-354.1108 0.0000
-355.4098 0.0000
-354.6754 0.0000
-355.5255 0.0000
-354.7563 0.0000
-353.4291 0.0000
-353.9801 0.0000
-353.6060 0.0000
-353.1307 0.0000
-352.0410 0.0000
-352.2412 0.0000
-352.4762 0.0000
-352.3349 0.0000
-352.2394 0.0000
-352.6351 0.0000
-351.2559 0.0000
-350.8501 0.0000
-350.6314 0.0000
-351.0687 0.0000
-350.4008 0.0000
-350.8916 0.0000
-350.1341 0.0000
-350.1010 0.0000
-349.7690 0.0000
-349.8333 0.0000
-349.4967 0.0000
-349.4398 0.0000
-350.1466 0.0000
-350.2700 0.0000
-349.3540 0.0000
-348.6439 0.0000
-349.9931 0.0000
-349.5575 0.0000
-350.0264 0.0000
-349.7485 0.0000
-348.9291 0.0000
-348.9761 0.0000
-348.7377 0.0000
-349.5675 0.0000
-350.4710 0.0000
-350.8657 0.0000
-351.1751 0.0000
-350.6463 0.0000
-351.2535 0.0000
-351.2412 0.0000
-351.1086 0.0000
-350.8306 0.0000
-350.6878 0.0000
-350.8059 0.0000
-351.0546 0.0000
-350.4064 0.0000
-350.1607 0.0000
-351.2909 0.0000
-350.9567 0.0000
-350.1268 0.0000
-349.7946 0.0000
-350.1337 0.0000
-350.2868 0.0000
-351.5833 0.0000
-351.2299 0.0000
-350.9179 0.0000
-350.7672 0.0000
-350.9590 0.0000
-351.0884 0.0000
-351.5108 0.0000
-351.0967 0.0000
-351.0660 0.0000
-351.1914 0.0000
-350.8281 0.0000
-351.1235 0.0000
-351.2627 0.0000
-350.3858 0.0000
-351.0978 0.0000
-351.2131 0.0000
-351.5665 0.0000
-352.0065 0.0000
-351.4666 0.0000
-351.2000 0.0000
-350.3337 0.0000
-350.0328 0.0000
-349.7702 0.0000
-350.6481 0.0000
-350.7272 0.0000
-351.3877 0.0000
-350.5141 0.0000
-350.6575 0.0000
-349.9826 0.0000
-350.2861 0.0000
-349.3462 0.0000
-349.7412 0.0000
-349.1649 0.0000
-349.4355 0.0000
-349.2339 0.0000
-348.7536 0.0000
-349.7056 0.0000
-349.5720 0.0000
-350.3439 0.0000
-350.0482 0.0000
-350.5936 0.0000
-350.3841 0.0000
-351.1942 0.0000
-350.0969 0.0000
-350.9366 0.0000
-349.5458 0.0000
-349.2411 0.0000
-349.5769 0.0000
-349.3710 0.0000
-349.8514 0.0000
-349.3480 0.0000
-349.0736 0.0000
-348.7157 0.0000
-349.7827 0.0000
-348.4485 0.0000
-348.3311 0.0000
-348.0896 0.0000
-348.5291 0.0000
-348.4157 0.0000
-347.8763 0.0000
-348.1412 0.0000
-348.9789 0.0000
-348.9194 0.0000
-348.7136 0.0000
-349.3016 0.0000
-349.2437 0.0000
-349.4324 0.0000
-349.5331 0.0000
-349.1189 0.0000
-349.6920 0.0000
-349.3893 0.0000
-350.5869 0.0000
-349.8033 0.0000
-350.4874 0.0000
-351.0996 0.0000
-351.2446 0.0000
-351.0825 0.0000
-350.3581 0.0000
-351.0461 0.0000
-350.9909 0.0000
-351.0028 0.0000
-349.9689 0.0000
-350.4091 0.0000
-351.6141 0.0000
-350.9272 0.0000
-351.2700 0.0000
-350.8753 0.0000
-351.0663 0.0000
-350.1761 0.0000
-350.6931 0.0000
-350.8891 0.0000
-350.3287 0.0000
-350.6029 0.0000
-350.8241 0.0000
-351.7191 0.0000
-351.7983 0.0000
-351.9132 0.0000
-352.3361 0.0000
-351.7637 0.0000
-353.2249 0.0000
-351.0146 0.0000
-351.9641 0.0000
-351.5107 0.0000
-353.3036 0.0000
-352.7685 0.0000
-352.8082 0.0000
-352.1002 0.0000
-351.5409 0.0000
-352.6539 0.0000
-352.4787 0.0000
-353.1963 0.0000
-354.1204 0.0000
-354.1702 0.0000
-353.2973 0.0000
-354.0184 0.0000
-353.4390 0.0000
-353.8010 0.0000
-353.9981 0.0000
-354.5053 0.0000
-353.8765 0.0000
-353.5035 0.0000
-353.7441 0.0000
-354.3047 0.0000
-352.8443 0.0000
-353.3985 0.0000
-353.3665 0.0000
-353.1047 0.0000
-352.4824 0.0000
-352.2995 0.0000
-352.0216 0.0000
-352.8953 0.0000
-353.8135 0.0000
-354.9999 0.0000
-354.4254 0.0000
-356.0677 0.0000
-355.7426 0.0000
-354.8933 0.0000
-354.3637 0.0000
-355.5589 0.0000
-355.1734 0.0000
-354.1267 0.0000
-355.6131 0.0000
-354.7833 0.0000
-354.2732 0.0000
-354.9911 0.0000
-354.5630 0.0000
-354.2667 0.0000
-355.4281 0.0000
-354.3232 0.0000
-354.8024 0.0000
-355.2851 0.0000
-355.2728 0.0000
-354.4392 0.0000
-355.1625 0.0000
-354.3068 0.0000
-354.0165 0.0000
-353.4127 0.0000
-352.7051 0.0000
-353.2625 0.0000
-352.4365 0.0000
-352.1134 0.0000
-351.7059 0.0000
-352.3306 0.0000
-351.9423 0.0000
-352.6249 0.0000
-351.8321 0.0000
-352.5378 0.0000
-351.0054 0.0000
-350.6429 0.0000
-350.5076 0.0000
-350.7238 0.0000
-350.9631 0.0000
-351.9021 0.0000
-352.4510 0.0000
-351.7068 0.0000
-351.6183 0.0000
-351.9760 0.0000
-351.8948 0.0000
-351.5909 0.0000
-352.0209 0.0000
-351.7208 0.0000
-351.0440 0.0000
-353.1982 0.0000
-351.2963 0.0000
-350.9590 0.0000
-351.4347 0.0000
-352.3518 0.0000
-351.7706 0.0000
-352.6917 0.0000
-355.0330 0.0000
-354.9065 0.0000
-354.8264 0.0000
-357.0761 0.0000
-355.3998 0.0000
-356.0073 0.0000
-353.6979 0.0000
-353.8217 0.0000
-354.3326 0.0000
-352.6902 0.0000
-356.1957 0.0000
-354.1360 0.0000
-352.4029 0.0000
-352.0589 0.0000
-352.3713 0.0000
-352.3248 0.0000
-352.3105 0.0000
-352.7150 0.0000
-353.3129 0.0000
-351.9400 0.0000
-351.4684 0.0000
-351.6091 0.0000
-350.1314 0.0000
-349.9102 0.0000
-350.4920 0.0000
-350.6679 0.0000
-348.6381 0.0000
-351.7333 0.0000
-350.4345 0.0000
-349.8055 0.0000
-351.1061 0.0000
-351.4882 0.0000
-350.6760 0.0000
-350.6809 0.0000
-350.7651 0.0000
-350.4601 0.0000
-350.8306 0.0000
-349.1513 0.0000
-349.1181 0.0000
-349.3351 0.0000
-348.7460 0.0000
-348.2634 0.0000
-348.6785 0.0000
-348.8961 0.0000
-349.5274 0.0000
-349.1170 0.0000
-348.7877 0.0000
-349.6194 0.0000
-349.6145 0.0000
-349.3020 0.0000
-348.2189 0.0000
-349.6340 0.0000
-348.3996 0.0000
-348.3937 0.0000
-348.7827 0.0000
-348.5338 0.0000
-349.8670 0.0000
-347.5812 0.0000
-347.2804 0.0000
-348.0403 0.0000
-347.9904 0.0000
-348.2196 0.0000
-348.0829 0.0000
-348.5111 0.0000
-347.4394 0.0000
-347.1609 0.0000
-347.0931 0.0000
-347.2613 0.0000
-347.9888 0.0000
-346.5495 0.0000
-347.7478 0.0000
-348.6960 0.0000
-348.6571 0.0000
-347.8531 0.0000
-348.5243 0.0000
-348.6561 0.0000
-347.8338 0.0000
-348.0047 0.0000
-348.7188 0.0000
-349.3370 0.0000
-346.9418 0.0000
-347.4588 0.0000
-346.9961 0.0000
-347.6655 0.0000
-349.2029 0.0000
-346.8789 0.0000
-347.0993 0.0000
-347.3258 0.0000
-347.5730 0.0000
-347.4696 0.0000
-347.5542 0.0000
-347.4871 0.0000
-346.8981 0.0000
-346.2409 0.0000
-345.5024 0.0000
-346.7700 0.0000
-346.9977 0.0000
-346.7805 0.0000
-347.6052 0.0000
-347.9378 0.0000
-347.0801 0.0000
-346.4925 0.0000
-346.7601 0.0000
-347.0052 0.0000
-346.4006 0.0000
-345.6070 0.0000
-345.5836 0.0000
-345.8670 0.0000
-346.1146 0.0000
-345.9776 0.0000
-345.5395 0.0000
-345.4961 0.0000
-345.1270 0.0000
-345.6051 0.0000
-345.1310 0.0000
-345.1528 0.0000
-344.6782 0.0000
-344.7360 0.0000
-345.7100 0.0000
-345.4359 0.0000
-345.2210 0.0000
-346.3554 0.0000
-344.8717 0.0000
-345.8355 0.0000
-346.4913 0.0000
-346.6697 0.0000
-346.3921 0.0000
-345.9385 0.0000
-346.0050 0.0000
-346.9957 0.0000
-345.4271 0.0000
-345.4540 0.0000
-345.2348 0.0000
-346.0057 0.0000
-345.4330 0.0000
-345.3390 0.0000
-345.4270 0.0000
-345.4284 0.0000
-345.4246 0.0000
-345.6443 0.0000
-345.5575 0.0000
-345.7034 0.0000
-345.1009 0.0000
-344.3711 0.0000
-344.6635 0.0000
-344.4696 0.0000
-344.4715 0.0000
-344.4332 0.0000
-344.9319 0.0000
-344.4570 0.0000
-344.2010 0.0000
-345.1423 0.0000
-344.1133 0.0000
-343.8418 0.0000
-343.7870 0.0000
-344.1816 0.0000
-343.8174 0.0000
-343.1860 0.0000
-343.6647 0.0000
-343.6465 0.0000
-343.3920 0.0000
-343.5574 0.0000
-343.6433 0.0000
-343.2549 0.0000
-344.0050 0.0000
-343.8533 0.0000
-343.8063 0.0000
-343.4545 0.0000
-344.1727 0.0000
-344.0759 0.0000
-343.7520 0.0000
-343.9675 0.0000
-343.8696 0.0000
-344.2088 0.0000
-344.1368 0.0000
-343.9814 0.0000
-343.5768 0.0000
-343.7243 0.0000
-343.5833 0.0000
-343.5442 0.0000
-344.2977 0.0000
-344.4069 0.0000
-344.4817 0.0000
-344.5038 0.0000
-344.4492 0.0000
-343.8165 0.0000
-345.0233 0.0000
-344.8683 0.0000
-345.2715 0.0000
-345.2625 0.0000
-344.7204 0.0000
-345.2564 0.0000
-345.1445 0.0000
-344.0603 0.0000
-344.6616 0.0000
-345.2444 0.0000
-345.2129 0.0000
-344.9649 0.0000
-344.8220 0.0000
-344.8012 0.0000
-345.0577 0.0000
-344.3800 0.0000
-344.9952 0.0000
-344.8181 0.0000
-344.3125 0.0000
-344.5272 0.0000
-344.5293 0.0000
-344.6525 0.0000
-344.5312 0.0000
-344.2518 0.0000
-344.8730 0.0000
-344.5386 0.0000
-344.9081 0.0000
-344.8044 0.0000
-344.6850 0.0000
-344.6472 0.0000
-345.1787 0.0000
-344.7623 0.0000
-344.8368 0.0000
-344.8560 0.0000
-344.7779 0.0000
-344.6245 0.0000
-344.9975 0.0000
-345.2755 0.0000
-344.4685 0.0000
-345.2749 0.0000
-344.4678 0.0000
-344.9685 0.0000
-345.2284 0.0000
-344.8317 0.0000
-344.4119 0.0000
-344.6842 0.0000
-344.8463 0.0000
-345.4848 0.0000
-344.6698 0.0000
-346.0842 0.0000
-345.7431 0.0000
-345.4125 0.0000
-345.2710 0.0000
-344.9443 0.0000
-345.1388 0.0000
-344.7729 0.0000
-345.1948 0.0000
-344.6245 0.0000
-344.6785 0.0000
-344.7457 0.0000
-345.1461 0.0000
-345.3005 0.0000
-345.6189 0.0000
-345.6519 0.0000
-344.5358 0.0000
-344.4287 0.0000
-344.4142 0.0000
-344.5657 0.0000
-344.6544 0.0000
-345.0407 0.0000
-344.8724 0.0000
-344.9443 0.0000
-344.4145 0.0000
-344.6768 0.0000
-345.0127 0.0000
-344.5958 0.0000
-345.0892 0.0000
-344.8736 0.0000
-345.2665 0.0000
-344.5000 0.0000
-344.7238 0.0000
-344.4352 0.0000
-343.8902 0.0000
-343.7535 0.0000
-343.3844 0.0000
-342.9879 0.0000
-343.5671 0.0000
-343.7646 0.0000
-343.4517 0.0000
-344.0836 0.0000
-343.5220 0.0000
-343.6812 0.0000
-344.0456 0.0000
-343.7487 0.0000
-344.4696 0.0000
-343.2500 0.0000
-343.8695 0.0000
-344.1906 0.0000
-343.1615 0.0000
-343.6480 0.0000
-343.7797 0.0000
-344.1485 0.0000
-343.7902 0.0000
-344.1753 0.0000
-344.1569 0.0000
-344.3203 0.0000
-344.3514 0.0000
-344.7506 0.0000
-344.2258 0.0000
-344.0732 0.0000
-344.3903 0.0000
-344.1029 0.0000
-344.4896 0.0000
-344.0069 0.0000
-344.6644 0.0000
-345.0511 0.0000
-344.6427 0.0000
-344.4915 0.0000
-345.5679 0.0000
-345.4199 0.0000
-344.1925 0.0000
-344.1115 0.0000
-344.2139 0.0000
-343.4309 0.0000
-343.4099 0.0000
-343.4339 0.0000
-343.9234 0.0000
-344.2502 0.0000
-344.8051 0.0000
-345.1158 0.0000
-344.5540 0.0000
-344.0476 0.0000
-343.3745 0.0000
-342.9207 0.0000
-343.3779 0.0000
-343.0943 0.0000
-343.4782 0.0000
-343.0195 0.0000
-343.4005 0.0000
-343.0528 0.0000
-343.4851 0.0000
-343.6708 0.0000
-344.0722 0.0000
-342.7786 0.0000
-343.0185 0.0000
-343.3764 0.0000
-343.6863 0.0000
-344.1006 0.0000
-344.1031 0.0000
-344.3313 0.0000
-344.4086 0.0000
-344.8132 0.0000
-344.5302 0.0000
-344.5560 0.0000
-344.7363 0.0000
-344.0188 0.0000
-344.8482 0.0000
-344.4072 0.0000
-344.8821 0.0000
-344.7282 0.0000
-344.6686 0.0000
-344.5623 0.0000
-344.1798 0.0000
-345.3240 0.0000
-345.1606 0.0000
-345.0511 0.0000
-344.9779 0.0000
-345.9003 0.0000
-344.8266 0.0000
-344.6971 0.0000
-344.9274 0.0000
-345.5431 0.0000
-345.3505 0.0000
-345.4298 0.0000
-345.2069 0.0000
-345.6175 0.0000
-344.6182 0.0000
-345.5886 0.0000
-345.6153 0.0000
-345.0352 0.0000
-345.7302 0.0000
-346.2076 0.0000
-345.2799 0.0000
-344.5599 0.0000
-345.2844 0.0000
-345.0185 0.0000
-344.7420 0.0000
-344.4925 0.0000
-344.0497 0.0000
-343.5605 0.0000
-343.2577 0.0000
-343.6617 0.0000
-343.6256 0.0000
-343.1536 0.0000
-344.1720 0.0000
-343.1288 0.0000
-343.4940 0.0000
-344.1927 0.0000
-343.1805 0.0000
-343.9262 0.0000
-344.6519 0.0000
-345.1597 0.0000
-344.4079 0.0000
-344.2900 0.0000
-345.0213 0.0000
-344.8437 0.0000
-344.1983 0.0000
-345.0890 0.0000
-345.7548 0.0000
-345.6153 0.0000
-345.2832 0.0000
-345.6653 0.0000
-345.6501 0.0000
-345.7934 0.0000
-346.1085 0.0000
-346.0199 0.0000
-344.9749 0.0000
-345.3118 0.0000
-345.3031 0.0000
-345.4755 0.0000
-344.4512 0.0000
-344.9774 0.0000
-344.5612 0.0000
-345.3779 0.0000
-345.6855 0.0000
-345.4393 0.0000
-345.8307 0.0000
-346.5010 0.0000
-346.7974 0.0000
-347.3665 0.0000
-347.5271 0.0000
-347.8372 0.0000
-346.7905 0.0000
-347.8861 0.0000
-346.4954 0.0000
-346.6182 0.0000
-347.5485 0.0000
-347.6014 0.0000
-347.6736 0.0000
-348.2454 0.0000
-348.2790 0.0000
-347.8931 0.0000
-347.9303 0.0000
-347.7374 0.0000
-349.2540 0.0000
-348.0982 0.0000
-347.4158 0.0000
-347.4247 0.0000
-347.5247 0.0000
-347.6446 0.0000
-347.1339 0.0000
-347.8834 0.0000
-347.6070 0.0000
-347.4172 0.0000
-347.5940 0.0000
-347.1275 0.0000
-346.6065 0.0000
-347.2876 0.0000
-348.4379 0.0000
-348.3124 0.0000
-347.9596 0.0000
-347.5667 0.0000
-348.0269 0.0000
-347.6309 0.0000
-346.9952 0.0000
-348.5070 0.0000
-348.1560 0.0000
-347.9178 0.0000
-348.0970 0.0000
-347.6402 0.0000
-347.8100 0.0000
-348.3111 0.0000
-347.9672 0.0000
-348.1672 0.0000
-346.8604 0.0000
-347.5371 0.0000
-345.6996 0.0000
-346.5786 0.0000
-345.1953 0.0000
-345.5758 0.0000
-345.2283 0.0000
-345.1831 0.0000
-345.0014 0.0000
-344.8547 0.0000
-345.2875 0.0000
-345.6811 0.0000
-345.3339 0.0000
-345.8124 0.0000
-345.3822 0.0000
-346.0653 0.0000
-345.1231 0.0000
-344.7523 0.0000
-344.3198 0.0000
-344.5245 0.0000
-344.5185 0.0000
-343.7855 0.0000
-343.6503 0.0000
-343.8327 0.0000
-343.7728 0.0000
-343.8535 0.0000
-344.0020 0.0000
-343.9136 0.0000
-343.2500 0.0000
-343.4631 0.0000
-342.8875 0.0000
-342.0610 0.0000
-341.9416 0.0000
-342.4685 0.0000
-342.3871 0.0000
-342.4778 0.0000
-342.3542 0.0000
-342.2402 0.0000
-343.1541 0.0000
-342.7484 0.0000
-342.0477 0.0000
-342.6172 0.0000
-342.2973 0.0000
-342.2613 0.0000
-341.6758 0.0000
-341.6086 0.0000
-342.2562 0.0000
-342.1615 0.0000
-342.5444 0.0000
-342.3109 0.0000
-341.9621 0.0000
-341.7409 0.0000
-342.0593 0.0000
-341.4852 0.0000
-341.3923 0.0000
-341.6516 0.0000
-341.8675 0.0000
-341.3469 0.0000
-341.4276 0.0000
-341.4071 0.0000
-341.2144 0.0000
-340.8561 0.0000
-341.2142 0.0000
-341.2135 0.0000
-341.5986 0.0000
-342.1296 0.0000
-342.4751 0.0000
-342.0953 0.0000
-341.8209 0.0000
-342.2953 0.0000
-342.1820 0.0000
-342.1516 0.0000
-342.4539 0.0000
-342.6967 0.0000
-342.9950 0.0000
-343.0379 0.0000
-342.9444 0.0000
-342.6173 0.0000
-342.7654 0.0000
-342.7298 0.0000
-342.5471 0.0000
-342.2953 0.0000
-342.8085 0.0000
-342.3593 0.0000
-342.4434 0.0000
-342.1676 0.0000
-341.9577 0.0000
-341.7605 0.0000
-341.9205 0.0000
-341.8305 0.0000
-341.2685 0.0000
-341.8507 0.0000
-342.0263 0.0000
-342.6904 0.0000
-342.2439 0.0000
-342.4868 0.0000
-343.1286 0.0000
-344.1243 0.0000
-343.7209 0.0000
-343.9212 0.0000
-343.7235 0.0000
-343.8757 0.0000
-343.8778 0.0000
-344.5123 0.0000
-345.2935 0.0000
-344.1725 0.0000
-344.2970 0.0000
-344.9272 0.0000
-344.7444 0.0000
-345.4369 0.0000
-344.8578 0.0000
-344.6859 0.0000
-344.6580 0.0000
-345.0707 0.0000
-344.9479 0.0000
-345.6109 0.0000
-346.2490 0.0000
-345.3603 0.0000
-345.2205 0.0000
-345.4808 0.0000
-345.6952 0.0000
-345.6369 0.0000
-345.7202 0.0000
-344.7985 0.0000
-344.6305 0.0000
-344.7327 0.0000
-344.5027 0.0000
-344.4159 0.0000
-344.7793 0.0000
-344.4116 0.0000
-344.1790 0.0000
-344.3574 0.0000
-343.3229 0.0000
-344.3578 0.0000
-344.4070 0.0000
-343.7423 0.0000
-343.8553 0.0000
-343.7418 0.0000
-343.2139 0.0000
-343.5458 0.0000
-343.8232 0.0000
-343.2731 0.0000
-343.6804 0.0000
-343.6824 0.0000
-342.3289 0.0000
-343.2019 0.0000
-342.6507 0.0000
-342.6458 0.0000
-342.4322 0.0000
-343.0547 0.0000
-343.5034 0.0000
-343.7194 0.0000
-344.2238 0.0000
-343.9515 0.0000
-344.5718 0.0000
-345.3839 0.0000
-345.0474 0.0000
-345.4918 0.0000
-345.6139 0.0000
-345.6646 0.0000
-345.3400 0.0000
-344.4475 0.0000
-344.6526 0.0000
-344.2157 0.0000
-344.1012 0.0000
-343.2618 0.0000
-342.8439 0.0000
-343.2485 0.0000
-343.8108 0.0000
-343.8552 0.0000
-343.7080 0.0000
-343.3142 0.0000
-343.8606 0.0000
-343.6861 0.0000
-344.4457 0.0000
-343.3395 0.0000
-343.1018 0.0000
-343.4707 0.0000
-343.6380 0.0000
-343.0634 0.0000
-343.3006 0.0000
-343.2775 0.0000
-343.0493 0.0000
-342.9297 0.0000
-342.9252 0.0000
-342.5592 0.0000
-342.2706 0.0000
-342.8434 0.0000
-342.0403 0.0000
-341.9782 0.0000
-342.0718 0.0000
-341.9103 0.0000
-342.1470 0.0000
-341.9919 0.0000
-342.3164 0.0000
-342.2975 0.0000
-342.5421 0.0000
-342.3218 0.0000
-342.4048 0.0000
-343.1080 0.0000
-341.9770 0.0000
-341.7074 0.0000
-341.7465 0.0000
-341.9014 0.0000
-342.0967 0.0000
-341.6001 0.0000
-341.4390 0.0000
-341.4144 0.0000
-341.6002 0.0000
-341.3620 0.0000
-341.1257 0.0000
-341.3233 0.0000
-341.1189 0.0000
-341.3797 0.0000
-341.5127 0.0000
-341.4224 0.0000
-341.4623 0.0000
-341.2193 0.0000
-341.6779 0.0000
-341.7199 0.0000
-341.6114 0.0000
-341.1920 0.0000
-341.9290 0.0000
-341.6095 0.0000
-342.0179 0.0000
-342.1253 0.0000
-341.8376 0.0000
-341.7214 0.0000
-342.0213 0.0000
-341.8999 0.0000
-341.4511 0.0000
-342.0391 0.0000
-342.1380 0.0000
-341.9988 0.0000
-342.0197 0.0000
-341.6491 0.0000
-341.3590 0.0000
-341.4600 0.0000
-341.4308 0.0000
-341.2754 0.0000
-341.3673 0.0000
-340.9610 0.0000
-341.2482 0.0000
-340.7794 0.0000
-340.5344 0.0000
-340.6743 0.0000
-340.8761 0.0000
-340.8269 0.0000
-340.9060 0.0000
-340.9408 0.0000
-340.8538 0.0000
-341.1076 0.0000
-340.8404 0.0000
-340.6401 0.0000
-340.6548 0.0000
-341.2050 0.0000
-341.0056 0.0000
-340.9577 0.0000
-340.8202 0.0000
-341.6384 0.0000
-341.5210 0.0000
-341.6972 0.0000
-341.6390 0.0000
-341.6360 0.0000
-341.9149 0.0000
-341.7919 0.0000
-341.7556 0.0000
-341.8771 0.0000
-341.7771 0.0000
-341.7236 0.0000
-341.7464 0.0000
-341.8027 0.0000
-341.9083 0.0000
-341.7144 0.0000
-341.4261 0.0000
-341.5008 0.0000
-341.4126 0.0000
-341.7427 0.0000
-341.6820 0.0000
-341.1449 0.0000
-341.1020 0.0000
-341.1734 0.0000
-341.4992 0.0000
-341.6289 0.0000
-341.5451 0.0000
-341.6195 0.0000
-341.7098 0.0000
-341.8344 0.0000
-341.7886 0.0000
-341.5877 0.0000
-341.8475 0.0000
-341.9959 0.0000
-341.9087 0.0000
-341.7186 0.0000
-341.6865 0.0000
-341.6925 0.0000
-341.8915 0.0000
-341.7808 0.0000
-341.8821 0.0000
-341.9233 0.0000
-342.6259 0.0000
-342.0328 0.0000
-341.9968 0.0000
-341.8338 0.0000
-341.8168 0.0000
-341.7415 0.0000
-342.1844 0.0000
-342.0857 0.0000
-341.5855 0.0000
-341.8658 0.0000
-341.9553 0.0000
-341.7116 0.0000
-341.9645 0.0000
-341.2459 0.0000
-342.0178 0.0000
-342.8778 0.0000
-342.9625 0.0000
-342.6267 0.0000
-342.9377 0.0000
-342.9846 0.0000
-342.5614 0.0000
-342.6103 0.0000
-342.6072 0.0000
-342.3222 0.0000
-342.5250 0.0000
-342.3978 0.0000
-341.9316 0.0000
-342.8519 0.0000
-342.6841 0.0000
-342.3837 0.0000
-342.5459 0.0000
-342.2075 0.0000
-342.3033 0.0000
-341.7404 0.0000
-342.6369 0.0000
-343.4873 0.0000
-342.5081 0.0000
-342.0899 0.0000
-342.3318 0.0000
-342.6277 0.0000
-342.2338 0.0000
-341.8574 0.0000
-341.8334 0.0000
-341.4796 0.0000
-341.7973 0.0000
-341.5114 0.0000
-341.7604 0.0000
-341.9729 0.0000
-341.7839 0.0000
-341.6788 0.0000
-341.4947 0.0000
-341.2384 0.0000
-341.1047 0.0000
-340.8765 0.0000
-340.7544 0.0000
-341.0561 0.0000
-340.8723 0.0000
-341.1265 0.0000
-341.0584 0.0000
-341.0531 0.0000
-341.3687 0.0000
-341.1361 0.0000
-341.1462 0.0000
-341.0942 0.0000
-340.7569 0.0000
-341.2042 0.0000
-340.9521 0.0000
-340.9978 0.0000
-340.6232 0.0000
-340.6925 0.0000
-340.9144 0.0000
-340.7754 0.0000
-340.6579 0.0000
-340.2941 0.0000
-339.9198 0.0000
-340.2362 0.0000
-340.2682 0.0000
-340.2740 0.0000
-340.2543 0.0000
-340.4440 0.0000
-340.1909 0.0000
-340.0695 0.0000
-340.0200 0.0000
-339.9098 0.0000
-339.7734 0.0000
-339.4605 0.0000
-339.7381 0.0000
-339.5982 0.0000
-339.5492 0.0000
-339.6964 0.0000
-339.6037 0.0000
-339.4265 0.0000
-339.5416 0.0000
-339.3543 0.0000
-339.4351 0.0000
-339.4508 0.0000
-339.5299 0.0000
-339.1589 0.0000
-339.1921 0.0000
-339.0298 0.0000
-339.0661 0.0000
-339.2557 0.0000
-339.0291 0.0000
-339.1394 0.0000
-338.9373 0.0000
-339.1086 0.0000
-339.1895 0.0000
-339.2146 0.0000
-339.1683 0.0000
-339.2380 0.0000
-339.1198 0.0000
-339.0468 0.0000
-339.1155 0.0000
-339.0283 0.0000
-338.9929 0.0000
-338.8799 0.0000
-338.8834 0.0000
-338.7541 0.0000
-338.9840 0.0000
-338.8162 0.0000
-338.6992 0.0000
-338.8558 0.0000
-338.7823 0.0000
-338.9153 0.0000
-339.0095 0.0000
-339.0528 0.0000
-338.9608 0.0000
-339.0128 0.0000
-338.9749 0.0000
-338.9546 0.0000
-339.0253 0.0000
-338.9987 0.0000
-338.8461 0.0000
-338.9294 0.0000
-339.1233 0.0000
-338.9835 0.0000
-339.1454 0.0000
-339.0018 0.0000
-339.0357 0.0000
-338.9736 0.0000
-339.0382 0.0000
-339.1023 0.0000
-339.0681 0.0000
-339.0111 0.0000
-339.0289 0.0000
-339.0099 0.0000
-338.9511 0.0000
-338.9380 0.0000
-339.0279 0.0000
-338.9586 0.0000
-339.1173 0.0000
-339.1479 0.0000
-339.0690 0.0000
-338.9831 0.0000
-338.8410 0.0000
-338.9823 0.0000
-338.9354 0.0000
-338.9205 0.0000
-339.0539 0.0000
-338.9852 0.0000
-339.0813 0.0000
-338.9092 0.0000
-338.9494 0.0000
-339.2151 0.0000
-339.0280 0.0000
-339.1065 0.0000
-339.1971 0.0000
-338.7738 0.0000
-338.9794 0.0000
-338.9507 0.0000
-339.0794 0.0000
-339.1070 0.0000
-339.0168 0.0000
-339.1083 0.0000
-338.8455 0.0000
-338.9604 0.0000
-338.9842 0.0000
-339.1034 0.0000
-338.8499 0.0000
-339.2135 0.0000
-338.9665 0.0000
-339.0107 0.0000
-338.8756 0.0000
-339.0586 0.0000
-339.1756 0.0000
-339.2215 0.0000
-339.3273 0.0000
-339.3458 0.0000
-339.4028 0.0000
-339.4894 0.0000
-339.5306 0.0000
-339.3642 0.0000
-339.5659 0.0000
-339.6629 0.0000
-339.4780 0.0000
-339.6309 0.0000
-339.5219 0.0000
-339.6176 0.0000
-339.6910 0.0000
-339.7714 0.0000
-339.6624 0.0000
-339.6758 0.0000
-339.8377 0.0000
-339.9371 0.0000
-340.1431 0.0000
-340.1822 0.0000
-340.0327 0.0000
-340.0665 0.0000
-340.0788 0.0000
-340.1470 0.0000
-340.2144 0.0000
-340.2547 0.0000
-340.3834 0.0000
-340.4503 0.0000
-340.9134 0.0000
-340.7354 0.0000
-340.6547 0.0000
-340.3751 0.0000
-340.2322 0.0000
-340.2076 0.0000
-340.1458 0.0000
-340.1864 0.0000
-340.1784 0.0000
-340.2453 0.0000
-340.3186 0.0000
-340.3928 0.0000
-340.4374 0.0000
-340.5443 0.0000
-340.7649 0.0000
-340.6161 0.0000
-340.7339 0.0000
-340.7628 0.0000
-340.8817 0.0000
-340.6359 0.0000
-340.5863 0.0000
-340.5837 0.0000
-340.8138 0.0000
-340.9494 0.0000
-340.6381 0.0000
-340.7004 0.0000
-340.7177 0.0000
-340.7214 0.0000
-340.7234 0.0000
-340.7447 0.0000
-340.6551 0.0000
-340.4302 0.0000
-340.7255 0.0000
-340.8312 0.0000
-340.6555 0.0000
-340.8989 0.0000
-340.9945 0.0000
-341.2733 0.0000
-340.6406 0.0000
-340.5495 0.0000
-340.6953 0.0000
-340.5167 0.0000
-340.5861 0.0000
-341.0678 0.0000
-341.2354 0.0000
-341.0240 0.0000
-340.7023 0.0000
-340.4949 0.0000
-340.6698 0.0000
-340.5632 0.0000
-340.5883 0.0000
-340.3639 0.0000
-340.4542 0.0000
-340.7381 0.0000
-340.7962 0.0000
-340.7734 0.0000
-340.9557 0.0000
-340.9325 0.0000
-341.2900 0.0000
-340.9627 0.0000
-340.7038 0.0000
-340.5755 0.0000
-340.5824 0.0000
-340.4046 0.0000
-340.6815 0.0000
-340.5037 0.0000
-340.2738 0.0000
-340.2694 0.0000
-340.2716 0.0000
-340.2853 0.0000
-340.5305 0.0000
-340.2311 0.0000
-340.2591 0.0000
-340.2015 0.0000
-340.2592 0.0000
-340.3452 0.0000
-340.1101 0.0000
-340.1621 0.0000
-340.2204 0.0000
-340.2354 0.0000
-340.0394 0.0000
-340.1149 0.0000
-340.1458 0.0000
-340.1642 0.0000
-340.1553 0.0000
-340.2250 0.0000
-339.9096 0.0000
-339.9125 0.0000
-340.0086 0.0000
-339.9072 0.0000
-340.0659 0.0000
-339.9176 0.0000
-340.1054 0.0000
-340.0983 0.0000
-339.8384 0.0000
-339.8595 0.0000
-339.8839 0.0000
-339.7779 0.0000
-339.9787 0.0000
-340.1124 0.0000
-340.1473 0.0000
-340.2083 0.0000
-340.2097 0.0000
-340.4928 0.0000
-340.5670 0.0000
-340.6601 0.0000
-340.4502 0.0000
-340.5424 0.0000
-340.3136 0.0000
-340.4832 0.0000
-340.3782 0.0000
-340.7674 0.0000
-341.2318 0.0000
-341.1927 0.0000
-341.4287 0.0000
-341.3996 0.0000
-341.4409 0.0000
-341.4065 0.0000
-341.6790 0.0000
-341.1660 0.0000
-341.3333 0.0000
-341.5637 0.0000
-341.6203 0.0000
-341.8565 0.0000
-342.0641 0.0000
-341.9420 0.0000
-342.0527 0.0000
-342.2589 0.0000
-342.5501 0.0000
-342.6164 0.0000
-342.5817 0.0000
-342.7106 0.0000
-342.6496 0.0000
-342.8879 0.0000
-342.9524 0.0000
-342.6859 0.0000
-342.7325 0.0000
-343.1039 0.0000
-343.2031 0.0000
-343.3485 0.0000
-343.0515 0.0000
-343.1933 0.0000
-343.5440 0.0000
-343.0807 0.0000
-342.3130 0.0000
-342.4341 0.0000
-342.6757 0.0000
-342.4697 0.0000
-342.5227 0.0000
-342.5579 0.0000
-342.3122 0.0000
-342.5741 0.0000
-342.5953 0.0000
-342.7131 0.0000
-342.6976 0.0000
-342.6573 0.0000
-342.9243 0.0000
-343.2107 0.0000
-343.0224 0.0000
-343.6111 0.0000
-343.3495 0.0000
-342.8750 0.0000
-343.1586 0.0000
-342.8225 0.0000
-342.1573 0.0000
-342.0068 0.0000
-342.1408 0.0000
-342.3160 0.0000
-342.2116 0.0000
-342.1313 0.0000
-342.1047 0.0000
-341.9859 0.0000
-342.1044 0.0000
-342.1467 0.0000
-342.0579 0.0000
-342.1884 0.0000
-342.0016 0.0000
-341.9887 0.0000
-341.8731 0.0000
-341.5680 0.0000
-341.6581 0.0000
-341.4649 0.0000
-341.2919 0.0000
-341.2339 0.0000
-341.1234 0.0000
-341.2548 0.0000
-341.1690 0.0000
-341.2473 0.0000
-341.3221 0.0000
-341.4986 0.0000
-341.7120 0.0000
-341.7732 0.0000
-341.7695 0.0000
-341.7228 0.0000
-341.6130 0.0000
-341.7287 0.0000
-341.5990 0.0000
-341.5230 0.0000
-341.3978 0.0000
-341.4908 0.0000
-341.8096 0.0000
-341.6469 0.0000
-341.5645 0.0000
-341.6280 0.0000
-341.4839 0.0000
-341.5611 0.0000
-341.3434 0.0000
-341.5619 0.0000
-341.7217 0.0000
-341.5600 0.0000
-341.7827 0.0000
-341.4227 0.0000
-341.8354 0.0000
-341.7457 0.0000
-341.8575 0.0000
-341.6703 0.0000
-341.5192 0.0000
-341.4003 0.0000
-341.5458 0.0000
-341.2194 0.0000
-341.3719 0.0000
-341.5398 0.0000
-341.0750 0.0000
-341.0263 0.0000
-341.1375 0.0000
-340.8973 0.0000
-341.0253 0.0000
-340.9396 0.0000
-340.8264 0.0000
-340.8455 0.0000
-340.8562 0.0000
-340.8440 0.0000
-340.7919 0.0000
-340.8228 0.0000
-340.7513 0.0000
-340.7545 0.0000
-340.8463 0.0000
-340.7334 0.0000
-340.7602 0.0000
-340.6907 0.0000
-340.6682 0.0000
-340.6661 0.0000
-340.7075 0.0000
-340.7407 0.0000
-340.6248 0.0000
-340.7096 0.0000
-340.6864 0.0000
-340.6586 0.0000
-340.6555 0.0000
-340.6136 0.0000
-340.2857 0.0000
-340.2515 0.0000
-340.1481 0.0000
-340.3036 0.0000
-340.1994 0.0000
-340.1410 0.0000
-340.1009 0.0000
-340.0079 0.0000
-339.8830 0.0000
-339.9220 0.0000
-339.8591 0.0000
-339.7837 0.0000
-339.7127 0.0000
-339.8087 0.0000
-339.8905 0.0000
-339.9730 0.0000
-340.1317 0.0000
-340.1546 0.0000
-340.0883 0.0000
-340.2203 0.0000
-340.0927 0.0000
-340.2354 0.0000
-340.2652 0.0000
-340.3775 0.0000
-340.4756 0.0000
-340.4001 0.0000
-340.4228 0.0000
-340.2824 0.0000
-340.2374 0.0000
-340.3270 0.0000
-340.1259 0.0000
-340.1059 0.0000
-340.2065 0.0000
-340.2948 0.0000
-340.3160 0.0000
-340.2879 0.0000
-340.4337 0.0000
-340.2923 0.0000
-340.3281 0.0000
-340.3651 0.0000
-340.3708 0.0000
-340.3179 0.0000
-340.3824 0.0000
-340.3517 0.0000
-340.2789 0.0000
-340.3015 0.0000
-340.1700 0.0000
-340.2294 0.0000
-340.2081 0.0000
-340.1946 0.0000
-340.2651 0.0000
-340.2464 0.0000
-340.1834 0.0000
-340.2334 0.0000
-340.2611 0.0000
-340.3063 0.0000
-340.2148 0.0000
-340.0473 0.0000
-339.9938 0.0000
-340.0122 0.0000
-340.1795 0.0000
-340.1987 0.0000
-340.1130 0.0000
-340.0675 0.0000
-340.0440 0.0000
-340.0460 0.0000
-340.1211 0.0000
-340.1298 0.0000
-340.1171 0.0000
-340.1392 0.0000
-340.0652 0.0000
-340.0368 0.0000
-339.9619 0.0000
-339.9374 0.0000
-340.0363 0.0000
-339.9436 0.0000
-339.9094 0.0000
-340.0163 0.0000
-340.1752 0.0000
-340.1209 0.0000
-340.0968 0.0000
-340.0397 0.0000
-340.0084 0.0000
-339.9914 0.0000
-339.9787 0.0000
-339.8786 0.0000
-339.7580 0.0000
-339.7833 0.0000
-339.6440 0.0000
-339.5763 0.0000
-339.6520 0.0000
-339.5448 0.0000
-339.5360 0.0000
-339.5714 0.0000
-339.5965 0.0000
-339.5712 0.0000
-339.6075 0.0000
-339.5644 0.0000
-339.5784 0.0000
-339.5212 0.0000
-339.4661 0.0000
-339.4564 0.0000
-339.4495 0.0000
-339.4817 0.0000
-339.4121 0.0000
-339.4237 0.0000
-339.4774 0.0000
-339.4421 0.0000
-339.4206 0.0000
-339.3644 0.0000
-339.4514 0.0000
-339.4964 0.0000
-339.4631 0.0000
-339.4863 0.0000
-339.4198 0.0000
-339.4093 0.0000
-339.3399 0.0000
-339.3599 0.0000
-339.3206 0.0000
-339.3798 0.0000
-339.3324 0.0000
-339.2762 0.0000
-339.3123 0.0000
-339.3012 0.0000
-339.3333 0.0000
-339.3770 0.0000
-339.3802 0.0000
-339.3962 0.0000
-339.4263 0.0000
-339.3861 0.0000
-339.3991 0.0000
-339.3995 0.0000
-339.4355 0.0000
-339.4222 0.0000
-339.6145 0.0000
-339.6314 0.0000
-339.6214 0.0000
-339.5957 0.0000
-339.6529 0.0000
-339.6433 0.0000
-339.6578 0.0000
-339.6628 0.0000
-339.7354 0.0000
-339.7015 0.0000
-339.7282 0.0000
-339.6668 0.0000
-339.6737 0.0000
-339.6292 0.0000
-339.6592 0.0000
-339.6907 0.0000
-339.7353 0.0000
-339.6826 0.0000
-339.6449 0.0000
-339.6935 0.0000
-339.6783 0.0000
-339.6491 0.0000
-339.6087 0.0000
-339.6404 0.0000
-339.6700 0.0000
-339.6254 0.0000
-339.6380 0.0000
-339.6139 0.0000
-339.6818 0.0000
-339.6457 0.0000
-339.6835 0.0000
-339.7249 0.0000
-339.6662 0.0000
-339.6673 0.0000
-339.7354 0.0000
-339.6982 0.0000
-339.7419 0.0000
-339.7669 0.0000
-339.8102 0.0000
-339.7768 0.0000
-339.7479 0.0000
-339.7020 0.0000
-339.8306 0.0000
-339.8041 0.0000
-339.8832 0.0000
-339.9772 0.0000
-339.9796 0.0000
-339.9946 0.0000
-340.0649 0.0000
-340.0784 0.0000
-340.1243 0.0000
-340.0882 0.0000
-339.9917 0.0000
-339.9725 0.0000
-340.0054 0.0000
-340.0497 0.0000
-340.0316 0.0000
-340.1556 0.0000
-340.2110 0.0000
-340.0697 0.0000
-339.9997 0.0000
-339.9439 0.0000
-339.8941 0.0000
-339.9316 0.0000
-339.8681 0.0000
-339.9492 0.0000
-339.8439 0.0000
-339.8672 0.0000
-339.7921 0.0000
-339.7250 0.0000
-339.7865 0.0000
-339.8437 0.0000
-339.7191 0.0000
-339.7218 0.0000
-339.6704 0.0000
-339.5853 0.0000
-339.6689 0.0000
-339.6648 0.0000
-339.6501 0.0000
-339.6404 0.0000
-339.5967 0.0000
-339.6428 0.0000
-339.6431 0.0000
-339.5720 0.0000
-339.6192 0.0000
-339.5755 0.0000
-339.6664 0.0000
-339.5902 0.0000
-339.6508 0.0000
-339.6753 0.0000
-339.6227 0.0000
-339.6612 0.0000
-339.6575 0.0000
-339.6394 0.0000
-339.7058 0.0000
-339.7276 0.0000
-339.7225 0.0000
-339.7651 0.0000
-339.8006 0.0000
-339.7299 0.0000
-339.8016 0.0000
-339.6943 0.0000
-339.7163 0.0000
-339.7335 0.0000
-339.7939 0.0000
-339.6541 0.0000
-339.6707 0.0000
-339.6897 0.0000
-339.6867 0.0000
-339.7298 0.0000
-339.7499 0.0000
-339.6439 0.0000
-339.6647 0.0000
-339.6441 0.0000
-339.6375 0.0000
-339.5991 0.0000
-339.6126 0.0000
-339.6129 0.0000
-339.6198 0.0000
-339.5250 0.0000
-339.5902 0.0000
-339.5342 0.0000
-339.4809 0.0000
-339.5183 0.0000
-339.4703 0.0000
-339.4481 0.0000
-339.5226 0.0000
-339.5234 0.0000
-339.5608 0.0000
-339.6073 0.0000
-339.5965 0.0000
-339.5904 0.0000
-339.5863 0.0000
-339.5688 0.0000
-339.4849 0.0000
-339.4655 0.0000
-339.4404 0.0000
-339.4762 0.0000
-339.4657 0.0000
-339.4199 0.0000
-339.4701 0.0000
-339.4381 0.0000
-339.4337 0.0000
-339.4358 0.0000
-339.4874 0.0000
-339.4677 0.0000
-339.4886 0.0000
-339.4997 0.0000
-339.5304 0.0000
-339.5525 0.0000
-339.5295 0.0000
-339.5050 0.0000
-339.5076 0.0000
-339.4555 0.0000
-339.4455 0.0000
-339.4469 0.0000
-339.4112 0.0000
-339.4810 0.0000
-339.4398 0.0000
-339.4858 0.0000
-339.4415 0.0000
-339.4311 0.0000
-339.4738 0.0000
-339.4566 0.0000
-339.4605 0.0000
-339.4069 0.0000
-339.4068 0.0000
-339.3888 0.0000
-339.3423 0.0000
-339.3762 0.0000
-339.3610 0.0000
-339.3639 0.0000
-339.3395 0.0000
-339.3645 0.0000
-339.3578 0.0000
-339.3562 0.0000
-339.3492 0.0000
-339.3806 0.0000
-339.3405 0.0000
-339.3404 0.0000
-339.3196 0.0000
-339.2906 0.0000
-339.3610 0.0000
-339.3494 0.0000
-339.3240 0.0000
-339.3894 0.0000
-339.3719 0.0000
-339.3752 0.0000
-339.3837 0.0000
-339.3813 0.0000
-339.3771 0.0000
-339.4157 0.0000
-339.3754 0.0000
-339.3810 0.0000
-339.3887 0.0000
-339.3932 0.0000
-339.3712 0.0000
-339.3660 0.0000
-339.3661 0.0000
-339.3596 0.0000
-339.3593 0.0000
-339.3243 0.0000
-339.3107 0.0000
-339.3062 0.0000
-339.3003 0.0000
-339.2757 0.0000
-339.2831 0.0000
-339.2754 0.0000
-339.2609 0.0000
-339.2660 0.0000
-339.2714 0.0000
-339.2916 0.0000
-339.3152 0.0000
-339.3364 0.0000
-339.3123 0.0000
-339.3487 0.0000
-339.3890 0.0000
-339.3976 0.0000
-339.3629 0.0000
-339.3880 0.0000
-339.3793 0.0000
-339.3816 0.0000
-339.4042 0.0000
-339.4678 0.0000
-339.4091 0.0000
-339.4134 0.0000
-339.3834 0.0000
-339.3723 0.0000
-339.4055 0.0000
-339.4010 0.0000
-339.3963 0.0000
-339.4170 0.0000
-339.4123 0.0000
-339.4016 0.0000
-339.3812 0.0000
-339.3832 0.0000
-339.4508 0.0000
-339.4382 0.0000
-339.3709 0.0000
-339.3907 0.0000
-339.3569 0.0000
-339.3766 0.0000
-339.3806 0.0000
-339.4243 0.0000
-339.4129 0.0000
-339.3624 0.0000
-339.3945 0.0000
-339.3924 0.0000
-339.3378 0.0000
-339.3736 0.0000
-339.3475 0.0000
-339.3999 0.0000
-339.3881 0.0000
-339.4264 0.0000
-339.4298 0.0000
-339.4161 0.0000
-339.4300 0.0000
-339.4159 0.0000
-339.4138 0.0000
-339.4471 0.0000
-339.3791 0.0000
-339.4201 0.0000
-339.4199 0.0000
-339.3746 0.0000
-339.3998 0.0000
-339.3983 0.0000
-339.3584 0.0000
-339.4166 0.0000
-339.4212 0.0000
-339.3760 0.0000
-339.3585 0.0000
-339.3815 0.0000
-339.3391 0.0000
-339.3540 0.0000
-339.3345 0.0000
-339.3816 0.0000
-339.3620 0.0000
-339.4074 0.0000
-339.4141 0.0000
-339.3870 0.0000
-339.3850 0.0000
-339.3932 0.0000
-339.3452 0.0000
-339.3574 0.0000
-339.4055 0.0000
-339.3655 0.0000
-339.4061 0.0000
-339.3662 0.0000
-339.3534 0.0000
-339.3800 0.0000
-339.3791 0.0000
-339.3252 0.0000
-339.3270 0.0000
-339.3409 0.0000
-339.3330 0.0000
-339.3301 0.0000
-339.3611 0.0000
-339.3947 0.0000
-339.3459 0.0000
-339.3345 0.0000
-339.3448 0.0000
-339.3317 0.0000
-339.3298 0.0000
-339.2616 0.0000
-339.2780 0.0000
-339.2439 0.0000
-339.2448 0.0000
-339.1943 0.0000
-339.1707 0.0000
-339.1821 0.0000
-339.1610 0.0000
-339.1867 0.0000
-339.1646 0.0000
-339.1757 0.0000
-339.1558 0.0000
-339.1783 0.0000
-339.1637 0.0000
-339.1807 0.0000
-339.1644 0.0000
-339.1714 0.0000
-339.1697 0.0000
-339.1728 0.0000
-339.1520 0.0000
-339.1440 0.0000
-339.1255 0.0000
-339.1461 0.0000
-339.1351 0.0000
-339.1107 0.0000
-339.0896 0.0000
-339.0797 0.0000
-339.0673 0.0000
-339.0561 0.0000
-339.0743 0.0000
-339.0335 0.0000
-339.0607 0.0000
-339.0404 0.0000
-339.0377 0.0000
-339.0322 0.0000
-339.0389 0.0000
-339.0386 0.0000
-339.0433 0.0000
-339.0516 0.0000
-339.0230 0.0000
-339.0377 0.0000
-339.0094 0.0000
-339.0170 0.0000
-339.0337 0.0000
-339.0590 0.0000
-339.0616 0.0000
-339.0731 0.0000
-339.0745 0.0000
-339.0666 0.0000
-339.0755 0.0000
-339.0811 0.0000
-339.0867 0.0000
-339.0975 0.0000
-339.1185 0.0000
-339.1030 0.0000
-339.0978 0.0000
-339.0828 0.0000
-339.0667 0.0000
-339.0978 0.0000
-339.0895 0.0000
-339.0797 0.0000
-339.0801 0.0000
-339.0931 0.0000
-339.0714 0.0000
-339.0933 0.0000
-339.0765 0.0000
-339.0641 0.0000
-339.0639 0.0000
-339.0524 0.0000
-339.0673 0.0000
-339.0495 0.0000
-339.0363 0.0000
-339.0523 0.0000
-339.0621 0.0000
-339.0630 0.0000
-339.0530 0.0000
-339.0654 0.0000
-339.0613 0.0000
-339.0686 0.0000
-339.0640 0.0000
-339.0687 0.0000
-339.0567 0.0000
-339.0563 0.0000
-339.0447 0.0000
-339.0688 0.0000
-339.0672 0.0000
-339.0779 0.0000
-339.1019 0.0000
-339.0952 0.0000
-339.1031 0.0000
-339.0932 0.0000
-339.1221 0.0000
-339.1548 0.0000
-339.1471 0.0000
-339.1451 0.0000
-339.1429 0.0000
-339.1171 0.0000
-339.1222 0.0000
-339.1177 0.0000
-339.1110 0.0000
-339.1369 0.0000
-339.1364 0.0000
-339.1448 0.0000
-339.1252 0.0000
-339.1119 0.0000
-339.1239 0.0000
-339.1116 0.0000
-339.0921 0.0000
-339.1225 0.0000
-339.1116 0.0000
-339.0936 0.0000
-339.1143 0.0000
-339.1256 0.0000
-339.1178 0.0000
-339.1087 0.0000
-339.0781 0.0000
-339.1279 0.0000
-339.1522 0.0000
-339.1145 0.0000
-339.1112 0.0000
-339.1074 0.0000
-339.0869 0.0000
-339.1155 0.0000
-339.0990 0.0000
-339.0967 0.0000
-339.1115 0.0000
-339.0935 0.0000
-339.0842 0.0000
-339.1005 0.0000
-339.0792 0.0000
-339.0929 0.0000
-339.0625 0.0000
-339.0323 0.0000
-339.0449 0.0000
-339.0469 0.0000
-339.0174 0.0000
-339.0162 0.0000
-339.0327 0.0000
-339.0355 0.0000
-339.0351 0.0000
-339.0294 0.0000
-339.0405 0.0000
-339.0377 0.0000
-339.0215 0.0000
-339.0480 0.0000
-339.0192 0.0000
-339.0212 0.0000
-339.0378 0.0000
-339.0466 0.0000
-339.0340 0.0000
-339.0299 0.0000
-339.0286 0.0000
-339.0394 0.0000
-339.0287 0.0000
-339.0457 0.0000
-339.0433 0.0000
-339.0418 0.0000
-339.0737 0.0000
-339.0812 0.0000
-339.0692 0.0000
-339.0977 0.0000
-339.0783 0.0000
-339.0829 0.0000
-339.0994 0.0000
-339.1330 0.0000
-339.1019 0.0000
-339.0950 0.0000
-339.1079 0.0000
-339.0917 0.0000
-339.1092 0.0000
-339.0950 0.0000
-339.0991 0.0000
-339.1006 0.0000
-339.0868 0.0000
-339.1169 0.0000
-339.1222 0.0000
-339.1204 0.0000
-339.1287 0.0000
-339.0993 0.0000
-339.0962 0.0000
-339.0918 0.0000
-339.1122 0.0000
-339.0813 0.0000
-339.0983 0.0000
-339.0942 0.0000
-339.0920 0.0000
-339.0791 0.0000
-339.0837 0.0000
-339.0991 0.0000
-339.0897 0.0000
-339.0601 0.0000
-339.0978 0.0000
-339.0793 0.0000
-339.0793 0.0000
-339.0713 0.0000
-339.0823 0.0000
-339.1101 0.0000
-339.0752 0.0000
-339.0837 0.0000
-339.0732 0.0000
-339.0719 0.0000
-339.0778 0.0000
-339.0723 0.0000
-339.1039 0.0000
-339.0828 0.0000
-339.0674 0.0000
-339.0645 0.0000
-339.0539 0.0000
-339.0907 0.0000
-339.1097 0.0000
-339.1010 0.0000
-339.0858 0.0000
-339.0818 0.0000
-339.0736 0.0000
-339.0590 0.0000
-339.0822 0.0000
-339.0536 0.0000
-339.0732 0.0000
-339.0586 0.0000
-339.0750 0.0000
-339.0580 0.0000
-339.0611 0.0000
-339.0507 0.0000
-339.0521 0.0000
-339.0661 0.0000
-339.0656 0.0000
-339.0645 0.0000
-339.0427 0.0000
-339.0318 0.0000
-339.0377 0.0000
-339.0357 0.0000
-339.0304 0.0000
-339.0316 0.0000
-339.0353 0.0000
-339.0255 0.0000
-339.0257 0.0000
-339.0491 0.0000
-339.0521 0.0000
-339.0640 0.0000
-339.0502 0.0000
-339.0692 0.0000
-339.0527 0.0000
-339.0479 0.0000
-339.0588 0.0000
-339.0556 0.0000
-339.0645 0.0000
-339.0773 0.0000
-339.0498 0.0000
-339.0362 0.0000
-339.0352 0.0000
-339.0353 0.0000
-339.0352 0.0000
-339.0119 0.0000
-339.0317 0.0000
-339.0367 0.0000
-339.0339 0.0000
-339.0465 0.0000
-339.0479 0.0000
-339.0375 0.0000
-339.0335 0.0000
-339.0152 0.0000
-339.0100 0.0000
-339.0197 0.0000
-339.0357 0.0000
-339.0289 0.0000
-339.0240 0.0000
-339.0293 0.0000
-339.0270 0.0000
-339.0317 0.0000
-339.0237 0.0000
-339.0212 0.0000
-339.0271 0.0000
-339.0185 0.0000
-339.0140 0.0000
-339.0300 0.0000
-339.0333 0.0000
-339.0241 0.0000
-339.0309 0.0000
-339.0190 0.0000
-339.0312 0.0000
-339.0185 0.0000
-339.0228 0.0000
-339.0215 0.0000
-339.0285 0.0000
-339.0291 0.0000
-339.0425 0.0000
-339.0168 0.0000
-339.0220 0.0000
-339.0204 0.0000
-339.0145 0.0000
-339.0238 0.0000
-339.0258 0.0000
-339.0381 0.0000
-339.0241 0.0000
-339.0333 0.0000
-339.0251 0.0000
-339.0183 0.0000
-339.0245 0.0000
-339.0332 0.0000
-339.0274 0.0000
-339.0300 0.0000
-339.0201 0.0000
-339.0240 0.0000
-339.0304 0.0000
-339.0275 0.0000
-339.0110 0.0000
-339.0090 0.0000
-339.0100 0.0000
-338.9968 0.0000
-339.0046 0.0000
-338.9865 0.0000
-339.0098 0.0000
-339.0003 0.0000
-338.9958 0.0000
-338.9942 0.0000
-338.9882 0.0000
-339.0115 0.0000
-338.9938 0.0000
-339.0083 0.0000
-338.9930 0.0000
-338.9997 0.0000
-339.0096 0.0000
-338.9874 0.0000
-338.9929 0.0000
-338.9757 0.0000
-338.9844 0.0000
-338.9802 0.0000
-338.9838 0.0000
-338.9876 0.0000
-338.9886 0.0000
-338.9861 0.0000
-339.0022 0.0000
-339.0089 0.0000
-339.0158 0.0000
-338.9945 0.0000
-339.0003 0.0000
-339.0134 0.0000
-339.0077 0.0000
-339.0087 0.0000
-338.9975 0.0000
-339.0243 0.0000
-339.0029 0.0000
-339.0021 0.0000
-338.9868 0.0000
-338.9957 0.0000
-338.9967 0.0000
-338.9983 0.0000
-339.0071 0.0000
-338.9970 0.0000
-339.0060 0.0000
-339.0094 0.0000
-338.9869 0.0000
-338.9644 0.0000
-338.9726 0.0000
-338.9664 0.0000
-338.9724 0.0000
-338.9798 0.0000
-338.9836 0.0000
-338.9768 0.0000
-338.9867 0.0000
-338.9862 0.0000
-338.9705 0.0000
-338.9575 0.0000
-338.9498 0.0000
-338.9395 0.0000
-338.9260 0.0000
-338.9346 0.0000
-338.9447 0.0000
-338.9461 0.0000
-338.9443 0.0000
-338.9491 0.0000
-338.9366 0.0000
-338.9345 0.0000
-338.9203 0.0000
-338.9271 0.0000
-338.9202 0.0000
-338.9358 0.0000
-338.9569 0.0000
-338.9548 0.0000
-338.9362 0.0000
-338.9485 0.0000
-338.9430 0.0000
-338.9360 0.0000
-338.9693 0.0000
-338.9636 0.0000
-338.9923 0.0000
-338.9919 0.0000
-339.0029 0.0000
-338.9826 0.0000
-338.9686 0.0000
-338.9515 0.0000
-338.9495 0.0000
-338.9531 0.0000
-338.9432 0.0000
-338.9713 0.0000
-338.9368 0.0000
-338.9503 0.0000
-338.9481 0.0000
-338.9513 0.0000
-338.9514 0.0000
-338.9508 0.0000
-338.9791 0.0000
-338.9558 0.0000
-338.9299 0.0000
-338.9387 0.0000
-338.9390 0.0000
-338.9228 0.0000
-338.9201 0.0000
-338.9629 0.0000
-338.9734 0.0000
-338.9805 0.0000
-338.9812 0.0000
-339.0010 0.0000
-338.9927 0.0000
-338.9684 0.0000
-338.9889 0.0000
-339.0141 0.0000
-339.0231 0.0000
-339.0004 0.0000
-338.9873 0.0000
-339.0185 0.0000
-339.0266 0.0000
-339.0063 0.0000
-339.0381 0.0000
-339.0345 0.0000
-339.0192 0.0000
-339.0531 0.0000
-339.0408 0.0000
-339.0668 0.0000
-339.0573 0.0000
-339.0818 0.0000
-339.0899 0.0000
-339.1110 0.0000
-339.1434 0.0000
-339.1299 0.0000
-339.0937 0.0000
-339.1059 0.0000
-339.0781 0.0000
-339.0653 0.0000
-339.0688 0.0000
-339.0681 0.0000
-339.0369 0.0000
-339.0598 0.0000
-339.0661 0.0000
-339.0797 0.0000
-339.1011 0.0000
-339.0752 0.0000
-339.0925 0.0000
-339.0932 0.0000
-339.0494 0.0000
-339.0832 0.0000
-339.0687 0.0000
-339.0668 0.0000
-339.0645 0.0000
-339.0571 0.0000
-339.0144 0.0000
-339.0246 0.0000
-339.0072 0.0000
-339.0101 0.0000
-338.9801 0.0000
-338.9952 0.0000
-339.0008 0.0000
-338.9823 0.0000
-338.9850 0.0000
-338.9616 0.0000
-338.9673 0.0000
-338.9450 0.0000
-338.9459 0.0000
-338.9556 0.0000
-338.9812 0.0000
-338.9705 0.0000
-338.9558 0.0000
-338.9851 0.0000
-338.9316 0.0000
-338.9491 0.0000
-338.9670 0.0000
-338.9505 0.0000
-338.9630 0.0000
-338.9563 0.0000
-338.9791 0.0000
-338.9591 0.0000
-338.9638 0.0000
-338.9836 0.0000
-338.9780 0.0000
-338.9935 0.0000
-338.9729 0.0000
-338.9850 0.0000
-339.0255 0.0000
-339.0330 0.0000
-338.9932 0.0000
-339.0280 0.0000
-339.0029 0.0000
-339.0172 0.0000
-339.0150 0.0000
-339.0095 0.0000
-338.9909 0.0000
-338.9798 0.0000
-338.9764 0.0000
-339.0143 0.0000
-338.9767 0.0000
-338.9709 0.0000
-338.9823 0.0000
-338.9834 0.0000
-339.0149 0.0000
-338.9549 0.0000
-338.9580 0.0000
-338.9453 0.0000
-338.9550 0.0000
-338.9796 0.0000
-338.9675 0.0000
-338.9518 0.0000
-338.9953 0.0000
-338.9786 0.0000
-338.9518 0.0000
-338.9941 0.0000
-338.9721 0.0000
-338.9468 0.0000
-338.9959 0.0000
-339.0086 0.0000
-338.9929 0.0000
-338.9810 0.0000
-338.9771 0.0000
-339.0186 0.0000
-339.0166 0.0000
-339.0010 0.0000
-338.9944 0.0000
-338.9882 0.0000
-339.0060 0.0000
-339.0280 0.0000
-339.0436 0.0000
-338.9894 0.0000
-339.0299 0.0000
-339.0483 0.0000
-338.9988 0.0000
-339.0145 0.0000
-339.0463 0.0000
-339.0367 0.0000
-339.0296 0.0000
-339.0191 0.0000
-338.9886 0.0000
-338.9674 0.0000
-338.9464 0.0000
-338.9576 0.0000
-338.9863 0.0000
-338.9661 0.0000
-338.9379 0.0000
-338.9369 0.0000
-338.9424 0.0000
-338.9682 0.0000
-338.9596 0.0000
-338.9496 0.0000
-338.9564 0.0000
-338.9550 0.0000
-338.9744 0.0000
-338.9148 0.0000
-338.9180 0.0000
-338.8925 0.0000
-338.9026 0.0000
-338.8968 0.0000
-338.8788 0.0000
-338.8836 0.0000
-338.9090 0.0000
-338.8948 0.0000
-338.8938 0.0000
-338.8950 0.0000
-338.8614 0.0000
-338.8819 0.0000
-338.8941 0.0000
-338.9259 0.0000
-338.9249 0.0000
-338.9398 0.0000
-338.9388 0.0000
-338.9400 0.0000
-338.9542 0.0000
-338.9670 0.0000
-338.9446 0.0000
-338.9463 0.0000
-338.9345 0.0000
-338.9217 0.0000
-338.9106 0.0000
-338.8822 0.0000
-338.9005 0.0000
-338.9154 0.0000
-338.9052 0.0000
-338.9063 0.0000
-338.8880 0.0000
-338.9037 0.0000
-338.8893 0.0000
-338.8747 0.0000
-338.8845 0.0000
-338.8733 0.0000
-338.8777 0.0000
-338.8482 0.0000
-338.8486 0.0000
-338.8286 0.0000
-338.8490 0.0000
-338.8990 0.0000
-338.8670 0.0000
-338.8602 0.0000
-338.8901 0.0000
-338.8872 0.0000
-338.8610 0.0000
-338.8574 0.0000
-338.9007 0.0000
-338.8796 0.0000
-338.8626 0.0000
-338.8740 0.0000
-338.8390 0.0000
-338.8399 0.0000
-338.8434 0.0000
-338.8389 0.0000
-338.8519 0.0000
-338.8390 0.0000
-338.8508 0.0000
-338.8845 0.0000
-338.8494 0.0000
-338.8679 0.0000
-338.8641 0.0000
-338.8818 0.0000
-338.8742 0.0000
-338.8777 0.0000
-338.8740 0.0000
-338.8372 0.0000
-338.9273 0.0000
-338.8502 0.0000
-338.8335 0.0000
-338.8303 0.0000
-338.8252 0.0000
-338.8432 0.0000
-338.8175 0.0000
-338.8107 0.0000
-338.8157 0.0000
-338.8039 0.0000
-338.7828 0.0000
-338.8109 0.0000
-338.8193 0.0000
-338.8305 0.0000
-338.8108 0.0000
-338.8051 0.0000
-338.7939 0.0000
-338.8452 0.0000
-338.8279 0.0000
-338.8581 0.0000
-338.8550 0.0000
-338.8294 0.0000
-338.7939 0.0000
-338.8031 0.0000
-338.8012 0.0000
-338.8167 0.0000
-338.7915 0.0000
-338.7638 0.0000
-338.7607 0.0000
-338.7769 0.0000
-338.7960 0.0000
-338.7839 0.0000
-338.7849 0.0000
-338.7631 0.0000
-338.7896 0.0000
-338.7872 0.0000
-338.8003 0.0000
-338.8057 0.0000
-338.8069 0.0000
-338.7543 0.0000
-338.7964 0.0000
-338.7384 0.0000
-338.7871 0.0000
-338.7417 0.0000
-338.7661 0.0000
-338.7465 0.0000
-338.7853 0.0000
-338.7804 0.0000
-338.7844 0.0000
-338.7894 0.0000
-338.8104 0.0000
-338.7757 0.0000
-338.8005 0.0000
-338.7802 0.0000
-338.7860 0.0000
-338.7944 0.0000
-338.8027 0.0000
-338.8111 0.0000
-338.7916 0.0000
-338.7786 0.0000
-338.8390 0.0000
-338.7942 0.0000
-338.7863 0.0000
-338.7908 0.0000
-338.7884 0.0000
-338.7910 0.0000
-338.7805 0.0000
-338.7734 0.0000
-338.7363 0.0000
-338.6981 0.0000
-338.6880 0.0000
-338.6810 0.0000
-338.6383 0.0000
-338.6017 0.0000
-338.6230 0.0000
-338.6470 0.0000
-338.6699 0.0000
-338.6717 0.0000
-338.6778 0.0000
-338.6732 0.0000
-338.6892 0.0000
-338.6838 0.0000
-338.6785 0.0000
-338.7166 0.0000
-338.7176 0.0000
-338.6378 0.0000
-338.6240 0.0000
-338.6228 0.0000
-338.6101 0.0000
-338.6224 0.0000
-338.6185 0.0000
-338.6698 0.0000
-338.6469 0.0000
-338.6534 0.0000
-338.6237 0.0000
-338.6301 0.0000
-338.6121 0.0000
-338.5874 0.0000
-338.5844 0.0000
-338.5575 0.0000
-338.5677 0.0000
-338.5128 0.0000
-338.5102 0.0000
-338.5198 0.0000
-338.4878 0.0000
-338.5134 0.0000
-338.5181 0.0000
-338.4910 0.0000
-338.5384 0.0000
-338.5083 0.0000
-338.5047 0.0000
-338.5370 0.0000
-338.4893 0.0000
-338.5160 0.0000
-338.4900 0.0000
-338.5108 0.0000
-338.5471 0.0000
-338.5610 0.0000
-338.5550 0.0000
-338.5472 0.0000
-338.5237 0.0000
-338.5445 0.0000
-338.5854 0.0000
-338.5882 0.0000
-338.6222 0.0000
-338.6002 0.0000
-338.6215 0.0000
-338.5806 0.0000
-338.5718 0.0000
-338.5862 0.0000
-338.5501 0.0000
-338.6385 0.0000
-338.6640 0.0000
-338.6289 0.0000
-338.6707 0.0000
-338.6670 0.0000
-338.6718 0.0000
-338.6502 0.0000
-338.6227 0.0000
-338.6358 0.0000
-338.6613 0.0000
-338.6359 0.0000
-338.6511 0.0000
-338.5826 0.0000
-338.5670 0.0000
-338.5822 0.0000
-338.5758 0.0000
-338.5911 0.0000
-338.5656 0.0000
-338.5703 0.0000
-338.5352 0.0000
-338.5426 0.0000
-338.5385 0.0000
-338.5220 0.0000
-338.5630 0.0000
-338.5951 0.0000
-338.6031 0.0000
-338.5979 0.0000
-338.5688 0.0000
-338.5845 0.0000
-338.5485 0.0000
-338.5443 0.0000
-338.5306 0.0000
-338.5014 0.0000
-338.5512 0.0000
-338.5902 0.0000
-338.5060 0.0000
-338.4889 0.0000
-338.4856 0.0000
-338.4469 0.0000
-338.4695 0.0000
-338.5118 0.0000
-338.4173 0.0000
-338.3329 0.0000
-338.4285 0.0000
-338.3936 0.0000
-338.3540 0.0000
-338.3854 0.0000
-338.3726 0.0000
-338.3896 0.0000
-338.4161 0.0000
-338.4239 0.0000
-338.3913 0.0000
-338.4559 0.0000
-338.4104 0.0000
-338.3938 0.0000
-338.3645 0.0000
-338.4113 0.0000
-338.4035 0.0000
-338.3491 0.0000
-338.3646 0.0000
-338.3705 0.0000
-338.4278 0.0000
-338.4231 0.0000
-338.4425 0.0000
-338.4066 0.0000
-338.4026 0.0000
-338.3418 0.0000
-338.3888 0.0000
-338.3103 0.0000
-338.3053 0.0000
-338.3249 0.0000
-338.3172 0.0000
-338.3545 0.0000
-338.2152 0.0000
-338.3637 0.0000
-338.3663 0.0000
-338.2686 0.0000
-338.3490 0.0000
-338.3600 0.0000
-338.3969 0.0000
-338.4090 0.0000
-338.3900 0.0000
-338.2894 0.0000
-338.4350 0.0000
-338.4133 0.0000
-338.4232 0.0000
-338.4294 0.0000
-338.3840 0.0000
-338.4026 0.0000
-338.3752 0.0000
-338.3836 0.0000
-338.4150 0.0000
-338.3685 0.0000
-338.4504 0.0000
-338.3444 0.0000
-338.4504 0.0000
-338.4225 0.0000
-338.4704 0.0000
-338.4777 0.0000
-338.4781 0.0000
-338.4484 0.0000
-338.4920 0.0000
-338.5189 0.0000
-338.5804 0.0000
-338.5865 0.0000
-338.5657 0.0000
-338.5414 0.0000
-338.5571 0.0000
-338.5728 0.0000
-338.6124 0.0000
-338.6503 0.0000
-338.6277 0.0000
-338.6435 0.0000
-338.6178 0.0000
-338.6309 0.0000
-338.6710 0.0000
-338.6799 0.0000
-338.7048 0.0000
-338.7088 0.0000
-338.6737 0.0000
-338.6548 0.0000
-338.6499 0.0000
-338.6847 0.0000
-338.6876 0.0000
-338.6875 0.0000
-338.6901 0.0000
-338.6900 0.0000
-338.7079 0.0000
-338.6955 0.0000
-338.7454 0.0000
-338.7149 0.0000
-338.6969 0.0000
-338.6754 0.0000
-338.6927 0.0000
-338.6727 0.0000
-338.6934 0.0000
-338.6930 0.0000
-338.6847 0.0000
-338.6919 0.0000
-338.6549 0.0000
-338.6344 0.0000
-338.6373 0.0000
-338.6399 0.0000
-338.6963 0.0000
-338.7140 0.0000
-338.6800 0.0000
-338.6377 0.0000
-338.6774 0.0000
-338.6727 0.0000
-338.7047 0.0000
-338.6741 0.0000
-338.6467 0.0000
-338.6864 0.0000
-338.6400 0.0000
-338.6288 0.0000
-338.6481 0.0000
-338.6379 0.0000
-338.5804 0.0000
-338.5827 0.0000
-338.5390 0.0000
-338.5402 0.0000
-338.5792 0.0000
-338.5875 0.0000
-338.5727 0.0000
-338.5316 0.0000
-338.5795 0.0000
-338.5515 0.0000
-338.5694 0.0000
-338.5851 0.0000
-338.5998 0.0000
-338.5680 0.0000
-338.5265 0.0000
-338.6320 0.0000
-338.6301 0.0000
-338.6168 0.0000
-338.5854 0.0000
-338.5402 0.0000
-338.5917 0.0000
-338.5694 0.0000
-338.5905 0.0000
-338.5610 0.0000
-338.5926 0.0000
-338.5807 0.0000
-338.5638 0.0000
-338.5917 0.0000
-338.5719 0.0000
-338.6141 0.0000
-338.6027 0.0000
-338.6078 0.0000
-338.6149 0.0000
-338.5941 0.0000
-338.5954 0.0000
-338.5649 0.0000
-338.5687 0.0000
-338.5825 0.0000
-338.6065 0.0000
-338.6551 0.0000
-338.6272 0.0000
-338.6224 0.0000
-338.5949 0.0000
-338.5896 0.0000
-338.5623 0.0000
-338.6009 0.0000
-338.4812 0.0000
-338.6035 0.0000
-338.5321 0.0000
-338.5296 0.0000
-338.5305 0.0000
-338.5445 0.0000
-338.4718 0.0000
-338.4946 0.0000
-338.5481 0.0000
-338.5362 0.0000
-338.5269 0.0000
-338.4767 0.0000
-338.4945 0.0000
-338.6015 0.0000
-338.5535 0.0000
-338.5439 0.0000
-338.5495 0.0000
-338.5718 0.0000
-338.5645 0.0000
-338.5763 0.0000
-338.4948 0.0000
-338.5517 0.0000
-338.5496 0.0000
-338.5903 0.0000
-338.5401 0.0000
-338.5362 0.0000
-338.5433 0.0000
-338.5282 0.0000
-338.5449 0.0000
-338.5356 0.0000
-338.5374 0.0000
-338.5286 0.0000
-338.5160 0.0000
-338.4491 0.0000
-338.5150 0.0000
-338.5087 0.0000
-338.5363 0.0000
-338.5489 0.0000
-338.5643 0.0000
-338.5280 0.0000
-338.5361 0.0000
-338.5336 0.0000
-338.5689 0.0000
-338.5936 0.0000
-338.6130 0.0000
-338.5986 0.0000
-338.6510 0.0000
-338.5856 0.0000
-338.6343 0.0000
-338.6493 0.0000
-338.6049 0.0000
-338.6188 0.0000
-338.6511 0.0000
-338.6486 0.0000
-338.6559 0.0000
-338.6400 0.0000
-338.6243 0.0000
-338.6313 0.0000
-338.5675 0.0000
-338.5203 0.0000
-338.5651 0.0000
-338.5547 0.0000
-338.5486 0.0000
-338.5934 0.0000
-338.5033 0.0000
-338.5307 0.0000
-338.4411 0.0000
-338.3901 0.0000
-338.4310 0.0000
-338.4679 0.0000
-338.4180 0.0000
-338.4121 0.0000
-338.4346 0.0000
-338.4790 0.0000
-338.4005 0.0000
-338.4288 0.0000
-338.4248 0.0000
-338.4623 0.0000
-338.4137 0.0000
-338.3748 0.0000
-338.3289 0.0000
-338.3956 0.0000
-338.3970 0.0000
-338.4186 0.0000
-338.4248 0.0000
-338.4395 0.0000
-338.3778 0.0000
-338.4729 0.0000
-338.4836 0.0000
-338.5232 0.0000
-338.3989 0.0000
-338.3740 0.0000
-338.2742 0.0000
-338.2951 0.0000
-338.3514 0.0000
-338.3735 0.0000
-338.3111 0.0000
-338.2824 0.0000
-338.3597 0.0000
-338.2970 0.0000
-338.3307 0.0000
-338.2791 0.0000
-338.3329 0.0000
-338.3255 0.0000
-338.3442 0.0000
-338.3625 0.0000
-338.4053 0.0000
-338.3526 0.0000
-338.3692 0.0000
-338.3660 0.0000
-338.3984 0.0000
-338.3780 0.0000
-338.3502 0.0000
-338.3081 0.0000
-338.3335 0.0000
-338.3090 0.0000
-338.3454 0.0000
-338.3899 0.0000
-338.4073 0.0000
-338.4152 0.0000
-338.4376 0.0000
-338.3878 0.0000
-338.4143 0.0000
-338.3909 0.0000
-338.4217 0.0000
-338.4435 0.0000
-338.3886 0.0000
-338.4536 0.0000
-338.5095 0.0000
-338.4825 0.0000
-338.4675 0.0000
-338.5289 0.0000
-338.4894 0.0000
-338.4706 0.0000
-338.4462 0.0000
-338.4673 0.0000
-338.4617 0.0000
-338.4889 0.0000
-338.4783 0.0000
-338.4781 0.0000
-338.4629 0.0000
-338.4097 0.0000
-338.3716 0.0000
-338.3487 0.0000
-338.2996 0.0000
-338.3871 0.0000
-338.4020 0.0000
-338.4144 0.0000
-338.4217 0.0000
-338.4342 0.0000
-338.4176 0.0000
-338.4010 0.0000
-338.3793 0.0000
-338.3755 0.0000
-338.3610 0.0000
-338.3499 0.0000
-338.3865 0.0000
-338.3662 0.0000
-338.3600 0.0000
-338.3616 0.0000
-338.3050 0.0000
-338.3645 0.0000
-338.3649 0.0000
-338.4139 0.0000
-338.4760 0.0000
-338.4987 0.0000
-338.4438 0.0000
-338.4163 0.0000
-338.4387 0.0000
-338.5134 0.0000
-338.4708 0.0000
-338.5141 0.0000
-338.5814 0.0000
-338.5172 0.0000
-338.5337 0.0000
-338.5668 0.0000
-338.5526 0.0000
-338.5691 0.0000
-338.5594 0.0000
-338.5449 0.0000
-338.5588 0.0000
-338.5579 0.0000
-338.5632 0.0000
-338.5688 0.0000
-338.5190 0.0000
-338.5611 0.0000
-338.5718 0.0000
-338.5691 0.0000
-338.5707 0.0000
-338.5836 0.0000
-338.5837 0.0000
-338.5656 0.0000
-338.5805 0.0000
-338.5557 0.0000
-338.5588 0.0000
-338.5855 0.0000
-338.6141 0.0000
-338.5948 0.0000
-338.5688 0.0000
-338.5984 0.0000
-338.5797 0.0000
-338.6240 0.0000
-338.6538 0.0000
-338.5653 0.0000
-338.5792 0.0000
-338.5310 0.0000
-338.5850 0.0000
-338.5851 0.0000
-338.5712 0.0000
-338.5912 0.0000
-338.6105 0.0000
-338.6147 0.0000
-338.5759 0.0000
-338.6229 0.0000
-338.6211 0.0000
-338.6294 0.0000
-338.5888 0.0000
-338.6286 0.0000
-338.5691 0.0000
-338.5315 0.0000
-338.5589 0.0000
-338.5589 0.0000
-338.5641 0.0000
-338.5974 0.0000
-338.5388 0.0000
-338.5414 0.0000
-338.5134 0.0000
-338.4953 0.0000
-338.4715 0.0000
-338.4416 0.0000
-338.4306 0.0000
-338.4579 0.0000
-338.4921 0.0000
-338.4544 0.0000
-338.4714 0.0000
-338.4495 0.0000
-338.4596 0.0000
-338.4484 0.0000
-338.4898 0.0000
-338.4615 0.0000
-338.4192 0.0000
-338.4025 0.0000
-338.3892 0.0000
-338.4438 0.0000
-338.4143 0.0000
-338.4817 0.0000
-338.4496 0.0000
-338.4407 0.0000
-338.4448 0.0000
-338.4491 0.0000
-338.4305 0.0000
-338.4688 0.0000
-338.4187 0.0000
-338.4364 0.0000
-338.4099 0.0000
-338.4102 0.0000
-338.4158 0.0000
-338.4518 0.0000
-338.4396 0.0000
-338.3569 0.0000
-338.4005 0.0000
-338.4528 0.0000
-338.3923 0.0000
-338.4561 0.0000
-338.4552 0.0000
-338.4257 0.0000
-338.4419 0.0000
-338.4494 0.0000
-338.5104 0.0000
-338.4735 0.0000
-338.4579 0.0000
-338.4875 0.0000
-338.4520 0.0000
-338.4382 0.0000
-338.4329 0.0000
-338.4707 0.0000
-338.4530 0.0000
-338.4742 0.0000
-338.4763 0.0000
-338.4773 0.0000
-338.4524 0.0000
-338.4906 0.0000
-338.4819 0.0000
-338.4982 0.0000
-338.5239 0.0000
-338.4624 0.0000
-338.5023 0.0000
-338.5441 0.0000
-338.4816 0.0000
-338.4925 0.0000
-338.4654 0.0000
-338.4475 0.0000
-338.4716 0.0000
-338.4683 0.0000
-338.4533 0.0000
-338.4775 0.0000
-338.4571 0.0000
-338.4330 0.0000
-338.4015 0.0000
-338.3408 0.0000
-338.4121 0.0000
-338.3650 0.0000
-338.3747 0.0000
-338.4048 0.0000
-338.3762 0.0000
-338.3308 0.0000
-338.4081 0.0000
-338.3652 0.0000
-338.3286 0.0000
-338.3304 0.0000
-338.2862 0.0000
-338.2558 0.0000
-338.2384 0.0000
-338.1747 0.0000
-338.2410 0.0000
-338.0940 0.0000
-338.0747 0.0000
-338.1315 0.0000
-338.0730 0.0000
-338.0907 0.0000
-338.0359 0.0000
-338.0067 0.0000
-338.0703 0.0000
-338.0403 0.0000
-338.0707 0.0000
-338.0754 0.0000
-338.1043 0.0000
-338.1306 0.0000
-338.1204 0.0000
-338.1697 0.0000
-338.1439 0.0000
-338.1618 0.0000
-338.1912 0.0000
-338.2502 0.0000
-338.2757 0.0000
-338.2595 0.0000
-338.2345 0.0000
-338.2744 0.0000
-338.3183 0.0000
-338.3055 0.0000
-338.3205 0.0000
-338.3451 0.0000
-338.3429 0.0000
-338.3112 0.0000
-338.2827 0.0000
-338.2836 0.0000
-338.3126 0.0000
-338.2822 0.0000
-338.3650 0.0000
-338.3566 0.0000
-338.3659 0.0000
-338.3965 0.0000
-338.4255 0.0000
-338.3804 0.0000
-338.3799 0.0000
-338.3725 0.0000
-338.3425 0.0000
-338.3374 0.0000
-338.4037 0.0000
-338.4397 0.0000
-338.4237 0.0000
-338.4176 0.0000
-338.4112 0.0000
-338.4411 0.0000
-338.4118 0.0000
-338.4599 0.0000
-338.4444 0.0000
-338.4514 0.0000
-338.4674 0.0000
-338.4724 0.0000
-338.4326 0.0000
-338.4648 0.0000
-338.4536 0.0000
-338.4826 0.0000
-338.4657 0.0000
-338.4900 0.0000
-338.5119 0.0000
-338.4950 0.0000
-338.5170 0.0000
-338.5039 0.0000
-338.4833 0.0000
-338.4922 0.0000
-338.4854 0.0000
-338.5119 0.0000
-338.5334 0.0000
-338.5414 0.0000
-338.5148 0.0000
-338.4787 0.0000
-338.4604 0.0000
-338.4196 0.0000
-338.4270 0.0000
-338.4419 0.0000
-338.4393 0.0000
-338.4756 0.0000
-338.4273 0.0000
-338.3885 0.0000
-338.3865 0.0000
-338.3951 0.0000
-338.4081 0.0000
-338.4651 0.0000
-338.4193 0.0000
-338.4028 0.0000
-338.4075 0.0000
-338.3909 0.0000
-338.4317 0.0000
-338.4397 0.0000
-338.4318 0.0000
-338.3457 0.0000
-338.3661 0.0000
-338.3653 0.0000
-338.3588 0.0000
-338.3609 0.0000
-338.4214 0.0000
-338.4292 0.0000
-338.4176 0.0000
-338.4713 0.0000
-338.4228 0.0000
-338.4241 0.0000
-338.4207 0.0000
-338.4150 0.0000
-338.3970 0.0000
-338.4376 0.0000
-338.4257 0.0000
-338.3967 0.0000
-338.4272 0.0000
-338.4120 0.0000
-338.4056 0.0000
-338.3887 0.0000
-338.4016 0.0000
-338.3675 0.0000
-338.3638 0.0000
-338.3454 0.0000
-338.3278 0.0000
-338.3527 0.0000
-338.3259 0.0000
-338.3274 0.0000
-338.2858 0.0000
-338.3081 0.0000
-338.2225 0.0000
-338.1405 0.0000
-338.2288 0.0000
-338.1664 0.0000
-338.0897 0.0000
-338.0470 0.0000
-338.2000 0.0000
-338.1583 0.0000
-338.1074 0.0000
-338.2517 0.0000
-338.2007 0.0000
-338.1807 0.0000
-338.1793 0.0000
-338.1814 0.0000
-338.1539 0.0000
-338.1422 0.0000
-338.1014 0.0000
-338.1852 0.0000
-338.1265 0.0000
-338.1827 0.0000
-338.1948 0.0000
-338.2001 0.0000
-338.1778 0.0000
-338.1849 0.0000
-338.2173 0.0000
-338.1603 0.0000
-338.2425 0.0000
-338.2419 0.0000
-338.2359 0.0000
-338.2961 0.0000
-338.3874 0.0000
-338.4008 0.0000
-338.3883 0.0000
-338.3955 0.0000
-338.4027 0.0000
-338.3866 0.0000
-338.3927 0.0000
-338.4389 0.0000
-338.4630 0.0000
-338.4747 0.0000
-338.4977 0.0000
-338.5188 0.0000
-338.5351 0.0000
-338.5245 0.0000
-338.5016 0.0000
-338.4983 0.0000
-338.5729 0.0000
-338.5804 0.0000
-338.5716 0.0000
-338.5305 0.0000
-338.5600 0.0000
-338.5567 0.0000
-338.5446 0.0000
-338.5454 0.0000
-338.5354 0.0000
-338.5255 0.0000
-338.5069 0.0000
-338.4593 0.0000
-338.4753 0.0000
-338.4695 0.0000
-338.4518 0.0000
-338.4769 0.0000
-338.5064 0.0000
-338.4635 0.0000
-338.4503 0.0000
-338.4333 0.0000
-338.4028 0.0000
-338.4056 0.0000
-338.4127 0.0000
-338.4182 0.0000
-338.3668 0.0000
-338.3250 0.0000
-338.3642 0.0000
-338.3235 0.0000
-338.3011 0.0000
-338.3564 0.0000
-338.3065 0.0000
-338.3522 0.0000
-338.3238 0.0000
-338.3362 0.0000
-338.2658 0.0000
-338.3602 0.0000
-338.1931 0.0000
-338.1273 0.0000
-338.1738 0.0000
-338.2179 0.0000
-338.2130 0.0000
-338.2618 0.0000
-338.3002 0.0000
-338.2894 0.0000
-338.2745 0.0000
-338.2944 0.0000
-338.2122 0.0000
-338.3189 0.0000
-338.3124 0.0000
-338.2387 0.0000
-338.2768 0.0000
-338.2821 0.0000
-338.2254 0.0000
-338.2610 0.0000
-338.2488 0.0000
-338.2806 0.0000
-338.1699 0.0000
-338.1986 0.0000
-338.1939 0.0000
-338.1919 0.0000
-338.1441 0.0000
-338.1816 0.0000
-338.1161 0.0000
-338.1228 0.0000
-338.1491 0.0000
-338.0966 0.0000
-338.1001 0.0000
-338.0567 0.0000
-338.1108 0.0000
-338.1080 0.0000
-338.1672 0.0000
-338.0956 0.0000
-338.1147 0.0000
-338.0274 0.0000
-338.1427 0.0000
-338.1569 0.0000
-338.1068 0.0000
-338.0708 0.0000
-338.0658 0.0000
-338.1552 0.0000
-338.1194 0.0000
-338.0645 0.0000
-338.0604 0.0000
-338.0410 0.0000
-337.9865 0.0000
-338.0580 0.0000
-337.8595 0.0000
-337.7803 0.0000
-337.8488 0.0000
-337.9060 0.0000
-337.8255 0.0000
-337.7226 0.0000
-337.7550 0.0000
-337.7472 0.0000
-337.7885 0.0000
-337.7205 0.0000
-337.7805 0.0000
-337.8219 0.0000
-337.8314 0.0000
-337.8492 0.0000
-337.8432 0.0000
-337.8143 0.0000
-337.8762 0.0000
-337.7918 0.0000
-337.8832 0.0000
-337.8664 0.0000
-337.8847 0.0000
-337.8483 0.0000
-337.8092 0.0000
-337.8243 0.0000
-337.8271 0.0000
-337.8840 0.0000
-337.8037 0.0000
-337.8346 0.0000
-337.7165 0.0000
-337.8423 0.0000
-337.9205 0.0000
-337.7609 0.0000
-337.8759 0.0000
-337.8670 0.0000
-337.8617 0.0000
-337.7638 0.0000
-337.8552 0.0000
-337.7436 0.0000
-337.7886 0.0000
-337.8352 0.0000
-337.9786 0.0000
-338.0007 0.0000
-338.0098 0.0000
-338.0654 0.0000
-337.9954 0.0000
-337.8494 0.0000
-337.9774 0.0000
-338.0189 0.0000
-337.9583 0.0000
-338.0146 0.0000
-338.0817 0.0000
-338.0329 0.0000
-338.1092 0.0000
-338.1103 0.0000
-338.0271 0.0000
-338.0782 0.0000
-338.0428 0.0000
-338.0954 0.0000
-337.9701 0.0000
-337.9747 0.0000
-337.9386 0.0000
-337.9901 0.0000
-338.0119 0.0000
-338.0130 0.0000
-337.9955 0.0000
-337.9782 0.0000
-337.8299 0.0000
-337.7084 0.0000
-337.8344 0.0000
-337.8181 0.0000
-337.9724 0.0000
-337.9923 0.0000
-337.9201 0.0000
-337.7883 0.0000
-337.8172 0.0000
-337.7722 0.0000
-337.7284 0.0000
-337.9201 0.0000
-337.8913 0.0000
-337.7983 0.0000
-337.9428 0.0000
-337.9646 0.0000
-337.9337 0.0000
-338.0082 0.0000
-338.0755 0.0000
-337.8322 0.0000
-337.9169 0.0000
-337.9131 0.0000
-337.8682 0.0000
-337.9766 0.0000
-338.0473 0.0000
-338.0911 0.0000
-338.0541 0.0000
-338.1179 0.0000
-338.0569 0.0000
-338.0829 0.0000
-338.1123 0.0000
-338.1306 0.0000
-338.0058 0.0000
-337.9790 0.0000
-338.0311 0.0000
-338.0563 0.0000
-338.0669 0.0000
-338.0677 0.0000
-338.0501 0.0000
-338.0007 0.0000
-338.0449 0.0000
-337.9537 0.0000
-338.1523 0.0000
-338.1623 0.0000
-338.0821 0.0000
-338.1914 0.0000
-338.0115 0.0000
-338.0793 0.0000
-338.0956 0.0000
-338.0258 0.0000
-338.0104 0.0000
-338.0741 0.0000
-338.0701 0.0000
-338.0882 0.0000
-338.1114 0.0000
-338.0925 0.0000
-338.1021 0.0000
-338.1438 0.0000
-338.0817 0.0000
-338.0467 0.0000
-338.1287 0.0000
-338.1353 0.0000
-338.1362 0.0000
-338.1306 0.0000
-338.0536 0.0000
-338.2106 0.0000
-338.1854 0.0000
-338.2429 0.0000
-338.3069 0.0000
-338.2516 0.0000
-338.2814 0.0000
-338.2583 0.0000
-338.2423 0.0000
-338.1746 0.0000
-338.1974 0.0000
-338.2107 0.0000
-338.1879 0.0000
-338.2129 0.0000
-338.0943 0.0000
-338.1260 0.0000
-338.2664 0.0000
-338.2921 0.0000
-338.3186 0.0000
-338.3019 0.0000
-338.3634 0.0000
-338.1747 0.0000
-338.1336 0.0000
-338.1691 0.0000
-338.0960 0.0000
-338.0999 0.0000
-338.1594 0.0000
-338.0116 0.0000
-337.8594 0.0000
-337.8859 0.0000
-337.8017 0.0000
-337.7325 0.0000
-337.7845 0.0000
-337.8601 0.0000
-337.8901 0.0000
-337.8414 0.0000
-337.8071 0.0000
-337.9124 0.0000
-337.7880 0.0000
-337.8105 0.0000
-337.8385 0.0000
-337.7892 0.0000
-337.8199 0.0000
-337.7157 0.0000
-337.8620 0.0000
-337.9105 0.0000
-337.9270 0.0000
-337.9762 0.0000
-337.8952 0.0000
-337.9352 0.0000
-337.8744 0.0000
-337.7734 0.0000
-337.6274 0.0000
-337.7624 0.0000
-337.6339 0.0000
-337.7211 0.0000
-337.7867 0.0000
-337.7774 0.0000
-337.7412 0.0000
-337.8084 0.0000
-337.7137 0.0000
-337.5586 0.0000
-337.5922 0.0000
-337.4827 0.0000
-337.5807 0.0000
-337.5262 0.0000
-337.7789 0.0000
-337.5545 0.0000
-337.5489 0.0000
-337.4967 0.0000
-337.4945 0.0000
-337.6130 0.0000
-337.5999 0.0000
-337.6497 0.0000
-337.5787 0.0000
-337.6011 0.0000
-337.5844 0.0000
-337.4463 0.0000
-337.3855 0.0000
-337.3404 0.0000
-337.4877 0.0000
-337.2986 0.0000
-337.1282 0.0000
-337.1587 0.0000
-337.3278 0.0000
-337.2201 0.0000
-337.3143 0.0000
-337.2500 0.0000
-337.2634 0.0000
-337.2302 0.0000
-337.1543 0.0000
-337.2384 0.0000
-337.2544 0.0000
-337.2695 0.0000
-337.1658 0.0000
-337.2906 0.0000
-337.2420 0.0000
-337.3208 0.0000
-337.0928 0.0000
-337.4108 0.0000
-337.4035 0.0000
-337.5660 0.0000
-337.5749 0.0000
-337.6267 0.0000
-337.6902 0.0000
-337.7660 0.0000
-337.6814 0.0000
-337.6622 0.0000
-337.6471 0.0000
-337.6520 0.0000
-337.6187 0.0000
-337.6147 0.0000
-337.6239 0.0000
-337.6308 0.0000
-337.6470 0.0000
-337.6364 0.0000
-337.7129 0.0000
-337.6391 0.0000
-337.7989 0.0000
-337.7686 0.0000
-337.8012 0.0000
-337.7412 0.0000
-337.7710 0.0000
-337.7064 0.0000
-337.7931 0.0000
-337.8157 0.0000
-337.7370 0.0000
-337.7015 0.0000
-337.7113 0.0000
-337.6512 0.0000
-337.7702 0.0000
-337.6115 0.0000
-337.5443 0.0000
-337.4085 0.0000
-337.4264 0.0000
-337.3883 0.0000
-337.4336 0.0000
-337.3946 0.0000
-337.4351 0.0000
-337.4420 0.0000
-337.3038 0.0000
-337.3383 0.0000
-337.3108 0.0000
-337.4369 0.0000
-337.1407 0.0000
-337.0697 0.0000
-337.0801 0.0000
-337.0179 0.0000
-336.9353 0.0000
-337.0330 0.0000
-336.9345 0.0000
-337.0337 0.0000
-336.9319 0.0000
-336.7043 0.0000
-336.9224 0.0000
-336.8458 0.0000
-336.9741 0.0000
-336.8228 0.0000
-337.1276 0.0000
-337.1060 0.0000
-336.9760 0.0000
-337.1986 0.0000
-337.1829 0.0000
-337.3194 0.0000
-337.2361 0.0000
-337.2049 0.0000
-337.2881 0.0000
-337.3851 0.0000
-337.4075 0.0000
-337.4937 0.0000
-337.3980 0.0000
-337.3865 0.0000
-337.2990 0.0000
-337.5016 0.0000
-337.1277 0.0000
-337.3398 0.0000
-337.2922 0.0000
-337.2026 0.0000
-337.1994 0.0000
-337.2677 0.0000
-337.2559 0.0000
-337.1109 0.0000
-337.2068 0.0000
-337.0050 0.0000
-337.1316 0.0000
-336.9862 0.0000
-337.1150 0.0000
-337.1804 0.0000
-337.0861 0.0000
-337.2131 0.0000
-337.2733 0.0000
-337.0931 0.0000
-337.2002 0.0000
-337.1029 0.0000
-337.0386 0.0000
-337.0538 0.0000
-337.0806 0.0000
-337.0784 0.0000
-336.9857 0.0000
-337.1153 0.0000
-337.1110 0.0000
-337.3003 0.0000
-337.1913 0.0000
-336.9076 0.0000
-336.9765 0.0000
-336.9407 0.0000
-336.9883 0.0000
-336.9517 0.0000
-336.8373 0.0000
-336.8973 0.0000
-336.9640 0.0000
-336.9428 0.0000
-336.8094 0.0000
-336.7311 0.0000
-336.8242 0.0000
-336.8081 0.0000
-336.6731 0.0000
-336.8481 0.0000
-336.6226 0.0000
-336.6670 0.0000
-336.4969 0.0000
-336.9141 0.0000
-336.5197 0.0000
-336.1813 0.0000
-336.7526 0.0000
-336.8298 0.0000
-336.7646 0.0000
-336.7753 0.0000
-336.8686 0.0000
-336.7803 0.0000
-337.0135 0.0000
-336.8442 0.0000
-337.0339 0.0000
-336.7730 0.0000
-337.1751 0.0000
-337.2973 0.0000
-337.1061 0.0000
-337.2409 0.0000
-337.1930 0.0000
-337.1148 0.0000
-337.0295 0.0000
-336.9971 0.0000
-336.9425 0.0000
-336.9906 0.0000
-337.0277 0.0000
-336.9256 0.0000
-336.7555 0.0000
-336.8746 0.0000
-336.6277 0.0000
-336.6209 0.0000
-336.8444 0.0000
-336.7544 0.0000
-336.7240 0.0000
-336.8289 0.0000
-336.9035 0.0000
-336.9901 0.0000
-336.7825 0.0000
-336.8640 0.0000
-336.8314 0.0000
-337.0349 0.0000
-336.7956 0.0000
-336.8478 0.0000
-337.0014 0.0000
-336.5968 0.0000
-336.5910 0.0000
-336.3303 0.0000
-336.6153 0.0000
-336.5761 0.0000
-336.5083 0.0000
-336.6033 0.0000
-336.6187 0.0000
-336.5470 0.0000
-336.5431 0.0000
-336.5434 0.0000
-336.2990 0.0000
-336.4051 0.0000
-336.5064 0.0000
-336.4756 0.0000
-336.4712 0.0000
-336.3967 0.0000
-336.4946 0.0000
-336.4717 0.0000
-336.4750 0.0000
-336.4543 0.0000
-336.6348 0.0000
-336.4884 0.0000
-336.4449 0.0000
-336.4722 0.0000
-336.5657 0.0000
-336.5815 0.0000
-336.5921 0.0000
-336.3469 0.0000
-336.3723 0.0000
-336.6537 0.0000
-336.6383 0.0000
-336.5889 0.0000
-336.5937 0.0000
-336.5514 0.0000
-336.4570 0.0000
-336.7967 0.0000
-336.5855 0.0000
-336.6524 0.0000
-336.4226 0.0000
-336.3904 0.0000
-336.4472 0.0000
-336.4621 0.0000
-336.5978 0.0000
-336.6925 0.0000
-336.6284 0.0000
-336.8227 0.0000
-336.8783 0.0000
-336.8811 0.0000
-336.7808 0.0000
-336.9053 0.0000
-337.0888 0.0000
-337.1298 0.0000
-337.0443 0.0000
-337.1058 0.0000
-337.2024 0.0000
-337.1858 0.0000
-337.3085 0.0000
-337.1691 0.0000
-337.2100 0.0000
-337.1690 0.0000
-337.2306 0.0000
-337.2756 0.0000
-337.2913 0.0000
-337.2179 0.0000
-337.2843 0.0000
-337.2211 0.0000
-337.3140 0.0000
-337.4150 0.0000
-337.2412 0.0000
-337.0411 0.0000
-336.9293 0.0000
-337.1198 0.0000
-337.2099 0.0000
-337.0062 0.0000
-337.1207 0.0000
-337.1161 0.0000
-337.1452 0.0000
-337.4419 0.0000
-337.0408 0.0000
-336.9396 0.0000
-336.8180 0.0000
-336.6622 0.0000
-336.8463 0.0000
-336.9835 0.0000
-336.9453 0.0000
-336.7529 0.0000
-336.6970 0.0000
-336.6279 0.0000
-336.7841 0.0000
-336.8321 0.0000
-336.9643 0.0000
-337.0665 0.0000
-336.9939 0.0000
-337.1879 0.0000
-337.1858 0.0000
-337.1570 0.0000
-337.3652 0.0000
-337.5150 0.0000
-337.3004 0.0000
-337.3460 0.0000
-337.1577 0.0000
-337.0971 0.0000
-337.0439 0.0000
-337.0004 0.0000
-337.0914 0.0000
-337.0596 0.0000
-336.8368 0.0000
-336.6751 0.0000
-337.0047 0.0000
-336.6315 0.0000
-336.6511 0.0000
-336.8427 0.0000
-336.6352 0.0000
-336.8314 0.0000
-336.7423 0.0000
-336.6672 0.0000
-336.7034 0.0000
-336.9491 0.0000
-336.6651 0.0000
-336.8248 0.0000
-336.8669 0.0000
-336.8421 0.0000
-336.7715 0.0000
-336.8049 0.0000
-336.8114 0.0000
-336.9550 0.0000
-336.8454 0.0000
-337.0222 0.0000
-337.2025 0.0000
-337.2644 0.0000
-337.1602 0.0000
-337.2576 0.0000
-337.1305 0.0000
-337.1362 0.0000
-337.2133 0.0000
-337.1960 0.0000
-337.2824 0.0000
-337.3010 0.0000
-337.3850 0.0000
-337.3256 0.0000
-337.3331 0.0000
-337.3259 0.0000
-337.4178 0.0000
-337.2512 0.0000
-337.1691 0.0000
-337.1909 0.0000
-336.9981 0.0000
-337.2216 0.0000
-337.2233 0.0000
-337.1986 0.0000
-337.1273 0.0000
-337.1600 0.0000
-337.2181 0.0000
-337.2386 0.0000
-337.4218 0.0000
-337.4320 0.0000
-337.3483 0.0000
-337.3362 0.0000
-337.1534 0.0000
-337.4259 0.0000
-337.2361 0.0000
-337.0723 0.0000
-336.9996 0.0000
-336.9066 0.0000
-336.9527 0.0000
-337.1107 0.0000
-337.2693 0.0000
-337.3097 0.0000
-337.1178 0.0000
-337.1591 0.0000
-337.0491 0.0000
-337.3085 0.0000
-337.2063 0.0000
-337.2356 0.0000
-337.1746 0.0000
-337.1686 0.0000
-337.1382 0.0000
-337.1235 0.0000
-336.7543 0.0000
-337.0598 0.0000
-337.3017 0.0000
-337.3310 0.0000
-337.3518 0.0000
-337.3030 0.0000
-337.3988 0.0000
-337.3986 0.0000
-337.2595 0.0000
-337.4793 0.0000
-337.5099 0.0000
-337.4835 0.0000
-337.4839 0.0000
-337.4320 0.0000
-337.3117 0.0000
-337.3197 0.0000
-337.4906 0.0000
-337.4028 0.0000
-337.3034 0.0000
-337.3509 0.0000
-337.3721 0.0000
-337.3029 0.0000
-337.2885 0.0000
-337.1889 0.0000
-337.3303 0.0000
-337.1033 0.0000
-337.0995 0.0000
-337.2555 0.0000
-337.3371 0.0000
-337.3392 0.0000
-337.1159 0.0000
-337.1018 0.0000
-337.0803 0.0000
-336.9660 0.0000
-337.1892 0.0000
-336.7578 0.0000
-336.9031 0.0000
-337.1418 0.0000
-337.1973 0.0000
-337.0787 0.0000
-337.0814 0.0000
-337.0636 0.0000
-337.1486 0.0000
-337.1242 0.0000
-337.1578 0.0000
-336.9049 0.0000
-337.2663 0.0000
-337.0661 0.0000
-337.1805 0.0000
-336.8361 0.0000
-337.1706 0.0000
-337.2440 0.0000
-337.1363 0.0000
-337.1900 0.0000
-337.2328 0.0000
-337.2917 0.0000
-337.3723 0.0000
-337.2630 0.0000
-337.4078 0.0000
-337.3539 0.0000
-337.2726 0.0000
-337.2778 0.0000
-337.1711 0.0000
-337.3468 0.0000
-337.3060 0.0000
-337.3917 0.0000
-337.2923 0.0000
-337.3770 0.0000
-337.3452 0.0000
-337.5045 0.0000
-337.3076 0.0000
-337.4289 0.0000
-337.4297 0.0000
-337.2453 0.0000
-337.0706 0.0000
-337.2193 0.0000
-337.1607 0.0000
-337.4024 0.0000
-337.4308 0.0000
-337.3457 0.0000
-337.3779 0.0000
-337.5541 0.0000
-337.4845 0.0000
-337.5331 0.0000
-337.4866 0.0000
-337.4953 0.0000
-337.5956 0.0000
-337.5849 0.0000
-337.6097 0.0000
-337.5728 0.0000
-337.7193 0.0000
-337.6933 0.0000
-337.5732 0.0000
-337.5548 0.0000
-337.6252 0.0000
-337.5786 0.0000
-337.5763 0.0000
-337.4761 0.0000
-337.5738 0.0000
-337.4661 0.0000
-337.3614 0.0000
-337.3880 0.0000
-337.2847 0.0000
-337.3183 0.0000
-337.2525 0.0000
-337.2395 0.0000
-337.1322 0.0000
-336.9407 0.0000
-336.9414 0.0000
-337.0992 0.0000
-337.0370 0.0000
-337.0214 0.0000
-337.0105 0.0000
-337.1616 0.0000
-336.8562 0.0000
-337.0901 0.0000
-336.9355 0.0000
-337.1029 0.0000
-337.0238 0.0000
-337.0812 0.0000
-337.0927 0.0000
-337.0536 0.0000
-337.1116 0.0000
-337.2033 0.0000
-337.2600 0.0000
-337.2762 0.0000
-337.2227 0.0000
-337.2321 0.0000
-337.1818 0.0000
-337.1548 0.0000
-337.2562 0.0000
-337.2435 0.0000
-337.2082 0.0000
-337.0942 0.0000
-337.2386 0.0000
-337.1714 0.0000
-337.2151 0.0000
-337.0839 0.0000
-337.0763 0.0000
-337.1372 0.0000
-337.1840 0.0000
-337.2674 0.0000
-337.1150 0.0000
-337.2828 0.0000
-337.1669 0.0000
-337.2497 0.0000
-337.1932 0.0000
-337.4008 0.0000
-337.5243 0.0000
-337.5583 0.0000
-337.6471 0.0000
-337.5745 0.0000
-337.5726 0.0000
-337.7287 0.0000
-337.5249 0.0000
-337.6808 0.0000
-337.8127 0.0000
-337.5827 0.0000
-337.5101 0.0000
-337.5166 0.0000
-337.6127 0.0000
-337.6962 0.0000
-337.7541 0.0000
-337.8230 0.0000
-337.6199 0.0000
-337.6793 0.0000
-337.6503 0.0000
-337.6777 0.0000
-337.5844 0.0000
-337.5246 0.0000
-337.5367 0.0000
-337.3884 0.0000
-337.3562 0.0000
-337.4612 0.0000
-337.2147 0.0000
-337.3631 0.0000
-337.2681 0.0000
-337.4027 0.0000
-337.4429 0.0000
-337.4489 0.0000
-337.4077 0.0000
-337.5178 0.0000
-337.5062 0.0000
-337.5062 0.0000
-337.6054 0.0000
-337.5912 0.0000
-337.4908 0.0000
-337.6603 0.0000
-337.8346 0.0000
-337.5505 0.0000
-337.5859 0.0000
-337.5718 0.0000
-337.6970 0.0000
-337.6920 0.0000
-337.6925 0.0000
-337.7275 0.0000
-337.6606 0.0000
-337.7695 0.0000
-337.7843 0.0000
-337.8574 0.0000
-337.7901 0.0000
-337.8757 0.0000
-337.8857 0.0000
-337.9099 0.0000
-337.9031 0.0000
-337.8775 0.0000
-337.8861 0.0000
-337.7546 0.0000
-337.9467 0.0000
-337.9958 0.0000
-337.9012 0.0000
-337.9604 0.0000
-337.9868 0.0000
-337.9024 0.0000
-337.8739 0.0000
-337.8537 0.0000
-338.0187 0.0000
-337.9430 0.0000
-337.9056 0.0000
-337.8549 0.0000
-337.8143 0.0000
-337.7963 0.0000
-337.8272 0.0000
-337.8013 0.0000
-337.7766 0.0000
-337.8477 0.0000
-337.7970 0.0000
-337.8459 0.0000
-337.7779 0.0000
-337.7634 0.0000
-337.7933 0.0000
-337.7969 0.0000
-337.8848 0.0000
-337.8372 0.0000
-337.8022 0.0000
-337.8738 0.0000
-337.8439 0.0000
-337.8872 0.0000
-337.8310 0.0000
-337.8102 0.0000
-337.8189 0.0000
-337.8650 0.0000
-337.8914 0.0000
-337.9173 0.0000
-337.9249 0.0000
-337.7918 0.0000
-337.7916 0.0000
-337.7510 0.0000
-337.8473 0.0000
-337.6675 0.0000
-337.7905 0.0000
-337.6056 0.0000
-337.6651 0.0000
-337.6430 0.0000
-337.4683 0.0000
-337.5639 0.0000
-337.4827 0.0000
-337.5109 0.0000
-337.5353 0.0000
-337.4998 0.0000
-337.6549 0.0000
-337.4815 0.0000
-337.4271 0.0000
-337.4784 0.0000
-337.5033 0.0000
-337.5234 0.0000
-337.3954 0.0000
-337.5102 0.0000
-337.4838 0.0000
-337.3217 0.0000
-337.3548 0.0000
-337.3411 0.0000
-337.2783 0.0000
-337.5144 0.0000
-337.3837 0.0000
-337.4451 0.0000
-337.3970 0.0000
-337.4180 0.0000
-337.4092 0.0000
-337.4546 0.0000
-337.5398 0.0000
-337.3608 0.0000
-337.3795 0.0000
-337.2288 0.0000
-337.2686 0.0000
-337.3134 0.0000
-337.4795 0.0000
-337.4568 0.0000
-337.5189 0.0000
-337.4947 0.0000
-337.5804 0.0000
-337.6485 0.0000
-337.5782 0.0000
-337.5297 0.0000
-337.6671 0.0000
-337.7421 0.0000
-337.6766 0.0000
-337.7120 0.0000
-337.7945 0.0000
-337.7520 0.0000
-337.7390 0.0000
-337.6858 0.0000
-337.6399 0.0000
-337.5565 0.0000
-337.6600 0.0000
-337.7171 0.0000
-337.7435 0.0000
-337.7599 0.0000
-337.8037 0.0000
-337.8096 0.0000
-337.7591 0.0000
-337.7633 0.0000
-337.6609 0.0000
-337.7587 0.0000
-337.7204 0.0000
-337.8291 0.0000
-337.8325 0.0000
-337.7126 0.0000
-337.7418 0.0000
-337.7883 0.0000
-337.6673 0.0000
-337.4373 0.0000
-337.4302 0.0000
-337.3185 0.0000
-337.3311 0.0000
-337.2318 0.0000
-337.1755 0.0000
-337.2630 0.0000
-337.3408 0.0000
-337.2815 0.0000
-337.2057 0.0000
-337.2232 0.0000
-337.1199 0.0000
-337.1185 0.0000
-337.0305 0.0000
-336.9984 0.0000
-336.9632 0.0000
-336.8971 0.0000
-336.7184 0.0000
-336.8629 0.0000
-336.9821 0.0000
-337.1959 0.0000
-337.1607 0.0000
-337.1636 0.0000
-337.2139 0.0000
-337.2953 0.0000
-337.1662 0.0000
-337.2502 0.0000
-337.2396 0.0000
-337.1157 0.0000
-337.0340 0.0000
-337.1198 0.0000
-337.1168 0.0000
-337.1150 0.0000
-336.9918 0.0000
-336.9911 0.0000
-337.0575 0.0000
-336.8827 0.0000
-336.9104 0.0000
-336.9255 0.0000
-336.6557 0.0000
-336.9899 0.0000
-337.0738 0.0000
-337.1977 0.0000
-336.8528 0.0000
-336.8633 0.0000
-336.7372 0.0000
-336.7866 0.0000
-336.9676 0.0000
-336.9297 0.0000
-336.7780 0.0000
-336.6917 0.0000
-336.7744 0.0000
-336.6778 0.0000
-336.8061 0.0000
-336.8667 0.0000
-336.8781 0.0000
-337.0534 0.0000
-336.8222 0.0000
-336.6969 0.0000
-337.0147 0.0000
-336.9436 0.0000
-336.8832 0.0000
-336.9486 0.0000
-336.9363 0.0000
-336.8991 0.0000
-336.7919 0.0000
-337.0709 0.0000
-337.0921 0.0000
-337.1205 0.0000
-337.0403 0.0000
-336.9494 0.0000
-337.0450 0.0000
-337.1479 0.0000
-336.9509 0.0000
-336.9708 0.0000
-336.9530 0.0000
-336.9949 0.0000
-336.9890 0.0000
-336.9521 0.0000
-336.5994 0.0000
-336.7787 0.0000
-337.0457 0.0000
-336.9782 0.0000
-337.1211 0.0000
-336.8999 0.0000
-336.8990 0.0000
-337.0047 0.0000
-337.0021 0.0000
-337.0089 0.0000
-337.1002 0.0000
-337.0572 0.0000
-337.0289 0.0000
-336.8885 0.0000
-336.9407 0.0000
-336.9352 0.0000
-336.9221 0.0000
-336.8238 0.0000
-336.8755 0.0000
-336.9628 0.0000
-336.8116 0.0000
-336.8508 0.0000
-336.8285 0.0000
-336.7948 0.0000
-337.0067 0.0000
-336.9476 0.0000
-337.2249 0.0000
-336.8309 0.0000
-336.9685 0.0000
-336.9665 0.0000
-337.0372 0.0000
-336.9037 0.0000
-336.8063 0.0000
-336.8476 0.0000
-337.0140 0.0000
-336.6318 0.0000
-336.5945 0.0000
-336.6394 0.0000
-336.5257 0.0000
-336.4961 0.0000
-336.4627 0.0000
-336.5282 0.0000
-336.4962 0.0000
-336.6626 0.0000
-336.4458 0.0000
-336.2582 0.0000
-336.4584 0.0000
-336.6160 0.0000
-336.7076 0.0000
-336.8305 0.0000
-336.7094 0.0000
-336.8868 0.0000
-336.7699 0.0000
-336.7527 0.0000
-336.8936 0.0000
-336.8031 0.0000
-336.7252 0.0000
-336.6399 0.0000
-336.5357 0.0000
-336.6186 0.0000
-336.6136 0.0000
-336.5464 0.0000
-336.6865 0.0000
-336.4913 0.0000
-336.4892 0.0000
-336.3233 0.0000
-336.3455 0.0000
-336.4232 0.0000
-336.5411 0.0000
-336.6768 0.0000
-336.6759 0.0000
-336.6193 0.0000
-336.5225 0.0000
-336.6743 0.0000
-336.5777 0.0000
-336.7381 0.0000
-336.6945 0.0000
-336.7066 0.0000
-336.6718 0.0000
-336.5269 0.0000
-336.7509 0.0000
-336.4070 0.0000
-336.6114 0.0000
-336.4194 0.0000
-336.3783 0.0000
-336.4615 0.0000
-336.3641 0.0000
-336.4165 0.0000
-336.5357 0.0000
-336.3315 0.0000
-336.2891 0.0000
-336.5334 0.0000
-336.8778 0.0000
-336.7246 0.0000
-336.4822 0.0000
-336.5776 0.0000
-336.7050 0.0000
-336.5917 0.0000
-336.6027 0.0000
-336.4380 0.0000
-336.7256 0.0000
-336.5744 0.0000
-336.4181 0.0000
-336.5064 0.0000
-336.6797 0.0000
-336.5078 0.0000
-336.3937 0.0000
-336.6673 0.0000
-336.7081 0.0000
-336.4188 0.0000
-336.7943 0.0000
-336.8710 0.0000
-336.8927 0.0000
-336.8206 0.0000
-336.8153 0.0000
-336.8503 0.0000
-336.7050 0.0000
-336.6106 0.0000
-336.5896 0.0000
-336.5313 0.0000
-336.8106 0.0000
-336.8909 0.0000
-336.8133 0.0000
-336.8154 0.0000
-336.6854 0.0000
-336.6308 0.0000
-336.6115 0.0000
-336.6868 0.0000
-336.7054 0.0000
-336.8218 0.0000
-336.8617 0.0000
-336.9108 0.0000
-337.0324 0.0000
-336.9010 0.0000
-337.0102 0.0000
-336.7436 0.0000
-337.0879 0.0000
-336.9301 0.0000
-337.0094 0.0000
-337.0888 0.0000
-336.9548 0.0000
-337.0837 0.0000
-336.8513 0.0000
-337.0192 0.0000
-336.9088 0.0000
-336.8756 0.0000
-336.9127 0.0000
-336.7710 0.0000
-336.7208 0.0000
-336.7362 0.0000
-336.7415 0.0000
-336.6613 0.0000
-336.5935 0.0000
-336.7209 0.0000
-336.5501 0.0000
-336.5098 0.0000
-336.4322 0.0000
-336.2013 0.0000
-336.2089 0.0000
-336.2313 0.0000
-336.1317 0.0000
-336.0552 0.0000
-336.0503 0.0000
-336.1613 0.0000
-336.3565 0.0000
-336.2497 0.0000
-336.4133 0.0000
-336.4306 0.0000
-336.3699 0.0000
-336.4029 0.0000
-336.5052 0.0000
-336.5651 0.0000
-336.3396 0.0000
-336.3349 0.0000
-336.1388 0.0000
-336.3652 0.0000
-336.4081 0.0000
-336.3923 0.0000
-336.4688 0.0000
-336.4752 0.0000
-336.4149 0.0000
-336.4314 0.0000
-336.3046 0.0000
-336.2532 0.0000
-336.1643 0.0000
-336.0734 0.0000
-336.1033 0.0000
-336.0993 0.0000
-336.0879 0.0000
-336.0496 0.0000
-335.9567 0.0000
-335.8076 0.0000
-335.8437 0.0000
-335.5904 0.0000
-335.4466 0.0000
-335.3524 0.0000
-335.4637 0.0000
-335.6680 0.0000
-335.7259 0.0000
-335.1529 0.0000
-335.8085 0.0000
-336.0695 0.0000
-336.2469 0.0000
-336.2615 0.0000
-336.0738 0.0000
-336.2588 0.0000
-336.0016 0.0000
-336.0759 0.0000
-336.1364 0.0000
-335.7148 0.0000
-336.3171 0.0000
-336.2847 0.0000
-336.0256 0.0000
-336.2500 0.0000
-336.5935 0.0000
-336.4098 0.0000
-336.5930 0.0000
-336.7721 0.0000
-336.7341 0.0000
-336.4609 0.0000
-336.2274 0.0000
-336.6293 0.0000
-336.7057 0.0000
-336.8934 0.0000
-336.8954 0.0000
-336.9202 0.0000
-336.7847 0.0000
-336.8522 0.0000
-336.8323 0.0000
-336.9433 0.0000
