-100.0000 -100.0000
-361.6222 0.0000
-360.2541 0.0000
-361.4964 0.0000
-361.1749 0.0000
-360.3552 0.0000
-360.8902 0.0000
-361.3811 0.0000
-361.5134 0.0000
-361.7392 0.0000
-363.8147 0.0000
-363.3720 0.0000
-363.7453 0.0000
-362.5077 0.0000
-365.1428 0.0000
-360.9381 0.0000
-362.3351 0.0000
-360.5248 0.0000
-361.2057 0.0000
-358.8578 0.0000
-359.0462 0.0000
-358.4810 0.0000
-358.8641 0.0000
-358.4472 0.0000
-356.8979 0.0000
-356.7323 0.0000
-356.5309 0.0000
-356.9419 0.0000
-358.5507 0.0000
-357.7970 0.0000
-358.0624 0.0000
-357.3677 0.0000
-358.5832 0.0000
-357.4599 0.0000
-357.1297 0.0000
-357.1067 0.0000
-356.8970 0.0000
-357.8174 0.0000
-358.2881 0.0000
-359.0119 0.0000
-357.4308 0.0000
-356.6833 0.0000
-356.2875 0.0000
-357.4549 0.0000
-357.6232 0.0000
-359.6051 0.0000
-360.5897 0.0000
-360.0365 0.0000
-361.5451 0.0000
-359.7652 0.0000
-359.6714 0.0000
-358.9349 0.0000
-359.7024 0.0000
-358.4128 0.0000
-357.9439 0.0000
-358.4612 0.0000
-358.2765 0.0000
-357.3805 0.0000
-357.7819 0.0000
-357.3819 0.0000
-358.3215 0.0000
-358.5243 0.0000
-357.2980 0.0000
-356.9326 0.0000
-356.1936 0.0000
-354.8738 0.0000
-355.6248 0.0000
-355.3481 0.0000
-355.1384 0.0000
-355.9502 0.0000
-355.6283 0.0000
-355.5584 0.0000
-355.8966 0.0000
-355.2300 0.0000
-355.1371 0.0000
-355.8473 0.0000
-356.2648 0.0000
-356.7225 0.0000
-356.5156 0.0000
-356.4961 0.0000
-355.7076 0.0000
-355.0566 0.0000
-354.8420 0.0000
-354.9674 0.0000
-354.3297 0.0000
-354.5731 0.0000
-354.8190 0.0000
-354.6229 0.0000
-355.1929 0.0000
-354.1990 0.0000
-353.3554 0.0000
-353.3448 0.0000
-354.6984 0.0000
-353.7631 0.0000
-354.0920 0.0000
-354.5308 0.0000
-353.3701 0.0000
-353.8638 0.0000
-354.8675 0.0000
-351.7149 0.0000
-351.4905 0.0000
-351.2440 0.0000
-350.8999 0.0000
-351.0651 0.0000
-351.0535 0.0000
-351.2490 0.0000
-352.7764 0.0000
-351.7189 0.0000
-352.7540 0.0000
-352.5972 0.0000
-352.8935 0.0000
-353.5757 0.0000
-354.2105 0.0000
-352.4125 0.0000
-352.3471 0.0000
-351.6322 0.0000
-350.9169 0.0000
-350.5041 0.0000
-351.3148 0.0000
-350.8731 0.0000
-349.7106 0.0000
-350.0522 0.0000
-350.9045 0.0000
-350.5239 0.0000
-349.8917 0.0000
-349.2919 0.0000
-348.5421 0.0000
-348.1327 0.0000
-349.9605 0.0000
-348.6042 0.0000
-349.0639 0.0000
-348.8341 0.0000
-349.0499 0.0000
-348.9049 0.0000
-349.1895 0.0000
-348.7519 0.0000
-348.4686 0.0000
-349.2850 0.0000
-348.6411 0.0000
-348.8921 0.0000
-349.0754 0.0000
-348.2761 0.0000
-347.7601 0.0000
-347.1187 0.0000
-346.7737 0.0000
-347.3609 0.0000
-347.6254 0.0000
-347.3907 0.0000
-346.7938 0.0000
-347.8361 0.0000
-348.5746 0.0000
-347.5309 0.0000
-347.6274 0.0000
-347.6087 0.0000
-347.4873 0.0000
-348.1955 0.0000
-348.3463 0.0000
-348.9882 0.0000
-348.1374 0.0000
-348.3972 0.0000
-347.8802 0.0000
-348.7291 0.0000
-349.1186 0.0000
-348.8330 0.0000
-349.5593 0.0000
-348.6657 0.0000
-347.8797 0.0000
-347.5831 0.0000
-346.7684 0.0000
-346.9473 0.0000
-346.0692 0.0000
-347.0348 0.0000
-346.2525 0.0000
-347.5175 0.0000
-347.6554 0.0000
-347.8540 0.0000
-347.6502 0.0000
-347.5373 0.0000
-348.2464 0.0000
-347.9899 0.0000
-347.9133 0.0000
-347.8378 0.0000
-347.8561 0.0000
-349.2429 0.0000
-348.0255 0.0000
-348.2452 0.0000
-348.5536 0.0000
-348.5986 0.0000
-347.5724 0.0000
-347.4978 0.0000
-347.6534 0.0000
-347.2636 0.0000
-346.8412 0.0000
-347.2492 0.0000
-347.4438 0.0000
-347.3953 0.0000
-347.5252 0.0000
-347.0082 0.0000
-347.3663 0.0000
-346.6668 0.0000
-347.2988 0.0000
-346.4941 0.0000
-347.0623 0.0000
-346.8423 0.0000
-347.3219 0.0000
-347.0589 0.0000
-347.2481 0.0000
-347.7149 0.0000
-347.5610 0.0000
-347.6798 0.0000
-347.7407 0.0000
-347.4693 0.0000
-347.5024 0.0000
-347.6977 0.0000
-347.2695 0.0000
-346.9952 0.0000
-346.7749 0.0000
-347.3911 0.0000
-347.3255 0.0000
-347.3183 0.0000
-346.9840 0.0000
-347.0986 0.0000
-346.9240 0.0000
-347.0437 0.0000
-346.9193 0.0000
-347.5920 0.0000
-347.4287 0.0000
-347.0892 0.0000
-347.0932 0.0000
-346.7882 0.0000
-347.2313 0.0000
-346.8592 0.0000
-346.2734 0.0000
-346.0263 0.0000
-346.0561 0.0000
-345.5612 0.0000
-345.7707 0.0000
-345.7095 0.0000
-344.8242 0.0000
-345.4127 0.0000
-345.2696 0.0000
-344.9640 0.0000
-345.7125 0.0000
-345.0792 0.0000
-345.2750 0.0000
-345.4601 0.0000
-345.7264 0.0000
-345.9214 0.0000
-345.6714 0.0000
-345.4056 0.0000
-345.3009 0.0000
-345.0480 0.0000
-344.7718 0.0000
-345.7411 0.0000
-345.8570 0.0000
-345.2746 0.0000
-345.3925 0.0000
-345.0720 0.0000
-345.9750 0.0000
-346.3061 0.0000
-346.0578 0.0000
-346.5912 0.0000
-346.7860 0.0000
-346.8931 0.0000
-346.5105 0.0000
-346.9229 0.0000
-346.7572 0.0000
-346.4373 0.0000
-346.6036 0.0000
-346.5375 0.0000
-346.8176 0.0000
-347.4466 0.0000
-347.5909 0.0000
-347.4789 0.0000
-347.8629 0.0000
-347.4130 0.0000
-347.6478 0.0000
-347.4266 0.0000
-346.9993 0.0000
-346.5719 0.0000
-347.0396 0.0000
-346.5963 0.0000
-346.7898 0.0000
-346.4132 0.0000
-347.1100 0.0000
-345.8317 0.0000
-346.3480 0.0000
-346.3126 0.0000
-346.1835 0.0000
-345.8196 0.0000
-345.9639 0.0000
-345.7531 0.0000
-346.3783 0.0000
-346.3646 0.0000
-346.3785 0.0000
-346.7108 0.0000
-346.6827 0.0000
-346.6721 0.0000
-346.3089 0.0000
-345.9985 0.0000
-345.4706 0.0000
-345.6083 0.0000
-345.5479 0.0000
-345.2732 0.0000
-345.0429 0.0000
-344.7217 0.0000
-344.2434 0.0000
-344.4887 0.0000
-345.2401 0.0000
-344.8848 0.0000
-345.1120 0.0000
-345.0145 0.0000
-345.2740 0.0000
-345.5503 0.0000
-345.6752 0.0000
-345.5736 0.0000
-345.6052 0.0000
-345.6103 0.0000
-345.3927 0.0000
-346.0731 0.0000
-345.4727 0.0000
-345.5170 0.0000
-345.8265 0.0000
-346.1924 0.0000
-345.9951 0.0000
-346.3038 0.0000
-346.0044 0.0000
-345.8763 0.0000
-346.4915 0.0000
-345.7386 0.0000
-345.5740 0.0000
-345.8298 0.0000
-345.9592 0.0000
-346.0588 0.0000
-346.4306 0.0000
-346.4740 0.0000
-346.3664 0.0000
-346.4609 0.0000
-346.7220 0.0000
-346.7887 0.0000
-347.2369 0.0000
-347.3756 0.0000
-347.2233 0.0000
-348.1731 0.0000
-348.8373 0.0000
-348.6215 0.0000
-348.0222 0.0000
-348.3405 0.0000
-349.4618 0.0000
-350.0030 0.0000
-349.9164 0.0000
-349.2752 0.0000
-348.9283 0.0000
-349.1759 0.0000
-348.9788 0.0000
-349.0534 0.0000
-348.9143 0.0000
-348.8408 0.0000
-348.7860 0.0000
-348.1647 0.0000
-347.8371 0.0000
-347.5080 0.0000
-347.8433 0.0000
-347.2474 0.0000
-348.1781 0.0000
-348.3639 0.0000
-348.6579 0.0000
-347.6354 0.0000
-347.0644 0.0000
-347.8679 0.0000
-348.1613 0.0000
-347.7480 0.0000
-347.1331 0.0000
-347.7471 0.0000
-348.0499 0.0000
-348.3811 0.0000
-348.4289 0.0000
-348.5469 0.0000
-347.9837 0.0000
-347.6984 0.0000
-347.6233 0.0000
-347.7963 0.0000
-347.2189 0.0000
-347.7605 0.0000
-347.2593 0.0000
-347.4960 0.0000
-346.8383 0.0000
-347.1692 0.0000
-346.8511 0.0000
-346.6373 0.0000
-347.4687 0.0000
-347.3160 0.0000
-346.8758 0.0000
-346.9434 0.0000
-347.9813 0.0000
-347.8176 0.0000
-347.7132 0.0000
-347.1610 0.0000
-347.3166 0.0000
-347.5260 0.0000
-346.8806 0.0000
-347.5052 0.0000
-347.9943 0.0000
-348.5502 0.0000
-348.9111 0.0000
-348.5165 0.0000
-348.8820 0.0000
-348.5123 0.0000
-348.7617 0.0000
-348.3746 0.0000
-348.4944 0.0000
-348.2595 0.0000
-348.9271 0.0000
-348.0327 0.0000
-347.4718 0.0000
-347.2364 0.0000
-347.2339 0.0000
-347.2908 0.0000
-347.3370 0.0000
-347.5996 0.0000
-346.9624 0.0000
-348.1277 0.0000
-348.5611 0.0000
-348.0520 0.0000
-348.0573 0.0000
-348.5236 0.0000
-348.5948 0.0000
-348.6267 0.0000
-348.9287 0.0000
-348.2097 0.0000
-348.7214 0.0000
-348.6820 0.0000
-348.8380 0.0000
-349.1237 0.0000
-348.6028 0.0000
-348.7553 0.0000
-349.0755 0.0000
-348.9070 0.0000
-349.6604 0.0000
-349.3064 0.0000
-348.9629 0.0000
-348.5738 0.0000
-347.6393 0.0000
-348.2694 0.0000
-348.7468 0.0000
-349.0327 0.0000
-348.7778 0.0000
-348.4705 0.0000
-348.3242 0.0000
-347.7010 0.0000
-347.9723 0.0000
-347.1752 0.0000
-348.4529 0.0000
-348.4131 0.0000
-348.1555 0.0000
-348.3100 0.0000
-348.5043 0.0000
-348.3547 0.0000
-348.3813 0.0000
-348.9412 0.0000
-348.6994 0.0000
-348.8016 0.0000
-348.4949 0.0000
-349.1743 0.0000
-347.5207 0.0000
-348.3847 0.0000
-346.9768 0.0000
-347.7333 0.0000
-348.0127 0.0000
-347.3413 0.0000
-347.3967 0.0000
-347.1024 0.0000
-347.1737 0.0000
-346.6534 0.0000
-347.7237 0.0000
-347.4874 0.0000
-347.3243 0.0000
-346.9209 0.0000
-346.9761 0.0000
-346.9940 0.0000
-346.6434 0.0000
-346.6058 0.0000
-346.5615 0.0000
-346.6658 0.0000
-346.7966 0.0000
-346.7484 0.0000
-346.8310 0.0000
-346.6915 0.0000
-346.9373 0.0000
-346.5340 0.0000
-346.6506 0.0000
-346.2185 0.0000
-346.9047 0.0000
-346.3499 0.0000
-346.7673 0.0000
-346.3399 0.0000
-346.3206 0.0000
-346.1881 0.0000
-345.5683 0.0000
-345.8196 0.0000
-345.4607 0.0000
-345.4802 0.0000
-345.1099 0.0000
-346.0594 0.0000
-346.2849 0.0000
-346.0709 0.0000
-345.8700 0.0000
-346.1929 0.0000
-346.3263 0.0000
-345.7771 0.0000
-346.3822 0.0000
-346.4762 0.0000
-346.2591 0.0000
-345.6945 0.0000
-346.2634 0.0000
-346.8192 0.0000
-346.0716 0.0000
-346.0416 0.0000
-346.2449 0.0000
-346.1945 0.0000
-346.4194 0.0000
-345.4613 0.0000
-345.6873 0.0000
-345.9235 0.0000
-345.9643 0.0000
-346.0285 0.0000
-346.8521 0.0000
-346.3312 0.0000
-345.9185 0.0000
-346.5397 0.0000
-345.6279 0.0000
-346.6053 0.0000
-346.1252 0.0000
-346.0014 0.0000
-345.9542 0.0000
-345.7746 0.0000
-345.2476 0.0000
-345.7556 0.0000
-345.7814 0.0000
-346.3657 0.0000
-345.7407 0.0000
-345.6691 0.0000
-345.5493 0.0000
-345.4152 0.0000
-345.1235 0.0000
-345.0357 0.0000
-344.9591 0.0000
-344.9132 0.0000
-344.3673 0.0000
-344.7630 0.0000
-345.4614 0.0000
-346.0565 0.0000
-346.2877 0.0000
-346.7466 0.0000
-346.5131 0.0000
-346.2689 0.0000
-346.4152 0.0000
-345.6493 0.0000
-346.1260 0.0000
-346.5746 0.0000
-346.3299 0.0000
-346.4636 0.0000
-347.1384 0.0000
-347.5727 0.0000
-346.3871 0.0000
-346.7655 0.0000
-346.2408 0.0000
-346.0953 0.0000
-346.2338 0.0000
-345.8165 0.0000
-346.1664 0.0000
-346.4871 0.0000
-346.2415 0.0000
-345.9174 0.0000
-345.8315 0.0000
-346.4345 0.0000
-346.3510 0.0000
-346.4890 0.0000
-345.8671 0.0000
-346.4583 0.0000
-345.7935 0.0000
-345.4337 0.0000
-345.4330 0.0000
-345.5048 0.0000
-345.6407 0.0000
-345.9036 0.0000
-345.7498 0.0000
-345.9861 0.0000
-345.5249 0.0000
-344.8851 0.0000
-346.0480 0.0000
-346.1880 0.0000
-346.5319 0.0000
-346.8463 0.0000
-347.7695 0.0000
-346.3044 0.0000
-346.2726 0.0000
-346.0941 0.0000
-346.5781 0.0000
-346.0281 0.0000
-346.4506 0.0000
-346.3585 0.0000
-346.2785 0.0000
-346.5521 0.0000
-345.1528 0.0000
-346.7030 0.0000
-346.9270 0.0000
-347.6511 0.0000
-347.0254 0.0000
-346.9704 0.0000
-347.5835 0.0000
-346.8153 0.0000
-346.5063 0.0000
-347.3493 0.0000
-346.8460 0.0000
-346.7968 0.0000
-345.9042 0.0000
-345.5826 0.0000
-345.4778 0.0000
-345.7301 0.0000
-346.9115 0.0000
-345.7467 0.0000
-345.3202 0.0000
-345.3033 0.0000
-345.7017 0.0000
-346.1828 0.0000
-345.3823 0.0000
-345.3479 0.0000
-345.3067 0.0000
-345.4556 0.0000
-344.8167 0.0000
-344.8946 0.0000
-344.6521 0.0000
-344.6511 0.0000
-344.6011 0.0000
-345.2615 0.0000
-344.6220 0.0000
-345.5341 0.0000
-345.6793 0.0000
-345.7462 0.0000
-345.8419 0.0000
-346.4074 0.0000
-345.9823 0.0000
-346.1972 0.0000
-346.1756 0.0000
-346.4269 0.0000
-346.1443 0.0000
-345.6392 0.0000
-346.4938 0.0000
-346.4711 0.0000
-345.8123 0.0000
-346.3315 0.0000
-346.2909 0.0000
-346.3540 0.0000
-346.1495 0.0000
-346.8964 0.0000
-346.4934 0.0000
-346.5470 0.0000
-347.1538 0.0000
-347.6176 0.0000
-346.9900 0.0000
-347.6465 0.0000
-348.3784 0.0000
-347.1999 0.0000
-347.0734 0.0000
-347.3630 0.0000
-348.0954 0.0000
-347.7868 0.0000
-348.0514 0.0000
-348.6361 0.0000
-348.5792 0.0000
-348.2482 0.0000
-347.4918 0.0000
-348.7415 0.0000
-348.1411 0.0000
-348.1333 0.0000
-348.8609 0.0000
-348.4705 0.0000
-348.4638 0.0000
-348.6681 0.0000
-348.1884 0.0000
-348.6434 0.0000
-347.4814 0.0000
-348.5592 0.0000
-348.7383 0.0000
-349.0002 0.0000
-348.8710 0.0000
-348.9956 0.0000
-348.6518 0.0000
-349.5440 0.0000
-349.5274 0.0000
-349.1370 0.0000
-348.4504 0.0000
-348.8662 0.0000
-348.5425 0.0000
-348.9073 0.0000
-348.2554 0.0000
-348.6178 0.0000
-349.2814 0.0000
-349.7079 0.0000
-348.9202 0.0000
-348.9855 0.0000
-348.3213 0.0000
-349.3155 0.0000
-348.7916 0.0000
-349.9386 0.0000
-349.6729 0.0000
-349.1613 0.0000
-349.3057 0.0000
-349.4154 0.0000
-348.5120 0.0000
-349.0197 0.0000
-349.5916 0.0000
-349.5116 0.0000
-348.2487 0.0000
-348.8597 0.0000
-348.1213 0.0000
-349.1939 0.0000
-349.5737 0.0000
-349.6303 0.0000
-349.4365 0.0000
-348.8170 0.0000
-349.0644 0.0000
-349.4668 0.0000
-350.4289 0.0000
-349.8036 0.0000
-348.8211 0.0000
-349.5474 0.0000
-349.0538 0.0000
-349.2354 0.0000
-349.2383 0.0000
-349.0695 0.0000
-348.6360 0.0000
-349.7789 0.0000
-349.5804 0.0000
-349.1521 0.0000
-349.4657 0.0000
-348.7454 0.0000
-349.7490 0.0000
-350.0407 0.0000
-349.1435 0.0000
-348.8272 0.0000
-349.5838 0.0000
-350.0365 0.0000
-349.3158 0.0000
-349.3961 0.0000
-348.8296 0.0000
-349.6666 0.0000
-348.3318 0.0000
-350.0628 0.0000
-349.0678 0.0000
-349.3633 0.0000
-348.0686 0.0000
-348.1020 0.0000
-349.7693 0.0000
-349.1116 0.0000
-348.9955 0.0000
-349.3095 0.0000
-350.3057 0.0000
-349.3013 0.0000
-349.7298 0.0000
-349.6192 0.0000
-349.7852 0.0000
-349.0126 0.0000
-349.3631 0.0000
-349.2086 0.0000
-348.6679 0.0000
-347.7143 0.0000
-350.1507 0.0000
-349.6573 0.0000
-349.2725 0.0000
-349.0836 0.0000
-349.2376 0.0000
-348.8958 0.0000
-350.0967 0.0000
-349.3012 0.0000
-349.1422 0.0000
-348.9521 0.0000
-349.8945 0.0000
-349.2601 0.0000
-349.4470 0.0000
-349.7756 0.0000
-349.7241 0.0000
-350.9810 0.0000
-350.0231 0.0000
-348.7196 0.0000
-349.4381 0.0000
-348.6328 0.0000
-348.7827 0.0000
-348.9900 0.0000
-350.7704 0.0000
-349.9743 0.0000
-349.5165 0.0000
-348.5764 0.0000
-349.2782 0.0000
-349.2786 0.0000
-350.1831 0.0000
-348.9892 0.0000
-349.6728 0.0000
-349.0859 0.0000
-349.0792 0.0000
-349.1447 0.0000
-350.3142 0.0000
-349.2381 0.0000
-348.8478 0.0000
-349.6214 0.0000
-349.2829 0.0000
-348.8361 0.0000
-349.2101 0.0000
-349.3344 0.0000
-350.2185 0.0000
-348.9244 0.0000
-348.8823 0.0000
-349.0679 0.0000
-349.0141 0.0000
-348.2107 0.0000
-348.7672 0.0000
-349.5739 0.0000
-348.6155 0.0000
-348.8954 0.0000
-349.1751 0.0000
-348.6290 0.0000
-349.3168 0.0000
-348.5162 0.0000
-349.2199 0.0000
-349.3542 0.0000
-349.5601 0.0000
-349.0446 0.0000
-349.6414 0.0000
-348.9901 0.0000
-348.8504 0.0000
-348.8211 0.0000
-349.5126 0.0000
-349.5758 0.0000
-348.8863 0.0000
-348.6486 0.0000
-348.7779 0.0000
-350.0267 0.0000
-349.9090 0.0000
-349.0262 0.0000
-348.9424 0.0000
-349.9288 0.0000
-349.5938 0.0000
-350.1751 0.0000
-349.6027 0.0000
-349.4110 0.0000
-349.4476 0.0000
-348.6078 0.0000
-348.7305 0.0000
-348.5048 0.0000
-349.1088 0.0000
-349.0228 0.0000
-350.3286 0.0000
-348.7853 0.0000
-350.0187 0.0000
-349.5307 0.0000
-349.4087 0.0000
-350.2146 0.0000
-350.3900 0.0000
-349.5211 0.0000
-348.7503 0.0000
-349.1835 0.0000
-349.6347 0.0000
-349.5895 0.0000
-349.1071 0.0000
-350.2142 0.0000
-349.2243 0.0000
-349.3095 0.0000
-349.7766 0.0000
-349.6556 0.0000
-349.8717 0.0000
-349.1741 0.0000
-349.4442 0.0000
-349.3786 0.0000
-349.2558 0.0000
-348.1702 0.0000
-348.9971 0.0000
-349.1794 0.0000
-349.6514 0.0000
-348.7591 0.0000
-348.8820 0.0000
-349.2736 0.0000
-349.2727 0.0000
-349.2335 0.0000
-349.3769 0.0000
-349.4259 0.0000
-348.8973 0.0000
-349.5258 0.0000
-349.5289 0.0000
-349.3452 0.0000
-349.8606 0.0000
-348.8885 0.0000
-350.3965 0.0000
-349.2332 0.0000
-349.4394 0.0000
-348.9352 0.0000
-349.1470 0.0000
-349.7039 0.0000
-349.1553 0.0000
-349.9866 0.0000
-349.4252 0.0000
-349.4004 0.0000
-349.2625 0.0000
-349.6165 0.0000
-348.9379 0.0000
-348.9929 0.0000
-348.3348 0.0000
-348.1276 0.0000
-349.1958 0.0000
-348.2753 0.0000
-348.3355 0.0000
-348.3447 0.0000
-349.0543 0.0000
-348.1473 0.0000
-347.9714 0.0000
-347.7606 0.0000
-347.9971 0.0000
-347.9601 0.0000
-347.9939 0.0000
-348.4281 0.0000
-348.8533 0.0000
-348.5673 0.0000
-348.7558 0.0000
-349.8998 0.0000
-349.6722 0.0000
-348.7309 0.0000
-348.2121 0.0000
-347.9800 0.0000
-348.3420 0.0000
-347.8683 0.0000
-348.3047 0.0000
-347.6102 0.0000
-348.5541 0.0000
-347.5367 0.0000
-347.1545 0.0000
-346.9409 0.0000
-347.2684 0.0000
-347.0943 0.0000
-347.6118 0.0000
-347.4413 0.0000
-346.7694 0.0000
-346.8611 0.0000
-347.9007 0.0000
-348.0359 0.0000
-347.2467 0.0000
-346.9589 0.0000
-347.2630 0.0000
-346.7703 0.0000
-346.7190 0.0000
-347.5816 0.0000
-347.7185 0.0000
-347.0048 0.0000
-346.9692 0.0000
-347.5271 0.0000
-347.6004 0.0000
-347.9789 0.0000
-347.9264 0.0000
-347.3086 0.0000
-347.2608 0.0000
-348.1265 0.0000
-347.6134 0.0000
-347.1578 0.0000
-346.5313 0.0000
-346.9348 0.0000
-346.9575 0.0000
-346.8660 0.0000
-346.7963 0.0000
-347.0357 0.0000
-346.4400 0.0000
-346.6471 0.0000
-347.5610 0.0000
-347.5947 0.0000
-346.4727 0.0000
-347.3955 0.0000
-347.2369 0.0000
-347.2695 0.0000
-347.4413 0.0000
-347.8624 0.0000
-346.9697 0.0000
-346.5545 0.0000
-346.4982 0.0000
-346.5123 0.0000
-345.8191 0.0000
-346.3936 0.0000
-346.7263 0.0000
-347.0661 0.0000
-346.1032 0.0000
-346.7788 0.0000
-346.6176 0.0000
-346.1473 0.0000
-346.1369 0.0000
-345.9926 0.0000
-346.4792 0.0000
-346.4294 0.0000
-345.7242 0.0000
-345.3366 0.0000
-345.6084 0.0000
-345.7968 0.0000
-344.9748 0.0000
-345.6354 0.0000
-345.9329 0.0000
-346.1724 0.0000
-345.4300 0.0000
-345.9979 0.0000
-346.4657 0.0000
-346.8132 0.0000
-346.4060 0.0000
-346.7550 0.0000
-346.5662 0.0000
-346.8783 0.0000
-345.6979 0.0000
-345.6174 0.0000
-345.2812 0.0000
-346.1595 0.0000
-346.3441 0.0000
-346.6844 0.0000
-346.5783 0.0000
-345.8977 0.0000
-345.7327 0.0000
-346.8549 0.0000
-345.9429 0.0000
-345.9950 0.0000
-346.1575 0.0000
-345.9737 0.0000
-346.1840 0.0000
-346.6750 0.0000
-346.5296 0.0000
-346.4936 0.0000
-346.5028 0.0000
-346.8648 0.0000
-345.8053 0.0000
-345.3262 0.0000
-345.6910 0.0000
-344.8815 0.0000
-345.0078 0.0000
-344.8598 0.0000
-344.2982 0.0000
-344.7251 0.0000
-345.0622 0.0000
-344.8379 0.0000
-345.5913 0.0000
-345.9614 0.0000
-345.5796 0.0000
-345.3933 0.0000
-345.4081 0.0000
-345.1744 0.0000
-345.2264 0.0000
-345.3210 0.0000
-344.9632 0.0000
-345.0094 0.0000
-345.3515 0.0000
-344.9510 0.0000
-345.3256 0.0000
-344.8585 0.0000
-345.5686 0.0000
-345.4135 0.0000
-345.4148 0.0000
-345.0426 0.0000
-344.7198 0.0000
-344.9330 0.0000
-344.5477 0.0000
-345.5283 0.0000
-345.2612 0.0000
-345.1857 0.0000
-345.4196 0.0000
-344.7946 0.0000
-344.8993 0.0000
-344.9648 0.0000
-344.8670 0.0000
-344.9875 0.0000
-344.5639 0.0000
-345.2089 0.0000
-344.6419 0.0000
-344.4359 0.0000
-344.1955 0.0000
-344.0192 0.0000
-343.7641 0.0000
-343.7010 0.0000
-344.1162 0.0000
-343.8797 0.0000
-344.0398 0.0000
-344.0472 0.0000
-343.9400 0.0000
-344.4087 0.0000
-344.3165 0.0000
-344.4796 0.0000
-344.5663 0.0000
-344.1590 0.0000
-344.2493 0.0000
-344.1988 0.0000
-344.3817 0.0000
-343.9953 0.0000
-344.2196 0.0000
-344.0661 0.0000
-344.0693 0.0000
-343.9436 0.0000
-344.3646 0.0000
-344.5707 0.0000
-343.4831 0.0000
-343.3334 0.0000
-343.0142 0.0000
-342.1134 0.0000
-342.3685 0.0000
-342.5472 0.0000
-342.4302 0.0000
-342.4098 0.0000
-341.8070 0.0000
-341.7230 0.0000
-342.7057 0.0000
-342.3777 0.0000
-342.1004 0.0000
-342.2255 0.0000
-342.0538 0.0000
-341.9018 0.0000
-341.7668 0.0000
-342.0968 0.0000
-342.7747 0.0000
-342.2995 0.0000
-342.5872 0.0000
-342.0252 0.0000
-341.9954 0.0000
-342.0150 0.0000
-342.1949 0.0000
-341.9223 0.0000
-341.6954 0.0000
-342.0365 0.0000
-341.9669 0.0000
-342.1898 0.0000
-342.4959 0.0000
-342.2075 0.0000
-341.9950 0.0000
-341.8832 0.0000
-342.4550 0.0000
-342.4214 0.0000
-342.1094 0.0000
-342.1384 0.0000
-342.8943 0.0000
-342.3746 0.0000
-341.4549 0.0000
-342.3122 0.0000
-342.1423 0.0000
-341.9089 0.0000
-342.4659 0.0000
-342.4216 0.0000
-342.6152 0.0000
-342.3608 0.0000
-342.1751 0.0000
-342.0192 0.0000
-341.7078 0.0000
-341.6652 0.0000
-341.3623 0.0000
-341.2188 0.0000
-341.2017 0.0000
-340.8431 0.0000
-341.0814 0.0000
-340.7322 0.0000
-340.7271 0.0000
-340.6845 0.0000
-340.5906 0.0000
-340.5526 0.0000
-340.0745 0.0000
-340.0879 0.0000
-339.6545 0.0000
-340.3192 0.0000
-340.5633 0.0000
-340.4707 0.0000
-340.5704 0.0000
-340.7803 0.0000
-340.8850 0.0000
-340.7622 0.0000
-340.5387 0.0000
-340.8032 0.0000
-340.6392 0.0000
-341.0454 0.0000
-341.1828 0.0000
-340.9650 0.0000
-341.2900 0.0000
-341.5018 0.0000
-341.2888 0.0000
-341.7671 0.0000
-341.5640 0.0000
-341.4630 0.0000
-341.3995 0.0000
-341.7742 0.0000
-341.4499 0.0000
-341.8428 0.0000
-341.9872 0.0000
-341.5601 0.0000
-341.1717 0.0000
-341.2019 0.0000
-341.2646 0.0000
-341.3658 0.0000
-341.1730 0.0000
-341.2692 0.0000
-341.4845 0.0000
-341.0526 0.0000
-341.5616 0.0000
-341.6702 0.0000
-341.8920 0.0000
-341.3706 0.0000
-341.2217 0.0000
-341.5315 0.0000
-340.9722 0.0000
-341.4681 0.0000
-341.4562 0.0000
-341.3715 0.0000
-341.2279 0.0000
-341.1199 0.0000
-341.1646 0.0000
-341.2533 0.0000
-341.4382 0.0000
-341.6199 0.0000
-341.6351 0.0000
-341.4993 0.0000
-341.3642 0.0000
-341.6644 0.0000
-341.2434 0.0000
-341.3197 0.0000
-340.9100 0.0000
-340.9877 0.0000
-341.3234 0.0000
-341.5321 0.0000
-341.5053 0.0000
-341.4013 0.0000
-342.0127 0.0000
-341.8018 0.0000
-341.2985 0.0000
-341.5402 0.0000
-341.6107 0.0000
-341.5231 0.0000
-341.3559 0.0000
-341.0670 0.0000
-341.4962 0.0000
-340.7285 0.0000
-340.8579 0.0000
-340.9209 0.0000
-341.0336 0.0000
-340.9866 0.0000
-341.3267 0.0000
-341.1036 0.0000
-341.2707 0.0000
-341.2215 0.0000
-341.2822 0.0000
-341.3973 0.0000
-341.5625 0.0000
-341.4161 0.0000
-340.9230 0.0000
-341.8463 0.0000
-341.1889 0.0000
-341.0230 0.0000
-340.6466 0.0000
-340.6733 0.0000
-340.7954 0.0000
-340.6118 0.0000
-340.6278 0.0000
-340.6958 0.0000
-340.7819 0.0000
-340.8967 0.0000
-340.5592 0.0000
-340.4206 0.0000
-340.4950 0.0000
-340.2300 0.0000
-340.3978 0.0000
-340.4061 0.0000
-340.2936 0.0000
-340.3394 0.0000
-340.5571 0.0000
-340.4857 0.0000
-340.3599 0.0000
-340.9196 0.0000
-340.4863 0.0000
-340.1843 0.0000
-340.2555 0.0000
-340.3064 0.0000
-340.2359 0.0000
-340.1851 0.0000
-340.0620 0.0000
-340.2983 0.0000
-340.4737 0.0000
-340.2803 0.0000
-340.0597 0.0000
-340.1674 0.0000
-340.2621 0.0000
-340.4695 0.0000
-340.7189 0.0000
-340.4748 0.0000
-340.2911 0.0000
-340.4907 0.0000
-340.7905 0.0000
-340.9156 0.0000
-340.9780 0.0000
-340.7385 0.0000
-341.4380 0.0000
-340.4156 0.0000
-341.0093 0.0000
-340.9411 0.0000
-340.9737 0.0000
-340.8825 0.0000
-341.1091 0.0000
-340.9361 0.0000
-340.5260 0.0000
-341.0004 0.0000
-340.9138 0.0000
-341.0010 0.0000
-340.8274 0.0000
-340.7154 0.0000
-340.6796 0.0000
-340.6578 0.0000
-340.6793 0.0000
-340.6187 0.0000
-340.7493 0.0000
-340.5891 0.0000
-340.7454 0.0000
-340.6233 0.0000
-340.4231 0.0000
-340.6432 0.0000
-340.7602 0.0000
-340.7985 0.0000
-340.5487 0.0000
-340.8820 0.0000
-340.7538 0.0000
-341.0471 0.0000
-340.9137 0.0000
-340.7679 0.0000
-340.8356 0.0000
-341.0624 0.0000
-340.4859 0.0000
-340.5105 0.0000
-340.2522 0.0000
-340.6979 0.0000
-340.3420 0.0000
-340.5305 0.0000
-340.5224 0.0000
-340.5646 0.0000
-340.6309 0.0000
-340.6018 0.0000
-340.5892 0.0000
-340.8579 0.0000
-340.6692 0.0000
-340.3343 0.0000
-340.5612 0.0000
-340.6069 0.0000
-340.5609 0.0000
-340.4949 0.0000
-340.2495 0.0000
-340.3587 0.0000
-339.8298 0.0000
-339.9575 0.0000
-340.0378 0.0000
-339.5979 0.0000
-340.0423 0.0000
-339.9696 0.0000
-340.2379 0.0000
-340.8148 0.0000
-340.9490 0.0000
-340.6503 0.0000
-340.9033 0.0000
-341.0670 0.0000
-340.9717 0.0000
-340.7720 0.0000
-340.6071 0.0000
-340.7849 0.0000
-340.7102 0.0000
-340.5588 0.0000
-340.2402 0.0000
-340.5252 0.0000
-340.5400 0.0000
-340.6896 0.0000
-340.5272 0.0000
-340.5013 0.0000
-341.2432 0.0000
-340.6388 0.0000
-340.7242 0.0000
-340.5415 0.0000
-340.5916 0.0000
-340.3680 0.0000
-340.5959 0.0000
-340.5824 0.0000
-340.5728 0.0000
-340.6239 0.0000
-340.7682 0.0000
-340.5683 0.0000
-340.6548 0.0000
-340.5599 0.0000
-340.5214 0.0000
-341.1453 0.0000
-340.5216 0.0000
-340.5178 0.0000
-340.8253 0.0000
-340.6800 0.0000
-340.5258 0.0000
-340.5780 0.0000
-340.8037 0.0000
-340.7425 0.0000
-340.6240 0.0000
-340.7019 0.0000
-340.4170 0.0000
-340.6309 0.0000
-340.0504 0.0000
-340.1256 0.0000
-340.1878 0.0000
-340.0561 0.0000
-340.1306 0.0000
-340.0470 0.0000
-340.1447 0.0000
-340.3466 0.0000
-340.0244 0.0000
-339.9983 0.0000
-340.0042 0.0000
-340.1468 0.0000
-340.0109 0.0000
-340.0226 0.0000
-339.7182 0.0000
-339.5354 0.0000
-339.4845 0.0000
-339.6143 0.0000
-339.4643 0.0000
-339.2601 0.0000
-339.2191 0.0000
-339.2705 0.0000
-339.1087 0.0000
-338.9195 0.0000
-338.7474 0.0000
-338.9213 0.0000
-338.8519 0.0000
-338.8699 0.0000
-338.9445 0.0000
-338.6230 0.0000
-339.0304 0.0000
-338.8216 0.0000
-339.0470 0.0000
-338.8970 0.0000
-338.7143 0.0000
-338.9335 0.0000
-338.9411 0.0000
-338.7371 0.0000
-338.8511 0.0000
-338.7966 0.0000
-338.6918 0.0000
-338.6086 0.0000
-338.7365 0.0000
-338.6043 0.0000
-338.3371 0.0000
-338.5426 0.0000
-338.6647 0.0000
-338.6865 0.0000
-338.7144 0.0000
-338.5285 0.0000
-338.8823 0.0000
-338.9587 0.0000
-338.8162 0.0000
-338.7097 0.0000
-338.6875 0.0000
-338.5244 0.0000
-338.5972 0.0000
-338.4188 0.0000
-338.4159 0.0000
-338.4652 0.0000
-338.4513 0.0000
-338.4926 0.0000
-338.3377 0.0000
-338.6125 0.0000
-338.6323 0.0000
-338.8649 0.0000
-338.7555 0.0000
-338.6929 0.0000
-338.4844 0.0000
-338.5881 0.0000
-338.5985 0.0000
-338.5787 0.0000
-338.7039 0.0000
-338.5515 0.0000
-338.1885 0.0000
-338.3161 0.0000
-338.1751 0.0000
-337.9528 0.0000
-338.0624 0.0000
-337.9693 0.0000
-338.1445 0.0000
-337.8341 0.0000
-337.6172 0.0000
-337.7890 0.0000
-337.7902 0.0000
-337.7842 0.0000
-337.8644 0.0000
-337.7290 0.0000
-337.6944 0.0000
-337.4319 0.0000
-338.1533 0.0000
-338.1943 0.0000
-337.9979 0.0000
-338.5020 0.0000
-338.1270 0.0000
-338.0815 0.0000
-338.0443 0.0000
-338.3154 0.0000
-338.3356 0.0000
-338.4597 0.0000
-338.3431 0.0000
-338.4391 0.0000
-338.5573 0.0000
-338.4864 0.0000
-338.7674 0.0000
-338.4758 0.0000
-338.7038 0.0000
-338.6201 0.0000
-338.5170 0.0000
-338.7628 0.0000
-338.4271 0.0000
-338.4846 0.0000
-338.4231 0.0000
-338.7678 0.0000
-338.4773 0.0000
-338.6259 0.0000
-338.7789 0.0000
-338.4054 0.0000
-338.4032 0.0000
-338.4081 0.0000
-338.5801 0.0000
-338.5516 0.0000
-338.5515 0.0000
-338.4691 0.0000
-338.8169 0.0000
-338.2426 0.0000
-338.5128 0.0000
-338.4717 0.0000
-338.5943 0.0000
-338.6365 0.0000
-338.3630 0.0000
-338.4398 0.0000
-338.6342 0.0000
-338.4207 0.0000
-338.7406 0.0000
-338.3779 0.0000
-338.5542 0.0000
-338.5161 0.0000
-338.5440 0.0000
-338.5138 0.0000
-338.4989 0.0000
-338.2607 0.0000
-338.4912 0.0000
-338.3948 0.0000
-338.4617 0.0000
-338.1231 0.0000
-338.4033 0.0000
-338.4713 0.0000
-338.5335 0.0000
-338.4478 0.0000
-338.3511 0.0000
-338.3511 0.0000
-338.5427 0.0000
-338.6474 0.0000
-338.4800 0.0000
-338.2144 0.0000
-338.8581 0.0000
-338.5028 0.0000
-338.9546 0.0000
-338.6842 0.0000
-338.6297 0.0000
-338.4660 0.0000
-338.9011 0.0000
-338.7083 0.0000
-338.5847 0.0000
-338.6386 0.0000
-338.4778 0.0000
-338.6779 0.0000
-338.4089 0.0000
-338.4446 0.0000
-338.8346 0.0000
-338.4662 0.0000
-338.2935 0.0000
-338.3602 0.0000
-338.6152 0.0000
-338.5689 0.0000
-338.5824 0.0000
-338.6841 0.0000
-338.5493 0.0000
-338.5093 0.0000
-338.7472 0.0000
-338.6047 0.0000
-338.7236 0.0000
-338.5732 0.0000
-338.6398 0.0000
-339.1275 0.0000
-338.9253 0.0000
-338.6140 0.0000
-338.9536 0.0000
-338.4688 0.0000
-338.5327 0.0000
-338.3981 0.0000
-338.6216 0.0000
-338.6424 0.0000
-338.6890 0.0000
-338.5795 0.0000
-338.8400 0.0000
-338.3099 0.0000
-338.7133 0.0000
-338.7737 0.0000
-338.6937 0.0000
-338.4362 0.0000
-338.4130 0.0000
-338.4302 0.0000
-338.6903 0.0000
-338.6117 0.0000
-338.5299 0.0000
-338.2868 0.0000
-338.5155 0.0000
-338.5385 0.0000
-338.6831 0.0000
-338.6899 0.0000
-338.5259 0.0000
-338.4218 0.0000
-338.6078 0.0000
-338.5247 0.0000
-338.5910 0.0000
-338.5655 0.0000
-338.4918 0.0000
-338.7369 0.0000
-338.5250 0.0000
-338.6692 0.0000
-338.6867 0.0000
-338.8043 0.0000
-338.4931 0.0000
-338.6317 0.0000
-338.3964 0.0000
-338.6226 0.0000
-338.3357 0.0000
-338.6531 0.0000
-338.7192 0.0000
-337.9889 0.0000
-338.2758 0.0000
-338.5154 0.0000
-338.7754 0.0000
-338.8016 0.0000
-338.5953 0.0000
-338.9594 0.0000
-338.3883 0.0000
-338.5005 0.0000
-338.5607 0.0000
-338.6686 0.0000
-338.5848 0.0000
-338.4851 0.0000
-338.6824 0.0000
-338.4113 0.0000
-338.7461 0.0000
-338.5615 0.0000
-338.6758 0.0000
-338.5583 0.0000
-338.7937 0.0000
-338.3177 0.0000
-338.4197 0.0000
-338.7094 0.0000
-338.4918 0.0000
-338.5042 0.0000
-338.7376 0.0000
-338.6974 0.0000
-338.6476 0.0000
-338.5005 0.0000
-338.5689 0.0000
-338.5345 0.0000
-338.6030 0.0000
-338.5437 0.0000
-338.4478 0.0000
-338.9757 0.0000
-338.5716 0.0000
-338.6894 0.0000
-338.3397 0.0000
-338.6101 0.0000
-338.3579 0.0000
-338.4231 0.0000
-338.2297 0.0000
-338.7518 0.0000
-338.4971 0.0000
-338.4037 0.0000
-338.3891 0.0000
-338.2636 0.0000
-338.8979 0.0000
-338.3947 0.0000
-338.7272 0.0000
-338.3677 0.0000
-338.3926 0.0000
-338.7246 0.0000
-338.6714 0.0000
-338.4984 0.0000
-338.5899 0.0000
-338.7936 0.0000
-338.6943 0.0000
-338.5215 0.0000
-338.3652 0.0000
-338.6211 0.0000
-338.4057 0.0000
-338.6451 0.0000
-338.5880 0.0000
-338.9806 0.0000
-338.5871 0.0000
-338.3624 0.0000
-338.7708 0.0000
-338.5283 0.0000
-338.6947 0.0000
-338.8554 0.0000
-338.5337 0.0000
-338.5252 0.0000
-338.4473 0.0000
-338.2873 0.0000
-338.6500 0.0000
-338.6568 0.0000
-338.5664 0.0000
-338.5880 0.0000
-338.4727 0.0000
-338.6682 0.0000
-338.7006 0.0000
-338.6068 0.0000
-338.4299 0.0000
-338.4513 0.0000
-338.5301 0.0000
-338.8564 0.0000
-338.5431 0.0000
-338.6829 0.0000
-338.4909 0.0000
-338.4237 0.0000
-338.9178 0.0000
-338.5200 0.0000
-338.5029 0.0000
-338.5843 0.0000
-338.7189 0.0000
-338.5467 0.0000
-338.6902 0.0000
-338.6166 0.0000
-338.5014 0.0000
-338.5687 0.0000
-338.5137 0.0000
-338.4376 0.0000
-338.1174 0.0000
-338.3349 0.0000
-338.5435 0.0000
-338.4556 0.0000
-338.2625 0.0000
-338.4267 0.0000
-338.5785 0.0000
-338.6490 0.0000
-338.8919 0.0000
-338.6054 0.0000
-338.3844 0.0000
-338.8352 0.0000
-338.3007 0.0000
-338.5324 0.0000
-338.7007 0.0000
-338.3980 0.0000
-338.5508 0.0000
-338.4046 0.0000
-338.4771 0.0000
-338.5159 0.0000
-338.6034 0.0000
-338.8238 0.0000
-338.6747 0.0000
-338.4721 0.0000
-338.5626 0.0000
-338.6698 0.0000
-338.5201 0.0000
-338.4938 0.0000
-338.6413 0.0000
-338.2142 0.0000
-338.4464 0.0000
-338.7487 0.0000
-338.4291 0.0000
-338.3829 0.0000
-338.4461 0.0000
-338.4383 0.0000
-338.4591 0.0000
-338.5415 0.0000
-338.5365 0.0000
-338.7413 0.0000
-338.5489 0.0000
-338.7676 0.0000
-338.7927 0.0000
-338.5016 0.0000
-338.5292 0.0000
-338.3688 0.0000
-338.4480 0.0000
-338.7061 0.0000
-338.4117 0.0000
-338.5582 0.0000
-338.7001 0.0000
-338.5740 0.0000
-338.5618 0.0000
-338.3778 0.0000
-338.3204 0.0000
-338.5212 0.0000
-338.5464 0.0000
-338.3758 0.0000
-338.6581 0.0000
-338.7558 0.0000
-338.4290 0.0000
-338.5119 0.0000
-338.8270 0.0000
-338.4571 0.0000
-338.7612 0.0000
-338.5048 0.0000
-338.5548 0.0000
-338.6123 0.0000
-338.7512 0.0000
-338.8032 0.0000
-338.6095 0.0000
-338.5711 0.0000
-338.5309 0.0000
-339.0430 0.0000
-338.4923 0.0000
-338.8064 0.0000
-338.8374 0.0000
-338.3378 0.0000
-338.6884 0.0000
-338.2877 0.0000
-338.1474 0.0000
-338.3860 0.0000
-338.2751 0.0000
-338.5467 0.0000
-338.5306 0.0000
-338.7333 0.0000
-338.8562 0.0000
-338.4522 0.0000
-338.3933 0.0000
-338.3754 0.0000
-338.7364 0.0000
-338.6144 0.0000
-338.4739 0.0000
-338.5211 0.0000
-338.5629 0.0000
-338.6510 0.0000
-338.5559 0.0000
-338.5872 0.0000
-338.8152 0.0000
-338.3584 0.0000
-338.5793 0.0000
-338.7517 0.0000
-338.7484 0.0000
-338.6775 0.0000
-338.4155 0.0000
-338.4458 0.0000
-338.4984 0.0000
-338.3864 0.0000
-338.3727 0.0000
-338.0695 0.0000
-338.5671 0.0000
-338.4624 0.0000
-338.7079 0.0000
-338.5462 0.0000
-338.3837 0.0000
-338.5362 0.0000
-338.6050 0.0000
-338.6642 0.0000
-338.9296 0.0000
-338.6278 0.0000
-338.2782 0.0000
-338.6666 0.0000
-338.4623 0.0000
-338.9043 0.0000
-338.6145 0.0000
-338.3951 0.0000
-338.5375 0.0000
-338.6101 0.0000
-338.3908 0.0000
-338.3364 0.0000
-338.1285 0.0000
-338.5716 0.0000
-338.3480 0.0000
-338.4826 0.0000
-338.8086 0.0000
-338.5001 0.0000
-338.4377 0.0000
-338.5888 0.0000
-338.7981 0.0000
-338.3721 0.0000
-338.2684 0.0000
-338.7239 0.0000
-338.6353 0.0000
-338.6800 0.0000
-338.5335 0.0000
-338.5610 0.0000
-338.6744 0.0000
-338.6672 0.0000
-338.3569 0.0000
-338.5101 0.0000
-338.6486 0.0000
-338.4800 0.0000
-338.3327 0.0000
-338.2860 0.0000
-338.5888 0.0000
-338.7238 0.0000
-338.8413 0.0000
-338.6723 0.0000
-338.6627 0.0000
-338.3920 0.0000
-338.5189 0.0000
-338.3615 0.0000
-338.9617 0.0000
-338.4651 0.0000
-338.6527 0.0000
-338.5061 0.0000
-338.5085 0.0000
-338.5308 0.0000
-338.4898 0.0000
-338.4083 0.0000
-338.6639 0.0000
-338.7962 0.0000
-338.5311 0.0000
-338.6456 0.0000
-338.5054 0.0000
-338.2495 0.0000
-338.7182 0.0000
-338.2771 0.0000
-338.6707 0.0000
-338.4716 0.0000
-338.9770 0.0000
-338.6268 0.0000
-338.4609 0.0000
-338.3707 0.0000
-338.4406 0.0000
-338.6309 0.0000
-338.4229 0.0000
-338.4980 0.0000
-338.5392 0.0000
-338.7137 0.0000
-338.2992 0.0000
-338.4556 0.0000
-338.5297 0.0000
-338.5574 0.0000
-338.4276 0.0000
-338.5412 0.0000
-338.5870 0.0000
-338.5580 0.0000
-338.9100 0.0000
-338.6402 0.0000
-338.5300 0.0000
-338.3809 0.0000
-338.5366 0.0000
-338.4484 0.0000
-338.4101 0.0000
-338.6717 0.0000
-338.5852 0.0000
-338.7181 0.0000
-338.5827 0.0000
-338.6838 0.0000
-338.4586 0.0000
-338.7558 0.0000
-338.5457 0.0000
-338.5752 0.0000
-338.4555 0.0000
-338.3490 0.0000
-338.6512 0.0000
-338.6016 0.0000
-338.4455 0.0000
-338.7129 0.0000
-338.5038 0.0000
-338.6601 0.0000
-338.4649 0.0000
-338.3392 0.0000
-338.4705 0.0000
-338.7429 0.0000
-338.6096 0.0000
-338.8635 0.0000
-338.7599 0.0000
-338.2880 0.0000
-338.6405 0.0000
-338.3788 0.0000
-338.4745 0.0000
-338.6103 0.0000
-338.3701 0.0000
-338.5717 0.0000
-338.7160 0.0000
-338.5712 0.0000
-338.5803 0.0000
-338.3780 0.0000
-338.5472 0.0000
-338.8621 0.0000
-338.6155 0.0000
-338.5660 0.0000
-338.7122 0.0000
-338.4002 0.0000
-338.4252 0.0000
-338.3937 0.0000
-338.5038 0.0000
-338.3548 0.0000
-338.7076 0.0000
-338.5594 0.0000
-338.5946 0.0000
-338.5134 0.0000
-338.4225 0.0000
-338.6822 0.0000
-338.5965 0.0000
-338.5497 0.0000
-338.3771 0.0000
-338.3999 0.0000
-338.6195 0.0000
-338.3983 0.0000
-338.4543 0.0000
-338.7097 0.0000
-338.5837 0.0000
-338.4338 0.0000
-338.7545 0.0000
-338.5091 0.0000
-338.7094 0.0000
-338.7760 0.0000
-338.6712 0.0000
-338.4569 0.0000
-338.7579 0.0000
-338.6508 0.0000
-338.7010 0.0000
-338.4761 0.0000
-338.4070 0.0000
-338.5750 0.0000
-338.7336 0.0000
-338.5627 0.0000
-338.5339 0.0000
-338.6198 0.0000
-339.0066 0.0000
-338.4272 0.0000
-338.6673 0.0000
-338.4850 0.0000
-338.4951 0.0000
-338.3108 0.0000
-338.5730 0.0000
-338.5978 0.0000
-338.3642 0.0000
-338.3915 0.0000
-338.6867 0.0000
-338.5293 0.0000
-338.4653 0.0000
-338.4563 0.0000
-338.4292 0.0000
-338.4741 0.0000
-338.4084 0.0000
-338.4043 0.0000
-338.4636 0.0000
-338.8450 0.0000
-338.5506 0.0000
-338.5898 0.0000
-338.3937 0.0000
-338.4498 0.0000
-338.6908 0.0000
-338.5630 0.0000
-338.5457 0.0000
-338.5110 0.0000
-338.3933 0.0000
-338.4533 0.0000
-338.5322 0.0000
-338.5912 0.0000
-338.5718 0.0000
-338.7161 0.0000
-338.4093 0.0000
-338.6781 0.0000
-338.2461 0.0000
-338.5119 0.0000
-338.8438 0.0000
-338.7602 0.0000
-338.5349 0.0000
-338.4999 0.0000
-338.9429 0.0000
-338.5467 0.0000
-338.4398 0.0000
-338.5238 0.0000
-338.5069 0.0000
-338.4981 0.0000
-338.8380 0.0000
-338.5756 0.0000
-338.4065 0.0000
-338.5434 0.0000
-338.4599 0.0000
-338.2710 0.0000
-338.6585 0.0000
-338.4803 0.0000
-338.3416 0.0000
-338.5698 0.0000
-338.5332 0.0000
-338.3713 0.0000
-338.5586 0.0000
-338.7660 0.0000
-338.5762 0.0000
-338.7777 0.0000
-338.5497 0.0000
-338.0212 0.0000
-338.4157 0.0000
-338.3849 0.0000
-338.6224 0.0000
-338.7546 0.0000
-338.5216 0.0000
-338.5000 0.0000
-338.4522 0.0000
-338.1768 0.0000
-338.5244 0.0000
-338.6363 0.0000
-338.0365 0.0000
-338.4751 0.0000
-338.5385 0.0000
-338.5259 0.0000
-338.4664 0.0000
-338.5599 0.0000
-338.9586 0.0000
-338.5550 0.0000
-338.5848 0.0000
-338.5606 0.0000
-338.5282 0.0000
-338.4956 0.0000
-338.4676 0.0000
-338.5370 0.0000
-338.3718 0.0000
-338.7938 0.0000
-338.5215 0.0000
-338.5625 0.0000
-338.4939 0.0000
-338.4642 0.0000
-338.4353 0.0000
-338.4866 0.0000
-338.3774 0.0000
-338.5870 0.0000
-338.6350 0.0000
-338.7281 0.0000
-338.5882 0.0000
-338.2375 0.0000
-338.6428 0.0000
-338.5326 0.0000
-338.3526 0.0000
-338.2980 0.0000
-338.5704 0.0000
-338.5635 0.0000
-338.3744 0.0000
-338.4322 0.0000
-338.5079 0.0000
-338.7704 0.0000
-338.4829 0.0000
-338.3097 0.0000
-338.7203 0.0000
-338.4883 0.0000
-338.6509 0.0000
-338.5337 0.0000
-338.5416 0.0000
-338.7635 0.0000
-338.1797 0.0000
-338.8782 0.0000
-338.7539 0.0000
-338.6728 0.0000
-338.3832 0.0000
-338.5613 0.0000
-338.5311 0.0000
-338.4609 0.0000
-338.6531 0.0000
-338.7798 0.0000
-338.5315 0.0000
-338.2728 0.0000
-338.4464 0.0000
-338.2825 0.0000
-338.6685 0.0000
-338.6827 0.0000
-337.9827 0.0000
-338.6028 0.0000
-338.3693 0.0000
-338.6031 0.0000
-338.6676 0.0000
-338.3553 0.0000
-338.8074 0.0000
-338.5282 0.0000
-338.3847 0.0000
-338.5720 0.0000
-338.6147 0.0000
-338.4447 0.0000
-338.7347 0.0000
-338.5691 0.0000
-338.4195 0.0000
-338.7537 0.0000
-338.4719 0.0000
-338.5213 0.0000
-338.7601 0.0000
-338.4646 0.0000
-338.5012 0.0000
-338.7312 0.0000
-338.3236 0.0000
-338.2745 0.0000
-338.7721 0.0000
-338.4179 0.0000
-338.6174 0.0000
-338.6267 0.0000
-338.6185 0.0000
-338.5956 0.0000
-338.5982 0.0000
-338.7149 0.0000
-338.6615 0.0000
-338.2985 0.0000
-338.2929 0.0000
-338.4147 0.0000
-338.6810 0.0000
-338.6103 0.0000
-338.6800 0.0000
-338.8603 0.0000
-338.7471 0.0000
-338.8041 0.0000
-338.3335 0.0000
-338.3996 0.0000
-338.7810 0.0000
-338.5345 0.0000
-338.3676 0.0000
-338.5046 0.0000
-338.6837 0.0000
-338.6408 0.0000
-338.4467 0.0000
-338.5862 0.0000
-338.7285 0.0000
-338.7511 0.0000
-338.7565 0.0000
-338.4697 0.0000
-338.5385 0.0000
-338.5712 0.0000
-338.6923 0.0000
-338.9138 0.0000
-338.7612 0.0000
-338.5201 0.0000
-338.6341 0.0000
-338.2571 0.0000
-338.4052 0.0000
-338.4156 0.0000
-338.3581 0.0000
-338.4250 0.0000
-338.8451 0.0000
-338.5307 0.0000
-338.4343 0.0000
-338.3644 0.0000
-338.5812 0.0000
-338.5144 0.0000
-338.7561 0.0000
-338.8359 0.0000
-338.3923 0.0000
-338.5629 0.0000
-338.5005 0.0000
-338.1565 0.0000
-338.4919 0.0000
-338.5844 0.0000
-338.4494 0.0000
-338.7530 0.0000
-338.4378 0.0000
-338.6382 0.0000
-338.6039 0.0000
-338.8558 0.0000
-338.4162 0.0000
-338.6924 0.0000
-338.5627 0.0000
-338.6176 0.0000
-338.3468 0.0000
-338.5322 0.0000
-338.6726 0.0000
-338.2638 0.0000
-338.6936 0.0000
-338.2330 0.0000
-338.4142 0.0000
-338.7810 0.0000
-338.8114 0.0000
-338.3643 0.0000
-338.4458 0.0000
-338.4126 0.0000
-338.5915 0.0000
-338.3756 0.0000
-338.5975 0.0000
-338.3562 0.0000
-338.4777 0.0000
-338.5168 0.0000
-338.3953 0.0000
-338.3742 0.0000
-338.7309 0.0000
-338.8230 0.0000
-338.7413 0.0000
-338.2464 0.0000
-339.0205 0.0000
-338.5380 0.0000
-338.4846 0.0000
-338.2771 0.0000
-338.9076 0.0000
-338.7296 0.0000
-338.8187 0.0000
-338.7140 0.0000
-338.4521 0.0000
-338.6610 0.0000
-338.5500 0.0000
-338.8051 0.0000
-338.3521 0.0000
-338.4324 0.0000
-338.6209 0.0000
-338.3502 0.0000
-338.4076 0.0000
-338.5379 0.0000
-338.4881 0.0000
-338.8321 0.0000
-338.6525 0.0000
-338.5140 0.0000
-338.4740 0.0000
-338.5226 0.0000
-338.5120 0.0000
-338.7455 0.0000
-338.6036 0.0000
-338.7286 0.0000
-338.6762 0.0000
-338.6360 0.0000
-338.5285 0.0000
-338.3670 0.0000
-338.7592 0.0000
-338.1547 0.0000
-338.5386 0.0000
-338.8158 0.0000
-338.5415 0.0000
-338.3485 0.0000
-338.5280 0.0000
-338.4998 0.0000
-338.5026 0.0000
-338.3208 0.0000
-338.4247 0.0000
-338.5120 0.0000
-338.5462 0.0000
-338.7093 0.0000
-338.7576 0.0000
-338.7336 0.0000
-338.8224 0.0000
-339.0338 0.0000
-338.2664 0.0000
-338.4531 0.0000
-338.5924 0.0000
-338.5104 0.0000
-338.7189 0.0000
-338.6309 0.0000
-338.4409 0.0000
-338.7406 0.0000
-338.5086 0.0000
-338.4514 0.0000
-338.5499 0.0000
-338.6496 0.0000
-338.8876 0.0000
-338.3983 0.0000
-338.4793 0.0000
-338.7044 0.0000
-338.5015 0.0000
-338.5027 0.0000
-338.3335 0.0000
-338.4218 0.0000
-338.9998 0.0000
-338.6295 0.0000
-338.6994 0.0000
-338.3192 0.0000
-338.4427 0.0000
-338.5835 0.0000
-338.8329 0.0000
-338.5597 0.0000
-338.3318 0.0000
-338.4133 0.0000
-338.3411 0.0000
-338.5616 0.0000
-338.6894 0.0000
-338.6722 0.0000
-338.6912 0.0000
-338.5596 0.0000
-338.3930 0.0000
-338.7025 0.0000
-338.3887 0.0000
-338.5278 0.0000
-338.5295 0.0000
-338.7480 0.0000
-338.4370 0.0000
-338.5229 0.0000
-339.0636 0.0000
-338.9923 0.0000
-338.0769 0.0000
-338.4570 0.0000
-338.5838 0.0000
-338.2214 0.0000
-338.7834 0.0000
-338.5215 0.0000
-338.3365 0.0000
-338.5799 0.0000
-338.5131 0.0000
-338.4695 0.0000
-338.4847 0.0000
-338.4113 0.0000
-338.6723 0.0000
-338.4993 0.0000
-338.5486 0.0000
-338.5502 0.0000
-338.6958 0.0000
-338.4024 0.0000
-338.4936 0.0000
-338.4861 0.0000
-338.7007 0.0000
-338.6640 0.0000
-338.4449 0.0000
-338.7566 0.0000
-338.6925 0.0000
-338.4170 0.0000
-338.6078 0.0000
-338.3387 0.0000
-338.3008 0.0000
-338.6778 0.0000
-338.6552 0.0000
-338.7130 0.0000
-338.6073 0.0000
-338.4668 0.0000
-338.3887 0.0000
-338.4104 0.0000
-338.6402 0.0000
-338.7158 0.0000
-338.2827 0.0000
-338.4465 0.0000
-338.5844 0.0000
-338.6435 0.0000
-338.2411 0.0000
-338.7005 0.0000
-338.4271 0.0000
-338.4852 0.0000
-338.2590 0.0000
-339.0662 0.0000
-338.5077 0.0000
-338.7849 0.0000
-338.5986 0.0000
-338.5899 0.0000
-338.2752 0.0000
-338.8318 0.0000
-339.0220 0.0000
-338.6645 0.0000
-338.5620 0.0000
-338.5554 0.0000
-338.5079 0.0000
-338.7644 0.0000
-338.0772 0.0000
-338.5316 0.0000
-338.4512 0.0000
-338.9323 0.0000
-338.7541 0.0000
-338.5507 0.0000
-338.7477 0.0000
-339.0592 0.0000
-338.8294 0.0000
-338.4549 0.0000
-338.6264 0.0000
-338.4141 0.0000
-338.6144 0.0000
-338.1703 0.0000
-338.4264 0.0000
-338.4535 0.0000
-338.6226 0.0000
-338.3769 0.0000
-338.4386 0.0000
-338.5817 0.0000
-338.0532 0.0000
-338.7421 0.0000
-338.4625 0.0000
-338.5531 0.0000
-338.5901 0.0000
-338.4841 0.0000
-338.5022 0.0000
-338.4084 0.0000
-338.8397 0.0000
-338.4066 0.0000
-338.3077 0.0000
-338.4107 0.0000
-338.5234 0.0000
-338.5976 0.0000
-338.3504 0.0000
-338.5467 0.0000
-338.4146 0.0000
-338.3850 0.0000
-338.7059 0.0000
-338.6093 0.0000
-338.5986 0.0000
-338.6434 0.0000
-338.7460 0.0000
-338.7466 0.0000
-338.6334 0.0000
-338.7474 0.0000
-338.3388 0.0000
-338.4616 0.0000
-338.5311 0.0000
-338.1734 0.0000
-338.5421 0.0000
-338.7147 0.0000
-338.5982 0.0000
-338.4927 0.0000
-338.7011 0.0000
-338.8574 0.0000
-338.5920 0.0000
-338.7027 0.0000
-338.5644 0.0000
-338.3102 0.0000
-338.5913 0.0000
-338.6565 0.0000
-338.6939 0.0000
-338.2683 0.0000
-338.7284 0.0000
-338.4159 0.0000
-338.8749 0.0000
-338.5109 0.0000
-338.7227 0.0000
-338.6327 0.0000
-338.4406 0.0000
-338.6484 0.0000
-338.6730 0.0000
-338.8103 0.0000
-338.6621 0.0000
-338.4851 0.0000
-338.6566 0.0000
-338.6513 0.0000
-338.5917 0.0000
-338.6804 0.0000
-338.6604 0.0000
-338.5401 0.0000
-338.2917 0.0000
-338.8315 0.0000
-338.3664 0.0000
-338.3802 0.0000
-338.6045 0.0000
-338.6928 0.0000
-338.3893 0.0000
-338.6128 0.0000
-338.6638 0.0000
-338.6640 0.0000
-338.3885 0.0000
-338.5320 0.0000
-338.4174 0.0000
-338.5710 0.0000
-338.8977 0.0000
-338.5410 0.0000
-338.5787 0.0000
-338.5019 0.0000
-338.6076 0.0000
-338.5209 0.0000
-338.2007 0.0000
-338.7650 0.0000
-338.8175 0.0000
-338.4476 0.0000
-338.8597 0.0000
-338.7165 0.0000
-338.7606 0.0000
-338.5192 0.0000
-338.7116 0.0000
-338.4868 0.0000
-338.4348 0.0000
-338.6004 0.0000
-338.5906 0.0000
-338.6295 0.0000
-338.5838 0.0000
-338.3579 0.0000
-338.4835 0.0000
-338.2689 0.0000
-338.3631 0.0000
-338.3728 0.0000
-338.6368 0.0000
-338.6331 0.0000
-338.6480 0.0000
-338.5836 0.0000
-338.5356 0.0000
-338.6352 0.0000
-338.3977 0.0000
-338.6515 0.0000
-338.5109 0.0000
-338.5533 0.0000
-338.9430 0.0000
-338.5558 0.0000
-338.7868 0.0000
-338.5888 0.0000
-338.7503 0.0000
-338.5703 0.0000
-338.8648 0.0000
-338.7873 0.0000
-338.5483 0.0000
-338.6392 0.0000
-338.4855 0.0000
-338.4430 0.0000
-338.3717 0.0000
-338.5372 0.0000
-338.6682 0.0000
-338.8917 0.0000
-338.4355 0.0000
-338.5551 0.0000
-338.9147 0.0000
-338.4580 0.0000
-338.5875 0.0000
-338.7685 0.0000
-338.2217 0.0000
-338.4429 0.0000
-338.6181 0.0000
-338.3957 0.0000
-338.7266 0.0000
-338.4222 0.0000
-338.5136 0.0000
-338.6313 0.0000
-338.7904 0.0000
-338.7520 0.0000
-338.5890 0.0000
-338.6283 0.0000
-338.3849 0.0000
-338.6786 0.0000
-338.4400 0.0000
-338.4416 0.0000
-338.8103 0.0000
-338.3252 0.0000
-338.6973 0.0000
-338.4577 0.0000
-338.6124 0.0000
-338.6650 0.0000
-338.7539 0.0000
-338.4060 0.0000
-338.2486 0.0000
-338.8058 0.0000
-338.6691 0.0000
-338.2609 0.0000
-338.5585 0.0000
-338.7927 0.0000
-338.5492 0.0000
-338.5154 0.0000
-338.5226 0.0000
-338.4797 0.0000
-338.7349 0.0000
-338.4356 0.0000
-338.4138 0.0000
-338.7487 0.0000
-338.6703 0.0000
-338.6545 0.0000
-338.5340 0.0000
-338.7092 0.0000
-338.7178 0.0000
-338.6808 0.0000
-338.3327 0.0000
-338.1831 0.0000
-338.5351 0.0000
-338.5906 0.0000
-338.5986 0.0000
-338.8589 0.0000
-338.8540 0.0000
-338.4833 0.0000
-338.7356 0.0000
-338.5007 0.0000
-338.3229 0.0000
-338.3255 0.0000
-338.7371 0.0000
-338.3631 0.0000
-338.5035 0.0000
-338.5580 0.0000
-338.4959 0.0000
-338.6729 0.0000
-338.7623 0.0000
-338.5247 0.0000
-338.5684 0.0000
-338.4419 0.0000
-338.4634 0.0000
-338.5007 0.0000
-338.4911 0.0000
-338.6022 0.0000
-338.8211 0.0000
-338.7494 0.0000
-338.3992 0.0000
-338.6776 0.0000
-338.2570 0.0000
-338.5028 0.0000
-338.7698 0.0000
-338.5215 0.0000
-338.4408 0.0000
-338.3593 0.0000
-338.5033 0.0000
-338.4445 0.0000
-338.5277 0.0000
-338.3367 0.0000
-338.7288 0.0000
-338.6902 0.0000
-338.7238 0.0000
-338.7974 0.0000
-338.5892 0.0000
-338.4918 0.0000
-338.4346 0.0000
-338.7869 0.0000
-338.4988 0.0000
-338.5992 0.0000
-338.6504 0.0000
-338.4311 0.0000
-338.7206 0.0000
-338.2564 0.0000
-338.4789 0.0000
-338.5172 0.0000
-338.4281 0.0000
-338.7873 0.0000
-338.6011 0.0000
-338.3706 0.0000
-338.6380 0.0000
-338.8788 0.0000
-338.5623 0.0000
-338.7372 0.0000
-338.5898 0.0000
-338.6287 0.0000
-338.6133 0.0000
-338.5206 0.0000
-338.5889 0.0000
-338.7775 0.0000
-338.7699 0.0000
-338.6292 0.0000
-338.6487 0.0000
-338.5776 0.0000
-338.4807 0.0000
-338.7710 0.0000
-338.4865 0.0000
-338.6045 0.0000
-338.5826 0.0000
-338.8946 0.0000
-338.6662 0.0000
-338.6906 0.0000
-338.7046 0.0000
-338.5863 0.0000
-338.7003 0.0000
-338.6331 0.0000
-338.2521 0.0000
-338.2925 0.0000
-338.7862 0.0000
-338.3112 0.0000
-338.4035 0.0000
-338.4760 0.0000
-338.4938 0.0000
-338.3997 0.0000
-338.2701 0.0000
-338.4155 0.0000
-338.3697 0.0000
-338.5905 0.0000
-338.4112 0.0000
-338.3672 0.0000
-338.4201 0.0000
-338.5820 0.0000
-338.5132 0.0000
-338.7202 0.0000
-338.6275 0.0000
-338.6297 0.0000
-338.2795 0.0000
-338.7981 0.0000
-338.5149 0.0000
-338.8668 0.0000
-338.4990 0.0000
-338.6016 0.0000
-338.6681 0.0000
-338.6239 0.0000
-338.6074 0.0000
-338.6647 0.0000
-338.5342 0.0000
-338.6147 0.0000
-338.8124 0.0000
-338.7100 0.0000
-338.4388 0.0000
-338.5166 0.0000
-338.3180 0.0000
-338.4938 0.0000
-338.8929 0.0000
-338.4884 0.0000
-338.6700 0.0000
-338.5548 0.0000
-338.8916 0.0000
-338.5370 0.0000
-338.3209 0.0000
-338.8111 0.0000
-338.2143 0.0000
-338.3871 0.0000
-338.5121 0.0000
-338.3590 0.0000
-338.7606 0.0000
-338.6197 0.0000
-338.5097 0.0000
-338.2463 0.0000
-338.6283 0.0000
-338.4725 0.0000
-338.5658 0.0000
-338.3204 0.0000
-338.4735 0.0000
-338.5792 0.0000
-338.7704 0.0000
-338.9674 0.0000
-338.5855 0.0000
-338.6113 0.0000
-338.8140 0.0000
-338.1503 0.0000
-338.4817 0.0000
-338.5194 0.0000
-338.5349 0.0000
-338.3231 0.0000
-338.5450 0.0000
-338.7669 0.0000
-338.6108 0.0000
-338.4390 0.0000
-338.5852 0.0000
-338.6279 0.0000
-338.4065 0.0000
-338.5648 0.0000
-338.5408 0.0000
-338.6924 0.0000
-338.8212 0.0000
-338.5685 0.0000
-338.4583 0.0000
-338.6007 0.0000
-338.5810 0.0000
-338.8343 0.0000
-338.5661 0.0000
-338.4845 0.0000
-338.4156 0.0000
-338.2477 0.0000
-338.3207 0.0000
-338.5637 0.0000
-338.4702 0.0000
-338.2272 0.0000
-338.8712 0.0000
-339.0177 0.0000
-338.0225 0.0000
-338.4038 0.0000
-338.7647 0.0000
-338.7007 0.0000
-338.6589 0.0000
-338.5644 0.0000
-338.4759 0.0000
-338.2580 0.0000
-338.5624 0.0000
-338.5145 0.0000
-338.6223 0.0000
-338.6246 0.0000
-338.2303 0.0000
-338.4290 0.0000
-338.5965 0.0000
-338.4580 0.0000
-338.7561 0.0000
-338.4316 0.0000
-338.4624 0.0000
-338.6308 0.0000
-338.6854 0.0000
-338.2614 0.0000
-338.5557 0.0000
-338.5277 0.0000
-338.5752 0.0000
-338.7323 0.0000
-338.4125 0.0000
-338.7322 0.0000
-338.4254 0.0000
-338.4198 0.0000
-338.5967 0.0000
-338.8646 0.0000
-338.3482 0.0000
-338.6252 0.0000
-338.3155 0.0000
-338.5519 0.0000
-338.4480 0.0000
-338.7045 0.0000
-338.2568 0.0000
-338.3426 0.0000
-338.5257 0.0000
-338.8738 0.0000
-338.5864 0.0000
-338.6034 0.0000
-338.4996 0.0000
-338.5025 0.0000
-338.5040 0.0000
-338.3824 0.0000
-338.4685 0.0000
-338.5581 0.0000
-338.5754 0.0000
-338.5791 0.0000
-338.4623 0.0000
-338.6365 0.0000
-338.3623 0.0000
-338.4226 0.0000
-338.6414 0.0000
-338.3410 0.0000
-338.7265 0.0000
-338.5345 0.0000
-338.6155 0.0000
-338.5188 0.0000
-338.8219 0.0000
-338.9721 0.0000
-338.5474 0.0000
-338.5257 0.0000
-338.6541 0.0000
-338.6357 0.0000
-338.6118 0.0000
-338.4116 0.0000
-338.5988 0.0000
-338.8601 0.0000
-338.4699 0.0000
-338.4913 0.0000
-338.3724 0.0000
-338.7748 0.0000
-338.5802 0.0000
-338.4166 0.0000
-338.5413 0.0000
-338.4914 0.0000
-338.4856 0.0000
-338.4894 0.0000
-338.4597 0.0000
-338.5681 0.0000
-338.6078 0.0000
-338.7203 0.0000
-338.5487 0.0000
-338.6773 0.0000
-338.3317 0.0000
-338.2787 0.0000
-338.7669 0.0000
-338.3545 0.0000
-338.4058 0.0000
-338.6996 0.0000
-338.5244 0.0000
-338.8658 0.0000
-338.1692 0.0000
-338.3170 0.0000
-338.3337 0.0000
-338.4219 0.0000
-338.5464 0.0000
-338.4521 0.0000
-338.5274 0.0000
-338.6970 0.0000
-338.3548 0.0000
-338.4549 0.0000
-338.5414 0.0000
-338.7367 0.0000
-338.4767 0.0000
-338.7155 0.0000
-338.6125 0.0000
-338.3685 0.0000
-338.2927 0.0000
-338.5107 0.0000
-338.4478 0.0000
-338.6452 0.0000
-338.4887 0.0000
-338.2793 0.0000
-338.2960 0.0000
-338.6073 0.0000
-338.8413 0.0000
-338.5059 0.0000
-338.6090 0.0000
-338.5305 0.0000
-338.7539 0.0000
-338.6241 0.0000
-338.6640 0.0000
-338.4899 0.0000
-338.6813 0.0000
-338.2968 0.0000
-338.7276 0.0000
-338.4402 0.0000
-338.7333 0.0000
-338.6602 0.0000
-338.7199 0.0000
-338.1840 0.0000
-338.4928 0.0000
-338.6302 0.0000
-338.7600 0.0000
-338.4428 0.0000
-338.6520 0.0000
-338.5584 0.0000
-338.6563 0.0000
-338.4601 0.0000
-338.6432 0.0000
-338.8058 0.0000
-338.5798 0.0000
-338.7355 0.0000
-338.4842 0.0000
-338.1897 0.0000
-338.9292 0.0000
-338.6073 0.0000
-338.7037 0.0000
-338.4511 0.0000
-338.5545 0.0000
-338.4678 0.0000
-338.7812 0.0000
-338.5914 0.0000
-338.3747 0.0000
-338.5013 0.0000
-338.4463 0.0000
-338.3930 0.0000
-338.4133 0.0000
-338.2428 0.0000
-338.6682 0.0000
-338.6897 0.0000
-338.6333 0.0000
-338.6962 0.0000
-338.4803 0.0000
-338.6705 0.0000
-338.6352 0.0000
-338.3914 0.0000
-338.5530 0.0000
-338.4595 0.0000
-338.5340 0.0000
-338.1444 0.0000
-338.7288 0.0000
-338.1903 0.0000
-338.6286 0.0000
-338.3819 0.0000
-338.5609 0.0000
-338.5598 0.0000
-338.5032 0.0000
-338.5064 0.0000
-338.6155 0.0000
-338.4648 0.0000
-338.6956 0.0000
-338.3875 0.0000
-338.4856 0.0000
-338.2145 0.0000
-338.6822 0.0000
-338.3893 0.0000
-338.4872 0.0000
-338.4903 0.0000
-338.5293 0.0000
-338.7619 0.0000
-338.7433 0.0000
-338.2193 0.0000
-338.7223 0.0000
-338.4872 0.0000
-338.5011 0.0000
-338.6850 0.0000
-339.0714 0.0000
-338.7716 0.0000
-338.2387 0.0000
-338.6587 0.0000
-338.5251 0.0000
-338.4414 0.0000
-338.4503 0.0000
-338.6699 0.0000
-338.5319 0.0000
-338.9548 0.0000
-338.8443 0.0000
-338.7213 0.0000
-338.5898 0.0000
-338.4191 0.0000
-338.5118 0.0000
-338.2153 0.0000
-338.4819 0.0000
-338.7496 0.0000
-338.5653 0.0000
-338.5481 0.0000
-338.5772 0.0000
-338.4011 0.0000
-338.5193 0.0000
-338.5286 0.0000
-338.3409 0.0000
-338.2937 0.0000
-338.4422 0.0000
-338.8983 0.0000
-338.5424 0.0000
-338.5995 0.0000
-338.9478 0.0000
-338.2613 0.0000
-338.7422 0.0000
-338.4520 0.0000
-338.5692 0.0000
-338.5980 0.0000
-338.3809 0.0000
-338.4764 0.0000
-338.4318 0.0000
-338.7774 0.0000
-338.6057 0.0000
-338.4140 0.0000
-338.6312 0.0000
-338.6078 0.0000
-338.5671 0.0000
-338.5025 0.0000
-338.4447 0.0000
-338.5281 0.0000
-338.3306 0.0000
-338.4462 0.0000
-338.4775 0.0000
-338.5371 0.0000
-338.6384 0.0000
-338.5995 0.0000
-338.4887 0.0000
-338.3884 0.0000
-338.3117 0.0000
-338.4902 0.0000
-338.4238 0.0000
-338.6926 0.0000
-338.4761 0.0000
-338.3736 0.0000
-338.4286 0.0000
-338.5769 0.0000
-338.3246 0.0000
-338.7124 0.0000
-338.4966 0.0000
-338.6470 0.0000
-338.8340 0.0000
-338.5284 0.0000
-338.3891 0.0000
-338.7327 0.0000
-338.4626 0.0000
-338.3769 0.0000
-338.6442 0.0000
-338.6464 0.0000
-338.4480 0.0000
-338.2819 0.0000
-338.4373 0.0000
-338.8079 0.0000
-338.8094 0.0000
-338.6785 0.0000
-338.5275 0.0000
-338.4977 0.0000
-338.8089 0.0000
-338.4980 0.0000
-338.3931 0.0000
-338.4462 0.0000
-338.6972 0.0000
-338.6687 0.0000
-338.5294 0.0000
-338.5346 0.0000
-338.1831 0.0000
-338.7523 0.0000
-338.6527 0.0000
-338.0997 0.0000
-338.5043 0.0000
-338.5493 0.0000
-338.5541 0.0000
-338.3705 0.0000
-338.2399 0.0000
-338.2331 0.0000
-338.8037 0.0000
-338.3048 0.0000
-338.4498 0.0000
-338.5980 0.0000
-338.3216 0.0000
-338.5603 0.0000
-338.4601 0.0000
-338.5541 0.0000
-338.5817 0.0000
-338.4482 0.0000
-338.7832 0.0000
-338.3909 0.0000
-338.7422 0.0000
-338.5476 0.0000
-338.7195 0.0000
-338.5972 0.0000
-338.5856 0.0000
-338.4612 0.0000
-338.6738 0.0000
-338.6670 0.0000
-338.8035 0.0000
-338.8033 0.0000
-338.4735 0.0000
-338.3389 0.0000
-338.3482 0.0000
-338.5892 0.0000
-338.6259 0.0000
-338.5727 0.0000
-338.8193 0.0000
-338.5293 0.0000
-338.6644 0.0000
-338.5198 0.0000
-338.6354 0.0000
-338.6758 0.0000
-338.7671 0.0000
-338.7430 0.0000
-338.3609 0.0000
-338.3960 0.0000
-338.4149 0.0000
-338.6978 0.0000
-338.6193 0.0000
-338.6577 0.0000
-338.6795 0.0000
-338.8928 0.0000
-338.7392 0.0000
-338.5482 0.0000
-338.7488 0.0000
-338.6428 0.0000
-338.4624 0.0000
-338.6354 0.0000
-338.6167 0.0000
-338.4071 0.0000
-338.6814 0.0000
-338.6772 0.0000
-338.5460 0.0000
-338.8944 0.0000
-338.4770 0.0000
-338.3254 0.0000
-338.7736 0.0000
-338.6059 0.0000
-338.6942 0.0000
-338.4557 0.0000
-338.1125 0.0000
-338.5055 0.0000
-338.7576 0.0000
-338.5156 0.0000
-338.4567 0.0000
-338.2561 0.0000
-338.4820 0.0000
-338.4460 0.0000
-338.4726 0.0000
-338.6489 0.0000
-338.5742 0.0000
-338.5161 0.0000
-338.5656 0.0000
-338.5891 0.0000
-338.5103 0.0000
-338.5143 0.0000
-338.6036 0.0000
-338.4925 0.0000
-338.3715 0.0000
-338.3973 0.0000
-338.6762 0.0000
-338.5584 0.0000
-338.6933 0.0000
-338.5701 0.0000
-338.7627 0.0000
-338.2585 0.0000
-338.5607 0.0000
-338.8114 0.0000
-338.7890 0.0000
-338.6640 0.0000
-338.5994 0.0000
-338.7252 0.0000
-338.5345 0.0000
-338.4543 0.0000
-338.6839 0.0000
-338.6336 0.0000
-338.7732 0.0000
-338.5218 0.0000
-338.4801 0.0000
-338.6099 0.0000
-338.4905 0.0000
-338.7350 0.0000
-338.9448 0.0000
-338.6198 0.0000
-338.5219 0.0000
-338.8130 0.0000
-338.6369 0.0000
-338.3360 0.0000
-338.7426 0.0000
-338.4621 0.0000
-338.3969 0.0000
-338.8197 0.0000
-338.5307 0.0000
-338.6731 0.0000
-338.5775 0.0000
-338.5357 0.0000
-338.2485 0.0000
-338.5258 0.0000
-338.1545 0.0000
-338.8218 0.0000
-338.5204 0.0000
-338.4770 0.0000
-338.8175 0.0000
-338.5034 0.0000
-338.2248 0.0000
-338.4675 0.0000
-338.5293 0.0000
-338.5587 0.0000
-338.6388 0.0000
-338.4333 0.0000
-338.4068 0.0000
-338.7443 0.0000
-338.7757 0.0000
-338.5874 0.0000
-338.6062 0.0000
-338.7101 0.0000
-338.4509 0.0000
-338.5306 0.0000
-338.1196 0.0000
-338.5635 0.0000
-338.3442 0.0000
-338.4884 0.0000
-338.4648 0.0000
-338.5297 0.0000
-338.6111 0.0000
-338.4000 0.0000
-338.6744 0.0000
-338.3976 0.0000
-338.4349 0.0000
-338.3439 0.0000
-338.5581 0.0000
-338.5678 0.0000
-338.4783 0.0000
-338.2133 0.0000
-338.6759 0.0000
-338.5704 0.0000
-338.6966 0.0000
-338.4324 0.0000
-338.6747 0.0000
-338.3265 0.0000
-338.6518 0.0000
-338.5536 0.0000
-338.5792 0.0000
-338.5199 0.0000
-339.0310 0.0000
-338.5205 0.0000
-338.6204 0.0000
-338.8067 0.0000
-338.7351 0.0000
-338.7666 0.0000
-338.8835 0.0000
-338.6781 0.0000
-338.6442 0.0000
-338.6285 0.0000
-338.4462 0.0000
-338.6462 0.0000
-338.5411 0.0000
-338.3852 0.0000
-338.4027 0.0000
-338.5599 0.0000
-338.3854 0.0000
-338.8160 0.0000
-338.2228 0.0000
-338.6868 0.0000
-338.2192 0.0000
-338.3856 0.0000
-338.2994 0.0000
-338.7447 0.0000
-338.5295 0.0000
-338.8040 0.0000
-338.5948 0.0000
-338.4014 0.0000
-338.4606 0.0000
-338.6401 0.0000
-338.5428 0.0000
-338.6554 0.0000
-338.2756 0.0000
-338.4175 0.0000
-338.5381 0.0000
-338.6848 0.0000
-338.5875 0.0000
-338.5604 0.0000
-338.6570 0.0000
-338.6639 0.0000
-338.6828 0.0000
-338.7498 0.0000
-338.6715 0.0000
-338.6727 0.0000
-338.3421 0.0000
-338.7124 0.0000
-338.2813 0.0000
-338.5484 0.0000
-338.7457 0.0000
-338.6651 0.0000
-338.3442 0.0000
-338.4150 0.0000
-338.6098 0.0000
-338.5812 0.0000
-338.4444 0.0000
-338.2581 0.0000
-338.5163 0.0000
-338.6124 0.0000
-338.6270 0.0000
-338.5710 0.0000
-338.7085 0.0000
-338.4431 0.0000
-338.7246 0.0000
-338.7001 0.0000
-338.8099 0.0000
-338.5568 0.0000
-338.4563 0.0000
-338.5548 0.0000
-338.5090 0.0000
-338.3776 0.0000
-338.4872 0.0000
-338.7220 0.0000
-338.4958 0.0000
-338.6652 0.0000
-338.5507 0.0000
-338.5063 0.0000
-338.5625 0.0000
-338.2776 0.0000
-338.8767 0.0000
-338.5143 0.0000
-338.3549 0.0000
-338.6870 0.0000
-338.7610 0.0000
-338.4908 0.0000
-338.3009 0.0000
-338.6557 0.0000
-338.8178 0.0000
-338.5645 0.0000
-338.2616 0.0000
-338.4804 0.0000
-338.3871 0.0000
-338.7130 0.0000
-338.3740 0.0000
-338.6160 0.0000
-338.5165 0.0000
-338.4386 0.0000
-338.6338 0.0000
-338.2395 0.0000
-338.4775 0.0000
-338.5983 0.0000
-338.4407 0.0000
-338.5502 0.0000
-338.4974 0.0000
-338.4762 0.0000
-338.5666 0.0000
-338.6692 0.0000
-338.3819 0.0000
-338.7009 0.0000
-338.5262 0.0000
-338.5449 0.0000
-338.5749 0.0000
-338.6369 0.0000
-338.3928 0.0000
-338.6433 0.0000
-338.2144 0.0000
-338.7361 0.0000
-338.5815 0.0000
-338.6979 0.0000
-338.9430 0.0000
-338.5586 0.0000
-338.8332 0.0000
-338.3940 0.0000
-338.4311 0.0000
-338.6372 0.0000
-338.4365 0.0000
-338.6306 0.0000
-338.8336 0.0000
-338.4394 0.0000
-338.4302 0.0000
-338.6375 0.0000
-338.4861 0.0000
-338.4830 0.0000
-338.3419 0.0000
-338.6750 0.0000
-338.7091 0.0000
-338.5322 0.0000
-338.8245 0.0000
-338.5475 0.0000
-338.4597 0.0000
-338.7290 0.0000
-338.3709 0.0000
-338.3740 0.0000
-338.5283 0.0000
-338.3944 0.0000
-338.3432 0.0000
-338.4919 0.0000
-338.6558 0.0000
-338.2167 0.0000
-338.6804 0.0000
-338.6816 0.0000
-338.6844 0.0000
-338.7552 0.0000
-338.1828 0.0000
-338.9288 0.0000
-338.5954 0.0000
-338.6050 0.0000
-338.9209 0.0000
-338.3457 0.0000
-338.7779 0.0000
-338.3047 0.0000
-338.7141 0.0000
-338.6475 0.0000
-338.2824 0.0000
-338.4249 0.0000
-338.9108 0.0000
-338.3795 0.0000
-338.3978 0.0000
-338.5568 0.0000
-338.5567 0.0000
-338.7001 0.0000
-338.5054 0.0000
-338.5232 0.0000
-338.4988 0.0000
-338.6141 0.0000
-338.6443 0.0000
-338.4664 0.0000
-338.6175 0.0000
-338.6998 0.0000
-338.4490 0.0000
-338.4682 0.0000
-338.4376 0.0000
-338.4710 0.0000
-338.4184 0.0000
-338.4640 0.0000
-338.6437 0.0000
-338.5696 0.0000
-338.7591 0.0000
-338.5126 0.0000
-338.7026 0.0000
-338.5336 0.0000
-338.7392 0.0000
-338.5532 0.0000
-338.5933 0.0000
-338.6719 0.0000
-338.7062 0.0000
-338.7286 0.0000
-338.6920 0.0000
-338.7668 0.0000
-338.6014 0.0000
-338.9151 0.0000
-338.3264 0.0000
-338.5583 0.0000
-338.3426 0.0000
-338.6735 0.0000
-338.5708 0.0000
-338.6271 0.0000
-338.2385 0.0000
-338.3535 0.0000
-338.3644 0.0000
-338.7762 0.0000
-338.4835 0.0000
-338.6546 0.0000
-338.7253 0.0000
-338.6404 0.0000
-338.2884 0.0000
-338.8139 0.0000
-338.6633 0.0000
-338.6712 0.0000
-338.7465 0.0000
-338.7497 0.0000
-338.7054 0.0000
-338.6856 0.0000
-338.5140 0.0000
-338.7359 0.0000
-338.5495 0.0000
-338.6135 0.0000
-338.3386 0.0000
-338.3925 0.0000
-338.7555 0.0000
-338.5319 0.0000
-338.6854 0.0000
-338.4959 0.0000
-338.6855 0.0000
-338.5728 0.0000
-338.4268 0.0000
-338.4097 0.0000
-338.4114 0.0000
-338.7104 0.0000
-338.7296 0.0000
-338.5600 0.0000
-338.4177 0.0000
-338.5429 0.0000
-338.5807 0.0000
-338.6615 0.0000
-338.4711 0.0000
-338.4743 0.0000
-338.4240 0.0000
-338.3949 0.0000
-338.4518 0.0000
-338.5505 0.0000
-338.6619 0.0000
-338.3590 0.0000
-338.2221 0.0000
-338.4971 0.0000
-338.6121 0.0000
-338.5807 0.0000
-338.6948 0.0000
-338.7812 0.0000
-338.6703 0.0000
-338.4854 0.0000
-338.6298 0.0000
-338.2539 0.0000
-338.6604 0.0000
-338.4604 0.0000
-338.5924 0.0000
-338.7064 0.0000
-338.6854 0.0000
-338.8021 0.0000
-338.6460 0.0000
-338.1970 0.0000
-338.7474 0.0000
-338.5809 0.0000
-338.5064 0.0000
-338.5232 0.0000
-338.7431 0.0000
-338.3461 0.0000
-338.5633 0.0000
-338.6022 0.0000
-338.8636 0.0000
-338.5341 0.0000
-338.7709 0.0000
-338.3449 0.0000
-338.5391 0.0000
-338.5706 0.0000
-338.5014 0.0000
-338.6515 0.0000
-338.8559 0.0000
-338.7597 0.0000
-338.6153 0.0000
-338.5322 0.0000
-338.1453 0.0000
-338.5113 0.0000
-338.7791 0.0000
-338.6121 0.0000
-338.6909 0.0000
-338.4751 0.0000
-338.4360 0.0000
-338.2316 0.0000
-338.5771 0.0000
-338.6080 0.0000
-338.7257 0.0000
-338.6631 0.0000
-338.7356 0.0000
-338.4772 0.0000
-338.6713 0.0000
-338.5712 0.0000
-338.6905 0.0000
-338.3082 0.0000
-338.6756 0.0000
-338.3662 0.0000
-338.1637 0.0000
-338.6286 0.0000
-338.5011 0.0000
-338.6376 0.0000
-338.4905 0.0000
-338.5137 0.0000
-338.7077 0.0000
-338.4893 0.0000
-338.6369 0.0000
-338.7433 0.0000
-338.4445 0.0000
-338.3345 0.0000
-338.3912 0.0000
-338.6172 0.0000
-338.4886 0.0000
-338.3269 0.0000
-338.5824 0.0000
-338.5410 0.0000
-338.4845 0.0000
-338.4455 0.0000
-338.6551 0.0000
-338.5863 0.0000
-338.7184 0.0000
-338.4431 0.0000
-338.2582 0.0000
-338.6973 0.0000
-338.6049 0.0000
-338.7049 0.0000
-338.5367 0.0000
-338.6769 0.0000
-338.5315 0.0000
-338.4990 0.0000
-338.4989 0.0000
-338.3193 0.0000
-338.2710 0.0000
-338.6871 0.0000
-338.2137 0.0000
-338.5265 0.0000
-338.5539 0.0000
-338.2016 0.0000
-338.3396 0.0000
-338.4904 0.0000
-338.5891 0.0000
-338.5692 0.0000
-338.7281 0.0000
-338.4867 0.0000
-338.6339 0.0000
-338.6128 0.0000
-338.6909 0.0000
-338.6550 0.0000
-338.4737 0.0000
-338.3900 0.0000
-338.5921 0.0000
-338.6472 0.0000
-338.5054 0.0000
-338.0728 0.0000
-338.7291 0.0000
-338.6318 0.0000
-338.3150 0.0000
-338.6371 0.0000
-338.6012 0.0000
-338.7067 0.0000
-338.6139 0.0000
-338.6470 0.0000
-338.5503 0.0000
-338.6028 0.0000
-338.5373 0.0000
-338.2599 0.0000
-338.6346 0.0000
-338.6040 0.0000
-338.5429 0.0000
-338.5493 0.0000
-338.5028 0.0000
-338.6251 0.0000
-338.5386 0.0000
-338.5246 0.0000
-338.3026 0.0000
-338.6424 0.0000
-338.3380 0.0000
-338.6220 0.0000
-338.4462 0.0000
-338.3753 0.0000
-338.0669 0.0000
-338.4671 0.0000
-338.7546 0.0000
-338.7549 0.0000
-338.5072 0.0000
-338.6276 0.0000
-338.7947 0.0000
-338.6298 0.0000
-338.6633 0.0000
-338.9386 0.0000
-338.3141 0.0000
-338.6151 0.0000
-338.5903 0.0000
-338.6634 0.0000
-338.6221 0.0000
-338.4286 0.0000
-338.2227 0.0000
-338.8205 0.0000
-338.2612 0.0000
-338.7420 0.0000
-338.6942 0.0000
-338.5486 0.0000
-338.5330 0.0000
-338.3014 0.0000
-338.5182 0.0000
-338.7137 0.0000
-338.7541 0.0000
-338.5555 0.0000
-338.7448 0.0000
-338.5567 0.0000
-338.8155 0.0000
-338.5765 0.0000
-338.8410 0.0000
-338.5987 0.0000
-338.6273 0.0000
-338.4793 0.0000
-338.8568 0.0000
-338.7656 0.0000
-338.8980 0.0000
-338.5408 0.0000
-338.3316 0.0000
-338.7820 0.0000
-338.8318 0.0000
-338.5723 0.0000
-338.3010 0.0000
-338.5656 0.0000
-338.4385 0.0000
-338.6662 0.0000
-338.4634 0.0000
-338.4888 0.0000
-338.3921 0.0000
-338.4678 0.0000
-338.4589 0.0000
-338.6805 0.0000
-338.6116 0.0000
-338.5511 0.0000
-338.4808 0.0000
-338.3604 0.0000
-338.8579 0.0000
-338.5177 0.0000
-338.5686 0.0000
-338.8801 0.0000
-338.6375 0.0000
-338.5535 0.0000
-338.5489 0.0000
-338.3426 0.0000
-338.2954 0.0000
-338.5608 0.0000
-338.6749 0.0000
-338.8253 0.0000
-338.4287 0.0000
-338.4104 0.0000
-338.6459 0.0000
-338.4354 0.0000
-338.8209 0.0000
-338.6454 0.0000
-338.4669 0.0000
-338.5250 0.0000
-338.5015 0.0000
-338.7198 0.0000
-338.3989 0.0000
-339.0142 0.0000
-338.4762 0.0000
-338.1453 0.0000
-338.4513 0.0000
-339.0733 0.0000
-338.4080 0.0000
-338.6593 0.0000
-338.8175 0.0000
-338.5483 0.0000
-338.7590 0.0000
-338.5461 0.0000
-338.5402 0.0000
-338.8357 0.0000
-338.7008 0.0000
-338.5906 0.0000
-338.3512 0.0000
-338.4762 0.0000
-338.2850 0.0000
-338.5524 0.0000
-338.6633 0.0000
-338.4277 0.0000
-338.3870 0.0000
-338.6082 0.0000
-338.6635 0.0000
-338.5958 0.0000
-338.3691 0.0000
-338.5366 0.0000
-338.2221 0.0000
-338.5019 0.0000
-338.3672 0.0000
-338.3354 0.0000
-338.5698 0.0000
-338.4877 0.0000
-338.5854 0.0000
-338.5217 0.0000
-338.5463 0.0000
-338.5686 0.0000
-338.4697 0.0000
-338.2759 0.0000
-338.6693 0.0000
-338.6174 0.0000
-338.3357 0.0000
-338.5962 0.0000
-338.4120 0.0000
-338.9827 0.0000
-338.7065 0.0000
-338.2806 0.0000
-338.2755 0.0000
-338.3827 0.0000
-338.1927 0.0000
-338.7614 0.0000
-338.3389 0.0000
-338.5165 0.0000
-338.5812 0.0000
-338.6666 0.0000
-338.1992 0.0000
-338.6168 0.0000
-338.5103 0.0000
-338.5260 0.0000
-338.3959 0.0000
-338.8621 0.0000
-338.6777 0.0000
-338.6480 0.0000
-338.5819 0.0000
-338.6469 0.0000
-338.7352 0.0000
-338.4570 0.0000
-338.3293 0.0000
-338.4465 0.0000
-338.8147 0.0000
-338.8854 0.0000
-338.3977 0.0000
-338.5016 0.0000
-338.7218 0.0000
-338.6689 0.0000
-338.5035 0.0000
-338.4765 0.0000
-338.2501 0.0000
-338.4957 0.0000
-338.2599 0.0000
-338.4651 0.0000
-338.6827 0.0000
-338.5324 0.0000
-338.6461 0.0000
-338.4498 0.0000
-338.8420 0.0000
-338.5336 0.0000
-338.5101 0.0000
-338.2545 0.0000
-338.2504 0.0000
-338.5854 0.0000
-338.6165 0.0000
-338.4533 0.0000
-338.6285 0.0000
-338.4710 0.0000
-338.6693 0.0000
-338.5730 0.0000
-338.9298 0.0000
-338.7046 0.0000
-338.4883 0.0000
-338.6576 0.0000
-338.4244 0.0000
-338.5079 0.0000
-338.7319 0.0000
-338.5762 0.0000
-338.7495 0.0000
-338.6852 0.0000
-338.7438 0.0000
-338.7290 0.0000
-338.6855 0.0000
-338.7511 0.0000
-338.5294 0.0000
-338.4896 0.0000
-338.5624 0.0000
-338.5862 0.0000
-338.4982 0.0000
-338.3302 0.0000
-338.3306 0.0000
-338.2018 0.0000
-338.5221 0.0000
-338.7785 0.0000
-338.7399 0.0000
-338.6660 0.0000
-338.3708 0.0000
-338.4584 0.0000
-338.5223 0.0000
-338.7170 0.0000
-338.6648 0.0000
-338.9863 0.0000
-338.4619 0.0000
-338.6350 0.0000
-338.5419 0.0000
-338.3289 0.0000
-338.5303 0.0000
-338.7521 0.0000
-338.8070 0.0000
-338.4669 0.0000
-338.4290 0.0000
-338.4456 0.0000
-338.6922 0.0000
-338.4089 0.0000
-338.8331 0.0000
-338.4721 0.0000
-338.8708 0.0000
-338.6647 0.0000
-338.6865 0.0000
-338.5434 0.0000
-338.7640 0.0000
-338.5589 0.0000
-338.4222 0.0000
-338.4334 0.0000
-338.6989 0.0000
-338.5139 0.0000
-338.5284 0.0000
-338.5535 0.0000
-338.5729 0.0000
-338.3366 0.0000
-338.5474 0.0000
-338.3209 0.0000
-338.9736 0.0000
-338.5988 0.0000
-338.3913 0.0000
-338.7499 0.0000
-338.6097 0.0000
-338.7268 0.0000
-338.5286 0.0000
-338.2110 0.0000
-338.5411 0.0000
-338.5330 0.0000
-338.5861 0.0000
-338.5672 0.0000
-338.5168 0.0000
-338.5913 0.0000
-338.5861 0.0000
-338.7565 0.0000
-338.3367 0.0000
-338.7377 0.0000
-338.7393 0.0000
-338.4725 0.0000
-338.5483 0.0000
-338.5525 0.0000
-338.3464 0.0000
-338.7778 0.0000
-338.4020 0.0000
-338.6490 0.0000
-338.6857 0.0000
-338.5630 0.0000
-338.4586 0.0000
-338.1765 0.0000
-338.5507 0.0000
-338.4077 0.0000
-338.4473 0.0000
-338.8454 0.0000
-338.3064 0.0000
-338.2850 0.0000
-338.3644 0.0000
-338.2920 0.0000
-338.8535 0.0000
-338.5166 0.0000
-338.6792 0.0000
-338.3505 0.0000
-338.6983 0.0000
-338.4416 0.0000
-338.3547 0.0000
-338.5720 0.0000
-338.6170 0.0000
-338.4416 0.0000
-338.7854 0.0000
-338.2694 0.0000
-338.1430 0.0000
-338.4210 0.0000
-338.2475 0.0000
-338.6142 0.0000
-338.4597 0.0000
-338.8993 0.0000
-338.4460 0.0000
-338.4039 0.0000
-338.5941 0.0000
-338.4898 0.0000
-338.3664 0.0000
-338.6116 0.0000
-338.6624 0.0000
-338.8818 0.0000
-338.6476 0.0000
-338.4010 0.0000
-338.4999 0.0000
-338.8448 0.0000
-338.6999 0.0000
-338.8242 0.0000
-338.5159 0.0000
-338.6902 0.0000
-338.3736 0.0000
-338.4624 0.0000
-338.5062 0.0000
-338.7905 0.0000
-338.5714 0.0000
-338.7542 0.0000
-338.5763 0.0000
-338.6008 0.0000
-338.5401 0.0000
-338.6510 0.0000
-338.7335 0.0000
-338.3353 0.0000
-338.4486 0.0000
-338.3801 0.0000
-338.4855 0.0000
-338.7980 0.0000
-338.6395 0.0000
-338.4282 0.0000
-338.5819 0.0000
-338.7575 0.0000
-338.4108 0.0000
-338.3935 0.0000
-338.7290 0.0000
-338.7501 0.0000
-338.3072 0.0000
-338.3240 0.0000
-338.2910 0.0000
-338.5130 0.0000
-338.3650 0.0000
-338.6118 0.0000
-338.6304 0.0000
-338.6378 0.0000
-338.4267 0.0000
-338.3565 0.0000
-338.5360 0.0000
-338.6625 0.0000
-338.5917 0.0000
-338.6483 0.0000
-338.3141 0.0000
-338.6800 0.0000
-338.3962 0.0000
-338.6888 0.0000
-338.5177 0.0000
-338.6302 0.0000
-338.3456 0.0000
-338.4527 0.0000
-338.6360 0.0000
-338.5863 0.0000
-338.2216 0.0000
-338.7113 0.0000
-338.3049 0.0000
-338.5139 0.0000
-338.5237 0.0000
-338.5709 0.0000
-338.9637 0.0000
-338.7511 0.0000
-338.6766 0.0000
-338.3404 0.0000
-338.5433 0.0000
-338.7054 0.0000
-338.6305 0.0000
-338.7636 0.0000
-338.6036 0.0000
-338.3767 0.0000
-338.6156 0.0000
-338.7255 0.0000
-338.3785 0.0000
-338.5559 0.0000
-338.9170 0.0000
-338.5333 0.0000
-338.5918 0.0000
-338.4654 0.0000
-338.5834 0.0000
-338.3469 0.0000
-338.8454 0.0000
-338.3456 0.0000
-338.5157 0.0000
-338.3066 0.0000
-338.4483 0.0000
-338.4193 0.0000
-338.5917 0.0000
-338.6592 0.0000
-338.5141 0.0000
-338.5234 0.0000
-338.3633 0.0000
-338.6148 0.0000
-338.5072 0.0000
-338.3900 0.0000
-338.5463 0.0000
-338.4310 0.0000
-338.3297 0.0000
-338.3882 0.0000
-338.4942 0.0000
-339.0312 0.0000
-338.5079 0.0000
-338.6514 0.0000
-338.6607 0.0000
-338.4806 0.0000
-338.6539 0.0000
-338.1726 0.0000
-338.7026 0.0000
-338.6677 0.0000
-338.4006 0.0000
-338.5761 0.0000
-338.7364 0.0000
-338.2603 0.0000
-338.5574 0.0000
-338.5735 0.0000
-338.6844 0.0000
-338.5031 0.0000
-338.4390 0.0000
-338.7898 0.0000
-338.8143 0.0000
-338.7826 0.0000
-338.4998 0.0000
-338.6693 0.0000
-338.6157 0.0000
-338.5436 0.0000
-338.6937 0.0000
-338.7060 0.0000
-338.5777 0.0000
-338.5130 0.0000
-338.2763 0.0000
-339.0230 0.0000
-338.8622 0.0000
-338.5322 0.0000
-338.3787 0.0000
-338.5783 0.0000
-338.4376 0.0000
-338.5754 0.0000
-338.5927 0.0000
-338.2585 0.0000
-338.5781 0.0000
-338.5223 0.0000
-338.6044 0.0000
-338.3750 0.0000
-338.4916 0.0000
-338.5012 0.0000
-338.4807 0.0000
-338.9292 0.0000
-338.5699 0.0000
-338.4395 0.0000
-338.5384 0.0000
-338.1346 0.0000
-338.4494 0.0000
-338.4217 0.0000
-338.7190 0.0000
-338.6004 0.0000
-338.3944 0.0000
-338.6085 0.0000
-338.4979 0.0000
-338.5615 0.0000
-338.5896 0.0000
-338.4048 0.0000
-338.4597 0.0000
-338.6429 0.0000
-338.6902 0.0000
-338.3584 0.0000
-338.6825 0.0000
-338.7391 0.0000
-338.6652 0.0000
-338.6433 0.0000
-338.4637 0.0000
-338.4899 0.0000
-338.8497 0.0000
-338.6434 0.0000
-338.3919 0.0000
-338.8748 0.0000
-338.1774 0.0000
-338.6929 0.0000
-338.3349 0.0000
-338.9240 0.0000
-338.2458 0.0000
-338.3616 0.0000
-338.7663 0.0000
-338.3324 0.0000
-338.8167 0.0000
-338.6313 0.0000
-338.5368 0.0000
-338.5742 0.0000
-338.6898 0.0000
-338.3843 0.0000
-338.4593 0.0000
-338.3245 0.0000
-338.6801 0.0000
-338.6269 0.0000
-338.5420 0.0000
-338.4427 0.0000
-338.3761 0.0000
-338.1853 0.0000
-338.4639 0.0000
-338.4730 0.0000
-338.3719 0.0000
-338.5689 0.0000
-338.6039 0.0000
-338.4321 0.0000
-338.6508 0.0000
-338.8953 0.0000
-338.3833 0.0000
-338.4443 0.0000
-338.8163 0.0000
-338.3578 0.0000
-338.5058 0.0000
-338.6319 0.0000
-338.5437 0.0000
-338.6532 0.0000
-338.4798 0.0000
-338.5936 0.0000
-338.7086 0.0000
-338.6074 0.0000
-338.3317 0.0000
-338.6098 0.0000
-338.5704 0.0000
-338.7114 0.0000
-338.6086 0.0000
-338.2589 0.0000
-338.3987 0.0000
-338.6313 0.0000
-338.5476 0.0000
-338.5952 0.0000
-338.7221 0.0000
-338.6337 0.0000
-338.4544 0.0000
-338.4211 0.0000
-338.6483 0.0000
-338.2033 0.0000
-338.6519 0.0000
-338.7544 0.0000
-338.8627 0.0000
-338.1875 0.0000
-338.6521 0.0000
-338.4086 0.0000
-338.3196 0.0000
-338.6516 0.0000
-338.9010 0.0000
-338.5552 0.0000
-338.6711 0.0000
-338.4107 0.0000
-338.9512 0.0000
-338.7092 0.0000
-338.4366 0.0000
-338.4552 0.0000
-338.5050 0.0000
-338.4902 0.0000
-338.4704 0.0000
-338.4524 0.0000
-338.5883 0.0000
-338.5754 0.0000
-338.1012 0.0000
-338.7359 0.0000
-338.8226 0.0000
-338.4398 0.0000
-338.2293 0.0000
-338.6028 0.0000
-338.6777 0.0000
-338.7282 0.0000
-338.5722 0.0000
-338.4279 0.0000
-338.7169 0.0000
-338.5533 0.0000
-338.7173 0.0000
-338.5845 0.0000
-338.3446 0.0000
-338.5303 0.0000
-338.8278 0.0000
-338.4652 0.0000
-338.3744 0.0000
-338.4480 0.0000
-338.8467 0.0000
-338.3789 0.0000
-338.4658 0.0000
-338.8055 0.0000
-338.6853 0.0000
-338.9215 0.0000
-338.5402 0.0000
-338.4881 0.0000
-338.4770 0.0000
-338.2989 0.0000
-338.4688 0.0000
-338.3668 0.0000
-338.5469 0.0000
-338.8105 0.0000
-338.6329 0.0000
-338.4644 0.0000
-338.4503 0.0000
-338.7289 0.0000
-338.7253 0.0000
-338.6226 0.0000
-338.7547 0.0000
-338.5357 0.0000
-338.4082 0.0000
-338.7500 0.0000
-338.3670 0.0000
-338.5305 0.0000
-338.4309 0.0000
-338.2280 0.0000
-338.9405 0.0000
-338.6170 0.0000
-338.5882 0.0000
-338.3509 0.0000
-338.5718 0.0000
-338.7192 0.0000
-338.7886 0.0000
-338.5689 0.0000
-338.4443 0.0000
-339.0024 0.0000
-338.6296 0.0000
-338.7179 0.0000
-338.5262 0.0000
-338.7484 0.0000
-338.6923 0.0000
-338.7926 0.0000
-338.4991 0.0000
-338.4400 0.0000
-338.4253 0.0000
-338.3856 0.0000
-338.2373 0.0000
-338.5369 0.0000
-338.5466 0.0000
-338.6373 0.0000
-338.3325 0.0000
-338.1551 0.0000
-338.5853 0.0000
-338.5316 0.0000
-338.5243 0.0000
-338.3775 0.0000
-338.6758 0.0000
-338.7008 0.0000
-338.5151 0.0000
-338.4556 0.0000
-338.6763 0.0000
-338.8318 0.0000
-338.3199 0.0000
-338.7711 0.0000
-338.6344 0.0000
-338.5026 0.0000
-338.4786 0.0000
-338.4124 0.0000
-338.5239 0.0000
-338.7377 0.0000
-338.4818 0.0000
-338.8841 0.0000
-338.9110 0.0000
-338.6475 0.0000
-338.6115 0.0000
-338.7637 0.0000
-338.3984 0.0000
-338.3600 0.0000
-338.5570 0.0000
-338.3935 0.0000
-338.6718 0.0000
-338.4459 0.0000
-338.9034 0.0000
-338.6061 0.0000
-338.7562 0.0000
-338.4121 0.0000
-338.5851 0.0000
-338.4062 0.0000
-338.5250 0.0000
-338.5580 0.0000
-338.4131 0.0000
-338.6076 0.0000
-338.6972 0.0000
-338.4892 0.0000
-338.6715 0.0000
-338.7530 0.0000
-338.6948 0.0000
-338.5273 0.0000
-338.7344 0.0000
-338.6209 0.0000
-338.5461 0.0000
-338.4896 0.0000
-338.5778 0.0000
-338.8826 0.0000
-338.7663 0.0000
-338.4812 0.0000
-338.8387 0.0000
-338.5024 0.0000
-338.4837 0.0000
-338.5966 0.0000
-338.6072 0.0000
-338.7816 0.0000
-338.5476 0.0000
-338.6624 0.0000
-338.5190 0.0000
-338.9512 0.0000
-338.6569 0.0000
-338.7205 0.0000
-338.5486 0.0000
-338.5936 0.0000
-338.7467 0.0000
-338.4949 0.0000
-338.3272 0.0000
-338.4364 0.0000
-338.4966 0.0000
-338.9359 0.0000
-338.5902 0.0000
-338.4725 0.0000
-338.7344 0.0000
-338.5311 0.0000
-338.6838 0.0000
-338.6623 0.0000
-338.5437 0.0000
-338.6210 0.0000
-338.4490 0.0000
-338.6023 0.0000
-338.3148 0.0000
-338.7082 0.0000
-338.6417 0.0000
-338.2159 0.0000
-338.4240 0.0000
-338.5825 0.0000
-338.7351 0.0000
-338.5085 0.0000
-338.4882 0.0000
-338.5246 0.0000
-338.9387 0.0000
-338.2774 0.0000
-338.7128 0.0000
-338.7602 0.0000
-338.7794 0.0000
-338.5835 0.0000
-338.3168 0.0000
-338.4289 0.0000
-338.8011 0.0000
-338.7834 0.0000
-338.8825 0.0000
-338.2309 0.0000
-338.6142 0.0000
-338.7605 0.0000
-338.4846 0.0000
-338.5057 0.0000
-338.5889 0.0000
-338.4907 0.0000
-338.5479 0.0000
-338.4604 0.0000
-338.7666 0.0000
-338.3770 0.0000
-338.7976 0.0000
-338.4403 0.0000
-338.6411 0.0000
-338.2431 0.0000
-338.7365 0.0000
-338.5994 0.0000
-338.5237 0.0000
-338.5905 0.0000
-338.6373 0.0000
-338.7149 0.0000
-338.5016 0.0000
-338.5219 0.0000
-338.6991 0.0000
-338.3296 0.0000
-338.6553 0.0000
-338.6654 0.0000
-338.5919 0.0000
-338.6907 0.0000
-338.4433 0.0000
-338.5453 0.0000
-338.5431 0.0000
-338.6908 0.0000
-338.5518 0.0000
-339.0293 0.0000
-338.2066 0.0000
-338.6834 0.0000
-338.5826 0.0000
-338.3164 0.0000
-338.2324 0.0000
-338.2731 0.0000
-338.4677 0.0000
-338.7740 0.0000
-338.8963 0.0000
-338.6178 0.0000
-338.8052 0.0000
-338.6190 0.0000
-338.7314 0.0000
-338.5012 0.0000
-338.5382 0.0000
-338.6311 0.0000
-338.8829 0.0000
-338.5548 0.0000
-338.6508 0.0000
-338.4828 0.0000
-338.8005 0.0000
-338.3681 0.0000
-338.5140 0.0000
-338.8151 0.0000
-338.5727 0.0000
-338.8413 0.0000
-338.7605 0.0000
-338.6609 0.0000
-338.4044 0.0000
-338.3091 0.0000
-338.4392 0.0000
-338.6915 0.0000
-338.3881 0.0000
-338.3589 0.0000
-338.5306 0.0000
-338.5325 0.0000
-338.4905 0.0000
-338.1825 0.0000
-338.6414 0.0000
-338.7501 0.0000
-338.6926 0.0000
-338.6871 0.0000
-338.5704 0.0000
-339.0880 0.0000
-338.5098 0.0000
-338.9051 0.0000
-338.4513 0.0000
-338.5221 0.0000
-338.5220 0.0000
-338.6701 0.0000
-338.5102 0.0000
-338.4683 0.0000
-338.6587 0.0000
-338.7693 0.0000
-338.6916 0.0000
-338.8005 0.0000
-338.5618 0.0000
-338.8076 0.0000
-338.3025 0.0000
-338.4524 0.0000
-338.6605 0.0000
-338.5194 0.0000
-338.4333 0.0000
-338.1944 0.0000
-338.6445 0.0000
-338.3654 0.0000
-338.5961 0.0000
-338.4583 0.0000
-338.7561 0.0000
-338.4968 0.0000
-338.5970 0.0000
-338.6553 0.0000
-338.8510 0.0000
-338.5727 0.0000
-338.3929 0.0000
-338.5152 0.0000
-338.5729 0.0000
-338.7261 0.0000
-338.5838 0.0000
-338.5135 0.0000
-338.5844 0.0000
-338.6860 0.0000
-338.8022 0.0000
-338.6707 0.0000
-338.4656 0.0000
-338.6987 0.0000
-338.9244 0.0000
-338.3217 0.0000
-338.6690 0.0000
-338.3408 0.0000
-338.5393 0.0000
-338.6081 0.0000
-338.4710 0.0000
-338.8504 0.0000
-338.7093 0.0000
-338.7845 0.0000
-338.5041 0.0000
-338.5447 0.0000
-338.3810 0.0000
-338.5167 0.0000
-338.4640 0.0000
-338.5094 0.0000
-338.5280 0.0000
-338.9572 0.0000
-338.4327 0.0000
-338.4025 0.0000
-338.4516 0.0000
-338.4560 0.0000
-338.7698 0.0000
-338.5346 0.0000
-338.6700 0.0000
-338.5950 0.0000
-338.5155 0.0000
-338.7699 0.0000
-338.6749 0.0000
-338.2388 0.0000
-338.4404 0.0000
-338.6720 0.0000
-338.8791 0.0000
-338.3773 0.0000
-338.4763 0.0000
-338.6515 0.0000
-338.5804 0.0000
-338.6130 0.0000
-338.5568 0.0000
-338.6719 0.0000
-338.4347 0.0000
-338.6526 0.0000
-338.8097 0.0000
-338.6948 0.0000
-338.3844 0.0000
-338.4790 0.0000
-338.5722 0.0000
-338.8120 0.0000
-338.5075 0.0000
-338.4751 0.0000
-338.5938 0.0000
-338.3830 0.0000
-338.5910 0.0000
-338.8427 0.0000
-338.5648 0.0000
-338.5920 0.0000
-338.5706 0.0000
-338.6652 0.0000
-338.5893 0.0000
-338.7104 0.0000
-338.7097 0.0000
-338.7701 0.0000
-338.7786 0.0000
-338.6151 0.0000
-338.6516 0.0000
-338.4639 0.0000
-338.3638 0.0000
-338.6766 0.0000
-338.6043 0.0000
-338.7253 0.0000
-338.7882 0.0000
-338.6012 0.0000
-338.6173 0.0000
-338.4835 0.0000
-338.6508 0.0000
-338.5203 0.0000
-338.5841 0.0000
-338.6389 0.0000
-338.4580 0.0000
-338.7443 0.0000
-338.6648 0.0000
-338.5630 0.0000
-338.6848 0.0000
-338.4213 0.0000
-338.6382 0.0000
-338.3989 0.0000
-338.4820 0.0000
-338.5400 0.0000
-338.6936 0.0000
-338.5037 0.0000
-338.3558 0.0000
-338.6684 0.0000
-338.7037 0.0000
-338.6200 0.0000
-338.5715 0.0000
-338.3928 0.0000
-338.4799 0.0000
-338.5324 0.0000
-338.4981 0.0000
-338.6789 0.0000
-338.1823 0.0000
-338.2774 0.0000
-338.5702 0.0000
-338.5420 0.0000
-338.6665 0.0000
-338.6534 0.0000
-338.4398 0.0000
-338.5723 0.0000
-338.7563 0.0000
-338.5059 0.0000
-338.5560 0.0000
-338.5574 0.0000
-338.4590 0.0000
-338.2526 0.0000
-338.4550 0.0000
-338.6766 0.0000
-338.7249 0.0000
-338.9146 0.0000
-338.8012 0.0000
-338.6858 0.0000
-338.5088 0.0000
-338.5888 0.0000
-338.7142 0.0000
-338.8513 0.0000
-338.6538 0.0000
-338.3844 0.0000
-338.5538 0.0000
-338.3321 0.0000
-338.6828 0.0000
-338.4058 0.0000
-338.7220 0.0000
-338.3325 0.0000
-338.5311 0.0000
-338.6328 0.0000
-338.6907 0.0000
-338.6884 0.0000
-339.0129 0.0000
-338.6326 0.0000
-338.5190 0.0000
-338.5764 0.0000
-338.4888 0.0000
-338.5913 0.0000
-338.7604 0.0000
-338.4903 0.0000
-338.5115 0.0000
-338.3949 0.0000
-338.3459 0.0000
-338.2836 0.0000
-338.6508 0.0000
-338.6333 0.0000
-338.4982 0.0000
-338.8377 0.0000
-338.7137 0.0000
-338.6223 0.0000
-338.3498 0.0000
-338.8699 0.0000
-338.4606 0.0000
-338.6410 0.0000
-338.5093 0.0000
-338.6199 0.0000
-338.4723 0.0000
-338.4297 0.0000
-338.5625 0.0000
-338.5543 0.0000
-338.4679 0.0000
-338.4232 0.0000
-338.7038 0.0000
-338.5307 0.0000
-338.5049 0.0000
-338.1943 0.0000
-338.3510 0.0000
-338.9028 0.0000
-338.5979 0.0000
-338.6537 0.0000
-338.6040 0.0000
-338.5956 0.0000
-338.3846 0.0000
-338.6283 0.0000
-338.3446 0.0000
-338.4232 0.0000
-338.2527 0.0000
-338.4567 0.0000
-338.3407 0.0000
-338.6461 0.0000
-338.5161 0.0000
-339.0262 0.0000
-338.3515 0.0000
-338.6715 0.0000
-338.5935 0.0000
-338.4960 0.0000
-338.3943 0.0000
-338.6408 0.0000
-338.8004 0.0000
-338.5231 0.0000
-338.4976 0.0000
-338.7723 0.0000
-338.4569 0.0000
-338.5149 0.0000
-338.3608 0.0000
-338.7149 0.0000
-338.6567 0.0000
-338.6051 0.0000
-338.4178 0.0000
-338.4984 0.0000
-338.1659 0.0000
-338.5342 0.0000
-338.8395 0.0000
-338.5002 0.0000
-338.4542 0.0000
-338.5247 0.0000
-338.6525 0.0000
-338.4513 0.0000
-338.8263 0.0000
-338.4654 0.0000
-338.3580 0.0000
-338.4800 0.0000
-338.6729 0.0000
-338.6667 0.0000
-338.7038 0.0000
-338.5572 0.0000
-338.3938 0.0000
-338.9857 0.0000
-338.6600 0.0000
-338.5110 0.0000
-338.6972 0.0000
-338.6206 0.0000
-338.3762 0.0000
-338.6280 0.0000
-338.2365 0.0000
-338.3526 0.0000
-338.2845 0.0000
-338.6247 0.0000
-338.2824 0.0000
-338.2619 0.0000
-338.4924 0.0000
-338.5354 0.0000
-338.4438 0.0000
-339.0303 0.0000
-338.2901 0.0000
-338.6749 0.0000
-338.6617 0.0000
-338.5811 0.0000
-338.6379 0.0000
-338.6310 0.0000
-338.2011 0.0000
-338.4344 0.0000
-338.7263 0.0000
-338.6401 0.0000
-338.5371 0.0000
-338.7029 0.0000
-338.4653 0.0000
-338.7316 0.0000
-338.2253 0.0000
-338.6991 0.0000
-338.7555 0.0000
-338.7417 0.0000
-338.2110 0.0000
-338.4561 0.0000
-338.6956 0.0000
-338.5028 0.0000
-338.7510 0.0000
-338.4798 0.0000
-338.3500 0.0000
-339.0685 0.0000
-338.3246 0.0000
-338.7848 0.0000
-338.4099 0.0000
-338.5800 0.0000
-338.6532 0.0000
-338.5337 0.0000
-339.0238 0.0000
-338.5807 0.0000
-338.3375 0.0000
-338.7505 0.0000
-338.7869 0.0000
-338.2742 0.0000
-338.5159 0.0000
-338.6792 0.0000
-338.4153 0.0000
-338.3066 0.0000
-338.5100 0.0000
-338.5208 0.0000
-338.5189 0.0000
-338.5612 0.0000
-338.3882 0.0000
-338.3265 0.0000
-338.9231 0.0000
-338.9304 0.0000
-338.6127 0.0000
-338.2687 0.0000
-338.5073 0.0000
-338.6586 0.0000
-338.5082 0.0000
-338.6494 0.0000
-338.4893 0.0000
-338.6482 0.0000
-338.5749 0.0000
-338.7328 0.0000
-338.6401 0.0000
-338.5358 0.0000
-338.4827 0.0000
-338.6124 0.0000
-338.5544 0.0000
-338.6101 0.0000
-338.5022 0.0000
-338.6420 0.0000
-338.7868 0.0000
-338.5690 0.0000
-338.6836 0.0000
-338.2620 0.0000
-338.7300 0.0000
-338.6977 0.0000
-338.7893 0.0000
-338.7667 0.0000
-338.4765 0.0000
-338.5205 0.0000
-338.3376 0.0000
-338.6262 0.0000
-338.6068 0.0000
-338.7063 0.0000
-338.5585 0.0000
-338.5633 0.0000
-338.5713 0.0000
-338.3514 0.0000
-338.8316 0.0000
-338.4598 0.0000
-338.4954 0.0000
-338.4912 0.0000
-338.6111 0.0000
-338.5883 0.0000
-338.4576 0.0000
-338.6520 0.0000
-338.4781 0.0000
-338.4986 0.0000
-338.5723 0.0000
-338.5266 0.0000
-338.7062 0.0000
-338.6414 0.0000
-338.4105 0.0000
-338.6289 0.0000
-338.5716 0.0000
-338.7745 0.0000
-338.6448 0.0000
-338.5099 0.0000
-338.6850 0.0000
-338.4706 0.0000
-338.2135 0.0000
-338.3491 0.0000
-338.3405 0.0000
-338.6290 0.0000
-338.4717 0.0000
-338.7317 0.0000
-338.9304 0.0000
-338.4074 0.0000
-338.7668 0.0000
-338.4041 0.0000
-338.8034 0.0000
-338.4143 0.0000
-338.4598 0.0000
-338.8383 0.0000
-338.6029 0.0000
-338.4619 0.0000
-338.5069 0.0000
-338.3882 0.0000
-338.6317 0.0000
-338.6366 0.0000
-338.4621 0.0000
-338.4998 0.0000
-338.6821 0.0000
-338.6610 0.0000
-338.6595 0.0000
-338.4996 0.0000
-338.4756 0.0000
-338.6144 0.0000
-338.6132 0.0000
-338.6448 0.0000
-338.8058 0.0000
-338.8699 0.0000
-338.7561 0.0000
-338.3876 0.0000
-338.8288 0.0000
-338.6283 0.0000
-338.4316 0.0000
-338.6072 0.0000
-338.3035 0.0000
-338.5485 0.0000
-338.5065 0.0000
-338.5624 0.0000
-338.3421 0.0000
-338.1552 0.0000
-338.8878 0.0000
-338.4153 0.0000
-338.3493 0.0000
-338.6701 0.0000
-338.5863 0.0000
-338.5796 0.0000
-338.6154 0.0000
-338.7332 0.0000
-338.4040 0.0000
-338.7626 0.0000
-338.5508 0.0000
-338.2975 0.0000
-338.7299 0.0000
-338.7544 0.0000
-338.5038 0.0000
-338.4666 0.0000
-338.2014 0.0000
-338.5906 0.0000
-338.6324 0.0000
-338.4987 0.0000
-338.9008 0.0000
-338.5944 0.0000
-338.3586 0.0000
-338.4973 0.0000
-338.4988 0.0000
-338.5492 0.0000
-338.4727 0.0000
-338.4182 0.0000
-338.6430 0.0000
-338.6279 0.0000
-338.4466 0.0000
-338.4595 0.0000
-338.4194 0.0000
-338.5027 0.0000
-338.8927 0.0000
-338.2924 0.0000
-338.4717 0.0000
-338.7068 0.0000
-338.4898 0.0000
-338.3929 0.0000
-338.7574 0.0000
-338.6217 0.0000
-338.6343 0.0000
-338.3869 0.0000
-338.2271 0.0000
-338.3820 0.0000
-338.5428 0.0000
-338.7197 0.0000
-338.1804 0.0000
-338.4879 0.0000
-338.5179 0.0000
-338.8497 0.0000
-338.6379 0.0000
-338.3764 0.0000
-338.4674 0.0000
-338.7658 0.0000
-338.6044 0.0000
-338.6227 0.0000
-338.3147 0.0000
-338.5598 0.0000
-338.6544 0.0000
-338.4215 0.0000
-338.3923 0.0000
-338.5566 0.0000
-338.5159 0.0000
-338.7837 0.0000
-338.5624 0.0000
-338.3287 0.0000
-338.9679 0.0000
-338.3541 0.0000
-338.7142 0.0000
-338.5753 0.0000
-338.7727 0.0000
-338.2337 0.0000
-338.5164 0.0000
-338.7204 0.0000
-338.7185 0.0000
-338.5751 0.0000
-338.5756 0.0000
-338.5267 0.0000
-338.7250 0.0000
-338.6111 0.0000
-338.4136 0.0000
-338.5466 0.0000
