3.00 50000.00 4.00 100000.00 0.05 0.25 0.00 0.01 72.53 7.26 85.56 99.01 2.19 100.00 0.04 52.06 92.98 1.58 iris_0 
4.00 50000.00 4.00 100000.00 0.05 0.25 0.00 0.01 48.16 0.00 48.16 8.26 0.00 8.26 2.28 36.29 183.10 2.60 Ionosphere_0 
5.00 50000.00 4.00 100000.00 0.05 0.25 0.00 0.01 84.85 11.78 93.05 90.91 7.79 96.67 0.11 28.18 254.25 2.73 Cancer_0 
6.00 50000.00 4.00 100000.00 0.05 0.25 0.00 0.01 79.53 0.39 80.07 79.24 0.37 79.73 0.15 27.63 4351.23 50.50 bank-additional_0 
7.00 50000.00 4.00 100000.00 0.05 0.25 0.00 0.01 90.82 2.32 93.27 84.74 2.26 88.19 0.16 23.89 16792.32 49.52 PenDigit_0 
8.00 50000.00 4.00 100000.00 0.05 0.25 0.00 0.01 52.93 5.77 94.93 62.56 5.43 98.32 0.02 29.71 47695.89 106.52 chess_0 
3.00 50000.00 4.00 100000.00 0.10 0.25 0.00 0.01 47.78 5.07 67.78 44.14 4.91 65.54 0.31 45.35 87.89 1.17 iris_1 
4.00 50000.00 4.00 100000.00 0.10 0.25 0.00 0.01 80.52 3.42 84.49 65.53 5.03 77.98 1.29 51.01 174.03 2.14 Ionosphere_1 
6.00 50000.00 4.00 100000.00 0.10 0.25 0.00 0.01 80.00 0.22 80.51 79.62 0.20 80.01 0.06 29.20 3947.69 50.07 bank-additional_1 
7.00 50000.00 4.00 100000.00 0.10 0.25 0.00 0.01 83.93 4.91 89.93 77.48 4.61 82.85 0.30 24.06 17679.24 50.41 PenDigit_1 
8.00 50000.00 4.00 100000.00 0.10 0.25 0.00 0.01 59.80 4.67 92.94 58.98 4.98 93.17 0.05 28.89 47534.04 257.12 chess_1 
3.00 50000.00 4.00 100000.00 0.05 0.50 0.00 0.01 82.49 4.40 84.44 73.44 2.33 76.42 0.14 42.69 86.17 1.58 iris_2 
4.00 50000.00 4.00 100000.00 0.05 0.50 0.00 0.01 61.63 0.00 61.63 60.55 0.00 60.55 3.83 36.54 161.60 2.40 Ionosphere_2 
5.00 50000.00 4.00 100000.00 0.05 0.50 0.00 0.01 91.80 6.55 97.34 97.40 3.37 99.52 1.35 32.91 316.38 2.20 Cancer_2 
6.00 50000.00 4.00 100000.00 0.05 0.50 0.00 0.01 79.43 0.21 79.84 78.19 0.32 78.90 0.23 19.94 5212.50 22.74 bank-additional_2 
7.00 50000.00 4.00 100000.00 0.05 0.50 0.00 0.01 80.74 2.09 82.81 75.69 1.23 77.50 0.00 16.88 17588.03 34.97 PenDigit_2 
8.00 50000.00 4.00 100000.00 0.05 0.50 0.00 0.01 57.65 1.58 64.78 66.13 1.63 71.28 0.18 19.63 48908.36 129.44 chess_2 
3.00 50000.00 4.00 100000.00 0.10 0.50 0.00 0.01 43.34 11.00 58.89 26.19 31.99 71.43 0.39 36.72 95.16 0.75 iris_3 
4.00 50000.00 4.00 100000.00 0.10 0.50 0.00 0.01 76.73 0.00 76.73 73.39 0.00 73.39 0.95 35.33 169.01 1.88 Ionosphere_3 
5.00 50000.00 4.00 100000.00 0.10 0.50 0.00 0.01 93.15 3.58 96.73 98.34 0.71 99.05 0.24 23.81 345.07 1.85 Cancer_3 
6.00 50000.00 4.00 100000.00 0.10 0.50 0.00 0.01 78.10 1.12 79.53 77.52 0.95 78.72 0.16 22.70 5236.93 30.31 bank-additional_3 
7.00 50000.00 4.00 100000.00 0.10 0.50 0.00 0.01 71.95 1.80 74.97 66.67 1.59 69.44 0.26 18.16 16878.40 36.47 PenDigit_3 
8.00 50000.00 4.00 100000.00 0.10 0.50 0.00 0.01 64.75 9.82 89.56 85.22 0.13 87.96 0.00 20.15 47837.55 82.79 chess_3 
6.00 50000.00 4.00 100000.00 0.10 0.75 0.00 0.01 78.63 0.16 79.01 77.60 0.13 77.95 0.22 15.93 4243.00 19.24 bank-additional_4 
7.00 50000.00 4.00 100000.00 0.10 0.75 0.00 0.01 29.87 2.41 34.29 29.48 2.53 34.11 0.37 12.88 15731.60 21.68 PenDigit_4 
8.00 50000.00 4.00 100000.00 0.10 0.75 0.00 0.01 56.16 1.72 75.75 54.77 1.88 76.26 0.23 12.40 45336.08 109.78 chess_4 
