3.00 50000.00 4.00 100000.00 0.05 0.25 0.00 0.01 39.70 18.44 94.44 28.34 33.45 100.00 0.13 95.75 0.00 1.65 3.45e-06 1.57e-06 iris_1 
4.00 50000.00 4.00 100000.00 0.05 0.25 0.00 0.01 55.16 3.37 68.16 87.72 4.92 93.58 0.87 97.22 0.00 2.79 5.64e-07 6.95e-07 Ionosphere_1 
5.00 50000.00 4.00 100000.00 0.05 0.25 0.00 0.01 90.95 6.38 96.73 95.38 4.37 99.52 0.48 88.76 0.00 2.96 2.50e-06 1.32e-06 Cancer_0 
6.00 50000.00 4.00 100000.00 0.05 0.25 0.00 0.01 76.76 1.96 79.68 76.74 1.95 79.68 0.92 48.58 0.00 51.16 6.00e-07 1.87e-07 bank-additional_0 
7.00 50000.00 4.00 100000.00 0.05 0.25 0.00 0.01 66.46 13.20 83.27 63.62 11.76 79.67 0.19 21.56 0.00 57.80 2.31e-07 1.77e-07 PenDigit_0 
8.00 50000.00 4.00 100000.00 0.05 0.25 0.00 0.01 88.26 15.87 100.00 88.96 14.72 100.00 0.38 43.26 0.00 250.36 3.71e-07 4.12e-07 chess_0 
3.00 50000.00 4.00 100000.00 0.05 0.50 0.00 0.01 28.47 12.86 65.56 18.72 23.39 93.55 0.08 96.45 0.15 1.67 1.82e-06 1.29e-06 iris_2 
4.00 50000.00 4.00 100000.00 0.05 0.50 0.00 0.01 70.58 7.22 84.08 65.93 8.87 91.74 0.60 90.94 0.40 2.43 4.82e-06 2.42e-06 Ionosphere_2 
5.00 50000.00 4.00 100000.00 0.05 0.50 0.00 0.01 61.49 4.10 87.32 78.19 2.37 93.33 0.22 87.79 0.51 2.84 2.77e-06 1.49e-06 Cancer_1 
6.00 50000.00 4.00 100000.00 0.05 0.50 0.00 0.01 73.33 1.64 77.48 73.25 1.43 77.31 0.00 16.76 3.72 26.68 5.75e-07 2.69e-07 bank-additional_1 
7.00 50000.00 4.00 100000.00 0.05 0.50 0.00 0.01 58.12 17.91 76.93 54.37 16.82 72.24 0.00 12.04 6.68 52.93 2.28e-07 1.24e-07 PenDigit_1 
8.00 50000.00 4.00 100000.00 0.05 0.50 0.00 0.01 94.28 1.65 99.17 93.27 1.92 98.92 0.88 12.89 11.31 211.81 2.84e-07 3.03e-07 chess_1 
3.00 50000.00 4.00 100000.00 0.05 0.75 0.00 0.01 25.95 13.23 57.78 32.86 15.81 68.33 0.56 95.17 0.31 1.70 2.66e-06 1.70e-06 iris_3 
4.00 50000.00 4.00 100000.00 0.05 0.75 0.00 0.01 62.84 5.69 78.37 73.83 19.49 95.41 2.38 90.59 0.61 2.36 6.32e-06 3.90e-06 Ionosphere_3 
5.00 50000.00 4.00 100000.00 0.05 0.75 0.00 0.01 69.77 11.47 93.87 82.90 11.17 98.57 0.98 78.91 0.92 2.73 2.71e-06 1.22e-06 Cancer_2 
6.00 50000.00 4.00 100000.00 0.05 0.75 0.00 0.01 71.00 1.85 73.62 72.33 1.84 74.79 0.00 6.63 4.39 29.58 5.63e-07 5.44e-07 bank-additional_2 
7.00 50000.00 4.00 100000.00 0.05 0.75 0.00 0.01 36.60 3.88 41.78 35.17 4.00 41.22 0.00 5.79 8.94 48.74 2.57e-07 1.63e-07 PenDigit_2 
8.00 50000.00 4.00 100000.00 0.05 0.75 0.00 0.01 53.44 14.96 75.61 34.19 25.44 82.20 0.03 8.98 27.63 131.29 4.46e-07 3.66e-07 chess_2 
