-101.83380 -101.84860
-101.75330 -101.82360
-101.82200 -101.78890
-101.85980 -101.78270
-101.66550 -101.77720
-101.80280 -101.79070
-102.06150 -101.81580
-102.38910 -101.77530
-101.45210 -101.74370
-101.48820 -101.50330
-101.17550 -101.41120
-101.43090 -100.97050
-101.50030 -101.04480
-101.57360 -100.83630
-101.80270 -100.92460
-101.88630 -101.00830
-101.79640 -101.07780
-101.54210 -101.10210
-101.43550 -100.95220
-100.44380 -100.40790
-100.75670 -100.22400
-100.71370 -100.39370
-100.40740 -100.17470
-100.82770 -100.41730
-100.66260 -100.48390
-100.48830 -100.27110
-100.38930 -100.25580
-100.51680 -100.44860
-100.37310 -99.96380
-100.46160 -99.83790
-100.44240 -100.16720
-100.62560 -100.65280
-100.33450 -100.60730
-100.37400 -100.43880
-100.36060 -100.53570
-100.53750 -100.55200
-100.01480 -100.47300
-100.23370 -100.29490
-100.38120 -100.27490
-99.91000 -99.71100
-99.95100 -99.65760
-99.84750 -99.95380
-100.03360 -100.09340
-100.51090 -100.01070
-100.33700 -100.07090
-100.43690 -100.37760
-99.91180 -99.29010
-99.07200 -98.66460
-99.26450 -98.81320
-99.14380 -98.41820
-98.85710 -98.12860
-98.84060 -98.27990
-98.51810 -97.03580
-98.29990 -96.12620
-98.24170 -95.63900
-98.09980 -95.19740
-98.12960 -95.13270
-98.22650 -94.51210
-98.48490 -94.62540
-98.35990 -94.56490
-98.11220 -94.77120
-98.19010 -95.08050
-98.01210 -95.10060
-97.88180 -95.84300
-98.08470 -95.62600
-98.27530 -95.57920
-98.35430 -95.82640
-98.35950 -95.89830
-98.43470 -95.94020
-98.55190 -94.98020
-98.63020 -95.05260
-99.01320 -95.21000
-98.32630 -94.81190
-98.63170 -94.44020
-98.61510 -93.62000
-98.90060 -93.76270
-99.49130 -94.49340
-99.27290 -94.57650
-99.14790 -94.67690
-99.48120 -95.44760
-99.28160 -95.57410
-99.41730 -96.24480
-99.54180 -95.80610
-99.37330 -95.75010
-99.73780 -95.90540
-99.73560 -95.63420
-99.73600 -95.41990
-99.70090 -94.98380
-99.78050 -95.51820
-99.92730 -95.70910
-100.41610 -96.48490
-99.74160 -98.23550
-100.06230 -98.32720
-99.51210 -98.15890
-100.15480 -98.35150
-99.74310 -98.14330
-100.09630 -98.44650
-99.97340 -98.10590
-100.34820 -98.57140
-99.96880 -98.37910
-99.88420 -98.29790
-99.80790 -98.25580
-99.84570 -98.05600
-99.69090 -98.02380
-99.83490 -98.17040
-99.96180 -98.28150
-99.88350 -98.20580
-99.98960 -98.14230
-100.07040 -98.29980
-99.80510 -98.21530
-99.93370 -98.01280
-100.20710 -98.13370
-100.40850 -98.52660
-100.56800 -98.72810
-100.70290 -98.91370
-100.53780 -98.69630
-100.65490 -98.72990
-100.48810 -98.63570
-100.68520 -98.73760
-100.73400 -98.86880
-100.54320 -98.90030
-100.14900 -98.80220
-99.75480 -98.67330
-99.47280 -98.70200
-99.83510 -98.35230
-100.37990 -98.65500
-100.29190 -98.73770
-100.22540 -98.81210
-100.18170 -98.84450
-100.21470 -98.85420
-100.36320 -98.76470
-100.72030 -98.95290
-100.70050 -98.91230
-100.96090 -98.77380
-100.93280 -98.65190
-101.21290 -98.85800
-101.35820 -98.26050
-101.45190 -98.35750
-101.01940 -98.28880
-101.07200 -98.21960
-101.39930 -98.36190
-101.09070 -98.03650
-101.24110 -98.13800
-101.10420 -98.03220
-100.99190 -98.22610
-100.47050 -98.14120
-100.42360 -98.25440
-100.19770 -98.02040
-100.17140 -97.71580
-100.32820 -97.96250
-100.19570 -97.56410
-100.20330 -97.66040
-100.16990 -97.55780
-100.51790 -97.78460
-100.09450 -97.49350
-100.17020 -97.60370
-100.08500 -97.44030
-100.08640 -97.59280
-99.90600 -97.23000
-100.21470 -97.32750
-100.04990 -97.36580
-100.08660 -97.27670
-100.31760 -97.35950
-100.11780 -97.31870
-100.03940 -97.23670
-99.78210 -97.03890
-99.41950 -96.98390
-99.48260 -96.70170
-99.18640 -96.70140
-98.98820 -96.45570
-98.86100 -96.45830
-98.95560 -96.54990
-98.75840 -96.49780
-98.60070 -96.58120
-98.68310 -96.46730
-98.56180 -96.47670
-98.21850 -96.39730
-97.96590 -96.42310
-97.87030 -96.29080
-97.62530 -96.30110
-98.02490 -96.36460
-98.13680 -96.33860
-98.26470 -96.33870
-97.95020 -96.42710
-97.86500 -96.47710
-98.04520 -96.45000
-98.57640 -96.51900
-97.96270 -96.22190
-98.47970 -96.45540
-97.92550 -96.04950
-97.79210 -95.98750
-97.51280 -95.89730
-97.62430 -95.66130
-97.81900 -95.74700
-98.11010 -95.87250
-98.00560 -95.90440
-97.75670 -95.76270
-97.70370 -95.61570
-97.72240 -95.58650
-97.96080 -95.64400
-97.86140 -95.68660
-97.14090 -95.45100
-97.41160 -95.43910
-97.12030 -95.24060
-97.21560 -95.25230
-97.03900 -95.12130
-96.83530 -95.16690
-96.80280 -95.29410
-97.36680 -95.23420
-97.32590 -95.30120
-97.01330 -95.32050
-96.64830 -95.21120
-96.70650 -95.06830
-96.37550 -94.82120
-96.58890 -95.08190
-96.27230 -94.98360
-96.15960 -94.88510
-96.36390 -94.57970
-96.58620 -94.78390
-96.53370 -94.87160
-96.51790 -94.89060
-96.50250 -94.87820
-95.68820 -94.73290
-95.47590 -94.64220
-96.05650 -94.84130
-95.69800 -94.73620
-95.95150 -94.71030
-95.90500 -94.76920
-95.57010 -94.39960
-95.59700 -94.41830
-95.62820 -94.31730
-95.42510 -94.32450
-95.37800 -94.36130
-95.48710 -94.41400
-95.46390 -94.41790
-95.91510 -94.63910
-95.99650 -94.57170
-95.28220 -94.41350
-95.48230 -94.60130
-95.40210 -94.52750
-95.46460 -92.67720
-95.50120 -92.82520
-95.19350 -92.68000
-95.23290 -92.77980
-95.32460 -92.76960
-95.36710 -92.72710
-95.47450 -92.71150
-95.47470 -92.64800
-95.54990 -92.68480
-95.41120 -92.70990
-95.32820 -92.69180
-95.41400 -92.68370
-95.60250 -92.63820
-95.20250 -92.50700
-95.19370 -92.45340
-95.15420 -92.48260
-95.33530 -92.56950
-95.37650 -92.68030
-95.64100 -92.88680
-95.34300 -92.87000
-95.51300 -92.77930
-95.82410 -93.02020
-95.56880 -92.92200
-95.33810 -92.92840
-95.22090 -92.76630
-95.07030 -92.76690
-94.98050 -92.64480
-95.21600 -92.76330
-95.27670 -92.71390
-95.33640 -92.62900
-95.20020 -92.65380
-95.02560 -92.71120
-95.10140 -92.77140
-94.79010 -92.59690
-94.98590 -92.63160
-94.91020 -92.56110
-95.17920 -92.77730
-95.38430 -92.79520
-94.99770 -92.98450
-95.52880 -93.06760
-95.50770 -93.06620
-94.79060 -92.78010
-95.18140 -92.94930
-94.74870 -92.57870
-94.86730 -92.60070
-94.87800 -92.37910
-94.84860 -92.30770
-94.43300 -92.17120
-94.19140 -91.75310
-93.46080 -91.48080
-93.32810 -90.84450
-93.57400 -90.89870
-93.62850 -90.86210
-93.85780 -90.19650
-93.98190 -90.31520
-93.86300 -90.24680
-94.06920 -90.35650
-94.34740 -90.48750
-94.24130 -90.42520
-93.94380 -90.44320
-93.89810 -90.41020
-93.92090 -90.35530
-93.54010 -90.14370
-93.49730 -90.22160
-93.37130 -90.18290
-93.08200 -89.99830
-92.86600 -89.86110
-93.03440 -89.76750
-93.19390 -89.82050
-92.99960 -89.73740
-93.10850 -89.77220
-93.04420 -89.62870
-93.16600 -89.69880
-92.91310 -89.66740
-92.50600 -89.46470
-92.85280 -89.54260
-92.82350 -89.42170
-92.76190 -89.46840
-92.60480 -89.30930
-92.55490 -89.24840
-92.78930 -89.25040
-92.31370 -89.07430
-92.42230 -89.00790
-92.53890 -89.09000
-92.65250 -89.14700
-92.51590 -89.08290
-92.62150 -89.01380
-92.69330 -89.11100
-92.76280 -89.19530
-92.52510 -89.07440
-92.67340 -89.12810
-92.69650 -89.19500
-92.73970 -89.06820
-93.10530 -89.06000
-93.12510 -89.31240
-93.11400 -89.30160
-92.87510 -89.23360
-92.77600 -89.24050
-92.88260 -89.12770
-92.70070 -88.84400
-92.46930 -88.30220
-92.52320 -88.46630
-92.75640 -88.61360
-92.91310 -88.31890
-93.25340 -88.53210
-93.04890 -88.34950
-93.12890 -87.93710
-92.76460 -87.45390
-92.71170 -87.11210
-92.80630 -87.57880
-92.58080 -86.34190
-92.56870 -87.01550
-92.68300 -86.66600
-92.87660 -86.75570
-93.29050 -86.82120
-93.47370 -90.68880
-93.14020 -90.64890
-93.33700 -90.69030
-93.39360 -90.69590
-93.36260 -90.73610
-93.49210 -90.74490
-93.04870 -90.50380
-93.40300 -90.69000
-93.48890 -90.71840
-93.43580 -90.67550
-93.21520 -90.43790
-93.51100 -90.66090
-93.29270 -90.50550
-93.50360 -90.58740
-92.96300 -90.49530
-93.57080 -90.86330
-93.33020 -90.81740
-92.94750 -90.60720
-93.31940 -90.67480
-93.29630 -90.41000
-93.52920 -90.67290
-93.43990 -90.76500
-93.16260 -90.61200
-93.37830 -90.65760
-93.36440 -90.57950
-93.04370 -90.54200
-93.31200 -90.48280
-92.97760 -90.61560
-93.03770 -90.79080
-93.04190 -90.58580
-93.10710 -90.72360
-93.43600 -90.75950
-93.24920 -90.66490
-93.05110 -90.53680
-93.34810 -90.66790
-93.24770 -90.56690
-93.00560 -90.60080
-93.49330 -90.69130
-93.23160 -90.71360
-93.36290 -90.67400
-93.38880 -90.65290
-92.95950 -90.57360
-92.22550 -89.99780
-92.00970 -89.84100
-92.11630 -89.89260
-92.25720 -89.29880
-91.98450 -89.21000
-92.27180 -89.25430
-89.71870 -88.54930
-89.29330 -88.11280
-89.08280 -87.70480
-89.24530 -87.57810
-89.27410 -87.52140
-89.27490 -87.60470
-89.39500 -87.77650
-90.12490 -88.54270
-90.34290 -88.57530
-90.18310 -88.44900
-89.98300 -88.67460
-90.24040 -88.72660
-90.20050 -88.58600
-90.07170 -88.57950
-90.20720 -88.71330
-90.23260 -88.57670
-89.99770 -88.46900
-90.06580 -88.46090
-89.85110 -88.33750
-89.88910 -88.47370
-89.56050 -88.35750
-89.62560 -88.36490
-89.67240 -88.25500
-89.97220 -88.40870
-90.12960 -88.70540
-90.00920 -88.68140
-89.95900 -88.72170
-90.01940 -88.71650
-89.95160 -88.78350
-89.85180 -88.67040
-89.91480 -88.72580
-90.02420 -88.70110
-89.82120 -88.63630
-90.02790 -88.96510
-89.97010 -88.90490
-89.78920 -88.81430
-90.07880 -89.05920
-90.47270 -89.14790
-90.48240 -89.07460
-90.37840 -89.03290
-90.33630 -89.25900
-88.50030 -88.11960
-88.53470 -88.11570
-88.63790 -88.12090
-88.68380 -88.12130
-88.79780 -88.19400
-89.07140 -88.21820
-89.40600 -88.19440
-89.73030 -88.57990
-88.90270 -88.50910
-88.55600 -88.20930
-88.45550 -88.22350
-88.41230 -88.19490
-88.75250 -88.20800
-88.79640 -88.28070
-88.59820 -88.28450
-88.59620 -88.22750
-88.48570 -88.29470
-88.34530 -88.27300
-88.01560 -87.95210
-87.68820 -87.91250
-87.75980 -87.88190
-87.46340 -87.91550
-87.80600 -87.90330
-87.81730 -87.86070
-87.38730 -87.74840
-87.39280 -87.63950
-87.27760 -87.64570
-87.25880 -87.58180
-87.26970 -87.56050
-87.98000 -87.56880
-88.07640 -87.68650
-87.94540 -87.85930
-88.04520 -87.83570
-87.78460 -87.88540
-87.78180 -87.86010
-87.74400 -87.86040
-87.67460 -87.86860
-87.54330 -87.85900
-88.01300 -87.78040
-88.22600 -87.75420
-87.98060 -87.79690
-87.78040 -87.80240
-88.09390 -87.81450
-87.83070 -87.82040
-87.98010 -87.82640
-87.60270 -87.80050
-88.22560 -88.09710
-88.07630 -87.59510
-88.21290 -87.63200
-87.50830 -87.39080
-87.12450 -86.95600
-87.09200 -86.84350
-87.27080 -86.90160
-86.95870 -86.85960
-86.89280 -86.88330
-86.56040 -86.25580
-86.51190 -86.27080
-86.24730 -86.25920
-86.28920 -86.22430
-86.51080 -86.32490
-86.11670 -86.03310
-86.03550 -85.88760
-86.27130 -85.90260
-86.14100 -85.89640
-86.04900 -85.91580
-86.02850 -85.94250
-86.13000 -85.84590
-85.47870 -85.64340
-86.17290 -85.85440
-86.21940 -85.89030
-86.33820 -85.91670
-86.25120 -85.85810
-86.25730 -85.86920
-85.97290 -85.81990
-86.21900 -85.82390
-85.92220 -85.75710
-85.48140 -85.62940
-85.73040 -85.59830
-85.70980 -85.47560
-85.19220 -85.35530
-85.69850 -85.23850
-86.23840 -85.28150
-86.14200 -85.23360
-86.21760 -85.36710
-86.15320 -85.34990
-86.41620 -85.60310
-86.46920 -85.59510
-86.53650 -85.70260
-86.36100 -85.77460
-86.22800 -85.81200
-86.37240 -85.74660
-86.28400 -85.68050
-86.53630 -85.70880
-86.50800 -85.69400
-86.68650 -85.76140
-86.62150 -85.84970
-86.96740 -85.88140
-86.91830 -85.83790
-87.19010 -86.04570
-87.03050 -86.32110
-87.04400 -86.36850
-87.04710 -86.42640
-87.04560 -86.36030
-87.19270 -86.39700
-87.73770 -86.51030
-87.61970 -86.59030
-87.45260 -86.39410
-87.29170 -86.52080
-87.15200 -86.58190
-87.95180 -86.75540
-87.96610 -86.77820
-87.61090 -86.61860
-87.55900 -86.68320
-87.40050 -86.59980
-87.49660 -86.69730
-87.44910 -86.67930
-87.82210 -86.63450
-87.92060 -86.72350
-88.24650 -86.69430
-88.52420 -86.79830
-88.37020 -86.83080
-88.55880 -86.90330
-88.52350 -86.87980
-88.25780 -86.84560
-88.08020 -86.84020
-88.31570 -86.86340
-88.51640 -86.87530
-88.53580 -86.92870
-88.44800 -86.91710
-88.27250 -86.75120
-88.28770 -86.78040
-88.52360 -86.70270
-88.35760 -86.60300
-88.49650 -86.71560
-87.40870 -86.36480
-86.98900 -86.23650
-87.22720 -86.24690
-86.80420 -86.01710
-86.78400 -86.11820
-87.41470 -86.25610
-87.86930 -86.36750
-87.19810 -86.20710
-86.98110 -86.13830
-86.85290 -86.14110
-86.43830 -86.03850
-86.33020 -85.42100
-86.27650 -85.44910
-86.44780 -85.24460
-86.85650 -85.36320
-86.63670 -85.39440
-86.60540 -85.37620
-86.60470 -85.33050
-86.99570 -85.43660
-87.08850 -84.64460
-87.18940 -84.80020
-86.95970 -84.75320
-87.07140 -84.68520
-86.98590 -84.69050
-87.29740 -84.92260
-87.12170 -84.93840
-86.97440 -84.97450
-87.16580 -85.08810
-87.37800 -85.17240
-87.29270 -85.29350
-87.59210 -85.28560
-87.56810 -85.36180
-87.48230 -85.47930
-87.40230 -85.58120
-87.13580 -85.62900
-87.45670 -85.69550
-87.51330 -85.55140
-87.89380 -85.52340
-87.72540 -85.72160
-87.98080 -85.87910
-88.29330 -85.88860
-88.16760 -85.96930
-88.35470 -86.06160
-88.31580 -85.98940
-88.25300 -86.10400
-88.07680 -85.81310
-88.29410 -85.90350
-88.49820 -85.90660
-88.40240 -85.88620
-88.30820 -85.78680
-88.32750 -85.67990
-88.60140 -85.68990
-88.77910 -85.74410
-88.62370 -85.88080
-88.49610 -86.03210
-88.52980 -85.99090
-88.35110 -85.93380
-88.15330 -85.86840
-88.10990 -85.71300
-87.86870 -85.51840
-87.73390 -85.44570
-87.62940 -85.43120
-87.89820 -85.42210
-87.74000 -85.46980
-88.31040 -85.92380
-87.83690 -85.87740
-87.82550 -85.89260
-88.27730 -86.02270
-88.82380 -86.29790
-88.59990 -86.29340
-88.59600 -86.35760
-88.73540 -86.29360
-88.57400 -86.31000
-88.30970 -86.48340
-87.94410 -86.02610
-88.30850 -85.99850
-88.57460 -86.32950
-89.00040 -86.56910
-89.26420 -86.59000
-88.97350 -86.51250
-88.93640 -86.50670
-88.67850 -86.41640
-88.92520 -86.38510
-89.13070 -86.72960
-89.33480 -86.89330
-89.30430 -86.84150
-89.29420 -86.81840
-88.65350 -86.65180
-88.48540 -86.37150
-88.61750 -86.34870
-89.27270 -86.49280
-89.29870 -86.65440
-89.70640 -86.87180
-89.12810 -86.73160
-89.13660 -86.87190
-88.73840 -86.79000
-88.79990 -86.96060
-88.96190 -86.82020
-89.11110 -86.80190
-89.15430 -86.88470
-89.30300 -86.88060
-89.16570 -87.04080
-89.41110 -87.07100
-89.12500 -87.14650
-88.81000 -87.04480
-88.62210 -87.03120
-88.40960 -86.94060
-88.35980 -86.93100
-87.82590 -86.29100
-87.64920 -86.19380
-87.27230 -86.14000
-87.33810 -86.06630
-87.07250 -86.02960
-86.95900 -85.98020
-87.06890 -86.09610
-87.36560 -85.84860
-87.36110 -85.87570
-87.72720 -85.88420
-87.94740 -86.21660
-87.84560 -85.34690
-87.97360 -85.47060
-88.21730 -85.47450
-88.18220 -85.38670
-87.89200 -85.47420
-88.38130 -85.59420
-88.08440 -85.47640
-88.20960 -85.48720
-87.99200 -85.44460
-88.70140 -85.61690
-87.91480 -85.41670
-87.47100 -85.06480
-87.28660 -85.05120
-87.30310 -85.10860
-87.28360 -85.01250
-87.49150 -84.97810
-88.07990 -85.23320
-88.00610 -85.20440
-87.93370 -85.37610
-88.36640 -85.45290
-88.09060 -85.63410
-87.88650 -85.62730
-87.69490 -85.56550
-87.39980 -85.42890
-87.24980 -85.34470
-87.18550 -85.20180
-87.24250 -85.39750
-87.18810 -85.41930
-87.54610 -85.47290
-87.64830 -85.50650
-87.33630 -85.42320
-87.18480 -85.40770
-87.47800 -85.43760
-86.84270 -85.54320
-87.01360 -85.49380
-87.26900 -85.41360
-86.68050 -85.23110
-86.54990 -85.01900
-86.91380 -84.81330
-86.53450 -84.70450
-85.92620 -84.34580
-85.95480 -84.40300
-86.14370 -84.54830
-86.10090 -84.41690
-86.32670 -84.40180
-86.32040 -84.31450
-86.16550 -84.17540
-85.91050 -84.02440
-86.01520 -84.08770
-86.01620 -84.13160
-85.72850 -84.09810
-82.04980 -81.27360
-82.19610 -80.67250
-82.36500 -79.55920
-82.20070 -79.56640
-82.16830 -79.67290
-81.78350 -79.44050
-81.90650 -79.27500
-81.30720 -79.09690
-81.08540 -78.74030
-80.75640 -78.35710
-80.60970 -78.10110
-80.68930 -78.15520
-80.90710 -78.19210
-81.02640 -78.12950
-80.50840 -77.97210
-80.24580 -77.87970
-79.98640 -77.87050
-79.91500 -77.62140
-80.07070 -77.47490
-80.20020 -77.40690
-80.29650 -77.52460
-80.35990 -77.39440
-80.30320 -77.38010
-80.39410 -77.37390
-80.47640 -77.43090
-80.06040 -77.26720
-80.15140 -77.37140
-80.07620 -77.30020
-80.29050 -77.33710
-80.46340 -77.41060
-80.56750 -77.46160
-80.22070 -77.38500
-80.36590 -77.46630
-80.50140 -77.52560
-80.30080 -77.60190
-80.29440 -77.58430
-80.10880 -77.53010
-80.12770 -77.49760
-80.09880 -77.46830
-79.93070 -77.25850
-79.79600 -77.13270
-79.61320 -76.84620
-79.51410 -76.64760
-79.24850 -76.35640
-78.79420 -76.15320
-78.68400 -76.18910
-78.82870 -76.16770
-78.87280 -76.04740
-78.71930 -75.93300
-78.41420 -75.66910
-78.53170 -75.61790
-78.89470 -75.67340
-78.88280 -77.22560
-78.96320 -77.25490
-79.07630 -77.26000
-78.97050 -77.23350
-79.19910 -77.29360
-78.92400 -77.30250
-78.81400 -77.18420
-78.85760 -77.22200
-79.03710 -77.30080
-79.01380 -77.34710
-78.76770 -77.15540
-78.77700 -77.15360
-78.51400 -77.07830
-78.72950 -77.13220
-78.86550 -77.11340
-79.10060 -77.19930
-79.06560 -77.10110
-78.94000 -77.11540
-78.83210 -76.85200
-78.86290 -76.83210
-79.29460 -76.98990
-79.09990 -76.89370
-78.84750 -76.86410
-78.91200 -76.94090
-78.86750 -76.95720
-78.77910 -77.00960
-78.68310 -76.98820
-78.70970 -76.87540
-78.47130 -76.82600
-78.39710 -76.83830
-77.98960 -76.68150
-77.99950 -76.69740
-77.29700 -75.95670
-77.09430 -75.85340
-76.80460 -75.83930
-76.75870 -75.78150
-77.02020 -75.85960
-77.08310 -75.57460
-76.83490 -75.43260
-76.88920 -75.38690
-77.03030 -75.23590
-76.87860 -75.14460
-77.20460 -75.12590
-76.94470 -74.65470
-79.13660 -76.50610
-79.22700 -76.90850
-79.04680 -77.33850
-79.25610 -77.49020
-79.10890 -77.37660
-79.24770 -77.70020
-79.06450 -77.65430
-79.15190 -77.74020
-79.09200 -77.74500
-78.79700 -77.73320
-79.41140 -78.04280
-79.01060 -77.74590
-78.95470 -77.59720
-79.12430 -77.65880
-79.19090 -77.70330
-79.34290 -77.64120
-79.03680 -77.49920
-79.15740 -77.60650
-78.88640 -77.52310
-79.22590 -77.79770
-79.10830 -77.51310
-79.35720 -77.84150
-79.24310 -77.68110
-78.94110 -77.79500
-79.14460 -77.76510
-79.23790 -77.69830
-78.90560 -77.59640
-79.49650 -77.66300
-79.09480 -77.68720
-79.19370 -77.58410
-78.91320 -77.65550
-78.90500 -77.73260
-79.09910 -77.61750
-78.93710 -77.63220
-78.94620 -77.68800
-79.27110 -77.79680
-79.22890 -77.65310
-79.32410 -77.68330
-79.05730 -77.67540
-79.19750 -77.49380
-78.94850 -77.56630
-79.21660 -77.71930
-79.18460 -77.69720
-78.95520 -77.64020
-78.96170 -77.65730
-75.38360 -75.37700
-75.39890 -75.37560
-75.31690 -75.32280
-75.45230 -75.34280
-75.69630 -75.36330
-75.96900 -75.32870
-76.13870 -75.33540
-76.30230 -75.36650
-76.23640 -75.36570
-76.34250 -75.36500
-76.09840 -75.48490
-75.60180 -75.47660
-75.49400 -75.41130
-75.83640 -75.42080
-75.94410 -75.38110
-76.11350 -75.38900
-76.23050 -75.42810
-76.09620 -75.51210
-76.01380 -75.50490
-76.31680 -75.63610
-76.43570 -75.63710
-76.24360 -75.61550
-76.17810 -75.62070
-76.03640 -75.56010
-76.00070 -75.51960
-76.24670 -75.55710
-75.92840 -75.44520
-75.77640 -75.34820
-76.38950 -75.39560
-76.37060 -75.43400
-76.44210 -75.41420
-76.30250 -75.62510
-76.10490 -75.58990
-76.08000 -75.58700
-76.19730 -75.57590
-75.86470 -75.57830
-75.99640 -75.59540
-75.93360 -75.56360
-76.14180 -75.59540
-76.36230 -75.55650
-76.13350 -75.52600
-75.97250 -75.50500
-76.04520 -75.47300
-76.30930 -75.61810
-76.26300 -75.59590
-76.22160 -75.58050
-75.94800 -75.59750
-75.95670 -75.52630
-75.93960 -75.55850
-76.57210 -75.78930
-76.33530 -75.69860
-76.46720 -75.72090
-75.93930 -75.56190
-75.77880 -75.40000
-76.00120 -75.43930
-75.75170 -75.27670
-75.87550 -75.31340
-75.84260 -75.27700
-75.59070 -75.03770
-75.67160 -74.99340
-75.80630 -74.99350
-75.43430 -74.95470
-75.45090 -74.94140
-75.58740 -75.04460
-75.33390 -74.88710
-75.21080 -74.79330
-75.25980 -74.78570
-75.43210 -74.63720
-75.47150 -74.62650
-75.35660 -74.68350
-75.43970 -74.76030
-75.54070 -74.66670
-75.11010 -74.63650
-75.07970 -74.70780
-75.38060 -74.62870
-75.71950 -74.76120
-75.80760 -74.87490
-75.74750 -74.86730
-75.92060 -74.85100
-76.01580 -74.75810
-75.83810 -74.76680
-75.78950 -74.77030
-76.08300 -74.91990
-75.87440 -74.93250
-75.66950 -74.73250
-75.23940 -74.59320
-75.64820 -74.55590
-75.70110 -74.71110
-75.68510 -74.72810
-76.07770 -74.88810
-76.12480 -74.81790
-76.30760 -74.89690
-76.27420 -74.91500
-76.08700 -74.99940
-76.06110 -75.04440
-76.28230 -75.17330
-76.30490 -75.36570
-76.13380 -75.37460
-76.13130 -75.42720
-75.96920 -75.36760
-76.21540 -75.38500
-76.18630 -75.33940
-76.25300 -75.33730
-76.49240 -75.37810
-76.25590 -75.46230
-76.31440 -75.47930
-76.56240 -75.47950
-74.66080 -74.46380
-74.47820 -74.42110
-74.63740 -74.44030
-74.99540 -74.40550
-75.03500 -74.44670
-75.25200 -74.46300
-75.58900 -74.52630
-75.73220 -74.61940
-75.42810 -74.62280
-75.50290 -74.56510
-75.41550 -74.59090
-75.51010 -74.66440
-75.34650 -74.66540
-75.32090 -74.74390
-75.65040 -74.67380
-75.31760 -74.46060
-75.71680 -74.57230
-76.48920 -75.00820
-76.39630 -74.98900
-76.83640 -75.18560
-76.64990 -75.29040
-76.64770 -75.34340
-76.85220 -75.40740
-76.66400 -75.48380
-76.71250 -75.49310
-76.87650 -75.55860
-77.04220 -75.79590
-77.06100 -75.87760
-76.94130 -75.70490
-77.05440 -75.64920
-76.86630 -75.53860
-76.77200 -75.57010
-76.42340 -75.54470
-75.58610 -75.09100
-75.69840 -75.09260
-75.32260 -75.00460
-75.36870 -75.07880
-75.81060 -75.15670
-75.66350 -75.10550
-75.30310 -74.87840
-75.78170 -74.76920
-75.55190 -74.79210
-75.52200 -74.81470
-75.58220 -74.76970
-75.93670 -74.89670
-76.02740 -74.87990
-76.15380 -75.04100
-76.42140 -75.08840
-76.21360 -74.19110
-76.11660 -74.12320
-76.22730 -73.88160
-76.01590 -73.95210
-75.63110 -73.92180
-75.52990 -73.78900
-75.82650 -73.87800
-75.65950 -73.89060
-75.47680 -73.83400
-75.65100 -73.83680
-75.22530 -73.88880
-75.14920 -73.77480
-74.89600 -73.65640
-74.85240 -73.57030
-74.71940 -73.63400
-74.92380 -73.82820
-74.69090 -73.85850
-74.66400 -73.76490
-74.89960 -73.86350
-74.91720 -73.90290
-74.93780 -73.80170
-75.17300 -73.75140
-74.72610 -73.68620
-75.15520 -73.90920
-75.08900 -73.87590
-75.21200 -73.83660
-75.26140 -73.93750
-75.02310 -73.98070
-75.02300 -73.98750
-75.22470 -74.01270
-75.06060 -73.96210
-74.76480 -73.96220
-75.00100 -74.00390
-74.94220 -73.93450
-74.96990 -73.79690
-75.16270 -73.86590
-75.01650 -73.76390
-74.91670 -73.73200
-74.76040 -73.60300
-74.71790 -73.67100
-74.49400 -73.59360
-74.14240 -73.54880
-73.61080 -73.03100
-73.11300 -72.45520
-73.02270 -72.44990
-73.13060 -72.50460
-73.31580 -72.72750
-73.48680 -72.96220
-73.43020 -73.07940
-73.35140 -73.03950
-73.30230 -72.95760
-73.36370 -73.01970
-73.54570 -73.14750
-73.86200 -73.14490
-74.09640 -73.21210
-74.44860 -73.34560
-74.21620 -73.31090
-74.39730 -73.74790
-74.70090 -73.92150
-74.19820 -72.76750
-74.54200 -72.52600
-74.85310 -73.02550
-74.66810 -72.95330
-74.84480 -73.05570
-75.11980 -73.03150
-75.04170 -73.02920
-75.09140 -73.11470
-75.03190 -73.21580
-75.21340 -73.17650
-75.34060 -73.18820
-75.25980 -73.16870
-75.70080 -73.45550
-75.27220 -73.38780
-75.31290 -73.37040
-75.61680 -73.49690
-75.07630 -73.36770
-75.16990 -73.37460
-74.85120 -73.31540
-74.71740 -72.95540
-74.45040 -72.83380
-74.46470 -72.81060
-74.68520 -72.87270
-74.58690 -72.88910
-74.58420 -72.90860
-74.87160 -73.02090
-74.55530 -72.92150
-74.28950 -72.85790
-74.55890 -72.88240
-74.57740 -72.87550
-74.53850 -72.85370
-74.37870 -72.86100
-74.24070 -72.81080
-73.77670 -72.47920
-73.50120 -72.45340
-73.39230 -72.46260
-73.48280 -72.52460
-73.54880 -72.50460
-73.81020 -72.67130
-74.22460 -72.78530
-74.06720 -72.68070
-74.01910 -72.71260
-74.30010 -72.69470
-74.15220 -72.66220
-74.27800 -72.89950
-74.15890 -72.90500
-74.17270 -72.11050
-74.34440 -72.11400
-73.71770 -71.85700
-73.64740 -71.72700
-73.85050 -71.66270
-73.91510 -71.67230
-73.97980 -71.67080
-73.95110 -71.62540
-73.70530 -71.56510
-73.61670 -71.64240
-73.27610 -71.49100
-73.46510 -71.57780
-73.07300 -71.38630
-72.92070 -71.39160
-72.87060 -71.17750
-72.90750 -71.14790
-73.38050 -71.38470
-73.16800 -71.54520
-73.15300 -71.43850
-73.47130 -71.49800
-73.33750 -71.55390
-72.82920 -71.41370
-72.50530 -71.31950
-72.56680 -71.32730
-72.56300 -71.34000
-72.62670 -71.35900
-72.65780 -71.53990
-72.63680 -71.36540
-72.88270 -71.44710
-72.96940 -71.47010
-72.57800 -71.35520
-72.75270 -71.38000
-72.68990 -71.34360
-72.98180 -71.47740
-72.47390 -71.60380
-72.35270 -71.38830
-71.63590 -71.19450
-71.26310 -70.98770
-70.71170 -70.37550
-70.86690 -70.25670
-70.77000 -70.02050
-70.44390 -69.91360
-70.71580 -69.97890
-70.03090 -69.53420
-70.14880 -69.40550
-70.46030 -69.47780
-70.40460 -69.37720
-70.38890 -69.37490
-73.53320 -69.61440
-73.35570 -71.07920
-73.53430 -71.10450
-73.57810 -71.14390
-73.26270 -70.96860
-73.36670 -70.80500
-73.36770 -70.79680
-73.22620 -70.77030
-73.02070 -70.64760
-73.25610 -70.79010
-73.09840 -70.73690
-73.17860 -70.77050
-73.22740 -70.74960
-73.29800 -70.74880
-73.28620 -70.66640
-73.30200 -70.69860
-73.10690 -70.67780
-73.32760 -70.62150
-73.44170 -70.64410
-73.13940 -70.65900
-73.22750 -70.63920
-73.05290 -70.66650
-73.21840 -70.64220
-73.28170 -70.69060
-73.03970 -70.37280
-72.85950 -70.27460
-72.67250 -70.19030
-72.90320 -70.28040
-73.07330 -70.27770
-73.02680 -70.28840
-72.57640 -70.13020
-72.77930 -70.08260
-72.65290 -69.98510
-72.85670 -69.99300
-73.06520 -70.25000
-73.05570 -70.34490
-72.87590 -70.33190
-72.74500 -70.27940
-72.80870 -70.24670
-72.64470 -70.10160
-72.41570 -69.97060
-72.17900 -69.84770
-72.19410 -69.87910
-72.31550 -69.83990
-72.33630 -69.70910
-72.19510 -69.50810
-72.16060 -69.49240
-72.01530 -69.32660
-71.88210 -69.25820
-71.56710 -69.16360
-71.54460 -69.14190
-70.99720 -69.56870
-71.17540 -69.62470
-71.33020 -69.62660
-71.64630 -69.83890
-71.83480 -69.94490
-72.06570 -70.11190
-71.87060 -70.21390
-71.63620 -70.12850
-71.68120 -70.13470
-71.80050 -70.13840
-71.54380 -70.03510
-71.45720 -70.03980
-71.51470 -69.87180
-71.54090 -69.79480
-71.53120 -69.79450
-71.21400 -69.75900
-70.97820 -69.33960
-71.12000 -69.43670
-70.89280 -69.37700
-71.30230 -69.48610
-70.78800 -69.27940
-70.92480 -69.28370
-70.54510 -69.18730
-70.57490 -69.07370
-70.41320 -68.97990
-70.18390 -68.72070
-70.03630 -68.51540
-69.72370 -68.45790
-69.61160 -68.39450
-69.65210 -68.32690
-69.52410 -68.06490
-69.65090 -68.05130
-69.37970 -67.98390
-69.59190 -68.00130
-69.90580 -68.15910
-69.67690 -68.14660
-69.91710 -68.17420
-69.81780 -68.14240
-69.71440 -68.04640
-69.80140 -67.93380
-69.56890 -67.87410
-68.78180 -68.13200
-68.65410 -68.07020
-68.83760 -68.13590
-68.64890 -67.93950
-68.68190 -67.89480
-68.71060 -67.57240
-68.70990 -67.41000
-68.72150 -67.40930
-68.73030 -67.42380
-68.79000 -67.46110
-68.75800 -67.40280
-68.78820 -67.43750
-68.87400 -67.54920
-69.18810 -67.83940
-69.13830 -67.88980
-69.17970 -67.91780
-69.14250 -67.85140
-69.06070 -67.87440
-69.07840 -67.97930
-69.28440 -68.06380
-69.34490 -68.08740
-69.29930 -68.14570
-69.38970 -68.25670
-69.30760 -68.22360
-69.21770 -68.18660
-69.29940 -68.19740
-69.18920 -68.12110
-69.05340 -68.02940
-69.24910 -68.14200
-69.17950 -68.21520
-69.22090 -68.23690
-69.16670 -68.25020
-69.09370 -68.14060
-69.31760 -68.14400
-69.20210 -68.20860
-69.11300 -68.21880
-69.01480 -68.26230
-68.99130 -68.23240
-68.94060 -68.22630
-69.04170 -68.24840
-69.11140 -68.16850
-69.13180 -68.20060
-68.97720 -68.17730
-69.06750 -68.24960
-69.10170 -68.19800
-69.08960 -68.20840
-69.29230 -68.19670
-69.25880 -68.19010
-69.11490 -68.12930
-69.09780 -68.03720
-69.20490 -68.19130
-69.23700 -68.23660
-69.22980 -68.23320
-69.19790 -68.22620
-64.78980 -64.57770
-64.79550 -64.62600
-64.81900 -64.61370
-64.86060 -64.62560
-65.23230 -64.70920
-64.88000 -64.85650
-64.66810 -64.78600
-64.59900 -64.77630
-64.38900 -64.63610
-64.61260 -64.57540
-64.66100 -64.59570
-64.59600 -64.58230
-64.59400 -64.58450
-64.87170 -64.60240
-64.88680 -64.60240
-64.82990 -64.64630
-64.72560 -64.62790
-64.67370 -64.59380
-64.95090 -64.59160
-65.15260 -64.64720
-64.98600 -64.65840
-64.94260 -64.67930
-64.39690 -64.48820
-64.19420 -64.47390
-64.43860 -64.46300
-64.22850 -64.46840
-64.10840 -64.44800
-64.09160 -64.39640
-64.12260 -64.34410
-64.63410 -64.41910
-64.70030 -64.44410
-64.59350 -64.49740
-64.64130 -64.52360
-64.46760 -64.55010
-64.50280 -64.52370
-64.49660 -64.53240
-64.29410 -64.52830
-64.52020 -64.58310
-64.59970 -64.61440
-64.44130 -64.62230
-64.51260 -64.60660
-64.73180 -64.61440
-64.54160 -64.61440
-64.65570 -64.61180
-64.62070 -64.61360
-64.43800 -64.49560
-64.41630 -64.47920
-65.19030 -64.54360
-65.42000 -64.57300
-65.40860 -64.81630
-65.40320 -64.40770
-65.19550 -64.31160
-64.75860 -64.23140
-64.60470 -63.90620
-64.29020 -63.44120
-64.17050 -63.44350
-64.14570 -63.37190
-64.31730 -63.44800
-64.07150 -63.36150
-63.97240 -63.29350
-63.92040 -63.21800
-64.01390 -63.22270
-64.18860 -63.23280
-64.16780 -63.23900
-64.19190 -63.21930
-63.99570 -63.34940
-63.86560 -63.31520
-63.64650 -63.30520
-63.55360 -63.32800
-63.46670 -63.40760
-63.51950 -63.47650
-64.05660 -63.35140
-64.26660 -63.33360
-64.32620 -63.43260
-64.42840 -63.47400
-64.56360 -63.40310
-64.38980 -63.42950
-64.15440 -63.41710
-64.19960 -63.47290
-64.41220 -63.49980
-64.18570 -63.45510
-63.79710 -63.33270
-63.96840 -63.18580
-63.76200 -62.94660
-64.15550 -63.00550
-64.23210 -63.12470
-64.18900 -63.10920
-64.19690 -63.15580
-64.25320 -63.21890
-64.53940 -63.31140
-64.60760 -63.50700
-64.48010 -63.55640
-64.52170 -63.51580
-64.53830 -63.45790
-64.58910 -63.54150
-64.84480 -63.52500
-64.75380 -63.70130
-64.66150 -63.56970
-64.89400 -63.56270
-64.80390 -63.57830
-64.86570 -63.60720
-64.75270 -63.61640
-64.63540 -63.60230
-64.56950 -63.56910
-64.54190 -63.59750
-64.59750 -63.60400
-64.59020 -63.51340
-65.37420 -64.51950
-65.56930 -64.60890
-65.30410 -64.55410
-65.38910 -64.60790
-65.48420 -64.69870
-65.41620 -64.53840
-65.42790 -64.59220
-65.41930 -64.63070
-65.53410 -64.66110
-65.34180 -64.59890
-65.53620 -64.65830
-65.48180 -64.62500
-65.38740 -64.62350
-65.42750 -64.72400
-65.38230 -64.65580
-65.25420 -64.70180
-65.49810 -64.65600
-65.38160 -64.56320
-65.62520 -64.60120
-66.19910 -64.77150
-66.32860 -64.83760
-66.43640 -64.86450
-66.55550 -64.94430
-66.52950 -64.97010
-66.49980 -64.89920
-66.64640 -65.00340
-66.67330 -65.08750
-66.85430 -65.17210
-66.84330 -65.16580
-66.72000 -65.29700
-66.71260 -65.35640
-66.83660 -65.45700
-66.76620 -65.45210
-66.82370 -65.48840
-66.93650 -65.60930
-66.70150 -65.46380
-66.72470 -65.48590
-66.60960 -65.40690
-66.73800 -65.45020
-66.85630 -65.51460
-66.55270 -65.50380
-66.36050 -65.42110
-66.23410 -65.39990
-66.42280 -65.33960
-66.59800 -65.36280
-67.04160 -65.53340
-67.37950 -65.61900
-67.27950 -65.86350
-67.00450 -65.89010
-67.19720 -65.84990
-67.21480 -65.81520
-67.52460 -65.87840
-67.35800 -65.88210
-67.41480 -65.85480
-67.34240 -65.80780
-67.58120 -65.92710
-67.50320 -65.71430
-67.69240 -65.58070
-67.58820 -65.60140
-67.86050 -65.64390
-67.82890 -65.70190
-68.02480 -65.82170
-68.24290 -66.01340
-68.30190 -66.02230
-68.25010 -66.03960
-68.17920 -66.00240
-68.27670 -66.15170
-68.07000 -66.18420
-68.13030 -66.12090
-68.22420 -66.11000
-68.37020 -66.19880
-68.01450 -66.03410
-68.21660 -66.16990
-67.96950 -66.00050
-68.10480 -65.99500
-68.07600 -66.10060
-67.86510 -66.11950
-67.85050 -66.10370
-67.85900 -66.13610
-67.90410 -66.10560
-67.73830 -65.91780
-67.80540 -65.96800
-67.89840 -65.94010
-67.82190 -65.90120
-67.75340 -65.86220
-67.70950 -65.79640
-67.80000 -65.83200
-67.55950 -65.72230
-67.46510 -65.56150
-67.07210 -65.45280
-66.91910 -65.38070
-66.88820 -65.35450
-66.74780 -65.30660
-66.81650 -65.29010
-66.81760 -65.17980
-66.65560 -65.13500
-66.66900 -64.94230
-66.78950 -64.93330
-66.63310 -64.91040
-66.79770 -65.04110
-67.11540 -65.37220
-67.01600 -65.26490
-67.19190 -65.31360
-67.23860 -65.33640
-67.51650 -65.36570
-67.11400 -65.24160
-66.99150 -65.34360
-66.89670 -65.31210
-67.03840 -65.25860
-67.23650 -65.25850
-67.27530 -65.37150
-67.29440 -65.28020
-67.53340 -65.60850
-67.27230 -65.58440
-67.23480 -65.57790
-67.20100 -65.43110
-67.33150 -65.50200
-67.14040 -65.34910
-67.32610 -65.42880
-66.97780 -65.31330
-67.07390 -65.39240
-67.11260 -65.35500
-67.15590 -65.38480
-67.22580 -65.30930
-66.80890 -65.15640
-66.96640 -65.21680
-66.89330 -65.04940
-66.88400 -64.91750
-66.88710 -64.98930
-66.90910 -64.95640
-67.25640 -65.07290
-66.83230 -65.01110
-67.17230 -65.11280
-66.90430 -65.03110
-66.43800 -64.89010
-66.54470 -64.92010
-66.20790 -64.85400
-66.31400 -64.94310
-66.11260 -64.92950
-66.17980 -64.77570
-66.09240 -64.68790
-66.25810 -64.63530
-66.42190 -64.72920
-66.54740 -64.82200
-66.77890 -64.85950
-66.80800 -65.15920
-66.72520 -65.22760
-66.58770 -65.12760
-66.57980 -65.08310
-66.42980 -65.03730
-66.42130 -64.98290
-66.25290 -64.95920
-66.39360 -64.96150
-66.33480 -64.93980
-66.14850 -64.90370
-66.21580 -64.96770
-66.13750 -64.83060
-66.46210 -64.99180
-66.82110 -65.04070
-66.72170 -64.96300
-66.99390 -65.02990
-66.94510 -65.02190
-67.05260 -65.07590
-66.91430 -65.15890
-66.82780 -65.17800
-66.83440 -64.54300
-66.79540 -64.68390
-66.70500 -64.58600
-66.85950 -64.69470
-66.72260 -64.63370
-66.74820 -64.59760
-66.76050 -64.70030
-66.80460 -64.70370
-66.80410 -64.67920
-66.79180 -64.70060
-66.66050 -64.60290
-66.36160 -64.53280
-66.30060 -64.36410
-66.71090 -64.49620
-66.70060 -64.50230
-66.49590 -64.56610
-66.55810 -64.59140
-66.53160 -64.63420
-66.40830 -64.63520
-66.49990 -64.70570
-66.56710 -64.74070
-66.63130 -64.69440
-66.61040 -64.69320
-66.57510 -64.69350
-66.67830 -64.74360
-66.55100 -64.90680
-66.89290 -64.98060
-66.98070 -65.00830
-67.02380 -65.35690
-67.17180 -65.39820
-67.40730 -65.36030
-67.01240 -65.28120
-66.98190 -65.23080
-66.35530 -65.11950
-66.38700 -64.64120
-66.33590 -64.70500
-66.22920 -64.66640
-66.20450 -64.65520
-65.93580 -64.57780
-65.94030 -64.59780
-65.88310 -64.54490
-65.31880 -64.32160
-65.47690 -64.11870
-65.41390 -64.13010
-65.50050 -64.21700
-65.36500 -64.13030
-65.53710 -64.12030
-65.61800 -64.07180
-65.56840 -64.03680
-62.20260 -61.61130
-62.39120 -61.67700
-62.30800 -60.29240
-62.18340 -60.12690
-62.21390 -60.08740
-61.78470 -59.88660
-61.81800 -59.97310
-61.74390 -59.94830
-61.50450 -59.81010
-61.55240 -59.60400
-61.75290 -59.58870
-61.68180 -59.60580
-61.58270 -59.54510
-61.66780 -59.54830
-61.78640 -59.62650
-61.83350 -59.58390
-61.68290 -59.66470
-61.55300 -59.68400
-61.59810 -59.56240
-61.30070 -59.52840
-61.36020 -59.47040
-61.42460 -59.42250
-61.48370 -59.43550
-61.38940 -59.26170
-61.37050 -59.26490
-61.33740 -59.22510
-61.44400 -59.27120
-61.32700 -59.19690
-61.08590 -59.09190
-60.98500 -58.94390
-61.21020 -58.91480
-61.40990 -59.04520
-61.44260 -59.10400
-61.52130 -59.15160
-61.34150 -59.11020
-61.25590 -59.07940
-60.59670 -58.40890
-60.59590 -58.37730
-60.76880 -58.41640
-60.81690 -58.35020
-61.02620 -58.38750
-61.31490 -58.47440
-61.09510 -58.33580
-60.80190 -58.27770
-60.72070 -58.32430
-60.66290 -58.36300
-60.56740 -58.32790
-60.90130 -58.29570
-61.39020 -59.84500
-61.23780 -60.03200
-61.05240 -60.09470
-61.25090 -60.14770
-61.41100 -60.22230
-61.35660 -60.13470
-61.40190 -60.15180
-61.15770 -60.10500
-61.10660 -60.07460
-61.04840 -59.93750
-61.27430 -59.91330
-61.08440 -59.86990
-61.14190 -59.90530
-61.00710 -59.80870
-61.17560 -59.92140
-61.13980 -59.94840
-60.99370 -59.92520
-60.96630 -59.77420
-60.76240 -59.65900
-61.02420 -59.81900
-60.93130 -59.71580
-60.77100 -59.61490
-60.37230 -59.38080
-60.42630 -59.37910
-60.01850 -59.08760
-59.81620 -58.88540
-59.83190 -58.79140
-59.79440 -58.77660
-59.50240 -58.52580
-59.25330 -58.27980
-59.23620 -58.33490
-59.26450 -58.27850
-59.28510 -58.24230
-59.34890 -58.30310
-59.24080 -58.21920
-59.49570 -58.36100
-59.03000 -57.70090
-58.98800 -57.72710
-59.59210 -58.40110
-59.41000 -58.46050
-59.44970 -58.50780
-59.28610 -58.45660
-58.76210 -58.18200
-58.79830 -58.00170
-58.76530 -57.93350
-59.00260 -58.33020
-58.89740 -58.29750
-59.08060 -58.24530
-58.89960 -58.23730
-58.72950 -58.16650
-58.78980 -58.11940
-59.04480 -58.20710
-58.62060 -58.09320
-58.53740 -57.94870
-58.53310 -57.93910
-58.80000 -57.95440
-58.79340 -57.96990
-58.65890 -57.90840
-58.67640 -57.93880
-58.44660 -57.88400
-58.31970 -57.85500
-58.21740 -57.76000
-58.25700 -57.81270
-58.33320 -57.92720
-58.35960 -57.93180
-58.47340 -57.89440
-58.48720 -57.89590
-58.31240 -57.89080
-58.20710 -57.84950
-58.20910 -57.76170
-58.21590 -57.76560
-58.27250 -57.75670
-58.22170 -57.80090
-58.12920 -57.73060
-58.06150 -57.70120
-58.10980 -57.71460
-57.99490 -57.69060
-58.15740 -57.81730
-58.44180 -57.81700
-58.40010 -57.77460
-58.46910 -57.75700
-58.36480 -57.70300
-58.26800 -57.68990
-58.39130 -57.81120
-58.37220 -57.83830
-58.28810 -57.82150
-58.24410 -57.78340
-55.41620 -55.59500
-55.36290 -55.52540
-55.41840 -55.50010
-55.43860 -55.46440
-55.34790 -55.43910
-55.42940 -55.43350
-55.78260 -55.43720
-55.89720 -55.44030
-56.02250 -55.45560
-55.96730 -55.45310
-55.92030 -55.53380
-55.73770 -55.56060
-55.53530 -55.52580
-55.29320 -55.31310
-55.47610 -55.31160
-55.48280 -55.30090
-55.53550 -55.31740
-55.57460 -55.31070
-55.76510 -55.37910
-55.64590 -55.40320
-55.58880 -55.39850
-55.64560 -55.43600
-55.48620 -55.43280
-55.83370 -55.42680
-56.01230 -55.43790
-55.85070 -55.43490
-55.69470 -55.44780
-55.53230 -55.48790
-55.44740 -55.43460
-55.18050 -55.39870
-55.37730 -55.39220
-55.37120 -55.33920
-55.40610 -55.23240
-55.41560 -55.18610
-55.23340 -55.21460
-55.24290 -55.20730
-55.21790 -55.21050
-55.13840 -55.20350
-55.17390 -55.12590
-55.17990 -55.19710
-55.23630 -55.19020
-55.06920 -55.17220
-55.12050 -55.12650
-55.25320 -55.14770
-55.06300 -55.15720
-55.04650 -55.11680
-55.42480 -55.14180
-55.15130 -55.13720
-55.19470 -55.14150
-55.29920 -55.19500
-55.34750 -55.18840
-55.08740 -55.13630
-55.11030 -55.17620
-55.83010 -55.20770
-56.05030 -55.23910
-55.92820 -55.25770
-55.90680 -55.24900
-56.01680 -55.32610
-55.48680 -55.14450
-55.57330 -55.07310
-55.69630 -55.02520
-55.45510 -55.01660
-55.47510 -54.99240
-55.55390 -54.90340
-55.39010 -54.91480
-55.51250 -54.95680
-55.41620 -54.89860
-55.37780 -54.88810
-55.29120 -54.83940
-55.22330 -54.77020
-55.59020 -54.84060
-55.51050 -54.84020
-55.48280 -54.86990
-55.41960 -54.81470
-55.20040 -54.78410
-55.12400 -54.81110
-55.20550 -54.80810
-55.28510 -54.87220
-55.28530 -54.87500
-55.38460 -54.88350
-55.32920 -54.83720
-55.34930 -54.83840
-55.37630 -54.79470
-54.91310 -54.65420
-54.91180 -54.54210
-54.56580 -54.45750
-55.24400 -54.40200
-55.18110 -54.36840
-55.47730 -54.65800
-55.52440 -54.63240
-55.63390 -54.89940
-55.68600 -54.91680
-55.82780 -54.94730
-55.78990 -55.00770
-55.70510 -55.11030
-55.60320 -55.05890
-55.80840 -55.05830
-55.69820 -55.02490
-55.70080 -55.04220
-55.94730 -55.08030
-55.90840 -55.05250
-55.89480 -55.01660
-55.89130 -55.04360
-55.91050 -55.07430
-55.91000 -55.07080
-55.87720 -55.12420
-55.86370 -55.08090
-56.21350 -55.33340
-56.12880 -55.59660
-56.18660 -55.62930
-56.01330 -55.60220
-56.11800 -55.64270
-56.38990 -55.75720
-56.36770 -55.69910
-56.59890 -55.76280
-56.75720 -55.87380
-56.92990 -55.96420
-56.75200 -55.91810
-56.96840 -55.95600
-56.72490 -55.93270
-56.65340 -55.89770
-56.64290 -55.87980
-56.67040 -55.89390
-56.68960 -55.81000
-56.73770 -55.77520
-56.91600 -55.77350
-57.30800 -56.09020
-57.13970 -56.02040
-57.30510 -56.09350
-57.19760 -56.07800
-57.24080 -56.11060
-57.16280 -56.14020
-57.29630 -56.13660
-57.33690 -56.14880
-57.32820 -56.16770
-57.30100 -56.09290
-57.39110 -56.11980
-57.30480 -56.14400
-57.16550 -56.13360
-57.28480 -56.19370
-57.13250 -56.17290
-57.16800 -56.06290
-57.06750 -56.15620
-57.11350 -56.20700
-57.42020 -56.30110
-57.71110 -56.33840
-57.39260 -56.44710
-57.37830 -56.36540
-57.62200 -56.40790
-57.65690 -56.41120
-57.69690 -56.35420
-57.71790 -56.33160
-57.91780 -56.40500
-57.83380 -56.39820
-57.83890 -56.38630
-57.84690 -56.32650
-57.86950 -56.42680
-57.89830 -56.35120
-57.92620 -56.21770
-58.01700 -56.18420
-58.08010 -56.23230
-58.09230 -56.37600
-58.31550 -56.49440
-58.24080 -56.46080
-58.26120 -56.48160
-58.37880 -56.57840
-58.51100 -56.59480
-58.19770 -56.57230
-58.20540 -56.62910
-58.20780 -56.62390
-58.13850 -56.58370
-58.17700 -56.57170
-57.88580 -56.42380
-58.04030 -56.32650
-58.18250 -56.42120
-58.35430 -56.65280
-58.33960 -56.71720
-58.40750 -56.75550
-58.45330 -56.79570
-58.41330 -56.74710
-58.37420 -56.73040
-58.44870 -56.70890
-58.36040 -56.69660
-58.30280 -56.67300
-58.24010 -56.60050
-58.30920 -56.60830
-58.12440 -56.55460
-58.08390 -56.53590
-58.11800 -56.45660
-57.95230 -56.37650
-57.88260 -56.34660
-57.75520 -56.29900
-57.64260 -56.16980
-57.66980 -56.15240
-57.52600 -56.06050
-57.45200 -55.99810
-57.60240 -55.96920
-57.55290 -56.03730
-57.66020 -56.14220
-57.85430 -56.18630
-57.95190 -56.35540
-57.91050 -56.37720
-57.83640 -56.39140
-57.75510 -56.35860
-57.74600 -56.31690
-57.79460 -56.35530
-57.67500 -56.36090
-58.04900 -56.49030
-58.14610 -56.54140
-58.44350 -56.61460
-58.35470 -56.87810
-55.40560 -54.70130
-55.28040 -54.36080
-55.79310 -54.32230
-55.65710 -54.37070
-55.66290 -54.36550
-55.53060 -54.23400
-55.66930 -54.27370
-55.72060 -54.25170
-55.69290 -54.19820
-55.23870 -54.08000
-55.33760 -54.13250
-55.44190 -54.16810
-55.29460 -54.08320
-55.36700 -54.09940
-55.29890 -54.01210
-55.21410 -54.03470
-55.25750 -53.99070
-55.56540 -54.04340
-55.79510 -54.25340
-55.58540 -54.17620
-55.24800 -54.07670
-55.29340 -54.07330
-55.27560 -54.15310
-55.08010 -54.11900
-55.19020 -54.21750
-55.00040 -53.99860
-55.08430 -53.97300
-55.13680 -53.94410
-55.27280 -54.03490
-55.21910 -54.04660
-55.38250 -54.22810
-55.55680 -54.37030
-55.41650 -54.41730
-55.19770 -54.34980
-55.12780 -54.31560
-55.36290 -54.44450
-55.19350 -54.43970
-55.18770 -54.44590
-55.13230 -54.35810
-55.11220 -54.25520
-54.94130 -54.22860
-55.03410 -54.23080
-54.79520 -54.19650
-54.69930 -54.12970
-54.71170 -54.08700
-54.96010 -54.18780
-54.98040 -54.15590
-54.86490 -54.10310
-54.83300 -54.10850
-54.77280 -53.26700
-54.92060 -53.36830
-54.76770 -53.38350
-54.61750 -53.37870
-54.52780 -53.33510
-54.58350 -53.18580
-54.40590 -53.13330
-54.32790 -53.13470
-54.15680 -53.03020
-54.08680 -52.91530
-53.84150 -52.87980
-53.76780 -52.48350
-53.97070 -52.58950
-53.98710 -52.69010
-54.14810 -52.81810
-54.10090 -52.88580
-54.06500 -52.79270
-53.98110 -52.85800
-53.82170 -52.78690
-53.71460 -52.76910
-53.49980 -52.67270
-53.34200 -52.57790
-53.39720 -52.55070
-53.52140 -52.71860
-53.74300 -52.78610
-53.73050 -52.81090
-53.42100 -52.73780
-53.60930 -52.76250
-53.55780 -52.78400
-53.51890 -52.75650
-53.74150 -52.85870
-54.14180 -52.94440
-54.07740 -52.96750
-53.85320 -52.92520
-53.71940 -52.78320
-53.81180 -52.92400
-53.84810 -52.91380
-53.64240 -52.87050
-53.50900 -52.70910
-53.05070 -52.54270
-53.02500 -52.51850
-53.24780 -52.55640
-53.28550 -52.58720
-53.26410 -52.66720
-53.33740 -52.65860
-53.24990 -52.58050
-53.41480 -52.54300
-53.30930 -52.47260
-53.26780 -52.46260
-56.27320 -53.06460
-56.44810 -53.13390
-56.34660 -54.61850
-56.34210 -54.63950
-55.67270 -54.20930
-55.25400 -53.95670
-55.19650 -53.85510
-55.07960 -53.56240
-55.28380 -53.60220
-55.26660 -53.56610
-55.19910 -53.57980
-54.92270 -53.53890
-54.95520 -53.51440
-54.86010 -53.49240
-54.61160 -53.23670
-54.71300 -53.11690
-54.85040 -53.18920
-54.88240 -53.12560
-54.75040 -53.09720
-54.76860 -53.15920
-54.41970 -53.05470
-54.55040 -52.99400
-54.46420 -52.98470
-54.23680 -52.87080
-54.43280 -52.92540
-54.50240 -52.97540
-54.40570 -52.92550
-54.50600 -52.88250
-54.38630 -52.89170
-54.39230 -52.84590
-54.41100 -52.84740
-54.57880 -52.99150
-54.59610 -53.02820
-54.44640 -53.07020
-54.29760 -52.98840
-54.34610 -52.95840
-54.21680 -52.83260
-54.06170 -52.72040
-53.87020 -52.57410
-54.01980 -52.43230
-53.75680 -52.32410
-53.87570 -52.17750
-53.65100 -52.14740
-53.60770 -52.12560
-53.92750 -52.15680
-53.84620 -52.82700
-53.96010 -52.87880
-53.90580 -52.85990
-53.81750 -52.85140
-53.95650 -52.85720
-54.10010 -52.89250
-53.95240 -52.89690
-53.91690 -52.80290
-54.10950 -52.87950
-53.71200 -52.75330
-53.67290 -52.74980
-53.86290 -52.62340
-53.96360 -52.60430
-54.01450 -52.74770
-53.89200 -52.65840
-54.05320 -52.76660
-54.03640 -52.66220
-54.04420 -52.67540
-54.03830 -52.68160
-54.11230 -52.72070
-53.93520 -52.72980
-53.95700 -52.70620
-53.73170 -52.62570
-53.86740 -52.46470
-53.64900 -52.33390
-53.66040 -52.42590
-53.61840 -52.32200
-53.53370 -52.34370
-53.30110 -52.08690
-53.32150 -52.01810
-52.78950 -51.73920
-52.98350 -51.73120
-52.70150 -51.69240
-52.59520 -51.68530
-52.49390 -51.61830
-52.55780 -51.59990
-52.66900 -51.55970
-52.61900 -51.53450
-52.61200 -51.42460
-52.61510 -51.41680
-52.74260 -51.39410
-52.97170 -51.36090
-52.77980 -51.40940
-52.65370 -51.31280
-52.74740 -51.33850
-52.69250 -51.24690
-52.86080 -51.15710
-52.64590 -51.08010
-52.72620 -51.17650
-52.76310 -51.71390
-52.70690 -51.65720
-52.79380 -51.68050
-52.68370 -51.65090
-52.79160 -51.68040
-52.60500 -51.64480
-52.57810 -51.56000
-52.39950 -51.23010
-52.55300 -51.42320
-52.68500 -51.44490
-52.95420 -51.91740
-52.85380 -51.88980
-52.79680 -51.82870
-52.94160 -51.88160
-53.10210 -51.92590
-53.00800 -51.91790
-52.94990 -51.84680
-53.10870 -51.88330
-53.16180 -51.94870
-53.28070 -51.91600
-53.15210 -51.95600
-52.88850 -51.89480
-52.87750 -51.97070
-52.72850 -51.79390
-52.82860 -51.84650
-52.76320 -51.84780
-52.90240 -51.88570
-52.93250 -51.93230
-52.82900 -51.94480
-52.93930 -51.97980
-52.95690 -51.92980
-52.97290 -51.77320
-53.13150 -51.81180
-53.01380 -51.87740
-53.14180 -52.01850
-53.30510 -52.05940
-53.32160 -52.04920
-53.20970 -51.97980
-53.19680 -51.94560
-53.12890 -51.94680
-53.39240 -52.07210
-53.28360 -52.03050
-53.18510 -52.03530
-53.32530 -51.94220
-53.35090 -51.95490
-47.96930 -47.52410
-47.91090 -47.55300
-47.96730 -47.59190
-47.99000 -47.55630
-48.02580 -47.56710
-48.40260 -47.90290
-48.34610 -47.87130
-48.23060 -47.86080
-48.21930 -47.85890
-48.28970 -47.86370
-48.14030 -47.86110
-48.05670 -47.84920
-48.21130 -47.84940
-48.17310 -47.82410
-48.20630 -47.81440
-48.30400 -47.82590
-48.37090 -47.83380
-48.48240 -47.83110
-48.61630 -47.88370
-48.52990 -47.87340
-48.49810 -47.88530
-48.39210 -47.90450
-48.26180 -47.89980
-48.13470 -47.79050
-48.14590 -47.77410
-48.16290 -47.75890
-47.97180 -47.76500
-48.12430 -47.72960
-47.94690 -47.72330
-47.92240 -47.72230
-47.82100 -47.73320
-47.86510 -47.75070
-47.74920 -47.59340
-47.78910 -47.58930
-48.12040 -47.61010
-48.13170 -47.62080
-48.19030 -47.61090
-48.21840 -47.61310
-48.10610 -47.61660
-48.08580 -47.62830
-47.94670 -47.62890
-47.93540 -47.64190
-47.98780 -47.66280
-48.04360 -47.65030
-47.98930 -47.71100
-47.87490 -47.74630
-48.06720 -47.71580
-48.04160 -47.69170
-48.02270 -47.70260
-48.00290 -47.69820
-47.87080 -47.63790
-48.28380 -47.74200
-48.26740 -47.77670
-48.29750 -47.77970
-48.16780 -47.79990
-47.91800 -47.71880
-47.86270 -47.66600
-47.86910 -47.62540
-47.95880 -47.66480
-47.70310 -47.30740
-47.61440 -47.31100
-47.59830 -47.30860
-47.46470 -47.22290
-47.44470 -47.08470
-47.56000 -47.09890
-47.55710 -47.09240
-47.57960 -47.08270
-47.59740 -47.18470
-47.62310 -47.23920
-47.60630 -47.20070
-47.44160 -47.19810
-47.63950 -47.14500
-47.73440 -47.21110
-47.89890 -47.33170
-47.87860 -47.38350
-48.04150 -47.38520
-47.53900 -47.08780
-47.77320 -47.05960
-48.02470 -47.14190
-47.96630 -47.21180
-47.97590 -47.22050
-48.26080 -47.36610
-48.38280 -47.44180
-48.27410 -47.51650
-48.24660 -47.53390
-48.39390 -47.56850
-48.34640 -47.63280
-48.41960 -47.67000
-48.27590 -47.67740
-48.33520 -47.70950
-48.25980 -47.66160
-48.41750 -47.67760
-48.39740 -47.65210
-48.41370 -47.67250
-48.59660 -47.70380
-48.55210 -47.71680
-48.58320 -47.74910
-47.52900 -47.23110
-47.50270 -47.08710
-47.31380 -47.08250
-47.49540 -47.05260
-47.54600 -47.07740
-47.50320 -46.97790
-47.67440 -47.06300
-47.52120 -46.95920
-47.62160 -47.00100
-47.73870 -47.03260
-47.59730 -46.98500
-47.54600 -47.02590
-47.61760 -47.04820
-47.61650 -47.03510
-47.60100 -47.06120
-47.55690 -46.99750
-47.49360 -47.04220
-47.42260 -46.99120
-47.59430 -46.95770
-47.70440 -47.04400
-47.84370 -47.02540
-47.89630 -47.16690
-47.72530 -47.06640
-47.82220 -47.09250
-47.96100 -47.15610
-47.91030 -47.18410
-48.08910 -47.29750
-48.01910 -47.35420
-48.09620 -47.39560
-48.01900 -47.38040
-48.20760 -47.49630
-48.21720 -47.51280
-48.27630 -47.54480
-48.28650 -47.60430
-48.49160 -47.66150
-48.35510 -47.64780
-48.18880 -47.60830
-48.30930 -47.67760
-48.13870 -47.62680
-47.98730 -47.45100
-47.99560 -47.51120
-48.59010 -47.70170
-48.49620 -47.67530
-48.07820 -47.56010
-48.06060 -47.51170
-48.33970 -47.50350
-48.27040 -47.47550
-48.34430 -47.52640
-48.52450 -47.02720
-48.56810 -47.05260
-48.48180 -47.02880
-48.30380 -46.99250
-48.46260 -47.04320
-48.50980 -47.05390
-48.44960 -47.08010
-48.45870 -47.05570
-48.37760 -47.03770
-48.45670 -47.09280
-48.19850 -47.11110
-48.19430 -47.14220
-48.14370 -47.17020
-48.15910 -47.08110
-48.02590 -46.99070
-48.06630 -46.97680
-47.98470 -46.89800
-48.15210 -46.93440
-48.27210 -47.05050
-48.24210 -47.05480
-48.26840 -47.10190
-48.07750 -47.02320
-48.14350 -47.05600
-48.07090 -47.07170
-48.07570 -46.92960
-48.16770 -46.93440
-48.24550 -46.93910
-48.03820 -46.85160
-47.96230 -46.81050
-47.94820 -46.74070
-47.79650 -46.67720
-47.57620 -46.42500
-47.58820 -46.40420
-47.44940 -46.40420
-47.27790 -46.28820
-47.23980 -46.29090
-47.28520 -46.32000
-47.45510 -46.40820
-47.65190 -46.45110
-47.51060 -46.60970
-47.49160 -46.51870
-47.49600 -46.56070
-47.39760 -46.54480
-47.56240 -46.61670
-47.62680 -46.56440
-47.66090 -46.57420
-47.53280 -46.66820
-47.54250 -46.56240
-47.73770 -46.64750
-50.09760 -48.38740
-49.99910 -48.63670
-50.47220 -48.92500
-50.54230 -48.93740
-50.61780 -48.95680
-50.64490 -49.03510
-50.55910 -49.03010
-50.62450 -49.05410
-50.79580 -49.04250
-50.64380 -49.04880
-50.44440 -48.96180
-50.44820 -48.99880
-50.52090 -48.86890
-50.56700 -48.92390
-50.45210 -48.92110
-50.51970 -48.94410
-50.64010 -48.93270
-50.51820 -48.91410
-50.56130 -48.91760
-50.39260 -48.89060
-50.41800 -48.95230
-50.62790 -48.88950
-50.54080 -48.97820
-50.59660 -49.01740
-50.84280 -49.14370
-50.94790 -49.16370
-50.83520 -49.14960
-50.85000 -49.15550
-50.82930 -49.19370
-50.80590 -49.23280
-50.79820 -49.20590
-50.79910 -49.20960
-50.84740 -49.17070
-50.67110 -49.15190
-50.72820 -49.16530
-50.60030 -49.15600
-50.55610 -49.15450
-50.63920 -49.16610
-50.74720 -49.16720
-50.96250 -49.19840
-51.15840 -49.21740
-51.30730 -49.47170
-51.36680 -49.48500
-51.39920 -49.52390
-51.31630 -49.51470
-51.37140 -49.50340
-50.13060 -48.58110
-50.14470 -48.50610
-50.04410 -48.53210
-49.92650 -48.44070
-50.03530 -48.40710
-50.08980 -48.42320
-50.02300 -48.39380
-50.06940 -48.41770
-50.24590 -48.38820
-50.18690 -48.43740
-50.21480 -48.45620
-50.14170 -48.41130
-50.17190 -48.44640
-50.14700 -48.47080
-50.46020 -48.55960
-50.41820 -48.56140
-50.57970 -48.63000
-50.48240 -48.64210
-50.61960 -48.74830
-50.56810 -48.82530
-50.43480 -48.80970
-50.42360 -48.81260
-50.30860 -48.71320
-50.38480 -48.72730
-50.39410 -48.72070
-50.45420 -48.73950
-50.49800 -48.77330
-50.52450 -48.78380
-50.64110 -48.85710
-50.50430 -48.90770
-50.64840 -48.88440
-50.61170 -48.87090
-50.73500 -48.90450
-50.46700 -48.91950
-50.50720 -48.97950
-50.63790 -48.94570
-50.38000 -48.90570
-50.37060 -48.87030
-49.86580 -48.49350
-49.52530 -48.38620
-49.32580 -48.38090
-49.31410 -48.37850
-49.47210 -48.41480
-49.41830 -48.39600
-49.40370 -48.37580
-49.42340 -48.36440
-49.37250 -48.23440
-49.40450 -48.21160
-49.31390 -48.11380
-48.90210 -48.02530
-48.86430 -47.99310
-49.06550 -48.04570
-49.14410 -48.07510
-49.24550 -47.98920
-49.10700 -47.92120
-49.19290 -47.91630
-48.98270 -47.88020
-48.91130 -47.87630
-48.74200 -47.25220
-48.68600 -47.20090
-48.66930 -47.24210
-48.53770 -47.13320
-48.54150 -47.08210
-48.61810 -47.04410
-48.55480 -46.92690
-48.53380 -46.84330
-48.51740 -46.91070
-48.46960 -46.95000
-48.40340 -46.88130
-48.49520 -46.90250
-48.57880 -46.88150
-48.27120 -46.75220
-48.11850 -46.73240
-47.91640 -46.65560
-48.00780 -46.56060
-47.98670 -46.50560
-47.84670 -46.47120
-47.83100 -46.41580
-47.74810 -46.41300
-47.78930 -46.42610
-47.55360 -46.30010
-47.63040 -46.18320
-47.53520 -46.11400
-47.50190 -46.06570
-47.62520 -46.13170
-47.46010 -46.03300
-47.60740 -45.99860
-47.48440 -46.00840
-47.68090 -46.07110
-47.64470 -46.11500
-47.61820 -46.12570
-47.60030 -46.12860
-47.50410 -46.10120
-47.26800 -45.87950
-47.21760 -45.78540
-47.07380 -45.70020
-47.10190 -45.72690
-47.12290 -45.72190
-47.24290 -45.76170
-47.16310 -45.68950
-47.24860 -45.72490
-47.48050 -45.80190
-47.40380 -45.71840
-47.36410 -45.72740
-47.40290 -45.64930
-47.41480 -45.57880
-47.40440 -45.61650
-47.18840 -45.55600
-46.99980 -45.41550
-46.97600 -45.30040
-46.84510 -46.01500
-46.90420 -45.94460
-46.79560 -45.87160
-46.86790 -45.86070
-46.96290 -45.89660
-46.98430 -45.85440
-46.82860 -45.89150
-46.81080 -45.84180
-46.81160 -45.81960
-47.02550 -45.85380
-46.93870 -45.86190
-46.89470 -45.85860
-46.66620 -45.77640
-46.68250 -45.79020
-46.72930 -45.81780
-46.86230 -45.82330
-46.97700 -45.84780
-47.02190 -45.88760
-47.07040 -45.87370
-47.18850 -45.92050
-47.37670 -45.96960
-47.60090 -46.05680
-47.37840 -46.06430
-47.30790 -45.93290
-47.34200 -45.84690
-47.37680 -45.90860
-47.33190 -45.92430
-47.13090 -45.88730
-47.17890 -45.86450
-47.21920 -45.80930
-47.08020 -45.64460
-47.12180 -45.75170
-46.94420 -45.31630
-46.94090 -45.25770
-46.76490 -45.22020
-46.99630 -45.21600
-46.81290 -45.18730
-46.86690 -45.19190
-46.91100 -45.19690
-46.71000 -45.09500
-46.80650 -45.10020
-46.88960 -45.05040
-47.12370 -45.13960
-46.98900 -45.22430
-47.05850 -45.24840
-47.00460 -45.24750
-46.98310 -45.21690
-46.90280 -45.05420
-46.79910 -45.82200
-46.78520 -45.85490
-46.81100 -45.84660
-46.71560 -45.80850
-46.53330 -45.77620
-46.31560 -45.69280
-46.30930 -45.59230
-46.23280 -45.55860
-46.24500 -45.47250
-46.29100 -45.50520
-46.66070 -45.64910
-46.58140 -45.74740
-46.59170 -45.74210
-46.41800 -45.68080
-46.39180 -45.65250
-46.58570 -45.72770
-46.51960 -45.72240
-46.62780 -45.74280
-46.77660 -45.76430
-46.86060 -45.88040
-46.84190 -45.84200
-46.80760 -45.80520
-46.81130 -45.81970
-46.71920 -45.78280
-46.74160 -45.83910
-46.48870 -45.68570
-46.51630 -45.60840
-46.59230 -45.62140
-46.64170 -45.63970
-46.80670 -45.63860
-46.88330 -45.75610
-46.94140 -45.78060
-46.85520 -45.82750
-46.74810 -45.81420
-46.68190 -45.79710
-46.75120 -45.78060
-46.71840 -45.79970
-46.69670 -45.78150
-46.67350 -45.76110
-46.64200 -45.72490
-46.41290 -45.70510
-46.56930 -45.69550
-46.73000 -45.67690
-46.70100 -45.65110
-46.55670 -45.59470
-46.69280 -45.66430
-46.75520 -45.66720
-46.79520 -45.66890
-41.24570 -40.92200
-41.25260 -40.92130
-41.18940 -40.92290
-41.26650 -40.95280
-41.45770 -41.01880
-41.53290 -41.04070
-41.39160 -41.09660
-41.25420 -41.06290
-41.23370 -41.05580
-41.17480 -41.03040
-41.26540 -40.92780
-41.21270 -40.93690
-41.28970 -40.93360
-41.37860 -40.93550
-41.45190 -40.96580
-41.42500 -40.97650
-41.36810 -40.98840
-41.44680 -41.01810
-41.72610 -41.09790
-41.64710 -41.12450
-41.46580 -41.13730
-41.43720 -41.14150
-41.36390 -41.12970
-41.18600 -41.13620
-41.13230 -40.96440
-40.97380 -40.87880
-41.03140 -40.86360
-40.99390 -40.86510
-40.94930 -40.86370
-40.97910 -40.83890
-40.99570 -40.83190
-41.05700 -40.92040
-41.24410 -40.90150
-41.14760 -40.90130
-41.23570 -40.89490
-41.21540 -40.89930
-41.23020 -40.89850
-41.09020 -40.89760
-41.74050 -41.17450
-41.11850 -41.17860
-41.04730 -41.08610
-41.01560 -41.00810
-40.72670 -40.74690
-40.75260 -40.58990
-40.60160 -40.57120
-40.57910 -40.53200
-40.47470 -40.39650
-40.22620 -40.20680
-40.32340 -40.24220
-40.22890 -40.18270
-40.12730 -40.05610
-40.31210 -40.06440
-40.29390 -40.06710
-40.30920 -40.05400
-40.31980 -40.12500
-40.25900 -40.12930
-40.27730 -40.16680
-40.31910 -40.11460
-40.22350 -40.12640
-40.10800 -40.11540
-40.04580 -40.13380
-40.01470 -40.17780
-40.05290 -40.21590
-40.21570 -40.18720
-40.34390 -40.18190
-40.43680 -40.17920
-40.49050 -40.21460
-40.55440 -40.24600
-40.60150 -40.20960
-40.51140 -40.22030
-40.52530 -40.20220
-40.41950 -40.21250
-40.56080 -40.21840
-40.43740 -40.19910
-40.09700 -39.94620
-40.19100 -39.96760
-40.31180 -39.94160
-40.34720 -40.01320
-40.30190 -40.01830
-40.35130 -40.04400
-40.50080 -40.09940
-40.51580 -40.05340
-40.63830 -40.16280
-40.57050 -40.21070
-40.59050 -40.26710
-40.68660 -40.24760
-40.69110 -40.23580
-40.68680 -40.31100
-40.63590 -40.30620
-40.79160 -40.33600
-40.62510 -40.28630
-40.61710 -40.25950
-40.66400 -40.26170
-40.66500 -40.24680
-40.87660 -40.31800
-40.85190 -40.35910
-42.04700 -41.20500
-41.98350 -41.35400
-41.82520 -41.33730
-41.89030 -41.38140
-41.90150 -41.37500
-42.08840 -41.40460
-42.12960 -41.41330
-42.22320 -41.42610
-42.25610 -41.41470
-42.36490 -41.41800
-42.21610 -41.41960
-42.35150 -41.41740
-42.39080 -41.41830
-42.27110 -41.45490
-42.25550 -41.54330
-42.19590 -41.57240
-42.11050 -41.57480
-42.42380 -41.54980
-42.56100 -41.54810
-42.66230 -41.55540
-42.76050 -41.55330
-42.83560 -41.55230
-42.81640 -41.55370
-42.77090 -41.65700
-42.64300 -41.65940
-42.73160 -41.71500
-42.93010 -41.82720
-42.84310 -41.83810
-42.84560 -41.83520
-42.88470 -41.84800
-42.97860 -41.83900
-42.87180 -41.90190
-42.86530 -41.90160
-42.91100 -41.89740
-42.97370 -41.89590
-42.94100 -41.90830
-42.73220 -41.83070
-42.63560 -41.73610
-42.38390 -41.76950
-42.39750 -41.78070
-42.69350 -41.78220
-42.91410 -41.77750
-42.82280 -41.78010
-42.76710 -41.77990
-42.56510 -41.77230
-42.58320 -41.76970
-42.62190 -41.73540
-42.65100 -41.68470
-42.82240 -41.72880
-42.82170 -41.74720
-42.80770 -41.80310
-42.91960 -41.80730
-42.79240 -41.77440
-42.78890 -41.72970
-42.84450 -41.61040
-42.93710 -41.65460
-42.84340 -41.64190
-42.77580 -41.62580
-42.77540 -41.59710
-42.69380 -41.57950
-42.81860 -41.62360
-42.89210 -41.66360
-43.01700 -41.66560
-42.97760 -41.71430
-42.72430 -41.66180
-42.61850 -41.64730
-42.61880 -41.63460
-42.73960 -41.59940
-42.85130 -41.65860
-43.01370 -41.75920
-43.00770 -41.73840
-43.07260 -42.01820
-42.94530 -42.02210
-42.92470 -42.00970
-43.00650 -42.05960
-42.98870 -42.01910
-42.89910 -41.88960
-42.94440 -41.93430
-42.64780 -41.68960
-42.75260 -41.69930
-42.64330 -41.60820
-42.36590 -41.38090
-42.26270 -41.37440
-42.17340 -41.34570
-42.11550 -41.34580
-42.16610 -41.36240
-42.07250 -41.33510
-42.18800 -41.39620
-42.42660 -41.52270
-42.39260 -41.67660
-42.37540 -41.62520
-42.34570 -41.63650
-42.40230 -41.65000
-42.47970 -41.60290
-42.46690 -41.60310
-42.60530 -41.62560
-42.83730 -41.65810
-42.79100 -41.91800
-42.51630 -41.75270
-42.34190 -41.56360
-42.41620 -41.51920
-42.64300 -41.53640
-42.83650 -41.67270
-42.70680 -41.70050
-42.71310 -41.68820
-42.77920 -41.67200
-42.84250 -41.68180
-42.93160 -41.73670
-42.84200 -41.75980
-42.83310 -41.78910
-42.87420 -41.78500
-42.85140 -41.79940
-42.80490 -41.79920
-42.54310 -41.73270
-42.59480 -41.69900
-42.48520 -41.63580
-42.47710 -41.53270
-42.52950 -41.53350
-42.57470 -41.58820
-42.61340 -41.61260
-42.50570 -41.61620
-42.24920 -41.46180
-42.13640 -41.42480
-42.09580 -41.33010
-42.59760 -41.55840
-42.60050 -41.56430
-42.60250 -41.54960
-42.80450 -41.65810
-42.55750 -41.71490
-42.65690 -41.71710
-42.47410 -41.70120
-42.47110 -41.68620
-42.60930 -41.71690
-42.55700 -41.70860
-42.55570 -41.69270
-42.51800 -41.66960
-42.61770 -41.66130
-42.58250 -41.63710
-42.41560 -41.62790
-42.47890 -41.64070
-42.47520 -41.63890
-42.54290 -41.63640
-42.54390 -41.61800
-42.74100 -41.69230
-42.69420 -41.74170
-42.69640 -41.75120
-42.89400 -41.79710
-42.86670 -41.78260
-42.95180 -41.79720
-42.81900 -41.82800
-42.81850 -41.25840
-42.92920 -41.26920
-42.84530 -41.28870
-42.76180 -41.20140
-42.72870 -41.19790
-42.77190 -41.19970
-42.91290 -41.22540
-42.97310 -41.23150
-42.87780 -41.19720
-42.56210 -41.07110
-42.54640 -41.05350
-42.56900 -41.06340
-42.55820 -41.04700
-42.54180 -41.06440
-42.66040 -41.23510
-42.72960 -41.25230
-42.84380 -41.29490
-42.79780 -41.26690
-42.73370 -41.25160
-42.72430 -41.22330
-42.67480 -41.25220
-42.68230 -41.21790
-42.65900 -41.21710
-42.68110 -41.31490
-42.83600 -41.33340
-42.97920 -41.33650
-42.86870 -41.32040
-42.77980 -41.31770
-42.87380 -41.32880
-43.03350 -41.48350
-42.91220 -41.45740
-42.98580 -41.44960
-42.83620 -41.45540
-42.80880 -41.42920
-42.53870 -41.32090
-42.59320 -41.34800
-42.34090 -41.21100
-42.14480 -41.16210
-42.13240 -41.14740
-42.14670 -40.95790
-41.98530 -40.85130
-42.00520 -40.83170
-41.92720 -40.73410
-41.70560 -40.57820
-41.82400 -40.58890
-41.91040 -40.67580
-41.96790 -40.69700
-41.81440 -40.68960
-41.89510 -40.68160
-41.91240 -40.66800
-41.85340 -40.63260
-41.78030 -40.62920
-41.98340 -40.67550
-42.09310 -40.72220
-42.13240 -40.77290
-42.08050 -40.74740
-41.96170 -40.75720
-42.06230 -40.81260
-42.14400 -40.74080
-41.82290 -40.65570
-41.90480 -40.69410
-41.88210 -40.67510
-41.71210 -40.59460
-41.59550 -40.52910
-41.60820 -40.46610
-41.71180 -40.53700
-41.63980 -40.43630
-41.78860 -40.44440
-41.41830 -40.37210
-41.42630 -40.37530
-41.47020 -40.39520
-41.35760 -40.40390
-41.20470 -40.08180
-41.11230 -40.06690
-41.21140 -40.06050
-40.92240 -39.98170
-40.98260 -39.92460
-40.99140 -39.93010
-41.00430 -39.91380
-40.91610 -39.86850
-40.79520 -39.84230
-40.78530 -39.82510
-40.84300 -39.84620
-40.81980 -39.85200
-40.74970 -39.81740
-40.53990 -39.76130
-40.58920 -39.64600
-40.69250 -39.61850
-40.59790 -39.57030
-40.63160 -39.54870
-40.77820 -39.64740
-40.77690 -39.70420
-40.74080 -39.66510
-40.60650 -39.49710
-40.50730 -39.42980
-40.43020 -39.36680
-40.27230 -39.30270
-40.29310 -39.23840
-40.38360 -39.13860
-40.28100 -39.09590
-40.27500 -39.01760
-40.19690 -38.95240
-40.31300 -39.01000
-40.32940 -38.98870
-40.27650 -38.93700
-40.23550 -38.98620
-40.14970 -38.90470
-40.37460 -38.90440
-40.14240 -39.25260
-40.08170 -39.23550
-40.04560 -39.18480
-39.89310 -39.18950
-40.20190 -39.22170
-40.18350 -39.29660
-40.12330 -39.26430
-40.15010 -39.29570
-40.39570 -39.33200
-40.37630 -39.34460
-40.32950 -39.34070
-40.14110 -39.28240
-40.15980 -39.28820
-40.31560 -39.29540
-40.09620 -39.35360
-40.16470 -39.39110
-39.96660 -39.29150
-40.17750 -39.29440
-40.16830 -39.24140
-40.23160 -39.21880
-40.07920 -39.24720
-39.95340 -39.26010
-39.91600 -39.08570
-40.14750 -39.21940
-39.93410 -39.21130
-39.80670 -39.18780
-39.77310 -39.15860
-39.98690 -39.05650
-39.75270 -39.01510
-39.44540 -38.84130
-39.27980 -38.71820
-39.03530 -38.62240
-39.32040 -38.58480
-39.44360 -38.60750
-39.32920 -38.61660
-39.37980 -38.69470
-39.17260 -38.58120
-39.10380 -38.55820
-39.25200 -38.52250
-39.23590 -38.46950
-39.11280 -38.45790
-39.09490 -38.38810
-39.37870 -38.35360
-39.28650 -38.29640
-39.65940 -38.90940
-39.56070 -38.92950
-39.58390 -38.91950
-39.64270 -38.94210
-39.56020 -38.90680
-39.39730 -38.88100
-38.99980 -38.66100
-38.99790 -38.58070
-39.04910 -38.60400
-39.19990 -38.70060
-39.21750 -38.78570
-39.22020 -38.82270
-39.13720 -38.79390
-39.03010 -38.59710
-39.02820 -38.56110
-39.23770 -38.62060
-39.15700 -38.63410
-39.20560 -38.60630
-39.14590 -38.63070
-39.16340 -38.72250
-39.19190 -38.68450
-38.91650 -38.55000
-38.72030 -38.48070
-38.64240 -38.42840
-38.76220 -38.49180
-38.79390 -38.45510
-38.76680 -38.45920
-38.77550 -38.49290
-38.88330 -38.48320
-38.86520 -38.45030
-38.89100 -38.48820
-38.97090 -38.50770
-38.89130 -38.49980
-38.93580 -38.49070
-38.86090 -38.47830
-38.98500 -38.48990
-38.87610 -38.47880
-38.92830 -38.49570
-38.87100 -38.52180
-39.13710 -38.52420
-39.22970 -38.55540
-39.14080 -38.52950
-38.97840 -38.54410
-39.08810 -38.56430
-39.16080 -38.56800
-35.35770 -35.08160
-35.37360 -35.10040
-35.39630 -35.09670
-35.38600 -35.09690
-35.48850 -35.09570
-35.67030 -35.14170
-35.75100 -35.15660
-35.76350 -35.19510
-35.67490 -35.21290
-35.63470 -35.20460
-35.61080 -35.20220
-35.49010 -35.21990
-35.60980 -35.22580
-35.66520 -35.23040
-35.73230 -35.22530
-35.76290 -35.28090
-35.71700 -35.29380
-35.67790 -35.29790
-36.00500 -35.35540
-35.93470 -35.37140
-35.76970 -35.38000
-35.67210 -35.34590
-35.51330 -35.34230
-35.53560 -35.25070
-35.40320 -35.22020
-35.53450 -35.21950
-35.57140 -35.20160
-35.43990 -35.19970
-35.33440 -35.17810
-35.36700 -35.16920
-35.28480 -35.14920
-35.30010 -35.10360
-35.61310 -35.17430
-35.62110 -35.19790
-35.53870 -35.19500
-35.43730 -35.17910
-35.35790 -35.15500
-35.43690 -35.15620
-35.28660 -35.14850
-35.34630 -35.15330
-35.48030 -35.17360
-35.41770 -35.14480
-35.32890 -35.15250
-35.23680 -35.10050
-35.22800 -35.06640
-35.22470 -35.06160
-35.23340 -35.06320
-35.33760 -35.11940
-35.32930 -35.08780
-35.68760 -35.23640
-35.45140 -35.12540
-35.44600 -35.12070
-35.44990 -35.08750
-35.52130 -35.11770
-35.52560 -35.10540
-35.43080 -35.09080
-35.44320 -35.04430
-35.48300 -34.97570
-35.51000 -34.92750
-35.43390 -34.93690
-35.51000 -34.95130
-35.43150 -34.91700
-35.40420 -34.90980
-35.36790 -34.87400
-35.38020 -34.83860
-35.48120 -34.84980
-35.58730 -34.87930
-35.56970 -34.92770
-35.61770 -34.90850
-35.51100 -34.90070
-35.49390 -34.93820
-35.64720 -34.96980
-35.73890 -34.97970
-35.82040 -35.06880
-35.89940 -35.04810
-35.80610 -35.04050
-35.72960 -35.03340
-35.68250 -35.01520
-35.47730 -34.96750
-35.44300 -34.75680
-35.73480 -34.76710
-35.68840 -34.78680
-35.68550 -34.84920
-35.90990 -35.01780
-35.80080 -35.08410
-35.82390 -35.10850
-35.94250 -35.09260
-35.94010 -35.17410
-35.84510 -35.18180
-35.95350 -35.20730
-35.89980 -35.17150
-35.99180 -35.18370
-35.97270 -35.18870
-35.99710 -35.20670
-36.13420 -35.23590
-36.07150 -35.21700
-36.07680 -35.24280
-36.00330 -35.25900
-36.03330 -35.26450
-36.00730 -35.30510
-36.02470 -35.27910
-36.10550 -35.29840
-35.98630 -35.56360
-35.97290 -35.57990
-35.88880 -35.48860
-35.73950 -35.45820
-35.81290 -35.45610
-35.87310 -35.43560
-35.83650 -35.42880
-35.96610 -35.44490
-36.11380 -35.47810
-36.24810 -35.51910
-36.25820 -35.55210
-36.30400 -35.54640
-36.20040 -35.56620
-36.21030 -35.59470
-36.15500 -35.60090
-36.23040 -35.56290
-36.09040 -35.56160
-36.35610 -35.59160
-36.44870 -35.60160
-36.52830 -35.60530
-36.62550 -35.59950
-36.66330 -35.60220
-36.69770 -35.84020
-36.68330 -35.86580
-36.76840 -35.87440
-36.82690 -35.87540
-36.82190 -35.87370
-36.88810 -35.88800
-36.85090 -35.95550
-36.89230 -35.94930
-36.83950 -35.94640
-36.77680 -35.94600
-36.67370 -35.86680
-36.59440 -35.86100
-36.61010 -35.82210
-36.68430 -35.80720
-36.59610 -35.81930
-37.03250 -35.83950
-36.87660 -35.98210
-37.02280 -35.96910
-37.08480 -35.96290
-37.01520 -35.95650
-37.00380 -35.96280
-37.00170 -35.96070
-37.01670 -35.96000
-37.15790 -35.97540
-37.08050 -35.98030
-37.05510 -35.98710
-37.08160 -35.98100
-37.05130 -35.98280
-37.05310 -35.98360
-37.11670 -35.98250
-36.62920 -35.84370
-36.54780 -35.61520
-36.58770 -35.60110
-36.68690 -35.65880
-36.63170 -35.65200
-36.59310 -35.67040
-36.59290 -35.65310
-36.53020 -35.65300
-36.63010 -35.69330
-36.64960 -35.69130
-36.75960 -35.73670
-36.76940 -35.75160
-36.75090 -35.75590
-36.77670 -35.74660
-36.66030 -35.72350
-36.61780 -35.71340
-36.50800 -35.77490
-36.60620 -35.74780
-36.63320 -35.76390
-36.66470 -35.71180
-36.75670 -35.69280
-36.84770 -35.90430
-36.74090 -35.92070
-36.80530 -35.91900
-36.81700 -35.94580
-36.76880 -35.89400
-36.76220 -35.93100
-36.68190 -35.82160
-36.64520 -35.75170
-36.62060 -35.70550
-36.66690 -35.72340
-36.49970 -35.57340
-36.42920 -35.51230
-36.43360 -35.53210
-36.14550 -35.38650
-36.13470 -35.34930
-36.28480 -35.36390
-36.29210 -35.31740
-36.19720 -35.31870
-36.12620 -35.30100
-36.11140 -35.32450
-36.22030 -35.39450
-36.18860 -35.43100
-36.28980 -35.49440
-36.41970 -35.50420
-36.28200 -35.54660
-36.20000 -35.53530
-36.31560 -35.58170
-36.32130 -35.60090
-36.48770 -35.67190
-36.55440 -35.61570
-36.57820 -35.63670
-36.59850 -35.60520
-36.69470 -35.70440
-36.73690 -35.72770
-36.75000 -35.72790
-36.65840 -35.71770
-36.69920 -35.76540
-36.60780 -35.73460
-36.71990 -35.77130
-36.69320 -35.76300
-36.68410 -35.75610
-36.79510 -35.80710
-36.80470 -35.80010
-36.61800 -35.73730
-36.66190 -35.75280
-36.57360 -35.69890
-36.62210 -35.70280
-36.59770 -35.65480
-36.57970 -35.65900
-36.54380 -35.64050
-36.46320 -35.61900
-36.25610 -35.57130
-36.11320 -35.42830
-36.14750 -35.43520
-36.08300 -35.42100
-36.05610 -35.40910
-36.08220 -35.42480
-36.12240 -35.43350
-36.03600 -35.39050
-36.03770 -35.37740
-36.14870 -35.29440
-36.25230 -35.35060
-36.25280 -35.40210
-36.24070 -35.41040
-36.24480 -35.39940
-36.26890 -35.41410
-36.08160 -35.38220
-36.03790 -35.23870
-36.03700 -35.23950
-36.08100 -35.26620
-35.96470 -35.27210
-36.02210 -35.28750
-35.98090 -35.28980
-36.09070 -35.30230
-36.25690 -35.38870
-36.35680 -35.43250
-36.53700 -35.46830
-36.50930 -35.45730
-36.55620 -35.46130
-36.62470 -35.51230
-36.63390 -35.53200
-37.79510 -35.74510
-37.71850 -36.44050
-37.69360 -36.41620
-37.80440 -36.40360
-37.78780 -36.39860
-37.76530 -36.41870
-37.73070 -36.41820
-37.71270 -36.40850
-37.60820 -36.39780
-37.57240 -36.40040
-37.44290 -36.35810
-37.54770 -36.36400
-37.50770 -36.33700
-37.24750 -36.23510
-37.22990 -36.19910
-37.21530 -36.15550
-37.20480 -36.15790
-37.26450 -36.15240
-37.43800 -36.15980
-37.40300 -36.15010
-37.32850 -36.22560
-37.51510 -36.24180
-37.47290 -36.23930
-37.46950 -36.24590
-37.34660 -36.24580
-37.27210 -36.23870
-37.39100 -36.23490
-37.22900 -36.21200
-37.18910 -36.17300
-37.21100 -36.15640
-37.22780 -36.17630
-37.28100 -36.15590
-37.40710 -36.15920
-37.33650 -36.25520
-37.35150 -36.25200
-37.41980 -36.27120
-37.48170 -36.27310
-37.29690 -36.24220
-37.47160 -36.23770
-37.33590 -36.21680
-37.32850 -36.20090
-37.28230 -36.19520
-37.00470 -36.07750
-36.69840 -35.93790
-36.67690 -35.92180
-36.73120 -35.83350
-36.74900 -35.79630
-36.62940 -35.78680
-36.68450 -35.80930
-36.71340 -35.81910
-36.69130 -35.80730
-36.79680 -35.76680
-36.74970 -35.86010
-36.85290 -35.85620
-36.82380 -35.84980
-36.77170 -35.82350
-35.57620 -34.59470
-35.62740 -34.49390
-35.47780 -34.51780
-35.61430 -34.53510
-35.74260 -34.58350
-35.67260 -34.57720
-35.26030 -34.39820
-35.17800 -34.34530
-34.86060 -34.21720
-34.74200 -33.94700
-34.70660 -33.74030
-34.71270 -33.80330
-34.92190 -33.69040
-34.66310 -33.64360
-34.44880 -33.60590
-34.58920 -33.55590
-34.62460 -33.63640
-34.55820 -33.58180
-34.66300 -33.51010
-34.62920 -33.55610
-34.68120 -33.54520
-34.58020 -33.54100
-34.39790 -33.47390
-34.52580 -33.44110
-34.61160 -33.44600
-34.69730 -33.47800
-34.61700 -33.41860
-34.64690 -33.46320
-34.63870 -33.54300
-34.46720 -33.50650
-34.45060 -33.47210
-34.38530 -33.44640
-34.44430 -33.44180
-34.38000 -33.34710
-34.27810 -33.14600
-34.34790 -33.07300
-34.38210 -33.10680
-34.59600 -33.17010
-34.45530 -33.07960
-34.33910 -33.03970
-34.24790 -33.03970
-34.37620 -33.03660
-34.40640 -33.07460
-34.38470 -33.02460
-34.35690 -33.07450
-34.28240 -33.00470
-34.27610 -32.99780
-34.25890 -32.99950
-34.58220 -33.78160
-34.57740 -33.80910
-34.50760 -33.83820
-34.38250 -33.79830
-34.48790 -33.75490
-34.61210 -33.78110
-34.55100 -33.77690
-34.50600 -33.75890
-34.64340 -33.79680
-34.64360 -33.83460
-34.47310 -33.77560
-34.55410 -33.76690
-34.57870 -33.72420
-34.56760 -33.71760
-34.62550 -33.75090
-34.50420 -33.69840
-34.71630 -33.80670
-34.71530 -33.74780
-34.76580 -33.73690
-34.75880 -33.74900
-34.76230 -33.86130
-34.76630 -33.82750
-34.66890 -33.77310
-34.65710 -33.73890
-34.53150 -33.72830
-34.38090 -33.58510
-34.41400 -33.66350
-34.46020 -33.68840
-34.38620 -33.65300
-34.37500 -33.66430
-34.08910 -33.39680
-34.01500 -33.31180
-33.97640 -33.27240
-33.77940 -33.24770
-33.81470 -33.17810
-33.80610 -33.16400
-33.89400 -33.17550
-33.91830 -33.17180
-33.93190 -33.13870
-33.99660 -33.12280
-33.98410 -33.20520
-34.14300 -33.25040
-34.07680 -33.21130
-33.93030 -33.13180
-33.98090 -33.15170
-34.16030 -33.16880
-34.09990 -33.15190
-34.06990 -33.17700
-33.98750 -33.17060
-33.67520 -33.21140
-33.68030 -33.20240
-33.42920 -32.92060
-33.30050 -32.89570
-33.10080 -32.78070
-33.17690 -32.70090
-33.18360 -32.72670
-33.16600 -32.71230
-33.21690 -32.71250
-33.54460 -32.81520
-33.56380 -32.90730
-33.43930 -32.89390
-33.48520 -32.92400
-33.27970 -32.84650
-33.41320 -32.88210
-33.45070 -32.87090
-33.61560 -32.92790
-33.68390 -32.95920
-33.78200 -33.03240
-33.74970 -33.10600
-33.77890 -33.07130
-33.73390 -33.08870
-33.70750 -33.04610
-33.57380 -33.01600
-33.56080 -33.06220
-33.37810 -33.02380
-33.27330 -32.97930
-33.35910 -32.97930
-33.38270 -32.92250
-33.52160 -32.97910
-33.50600 -32.97640
-33.43680 -32.99690
-33.54450 -32.97880
-33.63930 -32.94860
-33.68610 -32.95850
-33.60630 -32.98500
-33.47100 -32.97590
-33.43930 -32.91630
-33.47680 -32.92210
-33.48180 -32.90730
-33.39100 -32.89920
-33.29810 -32.85250
-33.22960 -32.89900
-33.48620 -32.90940
-33.33230 -32.97220
-33.35350 -33.04560
-33.53220 -32.97490
-33.53010 -32.94270
-33.50350 -32.96320
-33.45770 -32.95820
-33.51570 -32.97500
-33.59450 -32.97040
-30.24130 -30.09830
-30.20050 -30.09300
-30.27020 -30.07260
-30.21520 -30.06580
-30.52570 -30.18580
-30.56500 -30.19480
-30.50090 -30.19730
-30.41310 -30.19260
-30.30570 -30.17400
-30.19190 -30.08130
-30.29970 -30.08220
-30.26790 -30.07830
-30.32900 -30.07720
-30.41140 -30.09770
-30.42900 -30.13460
-30.39720 -30.13370
-30.35360 -30.14570
-30.51250 -30.12810
-30.56840 -30.21440
-30.50730 -30.21640
-30.42110 -30.19840
-30.36970 -30.19310
-30.23830 -30.18200
-30.32670 -30.17610
-30.23940 -30.11620
-30.33230 -30.10830
-30.28190 -30.09590
-30.22910 -30.09750
-30.26370 -30.09790
-30.23320 -30.09370
-30.20000 -30.09120
-30.42660 -30.04490
-30.46170 -30.07410
-30.42070 -30.13080
-30.42200 -30.13440
-30.44590 -30.12320
-30.44680 -30.12360
-30.42890 -30.10980
-30.56950 -30.13720
-30.45220 -30.14100
-30.47930 -30.14350
-30.54850 -30.14880
-30.47240 -30.14830
-30.53250 -30.15890
-30.42520 -30.14980
-30.43380 -30.13960
-30.44940 -30.15960
-30.60360 -30.18540
-30.72950 -30.20600
-30.76600 -30.22850
-30.69790 -30.24990
-30.76720 -30.25690
-30.71400 -30.26260
-30.60950 -30.25020
-30.58310 -30.23070
-30.55580 -30.22360
-30.65570 -30.23940
-30.57490 -30.17900
-30.63520 -30.19160
-30.63450 -30.18210
-30.55050 -30.17640
-30.52290 -30.13450
-30.44200 -30.09740
-30.48200 -30.06860
-30.47230 -30.01940
-30.39180 -29.98530
-30.44250 -30.01930
-30.36750 -29.98420
-30.36480 -29.87890
-30.37300 -29.89240
-30.37550 -29.89040
-30.35570 -29.92100
-30.29950 -29.92190
-30.29230 -29.88100
-30.19880 -29.87670
-30.12270 -29.88810
-30.14890 -29.90680
-30.25170 -29.87160
-30.32010 -29.87410
-30.39430 -29.96110
-30.45150 -29.96490
-30.48900 -29.93340
-30.44060 -29.92930
-30.42460 -29.92620
-30.40230 -29.92550
-30.50270 -29.93000
-30.31880 -29.83970
-30.32570 -29.79340
-30.16100 -29.73390
-30.22070 -29.75280
-30.28980 -29.73230
-30.44070 -29.82720
-30.59450 -29.92500
-30.59640 -29.90080
-30.66970 -29.93760
-30.68280 -29.94420
-30.69690 -30.01190
-30.79710 -30.01810
-30.75510 -30.05770
-30.66260 -30.05800
-30.60600 -30.05770
-30.68020 -30.03020
-30.64150 -30.03020
-30.71710 -30.03730
-30.69810 -30.01500
-30.69250 -30.03700
-30.70390 -30.03570
-30.68800 -30.02690
-30.90060 -30.17180
-30.73190 -30.26190
-30.73180 -30.28090
-30.70100 -30.29000
-30.71860 -30.26870
-30.70520 -30.20910
-30.83690 -30.26360
-30.82900 -30.24330
-30.86240 -30.24980
-30.91840 -30.24220
-30.93520 -30.23790
-31.01740 -30.24530
-30.91970 -30.21740
-30.94960 -30.36190
-30.87840 -30.36310
-30.88200 -30.38020
-30.87020 -30.40220
-31.00180 -30.38090
-31.08790 -30.33250
-31.15820 -30.36150
-31.27290 -30.42920
-31.27290 -30.39860
-31.24960 -30.43040
-31.33040 -30.42720
-31.26890 -30.46110
-31.32570 -30.50120
-31.37750 -30.53500
-31.36480 -30.57100
-31.38810 -30.61010
-31.28680 -30.54120
-31.35290 -30.52000
-31.39710 -30.53550
-31.33410 -30.53020
-31.20170 -30.52930
-31.26430 -30.57240
-31.18160 -30.53840
-31.10740 -30.53920
-31.15350 -30.49620
-31.33660 -30.54660
-31.27930 -30.59780
-31.29850 -30.55250
-31.32170 -30.52010
-31.32700 -30.50340
-31.38180 -30.57100
-31.38830 -30.52150
-31.39490 -30.56900
-31.46770 -30.53400
-31.06610 -30.45190
-31.07890 -30.28170
-31.19870 -30.23760
-31.14850 -30.22730
-31.16400 -30.21800
-31.16650 -30.24350
-31.10680 -30.31090
-31.03920 -30.29700
-31.00170 -30.29140
-30.96240 -30.26800
-30.98210 -30.27050
-31.07990 -30.28080
-31.17060 -30.35540
-31.03190 -30.31970
-31.19370 -30.39870
-31.14090 -30.38760
-31.16020 -30.40360
-31.21530 -30.43020
-31.23510 -30.47520
-31.20780 -30.49380
-31.19480 -30.52660
-31.04220 -30.42300
-31.09090 -30.31400
-31.00490 -30.27550
-30.92660 -30.21000
-30.95220 -30.21760
-30.89660 -30.18750
-30.82280 -30.15700
-30.80120 -30.13880
-30.74430 -30.12010
-30.77030 -30.11250
-30.86900 -30.18440
-30.72180 -30.08890
-30.63970 -30.04490
-30.67070 -30.07090
-30.68440 -30.10580
-30.95960 -30.25660
-30.97350 -30.27630
-30.96080 -30.28530
-30.89730 -30.25550
-30.85080 -30.24510
-30.86610 -30.27870
-30.79640 -30.28460
-30.85960 -30.26290
-30.90130 -30.27420
-30.98020 -30.29330
-31.15180 -30.33100
-31.08490 -30.37340
-31.12410 -30.37150
-30.89700 -30.25080
-30.95670 -30.26360
-31.10260 -30.26000
-31.14160 -30.26300
-31.18610 -30.27940
-31.32900 -30.44050
-31.25050 -30.42430
-31.28650 -30.43150
-31.21880 -30.39410
-31.30080 -30.39100
-31.33370 -30.41930
-31.30630 -30.37970
-31.29800 -30.38210
-31.28670 -30.36890
-31.37400 -30.40710
-31.37600 -30.39180
-31.21930 -30.34650
-31.17990 -30.24460
-31.19920 -30.26470
-31.21430 -30.26710
-31.20890 -30.34610
-31.13340 -30.31900
-30.97060 -30.26810
-30.88490 -30.15820
-30.83200 -30.13020
-30.79090 -30.10260
-30.84770 -30.11310
-30.81060 -30.03840
-30.83830 -30.03140
-30.85750 -30.00900
-30.95970 -30.13310
-30.98580 -30.16980
-30.94710 -30.17580
-30.90850 -30.19680
-30.82510 -30.16660
-30.75260 -30.15040
-30.83530 -30.20840
-30.74130 -30.19890
-30.71890 -30.19740
-30.81330 -30.21030
-30.86610 -30.18400
-30.77330 -30.11850
-30.56670 -30.00840
-30.51200 -29.98490
-30.51940 -29.99030
-30.58130 -29.98180
-30.75710 -30.03000
-31.04810 -30.15090
-31.03220 -30.25520
-31.12970 -30.24950
-31.07310 -30.39890
-31.05750 -30.40390
-31.07850 -30.15230
-31.24460 -30.17650
-31.20530 -30.14660
-31.13270 -30.16050
-31.06330 -30.15960
-30.95810 -30.13860
-31.00000 -30.12260
-31.02220 -30.16790
-31.09140 -30.16020
-31.07990 -30.14680
-31.19470 -30.17120
-31.13550 -30.19550
-31.32020 -30.22740
-31.15780 -30.21600
-30.96320 -30.19470
-30.99650 -30.13170
-30.97450 -30.08080
-30.92040 -30.11580
-31.00710 -30.12010
-30.99400 -30.16250
-30.97040 -30.19850
-30.79780 -30.17080
-30.89590 -30.14530
-31.01280 -30.15550
-30.96830 -30.11050
-30.88630 -30.09880
-30.81190 -30.07860
-30.86370 -30.07640
-30.88250 -30.06750
-30.91390 -30.08230
-31.04120 -30.16920
-31.09400 -30.18050
-31.22120 -30.21750
-31.29410 -30.20990
-31.05270 -30.24420
-31.17120 -30.26360
-31.15370 -30.25060
-31.23750 -30.28980
-31.10550 -30.25750
-31.17420 -30.26610
-31.16500 -30.28680
-31.21550 -30.26170
-31.07160 -30.22440
-30.54870 -29.95000
-30.38210 -29.86850
-30.52990 -29.84370
-30.48240 -29.80890
-30.60770 -29.83620
-30.56920 -29.81580
-30.31660 -29.76310
-30.28320 -29.75680
-30.37030 -29.78970
-30.44620 -29.79850
-30.48900 -29.80980
-30.52580 -29.79550
-30.46520 -29.76610
-31.54610 -29.92330
-31.59370 -29.95900
-31.59060 -29.94570
-31.63320 -29.96900
-31.67600 -30.62980
-31.59300 -30.60660
-31.62340 -30.56950
-31.38890 -30.37740
-31.47960 -30.34450
-31.40320 -30.35420
-31.34770 -30.32360
-31.37950 -30.26510
-31.35050 -30.19290
-31.36920 -30.21160
-31.21690 -30.16340
-31.27220 -30.18270
-31.15120 -30.12780
-31.24350 -30.15290
-31.26440 -30.17000
-31.25450 -30.16030
-31.29250 -30.16060
-31.33700 -30.14590
-31.32650 -30.18860
-31.38420 -30.19770
-31.44460 -30.34620
-31.41120 -30.34350
-31.36560 -30.31700
-31.38340 -30.30670
-31.32390 -30.22950
-31.15980 -30.11780
-31.03270 -30.06220
-31.05070 -30.02150
-31.06940 -29.91930
-31.17090 -29.94760
-31.26900 -29.97450
-31.16380 -29.94950
-31.17980 -29.96260
-31.19420 -29.93430
-31.18330 -29.95420
-31.14490 -29.94920
-31.07050 -29.90360
-31.22130 -29.91440
-31.19310 -29.86950
-30.40810 -30.07420
-30.27290 -29.81720
-30.43260 -29.83830
-30.50980 -29.85800
-30.50800 -29.89250
-30.47450 -29.88730
-30.45670 -29.89000
-30.47980 -29.89160
-30.59030 -29.88480
-30.45770 -29.85930
-30.43130 -29.82830
-30.45150 -29.85550
-30.47410 -29.80790
-30.47020 -29.80640
-30.36750 -29.79080
-30.33340 -29.78910
-30.28300 -29.77520
-30.39640 -29.82570
-30.38360 -29.78860
-30.40270 -29.79140
-30.36650 -29.79080
-30.28400 -29.77860
-30.20640 -29.68260
-30.04810 -29.59510
-30.06100 -29.59740
-30.00760 -29.51280
-29.97430 -29.47650
-30.12470 -29.46500
-30.02830 -29.44260
-29.91700 -29.44360
-29.97140 -29.44600
-29.93700 -29.44260
-29.92560 -29.43780
-29.92680 -29.40340
-29.95840 -29.38200
-29.93310 -29.41110
-30.01480 -29.41500
-30.10780 -29.46290
-30.00910 -29.39630
-29.99350 -29.35120
-29.93020 -29.32750
-30.03940 -29.34640
-29.98550 -29.30140
-30.02510 -29.26070
-29.92930 -29.22860
-29.90070 -29.34970
-29.86290 -29.32760
-29.92290 -29.33230
-29.90750 -29.32490
-29.92250 -29.33370
-29.83540 -29.31170
-29.87300 -29.31600
-29.76610 -29.29960
-29.70840 -29.24600
-29.66600 -29.24480
-29.64310 -29.21640
-29.66550 -29.17370
-29.75230 -29.21910
-29.90840 -29.35890
-29.85290 -29.38650
-29.85290 -29.37970
-29.87950 -29.33740
-29.96890 -29.37690
-29.93170 -29.38340
-29.96200 -29.35630
-29.93080 -29.39360
-29.89650 -29.40110
-29.82110 -29.34000
-29.80620 -29.35280
-29.74230 -29.34850
-29.80910 -29.33850
-29.80880 -29.40380
-29.83370 -29.39590
-29.86950 -29.42060
-29.95500 -29.46000
-29.88140 -29.47130
-29.88290 -29.45140
-29.94990 -29.43820
-30.02040 -29.45020
-29.97770 -29.45690
-29.98050 -29.42730
-29.93140 -29.46910
-29.94620 -29.45570
-29.98420 -29.46360
-29.93620 -29.45920
-29.90070 -29.44050
-29.91290 -29.45980
-29.85000 -29.44110
-29.91150 -29.48340
-29.93090 -29.49310
-29.94630 -29.48470
-29.90860 -29.43880
-29.93600 -29.41030
-30.02500 -29.48080
-30.06600 -29.46610
-30.05440 -29.47290
-30.09320 -29.51310
-26.06460 -25.74770
-26.05000 -25.84700
-26.16690 -25.85250
-26.29640 -25.87970
-26.27780 -25.93010
-26.12990 -25.92570
-26.05550 -25.91390
-26.06360 -25.88750
-25.94270 -25.83670
-26.03440 -25.84120
-26.02220 -25.82580
-26.03590 -25.83450
-26.00330 -25.83380
-26.11580 -25.83660
-26.15030 -25.84510
-26.06180 -25.85650
-26.09930 -25.86030
-26.08980 -25.84720
-26.19750 -25.84410
-26.20130 -25.83870
-26.10290 -25.90520
-26.04210 -25.87760
-25.88590 -25.84100
-25.96740 -25.84010
-25.96970 -25.82420
-25.85220 -25.77170
-25.85660 -25.75920
-25.83560 -25.76060
-25.86740 -25.75230
-25.86410 -25.74990
-26.05320 -25.78040
-26.08710 -25.78980
-26.06230 -25.82600
-25.98720 -25.83800
-25.99430 -25.83200
-25.98730 -25.83200
-25.96490 -25.83400
-25.90890 -25.82850
-25.97530 -25.80970
-26.02860 -25.84210
-26.06820 -25.85290
-26.00610 -25.85800
-26.06660 -25.85220
-26.11790 -25.85030
-26.10260 -25.85860
-26.10980 -25.85370
-26.02750 -25.82090
-26.00600 -25.82150
-26.46390 -25.90900
-26.40350 -25.93810
-26.43220 -25.94550
-26.19770 -25.85720
-26.10880 -25.83720
-26.05190 -25.74530
-26.06670 -25.69980
-25.94040 -25.66680
-25.89920 -25.60780
-25.93680 -25.59710
-26.01050 -25.60530
-26.01840 -25.61730
-26.09130 -25.61400
-26.06460 -25.63850
-26.04790 -25.64120
-25.91530 -25.63530
-25.88730 -25.63350
-25.91110 -25.65210
-26.14620 -25.68280
-26.15050 -25.73060
-26.18780 -25.73780
-26.12040 -25.71560
-26.19980 -25.71320
-26.12090 -25.69660
-26.05650 -25.57490
-26.04400 -25.50170
-26.16120 -25.56180
-26.28440 -25.65320
-26.35510 -25.68400
-26.36160 -25.69710
-26.28650 -25.72530
-26.25550 -25.71420
-26.26220 -25.69380
-26.27610 -25.72170
-26.30810 -25.80040
-26.30430 -25.82090
-26.25310 -25.77500
-26.23870 -25.75400
-26.21370 -25.74830
-26.22940 -25.75540
-26.22550 -25.72280
-26.23140 -25.73280
-26.22860 -25.72120
-26.42070 -25.76890
-26.39680 -25.79730
-26.38240 -25.95860
-26.27140 -26.01780
-26.27430 -26.01510
-26.23650 -25.97970
-26.33290 -25.93480
-26.34890 -25.92240
-26.41090 -25.93190
-26.32840 -25.90970
-26.34890 -25.91870
-26.26200 -25.90640
-26.26290 -25.88290
-26.22250 -25.87090
-26.19450 -25.85070
-26.18520 -25.85610
-26.15200 -25.86610
-26.24740 -25.85750
-26.19860 -25.81500
-26.12880 -25.79220
-26.49040 -25.89730
-26.48390 -25.96210
-26.38380 -25.91720
-26.45070 -25.93020
-26.52910 -25.96230
-26.48170 -25.96190
-26.54150 -25.97960
-26.55590 -25.98100
-26.51330 -26.00410
-26.56010 -26.01950
-26.53700 -26.03160
-26.64260 -26.06710
-26.64830 -26.08020
-26.64420 -26.13220
-26.67680 -26.11050
-26.69430 -26.09700
-26.74280 -26.10520
-26.67600 -26.14760
-26.72410 -26.12770
-26.68750 -26.20450
-26.61040 -26.21690
-26.48330 -26.15230
-26.45940 -26.10700
-26.58630 -26.11510
-26.63620 -26.12980
-26.64050 -26.11860
-26.65700 -26.07550
-26.69150 -26.11720
-27.21490 -26.24510
-27.21710 -26.23040
-27.13530 -26.43710
-27.26580 -26.52790
-27.07560 -26.51470
-27.05420 -26.49260
-27.08000 -26.49660
-26.96320 -26.45110
-26.91540 -26.45660
-26.95530 -26.45510
-26.89200 -26.43380
-26.89920 -26.40440
-26.78890 -26.38210
-26.88360 -26.40610
-26.85200 -26.37240
-26.87480 -26.36180
-26.88480 -26.36970
-26.83950 -26.36880
-26.87550 -26.37120
-26.74300 -26.34680
-26.72070 -26.33940
-26.71390 -26.32890
-26.76460 -26.32080
-26.71160 -26.31100
-26.71770 -26.31170
-26.67500 -26.27750
-26.58910 -26.27140
-26.47090 -26.14370
-26.55720 -26.18120
-26.45390 -26.15100
-26.46760 -26.15290
-26.55060 -26.15960
-26.52340 -26.15760
-26.58570 -26.15370
-26.68910 -26.15700
-26.70470 -26.15610
-26.68390 -26.20230
-26.65870 -26.24480
-26.68600 -26.25420
-26.74100 -26.30440
-26.74630 -26.32110
-26.90930 -26.31950
-26.70110 -26.31570
-26.68700 -26.31360
-26.72270 -26.25440
-26.76850 -26.25120
-26.77300 -26.25790
-26.96440 -26.37540
-26.91520 -26.38870
-26.86420 -26.38150
-26.96800 -26.39160
-26.90590 -26.37960
-27.00380 -26.39540
-26.99340 -26.39350
-26.99060 -26.42650
-27.04220 -26.43740
-27.04510 -26.41860
-26.88990 -26.33080
-26.89120 -26.35780
-26.97820 -26.39320
-26.99690 -26.38500
-27.04970 -26.38680
-27.03070 -26.39910
-27.11150 -26.41340
-27.05810 -26.41230
-26.90850 -26.36830
-26.92270 -26.36970
-26.79960 -26.35540
-26.79970 -26.33310
-26.83840 -26.33480
-26.82430 -26.27050
-26.85420 -26.32230
-26.87340 -26.33610
-27.00710 -26.39640
-27.04740 -26.39600
-27.02990 -26.39840
-27.08830 -26.41430
-26.96950 -26.42360
-27.01380 -26.43370
-26.99670 -26.43570
-26.91030 -26.42510
-26.92510 -26.42410
-26.95570 -26.42420
-26.93160 -26.42450
-27.06890 -26.38180
-27.18350 -26.38780
-27.28410 -26.44990
-27.28470 -26.47270
-27.22540 -26.51910
-27.21940 -26.54680
-27.31320 -26.52950
-27.32070 -26.55400
-27.27840 -26.55920
-27.25130 -26.56230
-27.26120 -26.53780
-27.25430 -26.56240
-27.26910 -26.56620
-27.18250 -26.55800
-27.18510 -26.54630
-27.20140 -26.53280
-27.27640 -26.51790
-27.26770 -26.51190
-27.29600 -26.50570
-27.20920 -26.49760
-27.25430 -26.50300
-27.16660 -26.49160
-27.06990 -26.42400
-27.07410 -26.41610
-27.05850 -26.40550
-27.02980 -26.41640
-27.16150 -26.44740
-27.13910 -26.44460
-27.22360 -26.44900
-27.18100 -26.44700
-27.18180 -26.45770
-27.23790 -26.46070
-27.30130 -26.46520
-27.27720 -26.52720
-27.20430 -26.53960
-27.24110 -26.53550
-27.22070 -26.53410
-27.26940 -26.55490
-27.34690 -26.56190
-27.29930 -26.58650
-27.26420 -26.59700
-27.21560 -26.54280
-27.15470 -26.53600
-27.20300 -26.54190
-27.20330 -26.54160
-27.27090 -26.53980
-27.26970 -26.53440
-27.27870 -26.53200
-27.12060 -26.52930
-27.17730 -26.53190
-27.13290 -26.53110
-27.01700 -26.53080
-26.92750 -26.52350
-26.91090 -26.52240
-26.97350 -26.49070
-26.86540 -26.43010
-26.96240 -26.41450
-26.95270 -26.41840
-26.90480 -26.32680
-26.90330 -26.32910
-26.97800 -26.39000
-26.90440 -26.39410
-26.87550 -26.39860
-26.89520 -26.20530
-26.94740 -26.21910
-26.92450 -26.19940
-26.98350 -26.25940
-26.87130 -26.19070
-26.72490 -26.13350
-26.75390 -26.14280
-26.67290 -26.06350
-26.69130 -25.93370
-26.79710 -25.96220
-26.84580 -25.95010
-26.85050 -25.94770
-26.74130 -25.93050
-26.68320 -25.96290
-26.61230 -25.95520
-26.50390 -25.91600
-26.55010 -25.87330
-26.61430 -25.85910
-26.52270 -25.83970
-26.49150 -25.81150
-26.38500 -25.75790
-26.41660 -25.74450
-26.44140 -25.74810
-26.37770 -25.71790
-26.36620 -25.70620
-26.32450 -25.69050
-26.42760 -25.69380
-26.38210 -25.67050
-26.28480 -25.65180
-26.33520 -25.66490
-26.44740 -25.66970
-26.50590 -25.68500
-26.52540 -25.67800
-26.54670 -25.81480
-26.40620 -25.74830
-26.32570 -25.61580
-26.27090 -25.56830
-26.25830 -25.50660
-26.32760 -25.50360
-26.31980 -25.48940
-26.42650 -25.54010
-26.35910 -25.49530
-26.16700 -25.37780
-26.15980 -25.39820
-26.08990 -25.37770
-26.02980 -25.34760
-26.03740 -25.33990
-26.03160 -25.30600
-26.77780 -25.83390
-26.74220 -25.83840
-26.78000 -25.85250
-26.72380 -25.84670
-26.70560 -25.84860
-26.61820 -25.84170
-26.68930 -25.87250
-26.78290 -25.98430
-26.84460 -26.11990
-26.82050 -26.22090
-26.80440 -26.22710
-26.73670 -26.19270
-26.75740 -26.22650
-26.73950 -26.21280
-26.69710 -26.21920
-26.73040 -26.21370
-26.67490 -26.19570
-26.58000 -26.10280
-26.61060 -26.12150
-26.57330 -26.08480
-26.58780 -26.03980
-26.58110 -26.04380
-26.59380 -26.01070
-26.58160 -26.01100
-26.55440 -25.99960
-26.52470 -25.99690
-26.51670 -25.94350
-26.59100 -25.94970
-26.57460 -25.95050
-26.41990 -25.88270
-26.41250 -25.86490
-26.40720 -25.81700
-26.48470 -25.88540
-26.53050 -25.90350
-26.44240 -25.87930
-26.45060 -25.88630
-26.43000 -25.85780
-26.34530 -25.84210
-26.30710 -25.84470
-26.22090 -25.80210
-26.23710 -25.81520
-26.23360 -25.74950
-26.13170 -25.67560
-26.16510 -25.66160
-25.98320 -25.61060
-25.96590 -25.59710
-26.06890 -25.59390
-26.11930 -25.57590
-26.04660 -25.53070
-26.11260 -25.51010
-26.12220 -25.51420
-26.13500 -25.52860
-26.08110 -25.49140
-26.16380 -25.54280
-26.10000 -25.51200
-26.05830 -25.46830
-26.04830 -25.34710
-25.97250 -25.31630
-25.98410 -25.34070
-25.93000 -25.50470
-25.87030 -25.41880
-25.88220 -25.43410
-25.95200 -25.44040
-25.83590 -25.38220
-25.79040 -25.36170
-25.77120 -25.36850
-25.83950 -25.40520
-25.84450 -25.40550
-25.97420 -25.46530
-25.96380 -25.47830
-25.98290 -25.48390
-25.97580 -25.47600
-26.02310 -25.47300
-25.84190 -25.44420
-25.87690 -25.47060
-25.96030 -25.55740
-25.93410 -25.52430
-25.99440 -25.54810
-26.00010 -25.55790
-25.99240 -25.54080
-25.93520 -25.52760
-25.89460 -25.50330
-25.84500 -25.46550
-25.84040 -25.43690
-25.87070 -25.43170
-25.89000 -25.41780
-25.90630 -25.43120
-25.90560 -25.43760
-25.98630 -25.43740
-25.95510 -25.43310
-25.95250 -25.41900
-25.96510 -25.41480
-26.01750 -25.42300
-26.00650 -25.45860
-26.02510 -25.46170
-25.97090 -25.45950
-25.99500 -25.46910
-25.98640 -25.47230
-25.87580 -25.43750
-25.91220 -25.43470
-25.94290 -25.45880
-26.00250 -25.46530
-25.99240 -25.45790
-26.05560 -25.45180
-26.01890 -25.43930
-25.92950 -25.39290
-26.07480 -25.47050
-26.08550 -25.45390
-26.12090 -25.46220
