0.60759 0.77273 0.23188 0.08000 1.00000 0.00000
0.60759 0.68182 0.20290 0.04000 1.00000 0.00000
0.54430 0.68182 0.15942 0.04000 1.00000 0.00000
0.73418 0.90909 0.17391 0.08000 1.00000 0.00000
0.72152 1.00000 0.21739 0.16000 1.00000 0.00000
0.68354 0.88636 0.18841 0.16000 1.00000 0.00000
0.64557 0.79545 0.20290 0.12000 1.00000 0.00000
0.72152 0.86364 0.24638 0.12000 1.00000 0.00000
0.93671 0.63636 0.88406 0.76000 0.00000 0.00000
1.00000 0.86364 0.92754 0.80000 0.00000 0.00000
0.81013 0.63636 0.81159 0.88000 0.00000 0.00000
0.79747 0.63636 0.73913 0.60000 0.00000 0.00000
0.77215 0.59091 0.81159 0.56000 0.00000 0.00000
0.97468 0.68182 0.88406 0.92000 0.00000 0.00000
0.79747 0.77273 0.81159 0.96000 0.00000 0.00000
0.81013 0.70455 0.79710 0.72000 0.00000 0.00000
0.75949 0.68182 0.69565 0.72000 0.00000 0.00000
0.87342 0.70455 0.78261 0.84000 0.00000 0.00000
0.84810 0.70455 0.81159 0.96000 0.00000 0.00000
0.64557 0.86364 0.21739 0.12000 1.00000 0.00000
0.68354 0.77273 0.24638 0.08000 1.00000 0.00000
0.64557 0.84091 0.21739 0.16000 1.00000 0.00000
0.58228 0.81818 0.14493 0.08000 1.00000 0.00000
0.64557 0.75000 0.24638 0.20000 1.00000 0.00000
0.60759 0.77273 0.27536 0.08000 1.00000 0.00000
0.63291 0.68182 0.23188 0.08000 1.00000 0.00000
0.63291 0.77273 0.23188 0.16000 1.00000 0.00000
0.65823 0.79545 0.21739 0.08000 1.00000 0.00000
0.70886 0.68182 0.59420 0.52000 1.00000 1.00000
0.69620 0.56818 0.57971 0.52000 1.00000 1.00000
0.69620 0.59091 0.63768 0.48000 1.00000 1.00000
0.77215 0.68182 0.66667 0.56000 1.00000 1.00000
0.73418 0.59091 0.57971 0.48000 1.00000 1.00000
0.63291 0.52273 0.47826 0.40000 1.00000 1.00000
0.70886 0.61364 0.60870 0.52000 1.00000 1.00000
0.72152 0.68182 0.60870 0.48000 1.00000 1.00000
0.72152 0.65909 0.60870 0.52000 1.00000 1.00000
0.78481 0.65909 0.62319 0.52000 1.00000 1.00000
0.64557 0.56818 0.43478 0.44000 1.00000 1.00000
0.72152 0.63636 0.59420 0.52000 1.00000 1.00000
0.79747 0.75000 0.86957 1.00000 0.00000 0.00000
0.73418 0.61364 0.73913 0.76000 0.00000 0.00000
0.89873 0.68182 0.85507 0.84000 0.00000 0.00000
0.79747 0.65909 0.81159 0.72000 0.00000 0.00000
0.82278 0.68182 0.84058 0.88000 0.00000 0.00000
0.96203 0.68182 0.95652 0.84000 0.00000 0.00000
0.62025 0.56818 0.65217 0.68000 0.00000 0.00000
0.92405 0.65909 0.91304 0.72000 0.00000 0.00000
0.84810 0.56818 0.84058 0.72000 0.00000 0.00000
0.91139 0.81818 0.88406 1.00000 0.00000 0.00000
0.82278 0.72727 0.73913 0.80000 0.00000 0.00000
0.81013 0.61364 0.76812 0.76000 0.00000 0.00000
0.86076 0.68182 0.79710 0.84000 0.00000 0.00000
0.72152 0.56818 0.72464 0.80000 0.00000 0.00000
0.73418 0.63636 0.73913 0.96000 0.00000 0.00000
0.81013 0.72727 0.76812 0.92000 0.00000 0.00000
0.82278 0.68182 0.79710 0.72000 0.00000 0.00000
0.97468 0.86364 0.97101 0.88000 0.00000 0.00000
0.97468 0.59091 1.00000 0.92000 0.00000 0.00000
0.75949 0.50000 0.72464 0.60000 0.00000 0.00000
0.87342 0.72727 0.82609 0.92000 0.00000 0.00000
0.70886 0.63636 0.71014 0.80000 0.00000 0.00000
0.65823 0.77273 0.20290 0.08000 1.00000 0.00000
0.59494 0.72727 0.23188 0.08000 1.00000 0.00000
0.60759 0.70455 0.23188 0.08000 1.00000 0.00000
0.68354 0.77273 0.21739 0.16000 1.00000 0.00000
0.65823 0.93182 0.21739 0.04000 1.00000 0.00000
0.69620 0.95455 0.20290 0.08000 1.00000 0.00000
0.62025 0.70455 0.21739 0.04000 1.00000 0.00000
0.63291 0.72727 0.17391 0.08000 1.00000 0.00000
0.69620 0.79545 0.18841 0.08000 1.00000 0.00000
0.62025 0.70455 0.21739 0.04000 1.00000 0.00000
0.55696 0.68182 0.18841 0.08000 1.00000 0.00000
0.64557 0.77273 0.21739 0.08000 1.00000 0.00000
0.63291 0.79545 0.18841 0.12000 1.00000 0.00000
0.56962 0.52273 0.18841 0.12000 1.00000 0.00000
0.55696 0.72727 0.18841 0.08000 1.00000 0.00000
0.63291 0.79545 0.23188 0.24000 1.00000 0.00000
0.64557 0.86364 0.27536 0.16000 1.00000 0.00000
0.60759 0.68182 0.20290 0.12000 1.00000 0.00000
0.64557 0.86364 0.23188 0.08000 1.00000 0.00000
0.58228 0.72727 0.20290 0.08000 1.00000 0.00000
0.67089 0.84091 0.21739 0.08000 1.00000 0.00000
0.63291 0.75000 0.20290 0.08000 1.00000 0.00000
0.88608 0.72727 0.68116 0.56000 1.00000 0.00000
0.81013 0.72727 0.65217 0.60000 1.00000 1.00000
0.87342 0.70455 0.71014 0.60000 1.00000 1.00000
0.69620 0.52273 0.57971 0.52000 1.00000 1.00000
0.82278 0.63636 0.66667 0.60000 1.00000 1.00000
0.72152 0.63636 0.65217 0.52000 1.00000 1.00000
0.79747 0.75000 0.68116 0.64000 1.00000 1.00000
0.62025 0.54545 0.47826 0.40000 1.00000 1.00000
0.83544 0.65909 0.66667 0.52000 1.00000 1.00000
0.65823 0.61364 0.56522 0.56000 1.00000 1.00000
0.63291 0.45455 0.50725 0.40000 1.00000 1.00000
0.74684 0.68182 0.60870 0.60000 1.00000 1.00000
0.75949 0.50000 0.57971 0.40000 1.00000 1.00000
0.77215 0.65909 0.68116 0.56000 1.00000 1.00000
0.70886 0.65909 0.52174 0.52000 1.00000 1.00000
0.84810 0.70455 0.63768 0.56000 1.00000 1.00000
0.70886 0.68182 0.65217 0.60000 1.00000 1.00000
0.73418 0.61364 0.59420 0.40000 1.00000 1.00000
0.78481 0.50000 0.65217 0.60000 1.00000 1.00000
0.70886 0.56818 0.56522 0.44000 1.00000 1.00000
0.74684 0.72727 0.69565 0.72000 1.00000 1.00000
0.77215 0.63636 0.57971 0.52000 1.00000 1.00000
0.79747 0.56818 0.71014 0.60000 1.00000 1.00000
0.77215 0.63636 0.68116 0.48000 1.00000 1.00000
0.81013 0.65909 0.62319 0.52000 1.00000 1.00000
0.83544 0.68182 0.63768 0.56000 1.00000 1.00000
