0.0000 0.0000 0.0000
-246.8589 nan -246.8589
-246.4763 nan -246.4763
-246.2771 nan -246.2771
-246.1991 nan -246.1991
-246.3267 nan -246.3267
-246.8333 nan -246.8333
-247.1119 nan -247.1119
-246.7568 nan -246.7568
-247.1975 nan -247.1975
-247.4085 nan -247.4085
-247.2708 nan -247.2708
-247.3464 nan -247.3464
-246.9702 nan -246.9702
-247.4444 nan -247.4444
-246.6788 nan -246.6788
-247.2162 nan -247.2162
-246.7671 nan -246.7671
-246.7809 nan -246.7809
-246.1689 nan -246.1689
-246.5686 nan -246.5686
-246.1566 nan -246.1566
-246.2902 nan -246.2902
-245.9655 nan -245.9655
-245.7216 nan -245.7216
-245.4547 nan -245.4547
-245.8063 nan -245.8063
-245.6711 nan -245.6711
-245.7949 nan -245.7949
-246.0833 nan -246.0833
-245.7585 nan -245.7585
-245.9413 nan -245.9413
-246.9583 nan -246.9583
-246.1633 nan -246.1633
-246.2645 nan -246.2645
-245.4905 nan -245.4905
-245.5455 nan -245.5455
-245.3470 nan -245.3470
-246.3029 nan -246.3029
-244.8720 nan -244.8720
-244.7223 nan -244.7223
-244.6856 nan -244.6856
-245.1055 nan -245.1055
-244.9173 nan -244.9173
-245.4155 nan -245.4155
-244.7726 nan -244.7726
-244.7916 nan -244.7916
-244.6970 nan -244.6970
-244.8204 nan -244.8204
-245.0903 nan -245.0903
-245.4854 nan -245.4854
-245.6938 nan -245.6938
-245.4358 nan -245.4358
-246.0189 nan -246.0189
-245.2828 nan -245.2828
-245.9851 nan -245.9851
-246.3230 nan -246.3230
-245.7853 nan -245.7853
-245.6520 nan -245.6520
-245.7362 nan -245.7362
-246.2319 nan -246.2319
-245.9889 nan -245.9889
-246.4820 nan -246.4820
-246.2488 nan -246.2488
-246.0927 nan -246.0927
-246.3234 nan -246.3234
-246.2738 nan -246.2738
-246.8243 nan -246.8243
-246.6510 nan -246.6510
-246.0492 nan -246.0492
-246.0791 nan -246.0791
-246.1947 nan -246.1947
-245.9160 nan -245.9160
-245.9826 nan -245.9826
-245.9762 nan -245.9762
-245.6560 nan -245.6560
-245.4192 nan -245.4192
-245.2906 nan -245.2906
-246.1397 nan -246.1397
-245.9955 nan -245.9955
-245.9832 nan -245.9832
-246.0409 nan -246.0409
-245.6745 nan -245.6745
-246.2481 nan -246.2481
-245.9109 nan -245.9109
-246.5424 nan -246.5424
-246.1605 nan -246.1605
-245.8923 nan -245.8923
-245.8153 nan -245.8153
-245.9063 nan -245.9063
-246.6630 nan -246.6630
-246.4297 nan -246.4297
-246.1029 nan -246.1029
-245.7012 nan -245.7012
-245.7737 nan -245.7737
-245.8788 nan -245.8788
-246.1759 nan -246.1759
-246.1082 nan -246.1082
-246.2142 nan -246.2142
-246.5645 nan -246.5645
-246.3120 nan -246.3120
-246.1295 nan -246.1295
-245.1630 -245.8886 -246.3353
-245.2963 nan -245.2963
-245.3834 nan -245.3834
-245.0442 -245.7708 -245.6717
-244.9714 -245.6582 -245.4504
-244.8236 -245.5873 -245.5018
-244.8217 nan -244.8217
-244.5123 -245.4784 -245.2580
-244.7590 -245.3830 -245.1939
-245.1271 -245.5097 -245.0912
-245.0537 -245.5476 -245.1810
-245.5283 nan -245.5283
-245.4173 -245.9915 -245.2668
-245.8174 -246.2747 -245.3254
-246.2667 -246.2641 -245.3735
-246.0282 nan -246.0282
-245.6636 nan -245.6636
-245.9326 nan -245.9326
-246.4475 -246.6320 -245.8748
-246.4302 -246.3900 -245.8236
-245.4328 -246.1776 -245.8770
-245.2911 -246.1801 -245.8585
-245.1379 -245.9964 -245.8530
-244.9359 -246.1727 -245.8628
-244.9478 nan -244.9478
-244.8878 -245.8878 -245.5546
-245.2836 -245.9590 -245.4551
-244.8139 -245.8068 -245.3192
-245.2396 -245.8404 -245.4429
-244.4318 -245.8501 -245.4057
-244.8718 -245.7833 -245.3893
-245.2089 nan -245.2089
-244.7851 -245.4532 -245.3346
-244.3163 -245.1939 -245.3109
-244.4744 -245.1217 -245.2848
-244.2815 -245.1371 -245.3101
-243.9542 nan -243.9542
-243.9779 nan -243.9779
-244.0479 -244.3881 -244.4141
-243.8795 -244.4705 -244.1154
-243.7062 nan -243.7062
-243.9093 -244.4447 -244.0786
-243.7922 nan -243.7922
-244.0080 -244.1566 -243.8590
-243.8369 nan -243.8369
-243.7491 -244.0697 -243.8294
-243.6648 nan -243.6648
-244.2451 nan -244.2451
-244.3125 -244.0086 -243.9131
-242.8555 nan -242.8555
-243.4706 nan -243.4706
-243.1781 -243.3702 -243.4131
-243.1508 nan -243.1508
-243.4342 nan -243.4342
-243.7395 nan -243.7395
-243.3106 -243.2205 -243.4415
-243.3894 -243.1333 -243.5384
-243.3378 nan -243.3378
-244.0219 -243.0452 -243.4392
-244.0630 -242.9677 -243.4385
-244.5202 -243.1779 -243.4051
-244.4894 nan -244.4894
-244.3280 -243.3129 -243.7777
-244.0610 -243.2474 -243.8907
-244.3867 nan -244.3867
-243.9758 -243.0044 -244.0184
-243.8353 -243.4249 -244.0986
-243.4080 nan -243.4080
-243.0797 -242.3592 -243.8416
-242.9921 -242.9316 -243.7827
-243.8879 -243.1411 -243.6774
-244.3818 nan -244.3818
-244.2342 -243.7573 -243.9473
-243.9108 -244.2506 -244.0022
-244.5034 nan -244.5034
-243.9061 -243.9586 -244.1509
-243.6234 -243.8789 -244.2188
-243.3982 -243.9670 -244.2911
-243.7399 -243.9142 -244.2203
-244.2304 -243.9029 -244.2434
-243.9781 -243.9643 -244.2516
-243.8641 -243.9593 -244.2384
-243.7939 nan -243.7939
-243.6615 nan -243.6615
-243.3935 nan -243.3935
-243.8010 -243.7116 -243.6163
-244.3727 nan -244.3727
-244.1723 nan -244.1723
-244.5129 -244.0626 -244.0538
-244.5309 -244.1361 -244.1996
-243.9168 -244.1842 -244.1419
-243.9692 nan -243.9692
-243.9648 -244.1119 -244.1036
-244.1460 -244.1590 -244.0716
-244.6655 nan -244.6655
-244.9065 nan -244.9065
-245.0769 nan -245.0769
-245.5470 -244.1471 -244.8830
-246.2849 -244.1454 -244.9554
-245.4751 -243.9800 -244.9718
-247.3325 nan -247.3325
-247.5324 nan -247.5324
-247.8456 -245.0537 -246.6122
-247.7921 nan -247.7921
-248.1481 nan -248.1481
-247.8934 -245.5187 -247.5175
-247.3100 nan -247.3100
-248.2188 -245.8321 -247.6585
-248.3565 -245.3590 -247.4953
-247.5852 -245.0118 -247.4879
-247.1702 nan -247.1702
-247.9575 nan -247.9575
-247.5283 nan -247.5283
-248.0874 -245.2690 -247.5520
-247.9445 nan -247.9445
-247.3593 -244.9440 -247.6749
-247.1336 -245.1308 -247.7238
-246.8567 nan -246.8567
-246.6591 nan -246.6591
-246.7644 -244.8572 -247.0799
-246.8125 nan -246.8125
-246.5935 -244.7062 -246.8505
-246.7053 -244.8065 -246.9143
-247.0911 -244.9054 -246.8591
-247.6763 nan -247.6763
-246.9554 -245.0656 -247.1499
-245.9932 nan -245.9932
-247.1535 nan -247.1535
-246.7902 -244.8896 -246.7655
-245.8154 -244.6976 -246.6374
-245.6103 nan -245.6103
-246.2190 -244.8620 -246.3377
-246.3932 nan -246.3932
-246.4330 -244.8577 -246.1137
-246.4938 -244.8807 -246.2816
-246.2147 nan -246.2147
-245.9161 -244.7481 -246.2033
-245.8921 -244.9048 -246.2332
-245.1901 nan -245.1901
-245.5489 -244.7093 -245.8755
-245.6188 -244.7735 -245.7663
-245.9270 nan -245.9270
-245.8089 nan -245.8089
-245.1596 nan -245.1596
-245.3171 nan -245.3171
-245.4134 nan -245.4134
-244.7340 -244.1138 -245.2967
-244.4704 -244.0342 -245.3424
-244.0188 nan -244.0188
-243.7546 -243.6558 -244.8860
-243.2259 -243.5398 -244.7490
-242.9607 nan -242.9607
-242.4404 -243.1680 -244.1986
-242.7871 -243.0495 -243.9694
-242.4058 nan -242.4058
-242.4953 -242.7410 -243.5246
-242.4167 nan -242.4167
-242.1093 -242.3854 -242.7824
-242.5260 -242.4869 -242.9079
-242.8092 nan -242.8092
-243.0697 nan -243.0697
-242.9025 -242.5577 -242.9290
-242.8145 nan -242.8145
-242.7125 -242.4127 -242.9377
-243.1808 nan -243.1808
-242.8720 -242.1791 -242.9777
-243.1470 -242.3700 -243.0321
-242.8263 nan -242.8263
-242.9537 nan -242.9537
-243.0750 -242.6945 -242.9373
-243.2503 nan -243.2503
-242.9299 nan -242.9299
-243.6037 nan -243.6037
-242.7948 -242.9166 -243.2613
-242.8810 nan -242.8810
-242.4103 -242.7959 -243.2487
-242.3435 nan -242.3435
-242.4422 -242.7847 -242.8244
-241.7408 nan -241.7408
-240.8252 -242.4378 -242.3029
-240.8457 nan -240.8457
-241.1837 nan -241.1837
-241.0602 -241.5404 -241.4441
-241.1982 nan -241.1982
-241.4325 nan -241.4325
-241.4248 -241.3697 -241.3583
-241.0780 -241.2554 -241.3297
-241.8611 nan -241.8611
-242.4698 nan -242.4698
-242.2677 nan -242.2677
-242.6812 -242.3508 -242.1995
-242.8749 nan -242.8749
-243.2306 -242.5708 -242.4474
-242.7257 nan -242.7257
-242.2824 nan -242.2824
-242.1612 -242.5082 -242.4852
-241.4314 nan -241.4314
-241.4102 nan -241.4102
-241.8044 nan -241.8044
-241.5306 -241.7058 -241.5487
-241.8510 -240.0333 -241.5878
-241.9992 nan -241.9992
-242.5045 -240.2654 -241.7119
-242.3460 -240.1788 -241.7663
-242.2276 -240.3103 -241.8258
-242.5644 -240.2779 -241.7680
-242.6990 -239.9642 -241.7867
-242.4039 nan -242.4039
-242.8389 -240.0496 -241.9862
-242.7723 nan -242.7723
-243.0952 nan -243.0952
-242.9841 -240.7113 -242.6179
-242.2624 -240.7959 -242.8284
-242.4748 -241.0009 -242.8472
-242.3380 -240.7413 -242.7645
-242.4684 -240.7901 -242.8134
-242.3173 nan -242.3173
-242.4186 -241.0152 -242.6317
-242.2591 -241.2786 -242.5874
-242.3884 -241.1594 -242.5121
-242.7118 -241.2879 -242.5771
-243.1489 -241.3607 -242.5589
-243.0763 -241.3670 -242.5494
-242.9917 nan -242.9917
-243.2227 -241.3116 -242.7000
-243.5820 -241.2061 -242.7470
-244.0188 nan -244.0188
-244.3013 -241.4752 -243.1553
-244.1091 nan -244.1091
-244.2791 -241.5775 -243.7610
-243.5525 nan -243.5525
-244.7696 nan -244.7696
-244.5619 -241.8849 -244.0277
-244.5872 nan -244.5872
-244.3679 nan -244.3679
-244.3761 nan -244.3761
-244.6331 nan -244.6331
-244.9433 nan -244.9433
-244.7688 nan -244.7688
-244.3932 nan -244.3932
-244.9348 -242.3132 -244.7018
-245.0302 nan -245.0302
-244.3594 nan -244.3594
-244.6725 nan -244.6725
-244.1336 nan -244.1336
-244.7652 -242.2606 -244.3885
-245.2444 nan -245.2444
-243.7367 -242.2899 -244.5888
-243.3226 -242.0962 -244.7406
-242.8518 -241.9641 -244.8579
-243.1261 nan -243.1261
-242.8206 -241.6097 -244.2415
-242.8625 nan -242.8625
-242.3375 nan -242.3375
-242.8489 nan -242.8489
-242.4124 -240.6532 -242.6830
-242.3026 -240.3536 -242.6231
-242.4204 nan -242.4204
-242.6329 -240.5223 -242.5755
-242.9444 nan -242.9444
-242.5609 -240.4967 -242.6468
-243.2645 -240.7405 -242.7222
-243.1214 nan -243.1214
-244.0695 nan -244.0695
-244.1135 -241.3246 -243.3044
-244.1605 nan -244.1605
-243.6960 -241.5951 -243.8448
-244.1074 -241.7021 -243.7699
-243.9886 nan -243.9886
-244.5461 nan -244.5461
-244.4052 nan -244.4052
-243.9694 nan -243.9694
-244.3522 nan -244.3522
-243.8542 nan -243.8542
-243.3264 -241.5846 -244.0586
-243.4919 nan -243.4919
-243.4230 nan -243.4230
-243.0465 nan -243.0465
-243.6100 nan -243.6100
-243.6181 -241.5260 -243.3598
-243.3321 -241.2795 -243.3388
-243.4629 nan -243.4629
-244.0298 -241.1464 -243.3872
-244.5082 -240.9505 -243.3963
-244.6327 -241.0530 -243.4154
-244.2927 nan -244.2927
-244.6644 -240.8995 -243.7015
-244.5928 nan -244.5928
-244.3712 -241.0677 -244.1956
-244.5528 -241.1732 -244.1633
-244.3659 nan -244.3659
-245.0031 nan -245.0031
-244.2226 nan -244.2226
-244.3026 -241.1441 -244.5305
-243.3589 -241.1178 -244.5854
-243.6250 nan -243.6250
-243.2484 -240.9478 -244.2470
-243.7244 -241.0449 -244.1525
-243.9521 nan -243.9521
-243.8228 nan -243.8228
-242.0604 nan -242.0604
-242.4288 nan -242.4288
-242.8685 -241.9092 -242.7707
-241.7371 -241.5144 -242.4200
-241.5587 nan -241.5587
-241.5539 nan -241.5539
-240.8571 nan -240.8571
-241.0909 -241.0915 -241.3233
-241.1285 -241.0865 -241.2448
-241.0456 -241.0487 -241.1417
-240.7663 nan -240.7663
-240.9864 nan -240.9864
-240.7817 -241.0068 -240.9648
-240.8887 nan -240.8887
-240.7957 nan -240.7957
-241.0583 nan -241.0583
-240.8968 -241.0172 -240.9142
-240.5804 nan -240.5804
-240.4114 nan -240.4114
-240.1365 nan -240.1365
-239.8843 nan -239.8843
-239.6771 -240.2975 -240.1440
-239.6611 -240.3886 -240.0549
-240.0541 -240.3863 -240.0278
-239.9848 nan -239.9848
-239.9696 nan -239.9696
-239.9060 nan -239.9060
-239.6472 -240.1344 -239.9535
-239.6734 nan -239.6734
-239.7472 -240.2176 -239.8443
-239.6220 nan -239.6220
-239.4400 -239.9976 -239.7132
-239.7015 -240.0754 -239.7265
-239.5574 nan -239.5574
-238.9248 -239.8546 -239.6657
-239.5756 -239.8463 -239.6499
-239.3386 -239.7747 -239.6243
-239.4494 -239.8874 -239.6466
-239.5508 -239.9162 -239.6403
-239.5218 -239.8503 -239.6371
-240.3679 -239.8722 -239.6413
-240.0537 nan -240.0537
-240.9711 -239.9038 -239.7774
-241.3045 nan -241.3045
-241.3130 -240.2962 -240.3785
-241.7132 nan -241.7132
-241.3587 -240.7758 -241.1321
-241.6646 -240.7381 -241.0746
-241.5723 nan -241.5723
-241.4432 -240.6868 -241.2597
-241.2487 -240.5393 -241.3022
-240.9928 -240.4823 -241.3780
-241.4465 -240.4341 -241.3133
-241.0601 -240.2338 -241.3312
-241.0902 -240.1593 -241.3408
-241.4212 -240.1889 -241.3284
-241.3402 nan -241.3402
-241.0404 nan -241.0404
-241.6042 nan -241.6042
-241.7734 nan -241.7734
-241.0321 -240.2774 -241.4727
-241.2588 nan -241.2588
-241.2119 -240.2926 -241.5016
-241.0374 nan -241.0374
-241.0339 nan -241.0339
-240.6440 -240.0834 -241.1910
-240.5795 nan -240.5795
-240.4245 -240.0646 -240.9348
-240.5218 -240.0199 -240.9018
-240.6162 nan -240.6162
-240.2348 nan -240.2348
-240.1338 -239.8588 -240.5843
-240.0021 -239.7093 -240.4785
-239.5771 nan -239.5771
-239.8690 -239.7301 -240.2133
-239.8722 nan -239.8722
-239.8597 nan -239.8597
-239.3019 nan -239.3019
-239.7615 nan -239.7615
-239.8924 nan -239.8924
-239.4903 nan -239.4903
-239.2110 -239.3253 -239.7147
-238.9661 -239.4123 -239.6991
-238.9081 nan -238.9081
-239.2127 nan -239.2127
-239.4355 -239.1854 -239.2733
-239.1902 nan -239.1902
-238.9240 -239.2365 -239.2254
-239.2388 -239.2162 -239.2297
-238.9537 -239.1643 -239.2151
-239.1041 -239.2531 -239.2234
-239.8145 nan -239.8145
-239.4280 nan -239.4280
-239.5703 -239.3857 -239.4886
-238.9826 -239.2663 -239.5771
-238.6440 nan -238.6440
-238.6200 nan -238.6200
-238.6169 -238.8728 -238.9470
