0.0000 0.0000 0.0000
-181.4085 nan -181.4085
-181.4928 nan -181.4928
-181.4254 nan -181.4254
-181.3742 nan -181.3742
-181.4561 nan -181.4561
-181.8169 nan -181.8169
-181.6409 nan -181.6409
-181.3729 nan -181.3729
-181.6958 nan -181.6958
-181.8272 nan -181.8272
-181.7278 nan -181.7278
-181.8238 nan -181.8238
-181.4824 nan -181.4824
-181.8300 nan -181.8300
-181.6265 nan -181.6265
-182.0190 nan -182.0190
-182.1196 nan -182.1196
-182.1451 nan -182.1451
-181.6701 nan -181.6701
-181.9598 nan -181.9598
-181.9600 nan -181.9600
-182.0508 nan -182.0508
-181.8865 nan -181.8865
-181.7192 nan -181.7192
-181.5025 nan -181.5025
-181.7305 nan -181.7305
-181.8418 nan -181.8418
-182.0803 nan -182.0803
-182.2914 nan -182.2914
-182.0466 nan -182.0466
-182.1686 nan -182.1686
-182.8726 nan -182.8726
-182.3755 nan -182.3755
-182.4725 nan -182.4725
-181.9355 nan -181.9355
-181.9951 nan -181.9951
-181.8508 nan -181.8508
-182.5404 nan -182.5404
-181.5087 nan -181.5087
-181.3734 nan -181.3734
-181.3546 nan -181.3546
-181.6676 nan -181.6676
-181.2708 nan -181.2708
-181.6367 nan -181.6367
-181.5311 nan -181.5311
-181.5674 nan -181.5674
-181.5132 nan -181.5132
-181.6438 nan -181.6438
-181.8152 nan -181.8152
-182.0894 nan -182.0894
-182.1931 nan -182.1931
-182.0228 nan -182.0228
-182.4628 nan -182.4628
-181.9079 nan -181.9079
-182.3745 nan -182.3745
-182.6019 nan -182.6019
-182.4995 nan -182.4995
-182.4261 nan -182.4261
-182.4936 nan -182.4936
-182.8077 nan -182.8077
-182.6707 nan -182.6707
-182.9747 nan -182.9747
-182.7994 nan -182.7994
-182.6716 nan -182.6716
-182.7978 nan -182.7978
-182.8655 nan -182.8655
-183.1444 nan -183.1444
-183.0429 nan -183.0429
-182.5297 nan -182.5297
-182.5315 nan -182.5315
-182.6186 nan -182.6186
-182.2285 nan -182.2285
-182.1903 nan -182.1903
-182.2235 nan -182.2235
-182.0518 nan -182.0518
-181.9091 nan -181.9091
-181.7328 nan -181.7328
-182.2984 nan -182.2984
-182.1676 nan -182.1676
-182.1169 nan -182.1169
-182.1258 nan -182.1258
-181.8824 nan -181.8824
-182.3369 nan -182.3369
-181.9699 nan -181.9699
-182.4509 nan -182.4509
-182.1393 nan -182.1393
-182.0019 nan -182.0019
-181.8681 nan -181.8681
-181.9410 nan -181.9410
-182.4549 nan -182.4549
-182.2924 nan -182.2924
-182.0924 nan -182.0924
-181.8164 nan -181.8164
-181.8678 nan -181.8678
-181.9527 nan -181.9527
-182.1913 nan -182.1913
-182.2009 nan -182.2009
-182.3193 nan -182.3193
-182.5126 nan -182.5126
-182.3116 nan -182.3116
-182.1704 nan -182.1704
-182.0178 -182.2099 -182.3315
-182.1632 nan -182.1632
-182.1836 -182.2312 -182.2217
-182.0225 -182.3084 -182.2388
-182.0180 -182.2856 -182.2079
-181.9399 -182.2388 -182.2228
-181.9306 -182.2067 -182.2232
-181.7642 nan -181.7642
-181.7418 -182.1624 -182.0701
-182.0201 nan -182.0201
-181.9232 nan -181.9232
-182.1425 -182.3571 -182.0045
-182.1185 -182.3757 -181.9826
-182.3041 -182.4651 -181.9701
-182.6474 nan -182.6474
-182.6089 -182.6040 -182.2000
-182.4037 -182.6545 -182.2725
-182.5606 nan -182.5606
-182.8798 -182.7131 -182.3444
-182.5297 nan -182.5297
-181.8826 -182.5747 -182.4782
-181.7511 -182.5666 -182.4508
-181.6997 -182.4944 -182.4862
-181.5161 -182.5798 -182.4717
-181.5260 -182.5419 -182.4696
-181.4951 nan -181.4951
-181.7561 -182.3875 -182.1455
-181.8027 nan -181.8027
-182.0155 -182.2003 -181.8144
-181.4720 -182.2829 -181.9209
-181.3425 -182.2182 -181.8460
-181.3906 nan -181.3906
-181.5300 nan -181.5300
-181.3406 nan -181.3406
-181.5246 nan -181.5246
-181.4275 -181.5753 -181.4651
-181.2930 -181.3487 -181.4434
-181.4992 nan -181.4992
-181.4972 -181.3557 -181.4692
-181.5505 nan -181.5505
-181.4279 -181.4663 -181.5063
-181.6062 -181.5920 -181.5087
-181.3701 nan -181.3701
-181.5147 nan -181.5147
-181.3758 nan -181.3758
-181.4164 nan -181.4164
-181.4492 -181.3372 -181.4357
-181.7827 nan -181.7827
-182.0507 nan -182.0507
-180.9100 nan -180.9100
-181.4028 -181.2613 -181.5811
-181.1600 nan -181.1600
-181.0036 nan -181.0036
-181.0208 -180.9861 -181.2483
-181.3306 -180.9088 -181.1373
-181.0226 -180.8595 -181.1297
-181.0398 -180.8134 -181.1718
-181.0517 -180.8487 -181.1463
-181.6355 nan -181.6355
-181.1726 -180.8844 -181.3178
-181.5314 -181.0286 -181.3665
-181.6942 -180.9890 -181.4399
-181.4170 nan -181.4170
-181.4996 -180.8991 -181.4078
-181.7453 -180.8145 -181.4216
-181.8910 nan -181.8910
-181.5846 nan -181.5846
-181.3926 -180.7311 -181.6324
-181.3078 nan -181.3078
-181.2446 nan -181.2446
-181.9226 -180.8688 -181.3949
-182.3898 -180.7590 -181.3158
-182.5378 -181.0190 -181.3184
-182.0231 nan -182.0231
-182.6071 -180.8070 -181.5524
-182.2940 nan -182.2940
-182.3144 nan -182.3144
-182.5333 -181.0808 -182.0536
-182.8603 nan -182.8603
-183.2652 -181.2229 -182.4094
-183.1096 nan -183.1096
-182.9995 nan -182.9995
-183.1619 nan -183.1619
-183.1322 nan -183.1322
-182.9584 nan -182.9584
-183.2321 nan -183.2321
-183.5986 -181.7373 -183.1075
-183.8346 nan -183.8346
-183.8290 nan -183.8290
-183.5654 nan -183.5654
-183.1056 nan -183.1056
-183.5940 -182.0467 -183.5000
-183.5554 -181.7329 -183.3903
-183.5992 -181.7454 -183.3320
-183.8399 nan -183.8399
-184.0917 nan -184.0917
-184.3026 nan -184.3026
-185.0737 -181.8755 -184.0781
-185.6635 -181.8873 -184.1575
-185.3116 nan -185.3116
-185.9226 -183.0569 -184.5157
-186.5051 -183.0611 -184.6616
-187.2796 nan -187.2796
-186.7434 nan -186.7434
-186.7225 nan -186.7225
-186.4775 -184.1857 -186.9152
-185.9818 nan -185.9818
-186.6986 nan -186.6986
-186.7985 nan -186.7985
-185.9139 -183.8404 -186.4929
-186.0326 nan -186.0326
-186.8528 nan -186.8528
-186.6782 nan -186.6782
-186.9983 nan -186.9983
-186.7349 -184.2095 -186.8431
-186.5425 nan -186.5425
-186.2726 -184.2378 -186.7946
-186.0999 -184.2013 -186.7268
-185.4988 -184.2046 -186.6880
-185.2599 nan -185.2599
-185.4692 -183.9696 -186.2249
-185.4421 nan -185.4421
-185.5442 nan -185.5442
-185.8342 nan -185.8342
-186.3708 -183.6314 -185.6068
-186.2645 nan -186.2645
-185.6141 -183.7519 -185.9018
-185.7158 nan -185.7158
-185.3716 -183.7909 -185.9607
-184.5296 nan -184.5296
-184.3847 nan -184.3847
-184.5542 nan -184.5542
-184.7894 -183.1231 -184.4895
-184.9592 nan -184.9592
-184.9539 -183.2221 -184.6676
-184.8031 nan -184.8031
-184.3936 nan -184.3936
-184.8747 nan -184.8747
-184.2914 nan -184.2914
-184.2068 -183.1343 -184.5199
-184.1933 nan -184.1933
-184.2676 nan -184.2676
-184.6565 nan -184.6565
-184.0449 nan -184.0449
-184.1873 nan -184.1873
-184.2202 -183.0038 -184.2962
-183.7402 nan -183.7402
-183.6316 nan -183.6316
-183.4347 -182.7460 -183.8894
-183.3299 nan -183.3299
-182.9275 -182.5947 -183.6170
-182.4652 -182.5948 -183.6121
-181.9535 nan -181.9535
-182.1192 nan -182.1192
-181.4715 -181.9950 -182.5616
-181.5001 -181.8338 -182.2114
-181.5416 nan -181.5416
-181.3106 -181.7728 -182.1049
-181.4630 nan -181.4630
-181.5829 -181.5814 -181.7032
-181.7857 nan -181.7857
-181.6285 -181.5654 -181.6506
-181.6589 -181.5581 -181.7132
-181.4904 -181.5560 -181.7165
-181.9512 -181.5072 -181.6934
-181.8458 nan -181.8458
-181.9832 nan -181.9832
-181.6970 -181.6123 -181.8408
-181.7702 -181.6950 -181.8899
-181.7704 -181.6983 -181.9046
-181.9043 -181.7107 -181.8784
-181.7646 -181.7348 -181.8910
-182.0291 -181.7336 -181.8914
-181.7873 -181.7208 -181.8869
-182.0878 -181.7615 -181.8898
-181.7351 nan -181.7351
-181.7000 -181.6364 -181.8373
-181.8124 nan -181.8124
-181.5410 -181.6874 -181.7949
-181.1479 -181.7019 -181.8148
-181.2433 nan -181.2433
-181.4605 nan -181.4605
-181.3426 -181.4414 -181.5062
-181.5663 -181.2927 -181.4033
-181.6821 -181.3922 -181.4567
-181.4941 -181.3384 -181.4554
-181.3584 nan -181.3584
-181.7101 nan -181.7101
-182.1715 nan -182.1715
-181.4944 nan -181.4944
-181.6577 nan -181.6577
-181.4637 nan -181.4637
-181.8877 nan -181.8877
-181.9476 nan -181.9476
-181.9263 -181.5332 -181.7663
-181.7490 nan -181.7490
-181.2993 nan -181.2993
-181.1275 -181.3683 -181.6049
-181.1304 -181.3301 -181.5511
-181.1294 nan -181.1294
-178.2277 nan -178.2277
-178.2495 -177.8053 -180.3027
-178.7347 -177.7223 -179.8866
-178.6039 nan -178.6039
-178.5630 -177.5689 -179.5978
-179.0048 -177.4489 -179.3628
-179.0854 -177.1241 -179.1882
-179.1191 -177.3560 -179.3829
-179.4508 nan -179.4508
-179.2236 -177.1761 -179.3406
-179.5125 -177.4196 -179.3915
-179.5700 -177.4571 -179.3943
-179.1319 -177.4326 -179.3755
-179.2559 -177.5821 -179.3871
-179.1209 nan -179.1209
-179.2549 -177.5537 -179.2945
-179.1852 nan -179.1852
-179.4005 nan -179.4005
-179.0418 -177.7631 -179.2934
-179.2407 nan -179.2407
-179.2964 nan -179.2964
-179.3666 nan -179.3666
-179.3454 -177.8353 -179.3013
-179.1295 nan -179.1295
-179.1828 -177.5998 -179.2658
-179.4034 nan -179.4034
-179.4496 -177.6884 -179.2662
-180.0879 -177.7589 -179.3118
-179.9367 -177.8475 -179.3271
-179.8298 -177.6875 -179.3017
-179.2582 nan -179.2582
-180.3223 nan -180.3223
-179.9109 nan -179.9109
-179.6576 nan -179.6576
-179.5070 nan -179.5070
-179.3761 nan -179.3761
-179.4594 nan -179.4594
-179.4965 nan -179.4965
-179.6582 nan -179.6582
-179.7620 -178.0098 -179.5380
-180.0011 -178.0910 -179.5642
-180.2315 nan -180.2315
-179.7752 -178.1736 -179.7779
-179.9672 -178.2864 -179.8579
-179.6251 -178.1977 -179.9558
-180.0242 -178.2953 -179.8639
-180.1820 nan -180.1820
-179.5937 nan -179.5937
-179.5771 -178.1052 -179.8799
-179.1798 nan -179.1798
-179.5987 -178.0124 -179.5511
-179.5857 nan -179.5857
-179.5565 -177.9566 -179.4389
-179.3558 -177.8344 -179.5252
-179.6867 -177.8853 -179.5166
-180.0433 nan -180.0433
-179.6475 nan -179.6475
-179.8148 nan -179.8148
-179.7704 nan -179.7704
-179.8660 nan -179.8660
-179.6072 -177.9338 -179.8171
-180.2296 nan -180.2296
-179.5737 nan -179.5737
-180.2586 -178.0669 -179.8735
-180.9650 -178.2917 -179.8923
-181.2386 nan -181.2386
-180.6638 -178.5132 -180.3348
-180.8062 -178.6964 -180.4885
-180.6101 nan -180.6101
-180.9808 -178.8170 -180.4778
-180.8821 -178.7266 -180.5255
-181.0305 -178.7844 -180.5378
-181.2608 nan -181.2608
-181.1066 nan -181.1066
-180.4622 nan -180.4622
-180.4715 -178.8715 -180.9432
-180.5880 -179.0481 -180.8373
-180.4957 nan -180.4957
-180.5855 nan -180.5855
-180.9367 -179.2314 -180.6395
-180.6334 -179.0253 -180.5736
-180.9810 nan -180.9810
-181.0467 -178.9897 -180.7314
-181.2583 -178.8592 -180.7620
-181.3153 -178.9585 -180.8248
-181.0140 nan -181.0140
-181.2906 nan -181.2906
-181.6324 nan -181.6324
-180.8667 -179.1494 -181.3123
-180.9762 nan -180.9762
-180.6653 nan -180.6653
-181.1901 nan -181.1901
-181.0076 -179.0716 -180.9439
-180.9758 nan -180.9758
-180.1435 nan -180.1435
-180.9307 -178.9053 -180.6877
-180.6924 -178.8624 -180.6023
-181.1589 -178.9034 -180.4778
-181.5193 nan -181.5193
-181.1187 -179.3142 -180.8665
-180.5102 -180.1482 -180.9546
-180.8119 -180.3315 -181.1135
-181.0761 -180.2886 -180.9782
-180.6820 nan -180.6820
-180.9841 -180.3453 -180.9246
-180.8725 -180.3403 -180.8616
-180.4879 -180.3707 -180.8227
-180.7966 nan -180.7966
-180.7605 -180.3631 -180.8270
-180.7745 -180.3808 -180.8154
-180.4571 nan -180.4571
-180.5792 -180.3793 -180.6998
-180.2864 nan -180.2864
-180.5802 -180.3844 -180.4811
-180.4216 -180.2640 -180.4891
-180.5370 -180.4455 -180.4189
-180.7436 nan -180.7436
-180.5855 nan -180.5855
-180.2990 nan -180.2990
-180.2318 -180.3446 -180.5427
-180.2112 -180.2931 -180.4757
-180.3337 -180.1574 -180.4391
-180.3127 -180.1833 -180.4859
-180.7572 -180.2274 -180.4669
-180.7607 nan -180.7607
-180.7654 nan -180.7654
-180.7989 nan -180.7989
-180.6168 nan -180.6168
-180.6436 nan -180.6436
-180.6414 -180.3471 -180.6864
-181.0178 -180.2369 -180.6489
-181.0260 -180.2700 -180.6596
-181.0084 nan -181.0084
-181.0940 -180.3089 -180.7723
-180.4533 -180.2712 -180.8135
-180.4930 nan -180.4930
-180.0203 nan -180.0203
-179.9657 nan -179.9657
-179.7290 nan -179.7290
-179.9403 nan -179.9403
-179.9852 -179.8502 -179.8783
-179.7619 nan -179.7619
-180.6352 -179.7974 -179.8602
-180.7059 -179.7240 -179.8335
-180.5111 -179.7828 -179.8185
-180.9708 -179.7297 -179.8374
-180.8960 nan -180.8960
-181.2699 -179.9983 -180.1840
-181.4784 nan -181.4784
-181.5911 nan -181.5911
-181.2009 -180.1913 -181.0845
-181.0819 -180.3246 -181.3847
-181.2468 nan -181.2468
-180.9988 -179.9681 -181.2387
-180.8348 -179.9663 -181.2900
-180.8908 nan -180.8908
-180.7593 -179.8640 -181.1398
-180.5296 nan -180.5296
-181.1480 -179.6327 -180.8534
-181.0244 -179.7251 -180.8409
-180.5501 nan -180.5501
-180.7167 -179.8395 -180.7481
-180.8434 -179.8082 -180.7131
-180.6210 nan -180.6210
-180.7378 nan -180.7378
-180.4654 nan -180.4654
-180.3851 nan -180.3851
-180.5804 nan -180.5804
-180.9233 nan -180.9233
-181.0292 nan -181.0292
-180.8393 -179.8774 -180.8443
-180.9222 -179.8233 -180.9323
-180.8331 -179.7431 -180.9352
-180.4169 nan -180.4169
-180.4942 -179.8208 -180.7615
-180.6566 -179.7984 -180.7046
-180.4149 nan -180.4149
-180.4680 nan -180.4680
-180.8288 nan -180.8288
-180.7230 -179.6750 -180.5706
-180.4525 -179.7143 -180.6224
-180.4094 nan -180.4094
-180.5732 -179.7471 -180.5341
-180.6581 -179.7039 -180.5220
-180.9389 -179.6680 -180.4885
-181.0087 nan -181.0087
-180.7196 nan -180.7196
-181.3445 -179.7914 -180.7389
-181.4881 -179.8378 -180.8224
-180.6331 nan -180.6331
-180.9876 nan -180.9876
-181.5205 -179.8548 -180.8143
-181.2831 -179.8734 -180.8117
-181.3099 -179.8560 -180.8712
-180.8601 -179.7147 -180.8324
-180.6860 -179.5642 -180.8384
-180.7092 nan -180.7092
-180.6387 nan -180.6387
