0.0000 0.0000 0.0000
-114.2802 nan -114.2802
-114.3333 nan -114.3333
-114.2908 nan -114.2908
-114.2586 nan -114.2586
-114.3102 nan -114.3102
-114.5375 nan -114.5375
-114.6612 nan -114.6612
-114.4954 nan -114.4954
-114.6977 nan -114.6977
-114.7853 nan -114.7853
-114.7203 nan -114.7203
-114.7717 nan -114.7717
-114.6077 nan -114.6077
-114.8252 nan -114.8252
-114.4805 nan -114.4805
-114.7281 nan -114.7281
-114.7749 nan -114.7749
-114.7863 nan -114.7863
-114.5059 nan -114.5059
-114.6967 nan -114.6967
-114.6915 nan -114.6915
-114.7490 nan -114.7490
-114.6496 nan -114.6496
-114.5590 nan -114.5590
-114.4312 nan -114.4312
-114.5825 nan -114.5825
-114.6495 nan -114.6495
-114.8016 nan -114.8016
-114.7817 nan -114.7817
-114.6458 nan -114.6458
-114.7417 nan -114.7417
-115.1808 nan -115.1808
-114.8596 nan -114.8596
-114.7951 nan -114.7951
-114.4695 nan -114.4695
-114.5196 nan -114.5196
-114.4156 nan -114.4156
-114.8382 nan -114.8382
-114.6188 nan -114.6188
-114.5355 nan -114.5355
-114.5303 nan -114.5303
-114.7240 nan -114.7240
-114.6816 nan -114.6816
-114.9106 nan -114.9106
-114.8492 nan -114.8492
-114.8552 nan -114.8552
-114.8205 nan -114.8205
-114.8993 nan -114.8993
-114.9798 nan -114.9798
-115.1536 nan -115.1536
-115.2397 nan -115.2397
-115.1314 nan -115.1314
-115.4351 nan -115.4351
-115.3752 nan -115.3752
-115.6536 nan -115.6536
-115.8018 nan -115.8018
-115.7305 nan -115.7305
-115.6744 nan -115.6744
-115.7109 nan -115.7109
-115.9100 nan -115.9100
-115.8285 nan -115.8285
-115.9787 nan -115.9787
-115.8610 nan -115.8610
-115.7801 nan -115.7801
-115.8520 nan -115.8520
-115.8795 nan -115.8795
-116.0862 nan -116.0862
-115.8133 nan -115.8133
-115.4992 nan -115.4992
-115.5117 nan -115.5117
-115.5628 nan -115.5628
-115.3663 nan -115.3663
-115.3638 nan -115.3638
-115.3820 nan -115.3820
-115.2875 nan -115.2875
-115.1806 nan -115.1806
-115.0711 nan -115.0711
-115.4393 nan -115.4393
-115.3593 nan -115.3593
-115.3261 nan -115.3261
-115.3370 nan -115.3370
-115.1807 nan -115.1807
-115.4480 nan -115.4480
-115.2543 nan -115.2543
-115.5503 nan -115.5503
-115.3600 nan -115.3600
-115.2824 nan -115.2824
-115.1742 nan -115.1742
-115.2249 nan -115.2249
-115.5523 nan -115.5523
-115.1341 nan -115.1341
-114.9932 nan -114.9932
-114.8543 nan -114.8543
-114.8822 nan -114.8822
-114.9149 nan -114.9149
-115.1014 nan -115.1014
-115.1068 nan -115.1068
-115.1704 nan -115.1704
-115.2670 nan -115.2670
-115.0148 nan -115.0148
-114.9271 nan -114.9271
-114.8322 nan -114.8322
-114.9117 -115.0069 -114.9247
-114.9523 nan -114.9523
-114.8135 nan -114.8135
-114.7987 -114.9954 -114.8968
-114.7160 -114.9613 -114.8876
-114.7247 nan -114.7247
-114.6144 -114.9447 -114.8364
-114.5904 nan -114.5904
-114.7524 nan -114.7524
-114.7088 nan -114.7088
-114.8591 nan -114.8591
-114.8379 -115.0596 -114.7734
-114.9918 -115.0835 -114.7805
-115.2269 nan -115.2269
-115.2064 -115.1841 -114.9269
-115.0676 -115.2043 -114.9781
-115.1995 -115.2486 -115.0440
-115.4526 -115.2251 -114.9830
-115.4443 -115.1743 -115.0017
-115.0417 -115.1369 -115.0095
-114.9920 -115.1416 -114.9981
-114.9373 -115.0969 -115.0031
-114.8255 -115.1355 -115.0036
-114.8556 -115.1164 -115.0016
-114.8536 -115.0905 -115.0027
-114.9860 -115.1098 -115.0026
-114.9839 -115.1096 -115.0023
-115.1175 nan -115.1175
-114.8923 nan -114.8923
-114.8294 nan -114.8294
-114.9246 -115.0684 -114.9464
-114.9704 nan -114.9704
-114.8360 nan -114.8360
-114.8788 nan -114.8788
-114.7760 -114.8261 -114.8951
-114.6509 nan -114.6509
-114.6620 -114.6787 -114.8083
-114.6265 nan -114.6265
-114.6018 -114.6554 -114.6953
-114.5114 nan -114.5114
-114.6041 nan -114.6041
-114.5032 -114.6659 -114.6036
-114.5735 -114.5764 -114.5730
-114.4711 nan -114.4711
-114.4318 nan -114.4318
-114.4251 -114.4828 -114.4920
-114.6495 nan -114.6495
-114.9553 nan -114.9553
-114.6061 nan -114.6061
-114.8977 nan -114.8977
-114.4669 -114.4928 -114.8197
-114.3920 -114.4569 -114.7745
-114.4478 nan -114.4478
-114.5887 nan -114.5887
-114.4221 -114.3269 -114.6037
-114.4900 -114.2562 -114.5468
-114.4686 -114.3032 -114.5797
-114.8426 -114.2778 -114.5767
-114.9125 -114.2417 -114.5677
-115.1174 -114.3209 -114.5747
-115.0543 nan -115.0543
-114.8854 -114.3121 -114.7323
-114.8077 -114.2927 -114.7871
-114.8766 nan -114.8766
-114.8682 nan -114.8682
-114.7785 nan -114.7785
-114.6001 -114.1590 -114.8411
-114.5759 -114.0964 -114.8293
-114.5090 -114.1929 -114.8163
-114.8251 nan -114.8251
-115.0839 -114.2108 -114.8236
-115.1811 -114.3728 -114.8217
-114.9608 nan -114.9608
-115.1471 nan -115.1471
-115.0402 nan -115.0402
-114.9159 -114.5742 -115.0494
-114.8281 -114.6036 -115.0789
-115.0497 nan -115.0497
-115.2727 nan -115.2727
-115.1694 -114.6339 -115.1338
-115.1512 nan -115.1512
-115.2572 nan -115.2572
-115.2163 nan -115.2163
-115.1041 nan -115.1041
-115.3029 nan -115.3029
-115.5498 nan -115.5498
-115.6335 -114.8324 -115.3189
-115.8282 nan -115.8282
-115.7392 -114.9255 -115.5657
-115.4982 nan -115.4982
-115.5421 nan -115.5421
-115.4186 nan -115.4186
-115.3789 nan -115.3789
-115.4915 -114.8137 -115.4465
-115.5749 -114.8101 -115.4147
-115.6786 nan -115.6786
-115.9695 -114.8113 -115.5133
-116.2059 -114.8278 -115.5355
-116.0223 -114.8097 -115.5758
-116.1605 nan -116.1605
-116.3979 nan -116.3979
-116.7206 nan -116.7206
-116.8267 nan -116.8267
-116.7938 nan -116.7938
-116.7573 -115.4604 -116.7804
-116.5357 -115.4632 -116.8003
-116.6644 nan -116.6644
-116.8114 nan -116.8114
-116.5311 nan -116.5311
-116.3770 nan -116.3770
-116.5148 nan -116.5148
-116.5727 -115.2031 -116.4743
-116.7945 -115.2459 -116.4554
-116.8930 -115.2956 -116.4815
-116.7898 -115.2603 -116.4704
-116.5856 -115.3044 -116.4691
-116.4489 nan -116.4489
-116.3405 nan -116.3405
-116.5126 nan -116.5126
-116.4621 nan -116.4621
-116.4413 -115.2811 -116.4384
-116.4639 nan -116.4639
-116.6109 nan -116.6109
-116.9093 -115.3541 -116.5044
-116.8720 nan -116.8720
-116.4787 nan -116.4787
-116.5420 -115.3305 -116.6183
-116.4650 -115.3507 -116.6563
-116.0737 nan -116.0737
-115.9696 nan -115.9696
-116.0954 nan -116.0954
-116.1704 nan -116.1704
-116.2362 nan -116.2362
-116.3358 -115.2897 -116.1673
-116.2890 nan -116.2890
-116.0820 -115.3344 -116.2308
-116.0745 -115.3487 -116.2290
-115.8013 -115.3497 -116.2496
-115.6722 -115.3409 -116.2365
-115.6145 -115.3453 -116.2384
-115.6713 -115.3390 -116.2415
-115.7708 nan -115.7708
-115.5291 nan -115.5291
-115.7079 -115.1118 -115.8471
-115.7081 -115.0638 -115.7157
-115.4529 -115.0050 -115.6973
-115.3249 -115.0132 -115.7534
-115.1675 nan -115.1675
-115.1590 nan -115.1590
-114.9258 -114.7444 -115.3600
-114.7035 nan -114.7035
-114.4501 nan -114.4501
-114.6121 -114.4616 -114.8379
-114.3973 -114.3455 -114.6638
-114.4796 -114.3503 -114.6506
-114.5186 nan -114.5186
-114.3956 -114.3484 -114.6110
-114.4145 nan -114.4145
-114.5332 -114.3097 -114.5147
-114.5657 nan -114.5657
-114.7062 nan -114.7062
-114.6149 -114.3285 -114.5956
-114.5213 -114.3410 -114.6225
-114.6366 -114.3284 -114.6414
-114.6766 nan -114.6766
-114.7740 nan -114.7740
-114.6302 -114.3781 -114.6974
-114.7016 nan -114.7016
-114.7577 nan -114.7577
-114.8746 -114.4825 -114.7189
-114.8125 -114.5208 -114.7261
-115.0017 -114.5286 -114.7342
-114.8848 nan -114.8848
-115.0527 nan -115.0527
-114.9861 -114.5711 -114.8906
-114.9658 -114.6356 -114.9427
-114.9333 nan -114.9333
-114.7255 -114.6440 -114.9222
-114.4364 nan -114.4364
-114.4810 nan -114.4810
-114.6200 nan -114.6200
-114.6937 -114.4046 -114.5125
-114.7404 nan -114.7404
-114.7350 -114.4524 -114.6243
-114.8863 -114.4816 -114.6257
-114.7480 -114.4735 -114.6634
-114.9754 nan -114.9754
-115.2658 nan -115.2658
-115.2355 -114.7287 -114.9682
-115.3466 -114.7972 -115.0698
-115.4379 nan -115.4379
-115.6159 nan -115.6159
-115.2854 -114.9166 -115.3745
-115.0809 nan -115.0809
-115.0973 -114.9181 -115.3571
-114.7555 nan -114.7555
-114.6993 nan -114.6993
-114.7804 -114.6519 -114.9373
-114.8664 -114.5519 -114.7973
-114.7238 nan -114.7238
-114.8048 nan -114.8048
-115.0409 -113.7101 -114.7753
-114.9127 -113.6753 -114.7680
-114.9110 -113.7406 -114.7827
-115.0727 -113.7353 -114.7753
-115.1410 nan -115.1410
-115.0401 nan -115.0401
-115.1492 nan -115.1492
-115.1774 nan -115.1774
-115.3486 nan -115.3486
-115.1417 -114.1836 -115.2251
-114.9258 nan -114.9258
-114.9617 -114.2354 -115.1665
-115.0249 -114.1945 -115.1058
-115.1131 -114.1786 -115.0660
-115.1891 nan -115.1891
-115.1542 -114.3453 -115.1203
-115.0241 -114.4488 -115.1251
-115.1142 -114.4401 -115.1449
-115.3350 nan -115.3350
-115.4262 nan -115.4262
-115.2562 -114.5538 -115.3020
-115.2736 -114.5337 -115.3544
-115.2796 -114.4728 -115.3608
-115.4875 nan -115.4875
-115.7381 nan -115.7381
-116.1219 -114.5776 -115.5288
-115.9634 nan -115.9634
-116.0774 -114.5911 -115.7435
-115.7564 nan -115.7564
-116.2972 -114.6434 -115.8211
-116.3041 -114.6600 -115.7736
-116.2784 -114.7745 -115.7837
-116.1018 -114.8624 -115.7928
-115.9350 -114.8038 -115.7834
-115.9226 nan -115.9226
-116.0666 -114.8498 -115.8329
-115.9829 nan -115.9829
-115.9887 -114.8689 -115.9128
-115.8454 -114.8771 -115.9095
-116.2024 nan -116.2024
-115.8163 nan -115.8163
-115.9960 -114.8755 -115.9761
-115.6999 -114.7708 -115.9983
-115.7720 nan -115.7720
-115.8791 -114.7687 -115.9154
-115.4062 nan -115.4062
-115.1391 nan -115.1391
-114.9390 -114.3619 -115.4869
-115.1213 -114.3174 -115.3441
-115.2409 nan -115.2409
-115.2866 -114.2993 -115.3573
-114.8857 nan -114.8857
-115.2226 nan -115.2226
-115.3737 -114.1792 -115.1552
-115.5894 -114.0621 -115.0878
-115.6409 -114.0958 -115.1552
-115.7959 -114.1593 -115.1327
-115.8020 -114.0099 -115.1252
-115.7165 nan -115.7165
-116.1630 nan -116.1630
-115.7717 nan -115.7717
-116.0879 -114.4343 -115.8837
-116.1881 nan -116.1881
-115.9134 nan -115.9134
-115.7131 -114.4441 -115.9951
-115.8134 -114.5131 -116.0322
-115.9259 -114.4052 -115.9802
-116.0938 -114.5220 -116.0025
-116.1289 nan -116.1289
-116.0305 -114.5586 -116.0372
-115.9756 nan -115.9756
-116.0386 -114.5284 -116.0472
-115.7816 -114.4114 -116.0200
-115.8838 -114.3984 -116.0143
-115.9341 nan -115.9341
-115.8822 -114.2932 -115.9895
-116.1111 nan -116.1111
-116.3440 nan -116.3440
-116.1510 -114.3711 -116.1482
-116.2538 -114.4118 -116.2011
-116.5637 -114.3845 -116.2311
-116.8336 nan -116.8336
-116.6507 -114.4883 -116.4219
-116.5136 nan -116.5136
-116.7217 nan -116.7217
-116.3831 -114.4097 -116.5524
-116.2026 nan -116.2026
-116.4522 -114.4390 -116.4922
-116.3913 -114.3702 -116.4157
-116.6142 -114.4572 -116.3702
-116.5685 nan -116.5685
-116.5288 -114.4702 -116.4515
-116.0303 -114.4571 -116.4634
-116.1645 nan -116.1645
-115.9539 -114.4034 -116.3598
-116.2448 nan -116.2448
-115.9540 nan -115.9540
-115.9736 nan -115.9736
-115.8012 -115.3926 -116.0574
-115.8081 nan -115.8081
-116.1632 -115.4048 -115.9464
-115.8025 -115.2986 -115.9373
-115.8537 nan -115.8537
-116.1506 nan -116.1506
-115.5447 -115.4283 -115.9806
-116.0299 -115.4229 -115.9950
-115.9709 -115.4639 -116.0421
-115.9034 nan -115.9034
-115.7606 -115.4259 -115.9801
-116.0390 nan -116.0390
-115.9782 -115.4069 -115.9742
-116.0274 nan -116.0274
-116.0342 -115.4198 -116.0135
-115.9224 -115.4523 -116.0050
-115.9897 nan -115.9897
-115.7559 -115.4737 -116.0027
-115.7170 nan -115.7170
-115.5088 nan -115.5088
-115.4229 -115.2658 -115.7428
-115.2712 -115.1628 -115.6562
-114.9884 -115.1558 -115.6359
-115.2037 -115.1822 -115.6783
-115.2499 -115.1565 -115.6568
-115.3073 nan -115.3073
-115.2732 -115.0447 -115.5475
-115.0089 nan -115.0089
-114.9243 nan -114.9243
-114.8068 -114.8875 -115.1602
-114.9072 -114.7752 -115.0312
-114.8080 nan -114.8080
-114.6138 -114.8077 -114.9998
-114.4178 nan -114.4178
-113.9742 -114.5905 -114.7419
-114.4964 nan -114.4964
-114.3754 nan -114.3754
-114.3158 -114.5081 -114.5379
-114.5150 nan -114.5150
-114.4269 nan -114.4269
-114.5856 nan -114.5856
-114.4690 -114.3815 -114.5092
-114.7169 -114.4567 -114.5072
-114.6883 -114.4463 -114.5340
-114.4714 nan -114.4714
-114.8128 -114.4647 -114.5042
-114.7298 -114.5137 -114.5032
-114.9692 nan -114.9692
-114.8232 -114.6197 -114.6588
-114.9460 -114.5529 -114.7104
-114.9904 nan -114.9904
-114.9279 nan -114.9279
-115.0991 -114.5040 -114.8762
-115.0691 nan -115.0691
-115.0556 nan -115.0556
-115.2567 nan -115.2567
-115.2608 -114.5003 -115.1271
-115.1183 -114.4838 -115.1465
-115.4872 nan -115.4872
-115.3155 nan -115.3155
-114.7415 -114.6030 -115.3164
-114.7627 -114.6532 -115.3730
-114.6936 nan -114.6936
-114.8604 -114.4895 -115.1277
-114.7463 nan -114.7463
-114.6505 -114.3681 -114.8558
-114.5445 nan -114.5445
-114.3651 nan -114.3651
-114.4194 -114.2597 -114.5885
-114.3943 -114.1705 -114.4994
-114.1745 -114.2023 -114.4843
-114.2840 -114.1808 -114.5240
-114.2100 -114.1243 -114.5026
-114.0768 -114.1449 -114.5036
-114.0927 -114.2048 -114.5101
-114.0132 -114.1796 -114.5054
-114.0164 -114.1821 -114.5064
-113.8374 -114.0994 -114.5073
-114.0083 nan -114.0083
-114.0724 -113.9962 -114.3406
-113.8976 -113.9764 -114.2854
-113.9198 -113.9119 -114.2114
-113.8288 -113.9950 -114.2792
-113.7272 -113.9121 -114.2587
-113.8471 nan -113.8471
-114.0542 -113.8664 -114.1283
-113.9503 -113.8827 -114.0780
-113.9260 -113.8515 -114.0178
-114.0348 -113.8817 -114.0747
-113.9004 nan -113.9004
-114.0885 -113.8528 -113.9976
-114.2348 nan -114.2348
-114.3296 nan -114.3296
-114.2681 nan -114.2681
-113.9327 nan -113.9327
-113.7830 -113.7817 -114.1768
-113.8564 -113.7022 -114.1259
-113.6861 nan -113.6861
