0.0000 0.0000 0.0000
-83.9808 nan -83.9808
-84.0198 nan -84.0198
-83.9886 nan -83.9886
-83.9649 nan -83.9649
-84.0028 nan -84.0028
-84.1698 nan -84.1698
-84.2607 nan -84.2607
-84.1390 nan -84.1390
-84.2876 nan -84.2876
-84.2064 nan -84.2064
-84.1651 nan -84.1651
-84.1953 nan -84.1953
-84.0698 nan -84.0698
-84.2292 nan -84.2292
-84.1323 nan -84.1323
-84.3002 nan -84.3002
-84.3336 nan -84.3336
-84.3379 nan -84.3379
-84.1344 nan -84.1344
-84.2869 nan -84.2869
-84.2791 nan -84.2791
-84.3146 nan -84.3146
-84.2269 nan -84.2269
-84.1622 nan -84.1622
-84.0667 nan -84.0667
-84.1780 nan -84.1780
-84.2266 nan -84.2266
-84.3332 nan -84.3332
-84.4247 nan -84.4247
-84.3206 nan -84.3206
-84.3905 nan -84.3905
-84.7229 nan -84.7229
-84.8001 nan -84.8001
-84.7582 nan -84.7582
-84.5227 nan -84.5227
-84.5615 nan -84.5615
-84.4797 nan -84.4797
-84.7753 nan -84.7753
-84.6063 nan -84.6063
-84.5487 nan -84.5487
-84.5429 nan -84.5429
-84.6790 nan -84.6790
-84.6471 nan -84.6471
-84.8157 nan -84.8157
-84.5948 nan -84.5948
-84.5924 nan -84.5924
-84.5567 nan -84.5567
-84.5895 nan -84.5895
-84.6341 nan -84.6341
-84.7749 nan -84.7749
-84.8502 nan -84.8502
-84.7702 nan -84.7702
-84.9973 nan -84.9973
-84.9585 nan -84.9585
-85.1474 nan -85.1474
-85.2503 nan -85.2503
-85.2083 nan -85.2083
-85.1514 nan -85.1514
-85.1729 nan -85.1729
-85.3283 nan -85.3283
-85.2799 nan -85.2799
-85.3667 nan -85.3667
-85.2806 nan -85.2806
-85.2187 nan -85.2187
-85.2780 nan -85.2780
-85.2994 nan -85.2994
-85.4329 nan -85.4329
-85.4027 nan -85.4027
-85.1746 nan -85.1746
-85.1764 nan -85.1764
-85.2055 nan -85.2055
-85.0798 nan -85.0798
-85.0736 nan -85.0736
-85.0851 nan -85.0851
-85.0354 nan -85.0354
-84.9561 nan -84.9561
-84.8716 nan -84.8716
-85.1217 nan -85.1217
-85.0544 nan -85.0544
-85.0279 nan -85.0279
-85.0523 nan -85.0523
-84.9410 nan -84.9410
-85.1106 nan -85.1106
-85.1565 nan -85.1565
-85.3540 nan -85.3540
-85.2188 nan -85.2188
-85.1773 nan -85.1773
-85.0615 nan -85.0615
-85.0908 nan -85.0908
-85.2760 nan -85.2760
-85.2263 nan -85.2263
-85.1105 nan -85.1105
-84.9833 nan -84.9833
-85.0221 nan -85.0221
-85.0937 nan -85.0937
-85.2255 nan -85.2255
-85.2115 nan -85.2115
-85.2519 nan -85.2519
-85.3340 nan -85.3340
-85.2161 nan -85.2161
-85.1187 nan -85.1187
-85.0572 nan -85.0572
-85.1178 -84.9914 -85.1306
-85.1952 -84.9730 -85.1022
-85.1065 -84.9786 -85.0967
-85.0789 nan -85.0789
-85.0165 nan -85.0165
-85.0183 -84.9538 -85.0640
-84.9534 -84.9615 -85.0531
-84.9575 -84.9596 -85.0445
-85.0723 -84.9871 -85.0539
-85.0365 -84.9793 -85.0505
-85.1516 nan -85.1516
-85.1451 nan -85.1451
-85.2560 nan -85.2560
-85.4014 -85.0843 -85.1842
-85.3666 nan -85.3666
-85.2304 nan -85.2304
-85.3184 -85.1449 -85.2604
-85.4827 -85.1557 -85.2858
-85.4965 nan -85.4965
-85.2123 -85.1754 -85.3476
-85.1477 -85.1902 -85.3767
-85.1071 -85.1882 -85.4069
-85.0518 nan -85.0518
-85.0684 -85.1237 -85.2785
-85.0622 nan -85.0622
-85.1565 nan -85.1565
-85.1345 nan -85.1345
-85.2565 nan -85.2565
-85.0775 nan -85.0775
-85.0522 nan -85.0522
-85.1117 -85.0620 -85.1287
-85.1172 -84.9733 -85.0862
-84.9855 nan -84.9855
-85.0496 -84.9044 -85.0668
-84.9516 -84.8977 -85.0462
-84.8624 nan -84.8624
-84.8568 -84.8342 -84.9918
-84.8515 nan -84.8515
-84.7849 nan -84.7849
-84.7140 nan -84.7140
-84.7755 nan -84.7755
-84.6994 nan -84.6994
-84.7539 nan -84.7539
-84.6951 -84.6771 -84.7429
-84.6379 -84.6803 -84.7321
-84.6488 -84.6803 -84.7430
-84.8224 nan -84.8224
-84.8666 -84.6794 -84.7658
-84.5796 -84.6459 -84.7771
-84.8050 -84.6416 -84.7884
-84.7212 -84.5923 -84.7771
-84.6974 -84.5888 -84.7809
-84.7323 nan -84.7323
-84.8665 -84.5704 -84.7634
-84.6960 nan -84.6960
-84.7426 nan -84.7426
-84.7260 nan -84.7260
-85.0325 nan -85.0325
-85.0927 -84.5355 -84.8337
-85.2627 nan -85.2627
-85.3421 -84.6569 -85.0430
-85.1984 nan -85.1984
-85.1207 -84.7200 -85.1680
-85.2054 nan -85.2054
-85.1938 -84.6406 -85.1906
-85.1147 -84.6993 -85.1880
-85.0105 nan -85.0105
-84.9833 -84.4811 -85.1297
-84.9244 -84.5466 -85.1094
-85.2004 -84.5766 -85.0832
-85.4169 nan -85.4169
-85.4878 nan -85.4878
-85.3387 -84.8950 -85.3293
-85.4419 nan -85.4419
-85.2596 nan -85.2596
-85.1503 nan -85.1503
-85.1068 -84.8718 -85.2839
-85.2473 -84.8408 -85.2313
-85.4342 nan -85.4342
-85.3360 nan -85.3360
-85.2957 nan -85.2957
-85.3282 -84.8720 -85.3553
-85.2757 -84.8106 -85.3290
-85.1723 nan -85.1723
-85.4113 -84.8543 -85.2855
-85.6087 -84.8931 -85.2623
-85.6828 -84.8879 -85.2400
-85.8114 -84.9100 -85.2626
-85.7270 nan -85.7270
-85.6114 nan -85.6114
-85.6958 nan -85.6958
-85.5811 -85.1043 -85.6781
-85.5426 -85.1127 -85.6618
-85.6927 -85.0546 -85.6786
-85.7462 -85.0607 -85.6728
-85.7823 nan -85.7823
-86.0352 nan -86.0352
-86.2686 nan -86.2686
-86.0594 nan -86.0594
-86.1725 nan -86.1725
-86.3592 -85.1728 -86.1668
-86.6058 nan -86.6058
-86.3201 nan -86.3201
-86.4199 nan -86.4199
-86.3213 -85.3025 -86.4486
-86.1534 -85.2764 -86.3962
-86.3241 -85.2982 -86.4216
-86.4747 nan -86.4747
-86.2550 -85.2826 -86.4308
-86.1854 nan -86.1854
-86.3478 -85.2482 -86.3636
-86.4259 nan -86.4259
-86.5350 nan -86.5350
-86.3958 -85.3006 -86.4415
-86.3340 nan -86.3340
-86.2559 nan -86.2559
-86.1603 nan -86.1603
-85.9941 -85.2180 -86.2501
-85.9518 -85.1967 -86.2221
-85.9958 -85.1895 -86.2108
-85.9369 -85.1864 -86.2277
-85.9638 nan -85.9638
-86.1054 nan -86.1054
-86.3246 nan -86.3246
-86.2969 -85.1384 -86.1313
-85.9874 -85.1539 -86.1871
-85.9737 nan -85.9737
-85.9517 nan -85.9517
-85.7725 nan -85.7725
-85.6377 nan -85.6377
-85.8202 nan -85.8202
-85.8958 -84.9645 -85.7435
-85.9731 nan -85.9731
-86.0524 nan -86.0524
-85.9597 nan -85.9597
-85.7802 nan -85.7802
-85.8330 -85.0884 -85.9308
-85.6245 nan -85.6245
-85.6963 -85.0119 -85.7785
-85.6501 nan -85.6501
-85.7255 -84.9600 -85.6843
-85.7327 nan -85.7327
-85.5677 -84.9678 -85.6890
-85.6056 nan -85.6056
-85.6255 nan -85.6255
-85.4648 -84.9256 -85.6401
-85.3705 nan -85.3705
-85.2468 nan -85.2468
-85.2713 nan -85.2713
-85.1185 nan -85.1185
-84.9824 -84.7044 -85.2122
-84.8483 -84.6943 -85.2006
-84.9536 -84.6814 -85.1771
-84.8408 nan -84.8408
-84.9532 nan -84.9532
-85.0092 nan -85.0092
-84.8386 -84.5519 -84.9344
-84.9379 -84.5656 -84.9656
-84.9907 -84.5585 -84.9697
-85.0371 nan -85.0371
-85.0818 -84.5785 -84.9908
-85.0259 -84.5778 -84.9992
-84.9983 nan -84.9983
-85.1372 -84.5580 -84.9961
-85.1125 nan -85.1125
-85.1958 nan -85.1958
-85.0301 nan -85.0301
-85.0569 -84.6282 -85.1128
-85.0978 nan -85.0978
-85.1648 -84.6235 -85.0802
-85.0968 nan -85.0968
-85.2203 nan -85.2203
-85.1436 -84.6539 -85.1324
-85.2667 nan -85.2667
-85.1912 -84.6975 -85.2064
-85.1352 -84.6945 -85.2018
-85.1461 nan -85.1461
-84.9987 -84.6998 -85.1848
-84.7517 nan -84.7517
-84.8091 -84.6160 -85.0275
-84.9049 nan -84.9049
-84.9822 nan -84.9822
-85.0336 nan -85.0336
-85.0420 nan -85.0420
-85.0829 -84.6600 -85.0193
-84.9696 -84.6695 -85.0316
-85.1169 nan -85.1169
-85.3305 nan -85.3305
-85.2582 -84.7492 -85.1596
-85.3737 -84.7826 -85.2023
-85.4147 -84.7937 -85.2308
-85.5987 -84.7737 -85.1976
-85.5724 -84.7713 -85.2102
-85.4879 -84.7722 -85.2129
-85.4219 -84.7730 -85.2069
-85.1198 nan -85.1198
-85.0711 -84.7443 -85.1799
-85.1137 -84.7375 -85.1689
-85.1461 nan -85.1461
-85.2869 -84.1932 -85.1649
-85.3559 -84.1822 -85.1600
-85.5494 -84.2386 -85.1570
-85.5024 nan -85.5024
-85.5228 nan -85.5228
-85.6335 -84.3518 -85.3940
-85.6762 -84.2812 -85.4731
-85.6316 nan -85.6316
-85.8115 -84.2896 -85.4996
-85.8279 -84.2959 -85.5347
-85.9830 -84.4074 -85.5553
-85.7407 -84.3102 -85.5299
-85.5450 -84.3082 -85.5400
-85.5815 -84.3758 -85.5417
-85.5440 nan -85.5440
-85.5731 nan -85.5731
-85.5995 -84.4272 -85.5529
-85.6311 nan -85.6311
-85.5504 -84.5409 -85.5857
-85.6398 -84.5152 -85.5899
-85.7481 -84.5541 -85.6023
-85.8427 -84.5772 -85.5926
-85.7666 nan -85.7666
-85.8437 -84.5514 -85.6538
-85.8495 nan -85.8495
-85.9630 nan -85.9630
-86.0080 nan -86.0080
-86.1613 nan -86.1613
-85.7820 nan -85.7820
-85.8057 -84.6480 -85.9837
-85.5613 nan -85.5613
-85.9716 nan -85.9716
-85.8094 -84.6348 -85.8389
-85.7841 -84.6931 -85.7906
-85.6814 nan -85.6814
-85.5769 -84.7343 -85.7703
-85.5744 -84.7110 -85.7474
-85.7096 nan -85.7096
-85.7341 -84.6772 -85.7424
-85.7009 -84.6766 -85.7331
-85.7264 nan -85.7264
-85.8843 nan -85.8843
-85.8028 nan -85.8028
-85.8729 -84.7280 -85.8045
-85.6941 nan -85.6941
-85.7498 -84.7050 -85.7672
-85.8523 -84.7279 -85.7553
-85.5742 -84.7099 -85.7388
-85.4337 -84.6406 -85.7537
-85.3069 nan -85.3069
-85.5574 -84.5944 -85.5998
-85.5831 -84.5579 -85.5535
-85.6707 -84.5096 -85.4867
-85.4935 -84.4780 -85.5467
-85.6890 -84.4855 -85.5290
-85.7857 -84.5067 -85.5208
-85.8320 -84.4205 -85.5322
-85.8657 -84.4151 -85.5273
-85.9669 -84.4804 -85.5268
-86.0519 nan -86.0519
-85.8984 nan -85.8984
-86.2104 -84.7001 -85.8257
-85.9128 -84.7500 -85.9253
-86.1290 -84.7776 -85.8831
-86.4042 nan -86.4042
-86.1320 -84.8936 -86.0709
-85.9718 nan -85.9718
-85.9240 nan -85.9240
-85.8579 -84.9078 -85.9889
-85.9812 nan -85.9812
-85.8797 -84.8837 -85.9647
-85.8725 -84.9055 -85.9783
-85.9762 -84.9557 -85.9747
-85.9193 nan -85.9193
-85.7966 -84.8757 -85.9574
-85.8051 nan -85.8051
-85.9079 nan -85.9079
-85.9870 -84.8654 -85.8902
-86.0324 nan -86.0324
-86.0699 -84.9877 -85.9435
-86.0029 nan -86.0029
-86.0738 -84.9241 -85.9929
-86.2343 -84.8858 -85.9798
-86.3438 -84.8037 -85.9919
-86.3458 -84.8082 -85.9882
-86.2184 -84.7147 -85.9866
-86.2417 nan -86.2417
-86.2218 -84.6684 -86.0722
-86.1007 -84.6770 -86.1002
-86.1955 -84.7412 -86.1380
-86.0128 -84.6574 -86.1035
-86.1350 -84.7438 -86.1139
-86.0308 -84.6976 -86.1185
-86.0031 -84.6718 -86.1119
-85.7269 -84.6585 -86.1148
-85.7365 -84.6162 -86.1150
-85.6152 nan -85.6152
-85.8075 nan -85.8075
-85.9406 nan -85.9406
-86.0123 nan -86.0123
-85.2329 -85.2723 -85.9201
-85.1602 -85.2721 -85.9576
-85.1714 -85.2753 -85.9633
-84.9722 -85.2276 -85.9470
-84.8906 nan -84.8906
-84.8501 nan -84.8501
-84.6829 -84.8980 -85.2292
-84.7950 nan -84.7950
-84.8105 nan -84.8105
-84.7080 nan -84.7080
-84.6606 -84.6690 -84.7712
-84.7049 nan -84.7049
-84.5657 nan -84.5657
-84.6347 -84.6428 -84.6806
-84.5395 -84.6034 -84.6504
-84.6271 nan -84.6271
-84.6023 -84.6368 -84.6527
-84.4966 -84.6293 -84.6434
-84.4436 nan -84.4436
-84.4472 -84.5544 -84.5799
-84.3365 -84.5354 -84.5556
-84.3340 nan -84.3340
-84.3928 nan -84.3928
-84.5269 nan -84.5269
-84.5314 -84.4399 -84.4179
-84.5123 -84.4398 -84.4459
-84.4563 -84.4409 -84.4636
-84.3719 nan -84.3719
-84.3013 nan -84.3013
-84.4537 nan -84.4537
-84.4610 nan -84.4610
-84.3277 -84.4145 -84.4053
-84.3536 nan -84.3536
-84.2995 nan -84.2995
-84.2206 nan -84.2206
-84.2897 -84.3429 -84.2912
-84.3039 nan -84.3039
-84.3274 nan -84.3274
-84.3072 -84.3654 -84.3075
-84.2621 -84.3498 -84.3130
-84.4563 nan -84.4563
-84.2806 nan -84.2806
-84.7256 nan -84.7256
-84.4465 nan -84.4465
-84.3596 -84.4194 -84.4842
-84.3150 nan -84.3150
-84.3106 nan -84.3106
-84.4067 nan -84.4067
-84.3190 nan -84.3190
-84.3583 nan -84.3583
-84.2431 -84.2242 -84.3614
-84.0749 nan -84.0749
-84.0528 nan -84.0528
-83.9062 nan -83.9062
-83.8532 -83.9060 -84.0113
-83.9072 -83.9094 -83.9901
-83.8371 -83.8940 -83.9692
-83.7906 nan -83.7906
-83.9928 nan -83.9928
-84.0050 -83.8558 -83.9175
-83.7483 -83.8724 -83.9003
-83.7332 -83.9068 -83.9369
-83.8264 -83.8986 -83.9183
-83.6307 nan -83.6307
-83.6886 -83.7960 -83.8286
-83.5196 nan -83.5196
-83.5703 -83.7492 -83.6596
-83.6897 -83.8051 -83.6693
-83.6970 -83.7720 -83.6162
-83.8013 nan -83.8013
-83.8351 nan -83.8351
-83.7597 nan -83.7597
-83.7458 -83.7953 -83.7987
-83.5916 -83.8096 -83.7979
-83.6129 -83.8451 -83.7854
-83.6400 -83.8741 -83.7940
-83.5663 -83.8749 -83.7924
-83.4095 nan -83.4095
-83.4864 nan -83.4864
-83.5581 nan -83.5581
-83.4305 nan -83.4305
-83.2999 nan -83.2999
-83.3306 -83.6397 -83.4295
-83.3395 -83.5648 -83.3866
-83.3701 nan -83.3701
-83.3297 nan -83.3297
-83.2389 nan -83.2389
-83.2140 nan -83.2140
-83.3708 -83.5470 -83.2608
-83.2991 nan -83.2991
-83.2977 nan -83.2977
-83.5118 nan -83.5118
-83.6237 nan -83.6237
-83.5207 nan -83.5207
-83.4920 -83.6324 -83.5521
-83.4081 nan -83.4081
-83.4744 -83.4932 -83.4936
-83.4100 nan -83.4100
