0.0000 0.0000 0.0000
-97.9660 nan -97.9660
-98.0115 nan -98.0115
-97.9751 nan -97.9751
-97.9475 nan -97.9475
-97.9917 nan -97.9917
-98.1866 nan -98.1866
-98.0915 nan -98.0915
-97.9468 nan -97.9468
-98.1212 nan -98.1212
-98.1921 nan -98.1921
-98.1384 nan -98.1384
-98.1903 nan -98.1903
-98.0695 nan -98.0695
-98.2520 nan -98.2520
-98.1492 nan -98.1492
-98.3655 nan -98.3655
-98.4216 nan -98.4216
-98.4328 nan -98.4328
-98.1925 nan -98.1925
-98.3489 nan -98.3489
-98.3464 nan -98.3464
-98.3904 nan -98.3904
-98.3149 nan -98.3149
-98.2303 nan -98.2303
-98.1132 nan -98.1132
-98.2364 nan -98.2364
-98.2862 nan -98.2862
-98.4169 nan -98.4169
-98.5322 nan -98.5322
-98.4069 nan -98.4069
-98.4771 nan -98.4771
-98.8648 nan -98.8648
-98.9700 nan -98.9700
-99.0146 nan -99.0146
-98.7349 nan -98.7349
-98.7737 nan -98.7737
-98.6922 nan -98.6922
-99.0484 nan -99.0484
-98.8566 nan -98.8566
-98.7796 nan -98.7796
-98.7802 nan -98.7802
-98.9340 nan -98.9340
-98.7221 nan -98.7221
-98.9223 nan -98.9223
-98.6410 nan -98.6410
-98.6523 nan -98.6523
-98.6155 nan -98.6155
-98.6358 nan -98.6358
-98.7021 nan -98.7021
-98.8055 nan -98.8055
-98.8952 nan -98.8952
-98.7994 nan -98.7994
-99.0413 nan -99.0413
-98.7338 nan -98.7338
-98.9775 nan -98.9775
-99.0971 nan -99.0971
-99.0459 nan -99.0459
-98.9741 nan -98.9741
-99.0094 nan -99.0094
-99.1880 nan -99.1880
-98.9472 nan -98.9472
-99.0927 nan -99.0927
-98.9997 nan -98.9997
-98.9230 nan -98.9230
-99.0109 nan -99.0109
-99.0565 nan -99.0565
-99.2274 nan -99.2274
-99.1984 nan -99.1984
-98.9236 nan -98.9236
-98.9291 nan -98.9291
-98.9695 nan -98.9695
-98.8094 nan -98.8094
-98.8123 nan -98.8123
-98.8393 nan -98.8393
-98.7659 nan -98.7659
-98.6880 nan -98.6880
-98.5992 nan -98.5992
-98.8967 nan -98.8967
-98.5022 nan -98.5022
-98.4658 nan -98.4658
-98.4985 nan -98.4985
-98.3672 nan -98.3672
-98.5740 nan -98.5740
-98.6101 nan -98.6101
-98.8520 nan -98.8520
-98.6840 nan -98.6840
-98.6465 nan -98.6465
-98.5222 nan -98.5222
-98.5440 nan -98.5440
-98.7619 nan -98.7619
-98.7121 nan -98.7121
-98.5768 nan -98.5768
-98.4053 nan -98.4053
-98.4346 nan -98.4346
-98.5133 nan -98.5133
-98.6541 nan -98.6541
-98.6193 nan -98.6193
-98.6701 nan -98.6701
-98.8064 nan -98.8064
-98.6967 nan -98.6967
-98.5888 nan -98.5888
-98.5094 -98.6317 -98.6973
-98.5877 nan -98.5877
-98.6669 nan -98.6669
-98.5948 nan -98.5948
-98.5566 -98.6284 -98.6165
-98.5079 nan -98.5079
-98.4881 nan -98.4881
-98.3978 -98.5713 -98.5375
-98.4011 -98.5609 -98.5112
-98.5118 -98.6031 -98.5123
-98.4621 nan -98.4621
-98.6049 -98.6641 -98.4952
-98.6109 nan -98.6109
-98.7403 -98.7470 -98.5227
-98.9226 -98.7593 -98.5429
-98.8652 nan -98.8652
-98.7286 nan -98.7286
-98.8127 nan -98.8127
-98.9833 -98.9180 -98.8022
-98.8133 nan -98.8133
-98.4458 nan -98.4458
-98.3688 nan -98.3688
-98.3154 nan -98.3154
-98.2325 nan -98.2325
-98.2394 -98.5435 -98.3056
-98.2142 nan -98.2142
-98.3494 -98.5202 -98.2508
-98.2076 nan -98.2076
-98.3516 -98.4769 -98.2242
-98.1604 nan -98.1604
-98.1146 nan -98.1146
-98.1593 nan -98.1593
-98.1748 nan -98.1748
-98.0099 -98.2379 -98.1496
-98.2655 nan -98.2655
-98.1648 nan -98.1648
-98.0597 nan -98.0597
-98.0829 -98.2338 -98.1633
-98.0710 -98.1566 -98.1293
-97.9783 nan -97.9783
-97.8797 -98.1866 -98.0903
-97.9378 -98.2417 -98.0660
-97.8817 nan -97.8817
-97.9451 nan -97.9451
-97.8891 -98.0702 -97.9643
-97.8265 nan -97.8265
-97.8238 -98.0468 -97.9119
-98.0371 nan -98.0371
-98.2652 nan -98.2652
-97.9367 -98.0403 -98.0714
-98.1600 nan -98.1600
-98.0340 -98.0381 -98.1655
-98.0308 nan -98.0308
-98.0776 -98.0002 -98.1188
-98.2501 nan -98.2501
-98.0870 -97.9710 -98.1332
-98.0877 nan -98.0877
-98.0544 nan -98.0544
-98.3675 nan -98.3675
-98.3986 nan -98.3986
-98.5794 -98.0497 -98.2735
-98.6152 nan -98.6152
-98.4596 nan -98.4596
-98.3908 nan -98.3908
-98.5345 nan -98.5345
-98.3369 nan -98.3369
-98.2464 -98.1275 -98.4207
-98.0661 nan -98.0661
-97.9893 -97.9029 -98.2745
-97.9424 -97.9807 -98.2538
-98.2857 nan -98.2857
-98.5150 -98.0030 -98.2713
-98.6064 -98.1422 -98.2703
-98.5027 -98.2744 -98.2757
-98.6097 -98.2348 -98.2724
-98.4808 -98.2625 -98.2728
-98.3539 -98.2189 -98.2737
-98.2790 nan -98.2790
-98.3962 -98.2267 -98.2751
-98.5993 nan -98.5993
-98.5049 nan -98.5049
-98.4648 -98.3273 -98.4598
-98.4751 nan -98.4751
-98.3520 -98.2810 -98.4799
-98.2388 -98.3208 -98.4716
-98.3911 -98.3991 -98.4755
-98.6150 -98.4653 -98.4757
-98.6881 nan -98.6881
-98.8322 nan -98.8322
-98.7747 nan -98.7747
-98.5759 -98.6091 -98.7650
-98.6822 nan -98.6822
-98.5925 -98.5850 -98.7406
-98.5885 nan -98.5885
-98.7295 nan -98.7295
-98.7703 -98.5422 -98.6862
-98.7960 -98.4538 -98.6681
-98.9586 -98.5052 -98.6946
-99.1954 -98.5039 -98.6830
-98.9071 -98.4612 -98.6819
-98.9874 nan -98.9874
-99.1128 -98.4216 -98.7841
-99.2976 nan -99.2976
-98.9579 nan -98.9579
-99.0948 nan -99.0948
-99.0662 nan -99.0662
-98.8945 -98.4836 -99.0396
-99.0860 -98.5454 -99.0669
-99.3271 nan -99.3271
-98.8312 nan -98.8312
-98.7970 -98.5153 -99.0751
-98.8707 -98.5237 -99.0778
-98.9255 -98.4300 -98.9947
-99.0920 nan -99.0920
-99.1282 -98.5340 -99.0548
-99.0451 nan -99.0451
-98.9660 nan -98.9660
-98.9038 nan -98.9038
-98.7394 -98.5080 -98.9716
-98.6636 nan -98.6636
-98.7760 -98.4401 -98.8463
-98.6350 nan -98.6350
-98.6623 nan -98.6623
-98.8944 -98.3549 -98.7146
-99.1067 nan -99.1067
-98.8494 nan -98.8494
-98.6091 -98.4138 -98.8902
-98.5706 nan -98.5706
-98.5365 nan -98.5365
-98.3402 nan -98.3402
-98.1690 nan -98.1690
-98.3367 -98.1853 -98.3486
-98.4059 nan -98.4059
-98.5532 -98.1872 -98.3078
-98.6500 -98.2143 -98.3541
-98.6212 -98.2131 -98.3559
-98.4763 -98.2141 -98.3393
-98.5151 -98.2316 -98.3498
-98.2791 -98.2118 -98.3483
-98.1862 -98.2099 -98.3458
-98.1463 -98.2124 -98.3479
-98.1891 nan -98.1891
-98.1515 nan -98.1515
-97.9693 nan -97.9693
-97.9991 nan -97.9991
-97.9806 nan -97.9806
-97.8333 -97.9958 -97.9830
-97.7980 nan -97.7980
-97.6772 -97.9708 -97.9205
-97.8622 nan -97.8622
-97.7478 nan -97.7478
-97.6069 nan -97.6069
-97.4535 -97.8616 -97.7390
-97.5364 -97.8408 -97.6979
-97.4621 nan -97.4621
-97.6059 -97.8025 -97.6330
-97.5369 -97.7589 -97.5977
-97.4031 -97.7542 -97.5643
-97.6104 -97.7702 -97.5983
-97.6460 nan -97.6460
-97.7169 -97.7347 -97.6029
-97.7902 nan -97.7902
-97.7755 nan -97.7755
-97.7712 nan -97.7712
-97.9698 -97.7879 -97.7789
-97.9348 nan -97.9348
-98.0847 -97.8435 -97.8283
-98.0277 -97.8645 -97.8473
-98.1006 -97.8884 -97.8701
-98.1756 nan -98.1756
-98.2427 -97.9503 -97.9644
-98.1753 nan -98.1753
-98.3327 -98.0304 -98.1051
-98.2136 nan -98.2136
-98.2916 -98.0763 -98.1647
-98.1955 nan -98.1955
-98.1299 -98.0771 -98.1913
-98.1565 nan -98.1565
-97.9991 -98.0890 -98.1811
-97.7428 -98.0876 -98.1763
-97.7153 nan -97.7153
-97.7784 nan -97.7784
-97.8615 nan -97.8615
-97.9775 nan -97.9775
-98.0101 nan -98.0101
-98.0413 -98.0150 -97.9497
-97.9082 -98.0095 -97.9791
-98.0482 -98.0457 -97.9797
-98.3082 nan -98.3082
-98.1525 nan -98.1525
-98.3379 -98.1574 -98.1468
-98.4270 -98.1822 -98.2025
-98.6593 -98.1607 -98.1672
-98.5587 nan -98.5587
-98.6321 nan -98.6321
-98.5166 -98.3066 -98.4527
-98.1474 nan -98.1474
-98.0920 -98.2685 -98.4107
-98.1940 nan -98.1940
-98.2091 -98.1861 -98.2507
-98.6541 -97.6076 -98.2852
-98.7331 -97.5767 -98.2433
-98.8816 -97.6526 -98.2597
-98.9244 -97.6088 -98.2627
-98.9930 nan -98.9930
-99.0245 nan -99.0245
-98.9592 nan -98.9592
-98.9526 nan -98.9526
-99.0812 nan -99.0812
-99.0360 nan -99.0360
-99.2342 nan -99.2342
-99.2184 -98.0990 -99.1171
-98.9829 nan -98.9829
-99.2933 -98.1740 -99.1114
-99.2692 nan -99.2692
-99.2858 nan -99.2858
-99.2872 nan -99.2872
-99.3492 nan -99.3492
-99.2822 nan -99.2822
-99.4012 nan -99.4012
-99.3958 -98.4421 -99.3442
-99.5237 nan -99.5237
-99.5049 nan -99.5049
-99.5149 -98.4699 -99.4576
-99.5034 nan -99.5034
-99.6116 nan -99.6116
-99.7963 -98.4477 -99.5242
-100.1218 nan -100.1218
-99.7215 nan -99.7215
-99.7431 nan -99.7431
-99.6105 nan -99.6105
-99.9864 nan -99.9864
-99.8345 nan -99.8345
-99.7569 -98.7522 -99.8104
-99.6890 nan -99.6890
-99.7050 -98.6897 -99.7780
-99.6370 -98.6732 -99.7591
-99.7060 -98.6828 -99.7420
-99.7582 nan -99.7582
-99.7116 nan -99.7116
-99.7874 -98.6889 -99.7373
-100.0162 -98.7044 -99.7357
-99.9654 -98.6561 -99.7282
-100.0041 nan -100.0041
-99.8279 -98.6059 -99.8227
-99.9291 -98.6862 -99.8517
-100.0823 nan -100.0823
-99.5926 nan -99.5926
-99.5196 nan -99.5196
-99.3950 nan -99.3950
-99.5383 -98.3696 -99.5024
-99.4768 nan -99.4768
-99.6051 nan -99.6051
-99.4139 nan -99.4139
-99.5639 nan -99.5639
-99.6520 -98.3447 -99.5276
-99.6655 nan -99.6655
-99.6810 -98.3022 -99.5857
-99.7768 nan -99.7768
-99.8932 -98.3497 -99.6760
-99.8003 nan -99.8003
-100.1507 -98.4657 -99.7510
-100.0371 nan -100.0371
-100.4155 nan -100.4155
-100.5294 -98.7359 -100.0679
-100.4591 -98.8372 -100.1735
-100.2089 -98.8594 -100.2189
-100.0815 -98.8693 -100.1534
-99.9706 -98.8560 -100.1820
-100.1062 nan -100.1062
-100.0154 nan -100.0154
-99.9532 nan -99.9532
-100.0417 nan -100.0417
-99.9840 nan -99.9840
-99.7349 -98.7248 -99.9930
-99.7183 nan -99.7183
-99.8111 -98.7843 -99.8984
-99.9181 nan -99.9181
-99.8737 -98.6864 -99.8449
-99.8893 -98.8127 -99.8871
-99.8623 -98.6959 -99.8834
-99.9747 nan -99.9747
-100.0051 -98.6754 -99.9151
-100.0845 -98.5781 -99.9244
-100.0372 -98.5921 -99.9381
-99.8419 -98.4787 -99.9258
-99.8544 -98.3893 -99.9294
-99.8035 nan -99.8035
-99.7444 -98.3643 -99.8863
-99.7913 nan -99.7913
-99.7537 nan -99.7537
-99.9309 nan -99.9309
-99.7966 nan -99.7966
-99.8243 -98.3717 -99.8271
-99.4900 -98.3676 -99.8515
-99.3993 nan -99.3993
-99.3565 -98.2866 -99.6926
-99.5249 nan -99.5249
-99.7141 nan -99.7141
-99.7831 -98.5193 -99.6439
-100.0370 -99.0426 -99.6276
-100.2776 nan -100.2776
-100.4022 nan -100.4022
-100.1036 -99.2644 -100.1025
-100.2560 -99.4264 -100.2607
-100.2466 -99.4275 -100.2551
-100.0715 nan -100.0715
-100.1786 -99.3937 -100.1958
-100.2230 nan -100.2230
-100.1175 -99.3802 -100.1634
-100.0438 -99.4010 -100.1941
-100.0854 nan -100.0854
-99.9615 nan -99.9615
-100.0442 nan -100.0442
-99.9514 nan -99.9514
-100.0422 nan -100.0422
-99.9606 nan -99.9606
-99.9332 nan -99.9332
-99.8885 -99.2946 -99.9787
-99.8892 nan -99.8892
-99.7249 -99.2637 -99.9337
-99.7547 nan -99.7547
-99.8011 nan -99.8011
-99.9889 -99.1898 -99.8298
-99.9784 -99.1637 -99.7952
-99.9709 -99.1541 -99.8087
-99.9204 -99.1456 -99.8113
-99.8399 nan -99.8399
-99.8314 -99.1445 -99.8199
-99.9561 -99.1634 -99.8237
-99.9343 -99.1457 -99.8278
-99.8443 nan -99.8443
-99.8854 nan -99.8854
-99.8838 nan -99.8838
-99.7670 -99.1447 -99.8712
-99.9491 -99.1489 -99.8801
-99.9539 nan -99.9539
-99.9675 -99.2001 -99.9018
-99.9719 -99.2179 -99.9119
-100.0275 -99.1959 -99.9225
-100.2483 -99.1953 -99.9121
-100.0801 -99.1199 -99.9155
-100.4941 nan -100.4941
-100.2028 nan -100.2028
-100.1146 -99.3219 -100.2042
-100.2109 -99.3407 -100.3004
-100.2161 -99.3468 -100.2358
-100.2972 nan -100.2972
-100.2355 -99.3881 -100.2778
-100.2623 nan -100.2623
-100.0830 nan -100.0830
-99.9488 -99.1752 -100.2077
-99.9195 -99.1568 -100.1843
-99.7301 nan -99.7301
-99.7430 nan -99.7430
-99.8150 nan -99.8150
-99.7526 -98.8354 -99.7627
-99.6577 nan -99.6577
-99.9534 nan -99.9534
-99.7076 nan -99.7076
-99.4063 nan -99.4063
-99.7790 -98.8174 -99.6891
-99.8404 nan -99.8404
-99.5871 nan -99.5871
-99.7383 -98.7595 -99.7055
-99.6115 nan -99.6115
-99.7852 nan -99.7852
-99.7607 nan -99.7607
-99.6796 nan -99.6796
-99.7468 -98.7317 -99.7418
-99.8166 -98.7582 -99.7274
-99.7480 -98.7172 -99.7163
-99.6508 -98.6841 -99.7285
-99.5531 -98.6990 -99.7241
-99.6349 nan -99.6349
-99.6411 -98.7625 -99.6958
-99.5218 nan -99.5218
-99.4969 nan -99.4969
-99.6208 -98.6171 -99.5715
-99.7379 -98.5916 -99.5300
-99.6166 nan -99.6166
-99.6505 -98.5893 -99.5727
-99.6443 -98.6318 -99.5731
-99.6815 -98.6189 -99.5875
-99.7966 -98.6037 -99.5778
-99.7302 nan -99.7302
-99.5995 nan -99.5995
-99.4892 nan -99.4892
-99.6838 nan -99.6838
-99.5630 -98.6505 -99.5908
-99.5554 nan -99.5554
-99.6867 -98.6729 -99.6100
-99.7163 -98.6844 -99.5854
-99.7545 -98.6580 -99.5836
-99.6593 nan -99.6593
-99.6597 -98.5879 -99.6094
-99.5327 nan -99.5327
-99.4096 nan -99.4096
