0.0000 0.0000 0.0000
-155.5113 nan -155.5113
-155.5836 nan -155.5836
-155.5258 nan -155.5258
-155.4819 nan -155.4819
-155.5521 nan -155.5521
-155.8614 nan -155.8614
-156.0298 nan -156.0298
-155.8043 nan -155.8043
-156.0795 nan -156.0795
-156.1986 nan -156.1986
-156.1102 nan -156.1102
-156.1802 nan -156.1802
-155.9571 nan -155.9571
-156.2530 nan -156.2530
-156.0779 nan -156.0779
-156.4039 nan -156.4039
-156.4755 nan -156.4755
-156.4911 nan -156.4911
-156.1081 nan -156.1081
-156.3748 nan -156.3748
-156.3726 nan -156.3726
-156.4442 nan -156.4442
-156.2928 nan -156.2928
-156.1662 nan -156.1662
-155.9868 nan -155.9868
-156.1874 nan -156.1874
-156.2768 nan -156.2768
-156.4782 nan -156.4782
-156.6486 nan -156.6486
-156.4554 nan -156.4554
-156.5726 nan -156.5726
-157.1809 nan -157.1809
-157.3373 nan -157.3373
-157.4011 nan -157.4011
-156.9571 nan -156.9571
-157.0172 nan -157.0172
-156.8811 nan -156.8811
-157.4406 nan -157.4406
-156.5645 nan -156.5645
-156.4470 nan -156.4470
-156.4409 nan -156.4409
-156.6888 nan -156.6888
-156.3656 nan -156.3656
-156.6847 nan -156.6847
-156.5678 nan -156.5678
-156.5779 nan -156.5779
-156.5336 nan -156.5336
-156.5895 nan -156.5895
-156.7061 nan -156.7061
-156.9767 nan -156.9767
-157.1099 nan -157.1099
-156.9627 nan -156.9627
-157.3721 nan -157.3721
-156.8744 nan -156.8744
-157.2517 nan -157.2517
-157.4463 nan -157.4463
-157.3672 nan -157.3672
-157.2709 nan -157.2709
-157.3061 nan -157.3061
-157.5695 nan -157.5695
-157.4594 nan -157.4594
-157.6687 nan -157.6687
-157.5089 nan -157.5089
-157.3955 nan -157.3955
-157.5259 nan -157.5259
-157.5959 nan -157.5959
-157.8584 nan -157.8584
-157.5458 nan -157.5458
-157.0918 nan -157.0918
-157.0896 nan -157.0896
-157.1653 nan -157.1653
-156.9521 nan -156.9521
-156.9575 nan -156.9575
-156.9737 nan -156.9737
-156.8299 nan -156.8299
-156.6718 nan -156.6718
-156.5349 nan -156.5349
-157.0269 nan -157.0269
-156.9142 nan -156.9142
-156.8699 nan -156.8699
-156.9133 nan -156.9133
-156.6993 nan -156.6993
-157.0647 nan -157.0647
-157.1551 nan -157.1551
-157.5521 nan -157.5521
-157.3029 nan -157.3029
-157.1930 nan -157.1930
-157.0424 nan -157.0424
-157.0992 nan -157.0992
-157.5184 nan -157.5184
-157.4213 nan -157.4213
-157.1859 nan -157.1859
-156.9418 nan -156.9418
-157.0356 nan -157.0356
-157.0493 nan -157.0493
-157.2713 nan -157.2713
-157.2533 nan -157.2533
-157.3432 nan -157.3432
-157.4841 nan -157.4841
-157.2736 nan -157.2736
-157.1309 nan -157.1309
-157.0059 nan -157.0059
-157.1335 -157.1212 -157.1368
-157.2519 -157.0969 -157.0912
-157.0837 -157.1200 -157.0780
-157.0351 nan -157.0351
-156.9255 nan -156.9255
-156.9249 -157.0696 -157.0128
-156.8011 -157.0830 -156.9911
-156.7981 nan -156.7981
-157.0089 -157.1027 -156.9340
-156.9748 nan -156.9748
-157.1509 -157.0924 -156.9023
-157.1359 -157.1332 -156.9370
-157.3094 nan -157.3094
-157.6297 nan -157.6297
-157.5926 -157.3558 -157.2920
-157.3591 -157.4153 -157.4103
-157.5385 nan -157.5385
-157.8315 -157.4405 -157.4136
-157.8512 nan -157.8512
-157.2890 nan -157.2890
-157.1871 -157.4709 -157.5180
-157.2138 -157.4571 -157.5527
-157.0844 nan -157.0844
-157.1271 nan -157.1271
-157.1227 nan -157.1227
-157.3325 -157.2508 -157.1114
-157.3229 nan -157.3229
-157.5223 nan -157.5223
-157.2225 nan -157.2225
-157.1609 -157.3653 -157.3559
-157.2749 nan -157.2749
-157.2961 nan -157.2961
-157.0802 -157.1401 -157.3089
-157.1784 nan -157.1784
-157.0355 -157.0917 -157.2611
-156.8865 nan -156.8865
-156.9009 -156.9495 -157.1087
-156.8562 -156.9084 -157.0854
-156.7837 nan -156.7837
-156.6875 nan -156.6875
-156.7872 -156.8802 -156.8522
-156.6472 -156.8368 -156.7745
-156.7472 nan -156.7472
-156.6524 -156.7347 -156.7913
-156.5958 nan -156.5958
-156.5877 -156.6951 -156.7114
-156.8710 nan -156.8710
-157.2840 -156.6770 -156.7261
-156.7795 -156.6276 -156.7695
-157.1589 -156.6291 -156.7888
-156.9911 nan -156.9911
-156.9139 nan -156.9139
-156.9504 nan -156.9504
-157.1802 nan -157.1802
-156.9121 nan -156.9121
-157.0231 -156.5490 -157.0142
-157.0147 -156.5919 -157.0355
-157.5881 nan -157.5881
-157.1099 -156.6504 -157.2126
-157.4132 -156.7878 -157.2787
-157.6045 -156.7550 -157.3598
-157.3438 -156.7722 -157.2837
-157.2408 -156.7339 -157.3074
-157.3760 nan -157.3760
-157.2836 nan -157.2836
-157.1532 -156.7705 -157.3223
-156.8846 -156.6096 -157.3273
-156.8612 -156.5347 -157.3111
-156.7796 nan -156.7796
-157.2066 -156.6665 -157.1393
-157.5785 -156.5623 -157.0767
-157.6811 nan -157.6811
-157.2736 nan -157.2736
-157.5191 nan -157.5191
-157.3667 -156.9465 -157.4912
-157.1607 nan -157.1607
-157.0661 -156.8642 -157.3903
-157.3532 -156.8428 -157.3474
-157.6855 nan -157.6855
-157.5277 nan -157.5277
-157.4759 nan -157.4759
-157.5328 -156.8937 -157.5630
-157.4640 -156.7838 -157.5222
-157.2983 nan -157.2983
-157.5469 nan -157.5469
-157.8883 nan -157.8883
-157.6841 -157.0207 -157.5778
-157.9494 -157.0685 -157.6710
-157.8522 -157.0584 -157.7124
-157.5196 nan -157.5196
-157.5896 -157.0852 -157.6343
-157.4383 nan -157.4383
-157.3678 nan -157.3678
-157.5260 nan -157.5260
-157.6445 nan -157.6445
-157.7463 nan -157.7463
-158.1871 nan -158.1871
-158.5702 -157.0193 -157.8593
-158.2729 -157.0031 -157.9309
-156.8961 nan -156.8961
-157.2640 -155.9725 -157.5621
-157.8203 -155.8690 -157.4630
-157.9157 -155.7579 -157.3071
-158.1440 nan -158.1440
-157.9334 nan -157.9334
-157.4611 nan -157.4611
-158.0841 nan -158.0841
-158.3019 nan -158.3019
-157.2931 -155.8642 -157.9490
-156.9315 -156.0318 -158.1117
-157.2204 nan -157.2204
-156.9312 nan -156.9312
-157.2996 nan -157.2996
-157.1822 -155.6267 -157.1504
-156.9885 nan -156.9885
-156.9072 nan -156.9072
-156.7527 nan -156.7527
-156.2871 nan -156.2871
-155.9987 nan -155.9987
-156.0346 -155.4852 -156.3462
-155.8640 nan -155.8640
-155.9166 nan -155.9166
-156.2655 nan -156.2655
-156.7036 nan -156.7036
-156.6160 -155.5154 -156.2953
-155.9757 -155.4055 -156.4215
-156.0882 -155.4167 -156.4734
-155.9399 nan -155.9399
-155.2664 -155.2449 -156.2783
-155.1422 nan -155.1422
-155.1960 -155.3132 -155.7868
-155.3215 nan -155.3215
-155.5665 -155.2188 -155.4168
-155.6671 nan -155.6671
-155.4384 nan -155.4384
-155.1188 -155.1953 -155.5074
-155.0041 -155.2794 -155.5376
-154.5131 -155.1191 -155.4945
-154.4137 nan -154.4137
-154.3882 nan -154.3882
-154.4241 nan -154.4241
-154.6655 -154.6317 -154.4087
-154.4179 nan -154.4179
-154.4834 nan -154.4834
-154.4849 nan -154.4849
-154.0539 -154.4658 -154.4621
-153.9855 -154.4108 -154.4768
-153.7905 -154.3273 -154.4746
-153.6935 nan -153.6935
-153.2823 nan -153.2823
-152.9606 nan -152.9606
-152.4720 -153.6545 -153.3121
-152.6043 nan -152.6043
-152.2722 -153.4062 -152.9590
-152.6211 -153.4632 -152.9585
-152.5778 nan -152.5778
-152.3860 -153.4045 -152.8317
-152.7693 nan -152.7693
-152.7439 -153.2704 -152.7263
-152.9683 -153.2556 -152.7758
-152.7453 nan -152.7453
-152.7723 -153.2312 -152.7491
-152.5849 nan -152.5849
-152.9587 -153.1656 -152.6931
-152.8681 -153.0135 -152.6757
-153.0072 -153.1043 -152.6512
-152.7530 nan -152.7530
-152.8044 -153.4054 -152.6933
-152.8166 nan -152.8166
-152.8946 nan -152.8946
-152.7280 nan -152.7280
-153.1164 nan -153.1164
-152.9110 nan -152.9110
-153.1521 -153.4808 -152.9185
-153.0409 nan -153.0409
-152.9670 nan -152.9670
-152.9834 nan -152.9834
-152.7210 -153.5723 -152.9971
-152.3440 nan -152.3440
-152.4480 nan -152.4480
-152.5783 -153.2981 -152.5964
-152.5868 nan -152.5868
-152.7882 nan -152.7882
-152.8784 -152.9847 -152.6571
-152.8565 nan -152.8565
-152.6810 nan -152.6810
-152.9325 nan -152.9325
-153.3005 -153.4381 -152.8233
-153.1328 -153.3834 -152.8123
-153.2494 nan -153.2494
-153.3179 nan -153.3179
-153.7343 -153.6407 -153.1265
-153.2250 -153.5204 -153.2313
-153.2431 -153.4894 -153.2252
-153.0876 -153.5591 -153.1943
-152.5261 nan -152.5261
-152.4602 -153.3007 -152.9819
-152.5818 -153.2613 -152.9008
-152.4307 -153.0039 -152.8029
-155.6130 -152.8462 -152.8952
-155.6898 -152.8160 -152.8663
-156.0740 nan -156.0740
-155.5013 -153.2836 -153.9451
-155.3422 nan -155.3422
-155.7906 nan -155.7906
-155.5360 nan -155.5360
-155.5202 nan -155.5202
-155.7282 nan -155.7282
-155.6603 nan -155.6603
-155.7290 -154.3164 -155.6362
-155.4630 nan -155.4630
-155.1257 -154.0913 -155.5865
-155.2460 nan -155.2460
-155.0620 -153.9996 -155.4318
-155.0803 -154.0098 -155.4214
-155.1319 nan -155.1319
-155.1432 -154.0788 -155.3284
-154.9932 -154.2417 -155.2939
-155.1360 -154.1689 -155.2514
-155.4802 -154.2494 -155.2912
-155.7120 -154.2949 -155.2788
-155.5886 -154.2993 -155.2738
-155.4467 nan -155.4467
-155.6331 -154.2466 -155.3331
-155.8748 nan -155.8748
-156.2577 -154.3502 -155.5515
-156.7995 nan -156.7995
-156.6204 nan -156.6204
-156.5946 -154.7203 -156.3238
-156.1524 -154.8987 -156.5812
-156.5616 nan -156.5616
-156.1632 nan -156.1632
-156.1092 -154.9784 -156.4353
-155.8437 nan -155.8437
-155.9093 -154.7408 -156.1474
-155.9261 -154.7198 -156.1421
-156.1040 -154.7851 -156.0444
-156.0732 nan -156.0732
-156.0777 nan -156.0777
-156.0409 nan -156.0409
-156.3591 nan -156.3591
-156.2792 nan -156.2792
-156.4413 -154.8354 -156.2264
-156.0443 -154.7496 -156.2882
-156.2431 nan -156.2431
-156.2261 -154.8252 -156.2526
-155.7249 -154.7849 -156.2613
-155.3436 nan -155.3436
-155.4092 nan -155.4092
-155.8418 -154.5513 -155.6714
-155.9216 nan -155.9216
-156.0424 -154.5205 -155.6674
-155.6533 nan -155.6533
-156.0233 nan -156.0233
-155.9479 -154.4654 -155.7813
-156.1758 nan -156.1758
-156.2644 nan -156.2644
-156.4250 -154.5574 -156.0738
-156.6347 nan -156.6347
-156.4682 nan -156.4682
-157.0368 -154.8080 -156.3922
-156.9277 nan -156.9277
-157.5123 nan -157.5123
-157.6257 -155.2688 -156.9441
-157.6943 -155.4018 -157.1280
-157.4904 nan -157.4904
-157.6841 -155.5229 -157.1875
-157.5749 -155.6079 -157.2687
-157.7980 -155.7394 -157.3155
-157.8576 nan -157.8576
-157.8841 -155.8762 -157.4806
-157.8897 -156.0371 -157.5512
-157.8916 -155.9875 -157.6298
-157.4628 -155.8078 -157.5539
-157.4586 -155.8556 -157.5783
-157.5566 -156.0246 -157.5873
-157.6116 nan -157.6116
-157.8188 -155.9589 -157.5924
-158.1408 -156.1252 -157.5971
-157.4654 -155.7800 -157.6004
-157.6418 -155.7974 -157.5967
-158.1160 nan -158.1160
-157.9505 -155.7213 -157.7710
-158.0747 nan -158.0747
-157.7096 nan -157.7096
-158.0422 -155.6213 -157.8518
-158.0129 -155.6102 -157.8787
-157.7435 nan -157.7435
-157.6967 -155.6271 -157.8247
-157.6100 -155.5516 -157.8156
-157.9222 -155.7389 -157.7946
-157.7428 -155.6443 -157.8117
-157.6408 nan -157.6408
-157.0587 nan -157.0587
-157.2116 nan -157.2116
-157.1521 -155.3090 -157.3037
-157.5179 nan -157.5179
-157.3697 -155.4398 -157.3444
-157.3896 -155.6749 -157.3887
-157.0927 -156.5225 -157.4170
-156.9120 -156.4524 -157.3834
-157.0525 nan -157.0525
-156.8200 nan -156.8200
-156.6603 -156.2522 -157.0853
-156.7265 -156.1981 -156.9860
-156.3175 -156.2004 -156.9638
-156.4584 nan -156.4584
-156.5391 -156.1351 -156.8027
-156.4627 nan -156.4627
-156.3370 nan -156.3370
-156.6245 nan -156.6245
-156.3589 nan -156.3589
-156.5303 nan -156.5303
-156.3839 -155.9627 -156.5046
-156.4635 nan -156.4635
-156.4939 nan -156.4939
-156.2176 nan -156.2176
-156.1098 -155.9604 -156.3917
-156.2445 nan -156.2445
-156.0162 nan -156.0162
-156.0083 -155.7710 -156.2174
-155.7895 -155.7461 -156.1594
-156.0588 -155.7362 -156.1310
-156.0438 nan -156.0438
-156.1593 -155.6591 -156.1114
-156.0961 nan -156.0961
-156.0306 nan -156.0306
-156.1929 -155.6864 -156.0794
-156.1708 -155.7235 -156.0687
-156.2264 -155.6538 -156.0596
-156.0567 -155.6718 -156.0692
-156.1530 nan -156.1530
-156.1361 -155.5997 -156.0939
-155.7063 -155.5549 -156.1054
-156.1669 nan -156.1669
-155.6169 -155.5258 -156.1221
-155.6036 nan -155.6036
-155.7294 -155.5352 -155.9642
-155.8403 -155.4616 -155.8966
-156.2190 -155.4366 -155.8215
-156.1055 nan -156.1055
-156.5061 -155.6014 -155.9412
-156.5022 nan -156.5022
-156.3007 nan -156.3007
-156.6430 nan -156.6430
-156.5640 -155.9432 -156.4820
-156.7588 -155.9978 -156.4753
-156.8065 nan -156.8065
-156.9025 nan -156.9025
-156.8543 nan -156.8543
-156.7287 -155.9288 -156.8544
-156.9075 nan -156.9075
-156.6684 -155.8047 -156.8721
-156.5963 nan -156.5963
-156.9044 -155.7878 -156.7920
-156.9713 -155.7578 -156.7534
-156.7069 -155.7027 -156.7139
-157.0245 -155.7031 -156.7531
-157.1686 nan -157.1686
-156.6318 -155.8120 -156.8785
-156.8832 -155.8656 -156.9334
-156.7158 nan -156.7158
-156.7376 nan -156.7376
-156.6552 nan -156.6552
-156.4497 nan -156.4497
-156.3325 nan -156.3325
-156.1336 nan -156.1336
-156.2049 nan -156.2049
-156.3287 nan -156.3287
-156.1856 nan -156.1856
-156.2381 -155.4466 -156.2397
-155.9751 -155.3869 -156.2513
-155.7295 nan -155.7295
-156.0809 -155.3750 -156.0735
-156.0951 -155.3904 -156.0181
-156.0511 -155.3549 -155.9404
-155.7907 nan -155.7907
-155.9961 -155.2121 -155.9164
-156.0812 -155.1856 -155.8825
-155.9053 nan -155.9053
-156.2890 nan -156.2890
-156.3140 -155.2787 -156.0256
-156.1113 nan -156.1113
-156.4660 nan -156.4660
-156.5609 nan -156.5609
-156.1537 -155.5142 -156.3794
-156.2448 nan -156.2448
-156.6032 nan -156.6032
-156.4837 nan -156.4837
-156.6701 -155.5643 -156.4439
-157.0954 nan -157.0954
-156.7243 -155.7183 -156.6743
-156.6357 nan -156.6357
-156.1156 nan -156.1156
-155.9398 nan -155.9398
-155.9807 nan -155.9807
-155.9010 nan -155.9010
