0.0000 0.0000 0.0000
-133.3112 nan -133.3112
-133.3731 nan -133.3731
-133.3236 nan -133.3236
-133.2859 nan -133.2859
-133.3461 nan -133.3461
-133.6113 nan -133.6113
-133.4820 nan -133.4820
-133.1529 nan -133.1529
-133.3851 nan -133.3851
-133.4861 nan -133.4861
-133.4102 nan -133.4102
-133.4761 nan -133.4761
-133.3117 nan -133.3117
-133.5695 nan -133.5695
-133.4244 nan -133.4244
-133.7113 nan -133.7113
-133.7851 nan -133.7851
-133.8110 nan -133.8110
-133.4890 nan -133.4890
-133.7045 nan -133.7045
-133.6914 nan -133.6914
-133.7543 nan -133.7543
-133.6529 nan -133.6529
-133.5378 nan -133.5378
-133.3751 nan -133.3751
-133.5480 nan -133.5480
-133.6116 nan -133.6116
-133.7900 nan -133.7900
-133.9497 nan -133.9497
-133.7852 nan -133.7852
-133.8925 nan -133.8925
-134.4051 nan -134.4051
-134.0323 nan -134.0323
-134.0960 nan -134.0960
-133.7228 nan -133.7228
-133.7799 nan -133.7799
-133.6746 nan -133.6746
-134.1686 nan -134.1686
-133.9278 nan -133.9278
-133.8269 nan -133.8269
-133.8321 nan -133.8321
-134.0508 nan -134.0508
-133.7506 nan -133.7506
-134.0139 nan -134.0139
-133.6590 nan -133.6590
-133.6683 nan -133.6683
-133.6042 nan -133.6042
-133.6393 nan -133.6393
-133.7321 nan -133.7321
-133.9561 nan -133.9561
-133.8546 nan -133.8546
-133.7069 nan -133.7069
-134.0578 nan -134.0578
-133.9863 nan -133.9863
-134.3102 nan -134.3102
-134.4774 nan -134.4774
-134.3924 nan -134.3924
-134.2903 nan -134.2903
-134.3517 nan -134.3517
-134.6114 nan -134.6114
-134.2601 nan -134.2601
-134.4468 nan -134.4468
-134.1247 nan -134.1247
-134.0268 nan -134.0268
-134.1328 nan -134.1328
-134.1919 nan -134.1919
-134.4463 nan -134.4463
-134.1050 nan -134.1050
-133.7535 nan -133.7535
-133.7637 nan -133.7637
-133.8097 nan -133.8097
-133.5770 nan -133.5770
-133.5787 nan -133.5787
-133.6121 nan -133.6121
-133.5088 nan -133.5088
-133.3955 nan -133.3955
-133.2644 nan -133.2644
-133.7159 nan -133.7159
-133.5911 nan -133.5911
-133.5545 nan -133.5545
-133.5909 nan -133.5909
-133.4051 nan -133.4051
-133.6848 nan -133.6848
-133.7758 nan -133.7758
-134.1188 nan -134.1188
-133.8835 nan -133.8835
-133.8264 nan -133.8264
-133.6611 nan -133.6611
-133.7120 nan -133.7120
-134.0272 nan -134.0272
-133.9143 nan -133.9143
-133.7037 nan -133.7037
-133.4781 nan -133.4781
-133.5037 nan -133.5037
-133.6123 nan -133.6123
-133.7348 nan -133.7348
-133.4538 nan -133.4538
-133.5448 nan -133.5448
-133.7377 nan -133.7377
-133.5555 nan -133.5555
-133.3990 nan -133.3990
-133.3112 -133.5261 -133.5640
-133.4160 nan -133.4160
-133.4890 -133.5270 -133.4597
-133.3910 nan -133.3910
-133.3361 -133.5654 -133.4222
-133.2816 -133.5155 -133.4243
-133.2621 -133.4859 -133.4125
-133.1616 nan -133.1616
-133.1944 nan -133.1944
-133.3472 nan -133.3472
-133.1139 -133.4171 -133.2344
-133.3080 nan -133.3080
-133.2853 nan -133.2853
-133.4785 -133.7527 -133.2759
-133.5192 nan -133.5192
-133.2217 nan -133.2217
-133.0304 nan -133.0304
-133.1267 -133.6893 -133.2571
-133.3344 -133.6537 -133.1697
-132.9897 nan -132.9897
-132.5326 -133.3840 -133.1388
-132.4370 nan -132.4370
-132.3725 -133.1501 -132.8552
-132.3115 nan -132.3115
-132.3419 -133.1352 -132.5346
-132.3196 nan -132.3196
-132.5054 nan -132.5054
-132.3294 nan -132.3294
-132.5281 nan -132.5281
-132.0794 -133.0605 -132.4543
-132.2314 nan -132.2314
-132.2930 nan -132.2930
-132.3056 nan -132.3056
-132.0987 -132.6062 -132.2767
-132.2672 nan -132.2672
-132.1803 -132.5830 -132.2831
-132.0067 -132.4198 -132.2756
-132.0935 nan -132.0935
-132.1289 nan -132.1289
-132.0926 -132.4407 -132.1660
-131.9659 nan -131.9659
-132.1084 nan -132.1084
-131.9373 nan -131.9373
-132.0554 nan -132.0554
-131.9640 -132.2880 -132.0337
-131.9712 nan -131.9712
-131.9590 nan -131.9590
-132.2442 -132.2842 -131.9880
-132.3835 -132.2311 -131.9727
-132.0280 -132.1291 -131.9732
-132.4045 -132.1243 -131.9780
-132.1903 nan -132.1903
-132.1122 nan -132.1122
-132.2090 nan -132.2090
-132.4357 nan -132.4357
-132.1728 nan -132.1728
-132.1688 nan -132.1688
-132.1808 nan -132.1808
-132.5532 nan -132.5532
-132.6506 -132.0332 -132.3009
-132.8851 nan -132.8851
-132.7142 nan -132.7142
-132.4867 nan -132.4867
-132.3339 nan -132.3339
-132.5345 nan -132.5345
-132.5636 nan -132.5636
-132.4580 nan -132.4580
-132.2526 nan -132.2526
-132.1513 nan -132.1513
-132.0337 nan -132.0337
-132.5885 nan -132.5885
-132.9015 nan -132.9015
-133.0618 nan -133.0618
-132.8000 -132.5887 -132.8506
-132.9456 nan -132.9456
-132.5460 nan -132.5460
-132.3569 nan -132.3569
-132.2676 -132.4661 -132.6162
-132.5001 nan -132.5001
-132.7636 nan -132.7636
-132.6697 nan -132.6697
-132.5501 nan -132.5501
-132.6612 nan -132.6612
-132.6038 -132.3386 -132.6270
-132.4777 -132.3913 -132.6128
-132.7173 -132.5056 -132.6337
-132.9634 nan -132.9634
-133.1330 -132.6742 -132.7366
-133.3443 nan -133.3443
-133.3151 -132.8337 -133.0148
-132.9598 nan -132.9598
-133.3270 nan -133.3270
-133.3445 nan -133.3445
-133.4209 nan -133.4209
-133.6538 -132.9138 -133.3641
-133.7675 -132.9299 -133.3765
-133.9118 -132.7983 -133.3871
-134.2654 -132.8671 -133.3759
-134.6043 -132.8652 -133.3798
-134.3138 nan -134.3138
-135.8287 -133.6871 -133.6899
-136.1329 nan -136.1329
-136.1787 -134.1964 -134.7122
-135.8501 nan -135.8501
-135.9322 -134.6108 -135.5650
-135.7441 -134.5125 -135.3758
-135.4990 -134.6230 -135.5970
-135.7174 -134.5970 -135.5126
-135.8829 -134.5777 -135.4951
-135.5873 -134.5771 -135.5349
-135.4678 -134.5766 -135.5142
-135.5758 nan -135.5758
-135.6543 -134.5862 -135.5416
-135.9025 -134.5934 -135.5439
-135.9681 nan -135.9681
-135.7829 nan -135.7829
-135.7193 nan -135.7193
-135.7691 -134.7456 -135.8235
-135.6530 -134.7133 -135.7752
-135.6128 -134.7010 -135.7727
-135.6797 nan -135.6797
-135.5253 -134.6671 -135.7426
-135.5830 nan -135.5830
-135.7104 -134.6360 -135.6684
-136.0362 nan -136.0362
-135.6429 -134.6850 -135.7625
-135.1594 -134.6933 -135.8224
-135.1801 -134.7219 -135.8737
-135.1120 -134.7018 -135.8195
-134.7459 -134.7064 -135.8385
-134.5753 -134.7261 -135.8439
-135.0047 -134.7261 -135.8340
-135.0813 nan -135.0813
-135.1941 -134.6374 -135.5864
-135.3147 nan -135.3147
-135.2707 nan -135.2707
-135.0761 -134.5611 -135.3906
-135.1204 nan -135.1204
-134.8063 -134.5034 -135.2606
-134.6015 nan -134.6015
-134.5465 nan -134.5465
-134.6414 nan -134.6414
-134.6255 -134.1484 -134.5964
-134.4493 nan -134.4493
-134.7053 nan -134.7053
-134.6960 -134.1280 -134.5837
-134.4088 -134.0925 -134.5794
-134.2807 -134.1284 -134.6228
-134.0656 nan -134.0656
-134.0714 nan -134.0714
-133.8287 -133.9149 -134.2533
-133.6673 -133.8482 -134.1301
-133.4958 -133.8419 -134.1516
-133.6529 -133.8847 -134.1783
-133.5394 nan -133.5394
-133.6781 nan -133.6781
-133.6973 -133.6535 -133.7986
-133.5391 -133.5750 -133.6721
-133.7020 nan -133.7020
-133.8129 -133.6013 -133.7242
-133.8689 -133.5771 -133.6994
-133.8508 -133.6202 -133.7085
-133.8022 -133.6045 -133.7107
-133.7668 -133.5988 -133.7062
-133.9344 nan -133.9344
-133.7815 -133.5772 -133.7838
-133.8961 nan -133.8961
-133.7088 -133.6601 -133.8714
-133.7108 nan -133.7108
-133.7849 nan -133.7849
-133.8587 -133.6513 -133.7890
-133.7697 nan -133.7697
-133.9176 -133.6591 -133.7812
-133.8144 nan -133.8144
-133.9796 -133.6815 -133.7884
-133.9209 -133.6699 -133.7947
-133.8672 nan -133.8672
-133.9189 nan -133.9189
-133.6789 -133.7273 -133.8602
-133.2817 nan -133.2817
-133.3104 nan -133.3104
-133.4954 nan -133.4954
-133.5674 nan -133.5674
-133.6076 -133.5340 -133.4577
-133.6554 nan -133.6554
-133.6851 nan -133.6851
-133.4950 nan -133.4950
-133.6553 -133.6834 -133.6118
-133.9818 nan -133.9818
-133.8074 -133.7352 -133.6962
-134.0970 -133.7863 -133.7633
-133.8475 nan -133.8475
-134.0670 -133.7609 -133.7690
-133.9594 -133.7608 -133.7933
-133.8355 nan -133.8355
-133.7374 nan -133.7374
-133.3588 -133.7476 -133.7887
-133.2077 nan -133.2077
-133.2611 -133.6298 -133.5779
-133.3917 -133.6036 -133.5248
-133.5654 -132.5387 -133.4368
-133.6470 nan -133.6470
-133.8757 nan -133.8757
-133.3612 nan -133.3612
-133.5408 -132.6893 -133.6280
-133.6899 -132.6842 -133.6216
-133.7230 -132.4671 -133.5369
-133.6851 -132.5954 -133.5955
-133.8563 -132.5823 -133.5847
-133.9162 nan -133.9162
-134.0453 -132.7999 -133.6988
-133.8272 -132.8437 -133.7332
-133.5520 nan -133.5520
-133.5909 nan -133.5909
-133.5058 -132.8721 -133.6254
-133.5831 -132.8673 -133.5894
-133.6617 nan -133.6617
-133.5149 -132.9844 -133.6255
-133.3662 -133.1390 -133.6255
-133.4486 nan -133.4486
-133.6458 -133.1173 -133.5665
-133.9170 nan -133.9170
-133.4864 nan -133.4864
-133.4095 nan -133.4095
-133.3602 nan -133.3602
-133.6732 nan -133.6732
-133.6340 nan -133.6340
-134.0583 nan -134.0583
-133.9608 -133.2337 -133.7885
-133.8649 nan -133.8649
-133.3393 -133.2256 -133.9039
-133.6248 -133.2175 -133.8524
-133.5699 nan -133.5699
-133.6935 nan -133.6935
-133.3683 -133.4956 -133.7053
-133.1311 -133.4259 -133.6562
-133.2458 nan -133.2458
-133.6028 nan -133.6028
-133.4788 nan -133.4788
-133.3923 nan -133.3923
-133.2959 -133.3307 -133.4913
-133.5854 -133.3238 -133.4541
-133.3937 -133.2976 -133.4459
-133.5938 nan -133.5938
-132.9555 -133.2235 -133.4979
-133.1679 nan -133.1679
-133.3216 nan -133.3216
-132.8669 -133.2865 -133.3292
-132.3704 -133.1126 -133.2729
-132.1038 nan -132.1038
-132.2865 -132.8765 -132.9019
-132.3335 nan -132.3335
-132.4917 -132.6241 -132.4464
-132.1598 nan -132.1598
-132.5873 -132.4764 -132.3133
-132.8452 nan -132.8452
-132.8015 nan -132.8015
-132.8922 -132.4958 -132.6533
-133.1263 nan -133.1263
-132.9823 -132.5125 -132.8604
-132.9312 nan -132.9312
-133.5226 -132.6801 -132.9726
-133.5776 -132.7661 -132.9214
-133.9251 -132.8535 -132.9418
-134.3364 -133.0138 -132.9453
-134.0823 nan -134.0823
-134.0998 nan -134.0998
-134.2780 -133.3508 -133.7091
-134.4012 -133.5162 -133.9637
-134.6829 -133.5746 -133.9242
-134.8198 -133.5685 -133.8657
-134.7971 -133.6169 -133.9179
-134.8224 -133.7307 -133.9026
-134.8639 nan -134.8639
-134.4679 nan -134.4679
-135.0118 -133.9881 -134.4114
-135.0706 -134.1442 -134.5811
-135.0806 -134.0508 -134.4868
-135.2542 nan -135.2542
-135.4956 nan -135.4956
-135.2473 -134.3586 -135.0789
-135.3436 nan -135.3436
-135.6741 nan -135.6741
-135.7025 -134.3885 -135.3655
-135.7518 nan -135.7518
-135.5468 -134.3583 -135.5972
-135.6741 -134.2221 -135.5715
-135.5614 -134.2354 -135.6402
-135.3678 -134.2103 -135.6029
-135.4243 nan -135.4243
-135.2005 nan -135.2005
-135.3416 -134.2783 -135.4093
-135.2556 nan -135.2556
-135.1220 -134.1052 -135.2885
-134.7088 -134.0965 -135.3178
-134.8647 -134.0138 -135.2873
-134.7479 nan -134.7479
-135.2471 -134.0047 -135.1177
-135.3477 nan -135.3477
-135.4384 -134.1640 -135.0711
-135.2812 nan -135.2812
-135.1284 nan -135.1284
-135.3692 nan -135.3692
-134.8464 -134.0930 -135.2596
-134.8056 -134.1559 -135.2524
-134.9352 -134.1728 -135.2937
-134.6283 nan -134.6283
-134.6878 -134.0610 -135.0582
-134.6901 -134.0472 -134.9934
-134.6750 -134.0045 -134.8933
-134.5646 nan -134.5646
-134.7316 nan -134.7316
-134.6915 nan -134.6915
-134.7571 -133.9591 -134.6626
-134.7767 -133.9126 -134.6952
-134.7849 nan -134.7849
-134.9041 -133.9510 -134.7143
-134.8271 nan -134.8271
-134.7678 -133.9589 -134.7754
-134.5830 -133.8831 -134.7723
-134.4807 -133.8765 -134.7916
-134.3944 nan -134.3944
-134.3813 nan -134.3813
-134.7242 -133.7476 -134.5224
-134.7166 nan -134.7166
-134.7216 -133.7167 -134.5401
-134.6604 nan -134.6604
-134.4767 -133.7072 -134.6390
-134.5251 nan -134.5251
-134.5061 -133.7663 -134.6082
-134.4725 nan -134.4725
-134.4661 nan -134.4661
-134.4501 nan -134.4501
-134.3862 nan -134.3862
-134.0098 -133.6236 -134.4341
-134.4646 nan -134.4646
-134.3625 nan -134.3625
-134.3701 -133.6406 -134.4204
-134.6349 -133.6560 -134.4158
-134.6242 -133.6138 -134.3996
-134.8387 -133.6307 -134.4119
-134.8456 nan -134.8456
-134.8974 nan -134.8974
-134.8387 nan -134.8387
-134.7141 nan -134.7141
-135.0007 nan -135.0007
-134.6513 nan -134.6513
-134.7861 nan -134.7861
-134.8490 nan -134.8490
-134.9128 nan -134.9128
-134.8943 nan -134.8943
-134.8453 nan -134.8453
-135.0183 -133.8202 -134.8842
-134.9080 -133.6993 -134.8746
-135.0259 nan -135.0259
-135.1327 nan -135.1327
-134.9026 -133.7595 -135.0111
-134.7616 nan -134.7616
-135.1909 nan -135.1909
-135.2934 nan -135.2934
-134.8919 nan -134.8919
-135.0439 -133.8935 -135.1254
-135.0145 nan -135.0145
-134.9752 -133.7859 -135.0106
-134.9352 nan -134.9352
-134.8094 nan -134.8094
-134.9378 -133.7029 -134.9184
-134.8535 -133.7712 -134.8877
-134.8762 -133.6686 -134.8718
-134.9173 -133.6245 -134.8927
-134.8386 nan -134.8386
-134.8892 nan -134.8892
-134.8013 -133.5628 -134.8735
-134.6831 nan -134.6831
-134.9389 -133.5992 -134.8153
-134.8533 -133.6277 -134.7906
-134.8720 nan -134.8720
-134.7003 -133.5074 -134.8260
-134.8374 -133.4939 -134.8295
-134.9169 nan -134.9169
-134.7361 nan -134.7361
-134.8314 nan -134.8314
-134.6623 -133.5472 -134.8281
-134.6149 -133.5050 -134.7986
-134.7600 nan -134.7600
-134.8195 nan -134.8195
-134.6653 -133.5732 -134.7927
-134.4439 nan -134.4439
-134.7954 nan -134.7954
-134.6090 -133.4848 -134.6773
-134.7148 -133.5089 -134.6389
-134.9060 nan -134.9060
-134.6205 nan -134.6205
-134.7397 nan -134.7397
-134.5581 nan -134.5581
-134.3571 -133.3054 -134.6394
-134.2472 -133.2484 -134.6457
-134.2108 nan -134.2108
