1.0 x 0 13.101725119 13.206463401 -48275.5516658 -167.919744879
1.0 1 1 12.9557807368 13.0438344828 12.8873997452 12.86569691
1.0 x 2 13.0163700632 13.1358526758 -48262.6642661 -147.865228228
1.0 2 3 12.8622869088 12.9506054615 198.937366153 198.931834754
1.0 x 4 12.8309709115 12.8951827484 -48063.7268999 -62.9762653182
1.0 x 5 12.8861457977 12.9760252399 -48063.7268999 -164.723370967
1.0 x 6 13.0084216583 13.1142760709 -48063.7268999 -37.1990518663
1.0 x 7 12.7673500706 12.8551823439 -48063.7268999 -49.1342300189
1.0 3 8 12.8942847594 12.9881610299 16.7751200505 16.766158355
1.0 4 9 12.9488733202 13.0670816885 60.144637262 60.1114788476
1.0 5 10 12.9652437881 13.0762471757 62.4715967469 62.4402625613
1.0 6 11 12.9154330956 13.0429968363 174.252428784 174.293017774
1.0 x 12 13.0372634028 13.2320471795 -47750.0831171 -73.9554317768
1.0 7 13 12.8121733201 12.886241216 91.6658033799 91.6656591439
1.0 x 14 12.6915197965 12.71409809 -47658.4173137 -41.6097157992
1.0 x 15 12.939070023 13.0519236357 -47658.4173137 -124.215230137
1.0 x 16 12.7939471186 12.8548092856 -47658.4173137 -53.1942027582
1.0 x 17 12.7637062126 12.8129775486 -47658.4173137 -115.061620341
1.0 8 18 12.7222078028 12.7450917796 36.1250000557 36.148923186
1.0 x 19 12.657986345 12.6605453216 -47622.2923136 -59.0680233806
1.0 x 20 12.7304772414 12.7897705945 -47622.2923136 -2.00415390064
1.0 x 21 12.6771390953 12.6783227028 -47622.2923136 -10.6880820134
1.0 x 22 12.8053948858 12.9075819344 -47622.2923136 -205.388881915
1.0 x 23 12.6441571641 12.6469873319 -47622.2923136 -16.8286126626
1.0 x 24 12.6839532853 12.7069589466 -47622.2923136 -112.650950298
1.0 x 25 12.7507651349 12.7935913638 -47622.2923136 -56.6205325348
1.0 9 26 12.6117201938 12.6137394146 2.06440351645 1.99114131936
1.0 x 27 12.5622787638 12.5336245005 -47620.2279101 -109.512415819
1.0 x 28 12.6372063423 12.6502545739 -47620.2279101 -179.183303931
1.0 x 29 12.6509398127 12.6370848403 -47620.2279101 -33.077610939
1.0 10 30 12.6912646876 12.7391877981 149.455867636 149.45663454
1.0 11 31 12.662254138 12.7009223231 14.8196895354 14.8037819352
1.0 x 32 12.6968642035 12.7683113532 -47455.952353 -15.1349431213
1.0 12 33 12.7007845005 12.7273683423 0.543246478228 0.552213077128
1.0 x 34 12.7832745089 12.8640773891 -47455.4091065 -66.1520420919
1.0 13 35 12.6946392006 12.7112343841 154.890076713 154.88224256
1.0 x 36 12.673923981 12.6597580768 -47300.5190298 -127.962889905
1.0 x 37 12.7941096357 12.8518179396 -47300.5190298 -70.861081101
1.0 14 38 12.6168229547 12.604303778 13.6081352336 13.6085768429
1.0 x 39 12.5721608682 12.5712249369 -47286.9108945 -59.6236456844
1.0 x 40 12.7800349628 12.8597262983 -47286.9108945 -87.9726370894
1.0 15 41 12.6622799421 12.6981081908 41.0636246922 41.0996629208
1.0 16 42 12.7705021229 12.8646803303 152.954889992 152.985472481
1.0 17 43 12.7158976619 12.764434012 57.1195535793 57.0911784181
1.0 x 44 12.6361744375 12.6514148846 -47035.7728263 -14.6187529121
1.0 x 45 12.6356972411 12.6479995748 -47035.7728263 -2.24987700178
1.0 x 46 12.660077016 12.6935753715 -47035.7728263 -89.1696903736
1.0 x 47 12.6408490684 12.6473665203 -47035.7728263 -72.5116933571
1.0 18 48 12.6212458752 12.6333586769 125.270306744 125.248316027
1.0 x 49 12.7123138268 12.7621534416 -46910.5025195 -43.8715553587
1.0 19 50 12.5650543849 12.5878398237 124.616893534 124.593311271
1.0 x 51 12.6761643363 12.7244191368 -46785.885626 -142.940062824
1.0 20 52 12.5746886447 12.6207726884 43.708358703 43.7091894467
1.0 x 53 12.6510853837 12.711129402 -46742.1772673 -173.572582265
1.0 x 54 12.6199443464 12.6842385762 -46742.1772673 -39.5112376997
1.0 x 55 12.5556706016 12.5827370258 -46742.1772673 -85.923963862
1.0 21 56 12.3915769469 12.3741572025 3.52338708246 3.49109454772
1.0 x 57 12.42529868 12.4316915903 -46738.6538802 -37.8316393071
1.0 x 58 12.3615988017 12.3271738859 -46738.6538802 -81.8812174347
1.0 22 59 12.3031424524 12.1891918107 33.8809857877 33.8414699256
1.0 x 60 12.3746204112 12.2871299049 -46704.7728944 -116.399716306
1.0 23 61 12.4960018557 12.475166324 46.0799193721 46.0513686561
1.0 24 62 12.3365593601 12.2495731913 91.8785458448 91.8681263458
1.0 x 63 12.1828701542 12.0419443483 -46566.8144292 -17.323041716
1.0 x 64 12.3405868966 12.2576795897 -46566.8144292 -102.887194606
1.0 25 65 12.3363185811 12.2316977027 20.3879927349 20.3819830139
1.0 x 66 12.2392873346 12.0872177952 -46546.4264365 -9.57304997125
1.0 x 67 12.3784459956 12.2431135007 -46546.4264365 -111.05515222
1.0 x 68 12.3683610866 12.206661521 -46546.4264365 -24.2488936256
1.0 x 69 12.344401372 12.1580295032 -46546.4264365 -85.2800069082
1.0 26 70 12.4461007496 12.376158845 34.396128156 34.3950809945
1.0 27 71 12.2254194371 12.0798289954 71.9410629474 71.9515801041
1.0 x 72 12.1789172859 12.0201422558 -46440.0892454 -88.4155769779
1.0 28 73 12.1601205607 12.0331935962 135.436050002 135.43656063
1.0 29 74 12.2412044375 12.1578442846 32.1095036759 32.0514776253
1.0 x 75 12.2801101368 12.2144003665 -46272.5436917 -104.903709729
1.0 x 76 12.2772894514 12.1971092707 -46272.5436917 -10.9832328982
1.0 30 77 12.2578948138 12.182248259 28.9514956647 28.9447634255
1.0 x 78 12.2453312567 12.1517888248 -46243.592196 -12.0277373728
1.0 31 79 12.2950615286 12.2347452293 0.779385908972 0.787924249105
1.0 32 80 12.322106701 12.2947604401 38.7382493454 38.7423618918
1.0 x 81 12.309483202 12.2511901347 -46204.0745608 -113.470806689
1.0 33 82 12.1845450421 12.0770358807 35.5776690683 35.5531933371
1.0 34 83 12.1289997895 12.0399113876 189.087807383 189.078731774
1.0 x 84 12.3064833992 12.2730608795 -45979.4090843 -145.116345317
1.0 x 85 11.978309175 11.8471640522 -45979.4090843 -4.05411125821
1.0 35 86 12.3399538443 12.3187069986 5.32399049932 5.34717779327
1.0 x 87 12.2952306399 12.2473125169 -45974.0850938 -113.323096792
1.0 x 88 12.4871347089 12.5061652852 -45974.0850938 -55.273590106
1.0 36 89 12.2229895401 12.1766946765 30.2132131648 30.1546431729
1.0 37 90 12.2554519661 12.232382951 11.332980414 11.3376838981
1.0 38 91 12.1528586801 12.0766974867 112.767099205 112.770826225
1.0 39 92 12.2196816739 12.1959194149 69.6255846796 69.6107547163
1.0 40 93 12.1537165508 12.1522383705 168.385033399 168.402150011
1.0 x 94 12.194511593 12.2433553322 -45581.7611829 -26.9562731543
1.0 41 95 12.2893562804 12.3218683797 22.1673320385 22.1899368258
1.0 42 96 12.223419667 12.18687203 24.4285775417 24.4292259992
1.0 43 97 12.238289837 12.2284993695 -1.98602583537 -2.00419007224
1.0 44 98 12.4224416192 12.5247644597 59.6900406906 59.73546315
1.0 45 99 12.4152015868 12.5110559947 1.09222856359 1.09966807988
1.0 x 100 12.4335481925 12.5147252716 -45476.36903 -34.4288864534
1.0 46 101 12.3907355445 12.4944157668 10.8337659331 10.8287589833
1.0 47 102 12.3321812631 12.4142832532 0.0858120771882 0.11341797881
1.0 48 103 12.4444348085 12.6045320629 9.59222877173 9.55554000575
1.0 x 104 12.3276064421 12.4458694509 -45455.8572232 -26.1885971456
1.0 49 105 12.4157685999 12.6258634169 215.078143897 215.056144773
1.0 50 106 12.4346757423 12.6795330671 68.6767935431 68.6637294951
1.0 x 107 12.5113244016 12.8124405245 -45172.1022857 -94.4530675734
1.0 51 108 12.3720781676 12.6137030482 85.6349313803 85.591401804
1.0 52 109 12.1061047997 12.2521227587 44.0258746568 44.0491216914
1.0 x 110 12.0530151317 12.2411514228 -45042.4414797 -2.93544742508
1.0 x 111 12.0880450891 12.2414239525 -45042.4414797 -2.58198306871
1.0 x 112 12.1099465303 12.2547092274 -45042.4414797 -73.4371491972
1.0 53 113 11.9829925617 12.1753486985 53.4635909322 53.4566617392
1.0 54 114 12.0486227546 12.1756706508 1.9835432934 1.97908763138
1.0 55 115 11.8558792383 11.8814901495 66.4990413978 66.492915337
1.0 56 116 12.0274295906 12.1647160645 28.0654531122 27.9979719401
1.0 57 117 11.7976664792 11.9050174801 78.8613844615 78.8434145184
1.0 58 118 11.9346897962 12.0438315428 12.5970212833 12.558240105
1.0 59 119 11.8061759185 11.9138973805 15.6204925842 15.573306508
1.0 x 120 11.5733424853 11.6884315826 -44785.3509526 -14.4976162254
1.0 x 121 11.6497454326 11.5987222845 -44785.3509526 -37.0246591932
1.0 60 122 11.7823662706 11.8957453444 198.624122782 198.589928587
1.0 x 123 11.7283987709 11.8452314424 -44586.7268298 -9.28400464576
1.0 61 124 11.8117297942 11.9661950867 89.1754948613 89.1843741244
1.0 x 125 11.8835865004 12.1034117978 -44497.551335 -79.6913744857
1.0 x 126 12.9958682639 13.0954696787 -48275.5516658 -56.1748309329
1.0 x 127 13.1248115579 13.2727561209 -48275.5516658 -38.7355457187
1.0 62 128 13.065127568 13.1852079274 117.269923591 117.86121661
1.0 63 129 12.9352793518 13.0085171304 119.514157021 119.510931073
1.0 64 130 12.7166428045 12.6859020212 232.91023907 232.886396249
1.0 x 131 12.8348178468 12.8638634354 -47805.8573461 -208.411954088
1.0 x 132 12.5881363771 12.5368414547 -47805.8573461 -42.217251643
1.0 x 133 12.6796459436 12.6408923788 -47805.8573461 -81.9319491768
1.0 65 134 12.7061179974 12.704556458 1.31842394566 1.2650458455
1.0 66 135 12.8167489962 12.8534564529 73.0150726322 73.0174592408
1.0 x 136 12.7997221759 12.8007147684 -47731.5238496 -96.4807314765
1.0 x 137 12.9789871717 13.0833696781 -47731.5238496 -54.7549491408
1.0 x 138 12.9198733427 13.0314465365 -47731.5238496 -18.8052085542
1.0 67 139 12.8488625634 12.9452397697 77.5493722415 77.5358717299
1.0 x 140 12.7213835987 12.7292030587 -47653.9744773 -38.9799934264
1.0 x 141 12.8976660332 13.0084049304 -47653.9744773 -69.1062815495
1.0 68 142 12.8505038122 12.9895383581 201.594166054 201.609901165
1.0 x 143 12.9644991871 13.1873267947 -47452.3803113 -3.47621398006
1.0 x 144 12.81160994 12.9418278883 -47452.3803113 -74.0102790783
1.0 69 145 12.7866084785 12.8683297903 320.109056612 320.078722542
1.0 70 146 12.758096454 12.8302447099 37.9810209813 37.9579770536
1.0 71 147 12.8263632557 13.0051571217 99.2575999795 99.2246428734
1.0 x 148 12.8399406742 13.0589093187 -46995.0326337 -157.177420686
1.0 x 149 12.7503155236 12.9418021105 -46995.0326337 -65.0018996384
1.0 x 150 12.9104736669 13.1309850725 -46995.0326337 -75.5769144227
1.0 x 151 12.7614719155 12.8992729525 -46995.0326337 -106.622659987
1.0 x 152 12.9103954417 13.0864196268 -46995.0326337 -81.4206542638
1.0 72 153 12.8535569018 13.0553322983 117.23828487 117.213115003
1.0 x 154 12.9459161317 13.1478155681 -46877.7943488 -99.7554131142
1.0 73 155 12.7621143159 12.9377865933 85.7917120896 85.7575937945
1.0 x 156 12.8482383715 13.0612753625 -46792.0026367 -27.5019893386
1.0 74 157 12.8291674082 13.0074912656 13.7862125942 13.7399078451
1.0 x 158 12.7184762768 12.9161696928 -46778.2164241 -180.922287489
1.0 75 159 12.8325936163 13.0366040135 38.8610933366 38.9225572087
1.0 76 160 12.7685388695 12.9616100895 128.306667391 128.291434682
1.0 x 161 12.8510446849 13.0262357961 -46611.0486634 -239.96783635
1.0 77 162 12.7157341451 12.9010670596 191.842186949 191.80280947
1.0 x 163 12.7445483771 12.9269294338 -46419.2064765 -103.145450949
1.0 x 164 12.7466644656 12.9359943552 -46419.2064765 -103.56320756
1.0 x 165 12.7153300161 12.9400362099 -46419.2064765 -84.3560793532
1.0 78 166 12.8035297812 13.0072764649 18.855591835 18.8678296404
1.0 x 167 12.7572792253 12.9310676445 -46400.3508846 -63.4874785484
1.0 79 168 12.7661262599 12.9357493537 86.5376068327 86.5466480758
1.0 x 169 12.8591735244 13.0617319181 -46313.8132778 -68.5648346085
1.0 80 170 12.5674134172 12.6222660935 24.5478432983 24.5352172431
1.0 81 171 12.6570640874 12.7977889823 55.5549601475 55.4851569782
1.0 x 172 12.400773514 12.4111151722 -46233.7104743 -59.0504981768
1.0 82 173 12.4041192952 12.3710125546 71.9624667354 71.9865193053
1.0 83 174 12.3538686914 12.3186223681 80.3373572992 80.3395736619
1.0 84 175 12.4109158523 12.4229501894 82.5871456593 82.5367529395
1.0 85 176 12.2817403233 12.276699385 69.5614381873 69.5652366674
1.0 86 177 12.3950809774 12.4160097353 11.7615439517 11.7763577586
1.0 87 178 12.4792395772 12.5423519389 75.8219822668 75.8310489407
1.0 x 179 12.5591595958 12.6498326163 -45841.6785402 -105.092866348
1.0 x 180 12.4479549806 12.5062519811 -45841.6785402 -32.8377641083
1.0 x 181 12.593402008 12.667891678 -45841.6785402 -147.143977133
1.0 x 182 12.5710810929 12.6758424106 -45841.6785402 -131.654773547
1.0 x 183 12.3656518122 12.3995917229 -45841.6785402 -57.2897651282
1.0 88 184 12.6749106298 12.7970558019 2.9447803164 2.97571544521
1.0 x 185 12.6381888067 12.7649991906 -45838.7337599 -184.122760537
1.0 x 186 12.6270434615 12.7502538855 -45838.7337599 -68.3719678365
1.0 x 187 12.6709002796 12.8004183105 -45838.7337599 -81.502110312
1.0 x 188 12.7305285731 12.887804167 -45838.7337599 -47.7236158446
1.0 89 189 12.6183343132 12.6866712086 70.8555752034 70.8564397567
1.0 90 190 12.496907477 12.4969454149 11.9464055484 11.9037204039
1.0 x 191 12.3939474289 12.3212490295 -45755.9317792 -29.351168678
1.0 91 192 12.225217774 12.1094260186 17.1540920988 17.0976149803
1.0 92 193 12.2446860023 12.1278427791 75.5923376221 75.5854368382
1.0 93 194 12.316561094 12.1994612878 59.8676272732 59.8085698519
1.0 x 195 12.0608026127 11.8789417759 -45603.3177222 -30.4630410715
1.0 94 196 12.2973974756 12.1160292645 31.8667382945 31.877960489
1.0 95 197 12.334681159 12.2178310744 15.5073777939 15.5335128645
1.0 96 198 12.3275462041 12.1746054357 39.3555991656 39.3415402379
1.0 x 199 12.3678639503 12.2354950635 -45516.5880069 -44.8906598874
1.0 97 200 12.2613958647 12.1278909178 54.2009316513 54.2044620622
1.0 98 201 12.0227289253 11.8706961825 63.1316140587 63.1234227522
1.0 x 202 11.8573473038 11.5907558576 -45399.2554612 -137.050400938
1.0 x 203 11.7806821101 11.443475329 -45399.2554612 -68.0667049345
1.0 99 204 11.725549229 11.4109746276 52.4903764816 52.4935915713
1.0 x 205 11.7884277599 11.4791612332 -45346.7650847 -111.351603437
1.0 100 206 11.4652142434 11.0214666571 36.529716741 36.4884333986
1.0 x 207 11.4465404201 11.0011448339 -45310.235368 -42.6340692886
1.0 x 208 11.2570222049 10.7298232786 -45310.235368 -57.1192220896
1.0 x 209 11.4659759 11.013555981 -45310.235368 -106.040523681
1.0 101 210 11.6425912787 11.2456237434 8.35453218097 8.35190662097
1.0 x 211 11.7672077218 11.452476414 -45301.8808358 -125.300609806
1.0 102 212 11.6039107873 11.226524947 1.47518897497 1.49717698514
1.0 x 213 11.557490885 11.1443669221 -45300.4056468 -23.2170529492
1.0 103 214 11.5263536666 11.1578372057 32.1517274806 32.1749664607
1.0 x 215 11.5275802594 11.1833084844 -45268.2539194 -53.5390584512
1.0 x 216 11.5665750818 11.2226054191 -45268.2539194 -51.3262890235
1.0 104 217 11.417338175 11.0655375725 16.3675526248 16.3507490087
1.0 105 218 11.3092312235 10.9061582102 78.7562812684 78.7189528285
1.0 106 219 11.3514022812 10.9194106041 33.804424258 33.8103250758
1.0 x 220 11.5283377955 11.1981098727 -45139.3256612 -109.588189928
1.0 107 221 11.4301959386 11.0197071174 10.9957779936 10.9989005916
1.0 x 222 11.2746795247 10.7408669041 -45128.3298832 -125.492226947
1.0 x 223 11.3235050566 10.8280864521 -45128.3298832 -64.5751166995
1.0 x 224 11.3158375374 10.9095186877 -45128.3298832 -24.8990551624
1.0 x 225 11.5251887981 11.1895861868 -45128.3298832 -109.423020223
1.0 x 226 11.147597769 10.6815688577 -45128.3298832 -5.68906947816
1.0 108 227 11.5608854487 11.2109204475 114.861481454 114.847998599
1.0 109 228 11.8480899386 11.5505488751 88.4825413483 88.4704260776
1.0 x 229 12.100597665 11.9091641251 -44924.9858604 -80.2376700376
1.0 x 230 11.7278694417 11.4277145812 -44924.9858604 -54.7164448868
1.0 x 231 11.821133734 11.5479527483 -44924.9858604 -64.0929006827
1.0 x 232 11.96787468 11.7557006206 -44924.9858604 -90.9671572112
1.0 110 233 11.6409302742 11.299575228 150.461493177 150.459332663
1.0 111 234 11.6957890294 11.4496540915 23.1088850144 23.1143062505
1.0 x 235 11.8507044861 11.6421339425 -44751.4154822 -22.6359090007
1.0 x 236 11.4744077369 11.1502140216 -44751.4154822 -92.6145095816
1.0 x 237 12.0450105379 11.8676359898 -44751.4154822 -17.6933460897
1.0 112 238 11.6498015263 11.3645814453 4.19788762549 4.22315512593
1.0 113 239 11.5365077776 11.2658303042 23.4577005058 23.4861300687
1.0 x 240 11.4178142613 11.0740400021 -44723.7598941 -38.3316264841
1.0 114 241 11.5548279859 11.392072511 105.260034482 105.270593047
1.0 115 242 11.5018614876 11.3400689726 106.680561293 106.651369555
1.0 x 243 11.5232969244 11.3438890972 -44511.8192983 -128.357465721
1.0 116 244 11.2574760469 11.0695880599 46.7638384519 46.7277985535
1.0 117 245 11.1095012596 10.9227173723 60.5649784095 60.5825421804
1.0 118 246 10.9075466423 10.6296868189 3.04696313169 3.01915559062
1.0 x 247 11.1259964847 10.8621163366 -44401.4435183 -23.6261757934
1.0 119 248 10.9177593515 10.6373694128 16.361919929 16.3907381828
1.0 x 249 10.9719294252 10.6740118406 -44385.0815984 -27.6167253306
1.0 x 250 10.8943992223 10.5798090862 -44385.0815984 -92.1170949591
1.0 120 251 11.5870679538 11.6309457519 62.3416700712 62.1889774413
1.0 x 252 11.7213306358 11.8575925923 -44435.2096649 -15.4932919028
1.0 121 253 11.6144702303 11.6549037169 15.5382853716 15.5282432881
1.0 122 254 11.3832894542 11.3600561499 76.175080387 76.1429491035
1.0 x 255 11.5894466464 11.5923243997 -44343.4962992 -31.3691368175
1.0 123 256 11.2290439287 11.1779338507 122.295624812 122.275256017
1.0 x 257 11.1991499155 11.0672634498 -44221.2006743 -18.5870033535
1.0 x 258 11.0839942178 10.86481877 -44221.2006743 -11.3292829796
1.0 124 259 11.3137452552 11.3340585877 2.74081648204 2.75294559414
1.0 125 260 11.203748068 11.1799258622 50.1081619027 50.0967933524
1.0 x 261 11.5466169443 11.5655617466 -44168.351696 -73.5918180264
1.0 x 262 11.2570353982 11.3039181469 -44168.351696 -29.233563438
1.0 126 263 11.2032284176 11.1877748125 113.151144747 113.156192926
1.0 127 264 11.1544942084 11.1984040624 69.5006565617 69.5449433844
1.0 x 265 11.0018900641 10.9938454236 -43985.6998946 -8.62054600384
1.0 128 266 10.8821394418 10.8827399288 70.2931483843 70.2283594543
1.0 129 267 10.904447187 10.943565904 51.9463365748 51.9530316191
1.0 x 268 11.4408767698 11.6416181318 -43863.4604097 -86.1254920844
1.0 x 269 11.2731619293 11.4807413895 -43863.4604097 -81.6022830307
1.0 x 270 11.0628030623 11.2477409464 -43863.4604097 -48.6341497643
1.0 130 271 10.9262336527 10.8960208054 41.5718982269 41.5637246719
1.0 x 272 11.0282657745 11.0865124798 -43821.8885115 -72.7910851412
1.0 x 273 11.3266157173 11.6155793974 -43821.8885115 -91.5899233415
1.0 x 274 11.0735271001 11.0446361034 -43821.8885115 -15.8917046688
1.0 x 275 10.7461542555 10.6923035152 -43821.8885115 -143.765392926
1.0 131 276 10.6555963465 10.5987866553 66.5457436982 66.4963075864
1.0 132 277 10.653605813 10.5175614688 45.3742880931 45.3469549089
1.0 x 278 10.8194023182 10.7927283771 -43709.9684797 -27.0233524987
1.0 133 279 10.5387348377 10.3528974401 48.1236223046 48.096946617
1.0 x 280 10.411137783 10.1533652396 -43661.8448574 -89.6775214395
1.0 134 281 10.5814445915 10.4512371021 70.0725746179 70.0681937019
1.0 135 282 10.5433449162 10.4518116598 38.5137266105 38.4472331077
1.0 136 283 10.704745493 10.6759572585 50.9710871156 50.9653616677
1.0 x 284 10.4241965893 10.3279986588 -43502.287469 -34.1036132707
1.0 x 285 10.5361189332 10.3972473421 -43502.287469 -15.2558514288
1.0 137 286 10.7815787547 10.7828169302 11.3029301107 11.2895339055
1.0 x 287 10.8814051628 10.9417938373 -43490.9845389 -25.9156830163
1.0 x 288 10.7520871631 10.7162313655 -43490.9845389 -58.4641430414
1.0 138 289 10.6486473772 10.6353032269 88.3705191514 88.3631603173
1.0 x 290 10.683805774 10.7371429408 -43402.6140198 -51.9365792137
1.0 139 291 10.6027405556 10.6483601074 95.2980675189 95.2481624463
1.0 140 292 10.3476606378 10.3235683456 55.220548494 55.2260776901
1.0 141 293 10.3327402033 10.314499863 27.3479787442 27.3138100024
1.0 142 294 10.1977885342 10.181493129 165.79625773 165.777933582
1.0 143 295 10.3034284024 10.3479377904 4.3165324759 4.28818952512
1.0 144 296 10.3489723996 10.4206361633 24.852838114 24.8172528674
1.0 145 297 10.2530885236 10.3016108443 29.1184445286 29.0444029073
1.0 146 298 9.85079082927 9.8302311538 64.7536001741 64.7750330811
1.0 x 299 9.75598133787 9.74585303481 -42935.909752 -41.5607891718
1.0 x 300 9.67030927545 9.63181238613 -42935.909752 -18.1019413075
1.0 x 301 9.83704331276 9.79298654589 -42935.909752 -9.04414690829
1.0 147 302 9.73615878958 9.77028908429 51.2603594783 51.2293009386
1.0 148 303 9.75407824536 9.77784512112 75.0335163899 75.0397538558
1.0 149 304 9.71250427347 9.74901034305 100.993592443 100.992863981
1.0 150 305 9.9592945668 10.0218443647 17.1674551799 17.1683157145
1.0 151 306 9.75929944321 9.77460326855 26.5427541572 26.5576194265
1.0 152 307 9.76022465857 9.79935913889 43.6626661104 43.6217507232
1.0 x 308 9.67335584701 9.72005141445 -42621.2494082 -40.9117621842
1.0 x 309 10.0126902192 10.1393871927 -42621.2494082 -68.9634464828
1.0 x 310 9.74186220826 9.8748676367 -42621.2494082 -200.13798895
1.0 153 311 9.70804121739 9.8023588249 106.643256591 106.65834734
1.0 x 312 9.76764147259 9.84200034592 -42514.6061516 -42.2734354896
1.0 154 313 9.43070290017 9.47828385771 16.5825008142 16.5766083449
1.0 x 314 9.54090519075 9.67758818582 -42498.0236508 -84.2426459815
1.0 x 315 9.45025779665 9.49954566316 -42498.0236508 -61.9714296348
1.0 155 316 9.63716493678 9.83987733604 26.5340186525 26.4991053367
1.0 156 317 9.7607115788 9.93998672602 35.2734092945 35.297853876
1.0 x 318 9.96594927507 10.1518044017 -42436.2162229 -48.1134778104
1.0 157 319 9.29253863498 9.44694592568 101.079392966 101.100796394
1.0 x 320 9.45252373467 9.56493980088 -42335.1368299 -5.76407181114
1.0 158 321 9.07650801152 9.2292550778 32.8354592355 32.8439802397
1.0 159 322 8.76453566864 9.0618162507 15.2062925396 15.2196440307
1.0 160 323 8.6983276655 8.92129893264 44.7189791548 44.7311112778
1.0 x 324 8.90720626971 9.17835961584 -42242.376099 -21.3774517909
1.0 161 325 8.64640686587 8.88557602059 54.8147759178 54.8399350921
1.0 x 326 8.94521169197 9.21084232559 -42187.5613231 -73.0166293929
1.0 162 327 8.57167737048 8.85660014557 19.0999082527 19.0796760638
1.0 x 328 8.23006530534 8.4893987759 -42168.4614148 -86.9391282442
1.0 163 329 8.05033399206 8.26653068754 87.7233482484 87.6821349828
1.0 164 330 8.11339904749 8.35440982174 80.5058195571 80.5001275874
1.0 165 331 7.88371570557 8.17514184098 29.9410950492 29.9371874522
1.0 x 332 7.55229299273 7.76996205001 -41970.2911519 -3.1280368037
1.0 166 333 7.70621375323 7.92651824003 11.1050696393 11.1234299996
1.0 167 334 7.28473525055 7.39933274723 48.5009609111 48.5132005057
1.0 168 335 7.26082219868 7.47090547997 32.4872946738 32.4990310892
1.0 x 336 7.18850247362 7.30283800101 -41878.1978267 -114.347797808
1.0 x 337 7.28784980004 7.45580808689 -41878.1978267 -97.7807288907
1.0 169 338 7.63015930868 7.97629933778 16.900263291 16.9041554882
1.0 170 339 7.85115195002 8.2537933251 18.6439296396 18.6373426737
1.0 x 340 7.79982208127 8.13201644179 -41842.6536338 -60.7042584607
1.0 171 341 7.89346804384 8.32682592739 29.7942770898 29.8193418142
1.0 172 342 7.88864233156 8.38055456074 62.2497838372 62.2127468693
1.0 x 343 7.54951574762 8.02134870388 -41750.6095729 -11.7793408931
1.0 x 344 7.88793441258 8.46790043526 -41750.6095729 -68.0458758624
1.0 173 345 7.78763382161 8.23499722623 -2.24486500429 -2.25388696066
1.0 174 346 7.72162787887 8.09002722186 3.0247128022 3.01132722075
1.0 175 347 7.38209165035 7.77967562267 57.8176985236 57.8399856838
1.0 x 348 7.51964495826 7.96043699372 -41692.0120265 -29.108000887
1.0 x 349 7.14730730159 7.47558160058 -41692.0120265 -42.3604676395
1.0 x 350 7.40422520873 7.64594448423 -41692.0120265 -6.25608704713
1.0 x 351 7.38518123001 7.64575358985 -41692.0120265 -150.344980506
1.0 x 352 7.84528937122 8.19963586734 -41692.0120265 -15.1763251145
1.0 176 353 7.2699433477 7.67325326571 62.0250658011 61.9757377168
1.0 177 354 6.9646952795 7.32914367138 19.4357273413 19.4493822925
1.0 x 355 7.1022774793 7.57557970322 -41610.5512334 -49.6496207428
1.0 x 356 6.96265210442 7.29729690491 -41610.5512334 -15.7432392177
1.0 178 357 6.69846867306 6.99531595935 56.7448838522 56.745555231
1.0 x 358 6.36642730747 6.64242813608 -41553.8063495 -53.8238610138
1.0 x 359 7.03162227062 7.56784713499 -41553.8063495 -151.08470903
1.0 x 360 7.20853998902 7.67834384075 -41553.8063495 -59.3164304639
1.0 x 361 6.23226647129 6.43127523002 -41553.8063495 -14.3339173802
1.0 x 362 6.69290564996 7.0491601544 -41553.8063495 -72.8130526719
1.0 179 363 6.32273749619 6.57878410754 109.30809246 109.275326339
1.0 180 364 6.20204288499 6.48773141263 63.768781474 63.7906357404
1.0 x 365 6.58700549258 7.16382814525 -41380.7294756 -41.4231370916
1.0 x 366 6.14582973996 6.3862602724 -41380.7294756 -10.3104124917
1.0 x 367 6.28626589903 6.46061397579 -41380.7294756 -53.5318833971
1.0 x 368 6.2081606167 6.48451674873 -41380.7294756 -52.9230935475
1.0 x 369 6.52430120913 6.80683069571 -41380.7294756 -22.2716163954
1.0 x 370 6.19266789247 6.53016354031 -41380.7294756 -89.1708434396
1.0 181 371 6.26690549137 6.55026755211 27.3305643397 27.3436723708
1.0 182 372 6.26720408843 6.56798665553 31.6116155326 31.6375144892
1.0 x 373 6.23219974564 6.76339680044 -41321.7872957 -27.1511334586
1.0 x 374 6.44189950781 6.91968098885 -41321.7872957 -34.5063414759
1.0 x 375 6.21250829473 6.44228887158 -41321.7872957 -52.4541151834
1.0 x 376 10.9082682695 10.6392392198 -44385.0815984 -6.26435583139
1.0 x 377 10.9532200365 10.675480703 -44385.0815984 -100.451143178
1.0 x 378 11.0741869492 10.7803918005 -44385.0815984 -118.829984365
1.0 x 379 10.7794792185 10.5083905472 -44385.0815984 -9.2439156487
1.0 x 380 11.2180475566 10.8832303991 -44385.0815984 -82.0556854166
1.0 x 381 10.8151323828 10.4423074471 -44385.0815984 -87.9348625553
1.0 183 382 10.895127173 10.6936606758 11.8312683572 12.519376252
1.0 184 383 10.9182980297 10.730390692 23.3924826925 23.3151159801
1.0 x 384 10.9482073791 10.8202771991 -44349.8578473 -15.9327840576
1.0 x 385 10.9385852187 10.7441626411 -44349.8578473 -17.5550329233
1.0 x 386 11.0034504723 10.8957414151 -44349.8578473 -140.718095992
1.0 185 387 10.9564548034 10.8451570386 52.1126197359 52.1496688288
1.0 186 388 10.7923482931 10.6630945158 13.9178817966 13.9152589784
1.0 187 389 11.0949708511 11.0500529286 38.8330775552 38.8418050802
1.0 188 390 11.3007129418 11.1817273198 36.2288881758 36.1909947441
1.0 189 391 11.3709220068 11.2663818268 29.4461385369 29.4050009654
1.0 190 392 11.4550617619 11.3354419206 47.5451221348 47.5913300675
1.0 x 393 11.5232144378 11.5219810235 -44131.7741194 -138.319984901
1.0 x 394 11.564420286 11.4639842891 -44131.7741194 -134.902556576
1.0 191 395 11.2013882371 11.1720713977 119.987097127 119.989366049
1.0 192 396 10.8448168119 10.9376197718 91.6310945253 91.6311027086
1.0 x 397 11.0537428679 11.0586389117 -43920.1559278 -15.2858745418
1.0 193 398 10.9981582252 11.0777787026 102.183175507 102.174197178
1.0 194 399 10.9979340585 11.1627694974 16.2599734609 16.2860451815
1.0 x 400 11.2185426911 11.3696954655 -43801.7127788 -12.197202954
1.0 x 401 11.2823355239 11.4814424007 -43801.7127788 -109.707084686
1.0 195 402 10.7890285335 10.8957452424 108.842522523 108.896917749
1.0 x 403 10.8544427359 10.9465491876 -43692.8702563 -26.8304529739
1.0 x 404 10.5067666948 10.5689246602 -43692.8702563 -19.9142136921
1.0 196 405 10.6951459205 10.8425150885 2.85368120935 2.8297382618
1.0 197 406 10.1982312618 10.232171378 71.6660321617 71.6700150324
1.0 198 407 10.0057964547 9.99868631905 31.1107246742 31.137662059
1.0 x 408 10.1407694312 10.186681193 -43587.2398182 -47.2914616899
1.0 199 409 9.71899788963 9.74030173548 57.9400139483 57.9212782149
1.0 200 410 10.3872559914 10.6929626176 16.5166278998 16.5030915805
1.0 x 411 10.0831568902 10.2669985577 -43512.7831764 -49.1978252726
1.0 x 412 10.1916641049 10.4161771917 -43512.7831764 -156.719654624
1.0 201 413 10.3001673479 10.5656926678 46.7701951981 46.7764336875
1.0 202 414 10.0819932087 10.3629142455 132.010136496 131.942667687
1.0 x 415 9.99212248388 10.0921029582 -43334.0028447 -113.157825266
1.0 x 416 9.82479136052 10.0647403924 -43334.0028447 -26.7821618193
1.0 x 417 10.0767269757 10.4038991536 -43334.0028447 -32.9433184089
1.0 x 418 10.3839383076 10.7474845283 -43334.0028447 -17.177009191
1.0 x 419 10.4359440823 10.6661327883 -43334.0028447 -96.9548321004
1.0 203 420 9.96524585114 10.1611001683 20.5393000304 20.525212255
1.0 x 421 10.0946862825 10.2817806099 -43313.4635447 -94.6952090577
1.0 x 422 9.99512445751 10.1134803804 -43313.4635447 -15.9846164336
1.0 x 423 9.69580700298 9.9026959034 -43313.4635447 -40.4484476771
1.0 x 424 9.77578799947 9.81658738173 -43313.4635447 -38.2216710557
1.0 x 425 9.93278366275 10.1685298429 -43313.4635447 -19.5005522903
1.0 x 426 10.4344183678 10.693680174 -43313.4635447 -28.0072927791
1.0 x 427 9.8085880822 9.86907200054 -43313.4635447 -70.1299712108
1.0 x 428 9.90767695351 10.0250520226 -43313.4635447 -79.6682736819
1.0 x 429 10.5864288919 10.9179478225 -43313.4635447 -64.1216149305
1.0 x 430 9.84911113745 9.93306203718 -43313.4635447 -4.08138488494
1.0 x 431 10.1560713401 10.4873727639 -43313.4635447 -5.83399735881
1.0 x 432 9.882662754 10.069292869 -43313.4635447 -56.5062099787
1.0 x 433 10.0825264567 10.2324892636 -43313.4635447 -29.7164276099
1.0 204 434 10.0723751736 10.2754515271 9.63941240322 9.59880877242
1.0 205 435 10.0344620939 10.1872788586 42.6504567433 42.6299734974
1.0 x 436 10.4285126607 10.7361719352 -43261.1736755 -82.7025446394
1.0 x 437 10.1908567577 10.4180586782 -43261.1736755 -98.5279772225
1.0 x 438 10.4294781905 10.7206783423 -43261.1736755 -92.6580394757
1.0 x 439 10.3266469112 10.5974606303 -43261.1736755 -81.4559937972
1.0 x 440 9.80233563376 9.92883770548 -43261.1736755 -117.608501755
1.0 x 441 10.4401500281 10.6051901625 -43261.1736755 -80.8472119042
1.0 x 442 9.59945764721 9.7153567509 -43261.1736755 -68.6708274196
1.0 x 443 10.0606873547 10.2113487374 -43261.1736755 -5.46800265637
1.0 206 444 9.89504417603 10.0715248603 38.3564536809 38.3818064748
1.0 x 445 9.63223217285 9.57171256365 -43222.8172218 -73.3265535463
1.0 x 446 9.51194192315 9.51674263208 -43222.8172218 -50.3356087453
1.0 207 447 9.83551227587 9.89341446155 41.7546162055 41.7589502196
1.0 208 448 9.99298750144 10.1492983443 18.2536008836 18.256258518
1.0 x 449 10.4238688937 10.7101473401 -43162.8090047 -33.7752326886
1.0 209 450 9.28705182875 9.20304732503 30.7917519426 30.7535174873
1.0 x 451 10.0012029218 10.1583665194 -43132.0172528 -68.2813837563
1.0 x 452 9.10048395929 9.04998168361 -43132.0172528 -28.269214582
1.0 210 453 9.5728035131 9.60365078622 19.6393010094 19.6378472898
1.0 x 454 9.48692691094 9.4247248164 -43112.3779518 -32.1197801203
1.0 211 455 9.69521265669 9.80899316728 18.083115308 18.02343869
1.0 212 456 9.63968583723 9.85105084084 29.3255924641 29.3094222214
1.0 x 457 9.85193960972 9.91510671237 -43064.969244 -17.0637780903
1.0 213 458 9.33735093576 9.45940362448 169.365138106 169.367204726
1.0 x 459 9.28122574394 9.34527662312 -42895.6041059 -86.8499836162
1.0 214 460 9.09584469854 8.988422727 147.21010407 147.210784308
1.0 215 461 8.97073732759 8.78897728795 5.60480021154 5.60535058011
1.0 x 462 8.85217919255 8.76214753116 -42742.7892016 -8.1048589089
1.0 216 463 9.20431530243 9.13209976064 107.150065431 107.129562521
1.0 x 464 9.12933726548 8.97354558877 -42635.6391362 -64.8710873035
1.0 x 465 9.13122092755 8.98796340883 -42635.6391362 -24.8686793885
1.0 217 466 9.03381174525 8.92973684757 79.3527482189 79.3036004934
1.0 218 467 9.06622630072 9.09242230942 17.3059039245 17.3322754741
1.0 x 468 8.98055616967 8.92432740788 -42538.980484 -24.8184289002
1.0 219 469 8.98359528569 9.17029599343 139.430391875 139.449084474
1.0 x 470 8.57357961711 8.74719066065 -42399.5500922 -66.553322566
1.0 x 471 8.7434065083 8.80973947352 -42399.5500922 -37.2311515981
1.0 x 472 9.09056919484 9.27788945256 -42399.5500922 -45.532436684
1.0 x 473 8.88523633346 9.04895867181 -42399.5500922 -58.3794717283
1.0 x 474 9.23944339256 9.38263172828 -42399.5500922 -42.9331757944
1.0 220 475 9.03030272221 9.10517271345 50.6949991748 50.6951380446
1.0 221 476 9.07582074462 9.12029695316 137.573813548 137.519467113
1.0 222 477 8.83320695219 8.88756569709 46.2026544572 46.1610553642
1.0 223 478 8.7823575736 8.87378837364 53.8333356906 53.852454608
1.0 x 479 8.74720041608 8.89090585031 -42111.2452893 -66.146884458
1.0 224 480 8.93885378515 8.98545298271 45.3406266233 45.3652543424
1.0 x 481 8.74661292661 8.89315224188 -42065.9046627 -71.6369801606
1.0 225 482 9.22640756558 9.4076256046 54.6998498245 54.7166752229
1.0 226 483 8.65750970582 8.81069086742 35.2746096845 35.2776645039
1.0 x 484 8.93421038759 9.22317131329 -41975.9302032 -2.00460545038
1.0 x 485 8.4456917715 8.44317708959 -41975.9302032 -46.5674970493
1.0 227 486 8.60608127682 8.73369325266 12.4794549498 12.4813633203
1.0 228 487 7.92495845005 8.18223425872 8.52787176716 8.54983492163
1.0 x 488 7.10955924026 7.32156662071 -41954.9228765 -38.7766708614
1.0 229 489 8.12692633302 8.41893592257 111.991543774 111.966160865
1.0 230 490 8.53333454004 8.67475510587 25.3953032995 25.3553487823
1.0 x 491 8.90297676661 9.34585670398 -41817.5360294 -15.0378076807
1.0 x 492 8.49133175098 8.74674728056 -41817.5360294 -97.282003837
1.0 231 493 8.67820110845 8.63063283809 3.2533741092 3.26659800259
1.0 232 494 8.89808097661 8.92465916909 38.1041879507 38.1225311522
1.0 x 495 8.71721523097 8.8609497436 -41776.1784673 -58.2187284828
1.0 x 496 9.16377389372 9.35690706153 -41776.1784673 -46.1464553905
1.0 233 497 8.54777843238 8.54497984592 117.868063892 117.861056742
1.0 234 498 8.1637324585 8.08434993851 23.79681399 23.768993294
1.0 x 499 8.1325676272 7.93961782935 -41634.5135894 -28.4463546844
1.0 235 500 8.2725508596 8.34850772999 116.537580924 116.513634891
1.0 1 0 11.6279402405 11.6234751613 131.504785356 131.484136147
1.0 2 1 11.4328878665 11.3921516353 57.9768297144 57.9572780679
1.0 3 2 11.1096590073 11.1630697335 10.7073396569 10.681073154
1.0 4 3 11.265692172 11.2332755769 141.909045661 141.906010684
1.0 x 4 11.1206129791 11.1277933818 -52711.7824695 -83.5225993326
1.0 x 5 11.1569358415 11.0891597459 -52711.7824695 -52.8024872946
1.0 x 6 10.9575337504 10.9730693859 -52711.7824695 -49.6750863787
1.0 5 7 11.4588884659 11.4352132715 38.5404574925 38.5127596525
1.0 6 8 11.3872002734 11.3754448669 155.713876351 155.666502429
1.0 x 9 11.3365216492 11.2791306349 -52517.5281356 -43.5790555442
1.0 7 10 11.4734964857 11.3960509252 50.4782947517 50.410155953
1.0 x 11 11.668766095 11.6553378229 -52467.0498409 -45.661420634
1.0 x 12 11.8329804414 11.6789831757 -52467.0498409 -23.3743222077
1.0 x 13 11.726590342 11.6942079182 -52467.0498409 -16.8418540967
1.0 x 14 11.5348649737 11.4137630085 -52467.0498409 -15.5820999797
1.0 8 15 11.3502587124 11.3231079608 -0.576309087439 -0.574970207351
1.0 9 16 11.2759861792 11.2771630118 85.4985899323 85.4795473129
1.0 x 17 11.2811243943 11.2902230947 -52382.12756 -65.476023491
1.0 10 18 11.3239745956 11.3312324942 61.2147076674 61.1817328405
1.0 x 19 11.2799394678 11.3161579715 -52320.9128524 -9.71661113129
1.0 11 20 11.2888786408 11.4389450505 115.472832659 115.521371233
1.0 12 21 11.335156461 11.5324089798 72.1791993876 72.1338209883
1.0 x 22 11.3008312222 11.4623290977 -52133.2608203 -112.364772859
1.0 13 23 11.0989725572 11.2128069468 9.38596969641 9.35174960075
1.0 14 24 11.0372257782 11.1497561829 8.63393784467 8.64979826164
1.0 15 25 11.0873301421 11.2232505087 84.0289394045 84.0398511318
1.0 16 26 11.099347225 11.2606830913 101.69126883 101.658043167
1.0 x 27 11.0280072048 11.1909324767 -51929.5207045 -58.2942707508
1.0 x 28 11.0790085559 11.2531456364 -51929.5207045 -18.4176904508
1.0 17 29 10.9682903019 11.1162620539 14.3256419544 14.3095393395
1.0 x 30 11.1001607459 11.2837589829 -51915.1950626 -40.2276291097
1.0 18 31 10.8792566343 11.0216887262 36.1990671745 36.1575339716
1.0 x 32 10.8215929236 10.9578191048 -51878.9959954 -0.261779232072
1.0 19 33 10.6092128425 10.8039145112 47.1475642257 47.1727835377
1.0 x 34 10.7449960308 10.8707451554 -51831.8484312 -41.4010997667
1.0 x 35 10.7435695013 10.9108700958 -51831.8484312 -146.782013
1.0 20 36 10.6106182435 10.8407888995 36.2648027993 36.2250453863
1.0 21 37 10.6740704938 10.903749275 15.2914358925 15.2679776454
1.0 x 38 10.5472123328 10.7785291194 -51780.2921925 -41.513872244
1.0 x 39 10.7552609053 11.0009789774 -51780.2921925 -65.8240642063
1.0 x 40 10.6288715466 10.82787562 -51780.2921925 -14.2055781173
1.0 x 41 10.6907568963 10.8961980923 -51780.2921925 -72.9752049038
1.0 x 42 10.6864994882 10.9142920779 -51780.2921925 -17.9808382321
1.0 22 43 10.6847760341 10.9043884581 0.269260197761 0.252205502054
1.0 x 44 10.6884783379 10.8841494213 -51780.0229323 -11.8660863399
1.0 x 45 10.6691995225 10.9120108757 -51780.0229323 -26.7587971017
1.0 x 46 10.6617523804 10.8850638668 -51780.0229323 -103.997906373
1.0 23 47 10.5438125744 10.7837376484 81.475039413 81.4632980814
1.0 x 48 10.4310701227 10.6656256776 -51698.5478929 -15.8486438475
1.0 x 49 10.4487558372 10.6853165922 -51698.5478929 -26.3903427536
1.0 24 50 10.5330399032 10.7672039385 73.964849886 73.9769778446
1.0 x 51 10.6811948083 10.9492663483 -51624.583043 -7.43463972869
1.0 25 52 10.4716719763 10.7504539938 8.73259528595 8.68074514429
1.0 26 53 10.4434925179 10.6870463821 39.7291513142 39.7014771244
1.0 27 54 10.3440976621 10.5973014113 2.65792898541 2.66713933464
1.0 28 55 10.2939422398 10.5495434561 47.6198972077 47.5774597175
1.0 x 56 10.3045267216 10.5473778489 -51525.8434702 -48.1844336383
1.0 29 57 10.3734548973 10.615516198 9.78616048741 9.74935858215
1.0 30 58 10.4290566723 10.7001557621 4.03656804535 4.02434335406
1.0 31 59 10.3806510392 10.6469186367 41.3061739786 41.2882826622
1.0 x 60 10.2488753688 10.4988577467 -51470.7145677 -41.5551837969
1.0 x 61 10.4031347382 10.6612274885 -51470.7145677 -27.9071543456
1.0 32 62 10.4042168219 10.6908081993 44.57157178 44.5907485501
1.0 x 63 10.4208479103 10.70926227 -51426.1429959 -6.70778902503
1.0 33 64 10.4587945715 10.740262571 13.8906165832 13.901735053
1.0 x 65 10.2502258532 10.5039941343 -51412.2523793 -22.6907021796
1.0 x 66 10.5026807576 10.796295661 -51412.2523793 -10.3270537694
1.0 x 67 10.309999276 10.5588129763 -51412.2523793 -3.18435476283
1.0 x 68 10.6095852079 10.9096309113 -51412.2523793 -47.5941866121
1.0 x 69 10.4289911645 10.699500021 -51412.2523793 -4.97084022665
1.0 x 70 10.4431654278 10.7129488343 -51412.2523793 -22.3471679622
1.0 34 71 10.3540227087 10.6218251804 25.1884410223 25.2262611834
1.0 35 72 10.4318731162 10.7175389444 6.9959476863 7.00299326472
1.0 x 73 10.4503675715 10.7488883797 -51380.0679906 -35.3103383554
1.0 36 74 10.3920333104 10.6754713079 24.7291045967 24.7201196923
1.0 37 75 10.2543660366 10.5053810166 49.3994153157 49.3881314395
1.0 x 76 10.1827593457 10.4205530279 -51305.9394707 -62.7177761766
1.0 38 77 10.5080981691 10.8069648612 15.0406886964 14.9976502961
1.0 39 78 10.5598328352 10.86783711 56.8419022703 56.8206247419
1.0 40 79 10.5425391432 10.8662026014 21.4576601139 21.4666064955
1.0 41 80 10.4505381109 10.7534501429 14.5708696987 14.5475997132
1.0 42 81 10.2744232704 10.578506599 55.5528770733 55.4903468241
1.0 x 82 10.2863273748 10.5930134868 -51142.4754729 -18.3757147275
1.0 x 83 10.3179766808 10.6210175589 -51142.4754729 -4.97599068954
1.0 43 84 10.1901601143 10.484147207 45.8639831515 45.8385772539
1.0 44 85 10.137066344 10.4084262977 60.2901885664 60.3092688172
1.0 45 86 10.0962221478 10.3732846758 41.5744515108 41.562364073
1.0 x 87 10.0486844379 10.2951954304 -50994.7468496 -38.659491119
1.0 46 88 10.2162706301 10.4892619085 73.4581388459 73.4578066161
1.0 47 89 10.2106867508 10.4815322106 77.3082875468 77.2994461051
1.0 x 90 9.96571977357 10.2153684669 -50843.9804232 -2.85018327759
1.0 x 91 10.099666697 10.3856544417 -50843.9804232 -17.4585826877
1.0 x 92 10.3089073026 10.5955217703 -50843.9804232 -19.2883721374
1.0 x 93 9.89352811951 10.1616331305 -50843.9804232 -9.81665663869
1.0 48 94 10.1757472743 10.4608204539 26.2040560559 26.1961697018
1.0 x 95 10.1711312025 10.4457930323 -50817.7763672 -44.2880088201
1.0 x 96 10.0445245342 10.3077810246 -50817.7763672 -36.4877405355
1.0 x 97 10.187862894 10.4819325075 -50817.7763672 -63.1654393284
1.0 x 98 10.2212092376 10.4786718673 -50817.7763672 -38.63014892
1.0 x 99 10.1652712341 10.4546840976 -50817.7763672 -11.0303246212
1.0 x 100 10.211637971 10.4974633411 -50817.7763672 -17.300844541
1.0 49 101 10.0878308851 10.3977247825 56.9966344634 56.968081003
1.0 50 102 10.1392930459 10.4459358488 2.40802978463 2.44757634369
1.0 51 103 10.1816362218 10.4562736993 28.2886378025 28.3017886263
1.0 52 104 10.2890991683 10.5816902162 38.9341812342 38.9571615927
1.0 x 105 10.2110823761 10.4933101121 -50691.1488839 -50.3298987866
1.0 53 106 10.2846004009 10.5779248519 9.62989142092 9.66741024578
1.0 x 107 10.2461506741 10.5339057411 -50681.5189925 -33.151877081
1.0 x 108 10.3624162667 10.6521127401 -50681.5189925 -46.992095423
1.0 x 109 10.2906291094 10.5836660007 -50681.5189925 -14.039076249
1.0 x 110 10.3259105268 10.6058171134 -50681.5189925 -13.1940976004
1.0 x 111 10.2360368805 10.520130553 -50681.5189925 -13.4719331862
1.0 54 112 10.3309088553 10.6318494993 9.99306733123 9.9868328511
1.0 55 113 10.5059383252 10.8151452125 6.8513714908 6.87097719834
1.0 x 114 10.502143388 10.8003388534 -50664.6745537 -27.0675209888
1.0 56 115 10.4897111628 10.803029878 31.479938591 31.4929987048
1.0 x 116 10.6241056668 10.9548171435 -50633.1946151 -22.8916447038
1.0 57 117 10.472863265 10.7933740358 43.6458094529 43.6405837506
1.0 58 118 10.5474122845 10.8728656507 49.0136989039 49.0219523764
1.0 59 119 10.4959390211 10.804732193 52.9758867966 52.9500900662
1.0 x 120 10.5000134373 10.8103852339 -50487.5592199 -34.2308006208
1.0 60 121 10.3922934125 10.697149044 49.8047505388 49.7732788658
1.0 x 122 10.4901359069 10.8098741877 -50437.7544694 -45.7601654576
1.0 x 123 10.4819608092 10.7997129376 -50437.7544694 -11.2531483101
1.0 x 124 10.3886199385 10.697020477 -50437.7544694 -25.2378769417
1.0 x 125 10.280781546 10.5902801018 -50437.7544694 -19.1048155373
1.0 61 126 10.3233183809 10.639459036 48.2650766297 48.2170009219
1.0 x 127 10.3076048506 10.6052874177 -50389.4893927 -45.1722349986
1.0 x 128 10.3128683963 10.6054720449 -50389.4893927 -36.3244816516
1.0 62 129 10.3535235266 10.653342494 20.1405505827 20.1029776768
1.0 63 130 10.2498433306 10.5718763124 120.797356075 120.783143522
1.0 x 131 10.3744656353 10.6777026243 -50248.5514861 -14.2148341077
1.0 64 132 10.3126840592 10.6093880228 3.68267666863 3.693277592
1.0 x 133 10.0399043423 10.3356918881 -50244.8688094 -36.884755953
1.0 x 134 10.311341755 10.6024670569 -50244.8688094 -15.9570689382
1.0 x 135 10.1493452056 10.4603725526 -50244.8688094 -43.7348536882
1.0 x 136 10.3525050055 10.6516094191 -50244.8688094 -74.2767455818
1.0 x 137 10.4888049844 10.8129465697 -50244.8688094 -8.96989943188
1.0 x 138 10.3586289673 10.6514430991 -50244.8688094 -53.0656524567
1.0 65 139 10.2393212605 10.5268842197 10.1584764431 10.1984699026
1.0 66 140 10.3837209051 10.679197913 24.1509246275 24.1275779234
1.0 x 141 10.3993365613 10.6907972974 -50210.5594083 -31.7100795849
1.0 67 142 10.5733316642 10.8856099276 34.4461890531 34.4640913115
1.0 68 143 10.5176933641 10.829961462 17.5293494014 17.5049518132
1.0 69 144 10.538188032 10.8396771815 30.8657186232 30.8391910476
1.0 x 145 10.335192034 10.6284659779 -50127.7181513 -6.39917761518
1.0 70 146 10.5567635354 10.8526988469 2.64519432293 2.68562541687
1.0 x 147 10.6669636981 10.9936366422 -50125.0729569 -13.181401265
1.0 71 148 10.5055509765 10.801953117 18.0127810594 18.0035510528
1.0 72 149 10.5505603195 10.8582904208 49.4743207467 49.473379681
1.0 73 150 10.3328896868 10.6238132479 -1.40320007315 -1.36501283301
1.0 74 151 10.2072854865 10.5006670895 24.8248716599 24.8721481659
1.0 75 152 10.3007239051 10.6001011562 10.8802389628 10.8912032103
1.0 76 153 10.3434745177 10.6137637694 22.7462035437 22.7192273343
1.0 77 154 10.3957141501 10.6766044907 36.5772410192 36.5897625554
1.0 x 155 10.3157885484 10.5905376247 -49963.9605 -24.8252413392
1.0 x 156 10.3604496815 10.6070961865 -49963.9605 -9.4074305259
1.0 78 157 10.4577721015 10.7444266465 29.3163488669 29.3159491888
1.0 79 158 10.4535902948 10.7431791122 56.3850577892 56.4183394846
1.0 x 159 10.4399906997 10.7331610405 -49878.2590934 -3.78995676326
1.0 x 160 10.3976169304 10.6662703889 -49878.2590934 -11.9980805168
1.0 x 161 10.5559053222 10.8631066573 -49878.2590934 -40.6739399875
1.0 x 162 10.3999620708 10.6865817876 -49878.2590934 -31.0123434981
1.0 80 163 10.5227868998 10.8187849237 -0.827258945625 -0.871625030129
1.0 81 164 10.4141330609 10.6991122216 16.3735447626 16.3620377229
1.0 82 165 10.3714560375 10.6662507203 35.0618800467 35.0740054827
1.0 83 166 10.3722894199 10.6575645897 43.370428282 43.3861689523
1.0 x 167 10.3415933703 10.6274899729 -49784.2804992 -59.7634497952
1.0 84 168 10.3901809663 10.694808448 19.7566189169 19.7060447552
1.0 x 169 10.4648506568 10.7675741317 -49764.5238803 -51.5053773421
1.0 85 170 10.4454605306 10.7544277215 4.50905591912 4.49626140175
1.0 86 171 10.4926245621 10.7940283931 -0.824418003504 -0.839944966491
1.0 x 172 10.4425538841 10.7403645765 -49760.8392424 -25.80073297
1.0 87 173 10.4785625576 10.7704962626 48.6249706925 48.618966618
1.0 88 174 10.6088768624 10.9190515909 14.2164168665 14.197823392
1.0 x 175 10.3092617024 10.6135133988 -49697.9978548 -13.4765308755
1.0 x 176 10.537209912 10.8641880852 -49697.9978548 -26.6850030324
1.0 x 177 10.6341073575 10.9496112266 -49697.9978548 -51.7266575904
1.0 x 178 10.7078500473 11.0443944161 -49697.9978548 -45.0587148108
1.0 x 179 10.7453664551 11.072492639 -49697.9978548 -48.3994109704
1.0 89 180 10.6200900467 10.9491641601 37.5446809894 37.5706384073
1.0 90 181 10.380779803 10.7225923178 8.32161455511 8.31511559367
1.0 x 182 10.4542153994 10.7857650296 -49652.1315593 -11.0937195185
1.0 91 183 10.4931086346 10.8465134097 0.622069526245 0.596797219517
1.0 92 184 10.4224953098 10.7744820697 16.5866096631 16.5496262725
1.0 93 185 10.4085497396 10.7738914324 55.7437227688 55.7730640349
1.0 94 186 10.4695613606 10.830731981 4.48521433179 4.45024083323
1.0 x 187 10.4174553851 10.7560727142 -49574.693943 -11.2788651623
1.0 95 188 10.3520373129 10.6813695288 47.4458436046 47.4813954899
1.0 96 189 10.3168941891 10.6664758141 11.0739657269 11.0688762466
1.0 x 190 10.3669958743 10.7256701422 -49516.1741337 -38.5463538478
1.0 x 191 10.3171705807 10.6773686115 -49516.1741337 -21.7521904528
1.0 x 192 10.2006600965 10.5574176577 -49516.1741337 -72.995082926
1.0 97 193 10.2250038618 10.5806504134 12.4048234516 12.3838258463
1.0 x 194 10.3086566222 10.6583606939 -49503.7693102 -62.7516146838
1.0 x 195 10.1217474421 10.4781913598 -49503.7693102 -16.9098525349
1.0 x 196 10.0845796397 10.4477565877 -49503.7693102 -30.84504024
1.0 x 197 10.2172969175 10.5716403845 -49503.7693102 -25.2480099467
1.0 98 198 10.3739101711 10.7058683775 11.1541493814 11.1220779825
1.0 x 199 10.3200146814 10.6650202692 -49492.6151608 -19.0060942521
1.0 99 200 10.4879355459 10.8336069537 17.9875646968 17.9868528475
1.0 x 201 10.6140273873 10.9174973438 -49474.6275961 -10.682016158
1.0 100 202 10.5617229224 10.8918480669 6.9666420039 6.97533375056
1.0 x 203 10.801402247 11.1341051894 -49467.6609541 -8.02690019913
1.0 x 204 10.5048243055 10.82839658 -49467.6609541 -24.8305159204
1.0 x 205 10.501605991 10.8374921191 -49467.6609541 -17.4771848761
1.0 101 206 10.6360959548 11.011600156 9.49528423727 9.46001451393
1.0 x 207 10.6313249317 11.0127664845 -49458.1656699 -16.3107013829
1.0 102 208 10.651349983 11.0323977237 20.944801886 20.9165888143
1.0 103 209 10.7423584614 11.1396329343 9.81204030166 9.77145719819
1.0 104 210 10.779878768 11.1602921652 63.295624037 63.2974506511
1.0 x 211 10.8030521044 11.1848215498 -49364.1132037 -19.6535129857
1.0 x 212 10.635059808 11.0194276416 -49364.1132037 -22.2968299873
1.0 105 213 10.8331315757 11.2263634108 30.5321833809 30.5430513125
1.0 106 214 10.9644630461 11.338263702 9.29567583096 9.31149599167
1.0 x 215 10.7163351204 11.0849443244 -49324.2853445 -36.4799724212
1.0 107 216 10.8750320508 11.2825008387 1.53621407723 1.55664450932
1.0 x 217 10.8031400897 11.2111499611 -49322.7491304 -7.65898866847
1.0 108 218 10.6642539079 11.0433622967 9.82025208307 9.85073235721
1.0 x 219 10.6404237787 11.0152003475 -49312.9288783 -31.2661127349
1.0 x 220 10.6540435392 11.033984375 -49312.9288783 -3.4096446545
1.0 109 221 10.6724730602 11.047743391 36.4453610605 36.4503385289
1.0 x 222 10.7276436492 11.126695675 -49276.4835172 -13.6901724835
1.0 x 223 10.7874618908 11.2083343948 -49276.4835172 -23.0690771634
1.0 110 224 10.6860742101 11.0382213695 4.02180335171 3.99246740987
1.0 x 225 10.6169178639 10.9687285951 -49272.4617139 -39.2621656947
1.0 x 226 10.7750666553 11.1129672886 -49272.4617139 -59.4957588692
1.0 111 227 10.5549738709 10.8955263376 10.9069714376 10.90508467
1.0 112 228 10.7239105493 11.0593061151 12.5616736069 12.5408426776
1.0 113 229 10.5926447526 10.9357031658 55.2032021031 55.1788216122
1.0 x 230 10.5552637271 10.8995819085 -49193.7898667 -11.1675871343
1.0 x 231 10.6101871243 10.9611456193 -49193.7898667 -29.9674761343
1.0 114 232 10.6348112294 10.9992159076 11.2830635258 11.2867612094
1.0 115 233 10.7585524317 11.0627222167 0.496715821682 0.433900414809
1.0 x 234 10.8826525888 11.1525948981 -49182.0100874 -6.76209795722
1.0 x 235 10.7889046421 11.0970396523 -49182.0100874 -70.1736541243
1.0 116 236 10.5725253672 10.8817526526 14.9830246142 14.9585828164
1.0 117 237 10.7532971075 11.04422979 17.8358047119 17.8460004918
1.0 x 238 10.8744584514 11.1477050854 -49149.1912581 -1.98916129106
1.0 x 239 10.6662870113 10.9414291477 -49149.1912581 -61.9363102347
1.0 x 240 10.6136076011 10.8782475793 -49149.1912581 -49.0217236133
1.0 x 241 10.6173571027 10.8880315379 -49149.1912581 -54.251362925
1.0 118 242 10.5250053745 10.7972434538 34.7168111647 34.6763169289
1.0 x 243 10.5603110142 10.8372318608 -49114.4744469 -6.14993399929
1.0 119 244 10.557734217 10.8246330493 12.3556327782 12.3464331631
1.0 x 245 10.5132895901 10.772437418 -49102.1188141 -93.9511712736
1.0 120 246 10.6552423152 10.9473097035 18.0976602117 18.1070198871
1.0 121 247 10.447897281 10.7220075183 9.7039909325 9.6748476826
1.0 x 248 10.4908352815 10.7682863389 -49074.317163 -38.3440316545
1.0 122 249 10.657140566 10.9445178451 2.80758974701 2.77393373397
1.0 123 250 10.6864689133 11.0084053498 14.56588662 14.5008629229
1.0 x 251 10.4130605651 10.7259548398 -50437.7544694 -87.3910617526
1.0 x 252 10.3901123546 10.6850329934 -50437.7544694 -12.8899001069
1.0 x 253 10.426931733 10.7278736349 -50437.7544694 -32.5911545605
1.0 x 254 10.3737154652 10.6681168886 -50437.7544694 -69.9196798527
1.0 x 255 10.4503220939 10.7621671806 -50437.7544694 -9.13785202783
1.0 124 256 10.3537071366 10.6898357056 21.6465848681 22.1009573949
1.0 125 257 10.3180400145 10.6489961443 37.6052677553 37.6105817315
1.0 x 258 10.319870768 10.6483525762 -50378.5026167 -26.1910180739
1.0 x 259 10.3099128443 10.6512702111 -50378.5026167 -55.0568194765
1.0 x 260 10.2448634386 10.5644078531 -50378.5026167 -42.0295674263
1.0 126 261 10.3485734349 10.6926613616 31.1769490966 31.208257955
1.0 x 262 10.4361091649 10.7779192391 -50347.3256676 -6.2508986801
1.0 x 263 10.3552045844 10.7086615053 -50347.3256676 -11.3482058822
1.0 x 264 10.4472973871 10.7920220037 -50347.3256676 -54.1333149231
1.0 x 265 10.3399302085 10.6762682602 -50347.3256676 -3.23779942219
1.0 127 266 10.4219652062 10.7612812818 49.7384938725 49.751637541
1.0 128 267 10.4487075097 10.7761780788 45.3276353706 45.2864531741
1.0 x 268 10.4199243406 10.7225205783 -50252.2595384 -0.442053220574
1.0 x 269 10.5686166237 10.9174525065 -50252.2595384 -8.95214552673
1.0 129 270 10.3682736765 10.6974323216 41.8778152393 41.8711305005
1.0 130 271 10.293705623 10.5952423681 65.4510146548 65.4789594293
1.0 x 272 10.397248401 10.7070418847 -50144.9307085 -5.98079661506
1.0 x 273 10.3237010583 10.6418118057 -50144.9307085 -49.072458111
1.0 131 274 10.4778396847 10.8128042892 20.5340997382 20.5093609048
1.0 x 275 10.4551103704 10.7997820059 -50124.3966088 -13.1600710583
1.0 x 276 10.4767538643 10.8064191404 -50124.3966088 -9.51262681939
1.0 132 277 10.5400284556 10.8944651374 22.9299091206 22.912274906
1.0 133 278 10.5222477342 10.8646794127 39.763400091 39.7131975962
1.0 134 279 10.7241321346 11.0348800668 116.868398388 116.888641456
1.0 135 280 10.6988918333 11.0166053939 10.3676001577 10.3810826182
1.0 x 281 10.7983548476 11.1220774166 -49934.467301 -6.52866477429
1.0 136 282 10.5285607326 10.8747478067 1.81081751351 1.8333695572
1.0 x 283 10.4711131584 10.8400190953 -49932.6564835 -9.3902554803
1.0 137 284 10.501003508 10.8495883071 -2.37244032526 -2.39233868703
1.0 138 285 10.4062350785 10.7462575477 38.3711467837 38.3665629131
1.0 x 286 10.4365958588 10.7487083845 -49896.657777 -33.9734932158
1.0 x 287 10.3375570827 10.6457932421 -49896.657777 -15.3575374756
1.0 x 288 10.4093801522 10.7552773407 -49896.657777 -3.62971561008
1.0 139 289 10.5521930983 10.8956525622 6.73161954269 6.71545604923
1.0 x 290 10.4064149042 10.7429534557 -49889.9261575 -40.7679808568
1.0 140 291 10.525778626 10.8759738197 58.6940299405 58.71231097
1.0 141 292 10.2917663144 10.623767171 3.06337368383 3.01103441463
1.0 142 293 10.5520551664 10.9005570739 24.7547996962 24.7001971577
1.0 x 294 10.5924821095 10.9522655744 -49803.4139542 -41.2066744657
1.0 143 295 10.5085532628 10.8640850967 13.7768031317 13.7605673562
1.0 144 296 10.5401439998 10.8903263247 23.1224616493 23.1125423105
1.0 x 297 10.5295735078 10.8847126603 -49766.5146894 -15.5325021083
1.0 x 298 10.6380702193 11.0092268994 -49766.5146894 -16.4089327445
1.0 145 299 10.6445238149 11.0170603028 26.0112513403 26.0000611187
1.0 146 300 10.6951653615 11.0717873681 33.1141087461 33.0869907509
1.0 x 301 10.6979478425 11.0758646866 -49707.3893293 -17.5902354587
1.0 147 302 10.7545704406 11.1266495857 20.209375958 20.164200686
1.0 x 303 10.7496696292 11.1227040532 -49687.1799534 -32.9123042425
1.0 x 304 10.8460027183 11.2049626867 -49687.1799534 -23.1588996638
1.0 x 305 10.7733546125 11.147910003 -49687.1799534 -26.6457086654
1.0 148 306 10.991385295 11.3631494534 53.6097557654 53.6319472508
1.0 x 307 10.8269001458 11.2318893333 -49633.5701976 -49.7889219011
1.0 x 308 11.0441077631 11.4187981438 -49633.5701976 -3.9489771462
1.0 149 309 10.9655764196 11.3382698696 2.67324114339 2.68642583157
1.0 150 310 10.8207200287 11.1936857826 50.1641368171 50.1482419735
1.0 x 311 10.7198907524 11.0919383144 -49580.7328196 -51.7532584619
1.0 151 312 10.8287134449 11.1703403483 50.1706035246 50.1275242086
1.0 x 313 10.9119328544 11.255585508 -49530.5622161 -44.1015136008
1.0 152 314 10.7526590031 11.0957897473 22.3060613031 22.3002298288
1.0 153 315 10.6376346281 10.9827115677 63.7932100464 63.8170169247
1.0 154 316 10.6479639472 10.9772194712 25.2009845949 25.1637536605
1.0 x 317 10.6060542101 10.9533530965 -49419.2619602 -4.04149777543
1.0 155 318 10.6660837184 11.0186322386 17.7851833825 17.6805983415
1.0 x 319 10.7010432658 11.0505429204 -49401.4767768 -22.2748923658
1.0 x 320 10.5310064605 10.8746899321 -49401.4767768 -9.75922412174
1.0 x 321 10.6882893625 11.0377166484 -49401.4767768 -56.295764886
1.0 x 322 10.6876001296 11.0236089091 -49401.4767768 -22.3257843348
1.0 x 323 10.6437033758 10.9959433079 -49401.4767768 -77.2061072907
1.0 156 324 10.62160587 10.9702713342 7.52201795094 7.56492515565
1.0 157 325 10.6343196413 11.0028053214 11.952799258 11.920900584
1.0 x 326 10.7582625306 11.109952698 -49382.0019596 -16.1602117125
1.0 158 327 10.6892981191 11.0527048446 56.2877385421 56.2923172115
1.0 x 328 10.727984216 11.0986485664 -49325.714221 -4.94013371706
1.0 159 329 10.8194572261 11.203090233 55.7122747543 55.7116040079
1.0 160 330 10.7160995146 11.0849674558 32.8792176761 32.837757315
1.0 161 331 10.6868719402 11.0544636008 72.6689826651 72.6493028378
1.0 162 332 10.6343391935 10.9962846025 3.34889372266 3.29400388257
1.0 163 333 10.6906429799 11.037401978 15.5180931652 15.5277056749
1.0 x 334 10.6743626814 11.0313222204 -49145.586759 -20.9617548253
1.0 164 335 10.6274378146 10.9714186855 30.2315802364 30.266519205
1.0 x 336 10.6270017876 10.9321194391 -49115.3551788 -5.28494002148
1.0 165 337 10.9210508592 11.2726477552 6.07648394365 6.0454427477
1.0 x 338 11.014364443 11.3883042282 -49109.2786949 -32.1817953776
1.0 x 339 11.0275089024 11.3576956033 -49109.2786949 -30.4056941401
1.0 x 340 11.0101890023 11.3803474328 -49109.2786949 -20.2234671827
1.0 166 341 10.9122105068 11.2756064449 49.0604941553 49.0859585464
1.0 167 342 11.0592932186 11.4179978976 31.9948615946 31.9860376079
1.0 x 343 11.0302317831 11.3817729394 -49028.2233391 -34.3144165227
1.0 168 344 11.0487381786 11.4340839186 32.4540088654 32.4340164095
1.0 x 345 11.0398924511 11.3999407024 -48995.7693302 -9.47227388019
1.0 169 346 11.2299591458 11.5910362441 13.7080593289 13.7124067061
1.0 x 347 11.2243317609 11.5881279172 -48982.0612709 -66.94180455
1.0 x 348 11.2400744679 11.6190162433 -48982.0612709 -48.8048021582
1.0 x 349 11.2128089123 11.5878684252 -48982.0612709 -48.6923945224
1.0 170 350 11.4137057377 11.7990932448 93.5342495832 93.5584316402
1.0 x 351 11.3425830908 11.722711207 -48888.5270213 -34.5505206568
1.0 171 352 11.3487538411 11.7050643513 59.8592951369 59.8552969456
1.0 x 353 11.6068874396 11.9303553993 -48828.6677262 -58.9374952825
1.0 x 354 11.3124245818 11.6881048452 -48828.6677262 -42.5869832063
1.0 x 355 11.5029383397 11.8644795135 -48828.6677262 -3.34401766647
1.0 172 356 11.3830076355 11.7424141063 14.9015052997 14.9198594436
1.0 173 357 11.4519029904 11.7802311588 52.1336896621 52.1217592004
1.0 174 358 11.6758100824 12.0020491646 9.53239488503 9.51063664804
1.0 175 359 11.7742205664 12.0858641349 55.5742334974 55.5813675481
1.0 176 360 11.8080576871 12.1267817041 6.10387212394 6.04253119615
1.0 177 361 11.7125896425 12.0583584838 18.075766657 18.081947915
1.0 x 362 11.6228812325 11.9786815297 -48672.3462641 -17.8030305077
1.0 x 363 11.6651381063 12.0299645311 -48672.3462641 -43.2188798444
1.0 x 364 11.6403382768 12.0126681384 -48672.3462641 -21.7610057189
1.0 x 365 11.6850412457 12.0380225126 -48672.3462641 -7.8918520976
1.0 x 366 11.6986788279 12.050586847 -48672.3462641 -23.0322209494
1.0 178 367 11.6752071328 12.024012494 19.6869291429 19.6781185702
1.0 x 368 11.5559744443 11.9331119512 -48652.6593349 -28.3051037032
1.0 x 369 11.7195996865 12.0762824055 -48652.6593349 -52.3286635459
1.0 179 370 11.7215206952 12.0632211851 35.3808054953 35.4147234046
1.0 x 371 11.6525523333 11.994003941 -48617.2785294 -14.9879004309
1.0 180 372 11.8920719255 12.1772285478 32.2154751165 32.1785883046
1.0 181 373 11.7815595172 12.0845891961 117.954822741 117.952587256
1.0 x 374 11.7986634656 12.0900351963 -48467.1082316 -92.5085067753
1.0 182 375 11.7545922523 12.0661695476 61.6620288185 61.6515048706
1.0 183 376 10.5109640827 10.8002007233 59.1368635157 59.2051138547
1.0 184 377 10.6723172003 10.9683949439 27.80713141 27.8167935902
1.0 x 378 10.7981787983 11.1169225672 -48969.9996917 -6.00852144122
1.0 185 379 10.5883310634 10.8891147718 59.7242748999 59.7307733076
1.0 x 380 10.669168898 10.9382564673 -48910.2754168 -18.9979766468
1.0 x 381 10.5393633473 10.8510062052 -48910.2754168 -45.7239502603
1.0 186 382 10.6313472834 10.9267405787 27.3549356439 27.3377051598
1.0 187 383 10.7214035476 11.0315631084 30.88278713 30.876916825
1.0 x 384 10.9463975933 11.2649444898 -48852.037694 -46.0495560132
1.0 x 385 10.6565747498 10.9663885724 -48852.037694 -7.00295601292
1.0 188 386 10.6610475011 10.9604884787 28.2674484972 28.2176947268
1.0 189 387 10.8249081844 11.1263039099 29.3383511464 29.3443422355
1.0 x 388 10.7442192039 11.042957021 -48794.4318944 -8.46887815569
1.0 190 389 10.9151227094 11.2448548193 12.9245045929 12.9404567931
1.0 x 390 10.8881155586 11.2245755185 -48781.5073898 -44.5152182012
1.0 191 391 10.9226663272 11.2496485312 37.6242963591 37.5898732932
1.0 x 392 10.9235881792 11.2421803956 -48743.8830934 -33.4393304811
1.0 192 393 10.7211652826 11.0412365444 9.68006546138 9.64973118831
1.0 x 394 10.7629165693 11.103950451 -48734.203028 -16.7768917274
1.0 x 395 10.5452886605 10.8553640077 -48734.203028 -17.3843733535
1.0 x 396 10.8955252078 11.219191433 -48734.203028 -39.5853685458
1.0 193 397 10.6462370448 10.9204476628 12.7582169611 12.7322214221
1.0 194 398 10.6850901683 10.9543319868 35.0678868038 35.026247227
1.0 x 399 10.7738922398 11.040216798 -48686.3769242 -15.2033062281
1.0 195 400 10.754180999 11.0095487269 27.9382602761 27.8943508523
1.0 x 401 10.8191195386 11.0836110346 -48658.4386639 -71.3449381618
1.0 196 402 10.8724806672 11.1425683681 68.5644451214 68.5203555463
1.0 197 403 10.9214098727 11.1618376644 34.4912228611 34.4969944866
1.0 198 404 11.0519853029 11.3020451148 23.5596339418 23.5460063161
1.0 x 405 10.7995596083 11.0096291823 -48531.823362 -4.51460454554
1.0 x 406 10.9935983705 11.2234706622 -48531.823362 -45.118875428
1.0 x 407 11.0901079734 11.3449392104 -48531.823362 -79.9874049919
1.0 199 408 11.1673939368 11.4271606272 29.5869717162 29.5236321769
1.0 200 409 11.2484775896 11.4956178942 38.6734631881 38.6589938139
1.0 201 410 11.1333625388 11.3568500016 131.258075099 131.283023144
1.0 202 411 11.2934349997 11.5340218343 42.1923767393 42.1897970856
1.0 x 412 11.3767118652 11.6217122578 -48290.1124752 -72.6928174627
1.0 203 413 11.348115192 11.592411713 44.0160942564 43.9681514571
1.0 204 414 11.3936988112 11.6379072767 -0.796646585964 -0.784013853292
1.0 x 415 11.2592595741 11.4966519906 -48246.8930276 -14.7448409727
1.0 205 416 11.3910497747 11.6412977593 6.87568952439 6.87506069869
1.0 x 417 11.4132216724 11.6843628694 -48240.017338 -31.5026670787
1.0 206 418 11.6563702644 11.862538241 37.0923351595 37.0969796683
1.0 207 419 11.6269311698 11.8308395547 37.0345246228 37.0783651648
1.0 208 420 11.280229128 11.5540384367 12.1696778071 12.2143679778
1.0 x 421 11.5760858018 11.8266697151 -48153.7208005 -46.9237163754
1.0 209 422 11.4027441743 11.6894948156 32.2879876718 32.2864943324
1.0 210 423 11.2993854876 11.5692140306 31.1642745802 31.2002433428
1.0 x 424 11.4854509048 11.7161116727 -48090.2685382 -93.1245791705
1.0 211 425 11.2672819529 11.5534836168 52.0762732304 52.0598008941
1.0 212 426 11.3161787763 11.5728885008 13.2047932703 13.1939508161
1.0 x 427 10.927418878 11.1850091151 -48024.9874717 -93.3745846952
1.0 x 428 11.2518096263 11.4959139391 -48024.9874717 -37.1385863424
1.0 x 429 10.9137755721 11.1964092646 -48024.9874717 -39.3880337197
1.0 x 430 11.223013799 11.4821621056 -48024.9874717 -139.36739273
1.0 213 431 11.281998527 11.5479077107 79.3901375272 79.4195893821
1.0 214 432 11.2208221464 11.5023175936 12.8891749254 12.8902592119
1.0 215 433 11.0641884324 11.3960325162 1.8557304683 1.89538438819
1.0 216 434 11.347217358 11.6179127831 60.3928079912 60.3880323904
1.0 x 435 11.2346240066 11.5312729744 -47870.4596208 -64.0380955548
1.0 x 436 11.1886684069 11.4871956689 -47870.4596208 -36.4646565481
1.0 x 437 11.2603754541 11.5370993757 -47870.4596208 -54.3306829375
1.0 217 438 11.416203813 11.6994989234 8.56760954763 8.57107723497
1.0 218 439 11.6128384554 11.8784068846 14.2197393895 14.232647271
1.0 x 440 11.6767258956 11.9193052159 -47847.6722719 -9.17800513937
1.0 219 441 11.6570659209 11.950055349 32.1518986886 32.1527565756
1.0 x 442 11.6524299757 11.9571418028 -47815.5203732 -82.038007694
1.0 x 443 11.6485623037 11.9582490474 -47815.5203732 -39.1193871036
1.0 x 444 11.6850234516 12.0162787797 -47815.5203732 -101.40858954
1.0 220 445 11.6527333182 11.9580989516 25.6141449088 25.5945977248
1.0 221 446 11.5317718506 11.8508445894 128.726626704 128.672827731
1.0 222 447 11.5758035448 11.8831941426 20.7574372445 20.7297055457
1.0 223 448 11.4560107792 11.773438162 88.6846743763 88.6554941268
1.0 224 449 11.4287639697 11.7427892868 17.5724282995 17.5793236232
1.0 225 450 11.2603860056 11.5704127936 9.42604475671 9.38003613086
1.0 226 451 11.4542138029 11.7765718988 33.5594902691 33.5918816923
1.0 227 452 11.3139264091 11.632027164 3.24991528988 3.23893664783
1.0 228 453 11.5137967755 11.8194577041 82.5304033317 82.5298772353
1.0 x 454 11.506137313 11.7925107599 -47405.399208 -24.4626402685
1.0 229 455 11.401556256 11.7025249801 34.0001157998 33.9670169247
1.0 230 456 11.394561701 11.712888126 159.630021117 159.631638679
1.0 x 457 11.159651098 11.5080675057 -47211.7690711 -139.492637527
1.0 x 458 11.3660726584 11.6894290101 -47211.7690711 -134.664045747
1.0 x 459 11.4521649577 11.7717670226 -47211.7690711 -0.961069096676
1.0 231 460 11.3734059741 11.7099204849 156.118578692 156.062671377
1.0 232 461 11.3753410554 11.7297978886 60.6372637239 60.6457414922
1.0 x 462 11.2869076826 11.7044509694 -46995.0132287 -75.4672181744
1.0 233 463 11.1378838423 11.5416202359 29.6622658628 29.6234177706
1.0 234 464 11.14041977 11.5313821328 85.9979698756 86.0296390067
1.0 235 465 11.1811422024 11.6008600276 116.234593367 116.201764262
1.0 x 466 11.327208377 11.7437122987 -46763.1183996 -72.4810279727
1.0 x 467 11.1006771937 11.526764234 -46763.1183996 -47.2437500841
1.0 x 468 11.1128375458 11.5483941709 -46763.1183996 -127.491188044
1.0 x 469 11.1237109494 11.5588148383 -46763.1183996 -17.9180494008
1.0 236 470 11.2798789015 11.6838242135 40.1330567067 40.1006813727
1.0 x 471 11.2319691873 11.6580254378 -46722.9853428 -29.0038434781
1.0 x 472 11.4551577044 11.8427596324 -46722.9853428 -172.237650268
1.0 x 473 11.2331433083 11.6563877463 -46722.9853428 -98.0661906223
1.0 237 474 11.2718048785 11.6897440755 151.739304442 151.705137327
1.0 238 475 11.2641258999 11.6623495176 24.2527937932 24.2738713074
1.0 x 476 11.5905948061 11.9900172152 -46546.9932446 -105.445166699
1.0 239 477 11.2276868367 11.6405748863 51.5518949262 51.5333000584
1.0 240 478 11.1481626436 11.5339591837 29.8666509238 29.8903219458
1.0 x 479 11.0445838013 11.4440363232 -46465.5746988 -70.361261278
1.0 x 480 10.8763566766 11.2756994728 -46465.5746988 -90.2968846914
1.0 241 481 11.1514607267 11.5500794657 54.6082217871 54.6353802544
1.0 242 482 11.1899081248 11.5949008164 255.833388487 255.861206267
1.0 243 483 11.2815720008 11.6488081766 44.8086560917 44.8031283975
1.0 x 484 11.3443349093 11.7120024902 -46110.3244324 -66.2194910613
1.0 244 485 11.1834319368 11.5771517607 68.3451371487 68.3602119595
1.0 245 486 11.2310223968 11.6361986439 173.150995003 173.151779409
1.0 246 487 11.1832407008 11.5740647293 59.6801012585 59.6748712395
1.0 x 0 4.06456681336 5.52135543627 -56325.3217419 -126.063015848
1.0 1 1 3.90583786366 5.37065195661 54.9704599509 54.9469557615
1.0 2 2 3.85827614073 5.3474406917 96.5193550576 96.4698086861
1.0 x 3 3.86532168096 5.39783154293 -56173.8319269 -32.1890605268
1.0 x 4 3.83427404583 5.3724682069 -56173.8319269 -6.48096261052
1.0 x 5 3.85769099815 5.39398942817 -56173.8319269 -12.659882971
1.0 x 6 3.83888839383 5.33648280991 -56173.8319269 -40.0577110232
1.0 3 7 3.84365176419 5.35928644686 30.5217937497 30.5524836556
1.0 x 8 3.91061083294 5.49145677949 -56143.3101331 -21.7208871175
1.0 x 9 3.73166521193 5.26470067247 -56143.3101331 -138.685779879
1.0 4 10 3.79815855854 5.35199985417 61.3447190098 61.3324092695
1.0 5 11 3.83470784508 5.40843965596 154.948524553 154.966888531
1.0 6 12 3.82347521919 5.40167092486 39.4696466735 39.4501065383
1.0 7 13 3.82478014367 5.40911606322 51.1562281917 51.1223781171
1.0 8 14 3.79534212868 5.37564516831 120.145265426 120.093256803
1.0 x 15 3.79703223728 5.37428384338 -55716.2457493 -103.095803028
1.0 x 16 3.76359098749 5.34105132612 -55716.2457493 -47.2127749769
1.0 9 17 3.7527154073 5.31174492482 169.129907097 169.126762555
1.0 10 18 3.76624188183 5.3025534576 91.507257864 91.5397769013
1.0 x 19 3.73417968273 5.30071325159 -55455.6085843 -100.028389733
1.0 x 20 3.77015170019 5.34105132612 -55455.6085843 -14.3142339819
1.0 11 21 3.71503981435 5.26933142425 84.52531345 84.5127832682
1.0 12 22 3.7507519197 5.33099542254 199.412965918 199.395053178
1.0 x 23 3.81139907464 5.40099358519 -55171.670305 -43.3357200441
1.0 x 24 3.76074867002 5.3720142019 -55171.670305 -14.3092398496
1.0 x 25 3.8115861104 5.43520592201 -55171.670305 -85.359414181
1.0 x 26 3.77065589758 5.3720142019 -55171.670305 -40.1711969417
1.0 x 27 3.75132207036 5.33099542254 -55171.670305 -47.2087491114
1.0 x 28 3.7842124369 5.37927368386 -55171.670305 -16.1442061536
1.0 x 29 3.70947078015 5.2813523767 -55171.670305 -189.111704495
1.0 13 30 3.80806206096 5.43520592201 263.177046406 263.206072521
1.0 x 31 3.80512806409 5.42959370532 -54908.4932585 -60.8707209961
1.0 x 32 3.80009755149 5.41362328512 -54908.4932585 -97.4381547675
1.0 x 33 3.80656413235 5.43520592201 -54908.4932585 -122.944840399
1.0 14 34 3.82431415032 5.4567031948 185.784879209 185.79556304
1.0 x 35 3.85442488831 5.49145677949 -54722.7083793 -54.6182417636
1.0 x 36 3.81454628776 5.46652785864 -54722.7083793 -68.228067829
1.0 x 37 3.7939331297 5.40099358519 -54722.7083793 -61.1824983171
1.0 15 38 3.84766820102 5.49145677949 88.924241337 88.9695310117
1.0 16 39 3.87729116778 5.52069278085 52.4344689885 52.4092681686
1.0 17 40 3.8547947755 5.48590210915 9.57644329059 9.56526318377
1.0 x 41 3.82741970094 5.49145677949 -54571.7732257 -55.6508914766
1.0 x 42 3.88059926742 5.515167556 -54571.7732257 -73.2455197498
1.0 x 43 3.88185438179 5.52069278085 -54571.7732257 -97.9604306546
1.0 18 44 3.86854787826 5.515167556 39.0145687822 38.9953534319
1.0 19 45 3.84596945118 5.48590210915 135.147642915 135.098289046
1.0 20 46 3.82872328104 5.48590210915 8.1882123426 8.14396734709
1.0 21 47 3.87873115048 5.515167556 80.7692151749 80.7374271616
1.0 x 48 3.90872666244 5.51759933658 -54308.6535865 -93.5590723222
1.0 x 49 3.90011477591 5.54911550851 -54308.6535865 -44.8540147651
1.0 x 50 3.89987105396 5.51207101091 -54308.6535865 -31.161575812
1.0 x 51 3.90887864534 5.515167556 -54308.6535865 -165.445790973
1.0 22 52 3.86449165203 5.50454357781 49.3518086569 49.3358390049
1.0 x 53 3.87885367752 5.515167556 -54259.3017779 -40.1061636793
1.0 23 54 3.86919279491 5.49389905525 85.4160467061 85.3536302468
1.0 x 55 3.93816187992 5.515167556 -54173.8857311 -43.1660787393
1.0 x 56 3.82847501429 5.38810795336 -54173.8857311 -24.7022879018
1.0 24 57 3.88121156904 5.52069278085 9.01911838994 8.99725190763
1.0 x 58 3.88301729628 5.52003004587 -54164.8666128 -23.2439445467
1.0 x 59 3.90343397129 5.52069278085 -54164.8666128 -25.3920224076
1.0 25 60 3.89767687063 5.515167556 192.968835277 192.964431005
1.0 26 61 3.90717609915 5.52135543627 184.490800848 184.449969977
1.0 x 62 3.9895083103 5.57061103624 -53787.4069766 -55.6683958186
1.0 27 63 3.86928491709 5.515167556 155.873801887 155.892942251
1.0 28 64 3.87388823275 5.51007945585 81.7983333659 81.7722487451
1.0 x 65 3.88751266339 5.48590210915 -53549.7348414 -52.5017721379
1.0 x 66 3.81167962484 5.39376333619 -53549.7348414 -27.2883501485
1.0 x 67 3.90072401416 5.52069278085 -53549.7348414 -21.5746255805
1.0 29 68 3.81270813227 5.42891984945 106.835531277 106.802362145
1.0 30 69 3.85907671837 5.49145677949 19.3844430457 19.3791727549
1.0 x 70 3.8467417032 5.46652785864 -53423.5148671 -49.8283842072
1.0 x 71 3.85131026332 5.50454357781 -53423.5148671 -60.3504179688
1.0 x 72 3.81731742394 5.45759707689 -53423.5148671 -140.700164885
1.0 x 73 3.89938356436 5.4921229624 -53423.5148671 -206.855910804
1.0 x 74 3.80906035278 5.42891984945 -53423.5148671 -26.8083876364
1.0 31 75 3.81277045713 5.37269519501 88.1956053551 88.1937375703
1.0 x 76 3.71388828552 5.29818192471 -53335.3192617 -64.3314486643
1.0 32 77 3.86734989058 5.49678398214 8.47740059673 8.47862177411
1.0 33 78 3.94202174478 5.63157474836 96.0730547074 96.1129954766
1.0 x 79 4.01985951006 5.65900965222 -53230.7688064 -33.4791460606
1.0 34 80 3.87189413458 5.55526557509 24.5047592507 24.518335383
1.0 x 81 3.88118095625 5.55482651043 -53206.2640471 -64.7303290246
1.0 x 82 3.91704663259 5.60661630054 -53206.2640471 -246.01695089
1.0 x 83 3.87707665651 5.56360122013 -53206.2640471 -71.7375408249
1.0 x 84 3.86021571568 5.5315062122 -53206.2640471 -17.2077469337
1.0 x 85 3.83783594391 5.48501283988 -53206.2640471 -165.608132577
1.0 35 86 3.83291035715 5.52555040852 91.153256715 91.1566561626
1.0 36 87 3.83362325493 5.52974219837 58.2580948246 58.2283562407
1.0 x 88 3.86741133487 5.54537821183 -53056.8526956 -54.151009437
1.0 37 89 3.72047277395 5.37950038482 167.679576613 167.714104349
1.0 x 90 3.77553682414 5.46318052634 -52889.173119 -13.0331031756
1.0 x 91 3.70674723295 5.35905889081 -52889.173119 -119.077082384
1.0 38 92 3.6808537233 5.27164527472 76.2450673609 76.1839306735
1.0 39 93 3.58595682051 5.20060972035 88.7475517083 88.7191062017
1.0 40 94 3.59627952202 5.2123212375 222.933651345 222.89829924
1.0 x 95 3.62533478974 5.28019770509 -52501.2468486 -104.13522221
1.0 x 96 3.61604804742 5.2358985997 -52501.2468486 -110.056079953
1.0 41 97 3.59426363307 5.19943711775 36.2210373341 36.2036612499
1.0 x 98 3.6555244043 5.24985481797 -52465.0258112 -34.3012935881
1.0 x 99 3.56355506919 5.15420737442 -52465.0258112 -78.2245796766
1.0 x 100 3.55688052057 5.13191829298 -52465.0258112 -114.421670195
1.0 42 101 3.57241289658 5.15515370829 102.168631378 102.154074721
1.0 43 102 3.62008726177 5.21466038461 63.4729740247 63.483537887
1.0 44 103 3.58400142842 5.13286873623 157.408667005 157.353310351
1.0 45 104 3.53039269034 5.04999396281 14.537050992 14.5399962416
1.0 46 105 3.69547932707 5.31748152381 123.962664099 123.953981634
1.0 47 106 3.73411604613 5.35951399326 48.7282673755 48.7592731091
1.0 48 107 3.77660663538 5.39760561189 89.7041303659 89.7099574945
1.0 x 108 3.74174471046 5.38312630174 -51865.043426 -136.906484306
1.0 x 109 3.79828368473 5.4504419154 -51865.043426 -7.97084749808
1.0 x 110 3.81224066329 5.46318052634 -51865.043426 -17.5002699781
1.0 49 111 3.74193522781 5.36133401674 185.811514335 185.843520373
1.0 x 112 3.78361584027 5.45379706618 -51679.2319117 -84.2495963415
1.0 x 113 3.71158415608 5.31013756654 -51679.2319117 -35.5803237896
1.0 50 114 3.75670255878 5.35837616466 3.33809782463 3.27821370065
1.0 x 115 3.76115935971 5.37042488213 -51675.8938138 -157.071580777
1.0 x 116 3.81968219603 5.47455310572 -51675.8938138 -56.8150706725
1.0 x 117 3.70815731888 5.33808223534 -51675.8938138 -46.3162717525
1.0 51 118 3.81681939049 5.46965018724 167.186610766 167.150720968
1.0 x 119 3.82440735354 5.47922907164 -51508.7072031 -111.606185473
1.0 x 120 3.79098819791 5.41835183293 -51508.7072031 -7.34604544922
1.0 x 121 3.83907409034 5.47922907164 -51508.7072031 -61.2738215206
1.0 52 122 3.82592935124 5.51649411466 241.576772055 241.543736538
1.0 53 123 3.82723343897 5.52312212872 36.0939469081 36.0753113902
1.0 54 124 3.75613322483 5.39760561189 47.7303543213 47.6925493037
1.0 x 125 3.77877679185 5.4070865876 -51183.3061298 -83.4732018458
1.0 x 126 4.07988459713 5.55746037806 -56325.3217419 -99.0530664901
1.0 x 127 3.92471327924 5.42375083966 -56325.3217419 -76.2762231559
1.0 55 128 3.91416397426 5.37292217354 68.5222253996 69.2122737033
1.0 x 129 3.85769099815 5.31220408071 -56256.7995165 -95.0766840087
1.0 56 130 3.88894886133 5.36338080492 40.1766085271 40.196631278
1.0 x 131 3.90635496354 5.3724682069 -56216.622908 -147.731361011
1.0 x 132 3.8554419927 5.33053788527 -56216.622908 -59.3542722258
1.0 x 133 3.80603347459 5.33236779878 -56216.622908 -147.277706067
1.0 x 134 3.96078472027 5.41249683152 -56216.622908 -182.548298355
1.0 57 135 3.84383723057 5.35245555683 130.938468385 130.935263665
1.0 58 136 3.83297235353 5.35245555683 130.604706635 130.601699384
1.0 59 137 3.84819311744 5.34789678285 30.8160697379 30.8337647234
1.0 x 138 3.78766457056 5.31174492482 -55924.2636632 -65.6993131062
1.0 60 139 3.8905372285 5.36701761212 20.0019610137 19.9782927036
1.0 61 140 3.88729871617 5.39014457474 63.6403571326 63.6403334999
1.0 x 141 3.89563395104 5.43789772866 -55840.6213451 -152.369185822
1.0 62 142 3.89889601381 5.37587202229 82.1251704954 82.1139964635
1.0 x 143 4.02183932896 5.51428300626 -55758.4961746 -134.452986606
1.0 63 144 3.87201687797 5.35245555683 77.0750333491 77.0737649207
1.0 x 145 3.79540473871 5.31036721894 -55681.4211412 -76.5539755157
1.0 64 146 3.87906809052 5.37065195661 62.3689346052 62.3699401957
1.0 65 147 3.91331394349 5.43565464902 100.388201201 100.326753557
1.0 66 148 3.8417347539 5.34287763882 251.370369809 251.368175277
1.0 67 149 3.82586724074 5.31587590011 72.4776367303 72.4462096569
1.0 68 150 4.00982723194 5.5524110342 61.53741442 61.5451336378
1.0 69 151 3.98369665094 5.46585855617 107.13248581 107.104287319
1.0 x 152 3.95859428613 5.55789923464 -55026.1460986 -17.1726387684
1.0 x 153 3.99322928423 5.46139444357 -55026.1460986 -38.4431622909
1.0 70 154 4.12157805837 5.6905998655 12.0412356711 12.0650781171
1.0 x 155 4.13248918698 5.66504041705 -55014.104863 -72.7243087164
1.0 x 156 4.20539183684 5.7498674428 -55014.104863 -92.9456810393
1.0 x 157 4.16034154263 5.69788150619 -55014.104863 -64.9133035844
1.0 x 158 4.06894920716 5.66633188872 -55014.104863 -20.5555282638
1.0 x 159 4.09299752809 5.61487571263 -55014.104863 -96.1702623253
1.0 71 160 4.17988694587 5.72137626288 47.0701214812 47.0746285099
1.0 x 161 4.29601117251 5.85266251689 -54967.0347415 -29.1473198743
1.0 72 162 4.18755472402 5.71476478828 87.209581017 87.2241078361
1.0 x 163 4.14749883294 5.6803040111 -54879.8251605 -33.07817049
1.0 73 164 4.22017035421 5.77779601832 175.89692772 175.895664936
1.0 74 165 4.1527665727 5.69038555854 10.053474432 10.0958304536
1.0 75 166 4.05856988906 5.61639585847 84.6268826008 84.6168427471
1.0 76 167 4.13697195078 5.69788150619 231.983409597 231.922576682
1.0 x 168 4.0869841781 5.66891394941 -54377.2644661 -83.301749533
1.0 x 169 4.20578735791 5.74795828014 -54377.2644661 -131.555625928
1.0 x 170 4.20253733191 5.70857292833 -54377.2644661 -235.590455159
1.0 77 171 4.08474506916 5.66137964742 73.340569996 73.3506342221
1.0 x 172 4.07093433824 5.66460986106 -54303.9238961 -79.4513525074
1.0 78 173 4.17636073038 5.69766747311 157.937391111 157.940458285
1.0 79 174 4.10360826398 5.61661298857 68.9813316407 68.9780526951
1.0 x 175 4.05593429215 5.58525934503 -54077.0051734 -148.41845483
1.0 x 176 4.06903680689 5.62875890666 -54077.0051734 -141.968682531
1.0 x 177 4.05036462227 5.58220168121 -54077.0051734 -121.650086705
1.0 80 178 3.95090316692 5.42959370532 53.4450151858 53.4210905466
1.0 x 179 3.99183060493 5.50277092063 -54023.5601582 -65.1900727396
1.0 81 180 4.03996696716 5.490346295 -0.011508451782 -0.0564450621077
1.0 x 181 3.9878103936 5.48745798362 -54023.5716666 -24.6903292095
1.0 x 182 4.08195173258 5.56491623324 -54023.5716666 -226.08988378
1.0 x 183 4.07551396216 5.53855664917 -54023.5716666 -127.859338213
1.0 82 184 3.92232095516 5.40911606322 31.0313372579 31.0027317421
1.0 x 185 3.94711219088 5.41857689894 -53992.5403294 -148.800360554
1.0 83 186 3.95895444073 5.43767346233 101.692601038 101.667350554
1.0 84 187 4.03004370969 5.48901341706 11.2499134929 11.2191804712
1.0 85 188 3.90532069532 5.39670179312 59.8315435604 59.8307425838
1.0 x 189 3.92298731856 5.43251278157 -53819.7662713 -190.905855955
1.0 x 190 3.98333873341 5.44977063738 -53819.7662713 -14.8582166823
1.0 86 191 3.82937490469 5.29795174411 13.15711926 13.1375257843
1.0 x 192 3.78945216644 5.27257053059 -53806.609152 -91.9699797096
1.0 x 193 3.69229498259 5.15231418524 -53806.609152 -36.5168594377
1.0 x 194 3.89535944738 5.410017808 -53806.609152 -1.30482401809
1.0 x 195 3.92056363603 5.36451757202 -53806.609152 -112.217692749
1.0 x 196 3.92861660087 5.44730857688 -53806.609152 -155.881265128
1.0 87 197 3.93988119302 5.38357936965 50.8030344545 50.8147915037
1.0 88 198 3.93263689944 5.43879470148 120.82145704 120.797336292
1.0 x 199 4.04508101886 5.56009299799 -53634.9846605 -148.077807958
1.0 x 200 3.90857467363 5.34812481384 -53634.9846605 -7.60504150405
1.0 x 201 3.96618062177 5.41812675756 -53634.9846605 -125.235245827
1.0 x 202 3.93924784918 5.4070865876 -53634.9846605 -23.5659541914
1.0 x 203 3.87955813288 5.40911606322 -53634.9846605 -279.082973368
1.0 x 204 3.98119055251 5.47277073448 -53634.9846605 -208.658537827
1.0 89 205 3.94970007667 5.46965018724 168.019276028 168.022973728
1.0 90 206 4.07839910676 5.54779675011 243.757203403 243.744976183
1.0 91 207 4.136024079 5.64412061893 26.6995114043 26.7030421758
1.0 x 208 4.18221716493 5.63287389284 -53196.5086697 -159.044342489
1.0 x 209 4.1471264026 5.67127980567 -53196.5086697 -123.790383672
1.0 x 210 4.14012995605 5.67342972796 -53196.5086697 -233.7603142
1.0 x 211 4.18826399339 5.68716998507 -53196.5086697 -22.6589314139
1.0 x 212 4.03434580302 5.51538867127 -53196.5086697 -69.7067859604
1.0 x 213 4.23447643856 5.77610722149 -53196.5086697 -16.5333800034
1.0 92 214 4.01885445279 5.46965018724 124.037673038 124.023663424
1.0 x 215 3.98703566514 5.53084477295 -53072.4709967 -32.7410899211
1.0 x 216 4.06219835488 5.5499945067 -53072.4709967 -35.409205275
1.0 x 217 3.97928008482 5.45312620117 -53072.4709967 -23.2721358478
1.0 93 218 3.98307027416 5.53084477295 46.7818529407 46.7394863226
1.0 94 219 4.04167237005 5.61596157307 28.3060497681 28.3228743129
1.0 95 220 4.07504748442 5.63135819514 58.3510223174 58.2723797792
1.0 x 221 4.13323665191 5.67213987237 -52939.0320716 -85.5498190486
1.0 x 222 4.11863661756 5.70558134957 -52939.0320716 -12.9575347485
1.0 x 223 4.06994189373 5.63135819514 -52939.0320716 -43.3128288669
1.0 x 224 4.11193844591 5.69723938284 -52939.0320716 -267.00837529
1.0 x 225 4.17641762845 5.78538950351 -52939.0320716 -98.2799351033
1.0 96 226 4.06500526535 5.53437153548 35.7323057002 35.7209889881
1.0 97 227 4.06406984393 5.57061103624 15.1874927681 15.2180243173
1.0 x 228 4.11401835589 5.64390454708 -52888.1122732 -47.1031494057
1.0 x 229 4.07178064387 5.56754532767 -52888.1122732 -14.9276531654
1.0 98 230 4.12425813192 5.64152721063 10.1028680922 10.1036600251
1.0 99 231 4.06392366488 5.55219139334 98.9034404256 98.8569733327
1.0 100 232 4.06634955664 5.56360122013 79.5698297494 79.5752717073
1.0 101 233 4.11924238001 5.64044627191 49.0846762959 49.0689874502
1.0 102 234 4.22635967252 5.78833983529 162.706735278 162.715438731
1.0 103 235 4.23545838193 5.82969689209 113.250251232 113.242922689
1.0 104 236 4.22337867873 5.84786807098 26.1247894596 26.1081306315
1.0 x 237 4.25091503319 5.80012615506 -52348.3696826 -45.6981954465
1.0 x 238 4.18207511558 5.75135190894 -52348.3696826 -9.86515423223
1.0 105 239 4.19880376636 5.75177597176 46.5444662646 46.5383109685
1.0 x 240 4.21117968476 5.7313855644 -52301.8252164 -66.1122121105
1.0 x 241 4.17960268394 5.79802321233 -52301.8252164 -41.9735549716
1.0 x 242 4.2578410585 5.82697679218 -52301.8252164 -190.243019045
1.0 x 243 4.17661676558 5.7313855644 -52301.8252164 -67.1082167449
1.0 106 244 4.25147400189 5.81104918951 32.4733156372 32.4402247003
1.0 x 245 4.15937043114 5.70729101516 -52269.3519007 -90.1370239742
1.0 x 246 4.28629261741 5.90121938619 -52269.3519007 -269.738671395
1.0 x 247 4.16872936527 5.69723938284 -52269.3519007 -116.787037348
1.0 x 248 4.25287110222 5.84098220942 -52269.3519007 -186.665428937
1.0 x 249 4.33184332946 6.01725162123 -52269.3519007 -6.82925581162
1.0 x 250 4.26525727851 5.87221651757 -52269.3519007 -8.933349001
1.0 107 251 3.7677558412 5.38833428264 39.5800017569 39.3835422153
1.0 108 252 3.77861957602 5.41947706954 23.4403275141 23.415878242
1.0 109 253 3.76677814536 5.4070865876 21.7263926175 21.7130360142
1.0 x 254 3.74063316591 5.34926482298 -51098.5594079 -186.19585923
1.0 x 255 3.74954798361 5.39715372142 -51098.5594079 -20.9295773999
1.0 x 256 3.80116045027 5.4680892458 -51098.5594079 -59.177893058
1.0 x 257 3.77921696138 5.48612440395 -51098.5594079 -73.2135945071
1.0 110 258 3.75863132692 5.46117114215 0.119081185818 0.112648911088
1.0 111 259 3.85919986942 5.56907839291 22.3036920641 22.2345036299
1.0 x 260 3.8727532566 5.6005226237 -51076.1366347 -19.9175534039
1.0 x 261 3.86562905385 5.55065366399 -51076.1366347 -105.547288787
1.0 x 262 3.8554111753 5.56907839291 -51076.1366347 -73.4566281656
1.0 x 263 3.86283105913 5.5889699736 -51076.1366347 -6.70108006867
1.0 x 264 3.88020121955 5.5900608662 -51076.1366347 -26.4319826853
1.0 x 265 3.88937656245 5.59442230937 -51076.1366347 -225.479606361
1.0 112 266 3.80428490199 5.47277073448 29.5832460702 29.5632703055
1.0 x 267 3.81737967355 5.514504157 -51046.5533886 -69.8614511074
1.0 113 268 3.75011831731 5.40821416808 90.0961494369 90.0994733312
1.0 114 269 3.72385637201 5.3926327341 6.640695241 6.60519562806
1.0 115 270 3.67135143548 5.33625428143 122.642078894 122.63683066
1.0 x 271 3.66665586536 5.28112146257 -50827.174465 -30.0265315004
1.0 116 272 3.65038537315 5.33625428143 51.616326866 51.5771188524
1.0 117 273 3.61128056974 5.25148062745 72.012712314 71.9915393329
1.0 x 274 3.72755565775 5.3903708185 -50703.5454258 -97.44981128
1.0 118 275 3.78345882552 5.50121937702 115.870889621 115.895727564
1.0 x 276 3.82021095787 5.55219139334 -50587.6745362 -134.763634192
1.0 119 277 3.90437744727 5.61139954718 37.842718193 37.775180874
1.0 x 278 3.94075564336 5.65297245358 -50549.831818 -129.214321171
1.0 x 279 3.87523750142 5.5835123136 -50549.831818 -82.6912314988
1.0 x 280 3.92365356879 5.61986893346 -50549.831818 -72.7953300625
1.0 x 281 3.95553164801 5.71476478828 -50549.831818 -15.2284848809
1.0 x 282 3.89974918727 5.62659191566 -50549.831818 -172.068041718
1.0 120 283 3.95171504578 5.67858622048 12.4464123923 12.4512379633
1.0 x 284 3.95526130138 5.63222435806 -50537.3854056 -77.4838964088
1.0 121 285 3.93040054908 5.6300587009 150.062174984 150.019302062
1.0 x 286 3.94620904076 5.61487571263 -50387.3232306 -250.595753762
1.0 x 287 3.88310909049 5.5422985458 -50387.3232306 -38.4321202279
1.0 122 288 3.94714229233 5.59986933645 82.4443028577 82.4331566156
1.0 123 289 3.90784504505 5.57542517246 113.48587554 113.422637644
1.0 x 290 3.90516857394 5.56403959236 -50191.3930522 -61.1644622766
1.0 124 291 3.84127081736 5.48100934269 18.612938077 18.5724380811
1.0 125 292 3.82042866206 5.46050118311 63.5209883109 63.5188522039
1.0 x 293 3.87085065864 5.51914627544 -50109.2591259 -84.7116345813
1.0 x 294 3.79906563004 5.44260518681 -50109.2591259 -74.186204719
1.0 126 295 3.80977771345 5.4023481796 175.774666062 175.72113206
1.0 127 296 3.84856360357 5.46295729793 76.7962243583 76.7743794914
1.0 128 297 3.81317554394 5.38312630174 56.7228130722 56.7088038537
1.0 x 298 3.82422094484 5.3926327341 -49799.9654224 -28.6190513108
1.0 x 299 3.72446254112 5.36087906879 -49799.9654224 -89.5801022314
1.0 x 300 3.90507729828 5.41700124045 -49799.9654224 -174.928048665
1.0 x 301 3.76583174642 5.38991832148 -49799.9654224 -47.8655754805
1.0 x 302 3.73621548159 5.32985150573 -49799.9654224 -6.10891748536
1.0 129 303 3.89895696097 5.46675094125 40.9238124701 40.8878538644
1.0 130 304 3.91792617943 5.49323308773 59.9398449257 59.9265242482
1.0 131 305 4.00371864216 5.64779257548 159.370421325 159.326572278
1.0 132 306 4.06997108673 5.73053438959 11.8789240294 11.8719383416
1.0 133 307 4.10708122641 5.74052772283 47.0577673751 47.03240402
1.0 134 308 4.1714930759 5.85599546848 101.005153258 101.03710982
1.0 x 309 4.19390550006 5.91504901738 -49379.789499 -4.85051022233
1.0 135 310 4.14523508625 5.85599546848 14.0854759634 14.0775410247
1.0 136 311 4.13648368032 5.80580029567 60.1370923277 60.1450734352
1.0 x 312 4.20120833668 5.86993164875 -49305.5669307 -47.785214096
1.0 137 313 4.06386519179 5.74838259331 52.3564726544 52.3329413185
1.0 x 314 4.03937873024 5.70387117153 -49253.210458 -186.564693913
1.0 138 315 3.99947272708 5.69124273796 1.34724365045 1.34015566406
1.0 x 316 4.02868730389 5.69980744219 -49251.8632144 -141.494533997
1.0 139 317 3.92662003735 5.64541687631 8.1385307157 8.12538131092
1.0 140 318 3.79975360881 5.43206379502 100.986617276 100.990112388
1.0 x 319 3.90285559909 5.5835123136 -49142.7380664 -152.64286196
1.0 x 320 3.78031716098 5.42869521223 -49142.7380664 -25.1775417927
1.0 141 321 3.71446409456 5.37042488213 51.1794869766 51.1335889024
1.0 x 322 3.79768929861 5.48545749254 -49091.5585794 -97.3427343746
1.0 142 323 3.81118085466 5.48056432914 70.8813982329 70.8712614884
1.0 143 324 3.71785316108 5.37224120919 27.2413758054 27.1680078776
1.0 x 325 3.71459204 5.37224120919 -48993.4358054 -18.8996958722
1.0 x 326 3.73894934081 5.35313903808 -48993.4358054 -132.131267321
1.0 144 327 3.68340288067 5.33076665881 29.8132112539 29.788238022
1.0 145 328 3.68791604661 5.3399095635 92.437093539 92.5035250497
1.0 146 329 3.65253293639 5.31931592888 3.83158858721 3.80186730837
1.0 147 330 3.5897982145 5.20529748921 27.4389598391 27.4186195686
1.0 148 331 3.66791940277 5.33053788527 12.0165720733 12.0307741352
1.0 149 332 3.67348674173 5.31128572923 8.42372430376 8.42733643746
1.0 x 333 3.65617439954 5.2507839136 -48819.4746558 -56.5341247601
1.0 150 334 3.61450341586 5.26307894678 43.6275159634 43.6544475245
1.0 x 335 3.58671880321 5.28227593225 -48775.8471398 -6.27332346927
1.0 x 336 3.60660562177 5.25031938634 -48775.8471398 -25.3067772374
1.0 x 337 3.61236613494 5.26840559951 -48775.8471398 -49.0952678111
1.0 151 338 3.61019467813 5.24078750366 59.6174435158 59.5908003517
1.0 x 339 3.5162293144 5.13072999133 -48716.2296963 -20.6397406975
1.0 152 340 3.57603627032 5.25008710729 16.0613983756 16.0192356948
1.0 x 341 3.58691755469 5.25008710729 -48700.1682979 -3.90852796371
1.0 153 342 3.63786531373 5.29173308325 21.8624125115 21.842660983
1.0 154 343 3.6813056014 5.39104949283 32.725760688 32.7188911792
1.0 155 344 3.61463489956 5.32092051453 81.5516400821 81.5233231059
1.0 x 345 3.64201082594 5.34333411946 -48564.0284846 -72.3828978784
1.0 156 346 3.62766094872 5.37065195661 28.3334794073 28.3486163565
1.0 157 347 3.60999720819 5.29104166977 2.80648323207 2.7840174165
1.0 x 348 3.60779139306 5.22983933904 -48532.888522 -37.217698014
1.0 x 349 3.66227871574 5.33602574316 -48532.888522 -15.2304611204
1.0 158 350 3.58638752628 5.27349562412 -1.31516779327 -1.27928042528
1.0 x 351 3.61463489956 5.33236779878 -48534.2036898 -56.2594625922
1.0 159 352 3.61483211615 5.34127964936 126.406488209 126.424265967
1.0 160 353 3.56085338441 5.28781387813 108.171782706 108.115093323
1.0 161 354 3.53045999905 5.22890652189 11.4091385178 11.4282131679
1.0 x 355 3.53045999905 5.22890652189 -48288.2162804 -16.6493004719
1.0 162 356 3.58310623207 5.30324337023 79.1334090458 79.1485802874
1.0 x 357 3.62025136215 5.3690622336 -48209.0828713 -11.4379381732
1.0 x 358 3.56008586561 5.28112146257 -48209.0828713 -10.5386993202
1.0 x 359 3.52931557628 5.27927378598 -48209.0828713 -16.1146565863
1.0 x 360 3.56861937706 5.30898915554 -48209.0828713 -34.7941581504
1.0 x 361 3.57367650822 5.2972611423 -48209.0828713 -2.79753262661
1.0 x 362 3.53473147783 5.25844268888 -48209.0828713 -68.8491719868
1.0 x 363 3.65142677368 5.39873517256 -48209.0828713 -91.5055497834
1.0 x 364 3.62562973756 5.37451075482 -48209.0828713 -69.6134203133
1.0 163 365 3.53537007415 5.25844268888 20.2703250377 20.254448233
1.0 x 366 3.58118246103 5.33076665881 -48188.8125463 -69.6858360767
1.0 164 367 3.54573952199 5.25844268888 82.3941630581 82.3759227827
1.0 165 368 3.51886396611 5.25844268888 39.5763060191 39.5605060281
1.0 x 369 3.58237664742 5.3014034037 -48066.8420772 -92.7494256769
1.0 166 370 3.5597187329 5.28065960403 46.994059974 46.9689854516
1.0 x 371 3.5196742314 5.21793342889 -48019.8480172 -79.2548573102
1.0 167 372 3.54718011693 5.28065960403 24.0144181514 23.993954481
1.0 x 373 3.52207017483 5.24450932393 -47995.8335991 -47.3395531574
1.0 x 374 3.55938494303 5.28065960403 -47995.8335991 -88.3560830065
1.0 x 375 3.46150251243 5.07961012524 -47995.8335991 -50.4579404266
1.0 168 376 4.2607142842 5.84703385299 90.7107538455 91.8368105841
1.0 x 377 4.31474932342 5.86723020205 -52178.6411469 -47.9464205993
1.0 x 378 4.35353948025 5.94630444775 -52178.6411469 -23.721538429
1.0 x 379 4.166163458 5.70109103807 -52178.6411469 -44.1586178105
1.0 x 380 4.3670278334 5.92349600135 -52178.6411469 -94.2817592178
1.0 169 381 4.3184926995 5.94404805811 19.0990121041 19.1272366335
1.0 x 382 4.30810785186 5.96841278897 -52159.5421348 -32.2396108601
1.0 170 383 4.32237027678 5.92720063074 214.303272214 214.312536188
1.0 171 384 4.37615987629 5.9873851127 102.522488703 102.525169686
1.0 x 385 4.37594266817 6.01603548251 -51842.7163739 -90.5370061011
1.0 172 386 4.38204753972 6.00812458057 116.552034654 116.589581699
1.0 173 387 4.35913062915 5.98331012066 63.9068318869 63.8899703844
1.0 x 388 4.29017160351 5.91978905359 -51662.2575073 -17.2087395853
1.0 174 389 4.26450509242 5.84849365639 59.1189821928 59.086528329
1.0 x 390 4.35356677157 5.96371139967 -51603.1385251 -53.0671311536
1.0 175 391 4.30192567189 5.89667123955 133.958640577 133.947449868
1.0 176 392 4.36027524792 5.94753484493 98.7878034412 98.7433068684
1.0 x 393 4.38313196004 5.962688868 -51370.3920811 -90.9651473957
1.0 177 394 4.39068834258 5.96759542211 0.975505732349 1.01613599459
1.0 178 395 4.34949847601 5.92699487875 68.1510888321 68.1285114424
1.0 179 396 4.38960578901 5.9540926691 14.0126262186 13.996060638
1.0 x 397 4.42975229557 6.06187606797 -51287.2528603 -3.34026038448
1.0 x 398 4.35686776012 5.93686293116 -51287.2528603 -14.0401202492
1.0 x 399 4.37425893954 5.96657355607 -51287.2528603 -77.5367689106
1.0 x 400 4.48082179027 6.07212744492 -51287.2528603 -137.748046417
1.0 x 401 4.34720326204 5.9247311352 -51287.2528603 -37.3031450318
1.0 180 402 4.30181519507 5.89480962269 122.754127084 122.81717849
1.0 181 403 4.35037252471 5.92452529744 82.1187719993 82.0579510513
1.0 182 404 4.3593759299 5.93706834118 161.50068705 161.522245995
1.0 183 405 4.32561266976 5.90886064706 32.0671668498 32.0549236432
1.0 184 406 4.30521106034 5.88901416239 151.988335621 151.964709099
1.0 x 407 4.35989374172 5.99491654573 -50736.8237717 -65.8271625781
1.0 185 408 4.35323926438 5.96902574066 63.046938567 63.0259175683
1.0 x 409 4.31852021231 5.95347817994 -50673.7768332 -71.2761500138
1.0 186 410 4.39969026199 6.05362217713 0.0956602891602 0.0748478658413
1.0 187 411 4.41136798829 5.98718142897 37.3197980127 37.3011276073
1.0 x 412 4.44696531412 6.07533999852 -50636.3613749 -24.1046789608
1.0 x 413 4.40430571935 5.98453290962 -50636.3613749 -57.821037103
1.0 188 414 4.37982363869 6.0283881274 66.7416049792 66.7109609623
1.0 x 415 4.33617480378 5.97902838995 -50569.6197699 -63.674209426
1.0 x 416 4.47694875555 6.05059964777 -50569.6197699 -69.0390168339
1.0 189 417 4.3917165213 6.05462935161 64.0499637602 63.9897911219
1.0 190 418 4.37061769724 5.99532338069 26.5625907282 26.541899062
1.0 x 419 4.31450148543 5.92164281754 -50479.0072154 -16.0159480152
1.0 x 420 4.41508326724 6.06167488728 -50479.0072154 -42.5608189605
1.0 191 421 4.33203532191 5.98392154637 79.367117526 79.3771534834
1.0 192 422 4.29971559629 5.92617179933 67.4434264941 67.4647432197
1.0 x 423 4.30046162378 5.92905207741 -50332.1966714 -97.2419909511
1.0 193 424 4.32467867025 5.92905207741 27.1589038122 27.1769634395
1.0 x 425 4.34340256533 5.94343253044 -50305.0377676 -27.7174967658
1.0 194 426 4.24988074728 5.84223478791 12.1387990836 12.1339645523
1.0 x 427 4.32412916453 5.98494045042 -50292.8989685 -107.452132782
1.0 x 428 4.21041783778 5.73734025231 -50292.8989685 -6.00813772824
1.0 x 429 4.29874833092 5.91855288839 -50292.8989685 -66.2401820839
1.0 195 430 4.27619078617 5.88217646794 89.3254716253 89.3058125124
1.0 x 431 4.33631180513 6.03344338039 -50203.5734969 -89.5683577543
1.0 x 432 4.32822130595 6.0495918024 -50203.5734969 -70.8313271133
1.0 x 433 4.23360652709 5.80474994735 -50203.5734969 -35.5836902902
1.0 x 434 4.26155078177 5.83471528346 -50203.5734969 -135.68592474
1.0 x 435 4.39388032164 6.1125620352 -50203.5734969 -55.7158826605
1.0 x 436 4.30570779159 5.92576021674 -50203.5734969 -145.594807367
1.0 196 437 4.2187624246 5.7824376664 1.77266517632 1.77034018322
1.0 197 438 4.28099490361 5.85995088633 36.4139177253 36.3757322386
1.0 198 439 4.39758335691 5.97596813261 92.1322622865 92.0987236919
1.0 199 440 4.37577975501 5.9712726919 50.5419009252 50.5570194161
1.0 x 441 4.44824759556 6.12830299194 -50022.7127507 -8.22772018805
1.0 x 442 4.43830022434 6.15055024308 -50022.7127507 -73.1496835301
1.0 200 443 4.29943925696 5.94404805811 158.738929313 158.714116245
1.0 201 444 4.35261147337 5.94486866252 28.6711981422 28.6192063994
1.0 x 445 4.3435393387 5.89543022696 -49835.3026233 -45.4588655147
1.0 202 446 4.31901541286 5.86452751096 18.9571391229 18.9619782362
1.0 x 447 4.31695170247 5.92431945253 -49816.3454842 -29.0640807839
1.0 x 448 4.45422669475 6.05704588707 -49816.3454842 -16.0145001207
1.0 203 449 4.46959137665 6.10477621891 1.70718780897 1.72129258577
1.0 204 450 4.41411436551 6.0164408894 69.3474387514 69.3437649768
1.0 205 451 4.56709682765 6.2403095608 11.3803296407 11.3323188097
1.0 x 452 4.47163778343 6.17410011217 -49733.910528 -71.9088823733
1.0 x 453 4.54712546855 6.19165449342 -49733.910528 -44.6726728554
1.0 206 454 4.59839004369 6.18929051452 5.99477586352 6.00642263569
1.0 207 455 4.52724971916 6.12432176434 60.2191625375 60.1663845752
1.0 208 456 4.5295848544 6.15847621318 39.78736912 39.7846974132
1.0 x 457 4.56566576387 6.25046339746 -49627.9092204 -154.603388474
1.0 x 458 4.57104943752 6.24089580812 -49627.9092204 -20.1424129262
1.0 209 459 4.52861421408 6.15986220942 21.984526895 22.0036532385
1.0 210 460 4.51747631201 6.11276154112 24.2340953247 24.2293107008
1.0 211 461 4.51839675393 6.11754773123 56.7465077739 56.7554214124
1.0 212 462 4.45046400213 6.08576908581 127.496206923 127.460040226
1.0 x 463 4.51745001091 6.11754773123 -49397.4478835 -84.5557773423
1.0 213 464 4.38957872175 5.94466352204 120.807146267 120.842931241
1.0 214 465 4.36942140367 5.92493696581 85.2107180624 85.2243640846
1.0 215 466 4.35403069793 5.92493696581 30.6732126543 30.6296098092
1.0 216 467 4.39542137952 5.92493696581 68.3757540495 68.3994164477
1.0 217 468 4.380718759 5.94466352204 10.4274670302 10.4455405442
1.0 218 469 4.45625349501 6.09457975902 66.4517274375 66.4868319615
1.0 x 470 4.40554647904 6.00020324859 -49015.501858 -142.157557059
1.0 x 471 4.46019777869 6.01725162123 -49015.501858 -60.9709406518
1.0 219 472 4.58223862647 6.11854438293 84.0970870293 84.0482108864
1.0 220 473 4.52722347484 6.11854438293 90.910958214 90.9371260555
1.0 x 474 4.547282243 6.11854438293 -48840.4938128 -25.2878939472
1.0 x 475 4.57637485311 6.08777263125 -48840.4938128 -88.9822358297
1.0 221 476 4.51655568251 6.09878036588 24.4503810639 24.413707842
1.0 222 477 4.58184967048 6.12272854845 29.6100494181 29.6102634116
1.0 223 478 4.58252383988 6.09477985356 183.319135709 183.323550357
1.0 224 479 4.51692395682 6.0495918024 65.8381421196 65.8538616564
1.0 225 480 4.5685534502 6.13248049921 72.1453120991 72.1488989755
1.0 226 481 4.54262896683 6.0184675142 169.723634243 169.686469993
1.0 x 482 4.54375350942 6.02231622243 -48295.4071581 -8.94051519774
1.0 x 483 4.47546231864 5.95900630118 -48295.4071581 -2.25374354946
1.0 x 484 4.51889634389 6.04777725748 -48295.4071581 -101.727422374
1.0 227 485 4.52953239268 5.99817045277 19.9326390984 19.9495006854
1.0 x 486 4.57234889129 6.02535293977 -48275.474519 -13.1901479082
1.0 228 487 4.58856101366 6.07754764406 16.7648153549 16.7704717007
1.0 x 488 4.59645176835 6.07754764406 -