1.94588771758 1 0 10.9594582414 11.4788839364 46.2318782935 46.1904141305
1.94588771758 2 1 10.8524695151 11.4237683867 84.7796613694 84.77707469
1.94588771758 x 2 10.9458304474 11.5379241494 -27742.9876956 -82.4173648789
1.94588771758 3 3 10.6916320671 11.2895451202 183.019190253 182.999154859
1.94588771758 x 4 10.5789964853 11.1427727372 -27559.9685053 -50.2126462256
1.94588771758 x 5 10.8416994233 11.4502746151 -27559.9685053 -24.5070345079
1.94588771758 4 6 10.7422229712 11.325869179 11.1014802126 11.1115371392
1.94588771758 x 7 10.9455482203 11.5115676527 -27548.8670251 -45.8717444521
1.94588771758 5 8 10.8966837881 11.4393919504 17.8936835657 17.9224906771
1.94588771758 x 9 10.9421907879 11.4911679964 -27530.9733415 -72.8320015362
1.94588771758 6 10 10.9336256197 11.5144693742 147.11980119 147.135447515
1.94588771758 x 11 11.0397955903 11.6306884649 -27383.8535404 -115.763716383
1.94588771758 7 12 10.8249466003 11.4177380493 137.811236351 137.773885973
1.94588771758 8 13 10.9720214707 11.4057203818 1.08575313314 1.11887318333
1.94588771758 9 14 10.9061604395 11.4012433611 172.841894612 172.812091875
1.94588771758 10 15 11.0726123661 11.5716107684 7.9468636207 7.92255335484
1.94588771758 x 16 11.0973774012 11.6338844515 -27645.8928456 -80.3685146504
1.94588771758 11 17 10.9177348655 11.4758537873 70.2558934588 70.2575349004
1.94588771758 12 18 10.9570837503 11.4812119805 81.980394127 81.9607238455
1.94588771758 x 19 10.8432445328 11.3896294678 -27493.656558 -96.5164614967
1.94588771758 x 20 11.1662554643 11.6215522316 -27493.656558 -55.1902048914
1.94588771758 x 21 10.653583508 11.2757804279 -27493.656558 -31.2580829854
1.94588771758 x 22 11.0596772879 11.5841958115 -27493.656558 -37.2083228777
1.94588771758 x 23 10.8300355079 11.39229908 -27493.656558 -3.94226829759
1.94588771758 13 24 10.9012732818 11.4155621458 52.936684421 52.9469588856
1.94588771758 x 25 11.0333658995 11.6393097271 -27246.042304 -249.374772866
1.94588771758 x 26 10.8485630671 11.4657275839 -27246.042304 -41.9873245442
1.94588771758 14 27 10.858037947 11.3978092867 50.1767821299 50.2121604131
1.94588771758 x 28 10.9104655347 11.4523840859 -27195.8655219 -47.996130722
1.94588771758 15 29 10.8962939737 11.459607202 18.50843572 18.5142245575
1.94588771758 x 30 10.8095500922 11.4463912751 -27177.3570862 -18.4585660851
1.94588771758 x 31 10.8359553833 11.4576186823 -27177.3570862 -55.8344159537
1.94588771758 x 32 10.8094594111 11.3920208679 -27177.3570862 -86.0200686022
1.94588771758 16 33 10.9462619151 11.5080325166 75.8295011429 75.8045374801
1.94588771758 x 34 11.1781876991 11.6591195802 -27101.527585 -66.0860500329
1.94588771758 17 35 10.9973722714 11.4879621318 148.209389304 148.179920355
1.94588771758 x 36 10.9165241 11.4268498299 -26953.3181957 -43.5738715301
1.94588771758 18 37 10.6243405169 11.1276718759 142.989513027 142.977459077
1.94588771758 19 38 10.6188089794 11.1217428624 180.322438522 180.349769818
1.94588771758 x 39 10.7937436086 11.2452148466 -27117.407922 -12.1015747716
1.94588771758 20 40 10.774192748 11.2474237052 70.2825869578 70.2659645853
1.94588771758 21 41 10.7686940517 11.2762210368 135.982119864 135.938404238
1.94588771758 22 42 10.8500551841 11.2732959834 187.444124028 187.464787815
1.94588771758 x 43 10.7833473381 11.219407608 -26723.6990912 -1.21580738685
1.94588771758 23 44 10.6576032307 11.1291420903 69.4432477647 69.4566795322
1.94588771758 x 45 10.7778863841 11.298441858 -26654.2558434 -70.0577394546
1.94588771758 x 46 10.6990278722 11.1128511192 -26654.2558434 -43.7423003378
1.94588771758 24 47 10.7485366548 11.2753398019 11.1495028496 11.1503251361
1.94588771758 x 48 10.8244005323 11.3038462573 -26643.1063406 -97.3399590703
1.94588771758 x 49 11.0490446533 11.5771096217 -26953.3181957 -86.9879371704
1.94588771758 25 50 11.0386035948 11.5150942646 69.0999661563 69.1105279754
1.94588771758 26 51 11.2953048898 11.7006301364 67.6770415124 67.6765957402
1.94588771758 x 52 11.2332781657 11.64628452 -26816.541188 -95.0883125812
1.94588771758 27 53 11.2159926471 11.579846973 39.7087326643 39.688263282
1.94588771758 x 54 