5.28195190051 1 0 10.9594582414 11.4788839364 17.0319695875 16.9905054244
5.28195190051 2 1 10.8524695151 11.4237683867 31.2330942929 31.2305076135
5.28195190051 x 2 10.9458304474 11.5379241494 -10220.6040537 -30.3665655156
5.28195190051 3 3 10.6916320671 11.2895451202 67.4248461748 67.4048107811
5.28195190051 x 4 10.5789964853 11.1427727372 -10153.1792075 -18.491126382
5.28195190051 x 5 10.8416994233 11.4502746151 -10153.1792075 -9.03032141583
5.28195190051 4 6 10.7422229712 11.325869179 4.08982027848 4.09987720506
5.28195190051 x 7 10.9455482203 11.5115676527 -10149.0893872 -16.9037493943
5.28195190051 5 8 10.8966837881 11.4393919504 6.59208938828 6.62089649965
5.28195190051 x 9 10.9421907879 11.4911679964 -10142.4972978 -26.8183328355
5.28195190051 6 10 10.9336256197 11.5144693742 54.1993981659 54.2150444905
5.28195190051 x 11 11.0397955903 11.6306884649 -10088.2978997 -42.6493251486
5.28195190051 7 12 10.8249466003 11.4177380493 50.7700935582 50.7327431804
5.28195190051 8 13 10.794500361 11.3558631504 -0.127869208898 -0.104355257301
5.28195190051 9 14 10.8001344353 11.3731316723 67.8151753516 67.7872788651
5.28195190051 10 15 10.9274542154 11.4786899115 2.37017881581 2.34834487231
5.28195190051 x 16 10.9647204053 11.6129472917 -9967.47032117 -30.8435063372
5.28195190051 11 17 10.7346992042 11.3499023957 25.9125236894 25.9122403707
5.28195190051 12 18 10.6956735932 11.3578091496 32.4313446329 32.4106974985
5.28195190051 x 19 10.6814589925 11.3384096772 -9909.12645284 -39.2420659742
5.28195190051 x 20 11.0273392051 11.583700363 -9909.12645284 -23.7740811626
5.28195190051 x 21 10.4531015506 11.2337294063 -9909.12645284 -10.3467603821
5.28195190051 x 22 10.9751830357 11.5225754383 -9909.12645284 -9.66518552895
5.28195190051 x 23 10.6899538988 11.3581334504 -9909.12645284 -2.13260464602
5.28195190051 13 24 10.64584085 11.2850903259 16.6379298353 16.6481861769
5.28195190051 x 25 11.0180692257 11.6723368259 -9892.48852301 -92.2121362266
5.28195190051 x 26 10.7812977381 11.5651464601 -9892.48852301 -14.2719673668
5.28195190051 14 27 10.7107540298 11.3148441497 17.111621573 17.121778648
5.28195190051 x 28 10.821247068 11.3518494168 -9875.37690143 -16.7344967174
5.28195190051 15 29 10.836037619 11.4620138959 5.9960336754 6.0006224703
5.28195190051 x 30 10.6839253237 11.2699673373 -9869.38086776 -7.48944439603
5.28195190051 x 31 10.7213703016 11.311883648 -9869.38086776 -20.1226243182
5.28195190051 x 32 10.7627896174 11.4256353457 -9869.38086776 -29.8012051397
5.28195190051 16 33 10.8924632366 11.4761822165 28.3894569472 28.3642156214
5.28195190051 x 34 11.1514367538 11.7060025251 -9840.99141081 -25.5853411618
5.28195190051 17 35 10.8364487886 11.3506042674 54.7099061657 54.6798930231
5.28195190051 x 36 10.8304551332 11.3839422357 -9786.28150465 -15.4362109821
5.28195190051 18 37 10.6794371216 11.0738870689 57.6705759521 57.6428525144
5.28195190051 19 38 10.7472128577 11.1552503059 54.199943689 54.2299648205
5.28195190051 x 39 10.850123625 11.2001890632 -9674.41098501 -1.72331273483
5.28195190051 20 40 10.7859087903 11.1934643429 20.42181051 20.4036804776
5.28195190051 21 41 10.6890952638 11.0720304282 39.9699814873 39.9267421501
5.28195190051 22 42 10.8053834734 11.2120068292 61.1668757153 61.1888262062
5.28195190051 x 43 10.7645806035 11.0981803768 -9552.85231729 -2.02215213983
5.28195190051 23 44 10.6284747045 10.9825425663 24.0042944715 24.0173361367
5.28195190051 x 45 10.7513937319 11.258796268 -9528.84802282 -18.8421302581
5.28195190051 x 46 10.7032608706 11.0135415893 -9528.84802282 -16.0662282366
5.28195190051 24 47 10.7938977152 11.2899700173 1.73595574346 1.73453687656
5.28195190051 x 48 10.8483221188 11.3083466879 -9527.11206708 -29.6087845039
5.28195190051 x 49 10.8418802454 11.3803674548 -9527.11206708 -29.3666770906
5.28195190051 25 50 10.8557616655 11.3656199618 25.9773174114 25.9767298987
5.28195190051 26 51 11.1848820365 11.5961097728 22.8589530659 22.8567889942
5.28195190051 x 52 11.124907176 11.545657627 -9478.2757966 -38.3608687566
5.28195190051 27 53 11.1320231337 11.4538724502 10.5805424397 10.5591720066
5