10.278085328 1 0 10.9594582414 11.4788839364 8.75280183621 8.71133767314
10.278085328 2 1 10.8524695151 11.4237683867 16.05082041 16.0482337306
10.278085328 x 2 10.9458304474 11.5379241494 -5252.41202839 -15.6083926784
10.278085328 3 3 10.6916320671 11.2895451202 34.6499161107 34.629880717
10.278085328 x 4 10.5789964853 11.1427727372 -5217.76211228 -9.49699606631
10.278085328 x 5 10.8416994233 11.4502746151 -5217.76211228 -4.64214660278
10.278085328 4 6 10.7422229712 11.325869179 2.10177608992 2.11183301651
10.278085328 x 7 10.9455482203 11.5115676527 -5215.66033619 -8.69033705399
10.278085328 5 8 10.8966837881 11.4393919504 3.38770286114 3.4165099725
10.278085328 x 9 10.9421907879 11.4911679964 -5212.27263333 -13.7718919764
10.278085328 6 10 10.9336256197 11.5144693742 27.8533019538 27.8689482785
10.278085328 x 11 11.0397955903 11.6306884649 -5184.41933137 -21.9189072505
10.278085328 7 12 10.8249466003 11.4177380493 26.0909676852 26.0536173073
10.278085328 8 13 10.794500361 11.3558631504 -0.065712531994 -0.0421985803964
10.278085328 9 14 10.8001344353 11.3731316723 34.8505079399 34.8226114534
10.278085328 10 15 10.9274542154 11.4786899115 1.21804500558 1.19621106208
10.278085328 x 16 10.9647204053 11.6129472917 -5122.32552327 -15.8442529885
10.278085328 11 17 10.7346992042 11.3499023957 13.3165564772 13.3162731585
10.278085328 12 18 10.6956735932 11.3578091496 16.666606372 16.6459592375
10.278085328 x 19 10.6814589925 11.3384096772 -5092.34236042 -20.1825109287
10.278085328 x 20 11.0273392051 11.583700363 -5092.34236042 -12.2311851798
10.278085328 x 21 10.4531015506 11.2337294063 -5092.34236042 -5.30928010315
10.278085328 x 22 10.9751830357 11.5225754383 -5092.34236042 -4.97214633433
10.278085328 x 23 10.6899538988 11.3581334504 -5092.34236042 -1.10189695765
10.278085328 13 24 10.64584085 11.2850903259 8.55030312643 8.56055946807
10.278085328 x 25 11.0180692257 11.6723368259 -5083.7920573 -47.405806467
10.278085328 x 26 10.7812977381 11.5651464601 -5083.7920573 -7.32739873766
10.278085328 14 27 10.7107540298 11.3148441497 8.79373533143 8.80389240635
10.278085328 x 28 10.821247068 11.3518494168 -5074.99832197 -8.60556580703
10.278085328 15 29 10.836037619 11.4620138959 3.08138728727 3.08597608217
10.278085328 x 30 10.6839253237 11.2699673373 -5071.91693468 -3.86530111971
10.278085328 x 31 10.7213703016 11.311883648 -5071.91693468 -10.335012671
10.278085328 x 32 10.7627896174 11.4256353457 -5071.91693468 -15.3240318604
10.278085328 16 33 10.8924632366 11.4761822165 14.589463046 14.5642217202
10.278085328 x 34 11.1514367538 11.7060025251 -5057.32747163 -13.1461178409
10.278085328 17 35 10.8364487886 11.3506042674 28.115654193 28.0856410503
10.278085328 x 36 10.8304551332 11.3839422357 -5029.21181744 -7.91911699533
10.278085328 18 37 10.6794371216 11.0738870689 29.6371550276 29.6094315899
10.278085328 19 38 10.7472128577 11.1552503059 27.8535823005 27.883603432
10.278085328 20 39 10.850123625 11.2001890632 -0.883511133934 -0.887610404903
10.278085328 21 40 10.9465088481 11.3494495523 11.0162169189 10.9977933175
10.278085328 22 41 10.8802859061 11.260454758 20.6063834051 20.5628973229
10.278085328 23 42 10.9592739386 11.2631321713 31.6757415924 31.6972229299
10.278085328 x 43 10.8945273669 11.2480177379 -4909.30624933 -0.797619858291
10.278085328 24 44 10.8003737083 11.2038366247 12.5960340232 12.608567207
10.278085328 x 45 10.9302672426 11.3761816527 -4896.71021531 -9.46154921533
10.278085328 x 46 10.9015621045 11.2712517944 -4896.71021531 -8.52980811613
10.278085328 25 47 10.9476077681 11.4044435584 1.02908027864 1.02757626606
10.278085328 x 48 10.9434937134 11.3511853541 -4895.68113503 -15.7603088005
10.278085328 x 49 10.9303406162 11.4044435584 -4895.68113503 -15.5811137257
10.278085328 26 50 11.022411457 11.4420125199 13.4575953988 13.4575724641
10.278085328 27 51 11.3222773432 11.694537469 11.9834920402 11.981817695
10.278085328 x 52 11.2598531411 11.6409802321 -4870.24004759 -19.6269323556
10.278085328 28 53 11.210546375 11.4787346867 5.53389968722 5.51227347694
10.278085328 x 54 11.1040616066 11.3420203399 -4864.7061