14.3374232887 1 0 10.9594582414 11.4788839364 6.27463124441 6.23316708134
14.3374232887 2 1 10.8524695151 11.4237683867 11.5063703175 11.5037836381
14.3374232887 x 2 10.9458304474 11.5379241494 -3765.30272689 -11.1908870772
14.3374232887 3 3 10.6916320671 11.2895451202 24.8395257099 24.8194903162
14.3374232887 x 4 10.5789964853 11.1427727372 -3740.46320118 -6.80481855319
14.3374232887 x 5 10.8416994233 11.4502746151 -3740.46320118 -3.32865156317
14.3374232887 4 6 10.7422229712 11.325869179 1.50670267297 1.51675959955
14.3374232887 x 7 10.9455482203 11.5115676527 -3738.95649851 -6.23184876971
14.3374232887 5 8 10.8966837881 11.4393919504 2.42854649483 2.4573536062
14.3374232887 x 9 10.9421907879 11.4911679964 -3736.52795201 -9.86675234937
14.3374232887 6 10 10.9336256197 11.5144693742 19.967229005 19.9828753297
14.3374232887 x 11 11.0397955903 11.6306884649 -3716.56072301 -15.7137531174
14.3374232887 7 12 10.8249466003 11.4177380493 18.7038623857 18.6665120079
14.3374232887 8 13 10.9720214707 11.4057203818 0.147359371594 0.180479421784
14.3374232887 9 14 10.9061604395 11.4012433611 23.4582541811 23.4284514437
14.3374232887 10 15 11.0726123661 11.5716107684 1.07855533044 1.05424506457
14.3374232887 x 16 11.0973774012 11.6338844515 -3752.12492833 -10.8952541978
14.3374232887 11 17 10.9177348655 11.4758537873 9.53519174371 9.53683318534
14.3374232887 12 18 10.9570837503 11.4812119805 11.1264513017 11.1067810202
14.3374232887 x 19 10.8432445328 11.3896294678 -3731.46328528 -13.128194108
14.3374232887 x 20 11.1662554643 11.6215522316 -3731.46328528 -7.51461748171
14.3374232887 x 21 10.653583508 11.2757804279 -3731.46328528 -4.22800961234
14.3374232887 x 22 11.0596772879 11.5841958115 -3731.46328528 -5.05949549052
14.3374232887 13 23 10.8300355079 11.39229908 -0.533326213959 -0.546013368996
14.3374232887 14 24 10.7655353063 11.3108991664 6.68967535825 6.69934615914
14.3374232887 x 25 11.0333658995 11.6393097271 -3697.85686062 -33.8396892958
14.3374232887 x 26 10.8485630671 11.4657275839 -3697.85686062 -5.64686521342
14.3374232887 15 27 10.858037947 11.3978092867 6.81003706787 6.85870616988
14.3374232887 x 28 10.9104655347 11.4523840859 -3691.04682356 -6.52500885618
14.3374232887 16 29 10.8962939737 11.459607202 2.5119811987 2.5177700362
14.3374232887 x 30 10.8095500922 11.4463912751 -3688.53484236 -2.53275354867
14.3374232887 x 31 10.8359553833 11.4576186823 -3688.53484236 -7.56561882379
14.3374232887 x 32 10.8094594111 11.3920208679 -3688.53484236 -11.6925112251
14.3374232887 17 33 10.9462619151 11.5080325166 10.291646688 10.2666830252
14.3374232887 x 34 11.1781876991 11.6591195802 -3678.24319567 -8.96443273961
14.3374232887 18 35 10.9973722714 11.4879621318 20.1151088636 20.085639915
14.3374232887 x 36 10.9165241 11.4268498299 -3658.12808681 -5.88850119365
14.3374232887 19 37 10.584776138 11.0879873786 19.674922417 19.649718422
14.3374232887 20 38 10.6389441402 11.0965130723 23.6828978221 23.7098556162
14.3374232887 x 39 10.716800773 11.2251018906 -3681.9491159 -1.41845159974
14.3374232887 21 40 10.7438266224 11.1795813532 9.39168057229 9.37515241353
14.3374232887 22 41 10.7310571352 11.1341593703 18.1583461779 18.1138982725
14.3374232887 23 42 10.8560872687 11.2516726337 25.349797133 25.3713092427
14.3374232887 24 43 10.7862943326 11.2142909755 -0.182783042358 -0.155619718487
14.3374232887 25 44 10.4935728704 10.8429772619 9.13955510508 9.15215991249
14.3374232887 x 45 10.7262563506 11.2612839114 -3620.09251995 -9.54529088599
14.3374232887 x 46 10.5965278139 11.0609692279 -3620.09251995 -6.12137289565
14.3374232887 26 47 10.6544115499 11.1850738177 1.71678666365 1.71708265686
14.3374232887 x 48 10.7417445944 11.1781560889 -3618.37573329 -13.0053802062
14.3374232887 x 49 11.0490446533 11.5771096217 -3658.12808681 -11.8035207043
14.3374232887 27 50 11.0386035948 11.5150942646 9.37830827203 9.37637330987
14.3374232887 28 51 11.2953048898 11.7006301364 9.18518768602 9.18474191382
14.3374232887 x 52 11.2332781657 11.64628452 -3639.56459085 -12.9257362935
14.3374232887 29 53 11.2159926471 11.579846973 5.38930417383 5.36883479153
1