7.36806299728 1 0 10.9594582414 11.4788839364 12.2097278708 12.1682637077
7.36806299728 2 1 10.8524695151 11.4237683867 22.3901046747 22.3875179953
7.36806299728 x 2 10.9458304474 11.5379241494 -7326.85632922 -21.770595624
7.36806299728 3 3 10.6916320671 11.2895451202 48.3349279893 48.3148925956
7.36806299728 x 4 10.5789964853 11.1427727372 -7278.52140123 -13.2524512257
7.36806299728 x 5 10.8416994233 11.4502746151 -7278.52140123 -6.47440755116
7.36806299728 4 6 10.7422229712 11.325869179 2.93187422537 2.94193115195
7.36806299728 x 7 10.9455482203 11.5115676527 -7275.589527 -12.1198072381
7.36806299728 5 8 10.8966837881 11.4393919504 4.72567879585 4.75448590722
7.36806299728 x 9 10.9421907879 11.4911679964 -7270.86384821 -19.2193695998
7.36806299728 6 10 10.9336256197 11.5144693742 38.853985675 38.8696319996
7.36806299728 x 11 11.0397955903 11.6306884649 -7232.00986253 -30.5747919352
7.36806299728 7 12 10.8249466003 11.4177380493 36.3956160877 36.3582657098
7.36806299728 8 13 10.9720214707 11.4057203818 0.286744791253 0.319864841443
7.36806299728 9 14 10.9061604395 11.4012433611 45.6471286867 45.6173259494
7.36806299728 10 15 11.0726123661 11.5716107684 2.09874757022 2.07443730436
7.36806299728 x 16 11.0973774012 11.6338844515 -7301.21381284 -21.2145465462
7.36806299728 11 17 10.9177348655 11.4758537873 18.5544124988 18.5560539405
7.36806299728 12 18 10.9570837503 11.4812119805 21.6508249282 21.6311546467
7.36806299728 x 19 10.8432445328 11.3896294678 -7261.00857542 -25.514368357
7.36806299728 x 20 11.1662554643 11.6215522316 -7261.00857542 -14.59616686
7.36806299728 x 21 10.653583508 11.2757804279 -7261.00857542 -8.24295331181
7.36806299728 x 22 11.0596772879 11.5841958115 -7261.00857542 -9.83475933024
7.36806299728 x 23 10.8300355079 11.39229908 -7261.00857542 -1.05048008424
7.36806299728 13 24 10.9012732818 11.4155621458 13.9804510442 13.9907255088
7.36806299728 x 25 11.0333658995 11.6393097271 -7195.61424644 -65.8657627646
7.36806299728 x 26 10.8485630671 11.4657275839 -7195.61424644 -11.056054679
7.36806299728 14 27 10.858037947 11.3978092867 13.2515674866 13.2869457698
7.36806299728 x 28 10.9104655347 11.4523840859 -7182.36267896 -12.6849706568
7.36806299728 15 29 10.8962939737 11.459607202 4.88803336134 4.89382219883
7.36806299728 x 30 10.8095500922 11.4463912751 -7177.4746456 -4.8983128211
7.36806299728 x 31 10.8359553833 11.4576186823 -7177.4746456 -14.7352813047
7.36806299728 x 32 10.8094594111 11.3920208679 -7177.4746456 -22.7328422693
7.36806299728 16 33 10.9462619151 11.5080325166 20.0263888838 20.001425221
7.36806299728 x 34 11.1781876991 11.6591195802 -7157.44825671 -17.4490592624
7.36806299728 17 35 10.9973722714 11.4879621318 39.1417432753 39.1122743268
7.36806299728 x 36 10.9165241 11.4268498299 -7118.30651344 -11.4861419439
7.36806299728 18 37 10.6243405169 11.1276718759 37.7631865042 37.7511325545
7.36806299728 19 38 10.6188089794 11.1217428624 47.6227223428 47.6500536385
7.36806299728 x 39 10.7937436086 11.2452148466 -7161.64221553 -3.19853969914
7.36806299728 20 40 10.774192748 11.2474237052 18.5614621877 18.5448398151
7.36806299728 21 41 10.7686940517 11.2762210368 35.9125508226 35.8688351959
7.36806299728 22 42 10.8500551841 11.2732959834 49.5035423575 49.5242061445
7.36806299728 23 43 10.7833473381 11.219407608 -0.328243928404 -0.30116257038
7.36806299728 24 44 10.5855478294 11.0841007621 18.4418996339 18.4549485397
7.36806299728 x 45 10.7094643926 11.2657861375 -7039.55100445 -18.8019242943
7.36806299728 x 46 10.6496319972 11.0694847772 -7039.55100445 -11.8238943013
7.36806299728 25 47 10.696995438 11.2036225449 3.19701306996 3.19763518276
7.36806299728 x 48 10.7878721584 11.2737898769 -7036.35399138 -25.7320251975
7.36806299728 x 49 11.0490446533 11.5771096217 -7118.30651344 -22.9869840852
7.36806299728 26 50 11.0386035948 11.5150942646 18.2491348782 18.2331983747
7.36806299728 27 51 11.2953048898 11.7006301364 17.8733439019 17.8728981297
7.36806299728 x 52 11.2332781657 11.64628452 -7082.18403466 -25.129851075
7.36806299728 28 53 11.2159926471 11.579846973 10.4869807981 10.4665114158
7.3680629