1.0 1 0 10.9594582414 11.4788839364 89.9620441318 89.9205799688
1.0 2 1 10.8524695151 11.4237683867 164.971701759 164.96911508
1.0 x 2 10.9458304474 11.5379241494 -53984.7390057 -160.369323944
1.0 3 3 10.6916320671 11.2895451202 356.134794394 356.114759001
1.0 x 4 10.5789964853 11.1427727372 -53628.6042113 -97.7192099402
1.0 x 5 10.8416994233 11.4502746151 -53628.6042113 -47.6851628014
1.0 4 6 10.7422229712 11.325869179 21.6022339926 21.6122909192
1.0 x 7 10.9455482203 11.5115676527 -53607.0019773 -89.2545933725
1.0 5 8 10.8966837881 11.4393919504 34.8190990727 34.8479061841
1.0 x 9 10.9421907879 11.4911679964 -53572.1828782 -141.742674627
1.0 6 10 10.9336256197 11.5144693742 286.278614149 286.294260473
1.0 x 11 11.0397955903 11.6306884649 -53285.9042641 -225.260786598
1.0 7 12 10.8249466003 11.4177380493 268.165192159 268.127841781
1.0 x 13 10.794500361 11.3558631504 -53017.7390719 -0.65188505936
1.0 8 14 10.8321937992 11.4220886126 361.690331358 361.66216717
1.0 9 15 10.9415555555 11.5445892015 13.5536425725 13.5316374771
1.0 x 16 10.9899988559 11.7377473579 -52642.495098 -162.966589325
1.0 10 17 10.8095885627 11.458351335 136.165610827 136.165586298
1.0 11 18 10.7446394162 11.4109613707 174.625854434 174.606324249
1.0 x 19 10.6869664409 11.3957573656 -52331.7036327 -207.214194142
1.0 x 20 11.0515579628 11.7082854096 -52331.7036327 -123.108900262
1.0 x 21 10.393685277 11.2720573555 -52331.7036327 -56.8103118992
1.0 x 22 10.9382973736 11.6531154728 -52331.7036327 -55.7556227741
1.0 x 23 10.701553994 11.3848752569 -52331.7036327 -18.9935976738
1.0 12 24 10.6126672198 11.3680540886 92.7082059309 92.7181999265
1.0 x 25 11.076249395 11.8406775431 -52238.9954268 -485.078221079
1.0 x 26 10.6968538196 11.6157204448 -52238.9954268 -82.0714743051
1.0 13 27 10.7624253126 11.4329128236 91.3300458616 91.3396948355
1.0 x 28 10.7901957959 11.3719039185 -52147.6653809 -84.4025046154
1.0 14 29 10.8541362397 11.5216312638 29.6131613262 29.6182459385
1.0 x 30 10.7013236142 11.4073725293 -52118.0522196 -40.3277140427
1.0 x 31 10.7546367271 11.4193959594 -52118.0522196 -110.413883877
1.0 x 32 10.7555757425 11.4853371301 -52118.0522196 -160.966354111
1.0 15 33 10.8846585431 11.5502492469 151.423648572 151.398301791
1.0 x 34 11.1234172134 11.7655193513 -51966.628571 -138.629021002
1.0 16 35 10.8671929718 11.4485388725 284.570616551 284.540583572
1.0 x 36 10.8865713606 11.5114709161 -51682.0579545 -82.0078803626
1.0 17 37 10.6657523148 11.1639394762 300.920999498 300.893128074
1.0 18 38 10.662780362 11.1552503059 293.741324962 293.77124898
1.0 x 39 10.7986794311 11.2709325938 -51087.39563 -7.84285158924
1.0 19 40 10.772582588 11.2513757178 108.459604048 108.44127944
1.0 20 41 10.7465688641 11.2367867315 212.80856042 212.765427678
1.0 21 42 10.8398937769 11.2901369368 314.925440718 314.948006373
1.0 x 43 10.7648289447 11.2242395375 -50451.2020248 -9.49184633878
1.0 22 44 10.5694091673 11.0378513029 131.235454559 131.249958644
1.0 x 45 10.7986931844 11.3456525037 -50319.9665703 -99.6619422261
1.0 x 46 10.6499220662 11.1130746557 -50319.9665703 -82.5248508219
1.0 23 47 10.8033765467 11.4004920109 11.4158261481 11.4134012728
1.0 x 48 10.8342502205 11.2777402456 -50308.5507441 -152.540974636
1.0 x 49 10.8447647715 11.4563850286 -50308.5507441 -157.409101048
1.0 24 50 10.8542894889 11.4325232099 132.335873074 132.335901192
1.0 25 51 11.2057681127 11.6651940299 118.539169713 118.536857542
1.0 x 52 11.1076883379 11.6006149666 -50057.6757014 -195.060301888
1.0 26 53 11.1727070471 11.5584117404 56.4900794699 56.4689038786
1.0 x 54 10.9123357203 11.2724905108 -50001.1856219 -105.316947962
1.0 27 55 11.1033714306 11.5903538727 119.687002166 119.709162602
1.0 28 56 11.1401318073 11.5915732686 43.0892280475 43.0359679492
1.0 29 57 11.0948637622 11.5354590349 191.720624353 191.71617164
1.0 x 58 11.1382678684 11.5184413147 -49646.6887673 -67.5421900737
1.0 30 59 11.1108219927 11.4942984429 218.540112459 218.545385188
1.0 31 60 11.498573495 11.8731084442 73.1791468091 73.1717925291
1.0 32 61 11.4342907437 11.8225704121 245.656775111 245.679740037
1.0 x 62 11.