20.0 1 0 10.9594582414 11.4788839364 4.49810220659 4.45663804352
20.0 2 1 10.8524695151 11.4237683867 8.24858508795 8.24599840854
20.0 x 2 10.9458304474 11.5379241494 -2699.23695028 -8.02410469302
20.0 3 3 10.6916320671 11.2895451202 17.8067397197 17.786704326
20.0 x 4 10.5789964853 11.1427727372 -2681.43021057 -4.87487412449
20.0 x 5 10.8416994233 11.4502746151 -2681.43021057 -2.38704484464
20.0 4 6 10.7422229712 11.325869179 1.08011169963 1.09016862621
20.0 x 7 10.9455482203 11.5115676527 -2680.35009887 -4.46942941061
20.0 5 8 10.8966837881 11.4393919504 1.74095495364 1.76976206501
20.0 x 9 10.9421907879 11.4911679964 -2678.60914391 -7.06727035762
20.0 6 10 10.9336256197 11.5144693742 14.3139307074 14.3295770321
20.0 x 11 11.0397955903 11.6306884649 -2664.2952132 -11.2654570484
20.0 7 12 10.8249466003 11.4177380493 13.4082596079 13.3709092301
20.0 8 13 10.794500361 11.3558631504 -0.033769950548 -0.0102559989505
20.0 9 14 10.8001344353 11.3731316723 17.9098247166 17.8819282301
20.0 10 15 10.9274542154 11.4786899115 0.625958525036 0.604124581533
20.0 x 16 10.9647204053 11.6129472917 -2632.38494031 -8.13607269981
20.0 11 17 10.7346992042 11.3499023957 6.84343518742 6.8431518687
20.0 12 18 10.6956735932 11.3578091496 8.56504012098 8.54439298655
20.0 x 19 10.6814589925 11.3384096772 -2616.976465 -10.3877242752
20.0 x 20 11.0273392051 11.583700363 -2616.976465 -6.29924168757
20.0 x 21 10.4531015506 11.2337294063 -2616.976465 -2.7204974959
20.0 x 22 10.9751830357 11.5225754383 -2616.976465 -2.56037346983
20.0 x 23 10.6899538988 11.3581334504 -2616.976465 -0.57221187918
20.0 13 24 10.64584085 11.2850903259 4.3940372557 4.40429359734
20.0 x 25 11.0180692257 11.6723368259 -2612.58242774 -24.3796424418
20.0 x 26 10.7812977381 11.5651464601 -2612.58242774 -3.7585552908
20.0 14 27 10.7107540298 11.3148441497 4.51913810442 4.52929517934
20.0 x 28 10.821247068 11.3518494168 -2608.06328964 -4.42807353093
20.0 15 29 10.836037619 11.4620138959 1.58353807336 1.58812686826
20.0 x 30 10.6839253237 11.2699673373 -2606.47975156 -2.00283842796
20.0 x 31 10.7213703016 11.311883648 -2606.47975156 -5.3051172877
20.0 x 32 10.7627896174 11.4256353457 -2606.47975156 -7.8841507468
20.0 16 33 10.8924632366 11.4761822165 7.49758730383 7.47234597806
20.0 x 34 11.1514367538 11.7060025251 -2598.98216426 -6.75354790563
20.0 17 35 10.8364487886 11.3506042674 14.4487546424 14.4187414998
20.0 x 36 10.8304551332 11.3839422357 -2584.53340962 -4.05605032461
20.0 18 37 10.6794371216 11.0738870689 15.2306604127 15.202936975
20.0 19 38 10.7472128577 11.1552503059 14.3140747788 14.3440959103
20.0 20 39 10.850123625 11.2001890632 -0.454040141141 -0.458139412111
20.0 21 40 10.9465088481 11.3494495523 5.66128087421 5.64285727284
20.0 22 41 10.8802859061 11.260454758 10.589708347 10.5462222648
20.0 23 42 10.9592739386 11.2631321713 16.2782987458 16.2997800832
20.0 24 43 10.8945273669 11.2480177379 -0.424280004717 -0.396298613016
20.0 25 44 10.704570679 11.0638962194 6.54060310436 6.55275342649
20.0 x 45 10.8389675472 11.3369439337 -2516.7971035 -5.07878976354
20.0 x 46 10.8143578473 11.1415734174 -2516.7971035 -4.44345007199
20.0 26 47 10.8241590462 11.3031263253 0.548753669747 0.547049483471
20.0 x 48 10.8566919344 11.2926100906 -2516.24834983 -8.07054915653
20.0 x 49 10.8946991329 11.3636225334 -2516.24834983 -8.07688315971
20.0 27 50 10.923106868 11.3703671564 6.75453912223 6.75382450561
20.0 28 51 11.2473552473 11.6458358458 5.98018037411 5.9783176316
20.0 x 52 11.1749905357 11.5964495698 -2503.51363033 -9.91183007312
20.0 29 53 11.1748735814 11.4779361679 2.74939993158 2.72776799354
20.0 x 54 11.0663708439 11.322851038 -2500.7642304 -5.67649487211
20.0 30 55 11.1491804114 11.4864781846 6.2561007467 6.27862018391
20.0 31 56 11.2037029973 11.5036921172 2.18836430359 2.13640419072
20.0 32 57 11.1875400645 11.4731812184 9.90316424538 9.89731399216
20.0 x 58 11.2600694555 11.5379761191 -2482.41660111 -3.50183804491
20.0 33 59 11.2648536898 11.5460137468 11.1163021782 11.1229291403
20.0 34 60 11.4903455196 11.8042686024 3.73575526484 3.72805864533
20.0 35 61 11.46326064