1.39495079396 1 0 10.9594582414 11.4788839364 64.4911953319 64.4497311688
1.39495079396 2 1 10.8524695151 11.4237683867 118.263455939 118.26086926
1.39495079396 x 2 10.9458304474 11.5379241494 -38700.1027128 -114.965824439
1.39495079396 3 3 10.6916320671 11.2895451202 255.302764754 255.28272936
1.39495079396 x 4 10.5789964853 11.1427727372 -38444.7999481 -70.0487797421
1.39495079396 x 5 10.8416994233 11.4502746151 -38444.7999481 -34.1849487064
1.39495079396 4 6 10.7422229712 11.325869179 15.4860186367 15.4960755633
1.39495079396 x 7 10.9455482203 11.5115676527 -38429.3139294 -63.9860410088
1.39495079396 5 8 10.8966837881 11.4393919504 24.9608080969 24.9896152083
1.39495079396 x 9 10.9421907879 11.4911679964 -38404.3531213 -101.605316322
1.39495079396 6 10 10.9336256197 11.5144693742 205.224883478 205.240529803
1.39495079396 x 11 11.0397955903 11.6306884649 -38199.1282379 -161.483682944
1.39495079396 7 12 10.8249466003 11.4177380493 192.239893564 192.202543186
1.39495079396 8 13 10.794500361 11.3558631504 -0.484174075449 -0.460660123852
1.39495079396 9 14 10.8001344353 11.3731316723 256.780737988 256.752841502
1.39495079396 10 15 10.9274542154 11.4786899115 8.97463233463 8.95279839113
1.39495079396 x 16 10.9647204053 11.6129472917 -37741.6171481 -116.824727163
1.39495079396 11 17 10.7346992042 11.3499023957 98.117227031 98.1169437123
1.39495079396 12 18 10.6956735932 11.3578091496 122.800605699 122.779958565
1.39495079396 x 19 10.6814589925 11.3384096772 -37520.6993153 -148.498425148
1.39495079396 x 20 11.0273392051 11.583700363 -37520.6993153 -89.9421940278
1.39495079396 x 21 10.4531015506 11.2337294063 -37520.6993153 -39.2234447208
1.39495079396 x 22 10.9751830357 11.5225754383 -37520.6993153 -36.5674072567
1.39495079396 x 23 10.6899538988 11.3581334504 -37520.6993153 -8.04099910412
1.39495079396 13 24 10.64584085 11.2850903259 62.9991720814 63.009428423
1.39495079396 x 25 11.0180692257 11.6723368259 -37457.7001432 -349.058450099
1.39495079396 x 26 10.7812977381 11.5651464601 -37457.7001432 -54.0807815101
1.39495079396 14 27 10.7107540298 11.3148441497 64.7927959034 64.8029529783
1.39495079396 x 28 10.821247068 11.3518494168 -37392.9073473 -63.3325097938
1.39495079396 15 29 10.836037619 11.4620138959 22.7038556516 22.7084444465
1.39495079396 x 30 10.6839253237 11.2699673373 -37370.2034917 -28.264362727
1.39495079396 x 31 10.7213703016 11.311883648 -37370.2034917 -76.2288036609
1.39495079396 x 32 10.7627896174 11.4256353457 -37370.2034917 -112.789671546
1.39495079396 16 33 10.8924632366 11.4761822165 107.496082819 107.470841494
1.39495079396 x 34 11.1514367538 11.7060025251 -37262.7074089 -96.8915310358
1.39495079396 17 35 10.8364487886 11.3506042674 207.157911304 207.127898161
1.39495079396 x 36 10.8304551332 11.3839422357 -37055.5494976 -58.5269504353
1.39495079396 18 37 10.6794371216 11.0738870689 218.368425303 218.340701866
1.39495079396 19 38 10.7472128577 11.1552503059 205.22694909 205.256970221
1.39495079396 x 39 10.850123625 11.2001890632 -36631.9541232 -6.5138649646
1.39495079396 20 40 10.7859087903 11.1934643429 77.3267568305 77.3086267981
1.39495079396 21 41 10.6890952638 11.0720304282 151.345495908 151.302256571
1.39495079396 22 42 10.8053834734 11.2120068292 231.607090968 231.629041458
1.39495079396 x 43 10.7645806035 11.0981803768 -36171.6747795 -7.73193510845
1.39495079396 23 44 10.6284747045 10.9825425663 90.8917571521 90.9047988173
1.39495079396 x 45 10.7513937319 11.258796268 -36080.7830223 -71.3839620291
1.39495079396 x 46 10.7032608706 11.0135415893 -36080.7830223 -60.8205264385
1.39495079396 24 47 10.7938977152 11.2899700173 6.57315998388 6.57174111699
1.39495079396 x 48 10.8483221188 11.3083466879 -36074.2098623 -112.127600756
1.39495079396 x 49 10.8418802454 11.3803674548 -36074.2098623 -111.226302941
1.39495079396 25 50 10.8557616655 11.3656199618 98.3625670991 98.3619795864
1.39495079396 26 51 11.1848820365 11.5961097728 86.5549459612 86.5527818895
1.39495079396 x 52 11.124907176 11.545657627 -35889.2923493 -145.190453543
1.39495079396 27 53 11.1320231337 11.4538724502 40.0630018561 40.041631423
