2.71441761659 1 0 10.9594582414 11.4788839364 33.1423004264 33.1008362633
2.71441761659 2 1 10.8524695151 11.4237683867 60.7760945665 60.773507887
2.71441761659 x 2 10.9458304474 11.5379241494 -19888.1478943 -59.0843127734
2.71441761659 3 3 10.6916320671 11.2895451202 131.201180031 131.181144637
2.71441761659 x 4 10.5789964853 11.1427727372 -19756.9467143 -35.9926940937
2.71441761659 x 5 10.8416994233 11.4502746151 -19756.9467143 -17.5692168871
2.71441761659 4 6 10.7422229712 11.325869179 7.95833104699 7.96838797357
2.71441761659 x 7 10.9455482203 11.5115676527 -19748.9883832 -32.8861275866
2.71441761659 5 8 10.8966837881 11.4393919504 12.8274657738 12.8562728852
2.71441761659 x 9 10.9421907879 11.4911679964 -19736.1609174 -52.2052418613
2.71441761659 6 10 10.9336256197 11.5144693742 105.465943191 105.481589516
2.71441761659 x 11 11.0397955903 11.6306884649 -19630.6949742 -82.9883907167
2.71441761659 7 12 10.8249466003 11.4177380493 98.7929014752 98.7555510973
2.71441761659 8 13 10.9720214707 11.4057203818 0.778345112845 0.811465163035
2.71441761659 9 14 10.9061604395 11.4012433611 123.905370254 123.875567517
2.71441761659 10 15 11.0726123661 11.5716107684 5.6968773774 5.67256711153
2.71441761659 x 16 11.0973774012 11.6338844515 -19818.5433961 -57.6097982839
2.71441761659 11 17 10.9177348655 11.4758537873 50.3644241524 50.366065594
2.71441761659 12 18 10.9570837503 11.4812119805 58.7693805988 58.7497103173
2.71441761659 x 19 10.8432445328 11.3896294678 -19709.4095914 -69.1993338215
2.71441761659 x 20 11.1662554643 11.6215522316 -19709.4095914 -39.5721791302
2.71441761659 x 21 10.653583508 11.2757804279 -19709.4095914 -22.403312542
2.71441761659 x 22 11.0596772879 11.5841958115 -19709.4095914 -26.6767019453
2.71441761659 x 23 10.8300355079 11.39229908 -19709.4095914 -2.82969056445
2.71441761659 13 24 10.9012732818 11.4155621458 37.9487826023 37.9590570669
2.71441761659 x 25 11.0333658995 11.6393097271 -19531.9020728 -178.772078821
2.71441761659 x 26 10.8485630671 11.4657275839 -19531.9020728 -30.0869225885
2.71441761659 14 27 10.858037947 11.3978092867 35.9702882331 36.0056665164
2.71441761659 x 28 10.9104655347 11.4523840859 -19495.9317845 -34.4106232361
2.71441761659 15 29 10.8962939737 11.459607202 13.2681638665 13.273952704
2.71441761659 x 30 10.8095500922 11.4463912751 -19482.6636207 -13.2414358099
2.71441761659 x 31 10.8359553833 11.4576186823 -19482.6636207 -40.0220608681
2.71441761659 x 32 10.8094594111 11.3920208679 -19482.6636207 -61.6711351342
2.71441761659 16 33 10.9462619151 11.5080325166 54.3599827829 54.3350191202
2.71441761659 x 34 11.1781876991 11.6591195802 -19428.3036379 -47.3736032885
2.71441761659 17 35 10.9973722714 11.4879621318 106.247037491 106.217568542
2.71441761659 x 36 10.9165241 11.4268498299 -19322.0566004 -31.2285368061
2.71441761659 18 37 10.6243405169 11.1276718759 102.505058706 102.493004756
2.71441761659 19 38 10.6188089794 11.1217428624 129.267956478 129.295287773
2.71441761659 x 39 10.7937436086 11.2452148466 -19439.6877936 -8.67624834787
2.71441761659 20 40 10.774192748 11.2474237052 50.3835599521 50.3669375795
2.71441761659 21 41 10.7686940517 11.2762210368 97.4816606098 97.437944983
2.71441761659 22 42 10.8500551841 11.2732959834 134.373287459 134.393951246
2.71441761659 23 43 10.7833473381 11.219407608 -0.890991101802 -0.863909743778
2.71441761659 24 44 10.5855478294 11.0841007621 50.0590172496 50.0720661554
2.71441761659 x 45 10.7094643926 11.2657861375 -19108.2812594 -51.0576057823
2.71441761659 x 46 10.6496319972 11.0694847772 -19108.2812594 -32.0878092902
2.71441761659 25 47 10.696995438 11.2036225449 8.67802859759 8.6786507104
2.71441761659 x 48 10.7878721584 11.2737898769 -19099.6032308 -69.8525541798
2.71441761659 x 49 11.0490446533 11.5771096217 -19322.0566004 -62.3807100987
2.71441761659 26 50 11.0386035948 11.5150942646 49.535773201 49.5198366975
2.71441761659 27 51 11.2953048898 11.7006301364 48.5157195547 48.5152737825
2.71441761659 x 52 11.2332781657 11.64628452 -19224.0051076 -68.1727085417
2.71441761659 28 53 11.2159926471 11.579846973 28.4660454233 28.445576041
2.7