3.78647900941 1 0 10.9594582414 11.4788839364 23.7587594988 23.7172953357
3.78647900941 2 1 10.8524695151 11.4237683867 43.5686296818 43.5660430024
3.78647900941 x 2 10.9458304474 11.5379241494 -14257.2397395 -42.3575205407
3.78647900941 3 3 10.6916320671 11.2895451202 94.0543427043 94.0343073106
3.78647900941 x 4 10.5789964853 11.1427727372 -14163.1853968 -25.7988204506
3.78647900941 x 5 10.8416994233 11.4502746151 -14163.1853968 -12.5956954907
3.78647900941 4 6 10.7422229712 11.325869179 5.70509804463 5.71515497121
3.78647900941 x 7 10.9455482203 11.5115676527 -14157.4802987 -23.5771133033
3.78647900941 5 8 10.8966837881 11.4393919504 9.19564032606 9.22444743743
3.78647900941 x 9 10.9421907879 11.4911679964 -14148.2846584 -37.4185126345
3.78647900941 6 10 10.9336256197 11.5144693742 75.6054935038 75.6211398284
3.78647900941 x 11 11.0397955903 11.6306884649 -14072.6791649 -59.4927048413
3.78647900941 7 12 10.8249466003 11.4177380493 70.8217823186 70.7844319408
3.78647900941 8 13 10.794500361 11.3558631504 -0.178371254477 -0.154857302879
3.78647900941 9 14 10.8001344353 11.3731316723 94.5988326994 94.5709362129
3.78647900941 10 15 10.9274542154 11.4786899115 3.30628282095 3.28444887745
3.78647900941 x 16 10.9647204053 11.6129472917 -13904.1306383 -43.0303382912
3.78647900941 11 17 10.7346992042 11.3499023957 36.1466954942 36.1464121754
3.78647900941 12 18 10.6956735932 11.3578091496 45.2401299449 45.2194828105
3.78647900941 x 19 10.6814589925 11.3384096772 -13822.7438129 -54.727876438
3.78647900941 x 20 11.0273392051 11.583700363 -13822.7438129 -33.1526369037
3.78647900941 x 21 10.4531015506 11.2337294063 -13822.7438129 -14.4396924903
3.78647900941 x 22 10.9751830357 11.5225754383 -13822.7438129 -13.478260666
3.78647900941 x 23 10.6899538988 11.3581334504 -13822.7438129 -2.97005042415
3.78647900941 13 24 10.64584085 11.2850903259 23.2090934336 23.2193497753
3.78647900941 x 25 11.0180692257 11.6723368259 -13799.5347194 -128.617095764
3.78647900941 x 26 10.7812977381 11.5651464601 -13799.5347194 -19.914400954
3.78647900941 14 27 10.7107540298 11.3148441497 23.8698700993 23.8800271742
3.78647900941 x 28 10.821247068 11.3518494168 -13775.6648493 -23.3392198104
3.78647900941 15 29 10.836037619 11.4620138959 8.36417193612 8.36876073102
3.78647900941 x 30 10.6839253237 11.2699673373 -13767.3006774 -10.4340459744
3.78647900941 x 31 10.7213703016 11.311883648 -13767.3006774 -28.0750187208
3.78647900941 x 32 10.7627896174 11.4256353457 -13767.3006774 -41.5638491741
3.78647900941 16 33 10.8924632366 11.4761822165 39.6018955087 39.5766541829
3.78647900941 x 34 11.1514367538 11.7060025251 -13727.6987819 -35.6921591963
3.78647900941 17 35 10.8364487886 11.3506042674 76.3176270435 76.2876139008
3.78647900941 x 36 10.8304551332 11.3839422357 -13651.3811548 -21.5438190789
3.78647900941 18 37 10.6794371216 11.0738870689 80.4476157126 80.4198922749
3.78647900941 19 38 10.7472128577 11.1552503059 75.6062544816 75.6362756132
3.78647900941 x 39 10.850123625 11.2001890632 -13495.3272847 -2.40231745738
3.78647900941 20 40 10.7859087903 11.1934643429 28.4874207851 28.4692907527
3.78647900941 21 41 10.6890952638 11.0720304282 55.7561574103 55.7129180732
3.78647900941 22 42 10.8053834734 11.2120068292 85.3247818433 85.3467323342
3.78647900941 x 43 10.7645806035 11.0981803768 -13325.7589246 -2.83144706335
3.78647900941 23 44 10.6284747045 10.9825425663 33.4848096315 33.4978512968
3.78647900941 x 45 10.7513937319 11.258796268 -13292.274115 -26.2893201002
3.78647900941 x 46 10.7032608706 11.0135415893 -13292.274115 -22.4096263201
3.78647900941 24 47 10.7938977152 11.2899700173 2.42157284262 2.42015397573
3.78647900941 x 48 10.8483221188 11.3083466879 -13289.8525421 -41.3048611244
3.78647900941 x 49 10.8418802454 11.3803674548 -13289.8525421 -40.9693211852
3.78647900941 25 50 10.8557616655 11.3656199618 36.237079548 36.2364920353
3.78647900941 26 51 11.1848820365 11.5961097728 31.8871147284 31.8849506568
3.78647900941 x 52 11.124907176 11.545657627 -13221.7283479 -53.5027123476
3.78647900941 27 53 11.1320231337 11.4538724502 14.7593360768 14.737965643