5.00 50000.00 4.00 100.00 0.05 0.50 0.00 0.01 64.98 19.23 96.73 70.69 28.03 99.52 23.33 40.29 177.14 3.01 180.00 1.14e-04 7.41e-04 Cancer_6 
5.00 500.00 4.00 5.00 0.05 0.50 0.00 0.01 65.49 2.48 73.21 83.23 2.02 87.62 78.89 75.00 1.02 0.27 16.00 3.82e-02 2.07e-02 Cancer_7 
5.00 500.00 4.00 5.00 0.05 0.50 0.00 0.01 39.67 0.00 39.67 22.38 0.00 22.38 61.11 45.60 2.42 2.07 124.00 4.11e-02 1.81e-02 Cancer_8 
5.00 500.00 4.00 5.00 0.05 0.50 0.00 0.01 28.60 8.70 61.96 19.43 11.83 72.38 60.00 94.60 0.00 1.15 68.00 3.98e-02 1.61e-02 Cancer_9 
5.00 200.00 4.00 5.00 0.05 0.50 0.00 0.01 72.11 2.19 76.07 87.34 1.00 89.52 77.78 81.00 0.00 0.43 25.00 4.33e-02 1.82e-02 Cancer_12 
5.00 500.00 4.00 5.00 0.05 0.50 0.00 0.01 32.46 17.48 60.33 44.45 23.59 77.62 65.56 80.40 0.00 0.81 48.00 4.23e-02 1.64e-02 Cancer_15 
5.00 5000.00 4.00 100.00 0.05 0.50 0.00 0.01 39.67 0.00 39.67 22.38 0.00 22.38 28.89 61.56 2.33 0.77 46.00 4.87e-05 6.67e-05 Cancer_25 
5.00 5000.00 4.00 100.00 0.05 0.50 0.00 0.01 61.57 2.08 75.87 77.75 0.86 83.81 46.67 63.54 3.15 0.78 46.00 7.27e-05 4.84e-05 Cancer_26 
5.00 50000.00 4.00 100.00 0.05 0.50 0.00 0.01 79.47 13.01 96.73 90.35 8.02 99.52 36.67 46.16 11.06 18.75 1125.00 9.12e-05 4.86e-04 Cancer_27 
5.00 5000.00 4.00 100.00 0.05 0.50 0.00 0.01 51.46 14.06 85.69 51.57 28.64 95.24 31.11 46.04 7.15 0.76 45.00 1.76e-04 1.67e-04 Cancer_29 
5.00 5000.00 4.00 100.00 0.05 0.50 0.00 0.01 66.19 8.13 90.80 82.08 6.22 96.67 17.78 66.58 2.45 0.77 46.00 4.02e-05 3.76e-05 Cancer_30 
5.00 50000.00 4.00 100.00 0.05 0.50 0.00 0.01 70.28 13.70 96.11 83.26 8.18 99.52 38.00 37.46 13.39 18.52 1111.00 8.58e-05 5.06e-04 Cancer_31 
5.00 5000.00 4.00 100.00 0.05 0.50 0.00 0.01 73.91 21.10 94.27 72.26 31.24 98.10 28.89 68.06 3.02 0.77 46.00 2.04e-04 3.14e-04 Cancer_32 
5.00 5000.00 4.00 100.00 0.05 0.50 0.00 0.01 51.83 14.04 86.50 44.62 27.58 89.05 31.11 62.32 2.15 0.78 46.00 1.31e-04 1.76e-04 Cancer_33 
5.00 5000.00 4.00 100.00 0.05 0.50 0.00 0.01 83.73 12.85 96.93 91.49 8.45 99.52 26.67 35.86 13.10 0.73 43.00 1.91e-03 1.80e-03 Cancer_35 
5.00 5000.00 4.00 100.00 0.05 0.50 0.00 0.01 90.89 4.24 96.73 96.15 2.85 99.05 35.56 30.78 10.69 0.78 46.00 7.41e-04 9.19e-04 Cancer_36 
5.00 50000.00 4.00 100.00 0.05 0.50 0.00 0.01 85.30 13.31 96.73 92.53 7.98 99.52 40.67 20.41 3.60 19.36 1161.00 1.84e-04 7.85e-04 Cancer_37 
5.00 5000.00 4.00 100.00 0.05 0.50 0.00 0.01 60.64 1.67 69.12 78.11 2.43 86.67 28.89 60.10 3.86 1.00 59.00 8.48e-05 1.10e-04 Cancer_39 
5.00 5000.00 4.00 100.00 0.05 0.50 0.00 0.01 62.82 13.27 85.48 69.03 24.55 91.90 28.89 35.94 0.00 0.55 33.00 1.33e-05 1.49e-05 Cancer_40 
5.00 50000.00 4.00 100.00 0.05 0.50 0.00 0.01 63.07 8.36 95.50 79.59 5.76 99.52 25.78 28.25 0.00 18.21 1092.00 4.66e-05 2.71e-04 Cancer_41 
5.00 50000.00 4.00 100.00 0.05 0.50 0.00 0.01 57.35 22.85 95.30 64.94 30.54 99.52 15.11 33.38 0.00 18.58 1114.00 7.74e-05 5.18e-04 Cancer_42 
5.00 5000.00 4.00 100.00 0.05 0.50 0.00 0.01 41.32 14.50 85.07 32.35 23.63 92.38 37.78 85.40 1.41 1.57 94.00 4.84e-05 5.83e-05 Cancer_43 
5.00 50000.00 4.00 100.00 0.05 0.50 0.00 0.01 73.74 12.48 95.91 86.65 8.33 99.52 36.22 45.14 3.52 19.52 1170.00 6.17e-05 3.22e-04 Cancer_44 
5.00 50000.00 4.00 100.00 0.05 0.50 0.00 0.01 50.99 14.16 86.09 46.80 28.67 92.38 22.44 40.71 0.00 19.58 1174.00 4.67e-05 2.21e-04 Cancer_45 
5.00 5000.00 4.00 100.00 0.05 0.50 0.00 0.01 60.33 0.06 60.33 77.62 0.04 77.62 42.22 77.10 0.00 0.69 41.00 1.04e-04 1.85e-04 Cancer_47 
5.00 50000.00 4.00 100.00 0.05 0.50 0.00 0.01 56.86 13.67 94.07 65.19 23.52 98.10 31.33 37.63 6.01 22.21 1332.00 4.04e-05 8.57e-05 Cancer_48 
5.00 50000.00 4.00 100.00 0.05 0.50 0.00 0.01 81.32 13.24 96.52 91.08 8.03 99.52 38.89 43.02 4.64 22.14 1328.00 1.32e-04 7.12e-04 Cancer_50 
