0.0000 0.0000
-63.7677 nan
-63.8026 nan
-63.7851 nan
-63.7380 nan
-63.7793 nan
-63.6567 nan
-63.8108 nan
-63.8237 nan
-63.7064 nan
-64.0494 nan
-63.9467 nan
-63.5907 nan
-63.8399 nan
-63.4234 nan
-64.0276 nan
-63.0870 nan
-64.2201 nan
-63.1125 nan
-64.1716 nan
-62.8714 nan
-64.0527 nan
-63.2485 nan
-63.2182 nan
-63.2286 nan
-63.4180 nan
-63.3953 nan
-63.4078 nan
-63.6094 nan
-63.6127 nan
-63.3623 nan
-63.6997 nan
-63.5934 nan
-63.7707 nan
-63.3311 nan
-63.5789 nan
-63.4980 nan
-62.8984 nan
-63.5173 nan
-63.7068 nan
-63.7153 nan
-63.2701 nan
-63.3807 nan
-63.5826 nan
-63.6058 nan
-63.8553 nan
-63.7848 nan
-63.3983 nan
-63.3269 nan
-63.3493 nan
-63.7985 nan
-64.0072 nan
-63.3994 nan
-63.2616 nan
-63.4841 nan
-63.9433 nan
-63.9328 nan
-63.3179 nan
-63.3658 nan
-63.2277 nan
-63.9735 nan
-63.6978 nan
-63.4797 nan
-63.5121 nan
-63.3751 nan
-64.1780 nan
-63.8514 nan
-63.5360 nan
-63.4148 nan
-63.7189 nan
-63.8799 nan
-63.7996 nan
-63.4621 nan
-63.4649 nan
-63.3713 nan
-63.7077 nan
-63.2067 nan
-63.2502 nan
-63.3502 nan
-63.2458 nan
-63.8682 nan
-63.8158 nan
-63.2859 nan
-63.4836 nan
-63.3033 nan
-63.6548 nan
-63.2081 nan
-63.6146 nan
-63.8448 nan
-64.0458 nan
-64.2020 nan
-63.8678 nan
-63.7521 nan
-64.0098 nan
-63.7345 nan
-63.5616 nan
-64.0934 nan
-63.9975 nan
-64.2096 nan
-64.0125 nan
