0.0000 0.0000
-124.0849 nan
-124.1528 nan
-124.0433 nan
-123.9445 nan
-124.0066 nan
-123.9155 nan
-123.9435 nan
-124.2835 nan
-124.0680 nan
-124.5329 nan
-124.9638 nan
-124.5052 nan
-124.2195 nan
-123.9244 nan
-124.1977 nan
-123.5015 nan
-123.8786 nan
-123.9023 nan
-124.2649 nan
-123.6221 nan
-123.8473 nan
-124.5471 nan
-123.6193 nan
-123.6254 nan
-124.0005 nan
-123.9769 nan
-124.0753 nan
-123.9311 nan
-123.9553 nan
-124.4204 nan
-124.1967 nan
-123.8298 nan
-124.1092 nan
-123.2302 nan
-124.1991 nan
-123.7703 nan
-123.9854 nan
-124.1412 nan
-125.3226 nan
-125.3589 nan
-124.0056 nan
-124.2178 nan
-124.4233 nan
-123.8345 nan
-124.6334 nan
-124.0402 nan
-123.9336 nan
-124.7090 nan
-123.6691 nan
-123.5255 nan
-124.9827 nan
-124.2223 nan
-123.6734 nan
-124.2660 nan
-124.1312 nan
-123.9523 nan
-124.6534 nan
-124.0209 nan
-123.1076 nan
-124.7459 nan
-123.9650 nan
-124.0186 nan
-123.6166 nan
-122.8370 nan
-123.8833 nan
-123.3919 nan
-123.7383 nan
-123.4430 nan
-124.4725 nan
-124.6965 nan
-124.1930 nan
-124.5257 nan
-124.3205 nan
-123.3615 nan
-123.2761 nan
-122.7360 nan
-123.6793 nan
-123.8692 nan
-123.1730 nan
-123.5527 nan
-123.7965 nan
-123.6945 nan
-124.0377 nan
-123.6564 nan
-128.7518 nan
-127.9191 nan
-128.3619 nan
-127.9738 nan
-128.5919 nan
-124.9913 nan
-124.4114 nan
-124.0894 nan
-124.6367 nan
-124.1359 nan
-123.8932 nan
-124.7606 nan
-124.6182 nan
-124.9895 nan
-124.6349 nan
