0.0000 0.0000
-23.4922 nan
-23.5051 nan
-23.4986 nan
-23.4813 nan
-23.4965 nan
-23.4690 nan
-23.4744 nan
-23.5365 nan
-23.4944 nan
-23.5747 nan
-23.5789 nan
-23.4025 nan
-23.3555 nan
-23.3042 nan
-23.3574 nan
-23.2230 nan
-23.2870 nan
-23.2831 nan
-23.3531 nan
-23.1633 nan
-23.2815 nan
-23.3342 nan
-23.4434 nan
-23.6240 nan
-23.3073 nan
-23.5773 nan
-23.4981 nan
-23.3603 nan
-23.5551 nan
-23.4365 nan
-23.5188 nan
-23.5446 nan
-23.5377 nan
-23.3361 nan
-23.1080 nan
-23.1568 nan
-23.3397 nan
-23.4584 nan
-23.6921 nan
-23.6997 nan
-23.6034 nan
-23.4624 nan
-23.5502 nan
-23.5720 nan
-23.5681 nan
-23.5297 nan
-23.5015 nan
-23.5672 nan
-23.4246 nan
-23.3966 nan
-23.6272 nan
-23.5550 nan
-23.5316 nan
-23.5017 nan
-23.4537 nan
-23.6280 nan
-23.5743 nan
-23.5841 nan
-23.3780 nan
-23.5863 nan
-23.5027 nan
-23.5805 nan
-23.6015 nan
-23.3828 nan
-23.7224 nan
-23.6374 nan
-23.6205 nan
-23.5559 nan
-23.5656 nan
-23.6080 nan
-23.5127 nan
-23.5757 nan
-23.5368 nan
-23.3509 nan
-23.5005 nan
-23.3049 nan
-23.3864 nan
-23.6377 nan
-23.3357 nan
-23.5662 nan
-23.5465 nan
-23.5111 nan
-23.5786 nan
-23.5594 nan
-23.6668 nan
-23.4519 nan
-23.5885 nan
-23.5127 nan
-23.6155 nan
-23.7233 nan
-23.4867 nan
-23.4799 nan
-23.6570 nan
-23.4806 nan
-23.3056 nan
-24.0623 nan
-24.1485 nan
-24.2963 nan
-24.2464 nan
