0.0000 0.0000
-88.9529 nan
-89.0015 nan
-88.9771 nan
-88.9298 nan
-89.0284 nan
-88.8107 nan
-89.0497 nan
-89.0472 nan
-88.8971 nan
-89.3592 nan
-89.2191 nan
-89.0462 nan
-88.7316 nan
-88.7702 nan
-89.0119 nan
-88.2998 nan
-89.0159 nan
-88.3469 nan
-88.9307 nan
-87.9832 nan
-88.7250 nan
-88.5172 nan
-88.4779 nan
-88.5315 nan
-88.7275 nan
-88.4852 nan
-88.4625 nan
-89.6482 nan
-89.0771 nan
-89.7408 nan
-89.6701 nan
-89.4786 nan
-89.7597 nan
-88.0833 nan
-87.9558 nan
-87.9819 nan
-87.6860 nan
-87.5402 nan
-87.6950 nan
-87.9983 nan
-89.3299 nan
-88.8750 nan
-88.7248 nan
-88.3555 nan
-88.0482 nan
-88.7027 nan
-89.0364 nan
-88.4268 nan
-87.9177 nan
-87.7879 nan
-88.9999 nan
-89.1746 nan
-88.3305 nan
-88.0955 nan
-88.0233 nan
-88.9160 nan
-89.1937 nan
-88.5135 nan
-87.7421 nan
-88.1770 nan
-88.6056 nan
-89.3049 nan
-89.3862 nan
-87.6162 nan
-87.8734 nan
-89.0995 nan
-88.0775 nan
-89.0064 nan
-88.8455 nan
-88.5017 nan
-88.5866 nan
-88.7849 nan
-88.7564 nan
-88.3929 nan
-88.2744 nan
-87.9121 nan
-88.5495 nan
-88.6200 nan
-88.2283 nan
-88.4758 nan
-88.5985 nan
-88.4892 nan
-88.7913 nan
-88.4944 nan
-89.0023 nan
-88.4111 nan
-89.0006 nan
-88.4365 nan
-88.7105 nan
-88.8949 nan
-88.6799 nan
-88.3768 nan
-89.1571 nan
-88.3873 nan
-88.8656 nan
-89.3068 nan
-88.6535 nan
-87.7797 nan
-89.7541 nan
