0.0000 0.0000
-8.6546 nan
-8.6593 nan
-8.6570 nan
-8.6506 nan
-8.6562 nan
-8.6461 nan
-8.6481 nan
-8.6709 nan
-8.6554 nan
-8.6850 nan
-8.7156 nan
-8.6836 nan
-8.6655 nan
-8.6449 nan
-8.6645 nan
-8.6142 nan
-8.6395 nan
-8.6397 nan
-8.6648 nan
-8.6197 nan
-8.5891 nan
-8.6576 nan
-8.5615 nan
-8.5663 nan
-8.6898 nan
-8.6307 nan
-8.6265 nan
-8.6161 nan
-8.7035 nan
-8.6519 nan
-8.6255 nan
-8.6787 nan
-8.6495 nan
-8.6410 nan
-8.6426 nan
-8.5702 nan
-8.6215 nan
-8.5996 nan
-8.6793 nan
-8.6751 nan
-8.5026 nan
-8.5548 nan
-8.6756 nan
-8.5556 nan
-8.6827 nan
-8.5528 nan
-8.6721 nan
-8.5464 nan
-8.6357 nan
-8.5355 nan
-8.6696 nan
-8.5427 nan
-8.6681 nan
-8.5318 nan
-8.6449 nan
-8.5394 nan
-8.6558 nan
-8.5265 nan
-8.6067 nan
-8.5254 nan
-8.5965 nan
-8.5431 nan
-8.5560 nan
-8.5375 nan
-8.5833 nan
-8.5811 nan
-8.6093 nan
-8.7951 nan
-8.6326 nan
-8.6911 nan
-8.7922 nan
-8.6713 nan
-8.6505 nan
-8.7297 nan
-8.6295 nan
-8.4613 nan
-8.6967 nan
-8.7019 nan
-8.5933 nan
-8.5012 nan
-8.6989 nan
-8.6931 nan
-8.6160 nan
-8.6105 nan
-8.6541 nan
-8.6355 nan
-8.6733 nan
-8.6668 nan
-8.6873 nan
-8.7329 nan
-8.6866 nan
-8.6652 nan
-8.6746 nan
-8.6466 nan
-8.5968 nan
-8.6055 nan
-8.6219 nan
-8.6650 nan
-8.6733 nan
