0.0000 0.0000
-16.8409 nan
-16.8501 nan
-16.8455 nan
-16.8331 nan
-16.8439 nan
-16.8243 nan
-16.8281 nan
-16.8726 nan
-16.8425 nan
-16.9000 nan
-16.9596 nan
-16.8974 nan
-16.8621 nan
-16.8219 nan
-16.8601 nan
-16.7623 nan
-16.8116 nan
-16.8120 nan
-16.8607 nan
-16.7730 nan
-16.7135 nan
-16.9029 nan
-16.8968 nan
-16.8949 nan
-16.9589 nan
-16.9554 nan
-16.9704 nan
-16.9634 nan
-16.7966 nan
-17.0245 nan
-17.0476 nan
-17.0331 nan
-17.0775 nan
-16.9870 nan
-16.9879 nan
-16.9654 nan
-16.8886 nan
-16.8632 nan
-16.9230 nan
-17.0310 nan
-17.0279 nan
-17.0068 nan
-16.8220 nan
-16.8610 nan
-16.9986 nan
-16.7653 nan
-16.8592 nan
-17.0055 nan
-16.7205 nan
-16.7942 nan
-17.0723 nan
-16.7819 nan
-16.8393 nan
-17.0449 nan
-16.7745 nan
-16.8770 nan
-17.0572 nan
-16.7698 nan
-16.7605 nan
-17.0837 nan
-16.7579 nan
-16.8846 nan
-16.7734 nan
-16.8466 nan
-16.9562 nan
-16.8836 nan
-16.8757 nan
-16.9026 nan
-16.9317 nan
-16.9598 nan
-16.9520 nan
-16.9770 nan
-16.8086 nan
-16.8209 nan
-16.7491 nan
-16.7497 nan
-16.7193 nan
-16.7218 nan
-16.6032 nan
-16.7046 nan
-16.7135 nan
-16.6900 nan
-16.7316 nan
-16.7258 nan
-16.8188 nan
-16.7921 nan
-16.8709 nan
-16.8465 nan
-16.8892 nan
-16.9743 nan
-16.9613 nan
-16.9227 nan
-16.9457 nan
-16.8981 nan
-16.7784 nan
-16.9811 nan
-16.9022 nan
-16.9642 nan
-16.8568 nan
