0.0000 0.0000
-173.0923 nan
-173.1870 nan
-173.0342 nan
-172.8965 nan
-172.9831 nan
-172.8560 nan
-172.8951 nan
-173.3693 nan
-173.0688 nan
-173.7173 nan
-174.3184 nan
-173.0575 nan
-172.6425 nan
-172.2405 nan
-172.5987 nan
-171.6601 nan
-172.1807 nan
-171.7238 nan
-172.2503 nan
-170.9186 nan
-171.6801 nan
-172.0785 nan
-173.4578 nan
-173.6720 nan
-174.3046 nan
-173.6291 nan
-173.7515 nan
-173.6131 nan
-173.6368 nan
-171.7296 nan
-173.1207 nan
-172.8583 nan
-174.6622 nan
-172.2051 nan
-172.8345 nan
-172.8924 nan
-172.3145 nan
-172.5046 nan
-173.1723 nan
-173.6712 nan
-172.4112 nan
-171.6699 nan
-173.3981 nan
-173.6296 nan
-174.2585 nan
-171.6837 nan
-173.0231 nan
-173.5221 nan
-172.0292 nan
-171.2741 nan
-173.6688 nan
-173.6236 nan
-174.1103 nan
-171.4090 nan
-172.6827 nan
-174.0290 nan
-173.0488 nan
-171.2529 nan
-171.9654 nan
-173.7395 nan
-173.7854 nan
-172.0472 nan
-173.3209 nan
-173.0130 nan
-170.6619 nan
-173.1116 nan
-171.9687 nan
-172.7739 nan
-173.4302 nan
-173.2945 nan
-173.3185 nan
-173.7672 nan
-173.3291 nan
-172.0162 nan
-172.9919 nan
-168.7192 nan
-172.9695 nan
-173.0153 nan
-171.8761 nan
-173.0685 nan
-172.5897 nan
-172.8302 nan
-174.0123 nan
-170.0247 nan
-174.4900 nan
-172.8145 nan
-174.3618 nan
-173.3016 nan
-173.4420 nan
-173.0489 nan
-173.3639 nan
-172.7266 nan
-173.4475 nan
-172.5938 nan
-170.6779 nan
-173.6389 nan
-173.2047 nan
-172.9540 nan
-173.2035 nan
