0.0000 0.0000
-32.7705 nan
-32.7884 nan
-32.7005 nan
-32.7620 nan
-32.7208 nan
-32.7181 nan
-32.7293 nan
-32.8053 nan
-32.6718 nan
-32.9202 nan
-32.7903 nan
-32.8049 nan
-32.6105 nan
-32.7032 nan
-32.7083 nan
-32.5299 nan
-32.8171 nan
-32.5473 nan
-32.8904 nan
-32.4133 nan
-32.8198 nan
-32.6100 nan
-32.5955 nan
-32.6007 nan
-32.6978 nan
-32.6796 nan
-32.6742 nan
-32.4972 nan
-32.5093 nan
-32.5974 nan
-32.8076 nan
-32.3443 nan
-32.7308 nan
-32.4953 nan
-32.7831 nan
-32.6500 nan
-32.7380 nan
-32.8075 nan
-32.6520 nan
-32.8512 nan
-32.7678 nan
-32.8918 nan
-32.3786 nan
-32.7689 nan
-32.7734 nan
-32.2541 nan
-32.7848 nan
-32.8361 nan
-32.1779 nan
-32.6733 nan
-32.9451 nan
-32.2910 nan
-32.7146 nan
-32.8219 nan
-32.2431 nan
-32.8000 nan
-32.8251 nan
-32.2967 nan
-32.5719 nan
-32.8445 nan
-32.2590 nan
-32.8099 nan
-32.6469 nan
-32.6440 nan
-32.8715 nan
-32.7550 nan
-32.8500 nan
-32.7589 nan
-32.8250 nan
-32.7844 nan
-32.8747 nan
-32.8983 nan
-32.8745 nan
-32.7558 nan
-32.7089 nan
-32.5848 nan
-32.8495 nan
-32.8852 nan
-32.7060 nan
-32.7858 nan
-32.8706 nan
-32.8285 nan
-32.9374 nan
-32.8285 nan
-32.9899 nan
-32.8076 nan
-32.9974 nan
-32.8084 nan
-32.8551 nan
-32.9685 nan
-32.8571 nan
-32.7771 nan
-32.8458 nan
-32.7478 nan
-32.7384 nan
-32.8751 nan
-32.9147 nan
-32.9852 nan
-32.8830 nan
