0.0000 0.0000
-12.0728 nan
-12.0794 nan
-12.0760 nan
-12.0671 nan
-12.0749 nan
-12.0608 nan
-12.0809 nan
-12.0919 nan
-12.0611 nan
-12.1343 nan
-12.1067 nan
-12.0889 nan
-12.0864 nan
-12.0554 nan
-12.1220 nan
-11.9925 nan
-12.1584 nan
-11.9995 nan
-12.1852 nan
-11.9522 nan
-12.1620 nan
-12.0227 nan
-12.0198 nan
-12.0205 nan
-12.1416 nan
-12.0623 nan
-11.9853 nan
-11.9740 nan
-11.9749 nan
-12.1415 nan
-12.0599 nan
-12.0392 nan
-12.0708 nan
-12.0937 nan
-11.8881 nan
-12.0925 nan
-12.0307 nan
-11.9955 nan
-12.0260 nan
-12.1794 nan
-12.0073 nan
-12.0143 nan
-12.0918 nan
-12.0181 nan
-12.0797 nan
-12.0141 nan
-12.0754 nan
-12.0121 nan
-12.0225 nan
-11.9854 nan
-12.1213 nan
-11.9938 nan
-12.0610 nan
-11.9709 nan
-12.0615 nan
-11.9887 nan
-12.0859 nan
-11.9849 nan
-12.0043 nan
-11.9960 nan
-12.0554 nan
-12.0221 nan
-12.1005 nan
-11.9774 nan
-12.1517 nan
-11.9862 nan
-12.1242 nan
-11.9901 nan
-12.0963 nan
-12.0001 nan
-12.0715 nan
-12.0249 nan
-12.0904 nan
-11.9644 nan
-12.0422 nan
-11.8620 nan
-12.0338 nan
-11.8773 nan
-11.9018 nan
-11.9991 nan
-11.9980 nan
-11.9797 nan
-12.0160 nan
-12.0000 nan
-12.0507 nan
-11.9641 nan
-12.0284 nan
-11.9795 nan
-12.0289 nan
-12.0282 nan
-11.9834 nan
-12.0012 nan
-12.0369 nan
-11.9638 nan
-11.9044 nan
-12.0583 nan
-12.0113 nan
-12.0631 nan
-11.9929 nan
