0.0000 0.0000
-45.7133 nan
-45.7383 nan
-45.6979 nan
-45.7014 nan
-45.7174 nan
-45.6402 nan
-45.7272 nan
-45.7617 nan
-45.6503 nan
-45.9221 nan
-45.8133 nan
-45.7612 nan
-45.7226 nan
-45.6194 nan
-45.8671 nan
-45.3777 nan
-46.0253 nan
-45.4019 nan
-46.1265 nan
-45.2149 nan
-46.0304 nan
-45.4893 nan
-45.8603 nan
-45.2257 nan
-45.6076 nan
-45.5875 nan
-45.6047 nan
-45.5454 nan
-45.5649 nan
-45.8147 nan
-45.8695 nan
-45.8528 nan
-45.9552 nan
-45.7495 nan
-45.6981 nan
-45.6808 nan
-45.5126 nan
-45.4523 nan
-45.5540 nan
-45.8385 nan
-45.5445 nan
-45.6429 nan
-45.0552 nan
-45.8988 nan
-45.5716 nan
-44.8896 nan
-45.8746 nan
-45.5462 nan
-44.7671 nan
-45.7399 nan
-45.6894 nan
-44.9460 nan
-45.8086 nan
-45.6456 nan
-44.8423 nan
-45.9218 nan
-45.6477 nan
-44.9683 nan
-45.5935 nan
-45.7438 nan
-44.8943 nan
-45.9725 nan
-45.7682 nan
-44.7491 nan
-46.0661 nan
-45.8412 nan
-45.0386 nan
-45.8908 nan
-45.9256 nan
-44.8971 nan
-45.8586 nan
-46.0032 nan
-45.0090 nan
-45.6590 nan
-45.8974 nan
-44.5583 nan
-45.7668 nan
-45.9560 nan
-44.7258 nan
-45.4278 nan
-45.9595 nan
-45.8329 nan
-45.9229 nan
-45.9772 nan
-46.2392 nan
-46.1138 nan
-46.2585 nan
-46.1957 nan
-46.3672 nan
-46.7332 nan
-46.0418 nan
-46.6091 nan
-46.8302 nan
-46.7112 nan
-46.1735 nan
-46.5307 nan
-46.3205 nan
-46.5866 nan
-46.5068 nan
