0.95954 0.29483 0.75232 0.54737 0.78395 0.72165 0.60236 0.42424 0.63966 0.52222 0.60819 0.98000 0.63393 1.00000 0.00000 0.00000
0.81457 0.22931 0.71207 0.82807 0.43210 0.56701 0.31299 0.63636 0.38547 0.16111 0.62573 0.80250 0.37202 0.00000 1.00000 0.00000
0.89009 0.30690 0.66254 0.39298 0.61728 0.68299 0.54331 0.39394 0.35754 0.40556 0.61404 0.85000 0.62500 1.00000 0.00000 0.00000
0.81457 0.31552 0.71827 0.64912 0.50000 0.41237 0.29528 0.78788 0.45810 0.22222 0.63158 0.56750 0.28571 0.00000 1.00000 0.00000
0.88739 0.40690 0.82663 0.65263 0.62346 0.72165 0.63780 0.45455 0.78492 0.52593 0.60234 0.79250 0.70536 1.00000 0.00000 0.00000
0.80917 0.26034 0.74923 0.77193 0.53086 0.37371 0.24606 0.75758 0.45531 0.33333 0.61404 0.66250 0.26786 0.00000 1.00000 0.00000
0.96898 0.33621 0.77399 0.58947 0.69753 0.99227 0.68701 0.36364 0.60894 0.72222 0.50292 0.86250 0.88095 1.00000 0.00000 0.00000
0.85570 0.26379 0.69969 0.72632 0.49383 0.35567 0.28740 0.87879 0.45251 0.28241 0.56140 0.51500 0.29464 0.00000 1.00000 0.00000
0.89278 0.44655 0.88854 0.73684 0.72840 0.72165 0.52953 0.59091 0.50838 0.40000 0.60819 0.73250 0.43750 1.00000 0.00000 0.00000
0.82873 0.48793 0.68731 0.63158 0.54321 0.63144 0.44291 0.37879 0.55587 0.19907 0.67251 0.82500 0.17262 0.00000 1.00000 0.00000
0.95752 0.30345 0.75851 0.53333 0.69136 0.84278 0.66732 0.51515 0.55028 0.62500 0.61404 0.71250 0.86310 1.00000 0.00000 0.00000
0.78355 0.34310 0.70588 0.63158 0.60494 0.77835 0.44488 0.25758 0.37709 0.30093 0.67836 0.74000 0.20536 0.00000 1.00000 0.00000
0.97033 0.32241 0.75851 0.51228 0.59259 0.64433 0.49606 0.45455 0.55307 0.48611 0.59649 0.89500 0.76786 1.00000 0.00000 0.00000
0.84086 0.26207 0.68111 0.66667 1.00000 0.64433 0.44685 0.48485 0.91620 0.24074 0.67836 0.65750 0.55774 0.00000 1.00000 0.00000
0.94808 0.37069 0.80805 0.61754 0.74691 0.67010 0.49409 0.46970 0.34916 0.46759 0.61988 0.89500 0.77083 1.00000 0.00000 0.00000
0.79636 0.36552 0.84830 0.75439 0.82716 0.41237 0.19488 0.21212 0.43575 0.23148 0.55556 0.56500 0.37202 0.00000 1.00000 0.00000
1.00000 0.28276 0.67183 0.49123 0.59877 0.72165 0.58661 0.43939 0.55307 0.48148 0.63158 0.71250 0.62202 1.00000 0.00000 0.00000
0.82873 0.24310 0.61300 0.56140 0.52469 0.65722 0.49213 0.43939 0.49441 0.26852 0.71930 0.68500 0.25476 0.00000 1.00000 0.00000
0.93459 0.23276 0.70279 0.56140 0.60494 0.76804 0.62008 0.33333 0.51676 0.66852 0.59064 0.88750 0.62202 1.00000 0.00000 0.00000
0.83412 0.18448 0.65015 0.64912 0.54321 0.90722 0.73819 0.36364 0.54469 0.41667 0.60819 0.69250 0.39286 0.00000 1.00000 0.00000
0.95078 0.37241 0.71207 0.63158 0.64815 0.76031 0.65354 0.33333 0.66480 0.53241 0.73099 0.79250 0.89881 1.00000 0.00000 0.00000
0.82873 0.54655 0.68421 0.63158 0.54321 0.73454 0.58858 0.68182 0.78492 0.21296 0.83041 0.70750 0.24167 0.00000 1.00000 0.00000
0.95212 0.25517 0.71827 0.58947 0.58642 0.56701 0.47835 0.39394 0.43855 0.46296 0.68421 0.70500 0.76190 1.00000 0.00000 0.00000
0.81457 0.35862 0.52632 0.61404 0.59877 0.57474 0.42717 0.39394 0.39106 0.30556 0.74269 0.74000 0.42262 0.00000 1.00000 0.00000
0.92717 0.29828 0.74613 0.56140 0.54938 0.67010 0.54331 0.43939 0.50559 0.51852 0.67251 0.72500 0.78571 1.00000 0.00000 0.00000
0.84963 0.23103 0.58824 0.64912 0.54321 0.37371 0.26772 0.43939 0.37709 0.22685 0.60819 0.69250 0.33452 0.00000 1.00000 0.00000
0.99461 0.29828 0.73994 0.40000 0.56173 0.79897 0.72638 0.65152 0.78492 0.50000 0.73099 0.68250 0.68452 1.00000 0.00000 0.00000
0.83210 0.42241 0.76161 0.73684 0.60494 0.65979 0.41535 0.51515 0.36592 0.25926 0.46784 0.84500 0.26071 0.00000 1.00000 0.00000
0.96966 0.32241 0.73684 0.42105 0.62963 0.85052 0.71654 0.43939 0.82682 0.69444 0.70175 0.75000 0.92083 1.00000 0.00000 0.00000
0.79703 0.29655 0.58204 0.68421 0.53086 0.64433 0.32283 0.56061 0.39665 0.19074 0.54971 0.61000 0.24702 0.00000 1.00000 0.00000
0.91908 0.31207 0.83591 0.60351 0.69136 0.73454 0.57283 0.45455 0.40782 0.67593 0.74854 0.72000 0.77976 1.00000 0.00000 0.00000
0.84356 0.29828 0.61300 0.71930 0.52469 0.56701 0.37795 0.48485 0.41341 0.27222 0.60819 0.89250 0.40000 0.00000 1.00000 0.00000
0.96426 0.33103 0.84211 0.70175 0.74074 0.72165 0.61811 0.50000 0.55028 0.57407 0.62573 0.66250 0.76190 1.00000 0.00000 0.00000
0.83749 0.43966 0.70279 0.77193 0.55556 0.43299 0.36220 1.00000 0.39665 0.25000 0.50292 0.82500 0.18750 0.00000 1.00000 0.00000
0.93257 0.27069 0.81115 0.70175 0.70988 0.76031 0.66929 0.60606 0.48045 0.61111 0.66082 0.64250 0.67262 1.00000 0.00000 0.00000
0.82603 0.29828 0.65635 0.66667 0.49383 0.42526 0.39961 0.56061 0.45531 0.31481 0.58480 0.79250 0.30357 0.00000 1.00000 0.00000
0.95684 0.27414 0.76780 0.57895 0.66667 0.85052 0.77362 0.48485 0.51955 0.80556 0.71930 0.70500 1.00000 1.00000 0.00000 0.00000
0.85772 0.30172 0.70588 0.78947 0.51852 0.35567 0.34646 0.72727 0.45531 0.30556 0.51462 0.60500 0.29048 0.00000 1.00000 0.00000
0.91976 0.53448 0.79257 0.53333 0.71605 0.69588 0.59646 0.25758 0.46369 0.47222 0.56140 0.84000 0.50298 1.00000 0.00000 0.00000
0.82401 0.22241 0.60062 0.66667 0.56790 0.60825 0.40157 0.59091 0.58101 0.25000 0.50292 0.75500 0.18571 0.00000 1.00000 0.00000
0.94808 0.28103 0.70588 0.56140 0.77778 0.77320 0.62402 0.36364 0.58659 0.52315 0.63743 0.92750 0.46429 1.00000 0.00000 0.00000
0.78287 0.23276 0.83591 0.70175 0.58025 0.70619 0.57480 0.43939 0.69553 0.24537 0.56140 0.81500 0.40476 0.00000 1.00000 0.00000
0.87188 0.65517 0.82043 0.65263 0.62963 0.62113 0.47441 0.37879 0.55307 0.41667 0.60234 0.88000 0.45833 1.00000 0.00000 0.00000
0.77276 0.64483 0.56347 0.68421 0.66049 0.81959 0.50787 0.36364 1.00000 0.26852 0.43860 0.70250 0.33452 0.00000 1.00000 0.00000
0.92448 0.32069 0.73065 0.58246 0.62346 0.67268 0.56693 0.40909 0.47207 0.35185 0.64912 1.00000 0.61607 1.00000 0.00000 0.00000
0.84423 0.41897 0.67183 0.73684 0.54321 0.65722 0.44685 0.39394 0.34078 0.18519 0.52632 0.69500 0.19345 0.00000 1.00000 0.00000
0.86649 0.27586 0.78019 0.62456 0.58642 0.63918 0.46654 0.39394 0.40782 0.36389 0.63743 0.90750 0.60417 1.00000 0.00000 0.00000
0.79299 0.46207 0.90402 0.70175 0.63580 0.45103 0.39961 0.90909 0.29330 0.35185 0.71930 0.62500 0.36131 0.00000 1.00000 0.00000
0.91032 0.31207 0.80805 0.70175 0.59259 0.65206 0.51378 0.42424 0.46369 0.32593 0.65497 0.95500 0.50298 1.00000 0.00000 0.00000
0.76939 0.12759 0.77399 0.73684 0.54321 0.63918 0.39567 0.63636 0.40223 0.28519 0.64327 0.57750 0.25833 0.00000 1.00000 0.00000
0.87997 0.35345 0.99690 0.87719 0.76543 0.67784 0.52756 0.71212 0.53631 0.33148 0.66082 0.80000 0.49405 1.00000 0.00000 0.00000
0.81457 0.23966 0.77399 0.78947 0.51852 0.65979 0.45079 0.65152 0.29050 0.26852 0.54386 0.79750 0.22917 0.00000 1.00000 0.00000
0.90290 0.30517 0.81115 0.56491 0.57407 0.73454 0.57874 0.51515 0.40503 0.44444 0.53801 0.80500 0.71131 1.00000 0.00000 0.00000
0.74376 0.26034 0.68111 0.75439 0.52469 0.63402 0.42717 0.78788 0.56145 0.17593 1.00000 0.71750 0.24226 0.00000 1.00000 0.00000
0.89683 0.29655 0.66254 0.59649 0.58025 0.61856 0.43110 0.40909 0.37709 0.36574 0.59649 0.69250 0.76488 1.00000 0.00000 0.00000
0.79703 0.25345 0.61610 0.72982 0.53086 0.51031 0.31496 0.45455 0.42737 0.18056 0.55556 0.83250 0.29464 0.00000 1.00000 0.00000
0.93527 0.32759 0.86687 0.68070 0.66049 0.76031 0.58465 0.56061 0.49162 0.41667 0.73099 0.85000 0.54464 1.00000 0.00000 0.00000
0.83749 0.27759 0.67802 0.78947 0.66667 0.51546 0.41142 0.51515 0.44972 0.19074 0.61988 0.74000 0.20536 0.00000 1.00000 0.00000
0.94538 0.28966 0.68421 0.56140 0.59259 0.68299 0.45866 0.39394 0.55307 0.43519 0.60819 0.89750 0.61607 1.00000 0.00000 0.00000
0.86109 0.59138 0.61300 0.56140 0.49383 0.42010 0.24606 0.65152 0.23184 0.31481 0.40936 0.53000 0.22143 0.00000 1.00000 0.00000
0.92583 0.25862 0.83591 0.78947 0.62346 0.77320 0.63976 0.43939 0.66480 0.52778 0.69591 0.67750 0.76488 1.00000 0.00000 0.00000
0.80917 0.59138 0.61920 0.66667 0.53704 0.51546 0.32283 0.56061 0.52235 0.11852 0.54386 0.76250 0.33571 0.00000 1.00000 0.00000
0.91571 0.28621 0.73065 0.67018 0.65432 0.73711 0.62795 0.33333 0.54469 0.63889 0.63743 0.72000 0.90179 1.00000 0.00000 0.00000
0.77208 0.41379 0.74923 0.70175 0.59259 0.74742 0.54921 0.48485 0.51117 0.30093 0.46784 0.84750 0.37202 0.00000 1.00000 0.00000
0.92245 0.31552 0.73065 0.60351 0.64198 0.62371 0.52953 0.63636 0.55028 0.35556 0.71930 0.71750 0.58929 1.00000 0.00000 0.00000
0.77950 0.35345 1.00000 1.00000 0.73457 0.81959 1.00000 0.71212 0.52235 0.55556 0.54386 0.92250 0.27679 0.00000 1.00000 0.00000
0.92785 0.26379 0.83591 0.68421 0.81481 0.76031 0.53937 0.75758 0.37709 0.50000 0.73099 0.75000 0.73512 1.00000 0.00000 0.00000
0.83749 0.76379 0.84520 0.92982 0.62963 0.56701 0.41929 0.65152 0.47765 0.19259 0.53801 0.78000 0.21726 0.00000 1.00000 0.00000
0.91099 0.31034 0.82043 0.66667 0.67901 0.60567 0.49803 0.43939 0.43017 0.38889 0.64327 0.71750 0.65179 1.00000 0.00000 0.00000
0.87997 1.00000 0.65944 0.75439 0.53086 0.67526 0.52165 0.45455 0.56145 0.24074 0.42690 0.77500 0.22619 0.00000 1.00000 0.00000
0.90897 0.31207 0.74613 0.71930 0.61728 0.69588 0.58661 0.39394 0.51955 0.47222 0.60819 0.86750 0.54762 1.00000 0.00000 0.00000
0.80040 0.74310 0.73994 0.73684 0.50617 0.73711 0.59646 0.31818 0.81285 0.25926 0.43860 0.91000 0.22619 0.00000 1.00000 0.00000
0.89548 0.28276 0.87926 0.54386 0.67901 0.67010 0.52756 0.51515 0.37989 0.42593 0.63743 0.69500 0.52381 1.00000 0.00000 0.00000
0.81389 0.37241 0.67183 0.73684 0.52469 0.67010 0.52165 0.56061 0.37709 0.25556 0.50292 0.82000 0.22500 0.00000 1.00000 0.00000
0.87997 0.28448 0.78947 0.63158 0.60494 0.63144 0.47835 0.43939 0.40223 0.39352 0.65497 0.62750 0.65774 1.00000 0.00000 0.00000
0.83817 0.26379 0.70898 0.75439 0.53086 0.70619 0.62008 0.59091 0.49441 0.36481 0.40351 0.71000 0.20952 0.00000 1.00000 0.00000
0.88132 0.25862 0.65015 0.54386 0.60494 0.61856 0.51969 0.42424 0.38268 0.34259 0.69006 0.67250 0.60714 1.00000 0.00000 0.00000
0.79501 0.36724 0.86068 1.00000 0.56790 0.54897 0.44094 0.87879 0.49162 0.27778 0.56725 0.61000 0.27738 0.00000 1.00000 0.00000
0.95887 0.68793 0.77709 0.46316 0.79012 0.77320 0.59843 0.30303 0.58101 0.47222 0.52047 0.88250 0.45238 1.00000 0.00000 0.00000
0.83412 0.28103 0.71207 0.85965 0.54321 0.57216 0.48228 0.60606 0.53073 0.19630 0.52047 0.69500 0.20357 0.00000 1.00000 0.00000
0.91436 0.29483 0.71517 0.56842 0.72222 0.81186 0.64764 0.51515 0.65363 0.56759 0.55556 0.84500 0.47321 1.00000 0.00000 0.00000
0.81187 0.74138 0.73684 0.77193 0.49383 0.54124 0.34449 0.63636 0.37709 0.24074 0.46199 0.64250 0.34524 0.00000 1.00000 0.00000
0.90425 0.66207 0.65635 0.65965 0.55556 0.63144 0.52756 0.40909 0.41341 0.39630 0.53216 0.75000 0.61607 1.00000 0.00000 0.00000
0.86716 0.23276 0.71827 0.63158 0.75309 0.38918 0.24606 0.31818 0.26257 0.37963 0.44444 0.32250 0.37500 0.00000 0.00000 1.00000
0.93594 0.32586 0.80186 0.52632 0.62346 0.83763 0.70079 0.25758 0.47486 0.50278 0.51462 0.89000 0.65179 1.00000 0.00000 0.00000
0.86851 0.51552 0.74303 0.70175 0.64198 0.33505 0.24016 0.36364 0.23184 0.50000 0.43275 0.35500 0.31548 0.00000 0.00000 1.00000
0.89278 0.68621 0.70898 0.61404 0.63580 0.68041 0.51772 0.48485 0.46369 0.40370 0.47953 0.75000 0.40476 1.00000 0.00000 0.00000
0.86379 0.39828 0.74303 0.84211 0.60494 0.29639 0.21457 0.40909 0.23184 0.52778 0.38596 0.34000 0.33333 0.00000 0.00000 1.00000
0.87997 0.30517 0.65015 0.59649 0.66049 0.77320 0.59055 0.42424 0.56704 0.46667 0.51462 0.83750 0.52679 1.00000 0.00000 0.00000
0.85637 0.61207 0.73065 0.75439 0.65432 0.43814 0.23622 0.25758 0.23464 0.46296 0.45614 0.32250 0.35714 0.00000 0.00000 1.00000
0.95819 0.69655 0.75542 0.66316 0.68519 0.73454 0.52165 0.45455 0.34916 0.48519 0.50877 0.83250 0.64286 1.00000 0.00000 0.00000
0.84356 0.21379 0.69659 0.61404 0.52469 0.51546 0.11417 0.90909 0.34916 0.50463 0.43860 0.37750 0.38690 0.00000 0.00000 1.00000
0.96966 0.61897 0.70588 0.56140 0.62963 0.83763 0.62402 0.40909 0.61173 0.45370 0.60819 0.86000 0.63393 1.00000 0.00000 0.00000
0.84963 0.42414 0.68111 0.64912 0.58025 0.41753 0.12992 0.95455 0.26257 0.65741 0.42690 0.39500 0.41369 0.00000 0.00000 1.00000
0.93729 0.28966 0.65635 0.56140 0.62346 0.79897 0.66732 0.31818 0.59777 0.56481 0.53216 0.83250 0.58631 1.00000 0.00000 0.00000
0.82603 0.81379 0.78638 0.73684 0.54938 0.35567 0.09252 0.80303 0.22346 0.35648 0.43860 0.31750 0.42857 0.00000 0.00000 1.00000
0.95078 0.34828 0.74303 0.65965 0.63580 0.70876 0.57480 0.48485 0.66480 0.57407 0.62573 0.68750 0.63095 1.00000 0.00000 0.00000
0.84491 0.95000 0.81734 0.87719 0.59259 0.46134 0.11811 0.95455 0.30726 0.46296 0.47953 0.42250 0.30655 0.00000 0.00000 1.00000
0.93999 0.29828 0.70279 0.61053 0.66667 0.74227 0.69685 0.48485 0.58101 0.82407 0.65497 0.77500 0.75000 1.00000 0.00000 0.00000
0.90964 0.61897 0.67802 0.68421 0.54321 0.41753 0.09449 0.87879 0.24581 0.52778 0.47368 0.45500 0.34524 0.00000 0.00000 1.00000
0.87997 0.29828 0.63158 0.43509 0.56790 0.70103 0.64370 0.25758 0.81285 0.66667 0.65497 0.72750 0.68452 1.00000 0.00000 0.00000
0.86581 0.51034 0.80805 0.84211 0.62346 0.59794 0.11811 0.80303 0.22626 0.45556 0.52047 0.53750 0.35119 0.00000 0.00000 1.00000
0.93257 0.28448 0.80495 0.60351 0.58025 0.63144 0.58858 0.33333 0.63966 0.51852 0.72515 0.84250 0.75298 1.00000 0.00000 0.00000
0.87188 0.48448 0.83591 0.73684 0.59259 0.39691 0.09843 0.80303 0.20950 0.42593 0.45029 0.57750 0.35714 0.00000 0.00000 1.00000
0.93189 0.30172 0.74923 0.49123 0.68519 1.00000 0.73622 0.48485 0.52235 0.65278 0.59064 0.81500 0.70833 1.00000 0.00000 0.00000
0.90088 0.44138 0.72755 0.70175 0.54938 0.36082 0.09843 0.56061 0.17877 0.51852 0.40936 0.61750 0.46429 0.00000 0.00000 1.00000
0.92852 0.32759 0.82972 0.60000 0.70988 0.77320 0.54921 0.59091 0.46927 0.58333 0.66082 0.73250 0.81845 1.00000 0.00000 0.00000
0.91167 0.54655 0.84211 0.82456 0.59877 0.39948 0.10236 0.75758 0.15363 0.40278 0.52047 0.51500 0.30952 0.00000 0.00000 1.00000
0.92650 0.28793 0.69659 0.57544 0.72840 0.67010 0.57087 0.31818 0.45251 0.54167 0.53801 0.80000 0.63095 1.00000 0.00000 0.00000
0.91841 0.85345 0.72755 0.70175 0.56790 0.51546 0.15748 0.71212 0.28492 0.40741 0.53216 0.51250 0.32738 0.00000 0.00000 1.00000
0.91436 0.29828 0.76161 0.71930 0.71605 0.76289 0.54724 0.30303 0.68436 0.57870 0.57310 0.75750 0.66667 1.00000 0.00000 0.00000
0.82603 0.66897 0.68111 0.64912 0.69136 0.35567 0.15354 0.43939 0.31844 0.76019 0.38012 0.50000 0.50893 0.00000 0.00000 1.00000
0.95887 0.29310 0.71207 0.57193 0.72840 0.82474 0.59055 0.39394 0.56704 0.59074 0.54971 0.82750 0.57738 1.00000 0.00000 0.00000
0.88739 0.61552 0.66563 0.73684 0.62963 0.38660 0.10827 0.65152 0.36313 0.37037 0.35088 0.42000 0.49405 0.00000 0.00000 1.00000
0.89616 0.33966 0.82972 0.58947 0.62963 0.77320 0.63583 0.46970 0.46369 0.55556 0.62573 0.71000 0.75595 1.00000 0.00000 0.00000
0.93594 0.86897 0.69040 0.70175 0.49383 0.25258 0.06693 0.60606 0.18994 0.45370 0.33918 0.33250 0.24702 0.00000 0.00000 1.00000
0.92515 0.24655 0.77399 0.58596 0.66667 0.87629 0.72244 0.28788 0.56983 0.62963 0.52047 0.71750 0.76488 1.00000 0.00000 0.00000
0.86784 0.79483 0.76780 0.75439 0.53086 0.43814 0.12795 0.71212 0.24022 0.70833 0.31579 0.46500 0.37202 0.00000 0.00000 1.00000
0.83412 0.16207 0.42105 0.37193 0.54321 0.51031 0.11220 0.42424 0.11732 0.18056 0.61404 0.45500 0.30952 0.00000 1.00000 0.00000
0.89818 0.55862 0.73684 0.75439 0.56790 0.49742 0.14961 0.68182 0.34916 0.77963 0.32164 0.40500 0.38690 0.00000 0.00000 1.00000
0.83142 0.18966 0.70588 0.56140 0.62346 0.52835 0.21457 0.95455 0.11453 0.30278 0.73099 0.41750 0.40476 0.00000 1.00000 0.00000
0.88200 0.67241 0.73065 0.75439 0.69753 0.36340 0.27362 0.51515 0.31844 0.87037 0.33333 0.33250 0.32738 0.00000 0.00000 1.00000
0.85233 0.23448 0.62539 0.58947 0.61728 0.52062 0.27756 0.80303 0.17318 0.53241 0.57310 0.39750 0.26786 0.00000 1.00000 0.00000
0.91032 0.53793 0.81115 0.84211 0.75926 0.36082 0.30906 0.33333 0.34916 0.79630 0.34503 0.32500 0.29762 0.00000 0.00000 1.00000
0.92178 0.21552 0.59443 0.63158 0.58025 0.54124 0.35236 0.48485 0.20391 0.35185 0.71930 0.61500 0.37500 0.00000 1.00000 0.00000
0.86244 0.46034 0.76780 0.77193 0.69136 0.38144 0.26772 0.36364 0.35196 1.00000 0.28070 0.36750 0.28571 0.00000 0.00000 1.00000
0.83412 0.19483 0.66873 0.66667 0.53704 0.90206 0.61024 0.28788 0.52235 0.41204 0.71345 0.71750 0.25000 0.00000 1.00000 0.00000
0.88402 0.32759 0.85139 0.89474 0.71605 0.56701 0.25197 0.39394 0.43575 0.65741 0.35673 0.33250 0.25298 0.00000 0.00000 1.00000
0.82063 0.25000 0.78328 0.66667 0.64198 0.48711 0.34449 0.68182 0.28771 0.27315 0.84795 0.55750 0.21131 0.00000 1.00000 0.00000
0.89211 0.56897 0.70588 0.64912 0.60494 0.46392 0.16339 0.92424 0.52235 0.97407 0.32749 0.37750 0.40179 0.00000 0.00000 1.00000
0.83412 0.20862 0.79257 0.63509 0.60494 0.62371 0.52165 0.56061 0.58101 0.42593 0.69591 0.57500 0.40357 0.00000 1.00000 0.00000
0.84828 0.22241 0.65015 0.70175 0.63580 0.38144 0.11417 0.80303 0.39106 0.70370 0.33918 0.38750 0.38095 0.00000 0.00000 1.00000
0.88402 0.17414 0.52632 0.52632 0.48148 0.76804 0.62598 0.39394 0.63687 0.49074 0.65497 0.79500 0.29881 0.00000 1.00000 0.00000
0.88806 0.89483 0.71827 0.77193 0.57407 0.44845 0.12402 0.92424 0.43296 0.73148 0.35088 0.37000 0.43155 0.00000 0.00000 1.00000
0.83412 0.20172 0.59443 0.68772 0.48148 0.54381 0.39370 0.40909 0.29050 0.43333 0.65497 0.87000 0.30357 0.00000 1.00000 0.00000
0.93324 0.71034 0.73684 0.68421 0.54938 0.46392 0.16339 0.72727 0.43575 0.83426 0.33333 0.41000 0.28571 0.00000 0.00000 1.00000
0.89953 0.16207 0.73065 0.59649 0.67901 0.65206 0.25591 0.83333 0.11732 0.29352 0.59649 0.48250 0.44643 0.00000 1.00000 0.00000
0.83951 0.52241 0.81734 0.94737 0.59877 0.48969 0.11417 0.95455 0.31844 0.69444 0.39181 0.43250 0.52381 0.00000 0.00000 1.00000
