3.00 50000.00 4.00 100.00 0.05 0.50 0.00 0.01 41.33 16.60 90.00 45.31 25.16 89.74 30.44 66.29 53.83 8.43 4.22e-03 2.95e-02 iris_1 
3.00 50000.00 4.00 100.00 0.05 0.50 0.00 0.01 49.50 15.92 72.22 47.95 11.63 64.34 28.22 70.94 57.20 8.57 1.38e-03 8.74e-04 iris_2 
4.00 50000.00 4.00 100.00 0.05 0.50 0.00 0.01 69.61 9.16 85.31 64.36 14.65 95.41 29.78 51.07 93.35 9.72 3.71e-05 1.11e-04 Ionosphere_0 
4.00 50000.00 4.00 100.00 0.05 0.50 0.00 0.01 51.50 7.67 76.73 21.89 22.94 93.58 30.44 63.83 96.39 12.16 1.41e-05 3.43e-05 Ionosphere_1 
5.00 50000.00 4.00 100.00 0.05 0.50 0.00 0.01 67.84 14.75 95.50 79.83 15.89 99.52 24.00 26.40 183.33 9.14 7.52e-05 3.68e-04 Cancer_0 
5.00 50000.00 4.00 100.00 0.05 0.50 0.00 0.01 61.30 4.64 93.05 77.84 3.04 95.71 17.33 35.57 181.00 9.10 3.33e-05 1.34e-04 Cancer_1 
6.00 50000.00 4.00 100.00 0.05 0.50 0.00 0.01 76.00 4.04 79.71 76.24 3.91 79.69 5.78 12.03 2442.12 39.12 5.64e-05 3.79e-04 bank-additional_0 
6.00 50000.00 4.00 100.00 0.05 0.50 0.00 0.01 77.16 3.83 79.84 76.09 3.69 80.23 10.89 8.24 2668.75 24.53 5.85e-05 3.87e-04 bank-additional_1 
3.00 50000.00 4.00 100.00 0.05 0.50 0.00 0.01 23.83 12.19 60.00 65.82 36.26 100.00 30.22 77.07 61.59 8.17 1.77e-05 6.26e-05 iris_3 
3.00 50000.00 4.00 100.00 0.05 0.50 0.00 0.01 39.49 6.92 60.00 35.69 9.32 59.85 35.33 66.01 61.09 8.34 1.74e-05 4.97e-05 iris_4 
4.00 50000.00 4.00 100.00 0.05 0.50 0.00 0.01 72.22 8.58 85.71 63.76 13.14 93.58 23.78 43.92 93.40 9.44 3.82e-03 2.66e-02 Ionosphere_2 
4.00 50000.00 4.00 100.00 0.05 0.50 0.00 0.01 66.14 9.96 84.49 62.14 18.88 95.41 25.11 64.13 90.73 9.43 5.52e-05 1.74e-04 Ionosphere_3 
5.00 50000.00 4.00 100.00 0.05 0.50 0.00 0.01 63.01 8.57 96.52 79.30 5.38 99.52 16.89 41.66 177.90 9.21 4.22e-05 2.18e-04 Cancer_2 
5.00 50000.00 4.00 100.00 0.05 0.50 0.00 0.01 89.55 6.59 95.91 97.11 3.30 99.52 21.11 41.40 155.63 9.31 9.79e-05 6.09e-04 Cancer_3 
6.00 50000.00 4.00 100.00 0.05 0.50 0.00 0.01 76.65 3.48 79.48 76.30 3.19 79.07 6.89 12.48 2375.36 34.48 6.65e-05 4.43e-04 bank-additional_2 
6.00 50000.00 4.00 100.00 0.05 0.50 0.00 0.01 72.20 7.59 79.38 72.28 7.16 79.22 7.11 10.03 2639.58 33.30 8.08e-05 5.35e-04 bank-additional_3 
7.00 50000.00 4.00 100.00 0.05 0.50 0.00 0.01 64.47 11.99 80.60 60.78 11.42 76.73 7.33 8.23 9019.81 41.68 3.19e-05 2.16e-04 PenDigit_1 
7.00 50000.00 4.00 100.00 0.05 0.50 0.00 0.01 25.64 21.00 67.89 24.49 19.26 64.47 10.00 10.30 9332.76 41.46 3.64e-05 2.47e-04 PenDigit_2 
8.00 50000.00 4.00 100.00 0.05 0.50 0.00 0.01 58.88 8.28 77.25 67.56 10.02 84.17 7.11 8.86 25019.45 123.12 3.98e-03 2.78e-02 chess_0 
8.00 50000.00 4.00 100.00 0.05 0.50 0.00 0.01 58.08 8.11 77.40 58.11 7.90 76.72 8.22 6.06 25829.11 172.84 4.94e-05 3.32e-04 chess_1 
3.00 50000.00 4.00 100.00 0.05 0.25 0.00 0.01 31.47 13.33 75.56 35.08 15.86 75.59 24.44 85.58 57.96 8.49 4.26e-05 2.39e-04 iris_5 
3.00 50000.00 4.00 100.00 0.05 0.25 0.00 0.01 53.85 13.92 85.56 53.76 14.06 86.67 29.78 80.83 56.89 8.49 2.77e-04 2.69e-04 iris_6 
4.00 50000.00 4.00 100.00 0.05 0.25 0.00 0.01 56.76 12.95 85.71 33.32 29.54 96.33 24.00 71.06 98.36 9.70 3.74e-03 2.59e-02 Ionosphere_4 
4.00 50000.00 4.00 100.00 0.05 0.25 0.00 0.01 74.83 8.35 87.76 79.80 11.35 96.33 22.22 67.86 88.38 9.86 7.19e-05 2.58e-04 Ionosphere_5 
5.00 50000.00 4.00 100.00 0.05 0.25 0.00 0.01 94.69 2.43 97.34 98.64 0.52 99.52 18.89 32.04 155.42 9.98 1.90e-04 1.11e-03 Cancer_4 
5.00 50000.00 4.00 100.00 0.05 0.25 0.00 0.01 77.44 21.44 96.73 80.51 28.97 100.00 12.00 67.37 158.24 9.70 1.69e-04 1.05e-03 Cancer_5 
6.00 50000.00 4.00 100.00 0.05 0.25 0.00 0.01 77.40 2.39 79.27 77.72 2.33 79.54 9.11 20.94 2342.03 48.48 3.69e-05 2.05e-04 bank-additional_4 
6.00 50000.00 4.00 100.00 0.05 0.25 0.00 0.01 76.65 4.09 80.04 76.52 3.13 79.38 9.56 16.52 2248.10 43.65 5.48e-05 3.12e-04 bank-additional_5 
7.00 50000.00 4.00 100.00 0.05 0.25 0.00 0.01 78.38 13.10 91.14 73.97 11.56 84.88 8.89 10.19 8562.77 54.34 4.03e-05 2.75e-04 PenDigit_3 
7.00 50000.00 4.00 100.00 0.05 0.25 0.00 0.01 41.57 27.54 84.28 40.85 27.30 82.93 6.67 8.42 9295.53 54.84 3.93e-05 2.46e-04 PenDigit_4 
8.00 50000.00 4.00 100.00 0.05 0.25 0.00 0.01 18.94 18.20 43.21 19.14 18.23 43.45 6.89 9.61 23261.20 239.20 2.14e-05 1.46e-04 chess_2 
