14.3374232887 1 0 1.21563883525 1.22920661612 -0.0145085591492 -0.0361009982919
14.3374232887 2 1 1.30809445802 1.22920661612 6.5798108091 6.59655289532
14.3374232887 3 2 1.27801930085 1.22920661612 -0.0266721650155 -0.0316907197047
14.3374232887 4 3 1.35400640077 1.22920661612 -0.0124904277432 -0.0307864073347
14.3374232887 5 4 1.31233464567 1.22920661612 0.00404080314107 -0.012440363105
14.3374232887 6 5 1.21563883525 1.22920661612 -0.00336698563927 0.0398080055863
14.3374232887 7 6 1.17378779078 1.22920661612 -0.0140115903751 -0.0243603473088
14.3374232887 8 7 1.30809445802 1.22920661612 0.00278658462569 -0.0157911821891
14.3374232887 9 8 1.29529061518 1.22920661612 0.00449867726335 -0.00125960235925
14.3374232887 10 9 1.18790197875 1.22920661612 0.00273522649212 0.0309798908069
14.3374232887 11 10 1.18321595662 1.22920661612 0.0145174325868 0.0215816339741
14.3374232887 12 11 1.25609624543 1.22920661612 0.0249752815778 0.00773320985436
14.3374232887 13 12 1.18790197875 1.22920661612 -0.00524581437972 -0.0152746520536
14.3374232887 14 13 1.18790197875 1.22920661612 0.0141543658156 0.0387672397629
14.3374232887 15 14 1.17851130198 1.22920661612 0.0188163889967 0.0198997291197
14.3374232887 16 15 1.24721912892 1.22920661612 -0.0160710578649 -0.0490685636717
14.3374232887 17 16 1.25609624543 1.22920661612 0.00411727013377 -0.00168969005995
14.3374232887 18 17 1.15470053838 1.22920661612 -0.0286545927891 0.00401095342735
14.3374232887 19 18 1.1401754251 1.22920661612 -0.00433216760516 -0.0064858432173
14.3374232887 20 19 1.33333333333 1.22920661612 0.0306957713905 -0.0125648399171
14.3374232887 21 20 1.38242942356 1.22920661612 -0.0109781310843 -0.0163504074307
14.3374232887 22 21 1.20646407139 1.22920661612 0.00575905355851 0.0483237745666
14.3374232887 23 22 1.14987922071 1.22920661612 -0.0262711635478 -0.0341763190389
14.3374232887 24 23 1.38644228954 1.22920661612 19.3992467834 19.3517550337
14.3374232887 25 24 1.39443337756 1.22920661612 -0.025201240768 -0.0095566587015
14.3374232887 26 25 1.03816076683 1.22920661612 0.0377481014701 0.0743021058813
14.3374232887 27 26 1.12546286774 1.22920661612 -0.0318089007091 -0.0129146090756
14.3374232887 28 27 1.40633487398 1.22920661612 -0.00768961839411 -0.0665019058246
14.3374232887 29 28 1.40633487398 1.22920661612 -0.0189404682523 -0.00840818809621
14.3374232887 30 29 1.39443337756 1.22920661612 0.0153127204584 0.0236616844048
14.3374232887 31 30 1.40633487398 1.22920661612 -0.000657798372006 0.0163532367325
14.3374232887 32 31 1.39443337756 1.22920661612 -0.00124737011454 -0.0098274649216
14.3374232887 33 32 1.37032031941 1.22920661612 0.0170832460514 0.00438704630418
14.3374232887 34 33 1.36218778278 1.22920661612 0.0446482285008 0.056703136361
14.3374232887 35 34 1.36218778278 1.22920661612 0.012149167063 0.0246145964211
14.3374232887 36 35 1.34577528255 1.22920661612 0.0267669165332 0.0129775847787
14.3374232887 37 36 1.33333333333 1.22920661612 0.0223670357526 0.0245170786811
14.3374232887 38 37 1.26051136008 1.22920661612 6.57980706843 6.55715422418
14.3374232887 39 38 1.30384048104 1.22920661612 -0.000892127479204 -0.00977189424628
14.3374232887 40 39 1.32077418374 1.22920661612 -0.0217299658358 -0.0306274266019
14.3374232887 41 40 1.26929551764 1.22920661612 0.0279682923812 0.026315057121
14.3374232887 42 41 1.29957257931 1.22920661612 0.0150428017758 0.0263292437353
14.3374232887 43 42 1.23378370155 1.22920661612 -0.00520402893097 -0.0155092737264
14.3374232887 44 43 1.25609624543 1.22920661612 0.0067590938387 0.0110463589285
14.3374232887 45 44 1.25609624543 1.22920661612 [4.3934155] [4.4011335]
