20.0 1 0 1.21563883525 1.22920661612 -0.0104007676916 -0.0319932068343
20.0 2 1 1.30809445802 1.22920661612 -0.00303105580445 0.0137110304172
20.0 3 2 1.27801930085 1.22920661612 -0.0191205059927 -0.024139060682
20.0 4 3 1.35400640077 1.22920661612 -0.00895402748057 -0.0272500070721
20.0 5 4 1.31233464567 1.22920661612 0.002896735253 -0.0135844309931
20.0 6 5 1.29099444874 1.22920661612 -0.0019588275727 0.00646943680563
20.0 7 6 1.22020034785 1.22920661612 -0.0104305502481 -0.0208944357093
20.0 8 7 1.21563883525 1.22920661612 0.00224762077142 0.0162039188644
20.0 9 8 1.21106014164 1.22920661612 0.00293332735989 -0.00285963078969
20.0 10 9 1.24721912892 1.22920661612 8.48696206823e-05 0.00476504062945
20.0 11 10 1.22020034785 1.22920661612 0.00868206667704 0.0150023152101
20.0 12 11 1.18790197875 1.22920661612 0.0189140069226 0.0378005195238
20.0 13 12 1.08012344973 1.22920661612 -0.00444475573989 -0.0143035739342
20.0 14 13 1.11554670205 1.22920661612 0.0128239079127 0.0100377534752
20.0 15 14 1.06458129484 1.22920661612 0.0138833357925 0.0148509060667
20.0 16 15 1.16428327977 1.22920661612 -0.0110689380353 -0.0193162555823
20.0 17 16 1.18321595662 1.22920661612 0.00211089983455 -0.00420565761686
20.0 18 17 1.16428327977 1.22920661612 -0.0212706311495 -0.0274540738234
20.0 19 18 1.16428327977 1.22920661612 -0.00441528822705 -0.00684670228272
20.0 20 19 1.22474487139 1.22920661612 0.02529657566 0.0135448234107
20.0 21 20 1.25609624543 1.22920661612 -0.00866021557675 -0.0131028419187
20.0 22 21 1.32077418374 1.22920661612 0.00110489771617 -0.00500509965924
20.0 23 22 1.26929551764 1.22920661612 -0.0197541947083 -0.0276819371092
20.0 24 23 1.33333333333 1.22920661612 -0.00654892130922 -0.0193293066014
20.0 25 24 1.37840487521 1.22920661612 -0.017403609518 -0.00186576194068
20.0 26 25 1.35400640077 1.22920661612 0.0307415700425 0.0362998526473
20.0 27 26 1.37032031941 1.22920661612 -0.0231972639946 -0.00492392366967
20.0 28 27 1.38644228954 1.22920661612 -0.00332537301855 -0.00568138241172
20.0 29 28 1.38242942356 1.22920661612 -0.00975717541067 0.00164030992178
20.0 30 29 1.38644228954 1.22920661612 0.0134652775883 0.0215620440148
20.0 31 30 1.4023789312 1.22920661612 0.000814048471685 0.0177736165799
20.0 32 31 1.38242942356 1.22920661612 -6.15997692766e-06 -0.00901973377598
20.0 33 32 1.37840487521 1.22920661612 0.0129248637593 -0.00129350346189
20.0 34 33 1.37032031941 1.22920661612 0.029414813681 0.0409293357264
20.0 35 34 1.36218778278 1.22920661612 0.00756986967777 0.0184489186665
20.0 36 35 1.38242942356 1.22920661612 0.0201179797945 -0.0158871389146
20.0 37 36 1.36218778278 1.22920661612 0.0194886566843 0.0216525641166
20.0 38 37 1.32916013583 1.22920661612 0.0210965729607 0.0505259639317
20.0 39 38 1.3416407865 1.22920661612 -0.00489209103201 -0.0128962393345
20.0 40 39 1.36218778278 1.22920661612 -0.0174279814923 -0.0476807937853
20.0 41 40 1.36218778278 1.22920661612 0.0203396280764 0.0185630709393
20.0 42 41 1.3416407865 1.22920661612 0.0103856367032 0.0538323952051
20.0 43 42 1.36218778278 1.22920661612 -0.00198913809396 -0.0115889676582
20.0 44 43 1.36218778278 1.22920661612 [3.1633947] [3.1666439]
20.0 x 44 1.3581032525 1.22920661612 [-1.789367] [-3.1827753]
