1.39495079396 1 0 1.21563883525 1.22920661612 -0.149120208922 -0.170712648065
1.39495079396 2 1 1.30809445802 1.22920661612 -0.0434575300801 -0.0267154438585
1.39495079396 3 2 1.27801930085 1.22920661612 -0.274138787913 -0.279157342602
1.39495079396 4 3 1.35400640077 1.22920661612 -0.128377682128 -0.14667366172
1.39495079396 5 4 1.31233464567 1.22920661612 0.0415317194776 0.0250505532316
1.39495079396 6 5 1.29099444874 1.22920661612 -0.0280845400594 -0.0196562756811
1.39495079396 7 6 1.22020034785 1.22920661612 -0.149547214041 -0.160011099502
1.39495079396 8 7 1.21563883525 1.22920661612 0.0322250903924 0.0461813884853
1.39495079396 9 8 1.21106014164 1.22920661612 0.0420563560032 0.0362633978536
1.39495079396 10 9 1.24721912892 1.22920661612 0.00121681167609 0.00589698268486
1.39495079396 11 10 1.22020034785 1.22920661612 0.12447846497 0.130798713503
1.39495079396 12 11 1.18790197875 1.22920661612 0.271178123335 0.290064635937
1.39495079396 13 12 1.08012344973 1.22920661612 -0.0637263444579 -0.0735851626522
1.39495079396 14 13 1.11554670205 1.22920661612 0.18386179596 0.181075641522
1.39495079396 15 14 1.06458129484 1.22920661612 0.199051261917 0.200018832191
1.39495079396 16 15 1.16428327977 1.22920661612 -0.158700049969 -0.166947367516
1.39495079396 17 16 1.18321595662 1.22920661612 0.0302648644481 0.0239483069967
1.39495079396 18 17 1.16428327977 1.22920661612 -0.304966042409 -0.311149485083
1.39495079396 19 18 1.16428327977 1.22920661612 -0.0633038562529 -0.0657352703086
1.39495079396 20 19 1.22474487139 1.22920661612 0.362687712992 0.350935960743
1.39495079396 21 20 1.25609624543 1.22920661612 -0.124165176496 -0.128607802838
1.39495079396 22 21 1.32077418374 1.22920661612 0.0158413862474 0.00973138887203
1.39495079396 23 22 1.26929551764 1.22920661612 -0.283224251262 -0.291151993662
1.39495079396 24 23 1.33333333333 1.22920661612 -0.0938946568948 -0.106675042187
1.39495079396 25 24 1.37840487521 1.22920661612 -0.249522916411 -0.233985068834
1.39495079396 x 25 1.32497379429 1.22920661612 -51.3817904885 -19.8675660664
1.39495079396 x 26 1.37032031941 1.22920661612 -51.3817904885 -20.593220792
1.39495079396 x 27 1.38644228954 1.22920661612 -51.3817904885 -20.3578886114
1.39495079396 x 28 1.37436854187 1.22920661612 -51.3817904885 -20.4452076552
1.39495079396 x 29 1.37032031941 1.22920661612 -51.3817904885 -20.1313148335
1.39495079396 x 30 1.36218778278 1.22920661612 -51.3817904885 -20.2599470394
1.39495079396 x 31 1.36218778278 1.22920661612 -51.3817904885 -20.3253084332
1.39495079396 x 32 1.37436854187 1.22920661612 -51.3817904885 -20.1201666412
1.39495079396 x 33 1.3581032525 1.22920661612 -51.3817904885 -19.890128209
1.39495079396 x 34 1.37436854187 1.22920661612 -51.3817904885 -20.1749499277
1.39495079396 x 35 1.37032031941 1.22920661612 -51.3817904885 -20.0606787281
1.39495079396 x 36 1.3416407865 1.22920661612 -51.3817904885 -19.9968952678
1.39495079396 x 37 1.34989711542 1.22920661612 -51.3817904885 -20.0348865912
1.39495079396 x 38 1.37436854187 1.22920661612 -51.3817904885 -20.364838734
1.39495079396 x 39 1.36626010213 1.22920661612 -51.3817904885 -20.5679849601
1.39495079396 x 40 1.29957257931 1.22920661612 -51.3817904885 -20.028162835
1.39495079396 26 41 1.29957257931 1.22920661612 [25.870258] [25.871628]
1.39495079396 27 42 1.29957257931 1.22920661612 [0.02869034] [0.01860189]
