10.278085328 1 0 1.21563883525 1.22920661612 -0.0202387261045 -0.0418311652471
10.278085328 2 1 1.30809445802 1.22920661612 -0.00589809426116 0.0108439919605
10.278085328 3 2 1.27801930085 1.22920661612 -0.0372063577651 -0.0422249124543
10.278085328 4 3 1.35400640077 1.22920661612 -0.0174235320973 -0.0357195116888
10.278085328 5 4 1.31233464567 1.22920661612 0.00563672154988 -0.0108444446962
10.278085328 6 5 1.29099444874 1.22920661612 -0.00381165851456 0.00461660586377
10.278085328 7 6 1.22020034785 1.22920661612 -0.0202966796153 -0.0307605650765
10.278085328 8 7 1.30809445802 1.22920661612 0.00388714843606 0.0201712369961
10.278085328 9 8 1.29529061518 1.22920661612 0.00627543342029 0.000517153797691
10.278085328 10 9 1.29099444874 1.22920661612 0.000816933084975 -0.00588096692137
10.278085328 11 10 1.23378370155 1.22920661612 0.0195993955705 0.0260727832916
10.278085328 12 11 1.25609624543 1.22920661612 0.0348392888664 0.0531305951303
10.278085328 13 12 1.18790197875 1.22920661612 -0.00731765293397 -0.0173464906078
10.278085328 14 13 1.25166555703 1.22920661612 0.0215575997092 0.0108178501675
10.278085328 15 14 1.24721912892 1.22920661612 0.0298582210797 0.0313728818579
10.278085328 16 15 1.24721912892 1.22920661612 -0.0224183349285 -0.0204945379014
10.278085328 17 16 1.25609624543 1.22920661612 0.00574338924206 -6.35709516636e-05
10.278085328 18 17 1.19721899974 1.22920661612 -0.0379727573129 -0.0402129113994
10.278085328 19 18 1.19721899974 1.22920661612 -0.00849745782486 -0.0105484574148
10.278085328 20 19 1.33333333333 1.22920661612 0.0428190906725 0.0343615036456
10.278085328 21 20 1.38242942356 1.22920661612 -0.0153139526723 -0.0206862290186
10.278085328 22 21 1.26051136008 1.22920661612 0.00683757289046 0.0145720448864
10.278085328 23 22 1.22474487139 1.22920661612 -0.0370733809961 -0.0454040662523
10.278085328 24 23 1.24721912892 1.22920661612 9.24362890082 9.24091542042
10.278085328 25 24 1.3416407865 1.22920661612 -0.0318688342783 -0.0149852087498
10.278085328 26 25 1.28235893744 1.22920661612 0.056613233659 0.061283000951
10.278085328 27 26 1.30809445802 1.22920661612 -0.0441447016353 -0.0252838859882
10.278085328 28 27 1.34989711542 1.22920661612 -0.00772725050294 -0.0101649143496
10.278085328 29 28 1.39044357431 1.22920661612 -0.0183660314721 -0.00795973083286
10.278085328 30 29 1.33749350985 1.22920661612 26.8767753577 26.82649458
10.278085328 31 30 1.35400640077 1.22920661612 -0.0010457979471 0.0144388480357
10.278085328 32 31 1.33333333333 1.22920661612 -0.00145004629674 -0.0136037608724
10.278085328 33 32 1.33749350985 1.22920661612 0.0272610359383 0.0114833490092
10.278085328 34 33 1.32497379429 1.22920661612 0.059352485705 0.0708752735296
10.278085328 35 34 1.32077418374 1.22920661612 0.0170512581924 0.0281190448307
10.278085328 36 35 1.32497379429 1.22920661612 0.036325503224 0.0216875407232
10.278085328 37 36 1.31656117721 1.22920661612 0.0337593197153 0.034001758963
10.278085328 38 37 1.24721912892 1.22920661612 9.22678600284 9.24316098268
10.278085328 39 38 1.30809445802 1.22920661612 -0.00363189970989 -0.0133368011335
10.278085328 40 39 1.32497379429 1.22920661612 -0.0292991332419 -0.038464475016
10.278085328 41 40 1.24721912892 1.22920661612 0.0372565908165 0.0359120719872
10.278085328 42 41 1.24721912892 1.22920661612 [6.202141] [6.2132726]
