1.94588771758 1 0 1.21563883525 1.22920661612 -0.106899977811 -0.128492416954
1.94588771758 2 1 1.30809445802 1.22920661612 48.4804605516 48.4972026379
1.94588771758 x 2 1.27801930085 1.22920661612 -51.3180166797 -0.201540746797
1.94588771758 3 3 1.39443337756 1.22920661612 -0.108025552503 -0.126493580991
1.94588771758 4 4 1.34577528255 1.22920661612 0.0341878548026 0.0182038997652
1.94588771758 5 5 1.32497379429 1.22920661612 -0.0237922894183 -0.015562521035
1.94588771758 6 6 1.28235893744 1.22920661612 -0.100069015433 -0.110461973453
1.94588771758 7 7 1.22927259431 1.22920661612 0.0194241569065 0.0341312434147
1.94588771758 8 8 1.22474487139 1.22920661612 0.0244267355022 0.018360748813
1.94588771758 9 9 1.28235893744 1.22920661612 0.00230465015657 0.00697975671294
1.94588771758 10 10 1.24275679215 1.22920661612 0.0909245433566 0.0966645221276
1.94588771758 11 11 1.22020034785 1.22920661612 0.190941559458 0.209579538585
1.94588771758 12 12 1.1401754251 1.22920661612 -0.0392084751913 -0.0492371036627
1.94588771758 13 13 1.18321595662 1.22920661612 0.120331121959 0.117511908837
1.94588771758 14 14 1.16428327977 1.22920661612 0.165892096363 0.167030190205
1.94588771758 15 15 1.20646407139 1.22920661612 -0.110536723142 -0.118778996221
1.94588771758 16 16 1.22020034785 1.22920661612 0.0124363561482 0.00642495816319
1.94588771758 17 17 1.18321595662 1.22920661612 -0.198402511689 -0.204333657458
1.94588771758 18 18 1.18321595662 1.22920661612 -0.0302855791684 -0.0327649100778
1.94588771758 19 19 1.24275679215 1.22920661612 0.253488115086 0.24174124479
1.94588771758 20 20 1.29099444874 1.22920661612 -0.0832422305627 -0.0871808376055
1.94588771758 21 21 1.33749350985 1.22920661612 0.00541119731604 -0.000407994787068
1.94588771758 22 22 1.32077418374 1.22920661612 -0.194631261159 -0.202445722536
1.94588771758 23 23 1.36218778278 1.22920661612 -0.0953485575522 -0.108602008031
1.94588771758 x 24 1.37436854187 1.22920661612 -51.3817904885 -0.164379947543
1.94588771758 24 25 1.26051136008 1.22920661612 0.299890351249 0.318569586907
1.94588771758 x 26 1.29099444874 1.22920661612 -50.9865515797 -0.202398842564
1.94588771758 25 27 1.33333333333 1.22920661612 -0.0218073099492 -0.0243966905991
1.94588771758 26 28 1.35400640077 1.22920661612 -0.0891540523829 -0.0775534629283
1.94588771758 27 29 1.37436854187 1.22920661612 0.127635719693 0.13592932711
1.94588771758 28 30 1.37840487521 1.22920661612 0.00787638816679 0.0239538038155
1.94588771758 29 31 1.37032031941 1.22920661612 -0.0154868712452 -0.0249833907038
1.94588771758 30 32 1.37032031941 1.22920661612 0.148736716711 0.134832625195
1.94588771758 31 33 1.35400640077 1.22920661612 0.282044273775 0.294443107796
1.94588771758 32 34 1.32916013583 1.22920661612 0.0985030157995 0.110279370023
1.94588771758 33 35 1.3416407865 1.22920661612 0.189718359851 0.176048723293
1.94588771758 34 36 1.33333333333 1.22920661612 0.197027437185 0.197854456106
1.94588771758 35 37 1.32077418374 1.22920661612 0.204243649746 0.199729163572
1.94588771758 36 38 1.32916013583 1.22920661612 -0.0354996498515 -0.0429113730857
1.94588771758 37 39 1.32916013583 1.22920661612 -0.170147854022 -0.179229832171
1.94588771758 38 40 1.32077418374 1.22920661612 0.195286939201 0.193255871958
1.94588771758 39 41 1.32077418374 1.22920661612 [31.537577] [31.54968]
1.94588771758 40 42 1.32077418374 1.22920661612 [0.02046585] [0.00999023]
