5.28195190051 1 0 1.21563883525 1.22920661612 -0.0393822885461 -0.0609747276887
5.28195190051 2 1 1.30809445802 1.22920661612 -0.0114770291799 0.00526505704175
5.28195190051 3 2 1.27801930085 1.22920661612 -0.0723993945908 -0.0774179492801
5.28195190051 4 3 1.35400640077 1.22920661612 -0.0339042371049 -0.0522002166965
5.28195190051 5 4 1.31233464567 1.22920661612 0.0109684272313 -0.00551273901474
5.28195190051 6 5 1.29099444874 1.22920661612 -0.00741705948708 0.00101120489125
5.28195190051 7 6 1.22020034785 1.22920661612 -0.039495059571 -0.0499589450322
5.28195190051 8 7 1.21563883525 1.22920661612 0.00851056887209 0.022466866965
5.28195190051 9 8 1.21106014164 1.22920661612 0.011106982476 0.0053140243264
5.28195190051 10 9 1.24721912892 1.22920661612 0.000321357037251 0.00500152804602
5.28195190051 11 10 1.22020034785 1.22920661612 0.032874463231 0.039194711764
5.28195190051 12 11 1.18790197875 1.22920661612 0.0716174901963 0.0905040027975
5.28195190051 13 12 1.08012344973 1.22920661612 -0.0168299743111 -0.0266887925054
5.28195190051 14 13 1.23378370155 1.22920661612 0.0459767504883 0.0346820575006
5.28195190051 15 14 1.20646407139 1.22920661612 0.0548393908108 0.0563882564807
5.28195190051 16 15 1.18321595662 1.22920661612 -0.0450076627234 -0.0430245349793
5.28195190051 17 16 1.18790197875 1.22920661612 0.00796476543854 0.00182524400017
5.28195190051 18 17 1.17851130198 1.22920661612 -0.0761206764248 -0.0784842326508
5.28195190051 19 18 1.17851130198 1.22920661612 -0.011874269178 -0.0142313232687
5.28195190051 20 19 1.25609624543 1.22920661612 0.0939728654621 0.086817671286
5.28195190051 21 20 1.29957257931 1.22920661612 -0.0295734506316 -0.03441779944
5.28195190051 22 21 1.23827837473 1.22920661612 0.0106901295361 0.0172282249326
5.28195190051 23 22 1.19721899974 1.22920661612 -0.0712399768949 -0.0792068574453
5.28195190051 x 23 1.32077418374 1.22920661612 -6.96069825251 -11.9387565521
5.28195190051 x 24 1.30809445802 1.22920661612 -6.96069825251 -11.9358605401
5.28195190051 x 25 1.33749350985 1.22920661612 -6.96526963416 -11.8387678993
5.28195190051 x 26 1.38644228954 1.22920661612 -6.96526963416 -12.0129991651
5.28195190051 x 27 1.32916013583 1.22920661612 -6.96069825251 -11.9129312885
5.28195190051 x 28 1.30809445802 1.22920661612 -6.96069825251 -11.9357500666
5.28195190051 x 29 1.30809445802 1.22920661612 -6.96069825251 -11.8522768196
5.28195190051 x 30 1.26491106407 1.22920661612 -6.96069825251 -11.8805958105
5.28195190051 x 31 1.22020034785 1.22920661612 -6.96069825251 -11.9297659398
5.28195190051 x 32 1.27801930085 1.22920661612 -6.96069825251 -11.8728154693
5.28195190051 x 33 1.21563883525 1.22920661612 -6.96069825251 -11.8048856517
5.28195190051 x 34 1.25166555703 1.22920661612 -6.96069825251 -11.8553772302
5.28195190051 x 35 1.30809445802 1.22920661612 -6.96069825251 -11.8297450422
5.28195190051 x 36 1.21563883525 1.22920661612 -6.96069825251 -11.8265638206
5.28195190051 x 37 1.20185042515 1.22920661612 -6.96069825251 -11.836427877
5.28195190051 x 38 1.30809445802 1.22920661612 -6.96069825251 -11.9139748774
5.28195190051 x 39 1.25166555703 1.22920661612 -6.96069825251 -11.9667212126
5.28195190051 x 40 1.14503760249 1.22920661612 -6.96069825251 -11.8586824582
5.28195190051 24 41 1.14503760249 1.22920661612 [0.15827703] [0.19961542]
5.28195190051 x 42 1.21563883525 1.22920661612 [-6.802421] [-12.09046]
