7.36806299728 1 0 1.21563883525 1.22920661612 -0.0282320270482 -0.0498244661909
7.36806299728 2 1 1.30809445802 1.22920661612 12.8035730374 12.8203151236
7.36806299728 3 2 1.27801930085 1.22920661612 -0.0519010383049 -0.0569195929941
7.36806299728 4 3 1.35400640077 1.22920661612 -0.0243049699327 -0.0426009495243
7.36806299728 5 4 1.31233464567 1.22920661612 0.00786294920135 -0.0086182170447
7.36806299728 6 5 1.29099444874 1.22920661612 -0.0053170760712 0.00311118830713
7.36806299728 7 6 1.22020034785 1.22920661612 -0.0283128693442 -0.0387767548054
7.36806299728 8 7 1.21563883525 1.22920661612 0.00610098141736 0.0200572795103
7.36806299728 9 8 1.21106014164 1.22920661612 0.00796227546094 0.00216931731135
7.36806299728 10 9 1.24721912892 1.22920661612 0.000230371593496 0.00491054260227
7.36806299728 11 10 1.22020034785 1.22920661612 0.0235667547366 0.0298870032697
7.36806299728 12 11 1.18790197875 1.22920661612 0.0513405135911 0.0702270261923
7.36806299728 13 12 1.08012344973 1.22920661612 -0.0120649232818 -0.0219237414762
7.36806299728 14 13 1.11554670205 1.22920661612 0.0348094415517 0.0320232871143
7.36806299728 15 14 1.06458129484 1.22920661612 0.0376851712522 0.0386527415265
7.36806299728 16 15 1.16428327977 1.22920661612 -0.0300457204001 -0.038293037947
7.36806299728 17 16 1.18321595662 1.22920661612 0.00572986369778 -0.000586693753633
7.36806299728 18 17 1.16428327977 1.22920661612 -0.0577373759084 -0.0639208185823
7.36806299728 19 18 1.16428327977 1.22920661612 -0.0119849361458 -0.0144163502015
7.36806299728 20 19 1.25166555703 1.22920661612 0.0656668113694 0.0622639055257
7.36806299728 21 20 1.29529061518 1.22920661612 -0.0223004609353 -0.0268871446486
7.36806299728 22 21 1.22474487139 1.22920661612 0.00739727055992 0.0099477471341
7.36806299728 23 22 1.16904519445 1.22920661612 -0.0537782257831 -0.0620378106343
7.36806299728 x 23 1.22474487139 1.22920661612 -7.00631342297 -6.5954452085
7.36806299728 x 24 1.23378370155 1.22920661612 -7.00631342297 -6.58613502056
7.36806299728 24 25 1.1105554166 1.22920661612 0.0781983447865 0.0832353212851
7.36806299728 25 26 1.14987922071 1.22920661612 -0.0622770088133 -0.0436760951105
7.36806299728 26 27 1.22474487139 1.22920661612 -0.00291879812301 -0.00479559894686
7.36806299728 27 28 1.2736648783 1.22920661612 -0.018585806495 -0.00722371684543
7.36806299728 28 29 1.3416407865 1.22920661612 0.0418558023631 0.0498768321779
7.36806299728 29 30 1.34989711542 1.22920661612 0.00637693603663 0.0227494838719
7.36806299728 30 31 1.37032031941 1.22920661612 -0.000822980645252 -0.00966561089159
7.36806299728 31 32 1.38242942356 1.22920661612 0.0370516244234 0.0225308333096
7.36806299728 32 33 1.37436854187 1.22920661612 0.0699626382998 0.0816626611432
7.36806299728 33 34 1.36626010213 1.22920661612 0.0265804512108 0.0369653964772
7.36806299728 34 35 1.36218778278 1.22920661612 0.0544910925703 0.0412282014905
7.36806299728 35 36 1.35400640077 1.22920661612 0.0602614309724 0.0618027347999
7.36806299728 36 37 1.35400640077 1.22920661612 0.052836375828 0.0481356021849
7.36806299728 37 38 1.34577528255 1.22920661612 -0.00114746302013 -0.00802082715746
7.36806299728 38 39 1.34989711542 1.22920661612 -0.041013695191 -0.0493735940374
7.36806299728 39 40 1.34577528255 1.22920661612 0.0568149884155 0.0540159021007
7.36806299728 40 41 1.33749350985 1.22920661612 0.0275795174965 0.0390749252969
7.36806299728 41 42 1.35400640077 1.22920661612 -0.012594970713 -0.0231868904633
7.36806299728 42 43 1.35400640077 1.22920661612 [8.429484] [8.433222]
7.36806299728 x 44 1.33749350985 1.22920661612 [-4.8435936] [-8.472285]
