2.71441761659 1 0 1.21563883525 1.22920661612 -0.0766335115719 -0.0982259507145
2.71441761659 2 1 1.30809445802 1.22920661612 -0.0223330101154 -0.00559092389378
2.71441761659 3 2 1.27801930085 1.22920661612 -0.140881092694 -0.145899647384
2.71441761659 4 3 1.35400640077 1.22920661612 -0.0659738385563 -0.0842698181478
2.71441761659 5 4 1.31233464567 1.22920661612 0.0213433278305 0.00486216158448
2.71441761659 6 5 1.29099444874 1.22920661612 -0.0144327649564 -0.0060045005781
2.71441761659 7 6 1.22020034785 1.22920661612 -0.0768529513242 -0.0873168367854
2.71441761659 8 7 1.21563883525 1.22920661612 0.0165606114378 0.0305169095307
2.71441761659 9 8 1.21106014164 1.22920661612 0.0216129407793 0.0158199826298
2.71441761659 10 9 1.24721912892 1.22920661612 0.000625324711748 0.00530549572052
2.71441761659 11 10 1.22020034785 1.22920661612 0.063970014223 0.0702902627561
2.71441761659 12 11 1.18790197875 1.22920661612 0.139359594537 0.158246107138
2.71441761659 13 12 1.08012344973 1.22920661612 -0.032749240299 -0.0426080584934
2.71441761659 14 13 1.11554670205 1.22920661612 0.0944873613718 0.0917012069344
2.71441761659 15 14 1.06458129484 1.22920661612 0.102293292731 0.103260863006
2.71441761659 16 15 1.16428327977 1.22920661612 -0.0815566327573 -0.0898039503043
2.71441761659 17 16 1.18321595662 1.22920661612 0.0155532429619 0.00923668551053
2.71441761659 18 17 1.02740233383 1.22920661612 -0.149878713574 -0.14146859932
2.71441761659 x 18 1.0055402086 1.22920661612 -36.8089225076 -0.028284464996
2.71441761659 19 19 1.25166555703 1.22920661612 0.178247149607 0.157819272779
2.71441761659 20 20 1.29529061518 1.22920661612 -0.0605327640211 -0.0651194477343
2.71441761659 21 21 1.14503760249 1.22920661612 0.0194759679949 0.0388846976903
2.71441761659 22 22 1.06458129484 1.22920661612 -0.147014616408 -0.155253281735
2.71441761659 23 23 1.18321595662 1.22920661612 -0.043220059907 -0.0555367017962
2.71441761659 24 24 1.24275679215 1.22920661612 -0.120005476716 -0.103081242161
2.71441761659 25 25 0.948683298051 1.22920661612 0.196270284613 0.196756014007
2.71441761659 26 26 1.02198064778 1.22920661612 -0.160580835374 -0.141439419847
2.71441761659 27 27 1.3416407865 1.22920661612 -0.0248469134606 -0.0466140541675
2.71441761659 28 28 1.37032031941 1.22920661612 -0.0671671738308 -0.0567714337671
2.71441761659 29 29 1.38242942356 1.22920661612 0.103325755144 0.111620331116
2.71441761659 30 30 1.38644228954 1.22920661612 0.0138306050826 0.0305369975232
2.71441761659 31 31 1.37840487521 1.22920661612 0.00903030586771 0.00101754760443
2.71441761659 32 32 1.37436854187 1.22920661612 0.106029848567 0.0927632284815
2.71441761659 x 33 1.31233464567 1.22920661612 -6.89000966286 -29.2660636293
2.71441761659 x 34 1.32077418374 1.22920661612 -6.89000966286 -29.4444718305
2.71441761659 x 35 1.29099444874 1.22920661612 -4.99340531159 -31.7040784913
2.71441761659 x 36 1.22474487139 1.22920661612 -4.99340531159 -31.6708641934
2.71441761659 33 37 1.36626010213 1.22920661612 62.966445388 62.929387834
2.71441761659 34 38 1.36626010213 1.22920661612 -0.019849432888 -0.0286565721354
2.71441761659 x 39 1.29529061518 1.22920661612 -4.99340531159 -31.9219836356
2.71441761659 x 40 1.17851130198 1.22920661612 -4.99340531159 -31.6443435384
