1.0 1 0 1.21563883525 1.22920661612 -0.208015353832 -0.229607792975
1.0 x 1 1.30809445802 1.22920661612 -99.7984772314 -0.0438790298673
1.0 2 2 1.21106014164 1.22920661612 -0.397611881351 -0.402775929662
1.0 3 3 1.29529061518 1.22920661612 -0.135192982891 -0.153156022861
1.0 4 4 1.22020034785 1.22920661612 0.0699031201677 0.0532914927687
1.0 5 5 1.21106014164 1.22920661612 -0.0483579153041 -0.0401267787822
1.0 6 6 1.12546286774 1.22920661612 -0.223430677647 -0.233841171102
1.0 7 7 1.09544511501 1.22920661612 0.032778865919 0.046346040146
1.0 8 8 1.03279555899 1.22920661612 0.0712213814002 0.0654304307126
1.0 9 9 1.17851130198 1.22920661612 0.0155178162002 0.0202634715896
1.0 10 10 1.11554670205 1.22920661612 0.193929113342 0.200037030539
1.0 11 11 1.03816076683 1.22920661612 0.380452805014 0.398989963435
1.0 12 12 0.948683298051 1.22920661612 -0.083603906298 -0.0933019764923
1.0 13 13 0.948683298051 1.22920661612 0.264400157868 0.261314975888
1.0 14 14 0.948683298051 1.22920661612 0.261232664402 0.262872304584
1.0 15 15 1.04880884817 1.22920661612 -0.201873121885 -0.210114911221
1.0 16 16 1.06458129484 1.22920661612 0.0421165600815 0.0359677018236
1.0 17 17 1.02740233383 1.22920661612 -0.458374373502 -0.464274377551
1.0 18 18 1.01105005921 1.22920661612 -0.0554419210201 -0.0578574616485
1.0 19 19 1.14987922071 1.22920661612 0.516665264767 0.50514265948
1.0 20 20 1.18321595662 1.22920661612 -0.168325514889 -0.172888040416
1.0 21 21 1.12546286774 1.22920661612 0.0677907296159 0.078390566737
1.0 22 22 1.06458129484 1.22920661612 -0.388681644314 -0.39664968428
1.0 23 23 1.18321595662 1.22920661612 -0.0907383060429 -0.104177339953
1.0 24 24 1.25166555703 1.22920661612 -0.330815539533 -0.31476848634
1.0 25 25 1.22474487139 1.22920661612 0.59337112037 0.598228070085
1.0 26 26 1.22474487139 1.22920661612 -0.482625651607 -0.463711319502
1.0 27 27 1.28235893744 1.22920661612 -0.0517366667508 -0.0539659302645
1.0 28 28 1.3416407865 1.22920661612 -0.181241080966 -0.169765063551
1.0 29 29 1.37840487521 1.22920661612 0.300683026332 0.308804122345
1.0 30 30 1.39443337756 1.22920661612 0.0404650015411 0.0572430349809
1.0 31 31 1.39443337756 1.22920661612 -0.00568204294115 -0.0142525368958
1.0 32 32 1.39443337756 1.22920661612 0.262815046614 0.248988564886
1.0 x 33 1.37840487521 1.22920661612 -9.71620840634 -89.6424210036
1.0 x 34 1.38242942356 1.22920661612 -9.71620840634 -89.9499777824
1.0 33 35 1.37840487521 1.22920661612 0.423545167868 0.411278997527
1.0 34 36 1.37840487521 1.22920661612 0.411128285845 0.413512867982
1.0 x 37 1.36626010213 1.22920661612 -9.71620840634 -89.8008230508
1.0 x 38 1.38644228954 1.22920661612 -9.71620840634 -90.2125435074
1.0 35 39 1.38242942356 1.22920661612 -0.324288121949 -0.332766389645
1.0 36 40 1.37436854187 1.22920661612 0.393862095124 0.391227670078
1.0 x 41 1.37436854187 1.22920661612 -9.71620840634 [-26.11087]
1.0 x 42 1.33749350985 1.22920661612 -9.71620840634 -90.2302364035
1.0 x 43 1.24275679215 1.22920661612 -4.98992386157 -94.731259019
1.0 x 44 1.29957257931 1.22920661612 -4.98992386157 -95.0644047517
1.0 x 45 1.38644228954 1.22920661612 -37.0745444197 -63.7326212441
1.0 x 46 1.37840487521 1.22920661612 -37.0745444197 -63.3158484433
1.0 x 47 1.37840487521 1.22920661612 -9.71620840634 [-26.056383]
1.0 x 48 1.32497379429 1.22920661612 -9.71620840634 -90.1750523658
1.0 x 49 1.32497379429 1.22920661612 -4.98992386157 [-30.797798]
1.0 x 50 1.32497379429 1.22920661612 -4.98992386157 [-30.889996]
1.0 x 51 1.38242942356 1.22920661612 -37.0745444197 -63.5538670948
1.0 x 52 1.37840487521 1.22920661612 -37.0745444197 -63.4569223383
1.0 x 53 1.38644228954 1.22920661612 -9.71620840634 -89.7513944364
1.0 x 54 1.38644228954 1.22920661612 -9.71620840634 -89.7787915427
1.0 x 55 1.38644228954 1.22920661612 -4.98992386157 [-30.771294]
1.0 x 56 1.14503760249 1.22920661612 -4.98992386157 -94.5669831825
1.0 x 57 1.39443337756 1.22920661612 -37.0745444197 -63.9162761638
1.0 37 58 1.39443337756 1.22920661612 [1.3143272] [1.3683133]
