3.78647900941 1 0 1.21563883525 1.22920661612 -0.0549363546754 -0.0765287938181
3.78647900941 2 1 1.30809445802 1.22920661612 24.9143155146 24.9310576008
3.78647900941 3 2 1.27801930085 1.22920661612 -0.100993592967 -0.106012147656
3.78647900941 4 3 1.35400640077 1.22920661612 -0.0472947424682 -0.0655907220597
3.78647900941 5 4 1.31233464567 1.22920661612 0.0153004162748 -0.00118074997122
3.78647900941 6 5 1.21563883525 1.22920661612 -0.0127490204481 0.0304259707775
3.78647900941 7 6 1.17378779078 1.22920661612 -0.053054592844 -0.0634033497777
3.78647900941 8 7 1.30809445802 1.22920661612 0.0105513441931 -0.00802642262162
3.78647900941 9 8 1.29529061518 1.22920661612 0.0170341470278 0.0112758674052
3.78647900941 10 9 1.18790197875 1.22920661612 0.0103568776984 0.0386015420132
3.78647900941 11 10 1.18321595662 1.22920661612 0.0549699537607 0.0620341551479
3.78647900941 12 11 1.25609624543 1.22920661612 0.0945683794486 0.0773263077251
3.78647900941 13 12 1.18790197875 1.22920661612 -0.0198631660361 -0.02989200371
3.78647900941 14 13 1.18790197875 1.22920661612 0.0535952090523 0.0782080829996
3.78647900941 15 14 1.17851130198 1.22920661612 0.0712478619689 0.0723312020919
3.78647900941 16 15 1.24721912892 1.22920661612 -0.0608527232645 -0.0938502290713
3.78647900941 17 16 1.25609624543 1.22920661612 0.0155899569376 0.00978299674388
3.78647900941 18 17 1.15470053838 1.22920661612 -0.108500014119 -0.0758344679029
3.78647900941 19 18 1.1401754251 1.22920661612 -0.0164036617022 -0.0185573373144
3.78647900941 20 19 1.33333333333 1.22920661612 0.116228894048 0.0729682827403
3.78647900941 21 20 1.38242942356 1.22920661612 -0.0415684629134 -0.0469407392597
3.78647900941 22 21 1.20646407139 1.22920661612 0.0218065354134 0.0643712564215
3.78647900941 23 22 1.14987922071 1.22920661612 -0.0994752093267 -0.107380364818
3.78647900941 24 23 1.23827837473 1.22920661612 -0.0284348745618 -0.0402288678271
3.78647900941 25 24 1.32077418374 1.22920661612 -0.0767682202233 -0.0586182329239
3.78647900941 26 25 1.24721912892 1.22920661612 10.5168071396 10.4899366938
3.78647900941 27 26 1.29099444874 1.22920661612 -0.111699926593 -0.0933609366122
3.78647900941 28 27 1.3416407865 1.22920661612 -0.00591715796896 -0.00841235763312
3.78647900941 29 28 1.38242942356 1.22920661612 -0.0471384106836 -0.0360023901064
3.78647900941 30 29 1.37032031941 1.22920661612 0.0726796278365 0.0807123490189
3.78647900941 31 30 1.37840487521 1.22920661612 0.0057766494763 0.021813756908
3.78647900941 32 31 1.36626010213 1.22920661612 -0.00173663660922 -0.0105606912831
3.78647900941 33 32 1.3581032525 1.22920661612 0.0700189193595 0.0550216396842
3.78647900941 34 33 1.33333333333 1.22920661612 0.144811793124 0.156611298302
3.78647900941 35 34 1.32497379429 1.22920661612 0.0551916194691 0.066150971359
3.78647900941 36 35 1.33333333333 1.22920661612 0.104758530969 0.0907499082765
3.78647900941 37 36 1.32916013583 1.22920661612 0.107523733203 0.109025197299
3.78647900941 38 37 1.31656117721 1.22920661612 0.099240016054 0.0955822781444
3.78647900941 39 38 1.31233464567 1.22920661612 -0.016044637346 -0.0234996534082
3.78647900941 40 39 1.32916013583 1.22920661612 -0.0749757356236 -0.084074321909
3.78647900941 41 40 1.29529061518 1.22920661612 0.102803662298 0.10072112489
3.78647900941 42 41 1.29529061518 1.22920661612 [16.084358] [16.09616]
3.78647900941 43 42 1.29529061518 1.22920661612 [0.0106411] [0.00036294]
