-96.28760 -96.31950
-96.11330 -96.66060
-96.29810 -96.69430
-96.50290 -96.73580
-96.30810 -96.61770
-96.33710 -96.62590
-95.99940 -96.52990
-96.29180 -96.79910
-95.74460 -96.25870
-95.51350 -95.78520
-95.94880 -96.00020
-95.67560 -95.54020
-95.39130 -95.17670
-95.81280 -95.29220
-96.71350 -95.63530
-96.21480 -95.41910
-96.06270 -95.33630
-95.97100 -95.41560
-95.96410 -95.03090
-96.21170 -94.86960
-96.42710 -95.21270
-96.55730 -95.26440
-97.12770 -95.89850
-97.26370 -96.43160
-97.16260 -96.37860
-96.83050 -95.91810
-96.61070 -95.72550
-95.90730 -95.17230
-96.11810 -95.50560
-96.20000 -94.99300
-96.22080 -95.27870
-96.48910 -95.38410
-96.58370 -95.30610
-96.40220 -95.49710
-96.90090 -95.40570
-96.65170 -96.00300
-96.89290 -96.18150
-97.24150 -96.27400
-97.30450 -96.37840
-97.71010 -96.50850
-97.35390 -96.44290
-96.85590 -95.95570
-97.06890 -95.92070
-96.52780 -95.88190
-96.11240 -95.30310
-96.29950 -95.15290
-96.67490 -95.18600
-96.72720 -95.20430
-96.27390 -95.18790
-96.06250 -95.16920
-96.08840 -95.30950
-95.48010 -94.40430
-95.30230 -93.94770
-95.27660 -93.95980
-95.10720 -93.91670
-95.13300 -94.35040
-94.82660 -93.96690
-95.34250 -94.25160
-94.87670 -94.24970
-94.97650 -94.00210
-95.64800 -94.34200
-95.37660 -94.27390
-95.30080 -94.14480
-95.23040 -94.02660
-95.52850 -94.24890
-95.28130 -94.17480
-94.93080 -93.81370
-95.28840 -94.03440
-95.18330 -94.00900
-94.41410 -92.58340
-94.72320 -92.75120
-95.05630 -93.24660
-95.27410 -93.85500
-95.37500 -94.01210
-94.73080 -94.17270
-95.24180 -94.71280
-95.52360 -94.76530
-95.72700 -94.89880
-95.31670 -94.89150
-94.86190 -95.05410
-94.56690 -94.65920
-94.47050 -93.47540
-94.73130 -93.56710
-94.60300 -93.44160
-94.79810 -93.80720
-95.09890 -93.87880
-94.91840 -93.55490
-95.19880 -93.78080
-95.55000 -94.21740
-95.28000 -94.12560
-95.46430 -94.10830
-95.12970 -93.94780
-94.93590 -93.78950
-95.07170 -93.41310
-95.40930 -93.88330
-95.17970 -93.25980
-95.34910 -93.42800
-95.44080 -93.31170
-95.12950 -93.12940
-95.17150 -93.10380
-95.19160 -93.33470
-94.83220 -92.53980
-94.52200 -92.13050
-94.54910 -91.99210
-94.65190 -92.34180
-94.65460 -92.13490
-94.59080 -91.75960
-94.69780 -92.11010
-94.56010 -92.02870
-94.81230 -92.21230
-94.71920 -92.14470
-94.93710 -93.16670
-94.90910 -92.34410
-95.08200 -92.67200
-94.99720 -92.72250
-95.47070 -93.65140
-95.11180 -93.04490
-95.11340 -93.07610
-95.31490 -92.84430
-95.51550 -93.08380
-95.53940 -93.66640
-95.87860 -92.91630
-95.57380 -92.77560
-96.12810 -93.08470
-95.75910 -93.34430
-95.70350 -93.66590
-95.34750 -93.36000
-94.74510 -92.31440
-94.83650 -92.38950
-95.12630 -92.57470
-94.64810 -92.13840
-94.77500 -92.35220
-94.67020 -91.89680
-94.97840 -92.26630
-94.24110 -91.56820
-94.37680 -91.93220
-93.95420 -91.77860
-94.35540 -90.65180
-94.12200 -90.53180
-93.92100 -90.50020
-93.73160 -90.17710
-93.89750 -90.09690
-94.14530 -90.43690
-94.13690 -90.71160
-93.84260 -90.65870
-93.82840 -90.83190
-94.07730 -90.64850
-94.07500 -90.04310
-94.26470 -90.51860
-94.33470 -90.78730
-94.54340 -90.53810
-94.58780 -90.89200
-94.70370 -90.99010
-95.13340 -91.14060
-95.32200 -91.71990
-95.38780 -91.56740
-95.57500 -91.59980
-95.73860 -91.47630
-95.79250 -92.03990
-95.83700 -91.74450
-95.74400 -91.40740
-95.50160 -91.36710
-95.93130 -91.69520
-96.15900 -91.44720
-96.00550 -91.24140
-95.94580 -90.98130
-95.90400 -91.03650
-95.83120 -91.12420
-95.57150 -91.00410
-95.46690 -90.56910
-94.98360 -90.30020
-94.94080 -90.69710
-94.90270 -89.84060
-95.06500 -89.26550
-95.36150 -89.56740
-95.46340 -89.68500
-95.31540 -89.05410
-95.50480 -88.83570
-95.37210 -89.32590
-95.19770 -89.03870
-95.10190 -89.28050
-95.18750 -89.92530
-95.06920 -89.36590
-95.22920 -89.60670
-94.93950 -90.24690
-94.90500 -90.27470
-94.72400 -89.47950
-95.02420 -88.97680
-94.75340 -88.04310
-94.68620 -89.13160
-94.57030 -87.90450
-94.93530 -87.85910
-94.80780 -88.59700
-94.63760 -88.45950
-94.55950 -88.94070
-94.69890 -89.29750
-94.90980 -90.04990
-94.58330 -89.50000
-94.96140 -89.34370
-94.73270 -89.23830
-94.92000 -89.08240
-95.06360 -89.76440
-94.65100 -89.35690
-94.26330 -88.43550
-93.88170 -88.96380
-94.36160 -88.73020
-94.73030 -88.90540
-94.53850 -88.65240
-94.68360 -88.67710
-94.96810 -87.28770
-95.12600 -88.07140
-95.03550 -88.33040
-95.29540 -89.04560
-94.95450 -89.24430
-94.43050 -87.98630
-94.57880 -87.65790
-94.34620 -88.27580
-94.50670 -88.93210
-94.68070 -88.76850
-94.24790 -87.32320
-93.87490 -86.16940
-93.72710 -85.22760
-93.81780 -84.99750
-94.21650 -83.80590
-94.43190 -83.36970
-94.43110 -83.19620
-94.87050 -83.70090
-94.83920 -83.61990
-94.61520 -83.92030
-94.75270 -84.31060
-94.74640 -83.94120
-94.68150 -83.91840
-94.64790 -83.26920
-94.38890 -82.83300
-94.39940 -82.13280
-94.06990 -81.43110
-93.59370 -81.27560
-82.81310 -82.57150
-82.77360 -82.79470
-83.71990 -83.64760
-84.12740 -83.91260
-84.26010 -84.23820
-84.47420 -84.26330
-84.74160 -84.33920
-84.45820 -84.33180
-84.35860 -84.41190
-84.52760 -84.49290
-83.41240 -83.66120
-83.88330 -83.72400
-83.19760 -83.15190
-83.15650 -83.01600
-83.82550 -83.18670
-83.73300 -82.99330
-82.98690 -82.68380
-82.97970 -82.42110
-82.59840 -82.49420
-82.38120 -82.33760
-82.72840 -82.43890
-82.35970 -82.26230
-83.23050 -83.26230
-83.34300 -83.36010
-82.75290 -82.68410
-82.52400 -82.51190
-82.80910 -82.50370
-82.35360 -81.98320
-82.64300 -82.03320
-82.44230 -82.10300
-82.88710 -82.52520
-83.00310 -82.54180
-83.30180 -82.65640
-82.41400 -82.34400
-82.41120 -82.45380
-82.68950 -82.50910
-82.99700 -82.76430
-82.61030 -82.56560
-82.69450 -82.66010
-83.24430 -83.00070
-83.10730 -83.11830
-81.80420 -82.02600
-81.84740 -82.18600
-82.20550 -82.02420
-81.96290 -82.01860
-81.68520 -81.99350
-81.70850 -82.09120
-81.57540 -82.01310
-81.68770 -82.02210
-81.33960 -81.40840
-81.59230 -81.56640
-81.51700 -81.26000
-81.50160 -81.20360
-81.80170 -81.47680
-82.07120 -81.67590
-81.88950 -81.52140
-82.34180 -81.80840
-82.04290 -81.68630
-82.50840 -82.20820
-82.94610 -82.41470
-83.21640 -82.32390
-83.44690 -82.50780
-83.32670 -82.69480
-83.24580 -82.75040
-82.89250 -82.60530
-82.86910 -82.74550
-82.59340 -82.61250
-82.43590 -82.72380
-82.23750 -82.40870
-82.21880 -82.09070
-82.24340 -81.91570
-82.15660 -81.87790
-81.83970 -81.80680
-81.92880 -81.61700
-81.44920 -81.09220
-82.16610 -81.69310
-82.33890 -82.10560
-82.01660 -82.15400
-81.97550 -82.16780
-81.96960 -82.30360
-82.57310 -82.85960
-82.51830 -82.92650
-82.12870 -82.84040
-82.06740 -82.55900
-81.81440 -81.84160
-82.14820 -81.68660
-82.30360 -81.75120
-82.48400 -82.13730
-82.47730 -82.13380
-82.87880 -82.33990
-82.65010 -82.67680
-82.45450 -82.44160
-82.42470 -82.52840
-82.47720 -82.50100
-82.32440 -82.06640
-82.35910 -82.30340
-81.99310 -82.09710
-82.25830 -82.02790
-82.37170 -82.15520
-82.18720 -82.06210
-81.99130 -81.79940
-81.71570 -81.59260
-81.40630 -81.33080
-81.16660 -80.96570
-81.25200 -81.02710
-81.36520 -80.78850
-81.62800 -80.94360
-81.47640 -81.06090
-81.25550 -80.95280
-81.49430 -81.63770
-81.67850 -81.70620
-81.76180 -81.57200
-81.68460 -81.39110
-81.88060 -81.04490
-82.20100 -81.31020
-82.83750 -82.13290
-82.55890 -81.80720
-82.45150 -81.79800
-82.42230 -82.06740
-82.62050 -82.17480
-82.62620 -82.27420
-82.76310 -82.31220
-82.72920 -82.46360
-82.68470 -82.39470
-82.47410 -82.37450
-82.27360 -82.32040
-82.10980 -82.28980
-81.58120 -81.73510
-81.69850 -81.74800
-81.65100 -81.70550
-82.07850 -81.95170
-81.63080 -81.55460
-81.05370 -81.00280
-81.54560 -81.22710
-81.44250 -81.51580
-80.35310 -80.88020
-80.36230 -80.92760
-79.93480 -80.51800
-79.76320 -80.44280
-80.04810 -80.79380
-79.83580 -80.40230
-79.96280 -80.33580
-80.02110 -80.27110
-80.02130 -80.21720
-79.80210 -80.03850
-79.27290 -79.71700
-79.49820 -79.67300
-79.54970 -79.78810
-79.16700 -79.74340
-79.40980 -79.84470
-79.53190 -80.00120
-79.43230 -79.88130
-79.18370 -79.66190
-79.06700 -79.81180
-79.22700 -79.66300
-79.43810 -79.49960
-79.56940 -79.57340
-79.73850 -79.80290
-79.82650 -79.60000
-79.95070 -79.01230
-80.14350 -78.91950
-80.27840 -78.82570
-80.54120 -79.10910
-80.70570 -79.35120
-80.63050 -79.46160
-80.62550 -79.76120
-81.01460 -80.22100
-80.77420 -80.11830
-80.55410 -79.75400
-80.73310 -80.11830
-80.63280 -80.02710
-80.61830 -80.52700
-80.61260 -80.35140
-80.73770 -80.29750
-80.92010 -80.57280
-80.86190 -80.39740
-80.58910 -80.17200
-80.72230 -80.13000
-80.73640 -80.05210
-80.71460 -80.14800
-80.70810 -80.13870
-80.31550 -79.76410
-80.08460 -78.78290
-79.86040 -78.47170
-79.76980 -78.64510
-79.91070 -78.68990
-79.60260 -78.27510
-79.24590 -77.95510
-79.20150 -77.28960
-79.31790 -77.79910
-79.13350 -77.67160
-78.97080 -77.24470
-78.99290 -77.46140
-78.93980 -77.37020
-78.94680 -77.71430
-78.79550 -77.96230
-78.68580 -78.01940
-78.81950 -77.28700
-79.09190 -77.40380
-79.30170 -77.50560
-79.46340 -77.89040
-79.56280 -77.70810
-79.51230 -77.47230
-79.27340 -76.82380
-79.37590 -76.83170
-79.40250 -77.37230
-79.22420 -77.33820
-79.16730 -77.84770
-79.03140 -76.75060
-79.09050 -76.88520
-79.22000 -76.89110
-79.34520 -76.94560
-79.49200 -76.87950
-79.62180 -76.73300
-79.56740 -77.03290
-79.49240 -76.78050
-79.21860 -77.17950
-79.50720 -76.93740
-79.59750 -77.41040
-79.46670 -77.49340
-79.75590 -76.33260
-79.71650 -75.91380
-79.86660 -76.34420
-79.32910 -75.13150
-79.42360 -75.93160
-79.45210 -75.87010
-79.53810 -75.62410
-79.16810 -75.48380
-79.32200 -76.04750
-79.24560 -75.00870
-79.23290 -74.79380
-79.19870 -73.98210
-79.27190 -74.34480
-79.41640 -74.36210
-79.38820 -74.18890
-79.48250 -74.09520
-79.21960 -73.78650
-79.25550 -73.35880
-79.12600 -73.65580
-79.09790 -73.63800
-79.37930 -74.02700
-79.54600 -74.25110
-79.87040 -75.12820
-79.39150 -74.29410
-79.44490 -74.50000
-79.70580 -73.90410
-79.74480 -73.56610
-79.73680 -73.69060
-79.91860 -74.07990
-79.67870 -73.92400
-79.67950 -73.37410
-79.49910 -72.95940
-79.21590 -72.72910
-70.61270 -70.59450
-70.64960 -70.63690
-71.26220 -71.16010
-71.42830 -71.24200
-71.48010 -71.33540
-71.64510 -71.97130
-71.59750 -71.90500
-71.38000 -71.97610
-71.18070 -71.84010
-71.53180 -71.92270
-71.41220 -71.86890
-71.24190 -71.77410
-71.17440 -71.57200
-71.29350 -71.71470
-71.10840 -70.96940
-71.23110 -70.91760
-70.67490 -70.51090
-70.29410 -70.19390
-70.45000 -70.10170
-70.67850 -70.55270
-70.46970 -70.49540
-70.24100 -69.80960
-70.45520 -69.96820
-70.31010 -69.97240
-70.42720 -69.82390
-70.65850 -69.98650
-70.74260 -70.21240
-70.89690 -70.34770
-70.20630 -70.07110
-70.14600 -70.05900
-70.70740 -70.32750
-70.92340 -70.54870
-71.01690 -70.45070
-71.03660 -70.52170
-71.23260 -70.61550
-70.50570 -70.24360
-70.69310 -70.19940
-70.37940 -70.15040
-69.95900 -69.76440
-70.31840 -69.77800
-70.35980 -69.79560
-70.02330 -69.79160
-70.06040 -69.75570
-69.68640 -69.55690
-69.54520 -69.13210
-69.70570 -69.33150
-70.01450 -69.49630
-69.98030 -69.53370
-70.00940 -69.49590
-70.25080 -69.92960
-70.18840 -69.88100
-70.06880 -69.77860
-70.55080 -70.10960
-70.27160 -70.08590
-70.35440 -69.98780
-70.56840 -70.03290
-70.95390 -70.48010
-71.27290 -70.73980
-71.64370 -70.95740
-71.52400 -70.92000
-71.43090 -70.83130
-71.37920 -70.75790
-71.36960 -70.77510
-71.53030 -70.74990
-71.53450 -70.87530
-71.41160 -70.78640
-71.38730 -70.81050
-71.27300 -70.92800
-71.20470 -70.85440
-71.23430 -70.65640
-71.24710 -70.53480
-71.25670 -70.43640
-71.14230 -70.41350
-70.78770 -70.21580
-70.85490 -70.14620
-70.66240 -69.93570
-70.98440 -70.14380
-71.16350 -70.32790
-71.07130 -70.58940
-71.53680 -71.09690
-71.37980 -71.29440
-71.26440 -71.22450
-71.17290 -71.12490
-71.20920 -70.95450
-70.97280 -70.86020
-71.07390 -70.60050
-71.54620 -70.52360
-71.38970 -70.48000
-71.43580 -70.69850
-71.80050 -70.87010
-71.83750 -70.79400
-71.59930 -70.70630
-71.71930 -70.50540
-72.06450 -70.74270
-71.82220 -70.60930
-71.68900 -70.66290
-71.67200 -70.57350
-71.77810 -70.39200
-71.87850 -70.45720
-71.98680 -70.99110
-71.24240 -70.21070
-71.19940 -70.17520
-70.99980 -70.21470
-70.88700 -70.10320
-70.80910 -69.91750
-70.49870 -69.76580
-70.70760 -69.77710
-70.92510 -70.10420
-70.90640 -70.25600
-70.82860 -70.13800
-71.01730 -70.35470
-71.05410 -70.27670
-70.96560 -69.72110
-71.24600 -69.84770
-71.22750 -69.78660
-71.22420 -69.86960
-71.36410 -70.03790
-71.50860 -70.10530
-71.71570 -70.23570
-71.45180 -69.97010
-71.40680 -69.95080
-71.53330 -69.93780
-71.58940 -70.09310
-71.84440 -70.15740
-71.63370 -70.12510
-71.52680 -70.65270
-71.32040 -70.72150
-70.96530 -70.68640
-70.46580 -70.33320
-70.54240 -70.32870
-70.69110 -70.36290
-70.61930 -70.04350
-69.79280 -69.52840
-69.32300 -69.21590
-69.11180 -69.15090
-69.10120 -69.07040
-69.22700 -69.24990
-68.63460 -68.69490
-68.45020 -68.35550
-68.30470 -68.33160
-68.37930 -68.40170
-68.57890 -68.08390
-68.50170 -68.00840
-68.15320 -67.70740
-67.96590 -67.60990
-67.87850 -67.70300
-67.84840 -67.58230
-68.08880 -67.81500
-67.83340 -67.72490
-68.13370 -67.53530
-68.10620 -67.27350
-68.15990 -67.60350
-68.06950 -67.36230
-68.20160 -67.62070
-68.15880 -67.52580
-68.23710 -67.29280
-68.22300 -67.16840
-68.23010 -67.22920
-68.52960 -67.33010
-68.60810 -67.10720
-68.95380 -67.24600
-69.20760 -67.02810
-69.32280 -67.43940
-69.25920 -67.37410
-69.34970 -67.79690
-69.53900 -67.65200
-69.44420 -67.71580
-69.31000 -67.55500
-69.38300 -67.39450
-69.29500 -67.44030
-69.31980 -67.45070
-69.07230 -67.24420
-68.83830 -67.26750
-68.92260 -67.40340
-68.86090 -67.15490
-68.88410 -66.64250
-68.90790 -66.31020
-69.04070 -65.95490
-69.17630 -66.22660
-69.20700 -66.72830
-69.15300 -66.67890
-69.04300 -66.06390
-69.15380 -66.48560
-69.03140 -66.57560
-69.07080 -66.62250
-69.05880 -66.07050
-69.26690 -66.34590
-69.27850 -66.26000
-69.02510 -65.80510
-69.09330 -65.55950
-69.18360 -65.57600
-69.30000 -65.47640
-69.23750 -65.78290
-69.08650 -65.72960
-69.17690 -66.62130
-69.35760 -66.04500
-69.46890 -66.40930
-69.08060 -65.65390
-69.00290 -65.70300
-69.16340 -65.61550
-69.02090 -65.58840
-69.00440 -65.48840
-69.08480 -65.92390
-68.84190 -66.20940
-69.03200 -66.46630
-69.11170 -66.77190
-69.13820 -66.75650
-68.80720 -66.64620
-68.92370 -66.09720
-68.83960 -65.78290
-69.11820 -66.17320
-69.06540 -66.25640
-69.15680 -66.43650
-68.95180 -66.50000
-68.47560 -65.87810
-68.55270 -65.80150
-68.60920 -65.96300
-68.64370 -65.76670
-68.32750 -65.72030
-68.57460 -66.17420
-68.21280 -65.35770
-67.89400 -64.81280
-67.82870 -64.24450
-67.83850 -64.54510
-68.00670 -64.49850
-67.98110 -64.15950
-67.99380 -63.63110
-67.78030 -63.43830
-67.82110 -63.12680
-67.67130 -63.06950
-67.95940 -63.24860
-67.84010 -63.21970
-67.86290 -62.69640
-67.97100 -63.08290
-67.81990 -63.16860
-68.33770 -63.36130
-68.18080 -62.62140
-68.26900 -62.97140
-68.18440 -62.37000
-68.19050 -62.56390
-68.20450 -62.14620
-68.23150 -62.09500
-68.02520 -61.81500
-68.10830 -61.77100
-62.65030 -62.43840
-63.02960 -62.82020
-63.15640 -62.86380
-63.00220 -62.83460
-62.67200 -62.75290
-63.02540 -62.81350
-62.61420 -62.35600
-62.62860 -61.99400
-62.78160 -62.05070
-62.73370 -62.14060
-62.93100 -62.15180
-62.45850 -62.02530
-62.40100 -62.12500
-62.13280 -61.88160
-61.95750 -61.82970
-62.33090 -61.83940
-62.10580 -61.68660
-62.51580 -61.98990
-62.46390 -61.95680
-62.28950 -61.84970
-62.03440 -61.47450
-61.45500 -61.20360
-61.60550 -61.39430
-61.77790 -61.44640
-61.93680 -61.47310
-61.81770 -61.46700
-61.86860 -61.38040
-61.84230 -61.50980
-62.01570 -61.55400
-62.10100 -61.59150
-61.92900 -61.41810
-61.87000 -61.51640
-61.48870 -61.39260
-61.80360 -61.31600
-62.06240 -61.45000
-61.91120 -61.51940
-61.90280 -61.55170
-62.05490 -61.69440
-62.30080 -61.83560
-62.06900 -61.80950
-61.86470 -61.65760
-61.71070 -61.58860
-61.44080 -61.31850
-61.63060 -61.11340
-61.34360 -61.20110
-61.21930 -61.14840
-61.26390 -61.11870
-61.11910 -61.12990
-60.78830 -60.94430
-60.71140 -60.67530
-60.90880 -60.65280
-60.83270 -60.43430
-60.82680 -60.48840
-60.97680 -60.68140
-60.93040 -60.61080
-62.29680 -61.62930
-62.09040 -61.61620
-62.06340 -61.53830
-61.97410 -61.45350
-61.71240 -61.43910
-61.63750 -61.27480
-61.68940 -61.25700
-61.69000 -61.20820
-61.65790 -61.15770
-61.37280 -61.07050
-61.30320 -61.01140
-61.38660 -60.96040
-61.04750 -60.58610
-61.48220 -61.20000
-61.23420 -61.03560
-61.59980 -61.24660
-61.73130 -61.29630
-61.82960 -61.32420
-61.89910 -61.23430
-61.72550 -61.18410
-61.47810 -61.20740
-61.35360 -60.75590
-61.50020 -60.74700
-61.78610 -60.87730
-61.66150 -60.82840
-61.81950 -61.04060
-61.93550 -61.11530
-61.64790 -60.87160
-61.94220 -61.01520
-62.22530 -61.08350
-62.06240 -60.99720
-61.94130 -61.08500
-62.10350 -61.30340
-61.84990 -61.18120
-61.65060 -61.10230
-61.73470 -60.93290
-61.96920 -61.08810
-62.02840 -61.16820
-61.94190 -61.21670
-61.87140 -61.13560
-61.70330 -61.04880
-61.82430 -60.91370
-61.81860 -60.93430
-61.18110 -60.24870
-60.99300 -60.06320
-60.78100 -59.83980
-60.73560 -59.74550
-60.82500 -59.72370
-61.01200 -59.81690
-61.00850 -59.89530
-60.91710 -59.84830
-60.72010 -59.77570
-60.87120 -60.03600
-60.89480 -59.89150
-61.19240 -59.63980
-61.17180 -59.61520
-61.07720 -59.71080
-61.40790 -60.18290
-61.18790 -59.93730
-61.14090 -59.91990
-61.21860 -59.88520
-61.27150 -60.10420
-61.41870 -60.18170
-61.56270 -60.28510
-61.47600 -60.42310
-61.47770 -60.62260
-61.48810 -60.63030
-61.43940 -60.73520
-61.31950 -60.68500
-61.20290 -60.72750
-60.91430 -60.26030
-60.82420 -60.21860
-61.08810 -60.35160
-60.90610 -60.28840
-60.75240 -60.14140
-60.85800 -60.22550
-60.12860 -59.56060
-60.24470 -59.73820
-60.34160 -59.80950
-60.62320 -59.96770
-60.67400 -60.12940
-59.35200 -59.34540
-59.26050 -59.28810
-59.30080 -59.40060
-59.32510 -58.97950
-59.12300 -58.80400
-58.93520 -58.71280
-59.04720 -58.68860
-59.03310 -58.80540
-58.83880 -58.87360
-58.97980 -58.82910
-58.79690 -58.71080
-58.98540 -58.36970
-59.05900 -58.57730
-58.96200 -58.35160
-59.14190 -58.32660
-59.21300 -58.45480
-59.29530 -58.39480
-59.50870 -58.38890
-59.60700 -58.23040
-59.73360 -58.50420
-59.86120 -58.51280
-60.06740 -58.66550
-60.15870 -59.00480
-60.16640 -59.09440
-60.33470 -59.17730
-60.42480 -59.34820
-60.49730 -59.52430
-60.48810 -59.57360
-60.49170 -59.93920
-60.44560 -59.70850
-60.34200 -59.47000
-60.28230 -59.23260
-60.32280 -59.10000
-60.19790 -59.08870
-59.84590 -58.67420
-59.83980 -58.70010
-59.78430 -58.70830
-59.68540 -58.09460
-59.49280 -57.83130
-59.40790 -57.65070
-59.56600 -57.59340
-59.32590 -57.12570
-59.41540 -57.43490
-59.40690 -57.63010
-59.25560 -57.66660
-59.35060 -57.68380
-59.17880 -57.23850
-59.29790 -57.52910
-59.02540 -57.14890
-58.93540 -56.93280
-58.85010 -56.96540
-58.82580 -57.24080
-58.91750 -57.30470
-58.89550 -56.91780
-59.03840 -56.91860
-59.21680 -57.16790
-59.21090 -57.25510
-59.24920 -57.30900
-59.25770 -57.18740
-59.00820 -56.69270
-59.05330 -57.32440
-58.97500 -57.22820
-58.84620 -57.12300
-59.03500 -57.67320
-58.76110 -57.37500
-59.09840 -57.56530
-58.85020 -57.29450
-58.91190 -57.31610
-58.87310 -57.43390
-58.92050 -57.49020
-59.06700 -57.52370
-59.21550 -58.28900
-59.17400 -58.57130
-58.96920 -58.34500
-58.86890 -58.65580
-58.96750 -58.82190
-59.03680 -58.96940
-59.02140 -58.53690
-59.08010 -58.86230
-59.08270 -58.57190
-59.08690 -58.32390
-58.86950 -57.62550
-58.89330 -57.38630
-59.02490 -57.56910
-59.12020 -57.55960
-59.12110 -57.65250
-58.67390 -57.25160
-58.60170 -57.18220
-58.41020 -57.15650
-58.16120 -57.00870
-58.31120 -57.34580
-58.17500 -57.17660
-58.00190 -56.85860
-58.13010 -56.70990
-58.07810 -56.50460
-58.10890 -56.73900
-57.82710 -56.13000
-57.76980 -56.32370
-57.71680 -56.05530
-57.94030 -56.14600
-57.75250 -56.08920
-57.71170 -55.67630
-57.83690 -55.87790
-58.22560 -56.59520
-58.12230 -55.98240
-57.88140 -55.50870
-57.97580 -55.72850
-57.92520 -55.89740
-57.99480 -55.70380
-58.03310 -55.07700
-58.03030 -54.94270
-57.98470 -55.30790
-57.89680 -55.03690
-58.03470 -55.19260
-57.88290 -55.02220
-57.68000 -54.57700
-57.59260 -54.22910
-57.36380 -53.88360
-55.11290 -55.02010
-55.21400 -55.08400
-55.32770 -55.16700
-55.45340 -55.24560
-55.56560 -55.25030
-55.79190 -55.43510
-55.63670 -55.46060
-55.51900 -55.49620
-55.32890 -55.42650
-55.63650 -55.47450
-55.45440 -55.38670
-55.21570 -55.08750
-55.51480 -55.13080
-55.59410 -55.16150
-55.46480 -55.04840
-55.50960 -54.95380
-55.60340 -55.01750
-55.40600 -54.94060
-55.55640 -54.94760
-55.80630 -55.16450
-55.77260 -55.06900
-55.42920 -55.00640
-55.32390 -54.97190
-55.11710 -54.91100
-55.26430 -54.95690
-55.35050 -54.79370
-55.37970 -54.75150
-55.40370 -54.86180
-55.53570 -54.91160
-55.53500 -55.10260
-55.48400 -55.15430
-55.31230 -54.94220
-55.09810 -54.63950
-55.07730 -54.68110
-54.99980 -54.63930
-55.14180 -54.70470
-55.26360 -54.83760
-55.27930 -54.88540
-55.43910 -54.96330
-55.26880 -54.84390
-55.18370 -54.89560
-55.35240 -54.90070
-55.37090 -54.88930
-55.21880 -54.92840
-55.35650 -55.04440
-55.58390 -55.12370
-55.58480 -55.19060
-55.51960 -55.38240
-55.39840 -55.19500
-55.14230 -55.15830
-55.03250 -55.11660
-54.85720 -55.06560
-54.92640 -54.97120
-54.71020 -54.88830
-54.47140 -54.80530
-54.47840 -54.84790
-54.39240 -54.68000
-54.40790 -54.60920
-54.32440 -54.43920
-54.44710 -54.48080
-54.41390 -54.44920
-54.73730 -54.55040
-54.71270 -54.52560
-54.80240 -54.57760
-55.35730 -55.01800
-55.53900 -55.13620
-55.28660 -55.20010
-55.31700 -55.13260
-55.39200 -55.12610
-55.34560 -55.10860
-54.99990 -55.05510
-55.10940 -55.01200
-54.94520 -54.90750
-55.58750 -55.22920
-55.22240 -55.25360
-55.35840 -55.30560
-55.45300 -55.29580
-55.13780 -55.47010
-55.07130 -55.42980
-55.22180 -55.43300
-55.10610 -55.40610
-55.09190 -55.35020
-54.90780 -55.15520
-55.12880 -55.06540
-55.20610 -55.07710
-55.04350 -55.05630
-55.03640 -55.16860
-55.21420 -55.23910
-55.47130 -55.28140
-55.26770 -55.23960
-55.46700 -55.35630
-55.05870 -55.38390
-55.11370 -55.39860
-55.03750 -55.37450
-55.25320 -55.26140
-55.11120 -55.21770
-55.32900 -55.22970
-55.38070 -55.29890
-54.85850 -55.02820
-54.60500 -54.90450
-54.70220 -54.89880
-54.49230 -54.55240
-54.50620 -54.58380
-54.37540 -54.53410
-54.47660 -54.55410
-54.53540 -54.62590
-54.53960 -54.76310
-54.62230 -54.74920
-54.54780 -54.69530
-54.79910 -54.58150
-54.96510 -54.79090
-55.05400 -54.85700
-54.82140 -54.79310
-54.92790 -54.82740
-54.98580 -54.86710
-55.12480 -55.14070
-54.77880 -54.99390
-54.78160 -55.02510
-54.65860 -54.99630
-54.19380 -54.50830
-54.12140 -54.46240
-54.09980 -54.36170
-53.66120 -54.18430
-53.81020 -54.15890
-53.75800 -54.10740
-53.91650 -54.12220
-53.59970 -54.12070
-53.35540 -53.89450
-53.09670 -53.79790
-53.13470 -53.76540
-53.09880 -53.80780
-52.90570 -53.74330
-52.85410 -53.72980
-53.07740 -53.81740
-52.89860 -53.65790
-52.96880 -53.63130
-53.02830 -53.58870
-52.69800 -53.41210
-52.59320 -53.36120
-52.55240 -53.24250
-52.64720 -53.33590
-52.53120 -53.20840
-52.53340 -53.18040
-52.46020 -53.19770
-52.40070 -53.12420
-52.47560 -53.13850
-52.90810 -53.26250
-52.98050 -53.30740
-52.99110 -53.25480
-53.34540 -53.50470
-53.21610 -53.45180
-53.68270 -53.70910
-53.63460 -53.75410
-53.75360 -53.81750
-53.82130 -53.86240
-53.75070 -54.05130
-53.76830 -54.09250
-53.87920 -54.13800
-53.88120 -54.10280
-53.89280 -54.11590
-53.78270 -54.11430
-53.90100 -54.09730
-53.69140 -53.95390
-53.64710 -53.93880
-53.45160 -53.83160
-52.99690 -53.63230
-53.16180 -53.41210
-53.30190 -53.44530
-53.08230 -53.33790
-53.16020 -53.42060
-53.13910 -53.40560
-52.97490 -53.26830
-52.80420 -53.24700
-52.77980 -53.18570
-52.59560 -53.13340
-52.57070 -53.01310
-52.51130 -53.07950
-52.48520 -53.08810
-52.52800 -53.08360
-52.84700 -53.03760
-52.93840 -53.07030
-52.85500 -53.05800
-52.95410 -53.04670
-52.71030 -52.94940
-52.69200 -52.92660
-52.77730 -53.05150
-52.80860 -53.03620
-52.72100 -53.01150
-52.84330 -53.00030
-52.83460 -53.21730
-52.99830 -53.35180
-52.78020 -53.44180
-52.95230 -53.49450
-53.11960 -53.53190
-52.94580 -53.49440
-52.84780 -53.48020
-53.10830 -53.57830
-52.82300 -53.57650
-52.55250 -53.54720
-52.43290 -53.36020
-52.65200 -53.45180
-52.59460 -53.45890
-52.33050 -53.41260
-52.28990 -53.28430
-52.17490 -52.94940
-52.23350 -53.00290
-52.15500 -52.95920
-52.28470 -53.01240
-52.21980 -53.03070
-52.27890 -53.08680
-52.14280 -53.10780
-51.79950 -52.98630
-51.99560 -53.00800
-51.95730 -52.88360
-51.77410 -52.96880
-51.99660 -52.98860
-51.76440 -52.99570
-51.74940 -52.81640
-51.46310 -52.56420
-51.62020 -52.66620
-51.65120 -52.64330
-51.59250 -52.66130
-51.75570 -52.59860
-51.69300 -52.55330
-51.59660 -52.44990
-51.34390 -52.51790
-51.70970 -52.51660
-51.66930 -52.48610
-51.56850 -52.42160
-51.75190 -52.50720
-51.90380 -52.57960
-51.52810 -52.47190
-51.67470 -52.58470
-51.65840 -52.43880
-51.71070 -52.60920
-51.78950 -52.48360
-51.89740 -52.37840
-51.70770 -52.35530
-51.74450 -52.18290
-51.63140 -52.12930
-50.98100 -51.66910
-47.99080 -47.92160
-48.04910 -47.98510
-48.52700 -48.23930
-48.92630 -48.56760
-48.85230 -48.52640
-48.78720 -48.53980
-48.75050 -48.54180
-48.61310 -48.51330
-48.86000 -48.57050
-48.74160 -48.50560
-48.54470 -48.39500
-48.74930 -48.35690
-48.65750 -48.33900
-48.69190 -48.32790
-48.58560 -48.22950
-48.45780 -48.16720
-48.47310 -48.12510
-48.70740 -48.16670
-48.63510 -48.19320
-48.77750 -48.25010
-48.80750 -48.24330
-48.79620 -48.20270
-48.52750 -48.06470
-48.32750 -48.02960
-48.77470 -48.30860
-48.47420 -48.06550
-48.12090 -47.87280
-48.26140 -47.95290
-48.29310 -47.89010
-48.33000 -47.94730
-48.47940 -48.04760
-48.61470 -48.11220
-48.08970 -48.01910
-48.09070 -48.03220
-48.29190 -48.04640
-48.46040 -48.18900
-48.79230 -48.34910
-48.94630 -48.49530
-48.81380 -48.47460
-48.51940 -48.46710
-48.52080 -48.37540
-47.07130 -46.89150
-47.11400 -46.94000
-47.21680 -46.99890
-47.08340 -46.94520
-47.58010 -47.18230
-47.86540 -47.36260
-48.02780 -47.34690
-47.85550 -47.45850
-47.94610 -47.35810
-47.84180 -47.37500
-47.88490 -47.30890
-47.93100 -47.33980
-47.66310 -47.16470
-47.55870 -47.06050
-48.00610 -47.60530
-47.86510 -47.55940
-47.75890 -47.53910
-48.25700 -47.71320
-47.96130 -47.75470
-47.85750 -47.65580
-47.74980 -47.43590
-47.81580 -47.44670
-47.72680 -47.43620
-47.80660 -47.52780
-47.86500 -47.58310
-48.13770 -47.52790
-48.16380 -47.63130
-48.09810 -47.71120
-48.25050 -47.66870
-48.20340 -47.74590
-48.21110 -47.75480
-48.07360 -47.70530
-48.01820 -47.70760
-48.18780 -47.68230
-48.22290 -47.70590
-48.23870 -47.74830
-48.08930 -47.71740
-47.61160 -47.24680
-47.36890 -47.14820
-47.42780 -47.22260
-47.32830 -47.10430
-47.46620 -47.14530
-47.46020 -47.16510
-47.22110 -47.08840
-47.35620 -47.11200
-47.43330 -47.12560
-47.48420 -47.20740
-47.57810 -47.23320
-47.47530 -47.24130
-47.63060 -47.27130
-47.47610 -47.15510
-47.67930 -47.11100
-47.64190 -47.13980
-47.67140 -47.26120
-47.74020 -47.26780
-47.74190 -47.25170
-47.94880 -47.33690
-48.05740 -47.36930
-48.04990 -47.44730
-48.12630 -47.35480
-48.00970 -47.36770
-48.14140 -47.43300
-48.13920 -47.40070
-47.94000 -47.40470
-48.11530 -47.42760
-48.01940 -47.42120
-47.93960 -47.44440
-47.66860 -47.24470
-47.55170 -47.23000
-47.74140 -47.27020
-47.43770 -47.16860
-47.10180 -46.83150
-47.47220 -46.94590
-47.52720 -47.02560
-47.17860 -46.97680
-46.90760 -46.90950
-46.84620 -46.88060
-46.88660 -46.89890
-46.43360 -46.65520
-46.41730 -46.52660
-46.22970 -46.26410
-46.32840 -46.21700
-46.27370 -46.21800
-46.15560 -46.16950
-45.92590 -46.03490
-46.00720 -46.03090
-45.98890 -46.05410
-45.81260 -46.04780
-45.85860 -46.08720
-45.85660 -46.07200
-45.93990 -46.11070
-45.69740 -46.01860
-45.80960 -46.02410
-45.85210 -45.93320
-45.92190 -45.89650
-45.94260 -45.92980
-45.49430 -46.28140
-45.62980 -46.26110
-45.75770 -46.28210
-45.83410 -46.31470
-45.84050 -46.19300
-46.10540 -46.22380
-46.07480 -46.21970
-46.27100 -46.33160
-46.29080 -46.30240
-46.40720 -46.29030
-46.49800 -46.27940
-46.55610 -46.28700
-46.66010 -46.34640
-46.78870 -46.67120
-46.92480 -46.62050
-46.83170 -46.66390
-46.85950 -46.68310
-46.99030 -46.77380
-47.02220 -46.78150
-47.05880 -46.92940
-46.96260 -46.91230
-47.02850 -46.91680
-46.96820 -46.89130
-46.91550 -46.87360
-46.93230 -46.80260
-46.84590 -46.75750
-46.71470 -46.71400
-46.77020 -46.75930
-46.64570 -46.53380
-46.17110 -46.41910
-46.20160 -46.38000
-46.36940 -46.34330
-46.38770 -46.34070
-46.43940 -46.29620
-46.35930 -46.21430
-46.40410 -46.29400
-46.34800 -46.18850
-46.18210 -46.09510
-46.04780 -46.04510
-46.05580 -46.05160
-46.03160 -45.91590
-45.89970 -45.76490
-45.83920 -45.80470
-45.72540 -45.82450
-46.04710 -45.79790
-46.02560 -45.71000
-46.03490 -45.88030
-46.11860 -45.86280
-46.13950 -45.78030
-46.11420 -45.87340
-45.95600 -45.84840
-46.10970 -46.08130
-46.33720 -46.26450
-46.20000 -46.22920
-46.23110 -46.27080
-46.42560 -46.35450
-46.27810 -46.48870
-45.89780 -46.43180
-46.01020 -46.37620
-46.03470 -46.36670
-46.18270 -46.32890
-46.09450 -46.35010
-46.01130 -46.13470
-45.75560 -46.08930
-46.11800 -46.24740
-46.07470 -46.26980
-45.88180 -46.30220
-45.72850 -46.18960
-45.78640 -46.23180
-45.33000 -45.88140
-45.33750 -45.81240
-45.21900 -45.72340
-45.32630 -45.74170
-45.44350 -45.66740
-45.25050 -45.63350
-45.32280 -45.58070
-45.22690 -45.60980
-45.20780 -45.63120
-45.38120 -45.64240
-45.40810 -45.61890
-45.39270 -45.52140
-45.60530 -45.63800
-45.90200 -46.12950
-46.00040 -46.00200
-45.95560 -45.98500
-45.84930 -45.87060
-45.99250 -45.87770
-45.89640 -45.84680
-45.72710 -45.63550
-40.56400 -40.25650
-40.55840 -40.34420
-40.61170 -40.38760
-40.68930 -40.46960
-40.80620 -40.55400
-40.77740 -40.56410
-40.83660 -40.60980
-40.93030 -40.62740
-41.03000 -40.63550
-40.65890 -40.63900
-40.57570 -40.58810
-40.46080 -40.41780
-40.66540 -40.46090
-40.57070 -40.41520
-40.54730 -40.34670
-40.71490 -40.30450
-40.66760 -40.35070
-40.79550 -40.42810
-40.78620 -40.41870
-40.56310 -40.34950
-40.50380 -40.37930
-40.49810 -40.25170
-40.66780 -40.38280
-40.78710 -40.42880
-40.85350 -40.44300
-40.89900 -40.46530
-40.83560 -40.43380
-40.79090 -40.42770
-40.68830 -40.37570
-40.70320 -40.33160
-40.39880 -40.22610
-40.54220 -40.31030
-40.68340 -40.33340
-40.57970 -40.34550
-40.65300 -40.32530
-40.78310 -40.37560
-40.85730 -40.48780
-40.87650 -40.49800
-40.44250 -40.45160
-40.42240 -40.41590
-40.59900 -40.44100
-40.80060 -40.51210
-40.85840 -40.50080
-40.74470 -40.52500
-40.74130 -40.53800
-40.83490 -40.59160
-40.99650 -40.63760
-40.99930 -40.67220
-41.14490 -40.70810
-40.98540 -40.67870
-40.79830 -40.61980
-40.91150 -40.62420
-40.60040 -40.54230
-40.51240 -40.47280
-40.54650 -40.40170
-40.74250 -40.47400
-40.54380 -40.47330
-40.49730 -40.51140
-41.61390 -40.93020
-41.45120 -41.02150
-41.47210 -41.17710
-41.39460 -41.14480
-41.37700 -41.13150
-41.55610 -41.34250
-41.78840 -41.40060
-41.61990 -41.39190
-41.61420 -41.35700
-41.73670 -41.38200
-41.78710 -41.37300
-41.85620 -41.39750
-42.04430 -41.52960
-42.16840 -41.53410
-42.25750 -41.60750
-42.16000 -41.64320
-42.10820 -41.67020
-42.05530 -41.71210
-42.12920 -41.72970
-41.94850 -41.75120
-41.91170 -41.67640
-41.95100 -41.71990
-41.92170 -41.67170
-41.91800 -41.68230
-41.85790 -41.59490
-41.74280 -41.56530
-41.72710 -41.58180
-41.65820 -41.47060
-41.70650 -41.41980
-41.83240 -41.44330
-41.91930 -41.47720
-41.97310 -41.60420
-41.82910 -41.63880
-42.04800 -41.73610
-42.11750 -41.75570
-42.16120 -41.76000
-42.03360 -41.75310
-41.89130 -41.81980
-41.77570 -41.72750
-41.67560 -41.52450
-41.81870 -41.55340
-41.80890 -41.57850
-41.86730 -41.66270
-41.94320 -41.71510
-42.19710 -41.77220
-42.21200 -41.87640
-42.02070 -41.82990
-41.87220 -41.81300
-41.84330 -41.65260
-41.81470 -41.65930
-41.79360 -41.63490
-41.64610 -41.59700
-41.57120 -41.60590
-41.69100 -41.58280
-41.77740 -41.60230
-41.79080 -41.59100
-40.51320 -41.05920
-40.25950 -40.71790
-40.10770 -40.57190
-39.91720 -40.38490
-39.97550 -40.49650
-39.90060 -40.47110
-39.84430 -40.29080
-39.91170 -39.95740
-39.73020 -39.86750
-39.82060 -39.86050
-39.88870 -39.90150
-39.88880 -39.97830
-39.96500 -39.99880
-39.87620 -40.03550
-39.96090 -40.01510
-39.97150 -39.96830
-39.94720 -39.92530
-40.00350 -39.82290
-40.10160 -39.94360
-40.29630 -40.07250
-40.44340 -40.12040
-40.42280 -40.17900
-40.47820 -40.24110
-40.54020 -40.31680
-40.57370 -40.38520
-40.35400 -40.36950
-40.36500 -40.40360
-40.29930 -40.40500
-40.22970 -40.41670
-40.03260 -40.20440
-39.99880 -40.12660
-39.81960 -40.06650
-39.93830 -40.13240
-39.62070 -39.82710
-39.79170 -39.85740
-39.86490 -39.90510
-39.99910 -39.98490
-39.54990 -39.88370
-39.34870 -39.81190
-39.15530 -39.71180
-39.04030 -39.63850
-39.15610 -39.64100
-39.21240 -39.65860
-39.32190 -39.71170
-39.46760 -39.71120
-39.40040 -39.70130
-39.39940 -39.69310
-39.30780 -39.67320
-39.04390 -39.50120
-39.09700 -39.52610
-39.13890 -39.56260
-39.05130 -39.52850
-38.96920 -39.47850
-38.94330 -39.45890
-38.92510 -39.40560
-39.01530 -39.54070
-39.35610 -39.19700
-39.48830 -39.17780
-39.51130 -39.18830
-39.61580 -39.22110
-39.64260 -39.36900
-39.62570 -39.40500
-39.63640 -39.42810
-39.82290 -39.44080
-39.86970 -39.50370
-39.99140 -39.50150
-40.05950 -39.63700
-40.14320 -39.58020
-40.21760 -39.56630
-40.44280 -39.92780
-40.33440 -39.83690
-40.64060 -40.08390
-40.63400 -40.16570
-40.65150 -40.21170
-40.64900 -40.20950
-40.51060 -40.07870
-40.38580 -40.00980
-40.27170 -39.93680
-40.29120 -39.92990
-39.95500 -39.73670
-40.05020 -39.68360
-40.13770 -39.69580
-40.11220 -39.63920
-40.20010 -39.64070
-40.01280 -39.57300
-40.07620 -39.62840
-40.01590 -39.62320
-39.93530 -39.58390
-39.96830 -39.54450
-39.85880 -39.52090
-39.84670 -39.46740
-39.76480 -39.48140
-40.08710 -39.47510
-40.19830 -39.50660
-40.01530 -39.60490
-40.03370 -39.57780
-39.94950 -39.56470
-39.90430 -39.57300
-39.82180 -39.61070
-39.94450 -39.67660
-39.89350 -39.67750
-39.96990 -39.66510
-39.94640 -39.64710
-40.01140 -39.67560
-39.90250 -39.64490
-39.95600 -39.64540
-40.06990 -39.64110
-40.16040 -39.83980
-40.02640 -39.85060
-39.81580 -39.78800
-39.65370 -39.84110
-39.65070 -39.87920
-39.73330 -39.90750
-39.74330 -39.89730
-39.83730 -39.77400
-39.92150 -39.75680
-39.80360 -39.76430
-39.70120 -39.72800
-39.75900 -39.74260
-39.92820 -39.61730
-39.82940 -39.61610
-39.79090 -39.51460
-39.87340 -39.57190
-39.80800 -39.54240
-39.95200 -39.58300
-39.98210 -39.63250
-39.54590 -39.54820
-39.66050 -39.60250
-39.67410 -39.60770
-39.48000 -39.50600
-39.51590 -39.53900
-39.49810 -39.50240
-39.28880 -39.52650
-39.28260 -39.33670
-39.29490 -39.28020
-39.27140 -39.33050
-39.13750 -39.24610
-39.12130 -39.04630
-39.11060 -38.94890
-38.98930 -38.88240
-38.97040 -38.91010
-38.89230 -38.88080
-38.98690 -38.85540
-38.99210 -38.85030
-38.98440 -38.70720
-38.89000 -38.71290
-39.35830 -39.20710
-39.31410 -39.30080
-39.40970 -39.22150
-39.55560 -39.17570
-39.51830 -39.12300
-39.48590 -39.07080
-39.48030 -39.11230
-39.49400 -38.96450
-39.29220 -38.76620
-39.12530 -38.65670
-34.77680 -34.62330
-34.73540 -34.65120
-34.73560 -34.66610
-34.81220 -34.69360
-35.32740 -35.14090
-35.48930 -35.22790
-35.59560 -35.24100
-35.50450 -35.21500
-35.42770 -35.23940
-35.22970 -35.16090
-35.38280 -35.09260
-35.31430 -35.07180
-35.35870 -35.06370
-35.28660 -35.00820
-35.16030 -34.96230
-35.33100 -34.96880
-35.20520 -34.92680
-35.31670 -34.94740
-35.34010 -34.97090
-35.34140 -34.95890
-35.28540 -34.89780
-35.44340 -34.95920
-35.30790 -34.99420
-35.26460 -34.92510
-35.24140 -34.81070
-35.29120 -34.88560
-35.31490 -34.94220
-35.28840 -34.93150
-35.15620 -34.71600
-34.98410 -34.64010
-35.08900 -34.64380
-35.08670 -34.65990
-35.00760 -34.65380
-35.05160 -34.63130
-35.12990 -34.68280
-35.13880 -34.73490
-35.20220 -34.75360
-35.20890 -34.75810
-35.35720 -34.78210
-35.08910 -34.69300
-35.00690 -34.71080
-34.78440 -34.64860
-34.76860 -34.64220
-35.08180 -34.83790
-34.88030 -34.78030
-34.68590 -34.60870
-34.77430 -34.58730
-34.65690 -34.62910
-34.56970 -34.61180
-34.62270 -34.59180
-34.24370 -34.37250
-34.40570 -34.32210
-34.39810 -34.34200
-34.46430 -34.38080
-34.31070 -34.33650
-34.40660 -34.38680
-34.48590 -34.41420
-34.53780 -34.39750
-34.94790 -34.76180
-34.93990 -34.76450
-34.87070 -34.69450
-34.85570 -34.70010
-34.83830 -34.68840
-34.85190 -34.69700
-34.83180 -34.71070
-34.76850 -34.74820
-34.70970 -34.74380
-34.69840 -34.68230
-34.73950 -34.72360
-34.79470 -34.69970
-34.74890 -34.62600
-34.56010 -34.58490
-34.52910 -34.59730
-34.59730 -34.56740
-34.48980 -34.51710
-34.45490 -34.46660
-34.57030 -34.52300
-34.83120 -34.58980
-34.71520 -34.64510
-34.51590 -34.56770
-34.68840 -34.60720
-34.73800 -34.63050
-34.80560 -34.63240
-34.79880 -34.60430
-34.50470 -34.62220
-34.32810 -34.47050
-34.53550 -34.42170
-34.49380 -34.46080
-34.44140 -34.45110
-34.56020 -34.49730
-34.55840 -34.57940
-34.60090 -34.56630
-34.46330 -34.51260
-34.64360 -34.53270
-34.64890 -34.57630
-34.65330 -34.48660
-34.68070 -34.55140
-35.84540 -35.08910
-35.68740 -35.19310
-35.53700 -35.36500
-35.55960 -35.32720
-35.52390 -35.37990
-35.37790 -35.33470
-35.43020 -35.37820
-35.41130 -35.37080
-35.38240 -35.32810
-35.43810 -35.39780
-35.33910 -35.33770
-35.47680 -35.37340
-35.54590 -35.43040
-35.60970 -35.45200
-35.60870 -35.53570
-35.63100 -35.52350
-35.63490 -35.48260
-35.53700 -35.39270
-35.63530 -35.47880
-35.72850 -35.57140
-35.74370 -35.59930
-35.82030 -35.61990
-35.81590 -35.73120
-35.75090 -35.70380
-35.86020 -35.74160
-35.82800 -35.72220
-35.71310 -35.72870
-35.71840 -35.74780
-35.64000 -35.74330
-35.43550 -35.64560
-35.64650 -35.57990
-35.47220 -35.50380
-35.17630 -35.35320
-35.18500 -35.32740
-35.43720 -35.41800
-35.18480 -35.39260
-35.07920 -35.40820
-34.91250 -35.29640
-34.74580 -35.17470
-34.53740 -35.01150
-34.65090 -35.02960
-34.57060 -34.96860
-34.51640 -34.97480
-34.57070 -34.93260
-34.50020 -34.87990
-34.42340 -34.86850
-34.27950 -34.69790
-34.29730 -34.69290
-34.18740 -34.68640
-34.28970 -34.68290
-34.30670 -34.71660
-34.23290 -34.67940
-34.18700 -34.63050
-34.22110 -34.67610
-34.18870 -34.63660
-34.27530 -34.61550
-34.33420 -34.61950
-34.38090 -34.63980
-34.33030 -34.64990
-34.66320 -34.81940
-34.63730 -34.80650
-34.67240 -34.77640
-34.62650 -34.75440
-34.68150 -34.73650
-34.71850 -34.72880
-34.96410 -34.94870
-35.09280 -34.96460
-35.09250 -35.07280
-35.24090 -35.19760
-35.18040 -35.18690
-35.16400 -35.24270
-35.19400 -35.25880
-35.20410 -35.30710
-35.28600 -35.34690
-35.32420 -35.32880
-35.32550 -35.32580
-35.29940 -35.32300
-35.30290 -35.32730
-35.31330 -35.30920
-35.25000 -35.27760
-35.14510 -35.24060
-35.11370 -35.23110
-35.04190 -35.22940
-34.92520 -35.00710
-34.69450 -34.85330
-34.85960 -34.92380
-34.84650 -34.86480
-34.85200 -34.89390
-34.91490 -34.89890
-34.85200 -34.85450
-34.76310 -34.81550
-34.75020 -34.86340
-34.78600 -34.87390
-34.74010 -34.87170
-34.58920 -34.83920
-34.63220 -34.85750
-34.60810 -34.80820
-34.54560 -34.72910
-34.41790 -34.63220
-34.38180 -34.66260
-34.39850 -34.62060
-34.52230 -34.61300
-34.62560 -34.58080
-34.72870 -34.60130
-34.79860 -34.62870
-34.60090 -34.67420
-34.68280 -34.68060
-34.66350 -34.64440
-34.61340 -34.70830
-34.89870 -34.96880
-34.72200 -34.93290
-34.88330 -34.93650
-34.90220 -34.96930
-34.87670 -34.97910
-34.91950 -34.96950
-34.95950 -34.98200
-35.07070 -35.08140
-35.08330 -35.11430
-34.96670 -35.12870
-34.76960 -35.08240
-34.69870 -35.09050
-34.67510 -35.08470
-34.71530 -35.05940
-34.69710 -35.02790
-34.78170 -35.03750
-34.82270 -35.03940
-34.69530 -34.96980
-34.66780 -34.85530
-34.44910 -34.72420
-34.65140 -34.75170
-34.72090 -34.80500
-34.43710 -34.69680
-34.31180 -34.63750
-34.45320 -34.68240
-34.35890 -34.64030
-34.16430 -34.55290
-34.22840 -34.56830
-34.26010 -34.58750
-34.06280 -34.42050
-34.10120 -34.33430
-33.92090 -34.30370
-33.98620 -34.32040
-33.89440 -34.29780
-34.02000 -34.30840
-34.00940 -34.29020
-33.96310 -34.21370
-34.03580 -34.22090
-34.00850 -34.24250
-34.14540 -34.27700
-34.47040 -34.57230
-34.44590 -34.62110
-34.63660 -34.70520
-34.70040 -34.67250
-34.59180 -34.66280
-34.64390 -34.68050
-34.62660 -34.71030
-34.56190 -34.67430
-34.62120 -34.66770
-34.77920 -34.68690
-34.66850 -34.67750
-34.57010 -34.62020
-34.48520 -34.57560
-34.40660 -34.58450
-34.15660 -34.45280
-30.86960 -30.76710
-30.84710 -30.78900
-31.05030 -30.93610
-31.20200 -31.04900
-31.30040 -31.13790
-31.37470 -31.15880
-31.25700 -31.14520
-31.14990 -31.14000
-31.29520 -31.15250
-31.13700 -31.09740
-31.01810 -30.95150
-31.07130 -30.96680
-30.92510 -30.81920
-31.05020 -30.82790
-31.09260 -30.86230
-30.99180 -30.84630
-31.05880 -30.83700
-31.06180 -30.84660
-31.10700 -30.83980
-30.96460 -30.80920
-30.98240 -30.79630
-30.94450 -30.79980
-30.92350 -30.76580
-30.76530 -30.69190
-30.81740 -30.67100
-30.93240 -30.69640
-31.00040 -30.68800
-31.12740 -30.74670
-31.17880 -30.78050
-31.24000 -30.85580
-31.18870 -30.85620
-31.16670 -30.88320
-31.08660 -30.82460
-31.00260 -30.81150
-31.10560 -30.80990
-30.87060 -30.72320
-31.03300 -30.76210
-30.98300 -30.76820
-31.01560 -30.75820
-31.07660 -30.79340
-31.09160 -30.86320
-31.07910 -30.87150
-31.05550 -30.87030
-30.87610 -30.81380
-30.98070 -30.82880
-31.05800 -30.94550
-31.05620 -30.96910
-31.10780 -31.00600
-31.19580 -31.08040
-31.28900 -31.09960
-31.34300 -31.15280
-31.25110 -31.09060
-31.20690 -31.08460
-31.17150 -31.05430
-31.04580 -31.03780
-31.03490 -31.05580
-30.99780 -31.04140
-30.88190 -30.96170
-30.88350 -30.85180
-30.84900 -30.78180
-30.89320 -30.83220
-30.96600 -30.86160
-30.89550 -30.83430
-31.09910 -30.90050
-31.05700 -30.89570
-31.02230 -30.86860
-31.05740 -30.88360
-31.09660 -30.87850
-31.25490 -31.02550
-31.45460 -31.10920
-31.37270 -31.16010
-31.31670 -31.17130
-31.31570 -31.13720
-31.34820 -31.17250
-31.33140 -31.19440
-31.26200 -31.21740
-31.25520 -31.14440
-31.26830 -31.16320
-31.26160 -31.15590
-31.25320 -31.13710
-31.22810 -31.11870
-31.20450 -31.12510
-31.07180 -30.89700
-31.13440 -30.95020
-31.26710 -30.96920
-31.35880 -31.00800
-31.37160 -31.14670
-31.20920 -31.16420
-31.27230 -31.18440
-31.31200 -31.19410
-31.25220 -31.19550
-31.19080 -31.22000
-31.17030 -31.19010
-31.09100 -31.12000
-31.01160 -31.10410
-31.06200 -31.05680
-31.15250 -31.04190
-31.21230 -31.04670
-31.28970 -31.06590
-31.25460 -31.12260
-31.26230 -31.14290
-31.34980 -31.16930
-31.47560 -31.19360
-31.56960 -31.24100
-31.48930 -31.26050
-31.48610 -31.33280
-31.48680 -31.33600
-31.52030 -31.30720
-31.51650 -31.35900
-31.54970 -31.34010
-31.62290 -31.31440
-31.67090 -31.36910
-31.34890 -31.15570
-31.14940 -31.02000
-31.25850 -31.05810
-31.23900 -31.08200
-31.17720 -31.06230
-31.07290 -31.04190
-31.13760 -31.06340
-31.15720 -31.12410
-31.16770 -31.14280
-31.11670 -31.16130
-31.06670 -31.13320
-31.08520 -31.17080
-31.17250 -31.11510
-31.10110 -31.02440
-31.21030 -31.00300
-31.28250 -31.01610
-31.28760 -31.00700
-31.26340 -31.02360
-31.31470 -31.07030
-31.42000 -31.13910
-31.31440 -31.08410
-31.32150 -31.09370
-31.34290 -31.07570
-31.37020 -31.11820
-31.40710 -31.17540
-31.35600 -31.23610
-31.32730 -31.22480
-31.39550 -31.25920
-31.43540 -31.24550
-31.33660 -31.24560
-30.97690 -31.04760
-31.07380 -31.06090
-30.98320 -31.04760
-30.83350 -30.91610
-30.61410 -30.81200
-30.65440 -30.79630
-30.80770 -30.79690
-30.46070 -30.74840
-30.46170 -30.71650
-30.41970 -30.71260
-30.27080 -30.63440
-30.26820 -30.47740
-30.33150 -30.47270
-30.23680 -30.45340
-30.13930 -30.42770
-30.13670 -30.37470
-29.98710 -30.31000
-30.01050 -30.32610
-29.99500 -30.31360
-30.00500 -30.27890
-30.00040 -30.25070
-30.04510 -30.29310
-30.06510 -30.30630
-30.05890 -30.32050
-30.24450 -30.38230
-30.21530 -30.38540
-30.23750 -30.33870
-30.20690 -30.37420
-30.51950 -30.43550
-30.58760 -30.47640
-30.63600 -30.49150
-30.66560 -30.49590
-30.77360 -30.63710
-30.85380 -30.67530
-30.85880 -30.68260
-30.81650 -30.65790
-30.95950 -30.69370
-31.09320 -30.90520
-31.10950 -30.91950
-31.06510 -30.89980
-31.00730 -30.93230
-31.01840 -30.96150
-31.01550 -30.95610
-30.98750 -30.94570
-30.99390 -30.93480
-31.00770 -30.93420
-30.96750 -30.93850
-31.02230 -30.92860
-30.96030 -30.90910
-30.88140 -30.82260
-30.80120 -30.74270
-30.79850 -30.73470
-30.80000 -30.70520
-30.57090 -30.58770
-30.58060 -30.57430
-30.60480 -30.53500
-30.64430 -30.54210
-30.54090 -30.49080
-30.53480 -30.52970
-30.52940 -30.51880
-30.33800 -30.44230
-30.37650 -30.43950
-30.35860 -30.41760
-30.38030 -30.37710
-30.30470 -30.36750
-30.32580 -30.33930
-30.30710 -30.32640
-30.22130 -30.34320
-30.24680 -30.28450
-30.39620 -30.35510
-30.36790 -30.34980
-30.43400 -30.34630
-30.29640 -30.29050
-30.28690 -30.32910
-30.35650 -30.32040
-30.29410 -30.31160
-30.33400 -30.31080
-30.29990 -30.33780
-30.39790 -30.50810
-30.27680 -30.47630
-30.26550 -30.48550
-30.27720 -30.47310
-30.28690 -30.47270
-30.16440 -30.44970
-30.19440 -30.44400
-30.25740 -30.40610
-30.27540 -30.38360
-30.37210 -30.41960
-30.45010 -30.50340
-30.34890 -30.51880
-30.09830 -30.49290
-30.06700 -30.51170
-30.05840 -30.51980
-30.08030 -30.52080
-30.13070 -30.47870
-30.19610 -30.48510
-30.05960 -30.48420
-30.09830 -30.45750
-30.02900 -30.42510
-30.05580 -30.33250
-29.96170 -30.30780
-29.99550 -30.29370
-29.92140 -30.25570
-30.01340 -30.23840
-30.07050 -30.26350
-29.99190 -30.28240
-29.86650 -30.21910
-29.90640 -30.20770
-29.88110 -30.17590
-29.91460 -30.21350
-29.84230 -30.18250
-29.76020 -30.11330
-29.75260 -30.12010
-29.68700 -29.97410
-29.57500 -29.90780
-29.57610 -29.89840
-29.68800 -29.91370
-29.68670 -29.89660
-29.78130 -29.92100
-29.97930 -30.03190
-29.94130 -30.17800
-29.96800 -30.24830
-30.08990 -30.17730
-29.82110 -30.07570
-29.85320 -30.08450
-29.84030 -30.09310
-29.81880 -30.05350
-29.86500 -30.04750
-29.88240 -30.05370
-29.73600 -29.96660
-29.59350 -29.89120
-26.78190 -26.56030
-26.91540 -26.63720
-27.00820 -26.70240
-27.00710 -26.74790
-27.15940 -26.81950
-27.10330 -26.80480
-26.97670 -26.77060
-27.08500 -26.79760
-27.06310 -26.77410
-27.01320 -26.73800
-27.12500 -26.73150
-27.14250 -26.71310
-27.07970 -26.69150
-27.14010 -26.71300
-27.16390 -26.70660
-27.10590 -26.67410
-27.01980 -26.66990
-26.99770 -26.63900
-27.14950 -26.63120
-27.12540 -26.67120
-27.14670 -26.69850
-27.16080 -26.70500
-27.13030 -26.69460
-27.04500 -26.65790
-27.05040 -26.65030
-27.11070 -26.58420
-27.08720 -26.59670
-27.06250 -26.59590
-27.06650 -26.69880
-27.13410 -26.73850
-26.99480 -26.73030
-27.23870 -26.77100
-27.15090 -26.84100
-27.16360 -26.88970
-27.26150 -26.90800
-27.25280 -26.92810
-27.33670 -26.93940
-27.29130 -26.92570
-27.33100 -26.95330
-27.34530 -26.91740
-27.18190 -26.90130
-27.12320 -26.90010
-27.21470 -26.92700
-27.09580 -26.90900
-27.08500 -26.89730
-27.04600 -26.89390
-26.89440 -26.75560
-26.92610 -26.75170
-27.03870 -26.78390
-27.00180 -26.77090
-27.00450 -26.78250
-27.06980 -26.83130
-27.22100 -26.88870
-27.26630 -26.95010
-27.23470 -26.96960
-27.16280 -26.92530
-27.20220 -26.93160
-27.30910 -26.93010
-27.30940 -26.94700
-27.24610 -26.94360
-27.18570 -26.95420
-27.17930 -26.96000
-27.20270 -26.95880
-27.17220 -26.95490
-26.98020 -26.90410
-27.04300 -26.83010
-27.21240 -26.87410
-27.23040 -26.94720
-27.03640 -26.94200
-26.97300 -26.94550
-26.94390 -26.94330
-26.99650 -26.97160
-27.09610 -26.95760
-27.11450 -26.95000
-27.02810 -26.93470
-26.96810 -26.94820
-26.91550 -26.94050
-27.01980 -26.81800
-27.07640 -26.82850
-27.11040 -26.90040
-27.08780 -26.90490
-27.14510 -26.91950
-27.21620 -26.97220
-27.17530 -26.95060
-27.29420 -26.97090
-27.30230 -27.03270
-27.26620 -27.04530
-27.30980 -27.02560
-27.33130 -27.03090
-27.43150 -27.02840
-27.38650 -27.06660
-27.43310 -27.07300
-27.29870 -27.06790
-27.23930 -27.05330
-27.15010 -27.03120
-27.06980 -27.00500
-27.06860 -26.97140
-26.98750 -26.93640
-26.94660 -26.82890
-27.03770 -26.82880
-26.97890 -26.84440
-26.88490 -26.82370
-26.92990 -26.84490
-26.98860 -26.85970
-26.91930 -26.88450
-26.94380 -26.89220
-26.83400 -26.83830
-26.86040 -26.75030
-26.92780 -26.74040
-26.96770 -26.76930
-26.94700 -26.78390
-27.14750 -26.85840
-27.04540 -26.83030
-27.06630 -26.87130
-27.09490 -26.89670
-27.10870 -26.89970
-27.07250 -26.91410
-27.13560 -26.91470
-27.06140 -26.91710
-27.13100 -26.92850
-27.06120 -26.93810
-26.98180 -26.93200
-26.84460 -26.84610
-26.74820 -26.82790
-26.81230 -26.82350
-26.62570 -26.78550
-26.59010 -26.60760
-26.65140 -26.62850
-26.68560 -26.65580
-26.42630 -26.61440
-26.25010 -26.52390
-26.16380 -26.48200
-26.22040 -26.48470
-26.29070 -26.49210
-26.25500 -26.46500
-26.26550 -26.44740
-26.26660 -26.44100
-26.12210 -26.34000
-26.16040 -26.33560
-26.17800 -26.34260
-26.08510 -26.32490
-26.11390 -26.32630
-26.12870 -26.34640
-26.02460 -26.32490
-26.08900 -26.33670
-26.05450 -26.31360
-26.06390 -26.29110
-26.06940 -26.32940
-26.24380 -26.35340
-26.21760 -26.31330
-26.16130 -26.31530
-26.28590 -26.34110
-26.28320 -26.31560
-26.48540 -26.45900
-26.49060 -26.46960
-26.58380 -26.45980
-26.58800 -26.46680
-26.62880 -26.50970
-26.60650 -26.59790
-26.54710 -26.54310
-26.69270 -26.58950
-26.74950 -26.62670
-26.72000 -26.62370
-26.75110 -26.63270
-26.75980 -26.72350
-26.80460 -26.74470
-26.77400 -26.72900
-26.78060 -26.71650
-26.74680 -26.70530
-26.70010 -26.69400
-26.66180 -26.66960
-26.68390 -26.65830
-26.62720 -26.60940
-26.61160 -26.60950
-26.37590 -26.47760
-26.42190 -26.47780
-26.44230 -26.43700
-26.42480 -26.46690
-26.48090 -26.43380
-26.45930 -26.42480
-26.45920 -26.41730
-26.44160 -26.42050
-26.35570 -26.36310
-26.29240 -26.34390
-26.33770 -26.32400
-26.29340 -26.33130
-26.34230 -26.30740
-26.31650 -26.29620
-26.28480 -26.26260
-26.52480 -26.37290
-26.41440 -26.33610
-26.40070 -26.34770
-26.49130 -26.35080
-26.44430 -26.34620
-26.38750 -26.38170
-26.45190 -26.44160
-26.39650 -26.44620
-26.37930 -26.43670
-26.21700 -26.38580
-26.26030 -26.37230
-26.45350 -26.42700
-25.95880 -26.33530
-26.00100 -26.28460
-26.01130 -26.32780
-25.89940 -26.18200
-25.91740 -26.16620
-25.87820 -26.13590
-25.92920 -26.12750
-25.74400 -26.12460
-25.82280 -26.16350
-25.86060 -26.15540
-25.93620 -26.14260
-25.87910 -26.13360
-25.86560 -26.12090
-25.77760 -26.08840
-25.85880 -26.07520
-25.77100 -25.99150
-25.81500 -26.00200
-25.75630 -25.99290
-25.83260 -25.93860
-25.77600 -25.93020
-25.85330 -25.94140
-25.89560 -25.91970
-25.82340 -25.88930
-25.84620 -25.93170
-25.95120 -25.94980
-25.94900 -26.00210
-25.96420 -26.05680
-25.95640 -25.98240
-25.94640 -25.97090
-25.90370 -25.95830
-25.90090 -25.91210
-25.87660 -25.88190
-25.76800 -25.85770
-25.59210 -25.80630
-25.62620 -25.80940
