-100.0000 -100.0000
-32.7705 0.0000
-32.7884 0.0000
-32.7005 0.0000
-32.7620 0.0000
-32.7208 0.0000
-32.7181 0.0000
-32.7293 0.0000
-32.8053 0.0000
-32.6718 0.0000
-32.9202 0.0000
-32.7903 0.0000
-32.8049 0.0000
-32.6105 0.0000
-32.7032 0.0000
-32.7083 0.0000
-32.5299 0.0000
-32.8171 0.0000
-32.5473 0.0000
-32.8904 0.0000
-32.4133 0.0000
-32.8198 0.0000
-32.6100 0.0000
-32.5955 0.0000
-32.6007 0.0000
-32.6978 0.0000
-32.6796 0.0000
-32.6742 0.0000
-32.4972 0.0000
-32.5093 0.0000
-32.5974 0.0000
-32.8076 0.0000
-32.3443 0.0000
-32.7308 0.0000
-32.4953 0.0000
-32.7831 0.0000
-32.6500 0.0000
-32.7380 0.0000
-32.8075 0.0000
-32.6520 0.0000
-32.8512 0.0000
-32.7678 0.0000
-32.8918 0.0000
-32.3786 0.0000
-32.7689 0.0000
-32.7734 0.0000
-32.2541 0.0000
-32.7848 0.0000
-32.8361 0.0000
-32.1779 0.0000
-32.6733 0.0000
-32.9451 0.0000
-32.2910 0.0000
-32.7146 0.0000
-32.8219 0.0000
-32.2431 0.0000
-32.8000 0.0000
-32.8251 0.0000
-32.2967 0.0000
-32.5719 0.0000
-32.8445 0.0000
-32.2590 0.0000
-32.8099 0.0000
-32.6469 0.0000
-32.6440 0.0000
-32.8715 0.0000
-32.7550 0.0000
-32.8500 0.0000
-32.7589 0.0000
-32.8250 0.0000
-32.7844 0.0000
-32.8747 0.0000
-32.8983 0.0000
-32.8745 0.0000
-32.7558 0.0000
-32.7089 0.0000
-32.5848 0.0000
-32.8495 0.0000
-32.8852 0.0000
-32.7060 0.0000
-32.7858 0.0000
-32.8706 0.0000
-32.8285 0.0000
-32.9374 0.0000
-32.8285 0.0000
-32.9899 0.0000
-32.8076 0.0000
-32.9974 0.0000
-32.8084 0.0000
-32.8551 0.0000
-32.9685 0.0000
-32.8571 0.0000
-32.7771 0.0000
-32.8458 0.0000
-32.7478 0.0000
-32.7384 0.0000
-32.8751 0.0000
-32.9147 0.0000
-32.9852 0.0000
-32.8830 0.0000
