-100.0000 -100.0000
-124.0849 0.0000
-124.1528 0.0000
-124.0433 0.0000
-123.9445 0.0000
-124.0066 0.0000
-123.9155 0.0000
-123.9435 0.0000
-124.2835 0.0000
-124.0680 0.0000
-124.5329 0.0000
-124.9638 0.0000
-124.5052 0.0000
-124.2195 0.0000
-123.9244 0.0000
-124.1977 0.0000
-123.5015 0.0000
-123.8786 0.0000
-123.9023 0.0000
-124.2649 0.0000
-123.6221 0.0000
-123.8473 0.0000
-124.5471 0.0000
-123.6193 0.0000
-123.6254 0.0000
-124.0005 0.0000
-123.9769 0.0000
-124.0753 0.0000
-123.9311 0.0000
-123.9553 0.0000
-124.4204 0.0000
-124.1967 0.0000
-123.8298 0.0000
-124.1092 0.0000
-123.2302 0.0000
-124.1991 0.0000
-123.7703 0.0000
-123.9854 0.0000
-124.1412 0.0000
-125.3226 0.0000
-125.3589 0.0000
-124.0056 0.0000
-124.2178 0.0000
-124.4233 0.0000
-123.8345 0.0000
-124.6334 0.0000
-124.0402 0.0000
-123.9336 0.0000
-124.7090 0.0000
-123.6691 0.0000
-123.5255 0.0000
-124.9827 0.0000
-124.2223 0.0000
-123.6734 0.0000
-124.2660 0.0000
-124.1312 0.0000
-123.9523 0.0000
-124.6534 0.0000
-124.0209 0.0000
-123.1076 0.0000
-124.7459 0.0000
-123.9650 0.0000
-124.0186 0.0000
-123.6166 0.0000
-122.8370 0.0000
-123.8833 0.0000
-123.3919 0.0000
-123.7383 0.0000
-123.4430 0.0000
-124.4725 0.0000
-124.6965 0.0000
-124.1930 0.0000
-124.5257 0.0000
-124.3205 0.0000
-123.3615 0.0000
-123.2761 0.0000
-122.7360 0.0000
-123.6793 0.0000
-123.8692 0.0000
-123.1730 0.0000
-123.5527 0.0000
-123.7965 0.0000
-123.6945 0.0000
-124.0377 0.0000
-123.6564 0.0000
-128.7518 0.0000
-127.9191 0.0000
-128.3619 0.0000
-127.9738 0.0000
-128.5919 0.0000
-124.9913 0.0000
-124.4114 0.0000
-124.0894 0.0000
-124.6367 0.0000
-124.1359 0.0000
-123.8932 0.0000
-124.7606 0.0000
-124.6182 0.0000
-124.9895 0.0000
-124.6349 0.0000
