-100.0000 -100.0000
-173.0923 0.0000
-173.1870 0.0000
-173.0342 0.0000
-172.8965 0.0000
-172.9831 0.0000
-172.8560 0.0000
-172.8951 0.0000
-173.3693 0.0000
-173.0688 0.0000
-173.7173 0.0000
-174.3184 0.0000
-173.0575 0.0000
-172.6425 0.0000
-172.2405 0.0000
-172.5987 0.0000
-171.6601 0.0000
-172.1807 0.0000
-171.7238 0.0000
-172.2503 0.0000
-170.9186 0.0000
-171.6801 0.0000
-172.0785 0.0000
-173.4578 0.0000
-173.6720 0.0000
-174.3046 0.0000
-173.6291 0.0000
-173.7515 0.0000
-173.6131 0.0000
-173.6368 0.0000
-171.7296 0.0000
-173.1207 0.0000
-172.8583 0.0000
-174.6622 0.0000
-172.2051 0.0000
-172.8345 0.0000
-172.8924 0.0000
-172.3145 0.0000
-172.5046 0.0000
-173.1723 0.0000
-173.6712 0.0000
-172.4112 0.0000
-171.6699 0.0000
-173.3981 0.0000
-173.6296 0.0000
-174.2585 0.0000
-171.6837 0.0000
-173.0231 0.0000
-173.5221 0.0000
-172.0292 0.0000
-171.2741 0.0000
-173.6688 0.0000
-173.6236 0.0000
-174.1103 0.0000
-171.4090 0.0000
-172.6827 0.0000
-174.0290 0.0000
-173.0488 0.0000
-171.2529 0.0000
-171.9654 0.0000
-173.7395 0.0000
-173.7854 0.0000
-172.0472 0.0000
-173.3209 0.0000
-173.0130 0.0000
-170.6619 0.0000
-173.1116 0.0000
-171.9687 0.0000
-172.7739 0.0000
-173.4302 0.0000
-173.2945 0.0000
-173.3185 0.0000
-173.7672 0.0000
-173.3291 0.0000
-172.0162 0.0000
-172.9919 0.0000
-168.7192 0.0000
-172.9695 0.0000
-173.0153 0.0000
-171.8761 0.0000
-173.0685 0.0000
-172.5897 0.0000
-172.8302 0.0000
-174.0123 0.0000
-170.0247 0.0000
-174.4900 0.0000
-172.8145 0.0000
-174.3618 0.0000
-173.3016 0.0000
-173.4420 0.0000
-173.0489 0.0000
-173.3639 0.0000
-172.7266 0.0000
-173.4475 0.0000
-172.5938 0.0000
-170.6779 0.0000
-173.6389 0.0000
-173.2047 0.0000
-172.9540 0.0000
-173.2035 0.0000
