-100.0000 -100.0000
-12.0728 0.0000
-12.0794 0.0000
-12.0760 0.0000
-12.0671 0.0000
-12.0749 0.0000
-12.0608 0.0000
-12.0809 0.0000
-12.0919 0.0000
-12.0611 0.0000
-12.1343 0.0000
-12.1067 0.0000
-12.0889 0.0000
-12.0864 0.0000
-12.0554 0.0000
-12.1220 0.0000
-11.9925 0.0000
-12.1584 0.0000
-11.9995 0.0000
-12.1852 0.0000
-11.9522 0.0000
-12.1620 0.0000
-12.0227 0.0000
-12.0198 0.0000
-12.0205 0.0000
-12.1416 0.0000
-12.0623 0.0000
-11.9853 0.0000
-11.9740 0.0000
-11.9749 0.0000
-12.1415 0.0000
-12.0599 0.0000
-12.0392 0.0000
-12.0708 0.0000
-12.0937 0.0000
-11.8881 0.0000
-12.0925 0.0000
-12.0307 0.0000
-11.9955 0.0000
-12.0260 0.0000
-12.1794 0.0000
-12.0073 0.0000
-12.0143 0.0000
-12.0918 0.0000
-12.0181 0.0000
-12.0797 0.0000
-12.0141 0.0000
-12.0754 0.0000
-12.0121 0.0000
-12.0225 0.0000
-11.9854 0.0000
-12.1213 0.0000
-11.9938 0.0000
-12.0610 0.0000
-11.9709 0.0000
-12.0615 0.0000
-11.9887 0.0000
-12.0859 0.0000
-11.9849 0.0000
-12.0043 0.0000
-11.9960 0.0000
-12.0554 0.0000
-12.0221 0.0000
-12.1005 0.0000
-11.9774 0.0000
-12.1517 0.0000
-11.9862 0.0000
-12.1242 0.0000
-11.9901 0.0000
-12.0963 0.0000
-12.0001 0.0000
-12.0715 0.0000
-12.0249 0.0000
-12.0904 0.0000
-11.9644 0.0000
-12.0422 0.0000
-11.8620 0.0000
-12.0338 0.0000
-11.8773 0.0000
-11.9018 0.0000
-11.9991 0.0000
-11.9980 0.0000
-11.9797 0.0000
-12.0160 0.0000
-12.0000 0.0000
-12.0507 0.0000
-11.9641 0.0000
-12.0284 0.0000
-11.9795 0.0000
-12.0289 0.0000
-12.0282 0.0000
-11.9834 0.0000
-12.0012 0.0000
-12.0369 0.0000
-11.9638 0.0000
-11.9044 0.0000
-12.0583 0.0000
-12.0113 0.0000
-12.0631 0.0000
-11.9929 0.0000
