-100.0000 -100.0000
-63.7677 0.0000
-63.8026 0.0000
-63.7851 0.0000
-63.7380 0.0000
-63.7793 0.0000
-63.6567 0.0000
-63.8108 0.0000
-63.8237 0.0000
-63.7064 0.0000
-64.0494 0.0000
-63.9467 0.0000
-63.5907 0.0000
-63.8399 0.0000
-63.4234 0.0000
-64.0276 0.0000
-63.0870 0.0000
-64.2201 0.0000
-63.1125 0.0000
-64.1716 0.0000
-62.8714 0.0000
-64.0527 0.0000
-63.2485 0.0000
-63.2182 0.0000
-63.2286 0.0000
-63.4180 0.0000
-63.3953 0.0000
-63.4078 0.0000
-63.6094 0.0000
-63.6127 0.0000
-63.3623 0.0000
-63.6997 0.0000
-63.5934 0.0000
-63.7707 0.0000
-63.3311 0.0000
-63.5789 0.0000
-63.4980 0.0000
-62.8984 0.0000
-63.5173 0.0000
-63.7068 0.0000
-63.7153 0.0000
-63.2701 0.0000
-63.3807 0.0000
-63.5826 0.0000
-63.6058 0.0000
-63.8553 0.0000
-63.7848 0.0000
-63.3983 0.0000
-63.3269 0.0000
-63.3493 0.0000
-63.7985 0.0000
-64.0072 0.0000
-63.3994 0.0000
-63.2616 0.0000
-63.4841 0.0000
-63.9433 0.0000
-63.9328 0.0000
-63.3179 0.0000
-63.3658 0.0000
-63.2277 0.0000
-63.9735 0.0000
-63.6978 0.0000
-63.4797 0.0000
-63.5121 0.0000
-63.3751 0.0000
-64.1780 0.0000
-63.8514 0.0000
-63.5360 0.0000
-63.4148 0.0000
-63.7189 0.0000
-63.8799 0.0000
-63.7996 0.0000
-63.4621 0.0000
-63.4649 0.0000
-63.3713 0.0000
-63.7077 0.0000
-63.2067 0.0000
-63.2502 0.0000
-63.3502 0.0000
-63.2458 0.0000
-63.8682 0.0000
-63.8158 0.0000
-63.2859 0.0000
-63.4836 0.0000
-63.3033 0.0000
-63.6548 0.0000
-63.2081 0.0000
-63.6146 0.0000
-63.8448 0.0000
-64.0458 0.0000
-64.2020 0.0000
-63.8678 0.0000
-63.7521 0.0000
-64.0098 0.0000
-63.7345 0.0000
-63.5616 0.0000
-64.0934 0.0000
-63.9975 0.0000
-64.2096 0.0000
-64.0125 0.0000
