-100.0000 -100.0000
-45.7133 0.0000
-45.7383 0.0000
-45.6979 0.0000
-45.7014 0.0000
-45.7174 0.0000
-45.6402 0.0000
-45.7272 0.0000
-45.7617 0.0000
-45.6503 0.0000
-45.9221 0.0000
-45.8133 0.0000
-45.7612 0.0000
-45.7226 0.0000
-45.6194 0.0000
-45.8671 0.0000
-45.3777 0.0000
-46.0253 0.0000
-45.4019 0.0000
-46.1265 0.0000
-45.2149 0.0000
-46.0304 0.0000
-45.4893 0.0000
-45.8603 0.0000
-45.2257 0.0000
-45.6076 0.0000
-45.5875 0.0000
-45.6047 0.0000
-45.5454 0.0000
-45.5649 0.0000
-45.8147 0.0000
-45.8695 0.0000
-45.8528 0.0000
-45.9552 0.0000
-45.7495 0.0000
-45.6981 0.0000
-45.6808 0.0000
-45.5126 0.0000
-45.4523 0.0000
-45.5540 0.0000
-45.8385 0.0000
-45.5445 0.0000
-45.6429 0.0000
-45.0552 0.0000
-45.8988 0.0000
-45.5716 0.0000
-44.8896 0.0000
-45.8746 0.0000
-45.5462 0.0000
-44.7671 0.0000
-45.7399 0.0000
-45.6894 0.0000
-44.9460 0.0000
-45.8086 0.0000
-45.6456 0.0000
-44.8423 0.0000
-45.9218 0.0000
-45.6477 0.0000
-44.9683 0.0000
-45.5935 0.0000
-45.7438 0.0000
-44.8943 0.0000
-45.9725 0.0000
-45.7682 0.0000
-44.7491 0.0000
-46.0661 0.0000
-45.8412 0.0000
-45.0386 0.0000
-45.8908 0.0000
-45.9256 0.0000
-44.8971 0.0000
-45.8586 0.0000
-46.0032 0.0000
-45.0090 0.0000
-45.6590 0.0000
-45.8974 0.0000
-44.5583 0.0000
-45.7668 0.0000
-45.9560 0.0000
-44.7258 0.0000
-45.4278 0.0000
-45.9595 0.0000
-45.8329 0.0000
-45.9229 0.0000
-45.9772 0.0000
-46.2392 0.0000
-46.1138 0.0000
-46.2585 0.0000
-46.1957 0.0000
-46.3672 0.0000
-46.7332 0.0000
-46.0418 0.0000
-46.6091 0.0000
-46.8302 0.0000
-46.7112 0.0000
-46.1735 0.0000
-46.5307 0.0000
-46.3205 0.0000
-46.5866 0.0000
-46.5068 0.0000
