-100.0000 -100.0000
-88.9529 0.0000
-89.0015 0.0000
-88.9771 0.0000
-88.9298 0.0000
-89.0284 0.0000
-88.8107 0.0000
-89.0497 0.0000
-89.0472 0.0000
-88.8971 0.0000
-89.3592 0.0000
-89.2191 0.0000
-89.0462 0.0000
-88.7316 0.0000
-88.7702 0.0000
-89.0119 0.0000
-88.2998 0.0000
-89.0159 0.0000
-88.3469 0.0000
-88.9307 0.0000
-87.9832 0.0000
-88.7250 0.0000
-88.5172 0.0000
-88.4779 0.0000
-88.5315 0.0000
-88.7275 0.0000
-88.4852 0.0000
-88.4625 0.0000
-89.6482 0.0000
-89.0771 0.0000
-89.7408 0.0000
-89.6701 0.0000
-89.4786 0.0000
-89.7597 0.0000
-88.0833 0.0000
-87.9558 0.0000
-87.9819 0.0000
-87.6860 0.0000
-87.5402 0.0000
-87.6950 0.0000
-87.9983 0.0000
-89.3299 0.0000
-88.8750 0.0000
-88.7248 0.0000
-88.3555 0.0000
-88.0482 0.0000
-88.7027 0.0000
-89.0364 0.0000
-88.4268 0.0000
-87.9177 0.0000
-87.7879 0.0000
-88.9999 0.0000
-89.1746 0.0000
-88.3305 0.0000
-88.0955 0.0000
-88.0233 0.0000
-88.9160 0.0000
-89.1937 0.0000
-88.5135 0.0000
-87.7421 0.0000
-88.1770 0.0000
-88.6056 0.0000
-89.3049 0.0000
-89.3862 0.0000
-87.6162 0.0000
-87.8734 0.0000
-89.0995 0.0000
-88.0775 0.0000
-89.0064 0.0000
-88.8455 0.0000
-88.5017 0.0000
-88.5866 0.0000
-88.7849 0.0000
-88.7564 0.0000
-88.3929 0.0000
-88.2744 0.0000
-87.9121 0.0000
-88.5495 0.0000
-88.6200 0.0000
-88.2283 0.0000
-88.4758 0.0000
-88.5985 0.0000
-88.4892 0.0000
-88.7913 0.0000
-88.4944 0.0000
-89.0023 0.0000
-88.4111 0.0000
-89.0006 0.0000
-88.4365 0.0000
-88.7105 0.0000
-88.8949 0.0000
-88.6799 0.0000
-88.3768 0.0000
-89.1571 0.0000
-88.3873 0.0000
-88.8656 0.0000
-89.3068 0.0000
-88.6535 0.0000
-87.7797 0.0000
-89.7541 0.0000
