-100.0000 -100.0000
-16.8409 0.0000
-16.8501 0.0000
-16.8455 0.0000
-16.8331 0.0000
-16.8439 0.0000
-16.8243 0.0000
-16.8281 0.0000
-16.8726 0.0000
-16.8425 0.0000
-16.9000 0.0000
-16.9596 0.0000
-16.8974 0.0000
-16.8621 0.0000
-16.8219 0.0000
-16.8601 0.0000
-16.7623 0.0000
-16.8116 0.0000
-16.8120 0.0000
-16.8607 0.0000
-16.7730 0.0000
-16.7135 0.0000
-16.9029 0.0000
-16.8968 0.0000
-16.8949 0.0000
-16.9589 0.0000
-16.9554 0.0000
-16.9704 0.0000
-16.9634 0.0000
-16.7966 0.0000
-17.0245 0.0000
-17.0476 0.0000
-17.0331 0.0000
-17.0775 0.0000
-16.9870 0.0000
-16.9879 0.0000
-16.9654 0.0000
-16.8886 0.0000
-16.8632 0.0000
-16.9230 0.0000
-17.0310 0.0000
-17.0279 0.0000
-17.0068 0.0000
-16.8220 0.0000
-16.8610 0.0000
-16.9986 0.0000
-16.7653 0.0000
-16.8592 0.0000
-17.0055 0.0000
-16.7205 0.0000
-16.7942 0.0000
-17.0723 0.0000
-16.7819 0.0000
-16.8393 0.0000
-17.0449 0.0000
-16.7745 0.0000
-16.8770 0.0000
-17.0572 0.0000
-16.7698 0.0000
-16.7605 0.0000
-17.0837 0.0000
-16.7579 0.0000
-16.8846 0.0000
-16.7734 0.0000
-16.8466 0.0000
-16.9562 0.0000
-16.8836 0.0000
-16.8757 0.0000
-16.9026 0.0000
-16.9317 0.0000
-16.9598 0.0000
-16.9520 0.0000
-16.9770 0.0000
-16.8086 0.0000
-16.8209 0.0000
-16.7491 0.0000
-16.7497 0.0000
-16.7193 0.0000
-16.7218 0.0000
-16.6032 0.0000
-16.7046 0.0000
-16.7135 0.0000
-16.6900 0.0000
-16.7316 0.0000
-16.7258 0.0000
-16.8188 0.0000
-16.7921 0.0000
-16.8709 0.0000
-16.8465 0.0000
-16.8892 0.0000
-16.9743 0.0000
-16.9613 0.0000
-16.9227 0.0000
-16.9457 0.0000
-16.8981 0.0000
-16.7784 0.0000
-16.9811 0.0000
-16.9022 0.0000
-16.9642 0.0000
-16.8568 0.0000
