-100.0000 -100.0000
-8.6546 0.0000
-8.6593 0.0000
-8.6570 0.0000
-8.6506 0.0000
-8.6562 0.0000
-8.6461 0.0000
-8.6481 0.0000
-8.6709 0.0000
-8.6554 0.0000
-8.6850 0.0000
-8.7156 0.0000
-8.6836 0.0000
-8.6655 0.0000
-8.6449 0.0000
-8.6645 0.0000
-8.6142 0.0000
-8.6395 0.0000
-8.6397 0.0000
-8.6648 0.0000
-8.6197 0.0000
-8.5891 0.0000
-8.6576 0.0000
-8.5615 0.0000
-8.5663 0.0000
-8.6898 0.0000
-8.6307 0.0000
-8.6265 0.0000
-8.6161 0.0000
-8.7035 0.0000
-8.6519 0.0000
-8.6255 0.0000
-8.6787 0.0000
-8.6495 0.0000
-8.6410 0.0000
-8.6426 0.0000
-8.5702 0.0000
-8.6215 0.0000
-8.5996 0.0000
-8.6793 0.0000
-8.6751 0.0000
-8.5026 0.0000
-8.5548 0.0000
-8.6756 0.0000
-8.5556 0.0000
-8.6827 0.0000
-8.5528 0.0000
-8.6721 0.0000
-8.5464 0.0000
-8.6357 0.0000
-8.5355 0.0000
-8.6696 0.0000
-8.5427 0.0000
-8.6681 0.0000
-8.5318 0.0000
-8.6449 0.0000
-8.5394 0.0000
-8.6558 0.0000
-8.5265 0.0000
-8.6067 0.0000
-8.5254 0.0000
-8.5965 0.0000
-8.5431 0.0000
-8.5560 0.0000
-8.5375 0.0000
-8.5833 0.0000
-8.5811 0.0000
-8.6093 0.0000
-8.7951 0.0000
-8.6326 0.0000
-8.6911 0.0000
-8.7922 0.0000
-8.6713 0.0000
-8.6505 0.0000
-8.7297 0.0000
-8.6295 0.0000
-8.4613 0.0000
-8.6967 0.0000
-8.7019 0.0000
-8.5933 0.0000
-8.5012 0.0000
-8.6989 0.0000
-8.6931 0.0000
-8.6160 0.0000
-8.6105 0.0000
-8.6541 0.0000
-8.6355 0.0000
-8.6733 0.0000
-8.6668 0.0000
-8.6873 0.0000
-8.7329 0.0000
-8.6866 0.0000
-8.6652 0.0000
-8.6746 0.0000
-8.6466 0.0000
-8.5968 0.0000
-8.6055 0.0000
-8.6219 0.0000
-8.6650 0.0000
-8.6733 0.0000
