-100.0000 -100.0000
-23.4922 0.0000
-23.5051 0.0000
-23.4986 0.0000
-23.4813 0.0000
-23.4965 0.0000
-23.4690 0.0000
-23.4744 0.0000
-23.5365 0.0000
-23.4944 0.0000
-23.5747 0.0000
-23.5789 0.0000
-23.4025 0.0000
-23.3555 0.0000
-23.3042 0.0000
-23.3574 0.0000
-23.2230 0.0000
-23.2870 0.0000
-23.2831 0.0000
-23.3531 0.0000
-23.1633 0.0000
-23.2815 0.0000
-23.3342 0.0000
-23.4434 0.0000
-23.6240 0.0000
-23.3073 0.0000
-23.5773 0.0000
-23.4981 0.0000
-23.3603 0.0000
-23.5551 0.0000
-23.4365 0.0000
-23.5188 0.0000
-23.5446 0.0000
-23.5377 0.0000
-23.3361 0.0000
-23.1080 0.0000
-23.1568 0.0000
-23.3397 0.0000
-23.4584 0.0000
-23.6921 0.0000
-23.6997 0.0000
-23.6034 0.0000
-23.4624 0.0000
-23.5502 0.0000
-23.5720 0.0000
-23.5681 0.0000
-23.5297 0.0000
-23.5015 0.0000
-23.5672 0.0000
-23.4246 0.0000
-23.3966 0.0000
-23.6272 0.0000
-23.5550 0.0000
-23.5316 0.0000
-23.5017 0.0000
-23.4537 0.0000
-23.6280 0.0000
-23.5743 0.0000
-23.5841 0.0000
-23.3780 0.0000
-23.5863 0.0000
-23.5027 0.0000
-23.5805 0.0000
-23.6015 0.0000
-23.3828 0.0000
-23.7224 0.0000
-23.6374 0.0000
-23.6205 0.0000
-23.5559 0.0000
-23.5656 0.0000
-23.6080 0.0000
-23.5127 0.0000
-23.5757 0.0000
-23.5368 0.0000
-23.3509 0.0000
-23.5005 0.0000
-23.3049 0.0000
-23.3864 0.0000
-23.6377 0.0000
-23.3357 0.0000
-23.5662 0.0000
-23.5465 0.0000
-23.5111 0.0000
-23.5786 0.0000
-23.5594 0.0000
-23.6668 0.0000
-23.4519 0.0000
-23.5885 0.0000
-23.5127 0.0000
-23.6155 0.0000
-23.7233 0.0000
-23.4867 0.0000
-23.4799 0.0000
-23.6570 0.0000
-23.4806 0.0000
-23.3056 0.0000
-24.0623 0.0000
-24.1485 0.0000
-24.2963 0.0000
-24.2464 0.0000
