5.00 50000.00 4.00 100.00 0.05 0.50 0.00 0.01 86.85 14.02 96.93 92.89 8.76 99.52 8.80 45.10 148.43 45.66 2739.00 1.63e-04 6.85e-04 Cancer_1 
5.00 50000.00 4.00 100.00 0.05 0.50 0.00 0.01 84.09 14.50 96.52 92.38 8.89 99.52 7.62 48.01 154.01 21.16 1269.00 1.31e-04 5.66e-04 Cancer_2 
5.00 50000.00 4.00 100.00 0.05 0.50 0.00 0.01 93.71 4.42 96.93 98.03 2.48 99.52 14.97 45.32 156.52 13.25 795.00 1.02e-04 3.83e-04 Cancer_3 
5.00 50000.00 4.00 100.00 0.05 0.50 0.00 0.01 82.99 13.26 96.73 91.05 8.09 99.52 23.11 37.39 159.57 9.17 550.00 3.46e-03 2.42e-02 Cancer_4 
6.00 50000.00 4.00 100.00 0.05 0.50 0.00 0.01 78.73 0.36 79.45 78.06 0.43 79.21 1.87 8.86 2509.18 79.25 4755.00 8.29e-05 4.29e-04 bank-additional_0 
6.00 50000.00 4.00 100.00 0.05 0.50 0.00 0.01 61.86 15.20 80.13 59.22 16.60 79.08 3.10 24.55 2498.07 43.48 2608.00 1.44e-04 6.05e-04 bank-additional_1 
6.00 50000.00 4.00 100.00 0.05 0.50 0.00 0.01 78.33 1.04 79.62 77.85 0.93 79.99 6.12 6.95 2520.67 32.57 1954.00 6.01e-05 2.70e-04 bank-additional_2 
6.00 50000.00 4.00 100.00 0.05 0.50 0.00 0.01 77.01 1.51 79.17 76.59 1.15 78.57 8.00 12.32 2357.36 29.75 1784.00 4.62e-05 2.71e-04 bank-additional_3 
7.00 50000.00 4.00 100.00 0.05 0.50 0.00 0.01 86.17 8.23 95.33 81.30 7.51 90.14 3.47 12.93 8755.30 102.28 6136.00 1.35e-04 5.79e-04 PenDigit_0 
7.00 50000.00 4.00 100.00 0.05 0.50 0.00 0.01 66.62 23.67 87.67 64.56 21.93 83.50 1.90 5.02 9437.97 61.38 3682.00 1.07e-04 5.01e-04 PenDigit_1 
7.00 50000.00 4.00 100.00 0.05 0.50 0.00 0.01 10.22 1.13 12.56 10.33 0.96 12.46 5.44 7.32 9362.12 51.92 3115.00 4.90e-05 3.21e-04 PenDigit_2 
7.00 50000.00 4.00 100.00 0.05 0.50 0.00 0.01 60.59 17.08 80.45 57.55 17.05 76.44 7.33 6.23 8940.59 44.70 2682.00 3.71e-05 2.43e-04 PenDigit_3 
8.00 50000.00 4.00 100.00 0.05 0.50 0.00 0.01 89.34 14.91 100.00 90.71 12.27 100.00 2.67 17.98 23277.94 253.98 15239.00 3.26e-05 2.52e-04 chess_0 
8.00 50000.00 4.00 100.00 0.05 0.50 0.00 0.01 75.65 18.19 100.00 75.93 17.73 100.00 3.10 14.20 23783.42 188.79 11327.00 1.09e-04 5.54e-04 chess_1 
8.00 50000.00 4.00 100.00 0.05 0.50 0.00 0.01 95.77 6.65 100.00 96.03 6.30 100.00 7.03 9.12 24273.35 185.52 11731.00 3.12e-03 2.45e-02 chess_2 
8.00 50000.00 4.00 100.00 0.05 0.50 0.00 0.01 72.80 18.57 100.00 69.77 23.08 100.00 8.89 7.54 23757.51 130.57 7834.00 2.82e-05 1.60e-04 chess_3 
5.00 50000.00 4.00 100.00 0.05 0.50 0.00 0.01 94.23 2.85 96.93 98.15 1.51 99.52 35.33 46.95 15.60 21.11 1266.00 1.07e-04 2.19e-04 Cancer_5 
5.00 10000.00 4.00 100.00 0.05 0.50 0.00 0.01 60.33 0.00 60.33 77.62 0.00 77.62 40.00 60.81 3.27 4.10 245.00 3.44e-05 5.58e-05 Cancer_6 
