-97.72450 -97.79980
-98.20290 -97.97100
-98.32070 -98.01810
-98.49990 -98.58600
-98.69830 -98.61890
-99.33550 -99.02970
-99.17430 -99.07390
-99.14560 -98.67550
-99.21070 -98.73740
-99.03070 -98.69610
-98.95920 -98.59190
-98.55690 -98.45340
-98.78070 -98.52210
-98.73620 -98.41340
-98.41260 -98.07690
-98.54490 -98.15020
-98.92440 -98.44490
-98.87180 -98.48600
-98.80090 -98.32410
-98.74140 -98.43600
-98.76840 -98.53010
-98.87770 -98.55000
-98.82200 -98.59680
-98.32070 -98.27030
-98.63680 -98.38710
-98.71820 -98.40240
-98.39430 -98.31260
-98.27810 -97.89350
-98.04520 -97.81290
-98.04210 -97.84150
-97.84840 -97.80710
-97.45630 -97.46310
-97.40940 -97.03570
-97.60160 -96.96650
-97.47030 -96.67440
-97.25650 -96.80540
-97.07180 -96.38170
-96.77780 -96.23500
-96.95290 -96.05670
-96.75430 -95.70780
-97.03940 -95.57320
-97.27770 -95.51830
-97.10850 -95.25210
-96.82860 -94.90430
-96.45160 -94.18230
-96.50450 -93.92800
-96.29550 -93.68620
-96.11750 -93.01880
-96.06750 -93.13430
-96.14630 -92.71140
-96.27690 -92.75690
-96.43170 -92.56660
-96.22420 -92.53460
-95.95970 -91.37560
-95.84370 -90.98430
-96.04040 -90.95260
-95.86850 -91.39640
-95.74250 -90.27150
-95.86220 -90.56860
-96.00690 -90.89420
-95.49550 -89.50640
-95.38440 -89.32610
-95.09740 -88.66040
-95.21460 -89.19440
-94.86750 -88.17850
-94.75590 -87.95360
-94.95370 -88.43350
-94.98250 -88.10340
-95.15020 -88.41390
-95.16250 -88.02430
-95.13980 -87.96650
-95.30800 -88.21640
-95.11510 -87.89310
-94.92100 -87.53390
-94.99950 -86.88780
-95.00000 -86.80800
-94.78310 -86.81910
-94.55830 -86.31420
-94.28980 -86.03650
-94.06950 -85.98260
-93.98150 -85.53680
-94.33000 -86.32160
-94.00530 -85.53830
-93.62880 -84.12750
-93.60090 -84.19750
-93.45390 -83.43610
-93.30340 -82.53790
-93.34020 -82.67410
-93.27590 -81.49870
-93.43150 -82.05340
-93.45970 -81.77310
-93.32790 -81.41640
-93.42260 -81.84000
-93.41300 -82.19060
-93.23620 -81.95800
-93.31640 -82.76150
-93.23820 -82.50550
-93.41870 -82.92620
-93.63940 -82.95580
-93.49360 -81.45090
-93.47820 -81.40320
-93.73850 -81.75900
-93.64950 -82.09230
-93.49750 -82.62680
-93.31670 -82.78450
-93.41710 -83.21330
-93.52520 -82.47030
-93.65340 -83.23570
-93.51540 -82.93720
-93.60310 -83.08040
-93.44080 -82.17320
-93.35530 -83.11970
-93.35480 -82.54770
-93.26840 -82.82990
-93.16960 -82.78010
-92.88310 -81.53250
-92.96450 -82.08440
-92.73180 -80.85980
-92.57840 -80.29580
-92.40660 -79.54390
-92.33980 -79.44390
-92.41080 -80.59910
-92.38530 -79.62340
-92.11930 -79.64990
-92.42190 -80.72950
-92.41330 -80.59380
-91.99570 -79.02440
-91.90190 -79.00800
-92.10640 -79.31540
-91.96520 -79.00860
-91.87950 -78.66820
-92.03200 -79.44720
-92.13930 -79.29950
-92.24770 -81.45200
-91.91840 -79.46930
-91.74960 -79.17720
-92.01000 -79.88850
-91.97160 -80.26540
-92.01820 -79.88950
-91.74060 -79.17920
-91.85100 -79.62990
-91.66890 -77.82900
-91.65340 -77.95340
-91.64880 -76.55790
-91.67400 -76.23160
-91.72630 -77.01990
-91.85690 -77.24410
-92.02640 -77.63800
-91.77430 -76.49670
-91.81060 -76.69620
-91.77600 -76.39700
-91.90740 -76.82610
-91.65890 -76.20610
-91.64760 -75.60770
-91.79940 -76.37700
-91.57590 -76.22800
-91.53250 -75.66080
-91.40790 -76.01920
-91.54710 -76.63320
-91.40270 -76.13870
-91.54380 -76.53800
-91.38900 -75.27380
-91.56930 -75.30700
-91.48900 -75.11420
-91.66230 -75.10440
-91.60350 -75.22000
-91.52890 -76.09640
-91.66790 -75.88760
-91.76890 -76.18280
-91.90330 -76.66970
-91.67820 -76.01130
-91.75550 -76.86940
-91.85450 -76.47670
-91.97970 -77.12900
-91.64760 -76.82420
-91.83400 -77.17370
-91.56240 -76.46900
-91.77930 -76.93930
-91.55110 -76.77800
-91.75390 -76.87490
-91.58430 -76.83790
-91.75070 -76.94270
-91.92190 -77.23620
-91.69920 -76.81940
-91.87300 -76.83490
-91.66490 -76.35060
-91.94240 -76.34320
-91.71800 -76.07530
-91.65020 -75.90230
-91.89480 -77.09780
-91.67050 -75.73270
-91.77950 -75.26450
-91.84890 -74.90010
-91.78610 -74.41340
-91.20440 -72.79470
-90.93270 -71.77860
-90.94670 -72.14310
-90.69130 -71.65090
-90.69720 -71.65270
-90.49900 -70.84210
-90.51220 -69.40590
-90.49040 -69.55660
-90.35540 -69.33540
-90.52010 -70.26360
-90.28290 -68.58710
-90.36440 -68.74010
-90.32490 -68.78600
-90.68830 -70.09720
-90.42760 -70.05710
-90.24850 -68.72660
-90.23470 -69.17290
-90.04970 -67.76460
-89.98130 -67.80130
-89.84510 -68.46550
-89.61840 -68.48400
-89.41250 -68.99240
-89.24130 -68.54930
-89.41890 -69.20960
-89.29290 -69.45280
-89.25130 -69.10290
-89.27000 -68.60740
-89.42270 -68.74040
-89.72760 -69.53990
-89.81320 -70.01810
-89.80400 -70.41540
-89.85320 -70.30190
-89.83030 -70.20590
-89.72140 -69.58750
-89.66710 -69.93270
-89.83440 -69.80230
-89.38330 -68.89340
-89.37060 -68.65420
-89.45800 -68.77380
-89.56890 -69.29490
-89.87590 -69.72230
-89.67370 -69.11070
-89.79690 -69.45860
-89.82180 -68.72100
-89.80060 -69.07550
-89.92390 -69.19530
-89.89570 -68.60100
-90.12720 -69.26270
-90.01250 -69.71000
-90.06570 -68.95510
-90.21510 -69.68290
-90.09930 -68.87760
-90.16830 -69.30330
-90.11560 -68.65140
-90.15140 -68.08490
-90.23680 -68.42860
-90.50250 -69.02650
-90.33570 -69.54120
-90.22230 -69.22920
-87.07850 -87.09630
-87.18980 -87.14350
-87.42100 -87.19110
-87.47400 -87.22790
-87.44720 -87.31180
-87.77320 -87.49550
-87.78230 -87.45970
-87.99180 -87.48930
-88.12480 -87.53100
-88.15380 -87.61970
-88.05900 -87.66730
-87.92860 -87.54220
-87.96320 -87.49100
-87.91530 -87.50060
-88.11600 -87.61770
-88.06470 -87.65640
-87.88550 -87.53760
-87.53560 -87.43790
-87.65360 -87.45830
-87.30660 -87.29000
-87.25570 -87.16820
-87.34310 -87.22100
-87.51710 -87.24540
-87.75650 -87.40520
-87.83540 -87.42840
-87.65270 -87.35580
-87.80390 -87.34560
-87.78670 -87.52970
-87.80090 -87.50760
-87.82530 -87.55520
-87.88910 -87.61650
-87.63490 -87.54470
-87.42420 -87.39910
-87.34280 -87.32460
-87.55520 -87.40680
-87.50770 -87.44270
-87.42470 -87.39870
-87.32470 -87.39120
-87.06790 -87.10130
-87.00490 -87.21580
-86.85680 -86.83940
-86.93130 -86.72150
-87.04580 -86.79340
-87.18540 -86.98070
-87.04460 -87.00660
-87.03570 -86.78450
-86.89220 -86.66900
-86.94070 -86.81130
-86.71420 -86.72400
-86.79630 -86.89210
-86.99060 -86.85800
-87.17670 -86.86520
-87.05120 -86.79220
-86.87320 -86.69300
-86.60170 -86.45130
-86.60370 -86.39530
-87.06230 -86.32090
-87.10600 -86.39400
-86.32650 -86.28460
-86.31610 -86.25300
-86.44570 -86.16060
-86.37270 -86.14890
-86.52060 -86.11210
-86.23770 -86.04650
-86.38640 -86.01820
-86.47320 -86.15430
-86.05870 -85.89680
-85.57310 -85.34220
-85.61750 -85.33360
-85.67640 -85.37580
-85.56260 -85.21730
-85.68750 -85.30680
-85.80400 -85.56200
-85.41120 -84.96620
-85.31070 -84.90440
-85.26390 -84.93320
-85.18940 -84.85890
-85.29190 -84.96630
-85.31390 -84.84260
-85.51220 -85.01700
-85.63370 -85.28860
-85.65960 -85.29030
-85.56930 -85.33530
-85.43540 -85.21110
-85.45570 -85.09640
-85.59030 -85.05940
-85.58510 -85.07320
-85.57420 -84.92460
-85.64220 -84.95910
-85.67760 -84.91810
-85.52150 -84.89430
-85.33920 -84.75780
-85.11200 -84.65040
-84.97990 -84.58170
-84.88230 -84.24950
-84.73690 -84.15300
-84.51390 -83.81070
-84.27840 -83.43430
-84.11940 -83.14820
-84.20190 -83.27520
-84.28240 -83.04500
-84.14700 -82.69610
-84.11660 -82.41580
-83.96340 -82.31270
-83.87120 -82.28600
-83.98880 -82.59510
-84.04700 -82.65610
-83.91230 -82.56300
-83.93320 -82.41050
-83.99040 -82.59770
-83.92680 -82.48120
-84.11720 -82.66740
-84.02010 -82.07770
-84.40150 -82.13470
-84.53080 -82.36570
-84.38860 -82.20420
-84.38780 -82.65520
-84.35370 -82.41090
-84.41960 -82.24700
-84.52570 -82.48320
-84.38990 -82.34860
-84.41290 -82.49760
-84.48800 -82.55880
-84.39520 -82.58400
-84.56560 -82.86120
-84.36490 -82.37480
-84.29880 -82.43110
-84.28550 -82.33600
-84.03170 -81.27230
-84.01090 -81.08640
-83.95080 -80.91690
-83.85750 -80.91260
-84.02850 -81.20890
-84.04190 -81.26830
-84.28940 -81.71600
-84.46950 -82.07200
-84.43120 -81.91440
-84.38280 -81.88110
-84.30150 -81.81950
-84.45030 -81.85080
-84.65250 -82.17200
-84.56960 -82.24340
-84.41260 -82.15310
-84.51130 -82.58010
-84.58320 -82.49180
-84.65910 -82.40920
-84.62740 -82.63980
-84.67730 -82.71730
-84.58610 -82.60990
-84.41760 -82.14780
-84.60290 -82.57740
-84.27060 -81.65130
-84.31710 -81.76260
-84.39090 -81.75700
-84.40540 -81.86720
-84.44740 -81.88960
-84.25710 -81.36300
-84.33790 -81.40580
-84.36690 -81.53530
-84.29730 -81.36270
-84.51320 -81.50650
-84.40320 -81.44360
-84.31800 -81.16210
-84.35540 -81.53180
-84.38830 -81.42170
-84.35230 -81.46720
-84.47290 -81.71120
-84.25080 -81.08810
-84.14870 -80.79000
-84.19220 -80.60160
-84.26140 -80.52430
-84.40500 -80.83180
-84.50730 -81.09150
-84.55500 -81.22640
-84.65330 -81.21520
-84.68320 -81.68770
-84.93250 -82.32930
-85.05330 -82.49300
-85.14240 -82.75900
-85.10040 -82.38560
-85.37930 -82.85210
-85.16320 -82.90860
-85.01690 -82.73960
-85.20690 -82.88280
-85.15040 -82.81290
-85.12640 -83.03110
-85.28310 -83.48180
-85.38120 -83.51920
-85.49820 -83.59220
-85.26700 -83.28160
-85.41300 -83.38370
-85.33360 -83.43030
-85.36110 -83.59270
-85.50260 -83.66670
-85.58810 -83.72790
-85.94250 -84.01240
-85.88120 -83.79050
-85.80070 -83.55300
-85.68260 -83.23840
-85.36270 -83.61270
-85.58640 -83.52380
-85.64300 -83.50590
-85.57790 -83.52160
-85.66340 -83.76200
-85.80900 -83.80400
-85.54430 -83.40270
-85.56970 -83.21470
-85.35700 -82.58450
-85.36110 -82.48030
-84.84260 -81.45310
-84.59450 -80.83360
-84.61300 -81.10410
-84.30890 -80.57250
-84.28780 -80.50950
-84.34070 -80.39250
-84.42630 -80.12760
-84.63930 -80.69870
-84.46500 -80.15130
-84.52220 -80.29560
-84.77420 -80.87820
-84.78780 -81.00620
-84.73240 -81.23610
-84.65460 -81.29670
-84.57100 -81.71930
-84.73660 -82.06630
-84.90720 -82.51240
-84.96810 -82.71460
-85.10670 -82.85360
-84.94770 -82.82890
-84.89690 -82.82850
-85.00000 -82.57890
-84.53710 -81.91260
-84.62370 -81.80810
-84.86420 -81.97150
-84.56590 -81.85890
-84.50870 -81.68950
-84.64130 -81.69660
-84.57220 -81.54980
-84.45630 -81.35900
-84.32960 -81.40000
-84.13750 -81.22620
-84.20300 -81.48230
-84.13730 -81.49130
-84.35650 -81.59690
-84.43330 -81.88200
-84.72180 -81.76830
-84.80440 -81.96590
-84.76580 -82.02190
-84.75140 -82.22010
-84.75280 -82.10480
-84.68800 -82.33000
-84.79500 -81.98340
-84.96810 -82.28810
-75.35000 -75.33920
-75.22570 -75.26160
-75.44520 -75.39580
-75.70250 -75.66240
-75.73940 -75.75070
-75.94170 -75.78600
-76.15490 -75.89960
-76.17100 -75.94550
-75.97850 -75.83880
-76.15720 -75.84520
-75.88940 -75.72410
-75.72150 -75.61140
-75.48960 -75.45600
-75.48760 -75.50600
-75.56630 -75.54570
-75.41440 -75.50930
-75.18420 -75.26190
-75.36240 -75.24200
-75.56270 -75.38280
-75.65710 -75.41380
-75.63770 -75.50810
-75.67140 -75.56890
-75.68120 -75.53390
-75.69840 -75.57990
-75.68260 -75.61020
-75.72270 -75.65220
-75.58340 -75.65780
-75.42810 -75.55040
-75.51380 -75.55290
-75.39200 -75.52280
-75.55360 -75.59610
-75.51220 -75.62470
-75.64250 -75.67120
-75.46120 -75.58450
-75.38750 -75.57660
-75.31370 -75.39530
-75.27550 -75.38760
-75.21810 -75.41200
-75.17600 -75.50690
-74.94550 -75.15750
-74.98930 -75.16810
-75.10760 -75.18050
-75.05380 -75.08440
-75.14140 -75.12000
-75.25690 -75.27470
-75.21170 -75.27450
-75.14460 -75.31160
-75.11320 -75.24000
-75.05680 -75.23950
-75.11880 -75.19330
-75.20720 -75.30890
-75.12280 -75.34580
-75.28450 -75.43090
-75.28430 -75.44800
-75.17020 -75.42920
-74.96370 -75.29660
-75.19560 -75.01710
-75.22800 -75.09270
-74.80220 -75.03260
-74.95470 -74.98220
-74.82030 -74.93290
-74.93680 -74.99500
-74.79920 -74.84310
-74.34180 -74.56710
-74.37870 -74.53190
-74.27560 -74.55770
-74.16910 -74.50480
-74.13510 -74.48880
-74.20200 -74.52720
-74.21470 -74.39170
-74.14010 -74.48020
-73.85230 -74.09050
-73.84040 -74.13500
-73.79130 -74.01910
-74.21270 -74.42900
-73.96550 -74.42840
-74.07780 -74.40500
-73.92170 -74.35520
-73.95280 -74.19720
-73.93070 -74.12440
-74.08050 -74.24290
-74.12330 -74.28850
-73.59650 -73.95130
-73.66040 -73.88590
-73.68490 -74.00970
-73.43990 -73.93130
-72.79340 -73.13660
-73.04550 -73.33010
-73.10480 -73.41180
-73.02580 -73.26240
-72.94520 -73.14040
-72.58960 -72.97980
-72.67970 -73.04820
-72.81960 -73.14240
-72.89220 -73.25540
-73.04680 -73.38570
-73.03950 -73.36520
-72.94520 -73.31660
-72.90300 -73.17470
-73.01710 -73.39530
-72.99500 -73.28280
-72.81500 -73.23190
-72.81710 -73.27040
-72.31420 -72.55910
-72.29350 -72.30860
-72.34340 -72.30490
-72.49190 -72.32270
-72.78500 -72.39800
-72.82340 -72.47720
-72.80830 -72.57560
-72.85650 -72.43970
-72.91800 -72.44660
-72.94000 -72.52730
-72.96950 -72.59270
-72.88970 -72.62640
-72.76830 -72.62990
-72.69890 -72.70180
-72.72870 -72.62580
-72.69360 -72.60870
-72.42880 -72.39570
-72.50290 -72.24500
-72.71430 -72.24800
-72.44470 -72.06200
-72.49990 -72.12400
-72.49140 -72.14140
-72.34550 -72.15940
-72.62730 -72.32470
-72.63060 -72.32090
-72.72490 -72.51220
-72.52010 -72.41580
-72.50370 -72.38210
-72.42510 -72.30120
-72.49430 -72.32760
-72.66300 -72.43280
-72.64790 -72.53860
-72.79580 -72.43370
-72.85490 -72.57140
-72.78580 -72.47040
-72.85090 -72.46470
-72.78450 -72.50540
-72.77320 -72.46140
-72.81380 -72.57180
-72.80320 -72.59280
-72.75340 -72.61040
-72.74980 -72.59890
-72.91240 -72.46180
-73.03910 -72.56700
-73.15190 -72.65870
-73.15910 -72.81360
-73.28510 -72.86370
-73.32960 -72.91420
-73.57090 -73.00230
-73.32940 -72.90050
-73.38640 -72.90460
-73.35420 -72.81330
-73.32580 -72.82640
-72.77420 -73.79070
-72.76430 -73.45170
-72.58530 -73.38330
-72.46380 -73.26550
-72.47720 -73.20900
-72.60220 -73.28040
-72.07460 -72.75250
-71.73520 -72.40800
-72.40190 -72.58370
-72.22770 -72.63300
-72.25990 -72.86720
-72.38990 -72.95710
-72.46060 -73.02780
-72.66620 -73.29430
-73.33460 -73.75310
-73.31510 -73.91320
-73.49250 -74.02220
-73.78370 -74.12490
-73.62810 -74.11310
-73.92620 -74.25570
-73.75870 -74.17460
-73.71310 -74.13650
-74.16820 -74.43110
-74.12220 -74.45350
-74.21440 -74.50060
-74.42890 -74.70090
-74.36570 -74.75110
-74.26810 -74.78090
-74.45490 -74.81350
-74.45300 -74.86530
-74.63270 -74.86880
-74.68890 -74.87320
-74.97460 -74.91370
-75.22670 -75.19650
-75.05770 -75.10050
-75.25460 -75.15970
-75.18430 -75.01680
-75.03320 -74.96090
-74.85420 -74.89980
-74.76710 -74.76230
-74.97420 -74.81060
-74.70940 -74.61550
-74.69310 -74.60850
-74.60130 -74.55840
-74.19870 -74.39070
-74.17360 -74.46020
-74.11610 -74.25040
-73.33030 -72.33140
-73.47960 -72.24340
-73.42320 -72.21920
-73.39560 -72.22560
-73.38770 -72.25630
-73.28570 -72.24260
-73.31560 -72.19810
-73.03020 -71.83470
-73.01100 -71.84200
-72.86020 -71.69880
-72.70690 -71.70730
-72.58340 -71.80600
-72.88770 -71.52070
-73.10980 -71.59770
-73.48990 -71.66610
-73.36120 -71.64280
-73.38410 -71.65370
-73.36210 -71.77080
-72.92790 -71.22400
-73.11230 -71.23430
-73.14820 -71.38450
-73.21220 -71.37110
-73.14960 -71.20860
-73.06220 -70.98560
-73.15560 -71.03230
-72.96520 -70.80060
-73.26330 -71.08400
-73.46490 -71.30060
-73.61010 -71.60810
-73.62700 -71.66790
-73.65070 -71.51190
-73.81390 -71.54000
-74.01670 -71.55680
-73.84840 -71.70210
-73.65460 -71.57760
-73.76860 -71.85380
-64.57490 -64.59140
-64.54740 -64.53250
-64.99070 -64.83240
-65.03670 -64.85770
-64.94730 -64.89990
-64.97780 -64.95220
-64.96470 -65.00620
-65.10510 -65.03690
-65.13490 -65.00780
-64.98970 -64.90640
-64.74550 -64.85310
-64.48840 -64.60720
-64.44380 -64.66150
-64.38290 -64.64500
-64.16030 -64.41490
-64.33720 -64.39140
-64.39700 -64.48490
-64.34180 -64.47630
-64.51430 -64.48900
-64.49760 -64.55980
-64.52240 -64.60780
-64.50120 -64.66910
-64.42640 -64.71420
-64.38690 -64.57720
-64.25500 -64.53580
-64.44760 -64.67910
-64.37560 -64.60130
-64.05040 -64.41980
-64.10250 -64.49140
-63.72170 -64.27470
-63.78700 -64.31050
-63.98230 -64.39890
-63.88360 -64.38760
-63.73570 -64.23720
-63.93310 -64.24580
-63.96670 -64.27280
-63.95270 -64.25740
-63.69520 -64.11260
-63.86480 -64.13910
-63.76470 -64.09800
-63.68750 -63.81350
-63.87810 -63.84160
-64.00410 -63.79820
-63.68600 -64.01430
-63.77530 -63.86080
-63.89540 -63.86020
-63.91820 -63.94060
-63.70120 -63.83450
-63.37980 -63.58450
-63.40130 -63.55300
-63.22940 -63.50020
-63.21110 -63.47620
-63.27330 -63.49560
-63.18820 -63.42140
-63.22100 -63.44290
-63.29420 -63.50740
-63.38400 -63.64720
-63.18940 -63.53130
-63.02670 -63.45680
-63.14180 -63.39070
-63.04910 -63.30940
-62.99410 -63.23510
-62.98540 -63.19420
-63.07170 -63.31970
-63.00230 -63.34850
-63.09180 -63.33490
-62.95950 -63.27980
-62.97850 -63.29020
-63.06210 -63.20340
-63.09570 -63.22410
-63.06550 -63.11120
-62.69380 -62.87570
-62.80640 -62.90440
-62.63050 -62.79020
-62.40230 -62.56870
-62.49060 -62.63940
-62.36800 -62.51150
-62.21600 -62.26990
-62.27450 -62.30760
-62.36420 -62.26620
-62.23750 -62.16510
-62.17350 -62.04760
-62.13840 -62.15190
-62.19920 -62.17930
-62.20360 -62.15340
-62.06880 -62.04370
-62.14860 -62.11900
-62.12700 -62.02400
-62.06470 -61.97000
-62.10630 -62.02730
-61.94910 -61.92640
-62.55420 -62.67380
-62.49950 -62.72810
-62.67450 -62.75990
-62.34280 -62.72870
-62.40100 -62.79820
-62.42790 -62.87480
-62.47680 -62.81180
-62.57570 -62.90600
-62.53770 -63.00590
-62.67570 -63.14350
-62.54680 -63.11730
-62.45430 -63.05970
-62.52690 -63.06250
-62.44550 -63.04200
-62.21900 -62.90560
-62.22620 -62.84560
-62.25600 -62.77280
-62.18760 -62.58310
-62.00170 -62.47320
-61.96440 -62.47130
-62.05080 -62.54220
-62.10490 -62.58000
-62.14530 -62.56720
-62.28320 -62.72510
-62.51460 -62.87320
-62.43950 -62.83210
-62.35750 -62.81610
-62.32460 -62.70240
-62.13060 -62.61970
-62.03420 -62.61870
-62.12150 -62.74280
-62.13910 -62.68490
-62.17840 -62.67460
-62.21340 -62.80560
-62.15610 -62.71250
-62.12470 -62.65150
-62.31010 -62.92210
-62.20530 -62.96320
-62.24440 -62.97500
-62.44710 -63.01060
-62.39880 -63.10560
-62.28530 -63.01040
-62.16780 -62.95610
-62.28670 -63.08520
-62.30460 -62.97260
-62.38450 -63.09290
-62.48450 -63.15630
-62.30730 -63.01540
-62.26300 -62.99550
-62.35170 -62.97150
-62.78750 -62.43410
-62.71250 -62.37670
-62.57440 -62.41210
-62.41730 -62.31950
-62.39570 -62.13280
-62.52420 -62.24480
-62.48460 -62.27410
-62.33670 -62.12540
-62.21050 -62.00390
-62.34100 -62.03900
-62.56270 -61.93770
-62.50450 -61.81810
-62.57030 -61.80700
-62.49030 -61.82630
-62.50190 -61.88120
-62.53090 -61.96150
-62.66740 -62.13850
-62.62860 -62.06840
-62.81200 -62.30920
-62.98010 -62.53620
-63.08700 -62.67030
-63.31970 -62.75090
-63.44200 -62.92750
-63.28430 -62.87010
-63.11310 -62.70690
-63.25860 -62.75970
-63.39070 -62.81750
-63.43340 -62.89990
-63.47350 -62.98350
-63.43320 -62.95770
-63.44930 -62.93100
-63.54090 -63.02520
-63.71100 -63.10210
-64.21160 -63.64140
-64.23680 -63.65550
-64.41210 -63.81990
-64.16120 -63.62160
-63.65580 -63.49120
-63.66650 -63.25890
-63.91060 -63.18370
-63.45250 -62.95540
-63.41420 -62.80100
-63.21520 -62.74560
-64.42490 -62.90500
-64.24940 -62.78340
-64.17610 -62.62630
-64.06650 -62.62310
-64.27830 -62.82310
-64.15850 -62.73320
-64.06430 -62.76200
-64.24220 -62.96380
-64.23510 -62.99040
-64.19900 -63.01100
-64.00970 -62.78550
-63.98290 -62.79120
-63.82910 -62.69440
-63.73400 -62.67690
-63.72530 -62.73330
-63.78410 -62.58270
-63.66880 -62.52350
-63.71740 -62.60160
-63.98420 -62.65300
-64.11150 -62.67800
-64.20090 -62.87900
-64.12840 -62.91900
-63.90220 -62.76420
-63.90280 -62.72700
-63.54900 -62.46230
-63.48260 -62.49820
-63.55440 -62.47530
-63.59190 -62.15860
-63.66860 -62.11590
-63.54290 -61.93040
-63.59370 -62.02770
-63.41050 -61.88390
-63.33360 -61.77310
-63.13810 -61.59010
-63.32120 -61.65500
-63.24620 -61.59160
-63.34510 -61.52780
-63.14480 -61.40680
-63.17990 -61.21290
-63.37170 -61.33550
-63.30430 -61.18030
-63.33160 -61.23850
-63.41630 -61.46570
-63.59060 -61.52700
-63.76290 -61.60340
-63.87310 -61.78020
-63.81690 -61.70120
-63.74980 -61.73010
-63.62190 -61.59920
-63.69100 -61.45030
-63.72680 -61.45300
-63.73550 -61.39050
-63.83520 -61.54460
-63.52620 -61.14450
-63.47830 -61.30660
-55.24830 -55.29790
-55.42290 -55.34670
-55.60200 -55.45180
-55.76540 -55.62390
-55.87320 -55.64380
-55.93560 -55.68370
-55.96350 -55.71290
-55.90340 -55.73860
-55.80140 -55.61540
-55.92900 -55.68150
-55.90560 -55.70330
-55.61040 -55.52910
-55.34730 -55.25510
-55.48360 -55.25620
-55.62300 -55.30580
-55.64340 -55.33770
-55.71550 -55.35070
-55.67980 -55.46600
-55.67950 -55.51140
-55.69580 -55.54230
-55.73180 -55.57340
-55.56210 -55.49670
-55.52300 -55.50050
-55.56950 -55.50510
-55.46710 -55.49980
-55.59550 -55.54150
-55.62550 -55.53750
-55.60200 -55.62120
-55.54010 -55.56840
-55.64290 -55.60460
-55.56680 -55.54660
-55.50530 -55.54620
-55.47730 -55.54280
-55.39790 -55.49690
-55.40260 -55.40500
-55.33490 -55.42120
-55.16730 -55.19130
-55.20970 -55.16990
-55.27240 -55.20610
-55.19960 -55.23370
-55.08770 -55.14050
-55.13940 -55.07180
-54.92600 -55.14880
-55.13360 -55.11990
-54.88110 -54.95320
-54.81100 -54.75400
-55.34060 -55.47450
-55.32830 -55.53370
-55.31980 -55.47360
-55.33610 -55.46630
-55.33120 -55.41990
-55.39330 -55.40580
-55.48130 -55.48510
-55.21610 -55.37030
-55.16460 -55.31100
-54.98940 -55.09590
-54.93120 -55.08650
-55.01750 -55.11060
-54.98800 -55.02740
-55.17040 -55.10170
-55.02390 -55.15450
-54.85480 -55.10570
-54.85830 -54.95510
-54.78330 -54.89450
-54.68820 -54.85720
-54.88210 -54.99400
-54.82090 -55.01170
-54.88760 -55.01720
-54.83400 -54.98150
-54.87430 -55.06700
-54.80310 -55.08740
-54.80330 -55.05200
-54.97760 -55.11060
-55.02910 -55.13700
-54.72830 -54.99190
-54.75630 -54.96080
-54.78040 -54.98500
-54.84350 -54.98880
-54.59120 -54.79370
-54.62630 -54.73740
-54.46290 -54.61180
-54.40370 -54.51270
-54.19920 -54.29040
-54.34210 -54.35180
-54.22640 -54.19420
-53.94240 -53.93600
-53.92730 -53.98560
-54.05070 -54.05860
-54.09970 -54.15460
-54.15260 -54.21560
-54.21470 -54.22170
-54.11980 -54.17930
-54.06360 -54.07190
-54.14250 -54.02140
-53.92780 -53.96510
-53.36070 -53.07380
-53.24490 -52.86690
-53.43350 -52.86100
-53.64000 -52.86190
-53.72920 -52.90200
-53.61710 -52.86160
-53.66720 -53.02080
-53.65990 -53.13860
-53.70810 -53.06600
-53.70700 -53.13560
-53.70870 -53.13190
-53.64170 -53.15880
-53.69850 -53.16840
-53.63580 -53.22570
-53.61100 -53.21340
-53.58050 -53.16930
-53.62970 -53.15810
-53.62290 -53.15330
-53.58120 -53.10340
-53.45000 -52.96120
-53.39440 -52.83700
-53.44750 -52.61380
-53.61290 -52.77670
-53.55470 -52.69570
-53.41520 -52.69690
-53.75600 -53.06240
-53.79000 -53.22340
-53.68350 -53.18720
-53.85190 -53.18700
-53.94270 -53.28270
-53.86980 -53.28510
-53.93810 -53.52660
-54.09690 -53.69380
-54.05940 -53.74520
-54.14360 -53.73130
-54.10780 -53.70010
-54.19120 -53.79300
-54.19990 -53.77570
-54.19890 -53.88940
-54.17630 -53.91830
-54.01830 -53.79640
-54.07030 -53.77050
-54.21620 -53.87130
-54.40580 -53.96480
-54.39090 -53.84480
-54.37250 -53.91430
-54.54860 -53.95640
-54.40750 -53.82130
-54.39640 -53.78960
-54.42940 -53.75830
-54.40490 -53.68050
-54.40760 -53.76480
-54.36920 -53.69640
-54.57400 -53.72970
-54.38510 -53.66580
-54.44620 -53.78060
-54.35060 -53.51630
-54.35990 -53.44800
-54.40030 -53.49070
-54.49230 -53.61510
-54.35310 -53.44050
-54.32230 -53.35140
-54.61810 -53.38190
-54.54010 -53.27330
-54.56320 -53.21330
-54.53590 -53.29880
-54.54020 -53.40200
-54.56100 -53.52410
-54.70310 -53.66830
-54.80220 -53.71270
-54.77110 -53.72720
-54.68100 -53.69280
-54.59370 -53.67200
-54.59610 -53.73820
-54.74020 -53.81040
-54.78340 -53.92080
-54.80190 -53.86460
-54.99800 -54.01550
-54.88820 -54.07360
-54.82540 -53.97940
-54.83830 -53.90180
-54.96700 -53.92180
-55.11000 -54.08850
-55.19550 -54.28710
-55.15680 -54.38640
-55.24750 -54.46700
-55.27630 -54.46480
-55.34220 -54.49160
-55.41320 -54.66310
-55.58580 -54.80960
-55.72320 -55.08810
-55.65170 -55.02400
-55.71320 -54.93330
-55.66090 -54.98290
-55.62170 -54.95100
-55.63070 -54.97360
-55.47020 -54.87080
-55.61380 -54.93650
-55.70450 -55.04100
-55.68380 -54.85410
-55.73790 -54.82340
-55.48480 -54.57830
-55.28320 -54.42460
-55.35940 -54.44330
-55.17600 -54.34370
-54.23210 -54.80420
-54.40220 -54.91770
-54.19310 -53.92610
-54.18300 -54.03010
-54.33960 -54.11770
-54.19020 -54.15370
-54.17650 -54.13140
-54.12860 -54.12550
-54.02340 -54.00110
-54.03180 -54.03490
-54.00660 -54.05570
-53.87620 -53.95350
-53.90750 -53.88260
-53.79500 -53.90630
-53.82830 -53.90560
-54.06500 -54.07360
-54.15340 -54.08370
-53.99540 -54.01130
-53.98050 -53.93820
-53.62290 -53.71400
-53.72720 -53.69600
-53.86320 -53.70750
-53.97080 -53.78440
-53.96020 -53.73220
-53.96240 -53.70810
-53.89430 -53.63750
-53.91020 -53.68330
-53.74780 -53.63270
-53.61020 -53.46160
-53.72210 -53.47650
-53.72500 -53.42620
-53.62530 -53.39180
-53.68070 -53.34260
-53.92870 -53.46080
-53.86400 -53.44590
-54.10380 -53.65730
-54.20680 -53.76620
-54.32500 -53.77000
-54.45480 -53.83260
-54.37060 -54.15910
-54.30670 -54.23470
-54.37170 -54.17460
-54.43620 -54.16860
-54.55040 -54.21180
-54.24690 -54.10020
-54.38810 -54.20970
-47.73760 -47.77730
-47.62710 -47.66550
-47.70120 -47.68920
-47.79470 -47.73560
-47.86580 -47.84280
-48.00530 -47.95740
-47.96940 -47.95320
-48.06700 -47.96690
-48.11080 -47.99210
-48.08470 -47.98820
-48.13790 -47.99220
-48.07600 -47.99380
-47.95530 -47.92810
-48.02170 -47.97490
-47.97790 -47.98420
-47.86680 -47.93510
-47.81300 -47.92240
-47.50500 -47.77100
-47.46050 -47.71080
-47.49100 -47.73100
-47.55400 -47.74790
-47.68820 -47.78140
-47.72550 -47.81770
-47.80370 -47.82590
-47.80770 -47.78590
-47.79030 -47.84800
-47.81280 -47.91060
-47.82330 -47.93470
-47.84370 -47.96050
-47.67960 -47.88590
-47.73310 -47.88480
-47.63880 -47.86900
-47.72330 -47.91390
-47.74200 -47.97660
-47.70520 -47.86210
-47.82270 -47.93400
-47.75830 -47.87970
-47.72370 -47.87840
-47.64440 -47.83680
-47.63580 -47.78960
-47.61250 -47.79200
-47.62980 -47.84740
-47.37550 -47.74690
-47.46330 -47.67810
-47.46260 -47.70920
-47.57120 -47.70690
-47.50180 -47.65590
-47.57910 -47.73070
-47.63800 -47.78500
-47.54450 -47.82760
-47.71270 -47.82670
-47.48520 -47.54480
-47.70580 -47.56050
-47.20800 -47.32400
-47.04460 -47.35540
-46.93950 -47.13710
-46.98400 -47.06450
-47.05550 -47.04330
-47.02880 -46.96220
-46.99300 -46.87010
-46.91550 -46.82500
-46.63580 -46.61580
-46.59140 -46.60130
-46.51020 -46.49740
-46.55190 -46.46720
-46.66000 -46.49200
-46.61240 -46.59370
-46.37190 -46.41100
-46.25740 -46.25060
-46.29880 -46.31540
-46.31160 -46.28310
-46.28370 -46.21960
-46.55850 -46.49360
-46.44320 -46.47500
-46.41860 -46.48240
-46.44550 -46.35330
-46.42580 -46.27500
-46.47720 -46.30750
-46.35960 -46.22760
-46.24590 -46.16450
-46.19810 -46.12320
-46.24570 -46.18120
-46.32560 -46.18990
-46.21070 -46.05820
-46.17710 -46.11990
-46.27420 -46.14590
-46.05940 -45.90980
-45.87400 -45.55780
-45.62910 -45.29870
-45.58720 -45.26700
-45.69510 -45.32810
-45.73780 -45.43760
-45.73740 -45.44360
-45.74860 -45.44700
-45.71050 -45.34370
-45.73530 -45.39910
-46.28470 -45.92400
-46.39560 -46.16690
-46.59550 -46.29650
-46.68500 -46.36770
-46.59070 -46.34780
-46.60970 -46.37560
-46.57370 -46.46920
-46.58590 -46.54080
-46.60480 -46.47940
-46.60980 -46.48560
-46.61510 -46.50330
-46.62340 -46.58690
-46.67980 -46.62960
-46.69750 -46.69560
-46.79380 -46.79680
-46.79150 -46.78830
-46.82380 -46.82010
-46.76520 -46.77600
-46.61750 -46.56520
-46.70030 -46.60220
-46.63240 -46.58150
-46.67780 -46.59460
-46.66130 -46.58810
-46.82910 -46.68660
-46.98500 -46.79260
-47.01010 -46.92910
-46.96580 -46.85920
-47.00040 -46.99760
-47.04120 -46.95650
-47.09250 -47.01960
-47.04240 -46.96010
-47.02460 -46.92830
-47.07660 -46.96100
-47.15230 -47.01620
-47.34190 -47.08140
-47.60620 -47.32110
-47.72320 -47.37460
-47.70570 -47.41970
-47.73730 -47.44090
-47.88990 -47.48460
-47.77690 -47.42940
-47.75340 -47.41290
-47.75860 -47.41820
-47.71960 -47.37290
-47.98700 -47.39750
-47.97230 -47.39080
-47.98310 -47.46240
-47.83630 -47.44110
-47.75990 -47.30770
-47.79830 -47.35310
-47.78010 -47.39390
-47.59790 -47.19510
-47.48570 -47.03910
-47.65030 -47.05580
-47.66710 -47.01130
-47.71660 -46.98660
-47.63600 -46.97890
-47.64800 -47.02710
-47.65120 -47.12510
-47.71420 -47.17880
-47.76630 -47.21070
-47.86970 -47.22750
-47.93780 -47.23750
-47.88270 -47.21950
-47.96750 -47.33180
-48.16680 -47.47310
-48.29480 -47.50990
-48.26460 -47.56350
-48.25260 -47.54110
-48.46390 -47.67760
-48.43440 -47.67200
-48.16500 -47.60150
-48.28990 -47.62110
-48.40190 -47.65420
-48.42130 -47.78900
-48.41720 -47.79220
-48.49100 -47.82960
-48.60000 -47.87400
-48.60350 -47.89160
-48.44900 -47.92810
-48.58310 -47.94610
-48.72910 -48.01190
-48.73880 -48.02520
-48.84040 -48.01630
-49.01120 -48.20430
-48.89980 -48.19640
-48.77040 -48.15390
-48.74140 -48.08820
-48.57800 -48.04040
-48.49490 -48.08970
-48.41820 -48.10780
-48.44370 -48.02820
-48.40410 -47.95860
-48.43770 -47.93580
-48.30070 -47.90790
-48.44750 -47.95430
-48.55060 -47.89190
-48.57580 -47.84000
-48.55190 -47.83720
-48.49270 -47.80250
-48.25810 -47.70990
-48.22770 -47.74410
-48.29950 -47.71520
-48.19660 -47.66020
-48.06850 -47.56430
-48.12320 -47.59900
-47.97970 -47.50360
-47.88590 -47.39060
-48.04130 -47.23300
-48.04950 -47.27960
-48.07480 -47.33980
-48.18910 -47.46090
-48.07320 -47.46830
-47.99750 -47.48200
-47.90260 -47.39230
-47.79330 -47.28600
-47.82230 -47.35040
-47.73530 -47.30890
-47.67850 -47.29440
-47.68410 -47.26270
-47.65720 -47.20260
-47.70720 -47.21480
-47.66590 -47.22910
-47.68400 -47.19360
-47.62930 -47.15720
-47.66830 -47.16910
-47.95400 -47.25510
-48.01930 -47.34770
-47.88450 -47.24330
-47.88770 -47.26000
-47.83540 -47.19230
-47.57570 -47.02900
-47.57540 -47.04030
-47.64630 -47.03370
-47.69580 -47.09040
-47.71740 -47.05660
-47.84420 -46.95800
-47.64610 -46.86990
-47.72780 -46.80250
-47.67690 -46.74010
-47.72300 -46.80340
-47.62230 -46.77400
-47.94890 -47.08960
-48.02990 -47.17190
-48.26920 -47.24580
-48.30800 -47.27530
-48.42470 -47.42490
-48.25110 -47.50160
-48.34280 -47.50980
-48.40180 -47.50630
-48.54230 -47.55750
-48.44370 -47.55600
-48.36570 -47.52730
-48.25280 -47.43060
-48.29890 -47.50520
-48.40160 -47.58280
-41.40970 -41.40340
-41.37140 -41.36870
-41.65410 -41.54990
-41.74710 -41.69540
-41.81400 -41.71020
-41.84800 -41.73050
-41.83680 -41.74590
-41.77520 -41.68740
-41.74760 -41.69320
-41.66140 -41.68930
-41.51710 -41.59880
-41.53350 -41.59280
-41.56410 -41.63480
-41.50720 -41.62120
-41.36270 -41.47910
-41.38980 -41.49800
-41.60220 -41.55350
-41.64010 -41.55210
-41.65500 -41.55130
-41.63240 -41.59020
-41.67260 -41.61540
-41.66700 -41.64520
-41.67600 -41.71130
-41.57690 -41.62390
-41.59920 -41.65880
-41.52260 -41.62430
-41.51410 -41.62240
-41.44180 -41.53030
-41.40930 -41.51880
-41.38320 -41.52600
-41.45050 -41.58060
-41.40210 -41.59320
-41.38900 -41.43500
-41.39280 -41.38410
-41.38910 -41.44370
-41.46950 -41.55950
-41.36220 -41.51520
-41.36020 -41.58450
-41.44630 -41.55150
-41.28090 -41.40090
-41.36440 -41.32090
-41.41100 -41.36240
-41.51120 -41.40330
-41.44520 -41.38120
-41.30390 -41.37990
-41.16550 -41.31090
-41.17810 -41.25640
-41.17100 -41.18280
-41.22490 -41.23490
-41.25800 -41.20990
-41.19270 -41.18600
-41.05370 -41.14530
-40.93340 -41.06440
-40.87690 -41.02640
-40.89700 -40.94660
-40.78220 -40.87590
-40.86860 -40.92700
-40.94480 -40.94010
-40.81490 -40.94850
-40.59850 -40.77630
-40.53850 -40.73770
-40.55000 -40.76010
-40.54300 -40.70220
-40.54790 -40.76010
-40.65750 -40.75850
-40.61340 -40.77290
-40.61700 -40.84870
-40.59220 -40.79160
-40.67980 -40.81240
-40.68150 -40.80190
-40.68830 -40.79010
-40.48820 -40.62390
-40.50220 -40.62340
-40.45670 -40.59700
-40.54560 -40.63300
-40.51530 -40.59480
-40.34390 -40.48770
-40.28660 -40.44090
-40.19640 -40.41340
-40.13060 -40.34300
-40.22230 -40.37800
-40.23600 -40.35470
-40.01330 -40.17340
-40.07810 -40.15130
-40.21110 -40.32730
-40.16910 -40.31400
-40.18610 -40.30930
-40.11480 -40.24980
-40.13210 -40.28730
-39.98920 -40.11060
-40.11280 -40.13200
-40.16580 -40.08020
-40.27050 -40.25520
-40.24240 -40.22680
-40.29270 -40.27320
-40.32940 -40.28640
-40.34080 -40.28720
-40.33750 -40.32010
-40.35140 -40.36010
-40.42240 -40.41420
-40.47410 -40.48010
-40.49160 -40.54170
-40.46660 -40.51460
-40.53880 -40.52820
-40.49990 -40.52610
-40.37740 -40.40490
-40.41450 -40.36120
-40.42180 -40.34360
-40.45500 -40.35020
-40.46490 -40.35660
-40.43300 -40.39500
-40.58040 -40.46730
-40.51250 -40.46610
-40.36070 -40.38540
-40.33690 -40.37140
-40.26400 -40.33760
-40.40820 -40.36050
-40.47730 -40.40610
-40.60130 -40.50570
-40.71770 -40.66630
-40.76840 -40.70790
-40.92230 -40.87080
-40.94000 -40.87400
-40.86010 -40.78380
-41.02830 -40.84720
-41.12570 -40.90180
-41.00130 -40.84650
-41.11860 -40.85350
-41.20450 -40.89210
-41.15580 -40.85210
-41.20280 -40.93970
-41.21150 -40.96490
-41.18380 -40.97730
-41.22090 -40.97530
-41.23100 -41.04920
-41.22010 -41.00470
-41.21760 -41.01600
-41.23160 -40.99920
-41.32930 -41.02450
-41.32630 -41.09660
-41.13010 -40.99670
-41.14720 -40.96940
-41.15170 -41.00310
-41.15910 -40.98340
-41.25400 -41.02250
-41.24930 -41.01940
-41.16990 -40.95010
-41.06430 -40.90030
-41.09280 -40.91420
-41.15840 -40.78110
-41.26270 -40.84940
-41.34360 -40.90840
-41.44330 -40.92440
-41.51250 -41.08460
-41.67610 -41.16090
-41.77700 -41.18090
-41.75500 -41.20960
-41.71670 -41.20370
-41.85290 -41.25410
-42.01430 -41.29410
-41.86940 -41.34890
-41.89680 -41.45020
-41.88130 -41.40810
-41.91310 -41.39590
-42.00140 -41.42000
-42.05040 -41.51830
-42.04060 -41.52050
-42.10140 -41.60480
-42.13580 -41.63660
-42.00940 -41.59490
-41.92590 -41.59500
-42.02780 -41.61890
-42.01340 -41.62830
-41.99050 -41.66080
-42.20560 -41.73940
-42.13530 -41.70200
-42.22080 -41.69340
-42.09390 -41.62440
-42.00690 -41.60760
-42.01860 -41.56530
-42.05330 -41.53210
-42.17320 -41.56870
-42.16870 -41.59690
-42.24180 -41.60140
-42.19860 -41.60240
-41.91750 -41.51980
-41.73440 -41.29980
-41.53250 -41.08240
-41.53550 -41.07670
-41.59960 -41.04970
-41.50690 -41.04380
-41.65790 -41.09290
-41.60240 -41.06190
-41.62290 -41.07280
-41.68250 -41.13380
-41.61990 -41.14460
-41.57120 -41.13060
-41.48320 -41.06290
-41.51510 -41.08180
-41.48520 -41.08650
-41.46950 -41.08910
-41.51120 -41.04140
-41.50390 -41.03550
-41.48530 -41.03850
-41.48300 -41.03070
-41.54800 -41.03680
-41.76350 -41.07230
-41.75930 -41.14030
-41.78980 -41.20670
-41.79860 -41.20630
-41.73800 -41.15760
-41.98070 -41.28240
-42.01400 -41.27340
-41.96600 -41.24370
-41.96310 -41.21500
-41.90230 -41.18270
-41.95210 -41.20340
-41.67040 -41.02810
-41.62980 -41.00170
-41.65980 -41.04090
-41.67590 -41.03420
-41.62690 -41.03290
-41.56340 -40.96100
-41.59910 -40.93920
-41.68760 -40.96250
-41.67320 -40.95230
-41.86910 -41.06330
-41.80400 -41.04690
-41.83450 -41.11810
-41.88630 -41.17160
-42.12570 -41.35720
-42.16580 -41.37970
-42.11260 -41.37670
-42.07230 -41.35400
-42.11700 -41.36780
-42.16290 -41.37300
-42.08880 -41.39980
-42.04060 -41.37910
-42.04120 -41.38010
-42.10030 -41.43050
-35.71330 -35.68780
-35.67640 -35.71130
-35.81540 -35.75220
-35.88140 -35.76820
-35.91280 -35.78280
-35.90410 -35.84130
-35.81390 -35.76060
-35.77100 -35.75420
-35.75720 -35.74290
-35.67640 -35.72480
-35.53300 -35.62520
-35.57770 -35.62730
-35.61120 -35.65010
-35.52030 -35.61090
-35.43460 -35.58130
-35.39530 -35.53690
-35.46050 -35.53470
-35.55250 -35.54950
-35.58780 -35.56310
-35.63050 -35.58110
-35.65580 -35.64740
-35.72810 -35.73510
-35.66500 -35.70440
-35.62460 -35.64450
-35.60290 -35.64620
-35.62160 -35.64520
-35.59140 -35.65270
-35.62550 -35.65810
-35.55380 -35.62430
-35.55340 -35.61450
-35.45940 -35.50730
-35.40560 -35.51550
-35.27090 -35.46590
-35.29180 -35.41360
-35.38450 -35.41440
-35.38380 -35.38220
-35.44380 -35.39660
-35.48620 -35.48940
-35.53300 -35.49420
-35.41310 -35.44130
-35.39880 -35.44650
-35.41080 -35.42100
-35.39680 -35.48140
-35.38650 -35.53630
-35.44020 -35.53030
-35.49360 -35.53490
-35.36090 -35.48960
-35.33870 -35.46480
-35.29200 -35.42650
-35.29800 -35.41120
-35.33010 -35.40650
-35.42450 -35.43330
-35.47530 -35.40850
-35.61130 -35.47360
-35.35470 -35.44110
-35.33810 -35.45450
-35.30440 -35.42530
-35.34180 -35.45790
-35.31100 -35.33440
-35.35100 -35.33690
-35.35550 -35.36690
-35.25980 -35.32930
-35.22500 -35.30440
-35.14250 -35.24880
-35.12230 -35.25020
-35.06350 -35.18680
-35.07850 -35.12340
-35.11550 -35.14250
-35.18180 -35.15250
-35.07910 -35.18210
-35.05070 -35.18230
-34.94550 -35.06640
-34.91490 -35.03270
-34.86500 -34.99690
-34.87540 -35.02580
-34.85500 -35.00480
-34.80740 -34.97660
-34.85750 -35.01320
-34.85840 -35.02480
-34.91170 -35.06180
-34.86940 -35.06810
-34.88590 -35.05190
-34.88150 -35.07120
-34.87090 -35.08020
-34.91480 -35.08030
-34.92990 -35.05280
-34.94030 -35.04520
-34.99760 -35.07860
-34.89580 -35.02730
-34.82890 -34.89830
-34.85050 -34.94630
-34.83890 -34.95020
-34.71820 -34.85100
-34.74430 -34.87150
-34.66640 -34.80910
-34.52560 -34.68440
-34.63080 -34.68450
-34.50030 -34.56410
-34.43020 -34.51650
-34.35290 -34.49770
-34.42830 -34.53130
-34.48080 -34.60490
-34.44660 -34.59480
-34.46890 -34.59390
-34.43090 -34.50880
-34.36030 -34.48180
-34.44220 -34.49520
-34.46360 -34.44740
-34.58030 -34.45460
-34.65430 -34.49440
-34.58520 -34.45980
-34.60970 -34.49210
-34.58840 -34.46610
-34.59880 -34.50960
-34.60860 -34.55420
-34.62770 -34.58290
-34.62050 -34.60910
-34.61800 -34.63240
-34.73380 -34.70240
-34.65530 -34.71360
-34.76160 -34.78650
-34.70630 -34.78310
-34.76330 -34.80750
-34.61000 -34.72920
-34.65180 -34.76740
-34.64970 -34.68790
-34.62120 -34.63990
-34.68510 -34.65020
-34.64680 -34.63570
-34.65620 -34.63920
-34.68530 -34.65400
-34.78080 -34.73630
-34.96580 -34.88090
-34.94250 -34.86180
-34.80050 -34.84400
-34.86720 -34.82700
-34.93210 -34.86390
-34.92480 -34.86640
-34.93040 -34.92350
-34.99310 -34.97970
-34.93950 -34.93410
-35.01070 -35.03580
-35.14550 -35.16060
-35.25990 -35.26300
-35.25230 -35.26930
-35.28090 -35.26540
-35.18320 -35.21100
-35.23590 -35.20160
-35.37580 -35.25830
-35.45560 -35.31040
-35.44010 -35.29000
-35.52130 -35.33190
-35.54140 -35.50710
-35.68420 -35.55730
-35.67740 -35.56670
-35.62140 -35.50460
-35.61410 -35.48950
-35.57300 -35.45330
-35.68200 -35.51940
-35.68980 -35.59030
-35.63620 -35.54360
-35.57110 -35.49300
-35.60920 -35.49520
-35.70820 -35.53650
-35.70280 -35.53350
-35.65450 -35.41210
-35.66340 -35.39790
-35.69960 -35.39210
-35.69240 -35.46380
-35.75420 -35.50470
-35.88710 -35.55890
-35.93260 -35.61120
-36.07240 -35.71440
-36.42230 -35.96830
-36.25900 -35.97570
-36.28360 -35.99670
-36.27000 -35.95830
-36.29730 -35.92840
-36.30840 -35.91160
-36.38690 -35.92310
-36.42320 -36.00580
-36.37060 -35.96550
-36.50420 -36.03830
-36.52950 -36.08830
-36.42480 -36.08020
-36.38130 -36.07310
-36.47740 -36.09120
-36.45970 -36.10260
-36.58250 -36.11580
-36.44250 -36.11040
-36.52100 -36.11040
-36.67080 -36.20260
-36.63930 -36.17770
-36.50700 -36.11300
-36.32520 -35.96610
-36.34490 -35.94850
-36.36420 -35.93260
-36.24350 -35.88930
-36.29270 -35.93550
-36.36950 -35.92050
-36.34210 -35.90110
-36.28090 -35.84780
-36.35670 -35.86690
-36.32040 -35.87010
-36.04930 -35.68220
-36.10930 -35.68580
-35.91160 -35.59360
-35.78970 -35.29690
-35.72070 -35.27320
-35.85390 -35.31700
-35.81700 -35.30690
-35.80300 -35.35150
-35.80890 -35.43210
-35.75690 -35.42130
-35.76290 -35.46750
-35.71140 -35.44100
-35.79160 -35.45660
-35.75510 -35.42460
-35.78980 -35.45040
-35.71390 -35.41660
-35.72680 -35.41920
-35.93380 -35.45050
-36.02520 -35.45570
-36.02900 -35.49460
-36.08390 -35.54050
-36.09690 -35.58010
-36.00690 -35.56100
-35.98260 -35.52620
-35.78230 -35.42720
-35.74940 -35.43360
-35.80090 -35.43290
-35.86370 -35.40950
-35.87260 -35.39670
-35.95940 -35.38850
-35.90080 -35.35320
-35.93800 -35.37240
-35.87650 -35.27590
-35.83770 -35.25490
-35.88100 -35.27980
-35.76710 -35.25010
-35.91050 -35.23200
-35.98420 -35.35110
-36.08610 -35.44010
-36.16470 -35.49970
-36.24860 -35.49140
-36.29510 -35.63110
-36.24030 -35.62800
-36.27500 -35.58310
-36.34780 -35.60250
-36.26130 -35.64660
-30.63610 -30.63930
-30.76890 -30.65640
-30.78670 -30.67230
-30.76310 -30.70670
-30.86300 -30.78220
-30.91290 -30.80140
-30.93750 -30.81410
-30.92300 -30.80120
-30.96320 -30.80770
-30.81380 -30.79180
-30.81810 -30.77560
-30.76290 -30.76860
-30.77960 -30.75590
-30.69040 -30.68150
-30.64920 -30.68360
-30.56410 -30.59850
-30.59780 -30.58900
-30.68520 -30.61080
-30.75710 -30.65200
-30.74380 -30.66140
-30.75610 -30.64730
-30.74190 -30.68110
-30.76730 -30.68890
-30.76050 -30.71900
-30.77930 -30.71790
-30.79500 -30.73630
-30.70200 -30.73150
-30.73810 -30.71530
-30.70660 -30.73470
-30.72710 -30.74310
-30.66240 -30.72470
-30.62280 -30.68810
-30.60600 -30.66520
-30.57510 -30.64690
-30.59050 -30.67380
-30.47290 -30.64430
-30.44680 -30.62500
-30.52800 -30.63070
-30.68810 -30.66690
-30.66040 -30.68610
-30.55570 -30.64930
-30.56000 -30.69110
-30.60450 -30.68330
-30.65480 -30.68720
-30.53740 -30.65290
-30.51680 -30.63690
-30.47780 -30.59890
-30.49900 -30.55290
-30.66940 -30.58390
-30.68720 -30.65230
-30.48890 -30.60260
-30.52090 -30.52000
-30.48640 -30.47150
-30.54530 -30.50890
-30.49890 -30.48770
-30.40390 -30.45240
-30.36810 -30.42690
-30.28260 -30.38750
-30.21860 -30.31710
-30.29180 -30.31450
-30.21090 -30.27830
-30.24000 -30.29260
-30.34050 -30.33160
-30.26540 -30.37140
-30.17450 -30.33050
-30.15480 -30.32210
-30.03740 -30.20620
-30.02220 -30.19280
-29.97790 -30.16970
-29.96120 -30.12510
-29.95680 -30.12440
-29.97770 -30.16210
-29.99650 -30.19020
-29.95420 -30.18780
-29.99330 -30.16250
-29.93550 -30.13210
-29.99050 -30.16450
-29.90840 -30.11260
-29.92370 -30.04840
-29.91720 -30.03290
-29.89080 -30.01220
-29.77250 -29.93090
-29.64590 -29.86440
-29.66330 -29.83270
-29.65610 -29.82110
-29.61390 -29.78460
-29.50190 -29.70130
-29.56130 -29.72260
-29.63170 -29.78120
-29.66450 -29.79190
-29.60760 -29.78310
-29.61420 -29.78580
-29.57160 -29.72310
-29.51550 -29.70060
-29.53030 -29.72210
-29.48200 -29.70590
-29.49690 -29.71020
-29.96380 -29.86690
-30.09860 -30.06340
-30.13190 -30.14370
-30.08880 -30.13740
-30.10000 -30.14900
-30.09790 -30.14800
-30.19650 -30.17580
-30.12270 -30.18070
-30.15750 -30.19840
-30.19220 -30.24530
-30.26120 -30.28220
-30.29740 -30.34390
-30.26060 -30.32940
-30.30990 -30.33860
-30.32080 -30.33950
-30.22400 -30.29540
-30.22040 -30.22090
-30.21520 -30.18890
-30.23460 -30.19560
-30.24500 -30.20320
-30.43910 -30.34790
-30.48660 -30.39490
-30.45080 -30.38700
-30.32310 -30.37460
-30.26470 -30.32510
-30.35990 -30.35560
-30.42210 -30.38570
-30.43160 -30.39290
-30.46670 -30.45070
-30.48310 -30.47030
-30.43970 -30.44780
-30.51520 -30.53730
-30.66020 -30.63260
-30.78280 -30.73180
-30.93250 -30.74120
-30.98630 -30.79620
-30.98230 -30.82390
-30.99210 -30.85100
-31.10990 -30.87580
-31.06740 -30.87040
-31.01820 -30.86550
-31.02160 -30.84160
-31.02560 -30.84130
-30.48520 -30.68920
-30.54820 -30.50080
-30.50830 -30.47490
-30.49440 -30.44040
-30.42770 -30.37310
-30.45300 -30.36860
-30.46670 -30.39360
-30.38610 -30.36180
-30.40380 -30.37060
-30.32020 -30.31950
-30.43500 -30.29640
-30.47400 -30.26950
-30.40630 -30.26380
-30.42550 -30.27380
-30.54000 -30.32840
-30.65710 -30.43340
-30.64260 -30.42430
-30.77300 -30.47870
-30.72640 -30.44760
-30.70320 -30.47800
-30.74800 -30.54370
-30.73450 -30.48540
-30.68180 -30.47090
-30.75970 -30.48720
-30.76080 -30.47770
-30.90870 -30.61000
-30.93790 -30.63240
-30.99870 -30.65810
-30.94330 -30.69050
-30.90830 -30.69440
-31.09130 -30.78010
-31.19720 -30.79530
-31.29880 -30.88560
-31.33500 -30.87910
-31.35470 -30.89630
-31.33890 -30.85850
-31.19750 -30.84310
-31.16340 -30.86450
-31.20680 -30.85090
-31.23220 -30.84770
-31.24130 -30.81230
-31.13420 -30.77930
-31.32620 -30.83810
-31.29460 -30.81930
-31.36300 -30.82210
-31.29370 -30.81180
-31.27020 -30.82300
-31.19450 -30.77400
-31.16730 -30.72030
-31.00550 -30.57450
-31.04910 -30.52910
-31.05700 -30.51810
-31.07710 -30.54920
-31.04010 -30.54970
-31.18480 -30.67190
-31.15080 -30.66720
-31.10490 -30.66850
-31.12210 -30.65850
-31.01950 -30.60720
-31.02260 -30.62800
-30.98850 -30.64600
-30.93420 -30.62070
-30.96220 -30.61250
-31.06940 -30.60590
-31.13210 -30.60790
-31.15900 -30.60740
-31.15470 -30.65830
-31.11760 -30.66350
-31.11260 -30.66790
-30.82800 -30.53550
-30.87070 -30.52270
-30.87250 -30.53490
-30.98420 -30.54290
-30.93910 -30.51100
-30.89420 -30.48100
-30.82400 -30.47550
-30.81100 -30.46650
-30.82300 -30.34510
-30.73250 -30.34770
-30.74730 -30.34580
-30.85620 -30.38820
-30.82060 -30.40460
-30.89000 -30.44390
-30.91220 -30.42900
-31.03320 -30.47430
-31.04480 -30.52500
-31.06700 -30.55590
-31.10020 -30.58070
-31.02960 -30.55880
-31.04330 -30.58940
-31.13220 -30.61620
-31.07170 -30.61600
-26.33270 -26.34920
-26.27690 -26.33810
-26.47270 -26.42920
-26.44210 -26.46490
-26.55090 -26.50390
-26.51460 -26.50000
-26.55850 -26.50280
-26.40110 -26.45280
-26.45220 -26.46740
-26.43540 -26.46430
-26.43780 -26.47040
-26.28560 -26.39610
-26.30570 -26.39710
-26.35670 -26.41630
-26.20480 -26.36740
-26.23990 -26.36480
-26.27060 -26.36840
-26.38550 -26.39260
-26.34830 -26.40360
-26.40030 -26.40480
-26.39990 -26.42960
-26.43650 -26.44120
-26.42760 -26.45440
-26.45980 -26.50500
-26.40690 -26.47810
-26.41330 -26.48240
-26.42220 -26.47690
-26.40030 -26.47070
-26.39700 -26.46610
-26.36430 -26.44920
-26.32930 -26.43690
-26.31490 -26.42980
-26.23290 -26.39550
-26.21230 -26.39160
-26.24150 -26.38910
-26.34750 -26.37770
-26.39300 -26.38470
-26.43000 -26.43920
-26.47090 -26.44790
-26.43450 -26.44790
-26.38630 -26.42110
-26.42720 -26.42410
-26.38080 -26.40840
-26.40580 -26.43300
-26.40780 -26.46020
-26.36380 -26.47630
-26.43150 -26.46690
-26.40660 -26.46180
-26.33540 -26.44930
-26.30820 -26.40980
-26.30180 -26.39910
-26.42300 -26.39180
-26.40690 -26.48760
-26.31060 -26.46620
-26.29650 -26.46650
-26.26920 -26.42850
-26.31770 -26.37770
-26.27280 -26.33790
-26.28880 -26.34010
-26.34290 -26.35870
-26.22900 -26.33420
-26.20770 -26.32350
-26.16920 -26.30740
-26.13450 -26.21650
-26.07140 -26.18100
-26.09590 -26.18660
-26.13370 -26.20870
-26.17550 -26.25380
-26.00080 -26.14760
-25.99660 -26.13010
-25.96250 -26.10820
-25.90390 -26.05480
-25.90120 -26.03900
-25.92560 -26.05330
-25.85500 -26.04390
-25.86740 -26.03030
-25.87630 -26.04530
-25.87520 -26.06100
-25.92090 -26.04870
-25.95230 -26.06110
-25.93830 -26.03620
-25.94020 -26.05550
-25.96800 -26.06410
-25.89110 -26.02070
-25.92560 -26.04800
-25.99550 -26.05620
-25.96950 -26.04050
-25.96260 -26.05520
-26.02060 -26.10110
-25.98910 -26.07330
-26.00690 -26.09110
-25.93940 -26.03770
-25.89490 -26.01700
-25.84580 -26.00360
-25.86740 -25.92590
-25.72920 -25.83660
-25.79200 -25.86740
-25.81020 -25.88550
-25.83590 -25.89560
-25.78670 -25.88990
-25.74220 -25.87160
-25.69890 -25.79320
-25.70340 -25.81220
-25.66760 -25.79530
-25.68510 -25.81640
-25.68410 -25.80930
-25.29630 -25.68860
-25.39530 -25.45010
-25.53460 -25.50650
-25.46310 -25.51910
-25.47490 -25.56240
-25.47840 -25.59510
-25.50580 -25.57680
-25.51380 -25.57950
-25.52830 -25.55990
-25.56020 -25.58320
-25.49690 -25.57270
-25.53070 -25.61080
-25.56220 -25.61240
-25.50830 -25.61010
-25.48810 -25.61390
-25.54770 -25.63890
-25.56690 -25.69150
-25.57730 -25.69550
-25.56820 -25.68780
-25.48730 -25.64620
-25.49100 -25.63220
-25.58890 -25.61190
-25.53480 -25.58560
-25.61510 -25.62530
-25.61640 -25.61690
-25.66830 -25.64780
-25.53840 -25.65270
-25.48640 -25.62740
-25.62730 -25.68560
-25.62490 -25.72570
-25.61640 -25.69620
-25.64950 -25.69720
-25.68940 -25.73130
-25.72690 -25.77680
-25.78230 -25.82230
-25.76130 -25.82520
-25.90940 -25.96860
-25.85170 -25.94110
-26.06530 -26.02140
-25.97520 -25.99070
-26.11310 -26.03490
-26.10110 -26.04790
-26.11370 -26.06380
-26.19860 -26.10020
-26.13640 -26.09260
-26.10930 -26.07870
-26.10730 -26.07470
-26.09550 -26.04380
-26.10090 -26.05480
-26.73680 -26.36300
-26.67760 -26.41460
-26.67230 -26.39380
-26.67940 -26.40810
-26.55690 -26.44390
-26.58150 -26.43960
-26.69150 -26.45780
-26.53050 -26.36720
-26.60180 -26.37210
-26.61770 -26.35930
-26.55310 -26.35040
-26.62360 -26.36030
-26.65710 -26.38400
-26.71350 -26.39520
-26.75900 -26.40830
-26.72650 -26.40080
-26.79370 -26.42500
-26.89560 -26.50960
-26.94640 -26.58670
-27.01030 -26.67420
-26.91520 -26.60390
-26.87220 -26.59470
-26.94570 -26.59620
-27.00220 -26.60510
-27.05300 -26.61790
-27.08840 -26.68870
-27.13900 -26.69840
-27.13520 -26.70780
-27.15080 -26.71020
-27.07510 -26.69150
-27.16500 -26.77750
-27.27750 -26.82740
-27.21680 -26.81780
-27.31910 -26.83090
-27.27050 -26.81790
-27.28250 -26.81930
-27.03560 -26.66790
-27.06390 -26.66680
-27.09460 -26.68420
-27.14240 -26.68970
-27.11700 -26.68600
-27.09110 -26.71040
-27.05880 -26.70990
-26.96390 -26.68230
-26.94970 -26.68770
-26.91990 -26.66510
-26.97030 -26.67810
-26.82240 -26.58640
-26.86640 -26.57940
-26.69130 -26.32130
-26.79390 -26.35850
-26.74720 -26.34190
-26.76820 -26.35910
-26.72910 -26.36370
-26.76750 -26.39560
-26.76290 -26.39410
-26.82970 -26.46990
-26.71530 -26.42200
-26.74330 -26.43840
-26.73100 -26.43130
-26.70920 -26.42950
-26.73210 -26.45710
-26.70050 -26.43590
-26.76040 -26.46270
-26.76180 -26.47450
-26.71880 -26.45640
-26.70700 -26.44270
-26.66330 -26.44030
-26.83160 -26.51980
-26.85570 -26.52220
-26.84980 -26.51110
-26.80090 -26.48340
-26.64020 -26.40400
-26.71900 -26.41480
-26.73940 -26.40110
-26.84160 -26.43330
-26.74330 -26.39420
-26.78330 -26.41290
-26.77630 -26.38690
-26.72590 -26.35970
-26.78610 -26.35240
-26.75930 -26.34240
-26.77570 -26.35330
-26.75210 -26.35390
-26.79460 -26.36610
-26.78560 -26.31450
-26.76390 -26.29710
-26.84110 -26.38140
-26.89880 -26.42730
-26.95400 -26.44830
-27.06830 -26.54250
-27.09130 -26.58000
-27.12990 -26.59080
-27.02390 -26.61920
-27.13250 -26.63050
-27.06320 -26.63490
-26.99150 -26.58500
