-341.97850 -342.51580
-341.80290 -342.49060
-341.51400 -342.43140
-339.98520 -342.21230
-339.15620 -342.31110
-340.29600 -342.14380
-340.40060 -341.87840
-340.40850 -341.99840
-340.57820 -341.91340
-341.42000 -342.28280
-340.21650 -342.54260
-340.13160 -342.38420
-340.29220 -342.38050
-341.02050 -342.25010
-340.12340 -342.35320
-341.03960 -342.19560
-340.75670 -342.18100
-340.32990 -341.76790
-340.84450 -341.85750
-341.01050 -342.34030
-341.15740 -342.39810
-340.87170 -341.97220
-341.28830 -342.15920
-340.92440 -342.11670
-340.39000 -341.90370
-338.91930 -340.75910
-339.59840 -341.10800
-339.03320 -341.15150
-339.54660 -340.70150
-338.56070 -340.62540
-338.30010 -340.46330
-338.55970 -340.43300
-338.42420 -340.33630
-338.55920 -340.62000
-337.63590 -339.88590
-337.31130 -339.47390
-336.52690 -339.56100
-337.51670 -339.35040
-336.45690 -338.98500
-336.97870 -339.41730
-335.53800 -337.19590
-335.78480 -336.83240
-335.19040 -337.16990
-335.50570 -336.58980
-335.79370 -337.27530
-337.21340 -337.73500
-337.18990 -336.91300
-337.33910 -336.81430
-336.14240 -337.84960
-336.55240 -338.27230
-335.90650 -337.76910
-336.37350 -337.61430
-335.49900 -336.71390
-335.29240 -336.58640
-335.71280 -336.88430
-335.04270 -336.24510
-335.68440 -336.09320
-335.49180 -335.92220
-335.16660 -335.77440
-335.30990 -335.63550
-335.59540 -335.57630
-334.58770 -335.06530
-334.28040 -334.69790
-334.47980 -334.48560
-333.90340 -334.05270
-334.80670 -333.73410
-334.68920 -333.61880
-334.87800 -334.05840
-335.16640 -334.29280
-334.97790 -334.29460
-334.26320 -333.71160
-334.00050 -334.07890
-334.41800 -333.88700
-334.49230 -334.20490
-334.10380 -333.47680
-334.60260 -334.26630
-333.86840 -334.41890
-332.68780 -333.64880
-332.48340 -333.45530
-332.70530 -332.85620
-332.26220 -332.48100
-332.04600 -332.48690
-331.63150 -332.14650
-331.67860 -332.68220
-331.76140 -332.95730
-331.98060 -332.68180
-330.92300 -331.79510
-331.38780 -330.34970
-331.18000 -330.52190
-331.56520 -332.14340
-331.13280 -330.45680
-330.75250 -330.12170
-330.78990 -329.14880
-330.77090 -327.49610
-330.23570 -326.92070
-330.32630 -329.91180
-330.08510 -326.29390
-330.18470 -326.46680
-329.95470 -334.09660
-330.23430 -334.57300
-330.14050 -334.08960
-330.37480 -334.32670
-329.92970 -334.13340
-329.76400 -334.17880
-330.29900 -334.53300
-329.87900 -334.34100
-330.30560 -334.02170
-330.10350 -334.18420
-329.43060 -334.01750
-330.11470 -334.27100
-330.31890 -334.44660
-329.70330 -333.97090
-330.37560 -334.52260
-330.43990 -334.32520
-330.98200 -334.35850
-330.28590 -334.03280
-329.71370 -334.31180
-329.53320 -334.08330
-329.71870 -333.59990
-330.26570 -334.07800
-330.24950 -334.45580
-329.98140 -334.26560
-330.16990 -333.84690
-329.96640 -334.42740
-329.83180 -334.50820
-329.85440 -334.25860
-330.44780 -334.42400
-330.69330 -334.42750
-330.10620 -334.50430
-329.33200 -333.94660
-329.57090 -333.93350
-330.91010 -333.74780
-331.07850 -334.23830
-331.06070 -334.41000
-330.61400 -334.42490
-331.16670 -334.32290
-330.87810 -334.71250
-331.28130 -334.66390
-330.90730 -333.90440
-330.41920 -333.82350
-330.99640 -333.66630
-331.27030 -333.85140
-331.84940 -333.91520
-331.73460 -333.50920
-331.43320 -333.41620
-331.63060 -333.41460
-331.24310 -333.41420
-331.24660 -333.71510
-331.41020 -333.72370
-331.55800 -333.52470
-330.63000 -332.63410
-329.58210 -332.90160
-330.08000 -332.76660
-330.24500 -333.35870
-330.88830 -333.23890
-330.36070 -333.59650
-330.49780 -333.89570
-330.57500 -333.71990
-331.65740 -334.16040
-331.99720 -334.01170
-331.57230 -334.68030
-330.92170 -334.11200
-331.59240 -334.36840
-331.62880 -334.50640
-331.21420 -333.74460
-331.60900 -333.88840
-330.54190 -333.26520
-331.03660 -333.45800
-330.61050 -333.36130
-331.71050 -333.05070
-330.41190 -333.31560
-329.22620 -333.22220
-330.13840 -333.07370
-329.21820 -333.13820
-329.63890 -332.62890
-330.17950 -332.77740
-329.94470 -332.78080
-329.46000 -331.96390
-329.10300 -332.09080
-329.54830 -332.41490
-330.11200 -332.33400
-330.13780 -332.22760
-330.55440 -332.05330
-330.10350 -332.07420
-330.01210 -332.20930
-329.63020 -332.43220
-330.22940 -332.31710
-329.93680 -331.91190
-330.43180 -332.11370
-330.43250 -335.26280
-329.94390 -335.08010
-330.36400 -334.24240
-329.80640 -332.97940
-328.85220 -333.81880
-329.18110 -334.00550
-327.74040 -332.86080
-328.19130 -333.23700
-328.40020 -333.69970
-327.29980 -333.59170
-328.12550 -333.81640
-327.86790 -333.59820
-326.84520 -332.66140
-328.00460 -332.57330
-326.07740 -331.60530
-327.30430 -332.37710
-326.40510 -332.39270
-326.17520 -332.40810
-324.40230 -330.85200
-324.60010 -330.90640
-324.03580 -331.00600
-323.41240 -330.15070
-323.15380 -329.42910
-323.72040 -329.46860
-323.81290 -329.14110
-324.48860 -329.10840
-323.38820 -329.04170
-323.46160 -328.76240
-324.25510 -328.65090
-324.27620 -329.14040
-323.68120 -328.79790
-323.99980 -328.74600
-324.13400 -329.12980
-324.05130 -329.20740
-324.04340 -329.49400
-323.95490 -329.43710
-323.30420 -329.61900
-322.28410 -328.23560
-323.81720 -327.86760
-323.23570 -327.75910
-322.91970 -328.04830
-324.45600 -328.36910
-323.20500 -328.16660
-322.88420 -327.57130
-323.10360 -326.77460
-322.91530 -326.51520
-323.06740 -326.82900
-322.70340 -326.91220
-322.76570 -326.87100
-322.76860 -326.98520
-323.48250 -327.07190
-322.45560 -327.12040
-321.93190 -325.62200
-322.19840 -325.75510
-321.63410 -325.90410
-321.27780 -325.78780
-321.83670 -325.92300
-321.41660 -325.37870
-320.84720 -324.98540
-321.33290 -324.99170
-320.76950 -325.07490
-321.06480 -325.05870
-320.78660 -324.85570
-321.93490 -324.80680
-321.74700 -325.61430
-322.48180 -325.85080
-322.72050 -325.95030
-322.67320 -326.20460
-323.23730 -326.42830
-324.12760 -326.73360
-323.90440 -326.47480
-323.89040 -326.68120
-324.93300 -327.37400
-323.90440 -328.08380
-323.43050 -327.37310
-324.99180 -328.14030
-323.65550 -327.81060
-322.84600 -327.44640
-323.92040 -327.51650
-325.33930 -328.70830
-324.94700 -328.57930
-325.54970 -328.57430
-325.19140 -328.43700
-324.98810 -328.25190
-324.64920 -328.44360
-324.39320 -328.40600
-325.65500 -328.94370
-324.21740 -328.59080
-321.10820 -326.17990
-322.10920 -326.59500
-320.96100 -326.22370
-322.00560 -326.56820
-321.71000 -325.76540
-321.22700 -325.76930
-321.41240 -328.25960
-321.12760 -328.30190
-321.58900 -327.58690
-321.04360 -327.91090
-320.17890 -327.68470
-320.47950 -327.16530
-320.51580 -327.72270
-319.62010 -327.05470
-319.63470 -326.96550
-320.50340 -327.22650
-319.88320 -326.89850
-319.99680 -326.59660
-320.14840 -327.19850
-319.86320 -326.64540
-320.10550 -326.86660
-319.93220 -326.91700
-320.17390 -326.54430
-319.67120 -325.95430
-319.73210 -326.47240
-318.83980 -325.77640
-319.69270 -326.24450
-320.64480 -326.31140
-318.63310 -326.00200
-318.84940 -325.65280
-319.40420 -326.08080
-318.91630 -326.59700
-318.45440 -326.24310
-318.96500 -326.43560
-318.51790 -325.89070
-318.96950 -325.73580
-318.11420 -325.74630
-317.87250 -325.78490
-317.75240 -325.31900
-318.14550 -325.31640
-316.42370 -324.08860
-317.15490 -324.01360
-317.15140 -324.47880
-317.82800 -324.04600
-317.10730 -324.03940
-318.52730 -324.31690
-317.15730 -324.28860
-317.66790 -323.98970
-316.95070 -323.83070
-316.54500 -323.62890
-316.81130 -323.70670
-317.36860 -323.91590
-316.42840 -322.84030
-316.03470 -322.73440
-315.85310 -322.69530
-316.52740 -322.89490
-315.44200 -322.62680
-315.28840 -321.69240
-314.78600 -321.58360
-315.10930 -321.52890
-312.86600 -319.61350
-313.80720 -320.07340
-310.64080 -318.28630
-311.73500 -318.80070
-310.69230 -318.29540
-311.70630 -318.71990
-312.07760 -318.62120
-311.92190 -318.64520
-311.78220 -318.10330
-313.22170 -318.65030
-312.50350 -318.32420
-311.61470 -318.37660
-311.99890 -318.77210
-312.13560 -318.61070
-315.08660 -319.64210
-313.81470 -319.58920
-313.55570 -319.84590
-312.64820 -319.95840
-314.22240 -319.88420
-314.24490 -319.77320
-312.79220 -319.66540
-313.15400 -319.11570
-312.73260 -318.87140
-314.17320 -319.03740
-313.28300 -320.21440
-313.16880 -319.98020
-313.58380 -319.71270
-314.56180 -319.64100
-313.00550 -319.51090
-312.57800 -320.06590
-311.10960 -319.25270
-312.20740 -319.23090
-312.58440 -319.31060
-312.69320 -319.26860
-311.80340 -319.09070
-312.20140 -318.75150
-311.54910 -318.53530
-312.32090 -318.73840
-313.42230 -319.43560
-311.72850 -317.80240
-312.43540 -318.42410
-310.40620 -318.09900
-311.33240 -318.30520
-310.14480 -318.45340
-311.63490 -318.03270
-309.57100 -318.18740
-310.83200 -319.93990
-310.90520 -319.69780
-310.85540 -320.21480
-310.45520 -320.08200
-311.16840 -319.73500
-311.55780 -319.47360
-310.66240 -319.76740
-311.30980 -319.80780
-310.28820 -319.56940
-310.30740 -319.55820
-311.32060 -319.52710
-310.47450 -319.40220
-310.21220 -319.18970
-308.63430 -319.12270
-309.98590 -318.89630
-310.33530 -319.18630
-311.63140 -319.15980
-310.49060 -319.34420
-311.09880 -319.09990
-311.86450 -319.24770
-311.63450 -319.56400
-310.79800 -319.20830
-312.18710 -319.40400
-310.76540 -319.12410
-310.71370 -319.56950
-310.27790 -319.38070
-311.75350 -319.77660
-310.20620 -319.18900
-308.38170 -318.29510
-309.26190 -318.39490
-308.80970 -317.96850
-308.55680 -317.97950
-309.17460 -318.23120
-307.82090 -318.41640
-307.79700 -318.13410
-307.18710 -317.81470
-307.41950 -318.22250
-307.33300 -318.03770
-307.75680 -318.34420
-307.61730 -318.64010
-308.24740 -317.88770
-307.45680 -317.86190
-307.31970 -317.62220
-306.91990 -317.59700
-307.56810 -317.19890
-306.23280 -317.18650
-306.30270 -317.16570
-306.41120 -317.41200
-307.35330 -317.35070
-306.33410 -317.21270
-305.84580 -317.40290
-291.73470 -292.10750
-293.03810 -292.36830
-293.62670 -292.71030
-293.01500 -293.00370
-292.01270 -292.83530
-292.08760 -292.42690
-292.42000 -292.70640
-291.96880 -292.34750
-292.07810 -292.39350
-291.40040 -292.40440
-291.22510 -292.26470
-290.90190 -291.95290
-291.50750 -292.41300
-291.03530 -292.34100
-292.54260 -292.97710
-292.34890 -292.64010
-291.44830 -292.24630
-290.68360 -292.06220
-290.98950 -291.82160
-287.96640 -290.29540
-287.78220 -290.68330
-287.71750 -290.41650
-289.32150 -290.67180
-288.22910 -290.68160
-287.46630 -290.27640
-287.60860 -290.29050
-284.97860 -289.11920
-283.74820 -287.32860
-284.17330 -287.11030
-283.65860 -286.89080
-284.03650 -286.86590
-284.38980 -286.82700
-284.14440 -284.97000
-284.41870 -286.33190
-284.25500 -287.28950
-283.71980 -285.46480
-282.71310 -284.73300
-283.01910 -285.08540
-282.91070 -284.69000
-282.53000 -284.38830
-282.15570 -282.31400
-282.68570 -283.39930
-282.42450 -283.32740
-282.96560 -283.63550
-282.69480 -283.80210
-282.50900 -282.99130
-283.11010 -282.90760
-282.56780 -282.68550
-282.95050 -282.55550
-282.99760 -281.62620
-282.64500 -279.42820
-282.83710 -277.64140
-282.82460 -279.14920
-282.57390 -276.77080
-282.18920 -276.83260
-282.08880 -277.92950
-282.07310 -276.88080
-282.05460 -276.54480
-281.86180 -275.76460
-282.71540 -275.24250
-282.69570 -276.63930
-282.73060 -272.75220
-282.78130 -274.44610
-283.28880 -274.72830
-283.23380 -274.72730
-282.73900 -274.16520
-282.45790 -275.60060
-282.54350 -276.94320
-282.13680 -274.61380
-282.49250 -276.70080
-281.69280 -274.16680
-281.13990 -273.21190
-281.17270 -272.57580
-281.11410 -275.09570
-281.08460 -277.47520
-280.65630 -273.47290
-281.32760 -275.91940
-280.84900 -273.97600
-280.68500 -273.71320
-280.82540 -273.70580
-280.76550 -275.76290
-280.41610 -277.57270
-280.69640 -275.63640
-280.60380 -276.92790
-280.76810 -277.65560
-280.96380 -278.66760
-280.73500 -277.08330
-280.52720 -277.43270
-280.92750 -280.19600
-280.76260 -275.85130
-280.86750 -276.64240
-280.41910 -275.01530
-280.60790 -273.66280
-280.50480 -271.21440
-280.21780 -271.21690
-280.02120 -273.79850
-280.13340 -269.32690
-279.90400 -283.20990
-280.15530 -283.69520
-280.21990 -283.11330
-280.01520 -283.53090
-280.43240 -283.77710
-279.79740 -283.62590
-280.28390 -283.54760
-280.09970 -283.38290
-280.09330 -283.59760
-279.84980 -283.42380
-280.11360 -283.32320
-280.23450 -283.44620
-281.14330 -284.36910
-280.78100 -283.75480
-279.87650 -283.38920
-279.96860 -283.53490
-279.74510 -283.58030
-280.12140 -283.66520
-280.61900 -283.20010
-279.99290 -283.44770
-280.56910 -283.77460
-280.08800 -283.41770
-280.03920 -283.64210
-279.81690 -283.06790
-280.59220 -283.71840
-280.35040 -283.15470
-280.31100 -283.32470
-279.74360 -283.21170
-280.34780 -283.25370
-280.33180 -283.60560
-280.57330 -283.46890
-280.14570 -283.46840
-279.94850 -283.30500
-279.72680 -283.31530
-279.93960 -283.81910
-280.33270 -283.50000
-280.35700 -283.48190
-280.04630 -283.37950
-280.48490 -283.71040
-281.01910 -283.74230
-280.27590 -283.73100
-279.63170 -283.31400
-280.18400 -283.33700
-280.25980 -283.41310
-279.88300 -282.99220
-280.28320 -283.12210
-280.48890 -283.40860
-280.08040 -283.40810
-279.78650 -283.67090
-280.36270 -283.79620
-279.97010 -283.66860
-280.28840 -283.61450
-280.49300 -283.29140
-279.79870 -283.22690
-280.28720 -283.08940
-280.23820 -283.24820
-280.69620 -283.10610
-279.77950 -283.39600
-279.72280 -282.96840
-279.82020 -283.01360
-280.23910 -283.30100
-279.72510 -283.24510
-279.78390 -283.07210
-280.07620 -283.01750
-279.89600 -282.69660
-280.24950 -283.71780
-279.98270 -283.39080
-280.10190 -283.17520
-280.23720 -283.38610
-280.12930 -283.69620
-280.58760 -283.27000
-280.08470 -283.29600
-280.49710 -283.66420
-279.62080 -283.19540
-280.14730 -282.99370
-280.13860 -283.39960
-280.02470 -283.43040
-280.42570 -283.18630
-279.89010 -283.11910
-279.86080 -282.88610
-279.78200 -283.09510
-280.03990 -283.22500
-280.10660 -282.97990
-279.85520 -283.14700
-280.29790 -283.12120
-279.96090 -283.50020
-280.35270 -282.99600
-280.98660 -283.34410
-279.95070 -282.96450
-280.94340 -283.42190
-280.25450 -283.16560
-279.95390 -283.18300
-280.03180 -283.39710
-279.65580 -282.83260
-280.54820 -283.19430
-279.96920 -283.46020
-280.87440 -283.23980
-279.79620 -283.44210
-279.99600 -283.52090
-279.85660 -283.18110
-280.25700 -283.34430
-280.59510 -283.13320
-280.15120 -283.07130
-280.06520 -283.17940
-280.59980 -283.45440
-280.04030 -284.01930
-280.29010 -284.04390
-280.59620 -283.83040
-279.83820 -283.41090
-280.44020 -283.54210
-280.37890 -283.79400
-280.15230 -283.49660
-279.85450 -283.29750
-280.10680 -283.77430
-280.34800 -284.10300
-280.07700 -283.40440
-280.95200 -284.09350
-279.90120 -283.76070
-280.34700 -284.03390
-280.69350 -283.83670
-280.05950 -283.90810
-279.94970 -283.69380
-280.51190 -283.80210
-280.05570 -283.78610
-280.14740 -283.71370
-279.73050 -283.35830
-280.27800 -283.64550
-280.23220 -283.49630
-280.71150 -283.85550
-279.91160 -283.70930
-279.42000 -283.09620
-280.57720 -283.75080
-279.84830 -283.78500
-280.22480 -283.78140
-279.65240 -283.24990
-279.35090 -283.32080
-280.08580 -283.41060
-279.89480 -283.38560
-280.06790 -283.61460
-280.00700 -283.37800
-280.48810 -283.65790
-280.50500 -284.07560
-279.66620 -284.02850
-279.84070 -283.77530
-280.39460 -283.68540
-280.33110 -284.10600
-280.34990 -283.79920
-280.35390 -283.71020
-279.66610 -283.71970
-280.37070 -283.82500
-279.74290 -284.10560
-280.32810 -283.74180
-279.74220 -283.67380
-279.91660 -283.71250
-280.12050 -283.49380
-280.15750 -283.75140
-280.31180 -283.68230
-280.30720 -283.92230
-279.66080 -283.51640
-280.12680 -284.06390
-279.85560 -283.61850
-280.14360 -284.11630
-280.29120 -283.35480
-279.90590 -283.42730
-280.13630 -283.52180
-279.52510 -283.51960
-280.53470 -283.85860
-280.07140 -283.47500
-280.04970 -283.36270
-279.77710 -283.00750
-280.10380 -283.22650
-280.31580 -283.69250
-280.25970 -283.26310
-279.70960 -283.35500
-280.08720 -283.17810
-280.30940 -283.36930
-279.55700 -283.42780
-280.47920 -283.65840
-279.44590 -283.58540
-280.29300 -283.75670
-280.30080 -283.42760
-280.16270 -283.51680
-280.57940 -283.60170
-280.66410 -283.61630
-280.89320 -283.55740
-279.78130 -283.20030
-280.48110 -283.66340
-280.28710 -283.29050
-280.02170 -283.06750
-280.36020 -283.74780
-280.60820 -283.50810
-280.07100 -283.22670
-280.33110 -283.72470
-279.93630 -283.46040
-279.62820 -283.18120
-279.39500 -283.24740
-280.13890 -283.33120
-280.41340 -282.95520
-280.32400 -283.24670
-280.12330 -283.16400
-280.39060 -283.45180
-280.61560 -283.51420
-280.75960 -283.24570
-280.61520 -283.32280
-279.69390 -282.74270
-280.34460 -285.74390
-279.73560 -285.56940
-279.53950 -285.22570
-280.58710 -285.42860
-279.73800 -285.56610
-279.91470 -285.66810
-280.01690 -285.41870
-280.17970 -285.79870
-280.15370 -285.46140
-279.70020 -285.50820
-280.08600 -285.53710
-279.88210 -285.43180
-280.01880 -285.37680
-281.00300 -286.02850
-280.00510 -285.80260
-280.62940 -285.87090
-280.47090 -285.78900
-280.28990 -285.63950
-280.11180 -285.61990
-280.12880 -285.63240
-280.20640 -285.90620
-280.41990 -285.34280
-280.50580 -285.75830
-280.19140 -285.87180
-280.46250 -286.02430
-280.35410 -285.60840
-280.22450 -285.59700
-279.86040 -285.94930
-280.22420 -285.66250
-279.82290 -285.29540
-280.15820 -285.62160
-280.06200 -285.31560
-279.68000 -285.25840
-280.00920 -285.38510
-280.15540 -285.62750
-280.19380 -285.73090
-279.78940 -285.45200
-280.59360 -285.56170
-279.90490 -285.18390
-280.33250 -285.53510
-280.59470 -285.60150
-279.83370 -285.50640
-280.03620 -285.41870
-280.32330 -285.48180
-280.46460 -285.78140
-279.73300 -285.19460
-280.06310 -285.54010
-280.46530 -285.62870
-279.98880 -285.43550
-279.63580 -285.43600
-279.58600 -285.24320
-279.39970 -284.88460
-279.91090 -285.20560
-280.52800 -285.39280
-279.42650 -285.13540
-279.50650 -285.00880
-280.33540 -285.56130
-279.70160 -285.16320
-280.41930 -285.54970
-280.27190 -285.56340
-280.10190 -285.28210
-280.32240 -285.64130
-280.18510 -285.15410
-280.46900 -285.39270
-279.80520 -284.87540
-279.74200 -285.28150
-280.57070 -285.50610
-280.85010 -285.56990
-280.23460 -285.46580
-280.14640 -285.53600
-279.69760 -285.13070
-279.89130 -285.38250
-280.77740 -285.50790
-280.02500 -285.49940
-279.80160 -285.39460
-279.61740 -285.03190
-279.84050 -285.21950
-280.27660 -285.12820
-279.71920 -285.33120
-280.10800 -285.19000
-280.15920 -285.89700
-280.55790 -285.39500
-279.91550 -285.24290
-280.15220 -285.15050
-280.65860 -285.50780
-280.32840 -285.42230
-280.25960 -285.27000
-280.12390 -285.34700
-280.78970 -285.45840
-279.69000 -285.16600
-279.55540 -285.33630
-280.59060 -285.60350
-280.10260 -285.32730
-280.30450 -285.43290
-280.71260 -285.47550
-279.93550 -284.96380
-279.88500 -287.38410
-280.01780 -287.43260
-279.91080 -287.27330
-279.88800 -287.50960
-280.07900 -287.64780
-279.97060 -287.43530
-280.49340 -287.62970
-279.81450 -287.46710
-280.04910 -287.09290
-280.12320 -287.22550
-279.82980 -287.34440
-280.55630 -287.34070
-280.35710 -287.48820
-279.63790 -287.23080
-279.62200 -287.27930
-280.70300 -287.25920
-280.43500 -287.22710
-280.66180 -287.54230
-279.89100 -287.23390
-280.60360 -287.37760
-280.10210 -287.36260
-280.28840 -287.52960
-280.38180 -287.51600
-279.90390 -287.29170
-279.64500 -287.23850
-280.39940 -287.56580
-280.11250 -287.27310
-279.74430 -287.20710
-280.32250 -287.20270
-280.00530 -287.21520
-280.13560 -287.26530
-280.26370 -287.39960
-280.02030 -287.47230
-280.35310 -287.60930
-280.34540 -287.61180
-280.47150 -287.52800
-280.23830 -287.44590
-279.60250 -287.28280
-280.15680 -287.30630
-281.02470 -287.82230
-280.78760 -287.60670
-280.22500 -287.54450
-280.13120 -287.28300
-280.13240 -287.10360
-279.92180 -287.26710
-280.01950 -287.27420
-280.84630 -287.37500
-280.30340 -287.58700
-280.29390 -287.46560
-280.14540 -287.53840
-252.12460 -252.93230
-253.45040 -253.33570
-253.89610 -253.48070
-252.68650 -253.43420
-251.91700 -252.77550
-251.74390 -252.77050
-251.67420 -252.69570
-252.14480 -252.99890
-251.73620 -252.94920
-251.69440 -252.76860
-252.51690 -252.92160
-251.73810 -252.78350
-251.96740 -252.69560
-253.36180 -253.79950
-252.75360 -253.28920
-251.61680 -252.72090
-252.10740 -252.69530
-250.88010 -252.54070
-250.67650 -252.73040
-250.65980 -252.64000
-250.40920 -252.74480
-250.33140 -252.58740
-251.52640 -252.80940
-250.75410 -252.75940
-250.69200 -252.79520
-250.99530 -252.90810
-250.40210 -252.65410
-250.14890 -252.52660
-248.86620 -251.96420
-249.81220 -251.89880
-249.16530 -251.68810
-247.99050 -251.20330
-248.83110 -251.45750
-249.05070 -251.39880
-249.05440 -251.56190
-249.75450 -251.67200
-250.26820 -252.15650
-249.89310 -251.77270
-250.17540 -251.75410
-249.35010 -251.66510
-249.57410 -251.07550
-250.04820 -251.47720
-249.42350 -251.03750
-249.20570 -250.76130
-249.19960 -250.60520
-249.38690 -251.05620
-249.57580 -251.15250
-248.57000 -250.91700
-249.16930 -250.51030
-248.75340 -250.68300
-248.35470 -250.56420
-248.49170 -250.63390
-248.86580 -250.73170
-248.86080 -250.79880
-248.87320 -251.02510
-248.41270 -250.61670
-248.10860 -250.71550
-248.52890 -250.60550
-248.32640 -250.88110
-247.88750 -250.78120
-248.08500 -250.72550
-248.22230 -250.27560
-248.98850 -250.66840
-249.14390 -251.26270
-248.72500 -251.09490
-248.84320 -251.22870
-248.81390 -251.16830
-248.22570 -251.21690
-248.32660 -251.07990
-247.54060 -251.61330
-248.00910 -251.11430
-247.65060 -250.88620
-247.09040 -250.78820
-247.00670 -250.76140
-247.08910 -250.71190
-247.38230 -250.80020
-247.28180 -250.90910
-247.42490 -251.21650
-248.62300 -251.62050
-247.84390 -251.80650
-247.88760 -252.10590
-248.54520 -252.03810
-248.99670 -252.25660
-247.98050 -250.97470
-247.25930 -251.11080
-247.08950 -251.35310
-246.72280 -250.38530
-247.36210 -250.78560
-246.74430 -250.70510
-247.39670 -250.54740
-247.86630 -250.66430
-247.07910 -250.54310
-247.50070 -250.73150
-246.93080 -250.55890
-246.40040 -250.16680
-245.93540 -249.77410
-246.68930 -250.08690
-245.93390 -249.65510
-245.41360 -249.80070
-246.00270 -249.90910
-246.62630 -250.48460
-245.67920 -250.15910
-246.35840 -250.50800
-244.53560 -249.90840
-245.00230 -249.94710
-245.96870 -250.18070
-245.97540 -249.90930
-245.64530 -250.12910
-245.49150 -250.17590
-245.50350 -250.04150
-245.25210 -249.74850
-246.07100 -250.31190
-245.18850 -249.13840
-245.70140 -249.18310
-245.29180 -249.27130
-245.71160 -249.56710
-245.97940 -249.65820
-245.91760 -249.61820
-245.37490 -249.45980
-245.48500 -249.48840
-245.95750 -249.58630
-245.70880 -249.90010
-246.25860 -249.66750
-246.12930 -249.79850
-246.08920 -250.05180
-246.36340 -250.22560
-245.50760 -250.46190
-245.84100 -250.31790
-246.25150 -250.54620
-245.40240 -249.92480
-245.69250 -250.15190
-245.34360 -250.20360
-245.85770 -250.27070
-245.78740 -249.70680
-246.03370 -249.88230
-245.16450 -249.52940
-245.97160 -249.79870
-245.86210 -249.88470
-245.22780 -249.84620
-245.52840 -249.76120
-245.70390 -249.95520
-245.38090 -249.60220
-245.58800 -249.87270
-245.31450 -248.11460
-245.33540 -247.83830
-245.99780 -248.29830
-244.91020 -247.96160
-245.15550 -248.05450
-244.82160 -248.05450
-245.47170 -248.00260
-244.47030 -247.87770
-244.65150 -247.72250
-244.90200 -247.97640
-244.43150 -247.70300
-244.62720 -247.43040
-244.71620 -247.71750
-244.28100 -247.42970
-243.84850 -247.05130
-244.06630 -247.26110
-244.46090 -247.79170
-244.26740 -247.73180
-244.44180 -248.01690
-244.11220 -247.56290
-243.68270 -246.79810
-243.72130 -247.22390
-242.76010 -246.49050
-243.06240 -246.31090
-242.63970 -246.49160
-242.93180 -245.87160
-243.08010 -246.19270
-243.04360 -246.32140
-242.97120 -245.63170
-243.31470 -245.77300
-242.39390 -245.49160
-242.53520 -245.63310
-242.75000 -246.79800
-243.26120 -246.46260
-242.92900 -246.34600
-243.20240 -246.47760
-242.95600 -246.10240
-243.00500 -246.24190
-242.92500 -246.27000
-243.37950 -246.03260
-242.56410 -245.82240
-243.41470 -245.78000
-243.34650 -245.56970
-242.95900 -245.76040
-243.05500 -245.90840
-243.60660 -245.89170
-242.60280 -245.95020
-242.80650 -245.99160
-243.41070 -246.12340
-242.87360 -245.60630
-242.10410 -244.83730
-242.41670 -245.04280
-242.47290 -244.70450
-242.14920 -244.81590
-242.10590 -245.64510
-242.45590 -245.65720
-242.35490 -245.52190
-242.33150 -245.16390
-243.28840 -245.27830
-242.91540 -245.21960
-242.86520 -245.22090
-243.13760 -246.00600
-243.89040 -245.86600
-242.86250 -245.80580
-243.29450 -245.97020
-243.45360 -246.10140
-243.39440 -246.22260
-244.03170 -246.43860
-243.47620 -246.54280
-243.60330 -246.31770
-243.47830 -246.39540
-242.38350 -245.80830
-242.61230 -245.95120
-242.71380 -245.85820
-243.06500 -246.16130
-242.50070 -246.04590
-242.18790 -245.39460
-241.41220 -245.14600
-241.99540 -245.33270
-240.77860 -244.33670
-240.53490 -244.36400
-241.34170 -245.11540
-241.37060 -244.64820
-241.47250 -244.53020
-241.24170 -244.47690
-241.27040 -244.35920
-241.07070 -244.20320
-241.57320 -244.44800
-241.15460 -244.37700
-241.63770 -244.69010
-241.98500 -244.53330
-241.96010 -244.51290
-241.70490 -244.81560
-241.61970 -244.58140
-241.46990 -244.39280
-241.33340 -244.27540
-240.61170 -244.38570
-241.06260 -244.88140
-241.66930 -244.57820
-240.36880 -244.20830
-239.71660 -243.92420
-240.82050 -243.54760
-240.61710 -243.74650
-239.97130 -243.20380
-239.72730 -243.40160
-240.60490 -243.30540
-240.98550 -243.41150
-240.54670 -243.32570
-240.79690 -243.49740
-241.16200 -243.57060
-239.96590 -243.69400
-241.60080 -244.30240
-241.51080 -244.22590
-241.49240 -243.86790
-241.46090 -244.11460
-241.56670 -244.19810
-240.98670 -244.16830
-241.13710 -244.09820
-240.88970 -244.08480
-240.80490 -243.98440
-240.54980 -243.85600
-240.83480 -244.05030
-240.33170 -244.00020
-240.68460 -243.78780
-240.96190 -244.61260
-241.93350 -244.81030
-242.19230 -245.60290
-242.03310 -245.54260
-242.25140 -245.99890
-241.28460 -245.62250
-242.30820 -245.66320
-242.10860 -245.59720
-242.13450 -245.55040
-242.03090 -245.50800
-241.12940 -245.12200
-241.81350 -245.37620
-242.50330 -245.35650
-242.02890 -245.29680
-242.05710 -245.42100
-241.70090 -245.43990
-242.30440 -245.68110
-243.09580 -246.40180
-240.49310 -245.19540
-240.46850 -244.87780
-239.97230 -244.99180
-240.53400 -244.74090
-239.27870 -244.46460
-239.65030 -244.64290
-239.67220 -243.99310
-239.87650 -244.30100
-239.69790 -244.48250
-238.62140 -244.11840
-237.86940 -243.51430
-237.17080 -243.37880
-237.37040 -243.27720
-236.70550 -242.78060
-237.14320 -242.67900
-237.54710 -242.91210
-237.88130 -243.26090
-237.84950 -243.15950
-237.67720 -243.22860
-237.43120 -243.25330
-237.56410 -243.41890
-237.89540 -243.01450
-237.54920 -242.99730
-237.92120 -242.61450
-237.90550 -242.94290
-237.09610 -242.66300
-237.91980 -242.89740
-237.32940 -242.43530
-237.88660 -242.44310
-237.22000 -242.33580
-236.35390 -242.34410
-236.83620 -242.42900
-237.17470 -242.34860
-236.25680 -241.62640
-236.18480 -241.37470
-236.02620 -241.07920
-235.79900 -241.17730
-236.17080 -241.16090
-235.42770 -241.06390
-236.32490 -241.26020
-236.00160 -241.26750
-236.54630 -241.01970
-235.02460 -240.28680
-235.51670 -240.57180
-235.92870 -240.54990
-236.46970 -240.80790
-235.87980 -240.44820
-235.76880 -241.10870
-236.64430 -241.30720
-235.40740 -240.88300
-235.21290 -240.76320
-235.20420 -240.75020
-235.84680 -240.74900
-235.38770 -240.71510
-234.98880 -240.69310
-235.62760 -240.74150
-235.71290 -240.86590
-234.96950 -240.23180
-234.85030 -239.56100
-234.26120 -239.31880
-233.92460 -238.97480
-233.53680 -238.73460
-234.56830 -238.98140
-232.49310 -237.72450
-232.51010 -237.51170
-232.55420 -237.50110
-232.15260 -237.51990
-231.81800 -237.33010
-231.26270 -236.74660
-231.02880 -236.62040
-230.56520 -235.44070
-231.16470 -235.60480
-230.90300 -235.65150
-230.80270 -235.50160
-231.32860 -235.66740
-231.12990 -235.38220
-231.43410 -235.68040
-231.20290 -235.51240
-230.60660 -235.97790
-231.66640 -235.89820
-231.24630 -235.80270
-230.65940 -235.52200
-231.19530 -235.95990
-230.20580 -235.76280
-230.73740 -235.76420
-230.48530 -235.71600
-230.73610 -235.71190
-230.00660 -235.64610
-230.43570 -235.60080
-229.40910 -235.68020
-229.70630 -235.12490
-229.67620 -235.25690
-228.78840 -234.40910
-230.20760 -235.28760
-231.22340 -234.91230
-230.74960 -235.40760
-229.19470 -234.79080
-229.88670 -235.00580
-230.80860 -235.37630
-230.86580 -235.38460
-230.62650 -234.92730
-229.67240 -234.54710
-230.44160 -234.78280
-230.46690 -234.70890
-230.58810 -234.85620
-230.57750 -234.63660
-231.00720 -235.02710
-229.86210 -234.78830
-228.77660 -234.81460
-229.64670 -234.49280
-227.47380 -234.01770
-228.55080 -234.34460
-228.48650 -234.41750
-229.08530 -234.30170
-228.94480 -234.19410
-229.26230 -234.32120
-228.24360 -234.05970
-228.64370 -234.30920
-228.81070 -234.26500
-227.92610 -233.95410
-228.08090 -234.01620
-228.30960 -234.04070
-227.87940 -233.94420
-228.63550 -233.92730
-228.06590 -233.71320
-226.58790 -233.93800
-227.15160 -233.69000
-227.77600 -233.80750
-228.38050 -233.51300
-227.75460 -233.33720
-226.73110 -233.01430
-227.38750 -233.29780
-228.42980 -233.64420
-228.95650 -234.30610
-228.51910 -234.34980
-227.57080 -233.66390
-227.49310 -233.60980
-227.47480 -233.72940
-228.03800 -234.01960
-228.02850 -233.99080
-228.08720 -234.14050
-228.19680 -233.94480
-228.90540 -234.04680
-227.84810 -233.81960
-228.21180 -234.05820
-228.30620 -233.86340
-229.02760 -234.66140
-228.59760 -234.47640
-228.50160 -234.66970
-228.62630 -234.38200
-227.50850 -234.18190
-228.31090 -234.09990
-227.71790 -233.37520
-227.64910 -233.39560
-227.31730 -233.68890
-227.63210 -233.69960
-228.27870 -233.64580
-227.84990 -233.85130
-228.04110 -233.85530
-216.90640 -217.40830
-218.39360 -217.91720
-217.07750 -218.05100
-216.96230 -217.52030
-217.21090 -217.41780
-217.06280 -217.37940
-217.11390 -217.70430
-217.28470 -217.83120
-217.43070 -217.77260
-216.79800 -217.57720
-217.12140 -217.54910
-216.99530 -217.74020
-217.60790 -217.66950
-217.09060 -217.63410
-217.33820 -217.67270
-217.27920 -217.68880
-217.33440 -217.50140
-217.32110 -217.43440
-217.75010 -217.39700
-218.12190 -217.51140
-219.07130 -218.41820
-218.43280 -218.24810
-218.04610 -217.70630
-217.76080 -217.57520
-217.80240 -217.71390
-217.58870 -217.91120
-218.23730 -217.82800
-217.89460 -217.61660
-217.38440 -217.62220
-216.59420 -217.12680
-216.14000 -217.29200
-216.14910 -217.08000
-216.54470 -217.38940
-216.42000 -217.39420
-216.69060 -217.52540
-216.22130 -217.41440
-216.43260 -217.31920
-216.11080 -216.87330
-215.43250 -216.93890
-216.11290 -216.86710
-216.05000 -216.88100
-214.57520 -216.22790
-214.93210 -215.71590
-214.39240 -215.65880
-214.79940 -215.69570
-214.79110 -215.42980
-215.00270 -215.64900
-214.58720 -215.83490
-214.05040 -215.43580
-214.68000 -215.64270
-213.89830 -215.57690
-214.56110 -215.81180
-215.26150 -215.98710
-214.63780 -215.85050
-214.88550 -215.58510
-214.84470 -215.51800
-214.38250 -215.42690
-214.34240 -215.33720
-214.90790 -215.58400
-215.09150 -215.61990
-214.84430 -215.45650
-214.86860 -215.54260
-215.19970 -215.48370
-215.13640 -215.53400
-214.80380 -215.09230
-213.78030 -214.14090
-214.11750 -214.21590
-214.11510 -214.20240
-212.95240 -213.91570
-213.50930 -214.04720
-213.74110 -213.93380
-215.07060 -214.43990
-215.22820 -214.57740
-215.10080 -214.80070
-214.68950 -214.85060
-214.54550 -215.00180
-214.43080 -215.17180
-215.17990 -215.39140
-215.31530 -215.70370
-214.16480 -215.29300
-214.60070 -216.02260
-215.19560 -215.70210
-214.83060 -215.68900
-214.57210 -215.62920
-214.55760 -215.76390
-214.51220 -215.86160
-214.85300 -215.87940
-214.60120 -216.04040
-215.07870 -216.17460
-214.40460 -215.76670
-214.61540 -215.75930
-215.42230 -216.13640
-214.93510 -216.03970
-214.59860 -215.99950
-214.66030 -216.00500
-213.89420 -215.50620
-213.78400 -215.50650
-213.45240 -215.28510
-213.72320 -215.22390
-213.40800 -215.16910
-213.13360 -215.03990
-213.50200 -215.42870
-211.69440 -214.83620
-211.58340 -214.86370
-212.01690 -214.83860
-212.09680 -215.90760
-211.54840 -215.76920
-211.46900 -215.44260
-211.55970 -215.72940
-211.62390 -215.81970
-211.44830 -215.96950
-211.92000 -216.06430
-211.34240 -215.91500
-211.15790 -215.88100
-211.79970 -216.22210
-210.98840 -215.70100
-210.87020 -215.65880
-210.13990 -215.58160
-211.84000 -215.82350
-212.02030 -216.03900
-211.26910 -215.50820
-211.56470 -215.60420
-211.53390 -215.79630
-211.38870 -215.81100
-211.84780 -215.68800
-210.83200 -215.41350
-211.36960 -215.48290
-211.22080 -216.05890
-211.61410 -216.13910
-212.36960 -216.20410
-211.94500 -216.12550
-211.58900 -215.71310
-212.02630 -215.93350
-211.61150 -215.66850
-211.83000 -215.89270
-211.73200 -215.78600
-211.44400 -215.03520
-210.89840 -215.01210
-211.30120 -215.03470
-211.21640 -215.10000
-211.56900 -215.34510
-211.59370 -215.52250
-211.32030 -215.41450
-211.29400 -215.25130
-211.06050 -215.49520
-211.81580 -215.50380
-211.88050 -215.53780
-212.19250 -215.72880
-211.12970 -215.62170
-211.21970 -215.60410
-211.09170 -215.42130
-211.45800 -215.53060
-211.28140 -215.58230
-212.34440 -216.11650
-212.23580 -216.40640
-212.14260 -216.36360
-211.81160 -214.17360
-212.38580 -214.30970
-212.54070 -214.18300
-212.22670 -214.16870
-211.61490 -214.33840
-211.68640 -214.00790
-210.60630 -213.21810
-210.16290 -212.86990
-210.48990 -212.84190
-210.11570 -212.87610
-209.88310 -212.91730
-210.21550 -212.57420
-210.00410 -212.65340
-209.62200 -212.48870
-209.94420 -212.87950
-210.11190 -212.52260
-209.39980 -212.04210
-209.23130 -212.24090
-209.34620 -212.13640
-209.10970 -212.21000
-209.43310 -212.04220
-209.00390 -211.97880
-209.04470 -211.81260
-209.18200 -212.07720
-208.86230 -211.87960
-208.78000 -211.92390
-208.46440 -211.53400
-208.69570 -211.48840
-208.10650 -211.28890
-208.34310 -210.88540
-208.88710 -211.12410
-207.87830 -211.37110
-207.90830 -211.16630
-208.05310 -211.33790
-208.18840 -211.31270
-208.30840 -211.79770
-208.04790 -211.84940
-208.25140 -211.48640
-209.28370 -211.44300
-209.23690 -211.71080
-209.32290 -211.67470
-209.46160 -211.52450
-209.07980 -211.66080
-209.37270 -211.67600
-209.79060 -211.90520
-209.67370 -211.87350
-209.39900 -211.51130
-209.45300 -211.57840
-209.45760 -211.54830
-210.33130 -212.59790
-209.77840 -212.39300
-210.54180 -212.48760
-209.97750 -212.50950
-209.78750 -212.41810
-209.92660 -212.43340
-211.30210 -213.31190
-209.91920 -212.94820
-210.66460 -213.26950
-210.91520 -213.13110
-211.23920 -213.81460
-212.02730 -214.00690
-211.81550 -214.13590
-211.16430 -214.10320
-211.37180 -213.95320
-210.82710 -213.16720
-209.53550 -212.91190
-210.95480 -213.70640
-211.77820 -213.83620
-210.54170 -213.11680
-210.40600 -213.18540
-211.68490 -213.54730
-211.04680 -213.37220
-210.89130 -213.25570
-210.73640 -213.25020
-211.68440 -213.41450
-210.81810 -213.31510
-211.44330 -213.51580
-211.12360 -213.44010
-211.32410 -213.62380
-210.92820 -213.53560
-211.08450 -213.30400
-211.26140 -213.24380
-211.12260 -213.62380
-210.44830 -213.23790
-211.04100 -213.22990
-210.29750 -213.13710
-210.50330 -213.29220
-210.75550 -213.37230
-210.88560 -213.55110
-209.22720 -212.26840
-209.32960 -212.25180
-209.38170 -212.12630
-209.99290 -212.14190
-208.84890 -211.92510
-209.68330 -211.87910
-209.92810 -212.30380
-209.39680 -212.23790
-209.36740 -212.39810
-209.67490 -212.50580
-209.78670 -212.48330
-209.69750 -212.58020
-209.58920 -212.83810
-211.09950 -213.43840
-209.51180 -212.41150
-209.39520 -212.45570
-209.54990 -212.70200
-209.39010 -212.69990
-209.92900 -212.71460
-209.28730 -212.51210
-209.15650 -212.39130
-209.51110 -212.40280
-209.30800 -212.45710
-209.27990 -212.51970
-209.37480 -212.56150
-209.27540 -212.27820
-208.99220 -212.43200
-209.23330 -212.33860
-208.30570 -212.36930
-208.70540 -212.26030
-208.86410 -212.04670
-208.78510 -212.15290
-208.71680 -212.38290
-208.50920 -212.14930
-209.13460 -212.31170
-208.85120 -212.23640
-208.57450 -212.23040
-208.37890 -211.88090
-208.03530 -211.67990
-207.39490 -211.30180
-207.56000 -211.27580
-207.21390 -211.06500
-207.05780 -211.03900
-206.83210 -210.93150
-207.40000 -210.90750
-207.17260 -210.89160
-207.10660 -210.70160
-206.65910 -210.64350
-206.85300 -210.88440
-207.23090 -210.94350
-206.01180 -210.62260
-206.01050 -210.60230
-206.47780 -210.68840
-206.60230 -210.73450
-205.99600 -210.63990
-206.32940 -210.28440
-206.88990 -210.33150
-206.54110 -210.24490
-206.63900 -210.31580
-206.49950 -210.38680
-205.45590 -210.01980
-204.89570 -209.98070
-205.08270 -209.66420
-204.65200 -209.78540
-204.72550 -209.27680
-203.77750 -209.16800
-203.24500 -208.85440
-202.29400 -208.05950
-203.09920 -208.75290
-204.01650 -209.24680
-203.88480 -209.20550
-203.93900 -209.21970
-203.70250 -209.08480
-204.12160 -209.32550
-203.92140 -209.53040
-203.62220 -209.36350
-203.73110 -209.37230
-203.45030 -209.48120
-204.47670 -210.01050
-204.99730 -210.10010
-204.45500 -209.96200
-203.86250 -210.10810
-204.42840 -209.96730
-203.82200 -209.76950
-204.12120 -210.33670
-203.70610 -210.14700
-203.41820 -210.04520
-204.13090 -210.21120
-203.88050 -209.90780
-203.39350 -209.98530
-201.77090 -208.62920
-202.34870 -208.80840
-201.88900 -208.49510
-201.71800 -208.63700
-201.95140 -208.54650
-201.32340 -208.46490
-201.49020 -208.67790
-201.69100 -208.45800
-200.46290 -208.24120
-200.82170 -208.20360
-201.58010 -208.44280
-200.77640 -208.05230
-201.30460 -208.13200
-201.25960 -208.12830
-201.54220 -208.20100
-201.12770 -208.09190
-200.91530 -208.10010
-200.81910 -205.39290
-200.46680 -205.42870
-200.93690 -205.33330
-200.43800 -205.40260
-200.48690 -205.14900
-200.59220 -204.85310
-199.33820 -204.65540
-199.27340 -204.04940
-199.78880 -204.35580
-199.33080 -204.15390
-200.57710 -204.50030
-199.68840 -204.46910
-199.49650 -204.00640
-200.44970 -204.24310
-200.35480 -204.20920
-199.91400 -203.55910
-199.61010 -203.58600
-199.29780 -203.52770
-200.16160 -203.73950
-199.86320 -203.68670
-199.48380 -203.78290
-199.13000 -203.90040
-199.63940 -203.60730
-198.96820 -203.93820
-199.72760 -203.93910
-199.48240 -203.91030
-200.16760 -203.96410
-200.26550 -204.24070
-199.66890 -204.26310
-200.08300 -204.31020
-199.34840 -204.44490
-199.59030 -204.07130
-199.72640 -204.18480
-198.50570 -203.36500
-200.12610 -203.69450
-199.13430 -203.90190
-197.18440 -203.06280
-197.96340 -202.94200
-197.41180 -202.87620
-198.03860 -203.21760
-198.04580 -203.13920
-197.44010 -202.46750
-197.77240 -202.58470
-197.06250 -202.35190
-197.93100 -202.42450
-197.98580 -202.59480
-196.93710 -202.34200
-197.48190 -202.49150
-197.03020 -202.42270
-197.86590 -202.49010
-197.35580 -202.51690
-196.95440 -202.66830
-197.44550 -202.73640
-198.07370 -203.61860
-197.95270 -203.50380
-197.84630 -203.66760
-198.09010 -203.65630
-197.64620 -203.46070
-197.76790 -203.36210
-197.32790 -203.16320
-197.45940 -203.28150
-197.57210 -203.33300
-197.48740 -203.19710
-197.72770 -203.51970
-197.89620 -203.55340
-197.99270 -203.39120
-198.09160 -203.71030
-197.04400 -203.07680
-196.80860 -202.96860
-196.84620 -202.97860
-196.59870 -202.93610
-196.78840 -202.82500
-197.77860 -202.86800
-197.93370 -203.12230
-197.19200 -202.90830
-197.95400 -202.99760
-197.44250 -203.08710
-197.67090 -203.08710
-196.41560 -202.47570
-194.88310 -201.30830
-194.71800 -201.19710
-195.49830 -201.33420
-194.95710 -201.39460
-195.14730 -201.51530
-194.88080 -201.49800
-194.95630 -201.50650
-195.25270 -201.64840
-195.60040 -201.73050
-194.70720 -201.49550
-194.37080 -201.42340
-194.32800 -201.18140
-194.18630 -201.09280
-193.46510 -200.66650
-193.38650 -200.23300
-193.36550 -200.23730
-193.39260 -200.39180
-193.55910 -200.33490
-193.67120 -200.33630
-193.09590 -200.24670
-192.84150 -200.40600
-185.64130 -186.01940
-186.07510 -186.08780
-186.36670 -186.18620
-186.33840 -186.19230
-186.67880 -186.29010
-186.31710 -186.42140
-185.59200 -186.37260
-185.54420 -186.35640
-185.52500 -185.96270
-185.47690 -185.91370
-185.68860 -185.89750
-185.89700 -185.93430
-185.63810 -185.99990
-185.28110 -185.97870
-185.12000 -185.85100
-185.16840 -185.86170
-185.35710 -185.92630
-185.84490 -185.86360
-185.36910 -185.80710
-185.54140 -185.85630
-185.40770 -185.70890
-185.41750 -185.65790
-185.70250 -185.80780
-185.62210 -185.83020
-185.92280 -185.85810
-186.20460 -185.86550
-186.01020 -185.85990
-185.88190 -185.92830
-185.63110 -185.94290
-185.23000 -185.83400
-185.38560 -185.68890
-185.17200 -185.60640
-185.17630 -185.74430
-184.73640 -185.38590
-184.02600 -184.93950
-183.84880 -184.67380
-183.95120 -184.77810
-183.61410 -184.61350
-183.57370 -184.68070
-183.62780 -184.67930
-182.67640 -184.26940
-182.74040 -184.23990
-182.82520 -184.25650
-182.38660 -184.08820
-181.18360 -183.26730
-181.72270 -183.38070
-181.93300 -183.36540
-182.03960 -183.32350
-182.92530 -183.45230
-183.21100 -183.98000
-183.14460 -183.95300
-182.46230 -183.89170
-182.44770 -184.03610
-182.58440 -183.88600
-182.77890 -183.79610
-182.82800 -183.74510
-182.46650 -183.62290
-182.44680 -183.50280
-182.60260 -183.44960
-182.63910 -183.39160
-182.03950 -182.62660
-182.36930 -182.72530
-182.01720 -182.51090
-182.05160 -182.50040
-182.10410 -182.57880
-182.38220 -182.51130
-182.10650 -182.44830
-182.24720 -182.43410
-182.00670 -182.33770
-182.22920 -182.27840
-182.03200 -182.21130
-181.89100 -182.06830
-181.60890 -181.60960
-181.36720 -181.83600
-181.61050 -181.86570
-181.24940 -181.36850
-181.52520 -181.49210
-181.66800 -181.56780
-181.55470 -181.62320
-181.25990 -181.63360
-181.20990 -181.80840
-181.15280 -181.79000
-181.00400 -181.85350
-181.55590 -182.09940
-181.09930 -182.08520
-180.66050 -182.12720
-180.65600 -181.71490
-180.04360 -181.52640
-180.33880 -181.98610
-180.40650 -182.03460
-180.72340 -182.29810
-180.14030 -181.71010
-180.96270 -182.56560
-180.59180 -182.19140
-180.36880 -182.18030
-180.63910 -182.35510
-180.55940 -182.04930
-180.32230 -181.69760
-180.47670 -182.01110
-180.37180 -182.05950
-180.31170 -182.38950
-179.71560 -182.08540
-179.48420 -182.88350
-179.74800 -182.70480
-179.78860 -182.95340
-179.84670 -182.96210
-179.66380 -183.03420
-179.58320 -182.93180
-179.86460 -183.01750
-179.47570 -182.92140
-179.72300 -183.12540
-179.94390 -183.24050
-179.62080 -183.10270
-179.71450 -183.05820
-179.25820 -183.05260
-179.37600 -182.97210
-180.02170 -183.17620
-180.73300 -183.71480
-181.57030 -184.19200
-180.88480 -184.27130
-180.70600 -184.43720
-181.45320 -184.66620
-180.68130 -184.21570
-180.79310 -184.59900
-181.02490 -184.88370
-181.29970 -184.60420
-181.09030 -184.53510
-180.41130 -184.19690
-180.19480 -184.09740
-180.67740 -184.30710
-180.25320 -184.21230
-180.38600 -184.24400
-180.08480 -184.20330
-179.54670 -183.64680
-179.42790 -183.79780
-179.75500 -183.60360
-179.94660 -183.90460
-179.91020 -183.73560
-180.05940 -183.75430
-180.04560 -183.69610
-181.00030 -184.18100
-180.30470 -184.48590
-179.73860 -184.07440
-179.47860 -184.14070
-179.93810 -183.92050
-179.98630 -184.09440
-179.44310 -183.83380
-179.93570 -184.13610
-179.58840 -184.12060
-179.83220 -184.23030
-179.77760 -181.72030
-180.01300 -182.01370
-180.17230 -181.86900
-179.35540 -181.64990
-178.98420 -181.58380
-179.35900 -181.88280
-178.64530 -181.36360
-178.66480 -181.29870
-178.39680 -181.23090
-178.39080 -181.09400
-178.33550 -181.23960
-178.40370 -181.39840
-178.10470 -181.11730
-178.14320 -180.98580
-178.15660 -181.13240
-178.30070 -181.18510
-178.39530 -181.31690
-178.18940 -181.25820
-177.86850 -181.08770
-177.87530 -180.97880
-177.93660 -181.03920
-177.91520 -180.85730
-177.57900 -180.95830
-177.82950 -181.09260
-177.87350 -181.10840
-177.89830 -181.01340
-177.82230 -181.12960
-178.42570 -181.27210
-178.40630 -180.94140
-178.31830 -181.38490
-178.63340 -181.34540
-178.53110 -181.46850
-178.14370 -181.19910
-178.45220 -181.11490
-178.19780 -181.12800
-178.43950 -181.09310
-177.96130 -180.91470
-178.60560 -180.88380
-178.63510 -180.72200
-178.10170 -180.86090
-178.28340 -180.97830
-178.61680 -181.04880
-178.68970 -180.95550
-178.03780 -180.99300
-178.15770 -181.04340
-178.54140 -180.65450
-178.40480 -180.39950
-178.89990 -180.54570
-178.41490 -180.58810
-178.68710 -180.61520
-178.88570 -180.54950
-178.55970 -180.30380
-178.91350 -180.62230
-178.81870 -180.26730
-178.81070 -180.23170
-178.69970 -180.52040
-179.05690 -180.75240
-179.08120 -180.67340
-179.24160 -180.51920
-179.56380 -180.63750
-179.54840 -180.62500
-179.81800 -181.03240
-180.18790 -181.47740
-180.34130 -181.73990
-180.37690 -181.82060
-180.51980 -181.80570
-180.31050 -181.66630
-180.24160 -181.46330
-180.63910 -181.43270
-180.18420 -181.09260
-180.75390 -181.11230
-180.32670 -181.19670
-180.43140 -181.24200
-180.54010 -181.36330
-180.57110 -181.15980
-180.53780 -181.36120
-180.28780 -181.16970
-179.95530 -180.75000
-180.13430 -180.63760
-180.59350 -180.69900
-180.16140 -180.63700
-180.65700 -180.54580
-180.92160 -180.96900
-181.22020 -180.99620
-181.00880 -181.19410
-180.98910 -181.03780
-180.92370 -181.14030
-180.70260 -181.11170
-180.74670 -181.17820
-180.49720 -181.40740
-180.33980 -181.43750
-180.16610 -181.48660
-180.46940 -181.18590
-180.08100 -180.89180
-179.96380 -180.69980
-179.81150 -180.71760
-180.14270 -180.63940
-180.16690 -180.50200
-180.22260 -180.42320
-180.18080 -180.47780
-179.89420 -180.20120
-180.34110 -180.26530
-180.11830 -180.32140
-180.28790 -180.48660
-180.46740 -181.78310
-180.24280 -181.71100
-180.50620 -181.51460
-180.37680 -181.56420
-180.21350 -181.57920
-180.25940 -181.60640
-179.86020 -181.77430
-180.43090 -181.98110
-180.40750 -181.83040
-180.29650 -181.50690
-180.10230 -181.45510
-180.70020 -181.61090
-180.26460 -181.61040
-180.31060 -181.59170
-180.46590 -181.66120
-180.12800 -181.58870
-180.00970 -181.48020
-179.83530 -181.27920
-179.50330 -181.29820
-179.46000 -180.80760
-179.49140 -180.92610
-179.11800 -180.98550
-179.67120 -180.91370
-179.31570 -181.30600
-179.28880 -181.42840
-179.26900 -181.71160
-179.45790 -181.59910
-179.29370 -181.62950
-179.36740 -181.47600
-179.24120 -181.64260
-179.61860 -181.77640
-179.06320 -181.48580
-179.65120 -181.68770
-179.35380 -181.37480
-179.95660 -181.34270
-179.52360 -181.59510
-179.37310 -181.39410
-179.08420 -181.33350
-179.26300 -181.61560
-179.31040 -181.18910
-179.40360 -180.98460
-179.21870 -180.78160
-179.45870 -180.93330
-179.60710 -181.07330
-179.75400 -181.52310
-179.65350 -181.68490
-179.90740 -181.74060
-179.17240 -181.08360
-178.92100 -181.07120
-178.32540 -180.84230
-178.52800 -181.02420
-178.49100 -180.67490
-178.84080 -180.92430
-179.02100 -181.11540
-179.25430 -181.02700
-178.76630 -181.08250
-178.62270 -180.84120
-178.76790 -182.40660
-178.61220 -182.24440
-178.02700 -181.99590
-178.94540 -182.09130
-178.24500 -182.17180
-177.66110 -181.89790
-177.80200 -181.93800
-177.56590 -182.04400
-177.90530 -182.00140
-177.86970 -181.93730
-177.63190 -181.84720
-177.69030 -182.19050
-177.98020 -182.06560
-177.46300 -181.75590
-177.73360 -181.73370
-177.71770 -181.78090
-177.55040 -181.92250
-177.53340 -181.87760
-177.95290 -181.66410
-178.01850 -181.89050
-177.64100 -181.87450
-177.58990 -181.61590
-178.05760 -181.80960
-177.66960 -181.55270
-178.22520 -181.92060
-178.48800 -181.85590
-177.85950 -181.46940
-177.67810 -181.69370
-177.57200 -181.47490
-177.43440 -181.29370
-177.17630 -181.15320
-177.11490 -181.11690
-177.16950 -180.71440
-176.74740 -180.76980
-176.15310 -180.27930
-176.33660 -180.42150
-176.51440 -180.36750
-176.80980 -180.53590
-176.46170 -180.38440
-176.53930 -180.20780
-176.43980 -180.15910
-176.56410 -180.19920
-176.59540 -180.15560
-176.31630 -180.13720
-176.63340 -179.95320
-176.20420 -179.85580
-176.05820 -179.47770
-175.74730 -179.39820
-175.77370 -179.21020
-174.55400 -178.31530
-174.47290 -178.11850
-174.25830 -178.00730
-174.69630 -177.77590
-174.04020 -177.34620
-174.27420 -177.36680
-174.16930 -177.36560
-174.28360 -177.51850
-174.36850 -177.20410
-174.23800 -177.01340
-174.26380 -177.14390
-174.48180 -177.38120
-174.37610 -177.28410
-175.16570 -177.65590
-174.90970 -177.67740
-175.09290 -177.77050
-174.72480 -177.90290
-175.04870 -178.00930
-174.87820 -177.86540
-174.95960 -178.13230
-174.49130 -177.89900
-174.59810 -177.84800
-174.31170 -177.96140
-174.60660 -178.06460
-174.45210 -178.04360
-174.82670 -177.96590
-174.09690 -177.72980
-174.02120 -177.81770
-174.06050 -177.55930
-173.94490 -177.54440
-173.48690 -177.45970
-174.70630 -177.91770
-174.00910 -177.93670
-174.70500 -177.67310
-174.31430 -177.94610
-173.14170 -176.98990
-173.39020 -177.19130
-173.58080 -177.09480
-173.04950 -177.14920
-173.50110 -177.06320
-173.47200 -177.13320
-172.73840 -176.66570
-172.65020 -176.59880
-172.50810 -176.72300
-172.19390 -176.78160
-171.59560 -176.53790
-172.37320 -177.31540
-172.61340 -177.65940
-172.69340 -177.60110
-172.48180 -177.59940
-172.40120 -177.51430
-172.57540 -177.64270
-172.62240 -177.63170
-172.79530 -177.84670
-173.00100 -177.87840
-172.84330 -177.81830
-173.28790 -177.93020
-172.91490 -177.86010
-172.37510 -177.80280
-172.79510 -177.67540
-172.64380 -177.66250
-172.96540 -177.60070
-172.84910 -177.68950
-172.60860 -177.50340
-172.48000 -177.48850
-172.62870 -177.47060
-172.97260 -177.50690
-172.97060 -177.71230
-172.64440 -177.61260
-172.51630 -177.50100
-173.02490 -177.76120
-172.00810 -177.34040
-172.20610 -177.37420
-172.01370 -176.87640
-171.27840 -176.71470
-171.79820 -176.80410
-171.94370 -176.70010
-172.35880 -176.77740
-171.60080 -176.79670
-171.50710 -176.86170
-172.04450 -177.38110
-172.01910 -177.33700
-171.57170 -177.19300
-171.83400 -177.26160
-171.59530 -176.83630
-171.17070 -176.56170
-171.10530 -176.60610
-171.26840 -176.69850
-172.45700 -177.25090
-171.82790 -177.12060
-171.64020 -177.18050
-160.24940 -160.28820
-159.78070 -160.53010
-159.98830 -160.40490
-159.40730 -159.92440
-159.49620 -159.83770
-159.80890 -159.87980
-159.71890 -159.96490
-159.49320 -159.95560
-159.65870 -160.08460
-159.39980 -160.11720
-158.72610 -159.79050
-158.70080 -159.74820
-158.91170 -159.81570
-158.93560 -159.89100
-159.52890 -160.01030
-159.52190 -160.05330
-159.53900 -160.05140
-159.88440 -160.01150
-160.21370 -160.08790
-160.36930 -160.18380
-160.72760 -160.35070
-161.00510 -160.40250
-160.81600 -160.46110
-160.59310 -160.40080
-160.32570 -160.48530
-159.99790 -160.18250
-159.57040 -160.15760
-160.11110 -160.04170
-159.10360 -159.77290
-158.93020 -159.61160
-158.71880 -159.70730
-158.76510 -159.62490
-159.24430 -159.58220
-159.16190 -159.54790
-158.91720 -159.50640
-158.53810 -159.46160
-158.71940 -159.50890
-158.87730 -159.60000
-158.50000 -159.27350
-158.21300 -159.25350
-158.24620 -159.26080
-158.33920 -159.25410
-156.85140 -157.97300
-157.01860 -157.99060
-156.81950 -158.00000
-157.36240 -157.96450
-157.43390 -158.39940
-156.81720 -158.35380
-156.92280 -158.14310
-157.06100 -158.05430
-156.76260 -157.68990
-157.01470 -157.70060
-156.58180 -157.55170
-156.65980 -157.47000
-156.58750 -157.49590
-156.71170 -157.62880
-156.60150 -157.58660
-156.48290 -157.43220
-156.38730 -157.10650
-156.34150 -157.14940
-156.02990 -157.00690
-155.71700 -157.05320
-156.08270 -156.96950
-155.82550 -157.13520
-156.12370 -157.14460
-155.94320 -157.07120
-155.55790 -156.97420
-155.68350 -156.75420
-155.96250 -157.01740
-156.58350 -157.31720
-156.18100 -157.23450
-156.26230 -157.42690
-156.55780 -157.72560
-156.29190 -157.55090
-156.73770 -157.71430
-156.44870 -157.82380
-156.20560 -157.57410
-156.08680 -157.55430
-156.61950 -157.84680
-156.46750 -157.83320
-156.40850 -157.72190
-156.50700 -157.65500
-156.38460 -157.68810
-156.61470 -157.96290
-156.71740 -157.97210
-157.51140 -158.67430
-157.18830 -158.58340
-156.98210 -158.34540
-157.02910 -158.56730
-156.80740 -158.50190
-156.81390 -158.38340
-156.83060 -158.44110
-156.62200 -158.37890
-156.68340 -158.29590
-156.61950 -158.12440
-156.44390 -158.20900
-156.41500 -158.16650
-156.16600 -158.71160
-156.01920 -158.65200
-156.25420 -158.66190
-156.19200 -158.41550
-156.20870 -158.64380
-156.16050 -158.82260
-156.31600 -158.78380
-156.26740 -158.69870
-156.20160 -158.72510
-156.30290 -158.88360
-156.33690 -158.85430
-156.59720 -159.16160
-156.29000 -158.99950
-156.15310 -158.95330
-155.73990 -158.89950
-155.90350 -158.81410
-156.42030 -158.99440
-157.09110 -159.36000
-156.52140 -158.98430
-157.19250 -159.29490
-157.13940 -159.46430
-157.45020 -159.80770
-156.78660 -159.54780
-157.17040 -159.90690
-157.33690 -159.61890
-157.23950 -159.70750
-157.32980 -159.62210
-157.25060 -159.43240
-157.49870 -159.79100
-157.09170 -159.11940
-157.28210 -159.14770
-157.22850 -159.34830
-157.23790 -159.06460
-157.35710 -159.25100
-157.56050 -159.30820
-157.53880 -159.29320
-157.24960 -159.19680
-157.67450 -159.32030
-157.73380 -159.27420
-157.81920 -159.42690
-157.50180 -159.63620
-157.18870 -159.40580
-157.16230 -159.40560
-157.29600 -159.28750
-157.51050 -159.22270
-157.08200 -159.00760
-157.48270 -159.14340
-157.35980 -159.22640
-157.12930 -159.20040
-157.25870 -159.15590
-157.34440 -159.27270
-156.96860 -158.58510
-157.51370 -158.56110
-158.05730 -158.64980
-157.46520 -158.44530
-157.67290 -158.53890
-157.48780 -158.59120
-156.77970 -158.11210
-157.02040 -158.30810
-156.80790 -157.93000
-156.83760 -158.10760
-156.60080 -158.01380
-156.49040 -157.77810
-156.60370 -157.92900
-156.40280 -157.88560
-156.70660 -158.08910
-156.63500 -158.01560
-156.47600 -157.85300
-156.48000 -157.82090
-156.55720 -157.72530
-156.29060 -158.01490
-156.34040 -157.91620
-156.16670 -157.99730
-156.41420 -157.90180
-156.39020 -157.95660
-156.15730 -157.76140
-156.17790 -157.67090
-156.28160 -157.60100
-156.20340 -157.83960
-156.15440 -157.58830
-156.21570 -157.60680
-156.37160 -157.52310
-156.31710 -157.62500
-156.57520 -157.85720
-156.58660 -157.76330
-156.67710 -158.43940
-156.86640 -158.29790
-156.97880 -158.37300
-156.96030 -158.51280
-156.60720 -158.28480
-156.67970 -158.32200
-156.70330 -158.32300
-156.67080 -158.39480
-156.86170 -158.30000
-156.66420 -158.06580
-156.67780 -157.80150
-156.85230 -157.79170
-156.96150 -157.64320
-157.11340 -157.90690
-157.05900 -157.92810
-156.97410 -158.00050
-157.00810 -158.13450
-157.03030 -157.90460
-156.89840 -157.84040
-156.91520 -157.51520
-156.93400 -157.49430
-157.13730 -157.62460
-157.34380 -159.23740
-157.55820 -159.13540
-157.71430 -159.03340
-157.47450 -158.96660
-157.23700 -159.37630
-157.69660 -159.28200
-157.79170 -159.27440
-157.87360 -159.41920
-157.85500 -159.40720
-157.95970 -159.53900
-158.08690 -159.60180
-157.74820 -159.55910
-157.51540 -159.28230
-157.63480 -159.10560
-157.40020 -158.95390
-157.89280 -159.33080
-157.95900 -159.26550
-157.45360 -159.28730
-157.00180 -159.05380
-157.11970 -158.88960
-156.94790 -158.76220
-156.78320 -158.80710
-156.60660 -158.56850
-156.72300 -158.70680
-156.90730 -158.63060
-156.78920 -158.54640
-156.91420 -158.53130
-156.94560 -158.39100
-157.20540 -158.37020
-157.23370 -158.70120
-157.37720 -158.57900
-157.59620 -158.75270
-157.55650 -158.86730
-157.61900 -158.91530
-157.39590 -159.10750
-157.28630 -159.06640
-157.09550 -159.03620
-157.17110 -158.91300
-157.48880 -158.82540
-157.32840 -158.78270
-157.50190 -158.82930
-157.35270 -158.87500
-157.03160 -158.65880
-157.54280 -158.78030
-157.37630 -158.81930
-157.44310 -159.17820
-157.39650 -159.02970
-157.28560 -159.02420
-157.45610 -159.05130
-157.55410 -159.17010
-157.03690 -159.07800
-157.27150 -159.30140
-157.14220 -159.09770
-156.99360 -159.03840
-157.09730 -159.01170
-157.19310 -158.82180
-156.91650 -158.62020
-156.80770 -158.53490
-156.55910 -158.27930
-156.55150 -158.43290
-156.50700 -158.40980
-156.57210 -158.45240
-156.31450 -158.17940
-156.46720 -158.30820
-156.22080 -158.29740
-156.30920 -158.37730
-156.89480 -159.02610
-156.98730 -158.95780
-157.03180 -159.03410
-157.07060 -158.67160
-156.77450 -158.78150
-156.67100 -158.82920
-156.92480 -158.96030
-156.80860 -158.78150
-156.95940 -158.85430
-156.67270 -158.64260
-156.81170 -158.62680
-156.65070 -158.47870
-156.75550 -158.53900
-156.90910 -158.59650
-156.95150 -158.62050
-157.20770 -158.87950
-157.09870 -158.93430
-157.09630 -158.72180
-157.08840 -158.86740
-156.87760 -158.82080
-156.97400 -158.81020
-156.97200 -158.66120
-156.99760 -158.83080
-156.55270 -158.67610
-156.63900 -158.38780
-156.87230 -158.57760
-156.99790 -158.73380
-156.70680 -158.65010
-156.63810 -158.50730
-156.72780 -159.58020
-156.60770 -159.61120
-156.22830 -158.97590
-155.99040 -159.00480
-155.97090 -158.83700
-155.81520 -158.90210
-155.85340 -158.81430
-155.88470 -158.90400
-155.74930 -158.80130
-155.81710 -158.69880
-156.03360 -158.95360
-156.08210 -159.06130
-156.19700 -158.94660
-155.98100 -158.82460
-155.95120 -158.84840
-156.02980 -158.89990
-155.98340 -159.16130
-156.03410 -159.08300
-156.02510 -159.00990
-156.09590 -159.15400
-155.87250 -159.06860
-156.06880 -159.05920
-156.26570 -159.54950
-156.13160 -159.41220
-156.59500 -159.73360
-156.40670 -159.62260
-156.50720 -159.71910
-156.35720 -159.72210
-156.36440 -159.56700
-156.25680 -159.58560
-155.98780 -159.47920
-156.07680 -159.45110
-155.65700 -158.97630
-155.84040 -158.75050
-155.50930 -158.71390
-155.62090 -158.66630
-155.43260 -158.46990
-155.69830 -158.49220
-155.39620 -158.53750
-155.56850 -158.53070
-155.59790 -158.58220
-155.24360 -158.45540
-155.29890 -158.32000
-154.98440 -158.09480
-155.11440 -157.99310
-155.09150 -157.86990
-154.98840 -157.74300
-154.69850 -157.64880
-154.92510 -157.72460
-154.85480 -157.77280
-154.99180 -157.74800
-154.76550 -157.64120
-154.96070 -157.67550
-154.88970 -157.70270
-155.08730 -157.71440
-154.93390 -157.69050
-154.84630 -157.73510
-155.00960 -157.75610
-154.71730 -157.61030
-155.15660 -157.65080
-155.18090 -157.66430
-155.05920 -157.55240
-155.14430 -157.44890
-155.08970 -157.57730
-154.88040 -157.53570
-154.85830 -157.54050
-155.08260 -157.60310
-155.42930 -157.57840
-155.31380 -157.56580
-155.16650 -157.66730
-155.07540 -157.69710
-155.17980 -157.79790
-155.08010 -157.68150
-155.26370 -157.88850
-154.93590 -157.82400
-154.96090 -157.77360
-155.17420 -157.78640
-155.60400 -158.12030
-155.53590 -158.21760
-155.60510 -158.23810
-155.93980 -158.24540
-155.65100 -158.34830
-155.56760 -158.28050
-155.45400 -158.27950
-155.35380 -158.20360
-155.39700 -158.14380
-155.26600 -158.05570
-155.26950 -158.03240
-155.42640 -157.94640
-154.93210 -157.92530
-154.86490 -157.68160
-155.10270 -157.73320
-155.27910 -157.74640
-155.53770 -157.88870
-155.34140 -157.98360
-155.31150 -157.92930
-155.29710 -157.87710
-155.40250 -157.79620
-155.36650 -157.89000
-155.51060 -157.92700
-155.33490 -157.96120
-155.30860 -157.93960
-155.42570 -158.07170
-154.89210 -157.86720
-155.19290 -159.23750
-155.23650 -159.27990
-155.29250 -159.28290
-155.25590 -159.22340
-155.23380 -159.21240
-155.35600 -159.22470
-155.05820 -159.18490
-155.04820 -159.16730
-155.26250 -159.18650
-155.20890 -159.19260
-155.05500 -159.16910
-155.14810 -159.18870
-155.21950 -159.17900
-155.09970 -159.09570
-154.36960 -159.03340
-154.80850 -158.97090
-154.78160 -159.00700
-154.68430 -158.97330
-154.97060 -158.97470
-154.95460 -158.99850
-155.10790 -159.01250
-154.65070 -158.94970
-154.65020 -158.91810
-154.82820 -158.88880
-154.83190 -158.87020
-154.72340 -158.83210
-154.49280 -158.77380
-154.70320 -158.75920
-154.33190 -158.70640
-154.37980 -158.72600
-154.15580 -158.73640
-154.41900 -158.72390
-154.31630 -158.67070
-153.59420 -158.38330
-153.95370 -158.31880
-153.75100 -158.34380
-153.63450 -158.34790
-153.86260 -158.36850
-153.81650 -158.39100
-153.87370 -158.33830
-153.79270 -158.33950
-153.76450 -158.31110
-153.68370 -158.26560
-153.09390 -158.14380
-153.42460 -157.96010
-153.28350 -157.97540
-153.75170 -158.07630
-153.45910 -157.98430
-153.75900 -158.05020
-153.66340 -158.01410
-153.88040 -158.15210
-153.46700 -158.08790
-154.05710 -158.10200
-153.46770 -158.07440
-153.57280 -157.97630
-136.77220 -136.42660
-136.48420 -136.56340
-135.95570 -136.51350
-135.90770 -136.51040
-136.10820 -136.38250
-136.09290 -136.30800
-136.21950 -136.27120
-136.67220 -136.44430
-136.50670 -136.51620
-136.18490 -136.62700
-136.62770 -136.61240
-136.47970 -136.50710
-136.39100 -136.63370
-136.93460 -136.90270
-136.91150 -136.82460
-137.13280 -136.82750
-137.28290 -136.96920
-137.44230 -137.08230
-137.65090 -137.03080
-137.48500 -137.03990
-137.31400 -136.94810
-137.17070 -136.95520
-136.88770 -136.86680
-136.75540 -136.66410
-136.64900 -136.72620
-135.70960 -136.17530
-135.57740 -136.13070
-135.49000 -136.16460
-135.54830 -136.35540
-135.32510 -136.33650
-135.03580 -136.21330
-135.34090 -135.98050
-135.30740 -135.94640
-135.42470 -136.04560
-135.19030 -135.75260
-134.66540 -135.79100
-135.15130 -135.74420
-135.04960 -135.75960
-134.49030 -135.61550
-133.90490 -135.01290
-134.50160 -135.13730
-134.69860 -135.15790
-134.71700 -134.98700
-135.07400 -135.31740
-135.00800 -135.53760
-135.16820 -135.43840
-135.28820 -135.48000
-135.11560 -135.65950
-135.63240 -135.85550
-135.40350 -135.78440
-135.16670 -135.68200
-135.21940 -135.43390
-134.88930 -135.35620
-135.14720 -135.44390
-135.13840 -135.49600
-135.20990 -135.62560
-135.27290 -135.63240
-135.18160 -135.56960
-135.29470 -135.66750
-135.15260 -135.54530
-135.23960 -135.47850
-135.31020 -135.44870
-135.19550 -135.46520
-135.09630 -135.34240
-134.75550 -135.29160
-134.78230 -135.17000
-134.88230 -135.08820
-134.08370 -134.84200
-134.19300 -134.77110
-134.88090 -134.72490
-135.39810 -134.87340
-135.48310 -134.94850
-135.39940 -134.88810
-135.43740 -134.97530
-135.18570 -134.95090
-135.27750 -135.36880
-135.15570 -135.46620
-134.53300 -135.20670
-134.72450 -135.17340
-134.65050 -135.28090
-134.74290 -135.27940
-134.38840 -135.24540
-134.53600 -135.41110
-134.78160 -135.87250
-135.10170 -136.06880
-135.10990 -136.10010
-134.40370 -135.99360
-134.61160 -136.00780
-134.46620 -135.81500
-134.45550 -135.67220
-134.34830 -135.69400
-134.11280 -135.55160
-134.31880 -135.31670
-134.25690 -135.11100
-134.18190 -135.00790
-133.88240 -135.03700
-133.81310 -135.26380
-133.53510 -134.94570
-133.47920 -134.90330
-133.38430 -135.51330
-133.41520 -135.39000
-133.51170 -135.56530
-133.64350 -135.67650
-133.47750 -135.61920
-133.35330 -135.70160
-133.39360 -135.70250
-133.41630 -135.77580
-133.61400 -135.95390
-132.90520 -135.56860
-133.42270 -135.75130
-133.01160 -135.51460
-133.45550 -135.90550
-133.93040 -136.26730
-133.13450 -135.93930
-133.28880 -136.22500
-133.47370 -136.28700
-133.41940 -136.38290
-133.78520 -136.12370
-133.39240 -135.92810
-133.61870 -135.97590
-133.50610 -136.01160
-133.46210 -135.75050
-133.78750 -136.05480
-133.45000 -135.81020
-133.50210 -135.70620
-133.63900 -135.68890
-133.33310 -135.54650
-133.29160 -135.70090
-133.40040 -135.44980
-133.64140 -135.59140
-134.02570 -135.55880
-133.52270 -135.49000
-133.16920 -135.39340
-133.22310 -135.39760
-133.50830 -135.39340
-133.78190 -135.43560
-133.98190 -135.55960
-134.05470 -135.57210
-134.10380 -135.68660
-134.25370 -135.92290
-134.50730 -136.58840
-134.59820 -136.70100
-134.22610 -136.47210
-134.42580 -136.52070
-133.82500 -136.31460
-134.04630 -136.32840
-134.07360 -136.30790
-133.77270 -136.26540
-133.95410 -136.29030
-133.73570 -136.06900
-133.64300 -136.18160
-133.74500 -136.27460
-134.08340 -135.41310
-133.91730 -135.40540
-134.11320 -135.34370
-134.15810 -135.34710
-134.20720 -135.23360
-134.48660 -135.36010
-133.95460 -135.40160
-134.40560 -135.47290
-132.93880 -134.92420
-132.81380 -134.68590
-132.76200 -134.57270
-132.31200 -134.23720
-132.31070 -134.28920
-132.54410 -134.53560
-132.38790 -134.47310
-132.55420 -134.54810
-132.49310 -134.66240
-132.45610 -134.58500
-132.50810 -134.87710
-132.66620 -134.84590
-132.78220 -135.02260
-132.82580 -135.14000
-132.58420 -135.09190
-132.35600 -134.98900
-132.87320 -135.15730
-132.87410 -135.09720
-132.90300 -135.09900
-132.96490 -134.98350
-132.62860 -134.98770
-132.69060 -135.10930
-132.60260 -134.81870
-132.89800 -135.09250
-133.26340 -135.51320
-133.40110 -135.66330
-133.16280 -135.54430
-133.07520 -135.53520
-132.91190 -135.55150
-132.89260 -135.35310
-133.15680 -135.35240
-133.07060 -135.39630
-133.07070 -135.53770
-132.94610 -135.47080
-133.32110 -135.60310
-132.99300 -135.36700
-133.39330 -135.67110
-133.31010 -135.48150
-133.82290 -135.43620
-133.92390 -135.57320
-134.41920 -135.54620
-133.69300 -135.01190
-134.50500 -135.36180
-133.64420 -134.96800
-134.52290 -135.35710
-134.80460 -135.48040
-134.34290 -135.33720
-134.56830 -135.37980
-135.07750 -135.57740
-134.73950 -135.61670
-134.44330 -135.56250
-134.60610 -135.52200
-134.46190 -135.59870
-134.41520 -135.57920
-134.24760 -135.43090
-134.30950 -135.16080
-134.25830 -135.26670
-133.68060 -135.01880
-134.21210 -134.96060
-134.02800 -134.91980
-133.91320 -134.90990
-133.41830 -134.68630
-133.56880 -134.70400
-133.38730 -134.66500
-133.31520 -134.63530
-133.10260 -134.10430
-133.30000 -134.16770
-133.64920 -134.38140
-133.38420 -134.56970
-133.07750 -134.19680
-133.28630 -134.17610
-133.26950 -134.16990
-132.75440 -134.25530
-132.77010 -134.06130
-133.04670 -134.16050
-132.99240 -134.22020
-131.98120 -133.50280
-131.99460 -133.57120
-132.07740 -133.48370
-132.21000 -133.39200
-132.09820 -133.37080
-131.82190 -133.36540
-132.26590 -133.41080
-132.29470 -133.44840
-132.12120 -133.50200
-131.96810 -133.47790
-131.93560 -133.90470
-132.41360 -134.28190
-132.59330 -134.37780
-132.58510 -134.53430
-132.75330 -134.51930
-131.73740 -133.92000
-131.92310 -133.92200
-131.67220 -134.00640
-131.97180 -133.99170
-131.63150 -133.96020
-131.51080 -133.75910
-131.29360 -133.73440
-131.26390 -133.56350
-131.34500 -133.62260
-131.36970 -133.71100
-130.79800 -133.72020
-130.74070 -133.60410
-131.19740 -133.76030
-131.13090 -133.75490
-131.02620 -133.70280
-131.11860 -133.78900
-131.29680 -133.85550
-131.22450 -133.74250
-131.75160 -133.92610
-131.66540 -133.82540
-131.22960 -133.94670
-131.09250 -133.84930
-131.27450 -133.89310
-131.50190 -134.13770
-131.82410 -134.17600
-131.17010 -134.10410
-131.99920 -134.20660
-131.84400 -134.26570
-132.20650 -134.32950
-132.18520 -134.37980
-132.00360 -134.31530
-132.22720 -134.42570
-132.24930 -134.67060
-132.73570 -134.68320
-132.04530 -134.59570
-131.94230 -134.52960
-132.26990 -134.53560
-132.38770 -134.61940
-132.32200 -134.48440
-132.03810 -134.68400
-132.54810 -134.61270
-132.32390 -134.45850
-131.90260 -134.43820
-132.09600 -134.59480
-132.26310 -134.67170
-132.44260 -134.68000
-132.60300 -134.57760
-132.40600 -134.63320
-131.83400 -134.55140
-131.95430 -134.45860
-132.39140 -134.77260
-132.24320 -134.83980
-131.95400 -134.72330
-132.75500 -134.78650
-132.31830 -134.87860
-132.16850 -134.85110
-132.06670 -134.79550
-132.15640 -134.71330
-132.32530 -134.85440
-132.21000 -134.73530
-131.98640 -134.76380
-131.86290 -134.66950
-131.46290 -134.52250
-131.89150 -134.48440
-131.68130 -134.49490
-131.77690 -134.54470
-132.61540 -135.05750
-132.54000 -135.01320
-132.35740 -135.00550
-132.41710 -134.90990
-132.31830 -135.05150
-132.54550 -134.88690
-132.49580 -135.05930
-132.37280 -135.07680
-132.71300 -135.07220
-132.71180 -135.22520
-132.61750 -135.13590
-132.60500 -134.99160
-132.88200 -135.01520
-132.10190 -134.64740
-132.05630 -134.28770
-131.74870 -134.33700
-131.85340 -134.28560
-131.74760 -134.05980
-131.22940 -134.08890
-131.20630 -134.05820
-131.45570 -133.90640
-131.63140 -133.84140
-131.26910 -133.81800
-131.64520 -133.86820
-131.61210 -133.82640
-131.36760 -133.82350
-131.21510 -133.64040
-131.69220 -133.57090
-131.56610 -133.69300
-131.27930 -133.36100
-131.24920 -133.35300
-131.52010 -133.40080
-131.38020 -133.33140
-131.40950 -133.35150
-131.31120 -133.27890
-131.15550 -133.34300
-131.14540 -133.23160
-130.82800 -133.45420
-131.04400 -133.38940
-130.48230 -133.10750
-129.73450 -132.36790
-129.74150 -132.48370
-130.14510 -132.62980
-130.25900 -132.62000
-130.09010 -132.55970
-131.25870 -132.82730
-131.08170 -132.93520
-131.05010 -132.99200
-131.28600 -133.01040
-131.71360 -133.01150
-131.80700 -133.10750
-131.69070 -133.25710
-131.71420 -133.33120
-131.09600 -133.19970
-131.25610 -133.06610
-131.07680 -133.07850
-131.63620 -133.22530
-131.66430 -133.26720
-131.57530 -133.48620
-131.49210 -133.56270
-131.44810 -133.46790
-131.48520 -133.44060
-131.63850 -133.49420
-131.76990 -133.44160
-131.42940 -133.28910
-130.64520 -133.34720
-131.09140 -133.36640
-131.49730 -133.43490
-131.46300 -133.44660
-131.47980 -133.47810
-131.57910 -133.41920
-131.58890 -133.44120
-131.46990 -133.42820
-131.75130 -133.46460
-131.27540 -133.37910
-131.83790 -133.51030
-131.37400 -133.34930
-131.37170 -133.26460
-131.52130 -133.42810
-131.20790 -133.32730
-131.05080 -133.33790
-131.12860 -133.40940
-131.04210 -133.30900
-131.19470 -133.35680
-130.58920 -134.31610
-130.53370 -134.18690
-130.39450 -134.36460
-130.67620 -134.37510
-130.83210 -134.35180
-130.82490 -134.37640
-130.61680 -134.30700
-130.72300 -134.39670
-130.69790 -134.43280
-130.76200 -134.46240
-130.54490 -134.36950
-130.71010 -134.41500
-130.88810 -134.43310
-130.91510 -134.44640
-130.66040 -134.41730
-130.71480 -134.35400
-130.93550 -134.45080
-130.83090 -134.43810
-130.24980 -134.38440
-130.01910 -134.11180
-129.98720 -133.90640
-129.90360 -133.79470
-129.60870 -133.79410
-129.87060 -133.81280
-130.11340 -133.79320
-130.16360 -133.70480
-129.74760 -133.72460
-129.71650 -133.63930
-129.96300 -133.82220
-129.35590 -133.54670
-129.79010 -133.55300
-129.29600 -133.36520
-129.07010 -133.35930
-129.10290 -133.26670
-129.56230 -133.29010
-129.07280 -133.33020
-129.26590 -133.10350
-129.14980 -133.07360
-128.96610 -133.21680
-129.27950 -133.29770
-128.88400 -133.18890
-128.79880 -133.27580
-130.24310 -133.99570
-130.28730 -134.11590
-130.31280 -134.09400
-130.28670 -134.04290
-129.99990 -133.80100
-129.70390 -133.69340
-129.38170 -133.57430
-129.87640 -133.65020
-129.96190 -133.72520
-129.86710 -133.64080
-129.93370 -133.65640
-117.81550 -118.20860
-118.01730 -118.24970
-118.15750 -118.30760
-118.28370 -118.37130
-117.81770 -118.29170
-117.79360 -118.25860
-117.94050 -118.22470
-118.10350 -118.34370
-118.03490 -118.37180
-117.92430 -118.36480
-117.65700 -118.36260
-117.59640 -118.45970
-117.61330 -118.42870
-117.83420 -118.40710
-117.72800 -118.45430
-118.04570 -118.56320
-118.08030 -118.58200
-118.08720 -118.50080
-118.49210 -118.53940
-118.64190 -118.70150
-118.51130 -118.71810
-118.38060 -118.62300
-118.23800 -118.56700
-118.03470 -118.49910
-117.96880 -118.32380
-117.72260 -118.25460
-117.40850 -118.11900
-117.38700 -118.08540
-117.24590 -118.16590
-117.50010 -118.03910
-117.10240 -117.92310
-117.21820 -117.93770
-117.16570 -117.89980
-117.16460 -117.97200
-116.93390 -117.82020
-116.76760 -117.76710
-116.78890 -117.74790
-116.49930 -117.65550
-115.66820 -117.30050
-116.08780 -117.24610
-116.12890 -117.31650
-116.07010 -117.32160
-116.28070 -117.29630
-116.84770 -117.31640
-116.61110 -117.41400
-116.62040 -117.39400
-116.17280 -117.38360
-116.72510 -117.53330
-116.49050 -117.06050
-116.86590 -117.24450
-116.73110 -117.18430
-117.00690 -117.20400
-116.61450 -117.09640
-116.76350 -116.97490
-116.80150 -117.07970
-116.81470 -117.09050
-116.58040 -116.95950
-116.73990 -117.09790
-116.67500 -116.91900
-116.23720 -116.53270
-116.31750 -116.56340
-115.79910 -116.43640
-115.90110 -116.38060
-116.18010 -116.21200
-116.41900 -116.31260
-116.39310 -116.64490
-116.21620 -116.57100
-116.07310 -116.58060
-115.96350 -116.58850
-116.43030 -116.85340
-116.16840 -116.68320
-116.04780 -116.67180
-116.49740 -116.89910
-116.30790 -116.76660
-116.67830 -116.93880
-116.58190 -116.94770
-116.47730 -116.90130
-116.39850 -117.02660
-116.42310 -117.11510
-116.50100 -117.22820
-116.66550 -117.22640
-117.03020 -117.56410
-116.86430 -117.51950
-116.53220 -117.46250
-116.79540 -117.49110
-116.81710 -117.45910
-116.97180 -117.59490
-116.75160 -117.41050
-117.06990 -117.41480
-116.86260 -117.37490
-116.94550 -117.19800
-116.83570 -117.27930
-116.67450 -117.54000
-116.62730 -117.28820
-116.50420 -118.03890
-116.36500 -118.03730
-116.35100 -117.86310
-116.50730 -117.92350
-116.36420 -117.80590
-116.55530 -117.81370
-116.43950 -117.82550
-116.33010 -117.81420
-116.53990 -117.82790
-116.53130 -117.82940
-116.72400 -117.95070
-116.45210 -118.08140
-116.39240 -118.08670
-116.65010 -118.13640
-116.61550 -118.12120
-116.22570 -117.98820
-116.80820 -118.33220
-116.94910 -118.41500
-117.04850 -118.55560
-116.76050 -118.53020
-117.27040 -118.52760
-116.86350 -118.55660
-117.37920 -118.64140
-117.08090 -118.33380
-116.98100 -118.35330
-116.92650 -118.34510
-116.63420 -118.01360
-116.72300 -118.00430
-116.63380 -117.95000
-116.79550 -118.08760
-117.09820 -118.22710
-116.76270 -118.16700
-116.86540 -118.19040
-117.31170 -118.43170
-117.57330 -118.50700
-117.41370 -118.58470
-117.52450 -118.74540
-117.77640 -118.98920
-117.25520 -118.85300
-117.06610 -118.82420
-117.00400 -118.78950
-116.88320 -118.67280
-117.20340 -118.61910
-116.90080 -118.45800
-116.99160 -118.44170
-117.16020 -118.49530
-117.09790 -118.52540
-117.24270 -118.43990
-117.50210 -118.45640
-117.40400 -118.41000
-117.26620 -118.37050
-116.98780 -118.39730
-116.51470 -118.11260
-116.55060 -118.17130
-116.32340 -118.05900
-115.73050 -117.55180
-115.67470 -117.39600
-115.77030 -117.48800
-115.16980 -117.19480
-115.01370 -117.21460
-115.06330 -117.26710
-115.19410 -117.17640
-114.95500 -116.99530
-114.93060 -116.95260
-114.92910 -116.84250
-114.96040 -116.96800
-114.78990 -116.90100
-114.60480 -116.90710
-114.67710 -116.94670
-114.97020 -116.99730
-114.94690 -116.84910
-115.56670 -117.45000
-115.48620 -117.41040
-115.43530 -117.43990
-115.72840 -117.66050
-115.62290 -117.66280
-115.62350 -117.72040
-115.71390 -117.61420
-115.44050 -117.52820
-115.43940 -117.33990
-115.45120 -117.13590
-115.40550 -117.19080
-115.81690 -117.26840
-115.33280 -117.31580
-115.81460 -117.43040
-115.25390 -117.22850
-115.60000 -117.31660
-115.66910 -117.20380
-115.40920 -117.00510
-115.35000 -116.98060
-115.87300 -116.94700
-116.03140 -117.07320
-116.16150 -117.19710
-116.05750 -117.06510
-116.33650 -117.01720
-116.07450 -116.92540
-116.38720 -117.06640
-116.81250 -117.32900
-116.35240 -117.33500
-116.31650 -117.28550
-116.62700 -117.45010
-116.72710 -117.38300
-116.78720 -117.39370
-116.82220 -117.49540
-117.09260 -117.55320
-117.19370 -117.80870
-117.38430 -117.85060
-117.00210 -117.89020
-117.08170 -117.86480
-117.08960 -117.60550
-117.12330 -117.60460
-116.68610 -117.37530
-116.91620 -117.39140
-117.03220 -117.39960
-116.92680 -117.45040
-117.11810 -117.55410
-116.93300 -117.44930
-116.39110 -117.16330
-116.22490 -116.91190
-116.29250 -116.78770
-116.11640 -116.61520
-116.31800 -116.71120
-116.23580 -116.77990
-116.51360 -116.71630
-116.26090 -116.83600
-115.94430 -116.70320
-115.90610 -116.71760
-116.05080 -116.72910
-115.89940 -116.73340
-115.62890 -116.71990
-115.40680 -116.60270
-115.66600 -116.79540
-115.55770 -116.76550
-115.17960 -116.73090
-115.06860 -116.49640
-115.05080 -116.42300
-115.34520 -116.32730
-115.34510 -116.42550
-115.12430 -116.17170
-114.40610 -116.22300
-114.34700 -116.10810
-114.22630 -116.26040
-114.83730 -116.57360
-114.09840 -116.25150
-114.01270 -116.10720
-114.31290 -115.95490
-114.03020 -115.82720
-114.29180 -115.82400
-113.93430 -115.75430
-113.78100 -115.71650
-114.02620 -115.62880
-113.81050 -115.75270
-113.88660 -115.76460
-113.98470 -115.76280
-113.80540 -115.75690
-114.06540 -115.88580
-114.32860 -115.97300
-114.38380 -115.88670
-114.27140 -116.06530
-114.41340 -116.04780
-114.03760 -116.04300
-114.21710 -116.10280
-114.39480 -116.15120
-113.76130 -115.99770
-114.34200 -116.11040
-113.70470 -115.88190
-113.85440 -115.74220
-113.76600 -115.75180
-113.76530 -115.71750
-113.72950 -115.68550
-113.75070 -115.67500
-113.33860 -115.53150
-114.09480 -115.86300
-114.10800 -115.93560
-114.22050 -115.89230
-114.10440 -115.99600
-114.10800 -116.09900
-114.03970 -116.10760
-114.36800 -116.12360
-113.76440 -116.03370
-114.04410 -116.02030
-113.84130 -116.10600
-114.15720 -116.21540
-113.55270 -116.09190
-113.93190 -116.05710
-113.66050 -115.98400
-113.47030 -115.95800
-113.89990 -116.02600
-114.31150 -116.02090
-114.46340 -116.26710
-113.83880 -116.15540
-113.91650 -116.19040
-113.74000 -115.87210
-113.48500 -115.87440
-113.88130 -115.96900
-113.48810 -115.90500
-113.49670 -115.88850
-113.61410 -115.54120
-113.50820 -115.58860
-113.34500 -115.50440
-113.43120 -115.49210
-113.00110 -115.30050
-113.01810 -115.27330
-112.97710 -115.27030
-112.96000 -115.27630
-112.90400 -115.19220
-112.76850 -115.32080
-112.95100 -115.16390
-112.71190 -115.06970
-112.41870 -114.88780
-112.81940 -115.10990
-112.82220 -114.99780
-113.00570 -115.03740
-112.80130 -115.14630
-112.76770 -115.04890
-112.36620 -114.79220
-112.72620 -114.79420
-112.47240 -114.89930
-112.76290 -114.85830
-112.65060 -114.87970
-112.79570 -114.81100
-112.38160 -114.86120
-113.01640 -114.98470
-112.58320 -114.93560
-112.79190 -114.85040
-112.94600 -115.03180
-113.06380 -114.97270
-112.62730 -114.93660
-112.62690 -114.90620
-112.44890 -114.83540
-112.28750 -114.90410
-112.28110 -114.83650
-112.42420 -114.39960
-112.07620 -114.45270
-112.08810 -114.48690
-112.05450 -114.48320
-112.40450 -114.51520
-112.18340 -114.49200
-112.12400 -114.24000
-111.93900 -114.23880
-111.91850 -114.18600
-111.94400 -113.94520
-111.67050 -113.73770
-111.47970 -113.67940
-111.59190 -113.55630
-111.61980 -113.45780
-111.58190 -113.62580
-111.69020 -113.50200
-111.50010 -113.49070
-112.12320 -113.64360
-111.96570 -113.63230
-111.96970 -113.54120
-111.82790 -113.43820
-111.93730 -113.38380
-111.82440 -113.31460
-111.90150 -113.33080
-112.20760 -113.48640
-112.24110 -113.54050
-112.21110 -113.51240
-112.22940 -113.77830
-112.01380 -113.67660
-111.53130 -113.40280
-111.88060 -113.40810
-111.61400 -113.49070
-111.72300 -113.56950
-111.65270 -113.42770
-111.63610 -113.33810
-111.84970 -113.36150
-111.70280 -113.34380
-111.94450 -113.33730
-111.70640 -113.51530
-111.02920 -112.97240
-110.80610 -112.91390
-110.89100 -112.96730
-111.03300 -112.89540
-110.65040 -112.94320
-110.59440 -112.85560
-111.27900 -112.98480
-110.83580 -112.88470
-110.74660 -112.89300
-110.76550 -112.66220
-110.82380 -112.78510
-110.53870 -112.67720
-110.28340 -112.66770
-110.25130 -112.61450
-109.83740 -113.17100
-110.03350 -113.19660
-109.86360 -113.27400
-109.96130 -113.26370
-109.77260 -113.18870
-110.02690 -113.21140
-110.02180 -113.18370
-109.90010 -113.16710
-109.35660 -112.96300
-109.71340 -112.99360
-109.40980 -112.98110
-109.55380 -112.96440
-109.71480 -112.97140
-108.78510 -112.84070
-109.10650 -112.68520
-109.02330 -112.69240
-109.20700 -112.65610
-109.19230 -112.61010
-109.17920 -112.64880
-109.04250 -112.63980
-109.06380 -112.49290
-109.07050 -112.62080
-109.49970 -112.64730
-109.12420 -112.79500
-109.47030 -112.88230
-109.49920 -112.90370
-109.24660 -112.93300
-109.51800 -112.92010
-109.22150 -112.87130
-109.55470 -112.90380
-108.98250 -112.61530
-108.83250 -112.64970
-108.84690 -112.70390
-108.91180 -112.64990
-108.97540 -112.76160
-108.92130 -112.72000
-108.70430 -112.75840
-109.06560 -112.81190
-108.81640 -112.72770
-108.87070 -112.69970
-108.93450 -112.74040
-108.77830 -112.65470
-108.57700 -112.70290
-108.88090 -112.62400
-108.38160 -112.54400
-108.80230 -112.63530
-108.54940 -112.53120
-108.90360 -112.57620
-108.81880 -112.57850
-108.98280 -112.70630
-108.85150 -112.54660
-101.07840 -101.28560
-101.27620 -101.32140
-101.29930 -101.53020
-100.87610 -101.35610
-100.91280 -101.20610
-100.95790 -101.30110
-100.81130 -101.17520
-100.81680 -101.16680
-101.16430 -101.37160
-101.00110 -101.39660
-100.95370 -101.41180
-101.17200 -101.42650
-100.88280 -101.26820
-101.07170 -101.24510
-100.98490 -101.31110
-101.26150 -101.32820
-101.40520 -101.37930
-101.41890 -101.39550
-101.91380 -101.63520
-102.02290 -101.71600
-102.06850 -101.66930
-102.19460 -101.64530
-102.05510 -101.64300
-101.93770 -101.60170
-101.55240 -101.43040
-101.47210 -101.45480
-101.76390 -101.42190
-101.62670 -101.32460
-101.36770 -101.31980
-101.35530 -101.33490
-101.14360 -101.26060
-101.05630 -101.21000
-100.63790 -101.00700
-101.12520 -101.07430
-100.76530 -101.01750
-100.86660 -101.04050
-100.92670 -101.06010
-100.93550 -101.07040
-100.79190 -100.98020
-100.67470 -100.92650
-100.38830 -100.81950
-100.23480 -100.90130
-99.71830 -100.21300
-99.81750 -100.24720
-99.73020 -100.25280
-99.69100 -100.23990
-100.39210 -100.28410
-100.51160 -100.39980
-100.36190 -100.32580
-100.42960 -100.40930
-100.10570 -100.39180
-100.08100 -100.47530
-100.17940 -100.40800
-100.24590 -100.47760
-100.26140 -100.65510
-100.45710 -100.70050
-100.36520 -100.59780
-100.31550 -100.60040
-100.02160 -100.56180
-100.19110 -100.54280
-99.98840 -100.36210
-100.13960 -100.37650
-100.08130 -100.33060
-99.97620 -100.28450
-100.08370 -100.36740
-100.12430 -100.19640
-100.09730 -100.27640
-99.97840 -100.22540
-99.95840 -100.12850
-99.69140 -100.08220
-99.72330 -99.99250
-99.74690 -99.99310
-99.76040 -99.98390
-99.37770 -99.91410
-99.18960 -99.86340
-99.28320 -99.82870
-99.27140 -99.64430
-99.66820 -99.87100
-99.76390 -99.88720
-99.77850 -99.93380
-99.76240 -100.06590
-99.71120 -100.13240
-99.61920 -100.15020
-100.02830 -100.26110
-99.93820 -100.40410
-99.80770 -100.40870
-99.94350 -100.41920
-99.93750 -100.53640
-99.78530 -100.66210
-99.85490 -100.58180
-99.49050 -100.43530
-99.32920 -100.40330
-99.30040 -100.44460
-99.32140 -100.50110
-99.40610 -100.47480
-99.50340 -100.57440
-100.08120 -100.85970
-99.78120 -100.89360
-99.73380 -100.88460
-99.70190 -100.98060
-99.79640 -100.89810
-99.63680 -100.68720
-99.62920 -100.85130
-99.57640 -101.03470
-99.44870 -100.94060
-99.36260 -100.85180
-99.24950 -100.85110
-99.13420 -100.92170
-99.21060 -100.76470
-99.28100 -100.83890
-99.32120 -100.89030
-99.31250 -100.84100
-99.28350 -100.86860
-99.29900 -100.97840
-99.39810 -100.96700
-99.44050 -100.97030
-99.05270 -101.00510
-99.86960 -101.13010
-99.56150 -101.13350
-99.69470 -101.13070
-99.64570 -101.15340
-99.98890 -101.16120
-99.90710 -101.14900
-100.10430 -101.21370
-99.54290 -101.21890
-99.88830 -101.26490
-99.53670 -101.20380
-99.03120 -101.02400
-99.03960 -100.97900
-99.03280 -100.99700
-98.94400 -100.98910
-98.70410 -100.56200
-98.94850 -100.69810
-98.71520 -100.64040
-98.49280 -100.51840
-98.78590 -100.39050
-98.72840 -100.45560
-98.63500 -100.50190
-98.55150 -100.40290
-98.68700 -100.40410
-98.63600 -100.39340
-98.73380 -100.51770
-99.19590 -101.00660
-98.73260 -100.80110
-98.76900 -100.76520
-98.79520 -100.78380
-98.49460 -100.53420
-98.56980 -100.46840
-98.44210 -100.48250
-98.65820 -100.52170
-98.59020 -100.64190
-98.65050 -100.62830
-98.87740 -99.72800
-98.40870 -99.70850
-98.76140 -99.68750
-98.75800 -99.60780
-98.88940 -99.79330
-98.54150 -99.64770
-98.54980 -99.64760
-98.63850 -99.57700
-98.45720 -99.56830
-98.31180 -99.62130
-98.15350 -99.54180
-97.79760 -99.33830
-97.67480 -99.20850
-97.68030 -99.28440
-97.58950 -99.22650
-97.55970 -99.13870
-97.35410 -98.97840
-97.46290 -99.01370
-97.42360 -99.03920
-97.25580 -98.99310
-97.33230 -99.20050
-97.47190 -99.06330
-97.17890 -98.81070
-97.21020 -98.88600
-96.98220 -98.64210
-96.96310 -98.74660
-97.02590 -98.78320
-97.06710 -98.86040
-96.94250 -98.83240
-96.87800 -98.75630
-96.83890 -98.71680
-96.43650 -98.49000
-96.58240 -98.62930
-96.59650 -98.45360
-96.82970 -98.74170
-96.89470 -98.55510
-96.88580 -98.72520
-96.97940 -98.78190
-96.93390 -98.76100
-96.92150 -98.79140
-96.99280 -98.84100
-96.77470 -98.82020
-97.07100 -98.84710
-96.79870 -98.72930
-96.88330 -98.75330
-96.87040 -98.73850
-96.63100 -98.51090
-96.83010 -98.58790
-96.74380 -98.55520
-96.53280 -98.62670
-97.00760 -98.63050
-96.86110 -98.65850
-97.01690 -98.70110
-96.96070 -98.57000
-96.98260 -98.50560
-97.12330 -98.37290
-97.16810 -98.31610
-97.48010 -98.21270
-97.36990 -98.11840
-96.99820 -97.87960
-96.94520 -97.96240
-97.01410 -98.04710
-97.64170 -98.14230
-97.37970 -97.94200
-97.55980 -97.98430
-97.67020 -98.07420
-97.70130 -98.11550
-98.05040 -98.51070
-98.19670 -98.56310
-97.77410 -98.31180
-97.95070 -98.26390
-97.74930 -98.05730
-97.80170 -97.99520
-97.77450 -98.03900
-97.78150 -98.04190
-97.65790 -98.02610
-97.52530 -97.90760
-97.27110 -97.81490
-97.41640 -97.89800
-97.36970 -98.00920
-97.40370 -97.84600
-97.26260 -97.57460
-97.46240 -97.49390
-97.18840 -97.29000
-97.31390 -97.20610
-97.42920 -97.29800
-97.36480 -97.34390
-97.40310 -97.31890
-97.44020 -97.26330
-97.32860 -97.34560
-96.90110 -97.23700
-96.90060 -97.38910
-96.91230 -97.27150
-96.94650 -97.24980
-97.11340 -97.32040
-97.21200 -97.43450
-96.83180 -97.34900
-96.94320 -97.22760
-97.04410 -97.10480
-97.20820 -97.14790
-96.96290 -97.05050
-96.79680 -96.96440
-97.02610 -97.05790
-97.05800 -97.06200
-96.90140 -97.82940
-96.76140 -97.74020
-97.04080 -97.86670
-96.96380 -97.92000
-96.90980 -98.21270
-96.89530 -98.28070
-96.74850 -97.96290
-96.81000 -97.97710
-96.89140 -98.04320
-96.78170 -98.02360
-96.95610 -97.97420
-96.52430 -97.81870
-96.42260 -97.67370
-96.57340 -97.63930
-96.41720 -97.56690
-96.28000 -97.64510
-96.60730 -97.75290
-96.72300 -97.75290
-96.57650 -97.88610
-96.66180 -97.89570
-96.67710 -97.81880
-96.79370 -97.94790
-96.66590 -98.08930
-97.27330 -98.20550
-97.00130 -98.12880
-96.66830 -97.95020
-96.96780 -98.07790
-96.90360 -97.94700
-96.61290 -98.05630
-96.68190 -97.90260
-96.34080 -97.85680
-96.18220 -97.74750
-96.55650 -97.83750
-96.66230 -97.84700
-96.26950 -97.72740
-96.71920 -97.91840
-96.56430 -97.91500
-96.48740 -97.87220
-96.53610 -97.78680
-96.47340 -97.78070
-96.42570 -97.87420
-96.28200 -97.66010
-96.57110 -97.86170
-96.07470 -97.62850
-95.94420 -97.39100
-95.53100 -97.25290
-95.68500 -97.11610
-95.48860 -97.00180
-95.78130 -97.21970
-95.52290 -97.19880
-95.81220 -97.64080
-95.74850 -97.50100
-95.62310 -97.48470
-95.37180 -97.35230
-95.60590 -97.29930
-95.56870 -97.32470
-95.44680 -97.32000
-95.36990 -97.36980
-95.20870 -97.27150
-95.17690 -97.26030
-95.40580 -97.24290
-95.20700 -97.22220
-95.18320 -97.23320
-95.23640 -97.16720
-95.19930 -97.07070
-95.50970 -97.17990
-95.17070 -97.09040
-95.42500 -97.20720
-95.40160 -97.11850
-95.37810 -97.21320
-95.41430 -97.03100
-95.47500 -97.22040
-95.57900 -97.20960
-95.67100 -97.27110
-95.56180 -97.16730
-95.52880 -97.31160
-95.31360 -97.21420
-95.50880 -97.36460
-95.57540 -97.38630
-95.88420 -97.41620
-95.76160 -97.51650
-95.83280 -97.53610
-95.58640 -97.35890
-95.51970 -97.36280
-95.43990 -97.21890
-95.35380 -97.27270
-95.37720 -97.21800
-95.66860 -97.28690
-95.42230 -97.24440
-95.40450 -97.22370
-95.42960 -97.14580
-95.14160 -97.15140
-95.48720 -97.28460
-95.51110 -97.35840
-95.65390 -97.25230
-95.46870 -97.20970
-95.71930 -97.26950
-95.55900 -97.20610
-95.46520 -97.05570
-95.74350 -97.07390
-95.90610 -97.15320
-95.84540 -97.15200
-95.77430 -97.11390
-95.90760 -97.12600
-95.87800 -97.11590
-95.63770 -96.92240
-95.29960 -96.91830
-94.73400 -96.56110
-94.93700 -96.47840
-94.71980 -96.41980
-94.56330 -96.24600
-94.29970 -96.06600
-94.43090 -96.22340
-94.24090 -96.05830
-94.49950 -96.12400
-94.51810 -96.18030
-94.44690 -96.17170
-94.45750 -96.07740
-94.40330 -95.89980
-94.29230 -95.88820
-94.32780 -95.86080
-94.13820 -95.55200
-94.63920 -95.63570
-95.03530 -95.84100
-94.93440 -95.92830
-94.80690 -96.01000
-94.88940 -96.10290
-94.87680 -96.09150
-94.38760 -95.98870
-94.43710 -95.94390
-94.63340 -95.99080
-94.91250 -95.98180
-94.59650 -95.97160
-94.68880 -95.93710
-94.80340 -95.99430
-94.70190 -95.97420
-94.77040 -95.80980
-94.17340 -95.83860
-94.48820 -95.93080
-94.72550 -95.90690
-94.63130 -95.85150
-94.84800 -95.88930
-94.66740 -95.82920
-94.85880 -95.78620
-94.78520 -95.80580
-94.89850 -95.88460
-95.04120 -95.86490
-94.99790 -95.93340
-95.02200 -95.82800
-95.20610 -95.92640
-95.06920 -95.97670
-94.92970 -96.00920
-94.63940 -96.10310
-95.02390 -96.11560
-94.67450 -96.95630
-94.65780 -97.08840
-94.71780 -97.10110
-94.76230 -97.09040
-94.56330 -97.00930
-94.54380 -97.05580
-94.64640 -97.10540
-94.50750 -97.02210
-94.68530 -97.08290
-94.65490 -97.09480
-94.60880 -97.05380
-94.82340 -97.03170
-94.64750 -97.00900
-94.15620 -96.88840
-94.39510 -96.81400
-94.52550 -96.84770
-94.40740 -96.74230
-94.24470 -96.78210
-94.34720 -96.70710
-94.51610 -96.74580
-94.50930 -96.83600
-94.77640 -96.89870
-94.55060 -96.85230
-94.46520 -97.03260
-94.47740 -97.06330
-94.83590 -97.16660
-94.32060 -96.87820
-94.14130 -96.71250
-93.99570 -96.68910
-94.15540 -96.50220
-93.75560 -96.65200
-93.76410 -96.63640
-93.92020 -96.67770
-93.75580 -96.65930
-93.53870 -96.70740
-93.85350 -96.70800
-94.33580 -97.08320
-94.10150 -97.02840
-94.11640 -97.10520
-94.15790 -96.98430
-94.03200 -96.99840
-94.10320 -96.93790
-93.84630 -96.89950
-93.83170 -96.66820
-93.73470 -96.70150
-93.58350 -96.60820
-93.89090 -96.64960
-93.93500 -96.76300
-94.01140 -96.74330
-86.15530 -86.19180
-86.25690 -86.24260
-86.42300 -86.31690
-85.81620 -86.27690
-85.79950 -86.21290
-85.94910 -86.23980
-86.04130 -86.21190
-86.23590 -86.38010
-86.11070 -86.38380
-86.21660 -86.43480
-86.06360 -86.46180
-86.26370 -86.44970
-86.17440 -86.31870
-86.12830 -86.32810
-86.44770 -86.45610
-86.51550 -86.55590
-86.91360 -86.70050
-86.95930 -86.73090
-86.84590 -86.78910
-86.89650 -86.71090
-86.71030 -86.67800
-86.50230 -86.61990
-86.53600 -86.55140
-86.33050 -86.52220
-86.63630 -86.45400
-86.47580 -86.38530
-86.21090 -86.39240
-85.66670 -86.16610
-85.70000 -85.97820
-85.41240 -85.94910
-85.71240 -85.99140
-85.55740 -85.98490
-85.39610 -85.98890
-85.24770 -85.88680
-85.12060 -85.91910
-84.92170 -85.82850
-84.87770 -85.30470
-84.63350 -85.28440
-84.60730 -85.26230
-85.19420 -85.24550
-85.29010 -85.34580
-85.17830 -85.28270
-85.05190 -85.41750
-85.02360 -85.53310
-85.24880 -85.67070
-85.11710 -85.61530
-85.11440 -85.60350
-85.21630 -85.60680
-85.14600 -85.50420
-85.13680 -85.43710
-85.20020 -85.60510
-85.25810 -85.63280
-84.95820 -85.55080
-84.95820 -85.50300
-85.16000 -85.59420
-85.16770 -85.60900
-85.08840 -85.56740
-85.22220 -85.54240
-85.16490 -85.54060
-85.15980 -85.39070
-85.16370 -85.45770
-84.85790 -85.28110
-84.88120 -85.20140
-84.78790 -85.20160
-84.89740 -85.25750
-84.83410 -85.21540
-84.64820 -85.18680
-84.70830 -85.05870
-84.63780 -85.01710
-84.58040 -84.82430
-84.71900 -84.90620
-85.20600 -85.20400
-85.17250 -85.28560
-85.03030 -85.23640
-85.03560 -85.32020
-84.98420 -85.33540
-84.90530 -85.36260
-85.24510 -85.60170
-85.11180 -85.58720
-85.02810 -85.57790
-84.93310 -85.64590
-84.80610 -85.53340
-85.00550 -85.59020
-85.07790 -85.59270
-84.86890 -85.54570
-84.97600 -85.66620
-84.93770 -85.63060
-84.94830 -85.69650
-85.02820 -85.67030
-85.16280 -85.83210
-84.97190 -85.65270
-85.27550 -85.78160
-85.58330 -85.96710
-85.08970 -85.80210
-85.20640 -85.95170
-85.11030 -85.88050
-85.13130 -85.77710
-85.22120 -85.76170
-85.14840 -85.67470
-85.19000 -85.67960
-84.94630 -85.59720
-84.92690 -85.73420
-84.64510 -85.61410
-84.80550 -86.25520
-84.69810 -86.16930
-84.69970 -86.29490
-84.75200 -86.35300
-84.72750 -86.38090
-84.75680 -86.34750
-84.67390 -86.36950
-84.65970 -86.36860
-84.76200 -86.51980
-84.68940 -86.54300
-84.64440 -86.50730
-84.44970 -86.39470
-84.64230 -86.44700
-84.76610 -86.45600
-85.06140 -86.57550
-85.08880 -86.67310
-85.04000 -86.71380
-85.40790 -86.73140
-84.99210 -86.69810
-84.93450 -86.66740
-84.77270 -86.65530
-84.89460 -86.67720
-84.87470 -86.69760
-84.79340 -86.67270
-84.54480 -86.32240
-84.65610 -86.33300
-84.65370 -86.43840
-84.70330 -86.31700
-84.76280 -86.41150
-84.76590 -86.43450
-84.92330 -86.55570
-85.15910 -86.48360
-85.34900 -86.67200
-85.88750 -86.87790
-85.02400 -86.73460
-85.11710 -86.73350
-84.93110 -86.64050
-84.94470 -86.60000
-84.89280 -86.45740
-84.93360 -86.59060
-85.01580 -86.71010
-85.24990 -86.00990
-85.09260 -85.93360
-85.09860 -85.85230
-85.13370 -85.94140
-85.23930 -85.98960
-85.24460 -85.94660
-85.12200 -86.00770
-85.06900 -85.93650
-84.90860 -85.92340
-84.59220 -85.74630
-84.55190 -85.76930
-84.45050 -85.59550
-84.39370 -85.60850
-84.27020 -85.53190
-84.20630 -85.42070
-84.21580 -85.58750
-84.15510 -85.55870
-84.12580 -85.59260
-84.24430 -85.73450
-83.99640 -85.55590
-84.13490 -85.59850
-84.07950 -85.66800
-84.10380 -85.62380
-83.99400 -85.65110
-84.10080 -85.59500
-84.06600 -85.70250
-84.07440 -85.65180
-84.02330 -85.68910
-84.10460 -85.61920
-84.01320 -85.59360
-83.90700 -85.52850
-83.92950 -85.54310
-83.92620 -85.50760
-83.90500 -85.50860
-83.81740 -85.45290
-83.73690 -85.26900
-83.86200 -85.23940
-83.99330 -85.27770
-83.68590 -85.15750
-83.66480 -85.08980
-83.86440 -85.15580
-83.56860 -85.22480
-83.60210 -85.06540
-83.71370 -85.28380
-83.65840 -85.27200
-83.73380 -85.40270
-83.90840 -85.42890
-83.79570 -85.36720
-83.84700 -85.26470
-83.78850 -85.13350
-83.78960 -85.03620
-83.90500 -85.00390
-83.94100 -85.04400
-84.08020 -85.05780
-84.35880 -85.00890
-83.98340 -85.07660
-84.30500 -85.15900
-84.20120 -85.07200
-83.97080 -84.95900
-83.93270 -84.96280
-83.93130 -84.91970
-84.23800 -84.96690
-84.30740 -85.03120
-84.57510 -85.29360
-84.66440 -85.18710
-84.76580 -85.18530
-84.73750 -85.12420
-84.59480 -84.99520
-84.54090 -85.00420
-84.78890 -85.16920
-84.29970 -85.03530
-84.35480 -84.94150
-84.32880 -84.95330
-84.57090 -85.09540
-84.67140 -85.03670
-85.01180 -85.23650
-85.14800 -85.43040
-85.41080 -85.46620
-85.20860 -85.59940
-85.29920 -85.63930
-85.38110 -85.66530
-85.19250 -85.55950
-85.05250 -85.58870
-85.20260 -85.55450
-84.93320 -85.43280
-85.20450 -85.40510
-85.17590 -85.38600
-85.13020 -85.42170
-85.06410 -85.41520
-84.84760 -85.31690
-84.73370 -85.20560
-84.68630 -85.26780
-84.55190 -85.14250
-84.44830 -85.04540
-84.30920 -84.94310
-84.36420 -84.96770
-84.38250 -84.92210
-84.20580 -84.83260
-84.42110 -84.50720
-84.48960 -84.58750
-84.41510 -84.63830
-84.53030 -84.58730
-84.26250 -84.63120
-84.43300 -84.66070
-84.26080 -84.65460
-84.36040 -84.68530
-84.22210 -84.79680
-84.16460 -84.75150
-84.33890 -84.79260
-84.37210 -84.88860
-84.04510 -84.74470
-84.05580 -84.65320
-84.03660 -84.65110
-84.10270 -84.62260
-84.20020 -84.51040
-84.20540 -84.57130
-83.96990 -84.45060
-83.86420 -84.44420
-84.01510 -84.52400
-83.93560 -84.45060
-84.02410 -84.87290
-84.01440 -84.85020
-84.06770 -84.85510
-84.13670 -84.87600
-84.06710 -84.99750
-84.45430 -85.21390
-84.42720 -85.17390
-84.11620 -84.88340
-84.28960 -84.93800
-84.15970 -84.99860
-84.06960 -84.98810
-84.03520 -84.98680
-84.06170 -85.02460
-83.91400 -84.95370
-83.70800 -84.69860
-83.69530 -84.63850
-83.81730 -84.67760
-83.66810 -84.71250
-84.00080 -84.74210
-84.20030 -84.97540
-84.23310 -85.01620
-84.23910 -85.03200
-84.53970 -85.22890
-84.18000 -85.14660
-84.34050 -85.17750
-84.47860 -85.14260
-84.34640 -85.21310
-84.17670 -85.18710
-84.27690 -85.14920
-84.24360 -85.15980
-84.21440 -85.14570
-84.18390 -85.02910
-84.14480 -85.03330
-84.26350 -85.06240
-84.22670 -85.13440
-84.22490 -85.09230
-83.92500 -85.12810
-84.04700 -85.12930
-84.02810 -85.10820
-83.91920 -85.05490
-84.00870 -84.95340
-83.87110 -84.96840
-84.02450 -85.01650
-84.05770 -84.96390
-84.16450 -84.97560
-84.12620 -85.19840
-84.02550 -85.12280
-83.91410 -85.04200
-84.10690 -85.13280
-84.15970 -85.09910
-84.26500 -85.09390
-84.33140 -85.11650
-84.07800 -85.08770
-84.09630 -85.11250
-84.50370 -85.03410
-84.68630 -85.34750
-84.64230 -85.32280
-84.55510 -85.28010
-84.45300 -85.21960
-84.32980 -85.17020
-84.39470 -85.15180
-84.43940 -85.16740
-84.48030 -85.14060
-84.58160 -85.15050
-84.37810 -85.17850
-84.63550 -85.37200
-84.91660 -85.52370
-84.75750 -85.46610
-84.90170 -85.46870
-84.91770 -85.56160
-84.84490 -85.51720
-84.66060 -85.39820
-84.84110 -85.43780
-84.93570 -85.36540
-84.91090 -85.40590
-85.00900 -85.37870
-84.98130 -85.33410
-84.97190 -85.24010
-84.76520 -85.15500
-84.82080 -85.18340
-84.62190 -85.07870
-84.69080 -85.08820
-84.56570 -85.00140
-84.51210 -85.06920
-84.63850 -85.07390
-84.54400 -85.06830
-84.78520 -85.09610
-84.71830 -85.07140
-84.50560 -85.03390
-84.05180 -84.74720
-84.11910 -84.71500
-84.21120 -84.69000
-84.34410 -84.77350
-84.23430 -84.70840
-84.18530 -84.65890
-84.07280 -84.62310
-84.22810 -84.63880
-84.24340 -84.60480
-84.25800 -84.60650
-84.19880 -84.54960
-83.88900 -84.41460
-83.81390 -84.16090
-83.59540 -84.02080
-83.33240 -83.72410
-83.64280 -83.75770
-83.56390 -83.74290
-83.40900 -83.75290
-83.37040 -83.62620
-83.01140 -83.53550
-83.00650 -83.58900
-82.86700 -83.54940
-83.27970 -83.52940
-83.17460 -83.48780
-82.98070 -83.45340
-83.28400 -83.50920
-83.19490 -83.38980
-83.12210 -83.36620
-83.28180 -83.41740
-83.63420 -83.48020
-83.65880 -83.54600
-83.58170 -83.76030
-83.50770 -83.76990
-83.42880 -83.74420
-83.41460 -83.73580
-83.44230 -83.71380
-83.35260 -83.75030
-83.61030 -83.82150
-83.55860 -83.85130
-83.61290 -83.87560
-83.51370 -83.84260
-83.43730 -83.68480
-83.25470 -83.61570
-83.47420 -83.75290
-83.63480 -83.79960
-83.42350 -83.85610
-83.48860 -83.77320
-83.43720 -83.75500
-83.45680 -83.72950
-83.40480 -83.71840
-83.41990 -83.67630
-83.49520 -83.68920
-83.42420 -83.62690
-83.42350 -83.55260
-83.36930 -83.60320
-83.45390 -83.60110
-83.19790 -83.54480
-83.19310 -83.53970
-83.34250 -83.61310
-83.03810 -83.45500
-83.11360 -83.95800
-83.15380 -83.96870
-83.14990 -83.95550
-83.16180 -83.90180
-83.05230 -83.89610
-83.06220 -83.90790
-82.97220 -83.84680
-83.06380 -83.85920
-82.95320 -83.85810
-83.01220 -83.84710
-83.00460 -83.81140
-83.09450 -83.84860
-82.63350 -83.66730
-82.62500 -83.64840
-82.55150 -83.62710
-82.45410 -83.65490
-82.55170 -83.64480
-82.63480 -83.61160
-82.70600 -83.57870
-82.66280 -83.56600
-82.61670 -83.53620
-82.84660 -83.49400
-82.84810 -83.51870
-82.82720 -83.48690
-82.85450 -83.59730
-82.91040 -83.56140
-82.73800 -83.52740
-82.96570 -83.65510
-82.87660 -83.62560
-82.71500 -83.58170
-82.74950 -83.55250
-82.73150 -83.57460
-82.61000 -83.56010
-82.57930 -83.29650
-82.58470 -83.47550
-82.69690 -83.50070
-82.47950 -83.45150
-82.36100 -83.43360
-82.46100 -83.41810
-82.48690 -83.46860
-82.67840 -83.78040
-82.74180 -83.70690
-82.73460 -83.64510
-82.47660 -83.61640
-82.61780 -83.57990
-82.55400 -83.52160
-82.49270 -83.46660
-82.44710 -83.38910
-82.49920 -83.26560
-82.37930 -83.28470
-82.30170 -83.35710
-82.44130 -83.36140
-82.54970 -83.34980
-82.37580 -83.29810
-82.38800 -83.32350
-82.25770 -83.29890
