-102.18010 -102.77940
-102.16500 -102.90640
-102.69320 -102.85050
-102.42690 -102.78350
-102.53150 -102.76150
-102.61930 -102.52620
-102.84910 -102.47530
-102.37190 -102.39230
-102.20390 -102.32000
-102.22420 -102.34660
-102.08800 -102.33790
-102.39130 -102.47290
-102.47010 -102.33590
-102.13080 -102.25470
-101.97420 -102.35430
-102.27030 -102.38700
-102.22580 -102.25780
-102.46610 -102.28880
-102.29320 -102.25270
-102.47240 -102.17080
-102.21760 -102.22740
-101.90250 -102.08260
-102.16680 -101.97090
-101.47770 -101.79960
-101.80560 -101.70160
-101.71790 -101.49190
-101.58780 -101.44410
-101.53670 -101.44990
-101.52230 -101.47280
-101.61120 -101.45650
-101.69780 -101.50860
-101.33670 -101.64870
-101.17970 -101.67340
-101.09820 -101.45250
-101.01090 -101.23330
-100.89450 -100.96690
-100.78660 -101.10800
-100.66310 -101.01080
-100.56690 -100.66270
-100.47920 -100.51310
-100.24980 -100.45560
-100.41930 -100.27470
-100.52660 -100.28430
-100.57920 -100.57380
-100.75610 -100.55530
-100.63630 -100.68870
-100.70720 -100.56640
-100.91980 -100.24720
-101.25680 -100.30240
-101.40570 -100.41610
-101.40440 -100.61390
-101.40730 -100.75430
-101.46980 -100.82370
-101.27700 -100.67310
-101.17720 -100.58970
-100.83060 -100.63100
-100.62230 -100.53520
-100.70940 -100.67480
-100.37650 -100.18860
-100.25320 -100.04250
-100.31340 -100.12020
-100.13360 -99.93730
-100.20800 -99.79970
-100.36420 -99.95170
-100.79490 -100.00820
-100.81590 -100.09950
-100.82290 -100.42960
-100.53310 -100.37960
-100.54370 -100.42420
-100.68320 -100.26970
-100.68360 -100.28850
-100.70140 -100.18980
-100.64820 -100.27360
-100.56720 -100.20560
-100.50390 -100.02820
-100.77360 -99.89900
-101.11030 -99.92800
-100.97160 -100.35690
-101.14660 -100.60630
-101.15550 -100.73430
-100.97610 -100.54070
-100.70910 -100.38770
-100.99010 -100.46720
-100.72720 -100.35870
-100.65240 -100.37880
-100.33920 -100.29570
-100.32340 -100.20150
-100.26450 -99.97780
-100.18130 -99.90170
-100.32440 -100.12600
-100.19010 -99.65560
-100.23460 -99.46460
-100.10970 -99.53840
-100.29300 -99.64570
-100.38700 -99.61860
-100.42270 -99.74710
-100.42510 -99.72970
-100.82020 -99.83200
-100.66910 -99.52360
-100.59690 -99.96400
-100.28180 -99.87060
-100.23870 -99.78350
-100.23350 -99.74640
-100.13160 -99.50040
-100.10220 -99.47000
-100.11500 -99.48500
-99.92860 -99.59300
-99.89340 -99.50790
-99.61260 -99.30830
-99.64640 -99.23420
-99.66530 -99.17910
-99.65900 -99.11450
-99.90780 -99.18700
-99.75240 -99.07900
-99.69020 -99.15560
-100.11850 -99.21500
-99.96050 -99.21470
-99.98780 -99.14380
-100.09880 -98.98240
-100.17080 -98.87120
-99.98120 -98.74800
-100.06300 -98.91490
-100.14240 -98.80200
-99.97530 -98.86310
-100.04860 -99.11590
-100.12300 -99.14150
-100.26940 -99.12910
-100.34570 -98.98560
-100.15630 -98.95910
-100.17850 -99.00730
-100.26780 -99.00260
-100.57110 -99.24630
-100.31820 -99.26050
-100.35890 -99.10910
-100.43170 -98.84270
-100.47480 -98.65360
-100.61950 -98.74310
-100.78780 -98.90120
-101.48390 -99.11500
-101.45600 -99.32550
-101.38050 -99.31680
-101.04270 -99.36180
-101.03450 -99.19580
-101.58220 -99.07900
-101.51360 -98.92380
-101.37200 -99.09810
-101.21960 -99.01720
-101.07840 -99.03340
-101.21230 -98.96280
-101.61980 -98.93980
-101.63430 -99.08080
-101.57900 -99.24100
-101.79350 -99.15120
-101.78970 -99.05820
-101.57360 -99.19680
-101.45200 -99.18530
-101.31270 -99.27290
-101.02250 -99.17630
-101.33830 -99.16460
-101.07670 -99.14750
-101.31020 -99.16300
-101.38290 -99.09300
-101.46450 -99.22150
-101.18970 -99.17540
-101.02170 -99.12620
-101.19970 -98.90560
-101.18990 -98.95950
-101.18580 -98.93080
-101.48510 -99.01970
-101.63950 -99.07600
-101.39440 -98.96130
-101.76620 -98.96900
-101.98630 -99.24770
-101.85890 -99.01520
-102.25870 -99.16020
-102.40010 -99.45740
-102.25300 -99.44000
-101.85590 -99.26800
-101.86360 -99.27160
-101.92380 -99.21610
-101.77650 -99.01580
-102.00370 -99.17820
-102.31060 -99.19350
-102.47120 -99.20670
-102.28650 -99.21220
-102.43480 -99.33170
-102.52250 -99.42960
-102.48380 -99.49950
-102.30670 -99.36910
-102.53630 -99.39390
-102.49020 -99.41420
-102.23360 -99.49060
-102.46320 -99.62830
-102.68890 -99.65620
-102.59390 -99.61700
-102.77550 -99.85020
-102.73530 -99.89790
-102.74030 -99.89920
-102.76180 -99.93210
-102.98540 -100.10250
-101.25720 -99.98920
-101.30590 -99.99610
-101.17350 -99.46880
-101.21030 -99.39300
-101.26710 -99.41720
-101.29440 -99.55520
-101.20110 -99.44980
-101.03570 -99.37150
-101.01640 -99.22950
-101.39650 -99.22900
-101.28030 -99.20200
-101.24500 -99.39140
-101.44240 -99.43540
-101.29060 -99.37770
-101.52260 -99.43320
-101.45660 -99.53100
-101.37190 -99.44960
-101.28180 -99.38480
-101.23440 -99.24060
-101.31050 -99.22960
-101.26760 -99.20890
-101.11340 -99.17040
-100.96010 -99.10610
-100.94410 -99.07830
-101.18150 -98.99470
-101.07710 -99.02870
-101.07710 -99.06180
-100.94450 -99.03960
-100.90800 -99.07260
-101.14760 -99.42440
-101.01990 -99.28800
-101.02160 -99.32780
-101.06160 -99.40900
-101.05520 -99.31500
-101.04720 -99.25150
-100.96590 -99.20160
-100.78110 -99.09930
-100.78740 -99.17240
-100.71670 -99.20450
-100.58890 -99.23630
-100.37540 -99.26180
-100.49430 -99.38540
-100.42500 -99.42730
-102.97880 -100.82330
-102.93670 -100.98950
-102.67750 -100.90860
-102.62850 -100.97190
-102.23400 -100.85680
-102.45260 -100.65860
-102.46780 -100.75070
-102.69750 -100.84910
-102.71040 -101.00150
-102.91730 -101.13960
-103.14010 -101.18550
-103.28480 -101.30370
-103.30220 -101.36080
-103.36540 -101.33940
-103.39890 -101.63080
-103.63910 -101.73910
-103.55570 -101.80230
-103.92100 -101.84390
-103.62070 -101.86960
-103.81620 -101.85230
-103.72200 -101.86400
-104.00860 -101.81400
-103.94820 -102.07410
-103.84210 -102.09940
-103.65110 -102.00720
-103.42340 -101.84200
-103.51700 -101.49150
-103.79650 -101.58460
-103.77560 -101.57300
-103.68840 -101.80800
-103.22890 -101.75550
-103.43060 -101.83210
-104.22660 -101.96960
-104.44160 -102.02150
-104.66660 -102.09690
-104.16040 -102.07500
-103.80140 -102.14960
-103.98710 -102.16950
-104.06040 -102.13890
-104.16330 -102.15420
-104.24890 -102.20060
-104.31600 -102.06320
-104.22320 -102.35680
-103.98680 -102.35860
-103.71640 -102.21320
-101.24840 -100.03520
-101.30410 -99.76040
-101.14870 -99.41410
-101.48320 -99.81190
-101.57560 -99.77450
-101.63660 -99.50800
-101.31690 -99.05480
-101.32970 -98.76820
-101.37250 -98.81760
-101.50440 -98.86410
-101.62040 -99.01940
-101.59970 -99.03730
-101.62210 -99.02290
-101.47180 -98.91480
-101.69550 -99.06350
-101.86920 -99.11730
-101.73790 -99.19480
-101.59210 -99.11530
-101.75020 -99.15370
-101.56630 -99.07970
-101.68560 -99.00760
-101.66880 -98.95750
-101.69090 -98.88440
-101.76740 -98.98880
-102.08450 -99.05300
-102.02460 -99.12320
-101.90660 -99.26690
-102.04600 -99.36920
-102.20540 -99.44410
-102.35430 -99.37720
-102.43190 -99.64190
-102.44500 -99.63480
-102.41230 -99.74140
-102.16540 -99.70150
-102.07270 -99.65550
-102.09370 -99.45140
-102.21660 -99.45370
-102.03840 -99.36780
-102.02140 -99.32210
-101.99310 -99.32620
-102.03600 -99.39270
-102.07670 -99.45320
-102.08920 -99.47830
-102.00720 -99.45850
-102.11620 -99.51730
-102.10820 -99.50850
-102.13310 -99.60250
-102.00310 -99.47300
-102.29950 -99.48910
-102.21590 -99.54560
-102.51180 -99.58140
-102.51760 -99.65640
-102.27300 -98.92450
-102.24510 -99.07780
-102.20570 -98.97660
-102.13980 -98.83520
-102.14800 -98.96630
-102.33690 -99.07330
-102.16800 -99.23490
-102.32580 -99.23090
-102.41920 -99.31390
-102.34860 -99.12940
-102.20590 -99.09420
-102.02360 -99.00590
-102.14430 -99.14230
-102.17150 -99.27170
-102.43880 -99.29660
-102.51860 -99.45680
-102.32920 -99.41990
-102.40490 -99.46210
-102.28240 -99.50660
-102.37500 -99.75800
-102.15140 -99.71420
-102.26060 -99.77430
-102.24600 -99.65130
-102.13910 -99.63090
-102.43390 -99.78230
-102.37600 -99.88450
-102.41510 -99.91740
-102.12300 -99.81250
-101.90690 -99.67770
-101.88600 -99.60430
-101.70620 -99.56640
-101.64860 -99.47990
-101.59240 -99.23890
-101.56490 -99.14830
-101.79310 -99.17390
-101.87090 -99.11800
-102.02350 -99.21760
-102.42470 -99.21050
-102.39450 -99.57890
-102.50920 -99.75820
-102.21540 -99.54550
-101.87510 -99.50490
-101.66080 -99.49800
-101.53750 -98.85790
-101.61930 -98.81120
-101.58340 -98.82670
-102.68110 -97.60200
-102.56560 -97.54210
-102.68660 -97.57680
-102.58650 -97.98210
-102.49540 -98.00090
-102.49520 -97.97530
-102.08090 -97.74510
-102.05820 -97.56240
-101.98700 -97.49560
-102.11410 -97.47820
-102.03360 -97.47140
-102.24590 -97.70320
-102.28990 -97.84070
-101.99920 -97.73910
-102.02960 -97.67440
-102.09090 -97.54720
-102.11510 -97.52930
-102.40370 -97.64010
-102.35740 -97.81060
-102.21510 -97.70780
-102.21460 -97.69060
-102.17320 -97.77600
-102.34320 -97.86470
-102.09450 -97.79260
-102.13840 -97.71010
-102.18860 -97.62750
-102.01690 -97.34210
-101.97870 -97.43580
-102.10580 -97.39190
-101.97400 -97.39410
-101.94790 -97.51960
-102.11210 -97.40380
-102.08650 -97.37390
-101.96870 -97.33520
-101.94410 -97.25330
-101.82960 -97.03300
-101.72190 -96.95020
-101.74280 -96.92700
-101.84590 -96.82540
-101.84030 -96.94730
-87.61050 -88.18040
-87.76400 -88.02320
-88.07490 -87.82330
-88.27150 -87.78080
-87.72960 -87.68010
-87.60410 -87.72140
-87.79600 -87.82170
-87.58350 -87.95560
-87.38570 -87.98020
-87.45430 -88.00880
-87.86520 -88.02860
-87.85890 -87.84970
-87.75790 -87.72980
-87.50510 -87.77930
-87.47730 -87.81700
-87.69140 -87.86430
-87.89540 -87.79070
-87.81190 -87.75260
-87.90470 -87.77890
-87.63650 -87.79560
-87.66650 -87.70960
-87.60480 -87.72330
-87.78180 -87.59320
-87.57330 -87.46290
-87.51740 -87.48700
-87.54190 -87.41350
-87.52000 -87.44540
-87.57030 -87.46730
-87.28510 -87.51350
-87.02140 -87.19020
-86.73550 -86.95030
-86.59000 -86.83950
-86.44710 -86.81440
-86.67470 -86.85850
-86.43520 -86.81360
-86.60350 -86.83210
-86.62660 -86.78190
-86.77390 -86.65260
-86.86700 -86.84090
-86.86820 -86.86340
-87.04020 -86.83070
-86.90410 -86.84220
-87.07950 -86.36470
-87.11810 -86.39140
-87.19360 -86.03690
-87.19230 -86.06470
-87.24960 -86.19640
-87.14410 -86.11710
-87.13010 -86.21600
-86.95680 -86.03210
-87.03690 -85.96370
-86.77450 -85.97030
-85.67610 -85.72200
-85.65400 -85.41720
-85.95080 -85.48950
-86.11310 -85.63190
-85.99900 -85.58320
-86.11550 -85.66870
-86.03210 -85.56870
-85.84390 -85.77400
-86.60350 -85.79350
-86.57040 -85.80080
-86.27150 -86.38870
-86.25300 -86.52360
-86.57440 -86.54790
-86.66760 -86.58450
-86.58810 -86.64390
-86.62980 -86.61520
-86.49070 -86.58960
-86.37860 -86.52370
-86.43390 -86.50260
-86.44740 -86.53800
-86.60460 -86.27380
-86.88430 -86.38970
-86.75110 -86.80950
-86.78560 -86.89760
-86.70830 -87.03440
-87.05900 -86.96990
-87.27260 -87.09120
-87.19410 -86.95580
-87.07480 -86.92030
-86.84870 -86.93060
-86.83200 -86.83120
-86.64090 -87.10360
-87.15820 -86.74270
-87.18950 -86.71660
-87.08820 -86.73360
-86.76550 -86.78240
-86.69650 -86.41840
-86.54770 -86.01280
-86.24340 -85.64500
-86.30830 -85.80400
-86.28970 -85.74160
-86.19100 -85.77060
-86.75820 -85.85100
-86.69800 -85.66720
-86.95140 -86.14190
-86.83730 -86.11790
-86.41360 -86.41390
-86.57990 -86.25530
-86.69040 -86.20280
-86.54790 -86.09150
-86.64280 -86.07900
-86.66810 -86.08790
-86.44550 -86.18680
-86.43400 -86.11640
-86.23670 -85.84890
-86.06030 -85.93420
-86.09010 -85.90480
-86.15210 -85.95540
-86.38510 -85.97030
-86.17940 -85.88540
-86.25030 -85.86170
-86.11200 -85.87030
-86.28990 -85.93750
-86.41750 -85.93510
-86.45020 -86.02470
-86.52680 -85.93190
-86.18310 -85.72140
-86.21160 -85.55040
-86.27410 -85.62870
-86.12390 -85.70450
-86.14770 -85.58460
-86.30660 -85.45660
-86.13290 -85.52170
-86.24140 -85.61530
-86.44330 -85.87020
-86.38620 -85.64360
-86.41450 -85.68660
-86.51400 -85.82500
-86.68350 -85.75060
-86.76180 -85.79940
-86.53410 -85.89630
-86.55460 -85.84560
-86.52110 -85.74650
-86.79990 -85.70760
-86.93650 -85.76810
-86.86130 -85.74220
-86.93520 -85.68520
-86.94480 -85.57500
-87.50530 -85.91330
-87.45360 -86.03940
-87.38660 -86.02840
-87.34760 -86.13400
-87.04830 -86.06340
-87.05200 -85.99500
-86.66670 -84.84240
-86.60990 -84.70650
-86.71130 -84.25330
-86.49160 -84.22760
-86.59310 -84.23430
-86.64180 -84.32410
-86.58280 -84.27790
-86.52400 -84.12650
-86.40550 -84.15060
-86.31160 -84.19440
-86.09210 -84.09080
-85.99240 -84.03400
-86.08550 -84.04230
-86.00190 -83.97900
-86.17030 -83.96920
-85.94500 -83.87240
-85.91520 -83.83040
-85.99260 -83.80720
-85.99320 -83.70020
-85.95670 -83.68370
-86.08510 -83.73190
-86.22870 -83.80310
-86.27090 -83.83740
-86.36340 -83.86250
-86.28100 -83.75700
-86.47140 -83.78120
-86.60280 -83.84780
-86.42480 -83.88170
-86.44560 -83.98670
-86.56680 -83.91390
-86.32070 -83.59860
-86.41570 -83.56570
-86.47950 -83.55070
-86.56810 -83.64700
-86.50410 -83.58790
-86.36490 -83.55520
-86.36900 -83.49680
-86.38770 -83.55550
-86.36870 -83.59270
-86.26600 -83.48350
-86.42350 -83.51080
-86.45500 -83.52340
-86.39760 -83.58980
-86.55710 -83.70810
-86.67550 -83.73090
-86.72960 -83.84770
-86.77580 -83.89960
-88.33700 -86.18940
-88.41460 -86.12210
-88.56120 -86.69800
-88.32270 -86.64620
-88.44440 -86.70490
-88.06510 -86.81030
-88.19830 -86.88330
-87.95870 -86.83590
-88.04100 -86.90130
-88.75060 -86.97420
-88.12180 -86.91500
-88.16960 -86.83450
-88.47070 -86.98500
-88.15370 -86.96020
-88.40800 -86.97600
-88.11380 -86.87370
-88.14120 -86.79120
-88.17990 -86.83470
-88.14290 -86.75910
-88.28800 -86.92740
-88.30310 -86.92090
-88.42030 -87.08970
-88.39690 -87.14620
-88.13080 -86.87390
-88.38450 -86.91320
-88.84390 -86.96700
-88.42610 -86.92220
-88.29120 -86.91370
-88.31910 -86.95920
-88.05480 -86.82010
-88.50000 -86.87200
-88.11310 -87.02920
-88.39700 -86.93390
-88.31570 -86.90650
-88.46500 -86.91530
-88.24950 -86.93320
-88.18550 -86.87910
-88.22670 -86.81750
-88.21730 -86.77390
-88.14370 -86.78750
-88.27820 -86.84750
-88.57720 -86.94850
-88.55650 -86.99550
-88.31130 -86.97720
-88.35990 -86.94000
-88.30860 -86.88370
-88.04550 -86.88350
-88.54030 -87.02680
-88.39770 -87.00040
-85.83990 -85.70720
-86.28520 -85.40800
-86.21160 -85.33170
-86.16430 -85.11980
-86.07000 -84.75320
-86.04250 -84.55090
-85.82920 -84.54840
-85.85910 -84.22450
-85.88560 -84.27410
-85.95710 -84.33710
-85.98410 -84.38310
-85.99390 -84.32930
-85.91940 -84.38530
-86.09800 -84.49620
-86.24380 -84.66180
-86.22530 -84.87770
-86.15800 -84.90800
-86.26300 -84.95640
-86.30820 -84.93230
-86.32310 -84.86810
-86.32540 -84.83160
-86.43190 -85.05910
-86.49720 -85.20460
-86.45380 -85.19170
-86.51390 -85.24810
-86.59700 -85.31280
-86.46010 -85.25410
-86.55780 -85.26380
-86.48490 -85.24350
-86.48070 -85.16750
-86.31520 -85.09500
-86.53470 -85.21900
-86.44980 -85.15690
-86.36150 -85.07620
-86.41700 -85.23670
-86.26850 -85.19450
-86.26090 -85.13040
-86.21840 -85.19870
-86.37520 -85.13460
-86.48470 -85.17800
-86.46120 -85.20330
-86.35520 -85.01760
-86.17120 -84.96590
-86.27730 -85.01470
-86.40470 -85.08520
-86.59480 -85.13720
-86.58190 -85.14870
-86.50910 -85.19570
-86.49710 -85.19900
-86.48980 -85.24000
-86.66420 -85.23530
-86.72810 -85.29270
-86.74710 -85.33850
-86.62480 -85.31610
-88.08070 -85.19680
-88.12240 -85.20010
-88.34560 -85.44950
-88.32850 -85.53740
-87.89800 -85.51760
-87.92200 -85.45590
-87.51790 -85.40630
-87.48480 -85.24680
-87.58060 -85.24830
-87.68260 -85.37770
-87.67230 -85.36300
-87.87540 -85.47710
-87.82710 -85.35880
-87.84500 -85.48610
-87.64280 -85.62200
-87.58780 -85.51900
-87.80010 -85.49950
-87.32300 -85.13430
-87.43620 -85.08190
-87.71560 -85.19840
-87.71680 -85.20000
-87.66870 -85.14290
-87.59780 -85.18440
-87.69410 -85.30400
-87.70910 -85.39160
-87.61510 -85.56060
-87.84000 -85.57860
-87.91830 -85.63080
-88.28620 -85.83520
-88.40880 -85.85660
-88.50070 -85.90060
-88.43080 -86.10350
-88.25400 -86.08090
-88.24090 -86.05640
-88.23530 -86.01330
-88.37430 -86.01840
-88.27380 -85.99170
-88.34390 -86.01930
-88.35790 -86.14280
-88.19210 -86.06410
-88.32660 -85.99680
-88.10680 -85.92420
-87.87190 -85.81130
-87.74650 -85.72300
-88.02100 -85.08910
-88.20570 -85.19700
-88.21600 -85.27710
-88.17980 -85.31620
-88.21700 -85.27490
-88.43650 -85.36500
-88.27930 -85.39390
-88.21420 -85.20070
-88.08940 -85.12480
-88.03030 -85.02540
-88.16800 -85.19450
-88.13830 -85.26760
-88.15430 -85.40720
-88.14170 -85.39560
-88.23590 -85.44420
-88.10210 -85.46520
-87.94660 -85.54680
-87.98200 -85.51500
-87.96730 -85.40710
-88.00320 -85.39190
-88.00140 -85.41110
-88.31150 -85.52930
-88.28870 -85.49930
-88.10530 -85.50580
-88.06630 -85.39110
-88.37860 -85.45420
-88.23580 -85.50170
-88.20080 -85.58090
-88.34540 -85.57700
-88.33690 -85.62120
-88.27720 -85.53110
-88.14350 -85.52560
-87.85110 -85.39140
-88.19580 -85.48760
-88.12460 -85.37880
-88.35630 -85.40360
-88.35030 -85.40810
-88.32340 -85.39000
-88.41770 -85.40250
-88.57510 -85.49710
-88.55240 -85.43230
-88.67040 -85.70730
-88.67850 -85.66710
-88.64520 -85.69860
-88.66170 -85.67780
-88.77020 -85.70580
-88.55750 -85.65480
-88.35110 -85.58770
-88.29780 -85.58270
-88.06290 -85.52830
-88.15750 -85.57270
-88.02150 -85.38960
-87.96060 -85.36870
-88.00730 -85.43990
-87.91310 -85.27080
-87.97570 -85.36040
-86.93560 -83.50570
-86.94410 -83.45040
-87.07310 -83.37900
-87.05970 -83.54200
-87.02920 -83.41160
-87.03370 -83.35880
-87.07730 -83.25110
-87.09370 -83.21430
-86.94060 -83.05330
-86.87770 -83.06370
-86.98250 -83.07670
-87.01300 -83.18320
-87.04670 -83.27480
-87.14210 -83.38400
-87.15720 -83.41530
-86.92770 -83.30560
-86.81820 -83.25820
-86.61920 -82.77600
-86.68850 -82.72590
-86.75990 -82.94060
-86.71600 -82.93310
-86.80880 -82.86460
-86.71680 -82.79850
-86.76930 -82.78820
-86.72370 -82.85630
-86.75270 -82.95660
-86.74590 -82.92480
-86.73610 -82.84560
-86.73670 -82.85540
-86.56290 -82.84660
-86.44120 -82.81380
-86.47450 -82.77780
-86.58610 -82.76000
-86.55250 -82.91570
-86.43190 -82.79130
-86.48570 -82.83510
-86.47870 -82.85810
-86.50100 -82.69600
-86.62520 -82.80230
-86.61090 -82.79310
-86.58120 -82.82980
-86.33670 -82.77020
-86.42090 -82.86600
-86.23880 -82.74640
-86.42050 -82.74350
-74.72830 -75.20350
-74.87710 -75.06520
-75.01610 -74.89550
-75.09880 -74.96830
-75.14940 -74.78410
-75.32490 -74.77790
-74.84690 -74.67950
-74.94940 -74.78440
-74.76490 -74.89360
-74.65940 -74.90910
-74.78360 -74.77020
-74.94770 -74.82970
-74.50010 -74.61580
-74.72100 -74.56490
-74.50520 -74.58770
-74.60390 -74.54980
-74.79400 -74.46270
-74.63970 -74.47850
-74.70080 -74.55990
-74.51900 -74.46640
-74.26080 -74.54470
-74.22670 -74.42020
-74.47710 -74.37020
-74.41380 -74.17880
-74.26990 -74.04370
-74.32060 -74.08560
-74.15480 -74.26960
-74.02710 -74.24190
-73.98440 -73.85710
-73.79420 -73.81230
-73.59640 -73.59580
-73.46660 -73.57330
-73.67190 -73.57980
-73.59490 -73.50740
-73.76580 -73.51230
-73.74450 -73.55320
-73.90960 -73.53480
-73.78800 -73.62610
-73.72230 -73.58130
-73.85140 -73.53530
-73.79450 -73.39930
-73.96490 -73.24450
-73.96760 -73.26120
-74.17260 -73.18140
-74.30460 -73.21700
-74.27510 -73.17750
-74.15600 -73.24200
-74.25430 -73.32010
-74.46200 -73.31850
-74.54010 -73.35580
-74.46380 -73.31440
-74.43590 -73.38230
-74.42890 -73.45840
-74.30430 -73.45920
-74.24110 -73.42980
-74.01170 -73.47520
-73.85980 -73.50630
-73.99610 -73.52370
-73.90560 -73.71100
-74.14870 -73.67440
-74.29170 -73.88490
-74.19600 -73.81740
-74.08910 -73.79810
-74.15270 -73.71070
-74.22550 -73.71120
-74.30610 -73.77800
-74.56880 -73.80140
-74.51820 -74.14380
-74.31360 -74.07750
-74.49540 -74.12340
-74.52090 -74.32840
-74.53210 -74.30340
-74.52350 -74.21350
-74.59330 -74.13750
-74.64120 -74.09810
-74.51460 -74.16570
-74.71820 -74.41720
-74.86600 -74.48070
-74.73450 -74.45260
-74.66600 -74.50420
-74.94710 -74.47010
-74.72620 -74.54580
-74.80960 -74.51040
-74.76170 -74.51470
-75.05660 -74.71000
-74.96950 -74.72510
-74.97010 -74.75710
-74.78050 -74.73630
-74.66020 -74.71400
-74.55310 -74.31680
-74.49040 -74.30900
-74.46970 -74.25440
-74.46050 -74.15340
-74.34360 -74.10700
-74.38200 -73.97260
-74.35530 -73.91710
-74.39860 -73.96450
-74.29620 -73.91090
-74.48620 -74.11580
-74.61770 -74.21140
-74.52660 -73.67170
-74.43800 -73.98530
-74.11200 -73.95290
-73.95210 -73.91520
-74.22100 -74.00600
-74.30580 -73.97110
-74.44510 -73.87480
-74.41040 -73.88200
-74.41450 -73.86720
-74.50820 -73.79100
-74.28850 -73.88820
-74.28380 -73.83270
-74.14540 -73.60140
-74.09610 -73.66430
-74.13110 -73.67130
-74.36460 -73.74640
-74.20620 -73.68170
-74.31500 -73.65840
-74.36910 -73.74540
-74.75520 -73.93970
-74.90810 -73.94660
-74.81380 -73.87900
-74.89860 -73.90810
-74.82790 -73.81820
-74.88630 -73.80110
-74.58910 -73.79690
-74.57000 -73.79420
-74.64710 -73.87030
-74.68610 -73.79630
-74.81850 -73.71880
-74.75690 -73.73070
-74.57250 -73.74990
-74.68200 -73.84280
-74.79240 -73.91440
-74.72580 -73.85090
-74.80640 -73.83600
-74.64800 -73.82440
-74.72020 -73.87640
-74.67670 -73.88290
-74.69290 -73.89650
-75.01720 -73.90330
-75.07780 -74.09780
-75.17000 -74.11730
-75.25720 -74.14880
-75.05450 -74.22660
-75.11450 -74.20150
-75.05370 -74.10960
-75.17620 -74.15000
-75.15370 -74.09890
-75.24410 -74.09720
-75.40800 -74.13680
-75.31480 -74.10890
-75.39400 -74.18430
-75.27570 -74.33930
-75.17080 -74.19810
-75.14610 -74.22230
-74.87820 -74.16940
-74.82980 -73.19610
-74.59750 -73.08580
-74.22950 -72.75030
-74.37520 -72.79310
-74.37060 -72.60980
-74.09660 -72.71920
-74.39740 -72.55930
-74.23260 -72.55280
-74.28580 -72.55760
-74.45070 -72.62730
-74.44480 -72.59410
-74.29780 -72.58540
-74.16800 -72.52350
-73.97970 -72.42510
-74.10820 -72.40470
-74.11550 -72.38730
-74.23400 -72.42530
-74.19550 -72.49290
-74.30430 -72.58570
-74.24700 -72.52430
-74.39900 -72.54520
-74.29280 -72.66620
-74.12890 -72.63440
-74.09260 -72.51520
-74.15540 -72.54300
-74.20020 -72.54420
-74.29070 -72.47680
-74.18430 -72.47760
-74.09450 -72.42470
-74.02100 -72.28330
-74.03890 -72.25180
-74.08790 -72.22970
-74.10980 -72.23600
-74.28640 -72.25180
-74.14250 -72.31020
-74.13100 -72.27350
-74.17060 -72.32530
-74.16310 -72.36240
-74.13920 -72.36970
-74.09300 -72.42470
-74.18860 -72.54320
-74.29630 -72.55230
-74.40180 -72.74190
-74.39580 -72.78080
-74.39450 -72.82760
-74.53750 -72.92710
-74.55700 -73.38630
-74.61820 -73.37590
-74.50020 -73.28150
-74.59030 -73.47730
-74.67210 -73.51860
-74.65850 -73.51170
-74.72970 -73.55290
-74.72140 -73.64070
-74.57300 -73.61750
-74.65060 -73.60170
-74.55670 -73.59410
-74.55400 -73.60450
-74.71190 -73.66080
-74.59970 -73.63840
-74.51980 -73.64490
-74.56520 -73.61050
-74.46410 -73.64620
-74.60750 -73.70090
-74.55950 -73.77510
-74.60120 -73.71280
-74.60100 -73.48670
-74.47990 -73.29840
-74.08550 -73.15640
-74.10550 -73.17240
-74.04400 -73.19980
-74.04300 -73.35790
-74.01930 -73.43500
-74.18640 -73.40720
-74.28550 -73.40180
-74.26620 -73.39560
-74.46500 -73.52370
-74.36450 -73.39310
-74.35050 -73.42870
-74.35100 -73.46090
-74.41750 -73.63000
-74.55980 -73.72570
-74.41010 -73.75510
-74.37020 -73.67240
-74.37960 -73.72130
-74.54120 -73.77050
-74.37470 -73.69090
-74.34250 -73.64980
-74.25560 -73.43790
-74.36770 -73.55310
-74.28730 -73.54850
-74.37370 -73.63520
-74.37210 -73.72260
-74.41410 -73.80230
-74.33240 -73.84000
-74.18920 -73.76770
-74.27490 -73.93780
-74.30080 -72.95960
-74.25280 -72.81300
-74.28560 -72.81480
-74.30210 -72.85020
-74.22250 -72.77560
-74.15150 -72.68690
-74.11950 -72.60350
-74.13650 -72.67430
-73.97160 -72.64210
-74.01500 -72.59210
-74.00520 -72.55490
-74.02100 -72.56630
-73.94090 -72.64020
-73.96580 -72.62680
-73.94880 -72.52870
-74.03330 -72.66120
-74.04160 -72.63100
-74.37450 -72.77110
-74.37880 -72.92670
-74.48840 -73.04730
-74.57170 -73.17150
-74.63560 -73.20590
-74.69740 -73.21020
-74.67440 -73.15700
-74.71340 -73.17680
-74.54430 -73.21250
-74.71310 -73.23970
-74.73380 -73.28670
-74.60700 -73.28170
-74.56680 -73.18720
-74.48690 -73.29940
-74.67520 -73.11150
-74.81240 -73.11380
-74.96010 -73.21670
-74.92250 -73.31740
-75.10700 -73.45460
-75.06040 -73.42380
-75.04160 -73.46430
-75.21190 -73.48150
-75.27620 -73.73980
-74.95640 -73.44580
-75.03460 -73.46340
-75.06230 -73.52270
-75.20720 -73.43110
-75.55490 -73.57320
-75.38650 -73.67200
-74.41050 -72.94590
-74.40240 -72.82480
-74.35080 -72.69290
-74.38390 -72.68250
-74.34140 -72.48670
-74.40540 -72.38660
-74.29320 -72.35620
-74.08840 -72.30090
-74.09000 -72.17030
-74.14150 -72.17280
-74.26610 -72.23230
-74.35530 -72.31820
-74.36560 -72.33140
-74.34130 -72.32430
-74.47150 -72.42610
-74.50780 -72.38100
-74.59710 -72.46270
-74.52830 -72.45380
-74.83520 -72.64590
-74.74790 -72.74540
-74.69880 -72.65090
-74.75070 -72.64750
-74.65730 -72.62500
-74.53740 -72.61120
-74.60940 -72.60600
-74.82480 -72.66740
-74.89510 -72.74860
-75.02170 -72.81220
-74.88660 -72.89330
-74.94610 -72.88340
-74.98170 -72.83570
-75.01490 -72.81960
-74.86020 -72.80260
-74.98030 -72.81900
-74.98370 -72.85980
-74.88580 -72.79170
-74.89470 -72.75870
-74.86400 -72.78040
-75.08740 -72.75930
-75.08240 -72.82410
-75.04200 -72.80910
-75.07930 -72.88880
-75.06140 -72.93370
-75.07010 -72.84470
-75.15180 -72.97950
-75.22210 -73.05050
-75.23960 -73.04570
-75.27130 -72.95680
-75.29420 -73.04440
-75.24720 -73.08120
-75.20460 -73.01500
-75.41570 -73.06310
-75.61940 -73.13470
-75.53220 -73.18600
-75.10500 -72.85450
-75.14520 -72.86120
-75.36960 -72.87970
-75.23090 -72.90800
-75.20080 -73.03050
-75.36190 -73.01930
-75.45210 -72.84050
-75.34630 -72.83690
-75.34650 -72.96320
-75.32040 -72.96040
-75.61790 -73.05300
-75.32560 -73.01460
-75.33920 -73.12820
-75.08610 -73.00950
-75.16150 -72.93730
-75.14440 -73.08590
-74.93990 -72.94120
-74.87510 -72.90980
-74.98950 -72.93190
-74.71050 -72.78700
-74.65030 -72.75770
-74.70660 -72.77240
-74.53350 -72.62310
-74.63060 -72.62200
-74.55790 -72.59470
-74.71140 -72.66550
-74.67350 -72.60750
-74.69720 -72.59650
-74.69190 -72.49830
-74.64160 -72.56700
-74.52290 -72.47980
-74.45970 -72.44840
-74.48150 -72.43300
-74.51490 -72.45500
-74.52000 -72.55480
-74.32240 -72.47720
-74.20060 -72.46470
-74.12570 -72.30900
-74.11900 -72.27380
-74.11020 -72.28760
-74.06410 -72.20400
-74.09720 -72.25310
-74.03880 -72.17360
-73.94180 -72.12680
-73.93100 -70.80610
-74.02050 -70.80540
-74.04840 -70.88260
-73.96110 -70.95830
-73.97490 -70.95020
-73.95270 -70.91450
-73.98230 -70.88540
-74.12130 -70.93430
-74.08620 -70.80180
-74.12170 -70.81900
-74.17470 -70.83380
-74.12890 -70.81940
-74.24750 -70.99920
-74.29180 -71.04520
-74.24000 -71.12130
-74.27770 -71.15570
-74.37050 -71.24900
-74.51040 -71.36450
-74.55900 -71.51690
-74.61190 -71.48680
-74.57450 -71.53910
-74.54210 -71.52440
-74.71780 -71.68000
-74.75530 -71.77030
-74.70070 -71.73220
-74.69410 -71.71840
-74.65910 -71.72150
-74.65950 -71.73800
-74.68720 -71.66890
-74.70340 -71.63680
-74.80130 -71.56790
-74.73940 -71.45120
-74.76250 -71.48560
-74.66260 -71.41690
-74.62200 -71.29500
-74.69030 -71.32300
-74.76250 -71.48060
-74.60440 -71.32170
-74.71770 -71.39890
-74.91380 -71.44240
-74.90760 -71.36600
-74.85890 -71.42630
-75.00830 -71.43450
-74.89870 -71.38480
-74.90030 -71.28780
-75.10040 -71.37030
-75.03310 -71.34390
-74.95590 -71.33780
-64.20610 -64.54000
-64.72800 -64.52940
-64.87160 -64.51670
-64.43320 -64.39220
-64.35090 -64.36750
-64.35870 -64.54730
-64.29580 -64.50270
-64.62900 -64.55070
-64.37360 -64.34700
-64.50940 -64.39070
-64.29380 -64.42060
-64.42610 -64.34080
-64.59430 -64.32880
-64.55310 -64.31520
-64.45940 -64.33270
-64.57040 -64.32080
-64.45340 -64.33660
-64.40090 -64.39120
-64.35490 -64.32100
-64.37960 -64.33550
-64.34990 -64.18220
-64.14080 -63.94140
-64.22820 -64.02280
-64.18240 -64.03000
-64.11620 -64.05520
-64.15270 -64.05850
-64.18990 -64.11080
-63.95230 -64.15980
-63.95660 -64.20540
-63.85040 -64.22610
-63.81800 -64.01420
-63.74750 -63.92260
-63.73520 -63.94860
-63.51160 -63.51720
-63.32540 -63.45960
-63.46740 -63.46810
-63.55180 -63.37580
-63.83030 -63.71980
-63.70550 -63.70190
-63.68710 -63.68200
-63.73770 -63.53760
-63.88620 -63.40620
-63.96780 -63.33730
-64.03620 -63.41750
-64.27540 -63.46970
-64.19610 -63.44570
-64.16560 -63.51510
-64.15930 -63.56900
-64.11190 -63.54970
-63.96750 -63.53370
-63.81430 -63.53480
-63.67800 -63.50230
-63.00060 -62.81120
-62.90640 -62.81520
-62.90080 -62.72950
-63.10990 -62.86920
-63.19150 -62.97380
-63.31030 -62.95490
-63.21170 -62.86600
-63.24480 -62.90780
-63.09510 -62.83290
-63.12290 -62.75000
-63.03730 -62.80690
-63.17570 -62.81760
-63.24220 -62.82140
-63.41390 -62.95110
-63.42390 -62.95400
-63.46260 -63.15270
-63.40700 -63.11060
-63.19170 -63.06210
-63.18750 -63.09870
-63.31690 -63.15380
-63.40580 -63.12630
-63.39220 -63.06040
-63.39500 -63.07280
-63.40320 -63.20450
-63.81120 -63.14820
-63.69560 -63.16220
-63.74880 -63.29710
-63.89390 -63.47180
-63.65880 -63.52550
-63.86780 -63.56690
-63.81280 -63.48750
-63.56070 -63.38740
-63.64570 -63.36700
-63.65750 -63.35860
-63.47050 -63.27740
-63.63840 -63.41620
-63.40510 -63.39070
-63.35930 -63.32760
-63.37320 -63.00420
-63.21840 -62.97060
-63.24830 -62.96770
-63.16110 -62.97290
-63.56380 -63.01030
-63.52470 -63.03710
-63.69110 -63.06840
-63.98540 -63.46620
-63.95330 -63.27640
-63.87590 -63.20980
-63.78780 -63.51070
-63.59680 -63.46970
-63.46900 -63.43940
-63.93970 -63.51030
-64.06590 -63.52450
-64.07710 -63.57930
-64.04170 -63.61310
-64.01850 -63.59430
-64.12250 -63.59030
-63.68650 -63.42230
-63.73540 -63.38890
-63.65400 -63.50170
-63.77900 -63.37930
-63.68150 -63.31960
-63.59280 -63.28070
-63.64330 -63.33160
-63.62620 -63.23010
-63.79240 -63.34260
-63.83740 -63.32200
-63.99130 -63.28130
-63.77160 -63.15830
-63.90660 -63.14070
-63.88240 -63.22440
-63.89020 -63.12860
-63.75550 -63.15010
-63.85790 -63.22850
-63.87570 -63.22960
-63.94030 -63.29160
-64.08960 -63.19610
-64.16150 -63.23910
-64.02330 -63.25440
-64.04090 -63.27320
-64.28290 -63.29660
-64.37560 -63.35120
-64.71460 -63.69300
-64.54290 -63.71070
-64.54770 -63.65660
-64.54340 -63.61560
-64.63470 -63.65880
-64.73960 -63.66320
-64.84020 -63.66420
-64.85380 -63.64470
-65.26690 -63.84090
-64.90190 -63.90760
-64.87060 -63.85120
-64.89140 -63.30580
-64.86610 -63.21460
-64.70050 -63.19590
-64.83760 -63.11040
-64.62890 -62.92390
-64.67650 -62.94010
-64.55970 -62.96490
-64.62040 -63.03810
-64.35830 -62.87050
-64.23790 -62.86750
-64.34170 -62.88130
-64.21580 -62.89930
-64.13140 -62.88020
-63.89310 -62.88220
-63.70030 -62.81710
-63.70020 -62.64390
-63.59600 -62.48210
-63.45710 -62.51840
-63.59880 -62.48980
-63.56640 -62.43190
-63.55810 -62.40180
-63.60220 -62.29340
-63.68270 -62.34300
-63.67710 -62.30800
-63.80450 -62.33990
-63.75040 -62.40950
-63.80650 -62.49170
-63.78150 -62.45060
-63.75590 -62.32430
-63.81770 -62.29470
-63.88490 -62.35660
-64.03950 -62.30640
-64.00130 -62.30760
-63.98250 -62.48680
-64.05410 -62.41920
-64.12550 -62.47750
-64.08500 -62.37290
-64.05350 -62.25680
-64.07520 -62.36310
-64.12660 -62.25030
-64.17070 -62.34500
-64.18590 -62.39560
-64.13680 -62.24890
-64.14260 -62.35500
-64.18670 -62.47250
-64.11950 -62.42210
-64.15160 -62.49890
-64.12860 -62.48870
-64.20310 -62.52180
-64.20030 -63.04150
-64.11520 -62.94580
-64.09160 -63.02810
-64.13490 -63.10780
-63.95850 -63.03610
-64.01200 -63.01920
-64.07480 -62.99400
-64.16550 -63.00800
-64.18500 -63.10380
-64.17950 -63.08750
-64.21190 -63.09500
-64.21700 -63.12100
-64.38910 -63.18500
-64.33760 -63.21700
-64.28150 -63.21710
-64.17760 -63.22440
-64.18170 -63.27540
-64.19700 -63.25140
-64.25920 -63.32040
-64.25470 -63.38190
-64.27050 -63.37500
-64.27000 -63.31600
-64.26500 -63.31560
-64.30330 -63.14060
-64.14840 -62.97560
-64.03160 -62.98940
-63.90470 -62.95500
-63.93620 -62.96000
-63.93300 -63.12240
-63.92650 -63.08120
-63.93470 -63.06280
-64.10090 -63.10020
-64.13280 -63.08920
-64.11880 -63.07580
-64.25370 -63.17950
-64.11400 -63.09550
-64.12870 -63.10110
-64.12020 -63.17960
-64.26170 -63.26200
-64.22620 -63.30470
-64.22660 -63.35790
-64.20980 -63.39850
-64.26350 -63.45000
-64.30570 -63.51550
-64.26690 -63.54270
-64.31850 -63.54960
-64.26550 -63.48950
-64.25170 -63.46990
-64.10690 -63.37660
-63.97320 -63.34460
-64.01210 -63.28120
-63.95520 -63.24850
-63.96110 -63.29420
-64.00520 -63.49710
-63.97070 -63.52120
-63.95480 -63.52610
-63.90660 -63.55450
-63.80720 -63.57390
-63.81320 -63.62510
-63.84380 -63.60460
-63.65470 -62.79330
-63.61970 -62.66230
-63.67110 -62.63390
-63.68870 -62.64520
-63.66600 -62.67650
-63.66800 -62.61740
-63.65760 -62.53810
-63.57220 -62.52440
-63.53970 -62.49050
-63.49780 -62.56530
-63.37850 -62.30260
-63.42940 -62.26440
-63.44900 -62.29350
-63.46570 -62.34000
-63.43530 -62.33790
-63.42690 -62.36930
-63.47330 -62.29330
-63.44280 -62.27520
-63.45730 -62.32920
-63.40550 -62.31420
-63.29360 -62.25820
-63.36570 -62.34270
-63.46250 -62.43170
-63.49300 -62.46890
-63.61600 -62.56530
-63.55810 -62.54960
-63.61420 -62.60010
-63.67650 -62.70530
-63.70400 -62.81140
-63.69220 -62.83600
-63.74400 -62.91220
-63.75350 -62.89410
-63.70130 -62.91370
-63.74010 -62.85210
-63.79630 -62.85380
-63.71820 -62.88180
-63.61990 -62.82190
-63.64400 -62.75400
-63.58500 -62.71520
-63.60590 -62.66280
-63.60200 -62.63300
-63.56050 -62.58260
-63.65070 -62.72950
-63.56580 -62.72580
-63.65880 -62.73450
-63.84810 -62.79550
-63.98620 -62.87890
-63.97240 -62.81670
-64.03550 -62.89810
-64.00990 -62.81220
-63.71370 -62.75080
-63.77520 -62.78970
-63.78720 -62.80220
-63.86320 -62.85050
-63.81650 -62.85330
-63.74210 -62.84260
-63.92960 -62.85040
-63.97040 -62.88190
-63.89160 -62.93470
-63.77130 -62.89550
-65.30030 -63.38800
-65.36170 -63.42060
-65.36310 -63.69110
-64.97380 -63.45380
-65.24940 -63.50100
-65.10950 -63.41700
-64.92930 -63.43190
-65.01670 -63.40350
-65.12470 -63.43430
-65.12080 -63.48510
-65.08620 -63.53610
-65.03240 -63.53170
-65.02310 -63.53090
-65.06630 -63.48660
-65.16560 -63.55710
-65.06950 -63.44900
-64.91620 -63.36260
-64.81530 -63.24220
-64.85220 -63.19730
-64.89810 -63.14170
-65.22750 -63.28870
-65.32480 -63.42070
-65.42770 -63.61480
-65.52990 -63.58800
-65.73510 -63.69080
-65.73300 -63.65650
-65.47010 -63.62190
-65.71060 -63.78040
-65.93200 -63.82000
-65.79600 -63.83270
-65.78840 -63.86040
-65.74850 -63.87970
-65.64270 -63.85880
-65.66080 -63.88350
-66.01750 -64.01040
-65.95800 -64.02170
-66.01530 -63.97260
-65.98910 -64.02110
-65.87910 -63.96560
-66.18660 -63.98070
-66.04480 -63.89300
-65.97010 -63.89980
-66.13220 -63.92900
-65.95310 -63.66230
-66.25470 -63.85100
-66.02390 -63.77000
-66.12770 -63.79350
-66.07830 -63.74880
-66.28080 -63.89440
-66.27180 -63.92710
-66.34220 -64.02970
-66.43610 -64.01940
-66.45880 -64.01090
-66.66000 -64.11700
-66.71520 -64.21240
-66.69300 -64.20090
-67.08520 -64.32350
-67.05690 -64.39890
-67.37240 -64.45090
-67.32960 -64.97710
-67.34990 -65.00070
-67.19150 -64.97070
-67.31720 -64.99090
-67.30260 -64.91900
-67.37300 -64.94280
-67.29150 -64.93310
-67.39140 -64.92190
-66.88690 -64.75990
-66.76700 -64.74400
-66.53570 -64.54010
-66.55710 -64.48170
-66.61140 -64.45540
-66.44320 -64.35930
-66.31250 -64.27710
-66.04250 -64.15250
-66.28370 -64.18240
-66.10070 -64.13660
-66.20180 -64.15580
-66.21630 -63.97940
-66.22580 -64.00040
-66.21540 -63.88740
-66.24970 -63.94590
-66.29310 -63.85420
-66.23070 -63.86700
-66.20520 -63.88290
-66.23600 -63.88510
-66.30600 -63.91840
-66.36170 -63.90780
-66.18520 -63.81670
-66.15480 -63.84640
-65.94000 -63.69000
-65.90240 -63.65510
-65.94750 -63.63970
-65.82400 -63.57910
-65.82490 -63.60070
-65.43170 -63.37930
-65.27980 -63.22270
-65.05430 -62.33670
-65.01250 -62.23220
-64.98810 -62.20500
-64.99380 -62.22910
-65.04170 -62.24570
-64.84080 -62.10310
-64.72000 -61.99260
-64.78050 -61.98980
-64.71810 -61.99310
-64.90380 -62.00010
-64.91050 -61.98190
-65.06490 -62.03120
-64.89780 -62.05760
-65.09440 -62.10930
-65.29590 -62.28500
-65.29480 -62.27160
-65.37120 -62.24040
-65.30990 -62.27360
-65.72820 -62.71780
-65.65050 -62.62600
-65.64480 -62.64410
-65.58380 -62.57950
-65.44540 -62.54210
-65.59890 -62.45870
-65.46960 -62.39600
-65.40760 -62.38500
-65.27210 -62.24410
-65.22940 -62.23370
-65.10740 -62.16560
-64.99720 -62.13880
-64.97440 -62.13400
-64.99500 -62.07490
-64.98840 -62.01330
-65.12890 -61.97180
-65.49140 -62.07200
-65.33670 -62.00840
-65.36300 -62.06350
-65.37340 -61.97900
-65.31350 -62.00950
-65.45250 -62.06250
-65.59360 -62.13630
-65.53470 -62.07090
-65.49250 -62.07150
-65.25440 -61.92920
-65.17350 -61.86470
-65.17870 -61.75850
-65.15500 -61.78100
-65.27380 -61.76290
-65.24580 -61.70090
-65.25300 -61.68240
-65.52880 -61.91920
-65.43680 -61.75900
-65.19770 -61.69170
-55.13750 -55.54760
-55.22570 -55.39000
-55.06410 -55.28140
-54.85930 -55.33110
-55.03050 -55.37540
-55.32160 -55.28190
-54.95270 -55.16500
-54.88250 -55.14450
-55.02630 -55.19200
-54.74750 -55.16410
-54.73740 -55.16600
-54.87140 -55.19900
-54.98460 -55.11670
-54.89400 -55.03820
-54.86210 -54.99040
-54.84870 -54.96790
-54.77140 -54.95860
-54.70180 -54.99290
-54.80790 -55.02970
-54.55270 -54.88490
-54.45930 -54.85710
-54.63220 -54.81100
-54.58960 -54.71530
-54.43970 -54.68810
-54.55900 -54.67540
-54.48610 -54.66810
-54.49780 -54.69200
-54.52720 -54.65280
-54.36450 -54.76070
-54.33560 -54.53710
-54.27380 -54.45800
-54.26780 -54.51370
-54.12210 -54.44970
-54.16400 -54.30610
-54.01520 -54.14420
-54.11090 -54.15480
-54.07580 -54.13770
-54.37940 -54.32730
-54.25470 -54.31330
-54.23560 -54.28670
-54.56870 -53.88250
-54.49030 -53.93740
-54.56680 -53.99500
-54.60270 -54.05870
-54.52150 -54.09910
-54.63160 -54.28790
-54.38540 -54.13270
-54.47020 -54.06080
-54.97060 -54.57990
-54.89820 -54.52440
-54.96670 -54.57710
-54.92310 -54.58860
-55.04150 -54.52050
-55.00330 -54.85030
-55.02250 -54.79140
-54.93140 -54.75100
-55.03360 -54.70170
-55.03320 -54.71010
-55.16370 -54.84360
-55.01680 -54.73920
-54.91320 -54.72680
-54.83500 -54.68310
-54.92030 -54.67000
-55.03590 -54.62920
-54.94680 -54.74450
-55.08960 -54.84110
-55.34150 -54.90740
-55.40060 -55.05960
-55.09900 -54.93810
-55.37860 -55.05180
-55.15080 -55.09640
-54.93530 -54.62990
-54.85170 -54.58050
-54.97980 -54.56210
-54.87900 -54.52930
-54.87920 -54.48550
-54.81650 -54.49140
-54.81340 -54.51090
-54.72680 -54.44360
-54.99350 -54.48520
-55.05870 -54.58580
-55.15260 -54.65500
-55.01420 -54.59950
-55.15180 -54.58470
-55.20440 -54.45520
-55.07550 -54.75160
-54.90200 -54.75470
-54.96950 -54.72740
-55.20880 -54.72900
-55.23150 -54.73940
-55.32590 -54.74610
-55.32580 -54.75840
-55.30680 -54.81780
-55.29050 -54.79040
-55.16790 -54.75580
-55.17130 -54.76220
-54.71250 -54.59010
-54.78900 -54.61390
-54.67780 -54.57940
-54.60150 -54.56170
-54.71820 -54.56200
-54.76980 -54.53630
-54.69620 -54.57120
-54.67240 -54.53770
-55.07790 -54.59250
-55.00520 -54.54660
-55.07690 -54.54570
-55.04060 -54.48630
-55.05880 -54.45940
-54.85300 -54.46360
-54.94060 -54.39770
-54.90860 -54.49520
-54.96210 -54.47190
-55.03620 -54.41710
-54.84190 -54.45290
-54.94310 -54.52910
-55.04110 -54.52810
-54.96220 -54.54740
-55.19020 -54.55880
-55.41500 -54.57960
-55.45550 -54.63050
-55.51360 -54.62690
-55.56770 -54.62740
-55.43330 -54.74940
-55.71190 -54.78610
-55.84710 -54.79100
-55.89600 -54.83580
-56.07960 -54.84130
-56.22790 -54.89140
-56.14030 -54.94100
-56.23060 -54.90290
-56.21390 -55.04720
-56.05520 -55.01700
-55.84090 -54.49980
-55.69400 -54.48780
-55.76560 -54.49380
-55.99570 -54.30770
-55.83040 -54.31010
-55.81480 -54.27060
-55.74870 -54.27120
-55.51220 -54.22240
-55.37090 -54.23290
-55.42430 -54.23480
-55.35950 -54.10120
-55.17640 -53.99110
-55.21930 -53.93340
-55.44410 -53.94130
-55.57380 -53.96090
-55.60620 -53.92480
-55.63840 -53.99620
-55.31290 -53.99330
-55.43130 -54.03540
-55.32440 -54.02540
-55.20800 -53.95080
-55.22090 -53.88430
-55.33240 -53.90270
-55.30840 -53.90480
-55.38470 -53.92840
-55.38450 -53.99740
-55.45240 -54.07000
-55.44910 -54.03550
-55.70050 -54.01260
-55.57620 -54.12630
-55.64880 -54.09650
-55.82890 -54.15010
-55.90250 -54.32340
-55.87910 -54.33220
-55.86190 -54.33770
-55.78170 -54.29840
-55.55790 -54.20730
-55.59680 -54.19920
-55.69440 -54.21560
-55.60130 -54.12160
-55.83080 -54.14960
-55.77960 -54.10040
-55.70940 -54.07980
-55.74540 -54.12020
-55.73950 -54.14110
-55.81720 -54.14220
-55.90900 -54.29370
-55.88620 -54.31480
-55.91420 -54.31010
-56.06280 -54.40110
-56.06790 -55.00780
-56.17330 -54.99060
-56.01970 -54.92110
-56.00260 -54.99140
-56.17510 -55.05420
-56.01570 -54.99680
-56.00910 -54.93850
-56.08670 -54.94490
-56.01050 -55.01150
-55.62100 -54.73090
-55.57870 -54.74770
-55.52040 -54.73910
-55.61310 -54.78200
-55.62980 -54.79150
-55.51150 -54.79050
-55.51840 -54.71400
-55.46500 -54.67830
-55.39500 -54.58350
-55.39440 -54.55420
-55.23750 -54.41510
-55.15400 -54.33370
-55.24450 -54.42460
-55.27930 -54.55730
-55.65810 -54.66160
-55.91170 -54.84660
-55.82390 -54.75140
-55.70020 -54.75590
-55.87720 -54.81850
-56.18040 -54.99020
-56.03550 -55.01680
-55.98510 -55.03200
-55.97570 -54.98610
-56.10410 -55.08080
-56.11950 -55.16880
-55.99810 -55.11130
-55.91540 -55.09050
-55.88600 -55.05160
-56.02900 -55.01890
-55.95020 -55.01740
-55.85790 -55.13320
-55.81810 -55.13120
-55.78280 -55.03580
-55.88540 -55.16830
-56.09790 -55.22380
-56.20100 -55.17940
-56.31840 -55.20230
-56.01650 -54.65440
-55.94980 -54.59700
-56.01930 -54.61800
-55.91600 -54.65410
-55.89180 -54.65410
-55.88340 -54.70330
-55.78200 -54.65120
-55.50610 -54.43940
-55.48090 -54.42940
-55.26600 -54.39600
-55.23560 -54.26610
-55.23500 -54.22980
-55.18660 -54.26320
-55.21610 -54.29120
-55.21830 -54.28710
-55.18300 -54.20570
-55.01340 -54.17950
-54.92930 -54.17020
-55.15010 -54.20510
-55.28910 -54.38850
-55.39790 -54.48060
-55.42920 -54.53840
-55.42950 -54.58150
-55.49000 -54.63240
-55.57200 -54.72090
-55.51490 -54.78060
-55.65290 -54.85790
-55.64900 -54.84470
-55.64430 -54.87230
-55.50940 -54.93970
-55.60330 -54.97310
-55.66730 -54.93980
-55.51060 -54.96970
-55.60700 -54.88880
-55.70800 -54.96500
-55.60550 -54.97220
-55.49750 -54.90070
-55.54380 -54.83010
-55.39230 -54.79800
-55.56780 -54.89950
-55.74250 -54.91960
-55.92380 -54.98390
-55.89770 -54.93670
-55.76870 -55.02310
-56.00250 -55.15210
-55.89960 -55.18140
-55.89570 -55.11710
-56.15580 -55.23610
-56.09920 -55.27380
-56.10220 -55.26650
-56.10990 -55.33530
-56.81520 -55.03210
-57.06540 -55.19800
-56.84930 -55.30270
-57.02540 -55.24980
-57.24670 -55.32240
-57.43440 -55.37270
-57.23100 -55.50860
-57.19910 -55.52190
-57.30290 -55.55940
-57.40900 -55.57780
-57.46350 -55.63220
-57.30170 -55.57720
-57.27620 -55.55670
-57.27770 -55.53950
-57.42750 -55.60630
-57.40920 -55.55910
-57.67370 -55.73380
-57.43560 -55.74380
-57.64300 -55.76830
-57.50410 -55.72750
-57.23150 -55.71070
-57.35570 -55.58680
-57.43810 -55.49050
-57.46440 -55.57050
-57.74170 -55.60860
-57.65390 -55.66930
-57.54960 -55.70160
-57.65780 -55.75840
-57.82950 -55.77710
-57.68350 -55.87220
-57.81500 -55.89280
-57.72080 -55.86660
-57.46060 -55.85000
-57.70420 -55.85130
-57.52320 -55.75600
-57.37830 -55.56550
-57.50690 -55.54300
-57.61590 -55.55790
-57.51380 -55.55570
-57.47750 -55.56300
-57.44900 -55.55150
-57.42090 -55.56670
-57.38860 -55.55340
-57.33280 -55.54600
-57.36910 -55.52880
-57.38350 -55.49830
-57.82960 -55.66610
-57.93810 -55.71670
-57.84500 -55.80080
-57.98530 -55.82900
-57.98270 -55.75770
-57.97660 -55.85730
-58.27690 -55.89640
-58.36150 -55.90760
-58.10580 -55.87250
-58.06840 -55.90980
-58.09440 -55.86080
-58.08980 -55.93900
-58.35920 -55.98340
-58.21660 -56.13590
-58.23620 -56.12000
-58.31130 -56.11640
-58.48410 -56.20570
-58.24660 -56.05560
-58.19750 -55.91970
-58.42190 -55.98800
-58.52900 -56.07120
-58.50640 -56.31720
-58.82650 -56.37250
-58.84830 -56.43550
-58.77890 -56.47220
-58.59760 -56.46430
-58.68980 -56.47830
-58.73420 -56.41630
-58.80610 -56.43810
-59.01460 -56.39830
-59.03580 -56.46570
-58.85060 -56.42670
-59.00330 -56.49090
-59.03560 -56.50780
-58.97740 -56.51410
-59.00080 -56.50280
-59.01690 -56.58150
-59.01870 -56.62020
-59.25630 -56.58210
-59.07540 -56.52150
-59.11740 -56.48120
-59.08370 -56.47440
-59.15130 -56.52380
-59.20900 -56.54100
-58.85910 -56.49660
-58.61040 -56.44390
-58.39470 -56.27960
-58.23300 -56.18600
-58.10220 -56.16500
-58.05180 -56.15600
-57.94720 -56.03640
-57.64690 -55.77130
-57.44130 -55.77710
-57.43770 -55.77450
-57.22340 -55.74810
-57.43350 -55.63720
-55.94070 -53.79920
-55.85810 -53.60330
-55.78500 -53.53050
-55.57960 -53.33750
-55.76140 -53.39530
-55.59720 -53.30330
-55.51140 -53.18240
-55.64980 -53.32570
-55.65130 -53.39070
-55.69380 -53.42100
-55.84270 -53.48570
-55.87680 -53.49300
-55.98980 -53.64160
-55.78460 -53.59000
-55.81980 -53.57250
-55.77880 -53.55520
-56.00040 -53.39640
-56.19120 -53.63060
-56.05890 -53.67320
-56.09880 -53.69330
-55.99370 -53.61520
-56.07030 -53.59020
-55.79860 -53.49290
-55.63450 -53.42340
-55.66080 -53.25850
-55.67290 -53.21260
-55.49640 -53.14390
-55.66600 -53.10450
-55.69910 -53.10810
-55.74320 -53.18620
-55.62250 -53.17320
-55.50920 -53.04630
-55.59570 -53.00940
-55.62340 -52.95710
-55.64830 -52.95740
-55.65500 -52.98460
-55.64870 -52.97960
-55.58200 -52.97880
-55.63190 -52.92460
-55.55170 -52.89320
-55.82720 -53.04920
-55.95430 -53.10190
-55.84350 -53.06500
-47.38150 -47.56330
-47.59590 -47.53420
-47.70700 -47.52770
-47.46490 -47.52420
-47.31160 -47.56130
-47.21030 -47.55740
-47.26300 -47.56630
-47.51840 -47.56340
-47.44350 -47.51850
-47.40500 -47.50140
-47.51910 -47.48020
-47.47150 -47.53770
-47.56210 -47.49760
-47.50760 -47.51170
-47.54330 -47.52060
-47.39660 -47.46360
-47.54210 -47.44270
-47.64030 -47.44360
-47.30260 -47.49330
-47.37310 -47.48010
-47.29290 -47.48890
-47.25460 -47.39370
-47.33680 -47.34990
-47.31270 -47.38540
-47.34560 -47.38160
-47.37460 -47.38490
-47.04200 -47.25800
-46.98280 -47.15900
-46.85900 -47.14650
-46.83920 -47.00440
-46.51930 -46.92560
-46.61280 -46.90190
-46.70260 -46.81840
-46.78670 -46.93040
-46.84650 -46.83820
-46.85320 -46.88640
-46.76280 -46.87750
-46.73140 -46.84150
-46.78310 -46.80390
-46.87400 -46.65220
-46.79840 -46.51300
-46.78060 -46.52830
-46.72100 -46.58310
-46.95770 -46.62580
-46.95160 -46.68640
-46.99720 -46.71960
-46.88250 -46.65470
-46.84200 -46.61240
-46.93200 -46.64620
-46.68120 -46.64070
-46.49320 -46.37340
-46.38890 -46.36370
-46.65060 -46.54850
-46.77390 -46.65960
-46.87780 -46.75770
-46.84570 -46.75080
-46.71280 -46.70650
-46.80410 -46.64470
-46.69640 -46.69200
-46.80590 -46.70130
-47.03420 -46.74720
-47.02690 -46.79130
-47.04260 -46.94880
-47.00670 -46.96120
-46.83030 -46.93330
-47.01550 -46.92880
-47.00710 -46.94570
-47.00830 -46.94090
-46.94530 -46.92970
-46.95390 -46.85690
-47.06010 -46.79060
-47.22300 -46.80720
-47.34910 -47.16890
-47.21450 -47.19320
-47.20630 -47.12610
-47.54590 -47.27280
-47.46700 -47.28590
-47.41180 -47.34790
-47.30990 -47.33110
-47.39340 -47.36250
-47.38080 -47.32740
-47.36990 -47.35750
-47.54030 -47.37980
-47.56070 -47.37430
-47.40900 -47.31570
-47.41140 -47.36690
-47.17290 -47.11380
-47.14960 -47.11480
-47.16060 -47.18980
-47.16080 -47.08470
-47.06150 -47.05450
-47.18500 -47.03500
-47.07910 -47.10370
-47.04050 -46.97880
-47.33660 -47.09840
-47.46990 -47.09590
-47.59950 -47.14640
-47.65570 -47.23760
-47.53900 -47.07990
-47.58970 -46.96920
-48.10460 -47.82970
-48.16340 -47.88420
-48.54910 -48.07400
-48.52930 -48.10970
-48.57460 -48.10330
-48.55940 -48.07600
-48.59330 -48.03950
-48.72990 -48.06340
-48.52940 -48.00440
-48.46880 -47.98190
-48.29380 -48.02910
-48.12260 -47.83130
-48.10920 -47.90280
-48.10330 -47.91100
-48.14110 -47.83840
-48.03960 -47.80840
-48.00850 -47.78250
-48.41920 -47.82520
-48.26630 -47.79910
-48.35180 -47.81410
-48.39280 -47.78550
-48.44030 -47.76580
-48.16490 -47.74890
-48.31140 -47.77460
-48.28920 -47.85440
-48.30230 -47.87570
-48.37080 -47.93620
-48.46900 -47.99270
-48.47840 -48.02010
-48.58450 -48.02710
-48.64940 -47.98950
-48.52820 -48.03640
-48.56280 -48.05260
-48.54360 -48.06950
-48.79630 -48.08050
-48.97620 -48.07520
-48.99840 -48.11720
-49.29300 -48.31760
-49.13350 -48.36720
-49.19050 -48.34470
-49.11300 -48.32810
-49.36290 -48.38690
-49.29290 -48.37120
-49.39310 -48.37500
-49.33720 -48.34540
-49.50790 -48.36150
-49.47470 -48.36870
-49.50240 -48.38800
-49.53110 -48.44390
-49.48320 -48.49460
-49.48880 -48.50340
-49.27330 -48.49630
-49.27720 -48.47280
-47.94690 -46.95980
-47.74290 -46.84670
-47.83140 -46.69810
-47.60660 -46.54810
-47.70360 -46.53860
-47.90270 -46.53960
-47.93690 -46.59670
-47.99650 -46.54640
-47.74430 -46.55860
-47.60410 -46.58310
-47.63010 -46.51520
-47.52700 -46.55910
-47.44160 -46.53880
-47.30950 -46.59620
-47.24750 -46.22300
-47.27900 -46.20410
-47.19530 -46.24820
-47.04840 -46.28490
-47.11200 -46.28890
-46.95740 -46.27000
-46.88190 -46.22140
-46.82040 -46.17800
-46.77640 -46.17600
-46.92580 -46.16550
-47.06730 -46.09050
-47.22210 -46.18320
-47.21950 -46.18620
-47.17970 -46.10040
-47.18160 -46.14750
-47.16290 -46.22700
-47.10340 -46.22610
-47.32450 -46.26780
-47.25090 -46.33340
-47.22350 -46.37730
-47.20060 -46.38360
-47.25800 -46.44270
-47.18950 -46.39250
-47.07200 -46.37120
-47.08470 -46.30610
-47.14200 -46.31900
-47.27060 -46.30150
-47.25960 -46.23780
-47.46440 -46.27830
-47.60620 -46.29030
-47.63500 -46.47920
-47.69790 -46.55010
-47.79970 -46.69530
-47.76840 -46.75990
-48.19990 -47.20690
-48.26090 -47.20640
-48.12490 -47.16140
-48.11390 -47.18970
-47.98870 -47.21790
-47.99120 -47.19410
-47.98100 -47.18020
-48.03340 -47.20430
-48.03300 -47.23620
-47.88490 -47.16750
-47.83960 -47.15280
-47.78060 -47.12300
-47.68380 -47.06120
-47.67140 -47.01210
-47.60170 -47.02750
-47.59950 -46.98830
-47.83500 -47.03360
-47.81560 -47.13370
-47.80520 -47.13560
-47.77270 -47.14460
-47.75190 -47.10740
-47.75010 -46.98470
-47.75440 -46.96370
-47.53840 -46.84590
-47.45210 -46.78040
-47.47840 -46.96670
-47.44590 -46.93240
-47.60520 -46.95120
-47.65470 -46.97400
-47.64550 -46.96720
-47.82080 -47.01780
-47.74630 -46.94780
-47.70820 -46.96560
-47.87640 -47.03060
-47.97240 -47.32370
-47.84580 -47.26440
-47.89860 -47.28070
-48.01000 -47.32600
-47.95840 -47.35090
-47.99220 -47.36160
-47.89100 -47.31030
-47.85300 -47.28760
-47.78080 -47.17430
-47.74660 -47.13050
-47.79370 -47.11800
-47.72320 -47.09800
-47.81950 -47.17670
-47.85140 -47.20380
-48.00800 -47.45280
-47.74760 -46.79580
-47.69140 -46.74410
-47.70340 -46.65570
-47.73010 -46.67440
-47.61980 -46.60060
-47.58580 -46.51730
-47.56790 -46.56270
-47.38810 -46.54100
-47.35610 -46.39770
-47.36760 -46.39060
-47.34690 -46.32850
-47.51960 -46.33850
-47.88460 -46.85980
-47.81170 -46.87720
-48.01070 -46.96560
-48.06640 -46.97500
-48.12000 -46.98220
-48.18950 -47.00140
-48.24790 -47.09410
-48.20840 -47.23140
-48.24710 -47.14690
-48.28270 -47.11780
-48.16160 -47.12100
-48.22860 -47.14180
-48.14360 -47.00040
-48.40550 -47.03620
-48.59560 -47.06890
-48.60770 -47.12470
-48.44940 -47.13700
-48.52920 -47.21800
-48.66340 -47.20980
-48.71050 -47.30950
-48.84380 -47.42210
-48.82480 -47.34810
-48.57080 -47.32090
-48.59930 -47.27230
-48.44820 -47.26240
-48.38890 -47.12210
-48.57710 -47.10500
-48.64470 -47.34100
-48.27350 -47.00300
-48.29750 -47.02000
-48.25870 -47.01590
-48.12850 -46.99540
-48.26210 -46.96560
-48.39360 -47.05920
-48.32160 -47.02030
-48.37690 -47.07230
-48.22540 -47.02280
-48.25890 -47.01140
-48.33110 -47.03670
-48.42010 -47.06880
-48.47990 -47.18430
-48.41940 -47.20160
-48.47930 -47.20030
-48.58560 -47.27010
-48.56500 -47.25620
-48.62860 -47.31450
-48.55240 -47.31600
-48.67450 -47.37300
-48.82990 -47.39530
-48.84940 -47.35860
-48.69050 -47.35050
-48.61430 -47.29340
-48.53850 -47.27040
-48.57720 -47.22180
-48.79730 -47.28690
-48.87770 -47.31310
-48.81940 -47.35880
-48.73190 -47.38990
-48.86660 -47.39370
-48.74970 -47.48660
-48.85280 -47.54310
-48.99310 -47.50930
-48.94570 -47.64510
-49.05770 -47.67120
-49.02950 -47.64410
-49.09170 -47.61500
-49.39690 -47.70040
-49.38070 -47.81310
-49.55750 -47.81520
-49.64670 -47.82240
-49.56070 -47.94680
-49.47000 -48.01760
-49.51460 -48.02710
-49.48240 -48.00590
-49.74730 -48.08130
-49.77050 -48.12640
-49.68390 -48.06980
-49.87010 -48.08160
-49.78540 -48.10760
-49.93270 -48.14740
-49.92370 -48.15120
-47.94670 -47.34980
-48.09550 -46.80960
-47.96530 -46.53240
-48.09550 -46.37760
-48.02760 -46.41740
-47.98240 -46.49440
-48.09950 -46.48210
-48.07500 -46.41610
-48.12040 -46.45750
-48.23760 -46.44500
-48.24680 -46.34110
-48.43300 -46.44310
-48.59190 -46.60470
-48.54630 -46.80070
-48.50220 -46.66590
-48.44040 -46.66670
-48.72570 -46.72420
-48.76340 -46.66870
-48.78930 -46.76270
-48.59270 -46.66630
-48.48160 -46.67630
-48.33010 -46.64150
-48.45860 -46.52740
-48.42650 -46.52140
-48.28260 -46.47810
-48.14610 -46.47010
-48.13110 -46.47470
-47.88110 -46.37710
-48.09120 -46.45780
-48.15640 -46.29000
-48.18230 -46.25270
-48.40730 -46.28180
-48.35160 -46.20030
-48.25300 -46.30540
-48.09760 -46.34240
-48.06750 -46.37190
-48.10660 -46.38100
-48.08290 -46.35320
-48.18400 -46.38280
-48.24450 -46.45540
-48.24210 -46.33070
-48.16350 -46.23890
-48.15200 -46.28710
-48.07170 -46.27920
-47.81150 -46.14920
-47.97380 -46.12860
-47.31250 -45.58140
-47.34430 -45.56080
-47.23650 -45.50120
-47.19750 -45.53600
-46.96680 -45.33260
-47.17530 -45.35540
-47.13270 -45.31400
-47.28730 -45.30130
-47.48220 -45.37750
-47.76300 -45.82030
-47.82880 -45.77280
-47.78430 -45.70470
-48.00180 -45.68510
-47.96210 -45.83030
-47.84390 -45.79060
-47.77790 -45.70880
-47.78480 -45.65610
-47.69710 -45.60360
-47.63750 -45.56010
-47.57850 -45.54180
-47.58250 -45.53400
-47.53450 -45.51630
-47.52810 -45.49140
-47.45330 -45.50530
-47.74510 -45.50260
-47.66480 -45.48250
-47.54470 -45.50520
-47.51300 -45.47140
-47.65920 -45.50370
-47.58910 -45.48050
-47.53450 -45.43110
-47.52120 -45.38530
-47.57940 -45.43030
-47.49230 -45.40950
-47.79650 -45.49950
-47.74490 -45.55800
-41.16470 -41.13150
-41.01660 -41.14040
-41.03580 -41.15820
-41.29570 -41.13590
-41.20700 -41.12690
-41.33850 -41.12090
-41.48640 -41.10850
-41.29930 -41.12000
-41.28520 -41.14310
-41.22380 -41.10370
-41.33560 -41.13640
-41.13470 -41.13990
-41.40280 -41.11290
-41.23770 -41.07780
-41.32790 -41.08420
-41.28990 -41.03550
-41.38890 -41.03940
-41.34690 -41.07700
-41.34990 -41.06190
-41.38200 -41.10530
-41.32050 -41.13360
-41.24970 -41.14610
-41.10400 -41.12070
-41.15370 -41.10940
-41.15920 -40.92420
-41.13560 -40.91910
-41.10300 -40.91030
-41.07270 -40.88220
-40.95800 -40.94040
-40.88010 -40.95200
-40.84460 -40.88130
-40.85880 -40.86250
-40.79030 -40.81930
-40.74400 -40.73640
-40.69420 -40.77420
-40.62390 -40.60820
-40.54760 -40.58290
-40.77810 -40.43900
-40.77790 -40.53850
-40.79120 -40.55660
-40.88590 -40.61180
-40.80290 -40.61270
-40.80640 -40.51290
-40.94640 -40.47250
-41.00450 -40.53170
-41.01640 -40.52340
-40.95190 -40.57270
-40.98780 -40.60100
-41.13970 -40.64610
-41.09260 -40.58910
-41.07050 -40.64280
-41.04660 -40.64660
-41.10310 -40.68760
-41.02770 -40.63670
-40.96860 -40.61190
-41.07490 -40.65070
-40.74540 -40.61710
-40.60230 -40.69180
-40.67890 -40.64500
-40.59430 -40.62840
-40.76330 -40.67700
-40.82610 -40.74150
-40.98140 -40.84090
-40.98840 -40.80520
-40.94030 -40.80330
-40.91730 -40.80030
-40.80640 -40.83200
-40.96760 -40.82360
-41.09800 -41.04240
-40.90540 -40.99830
-40.98890 -40.95990
-40.96780 -40.92480
-41.01380 -41.00270
-40.98320 -40.99540
-41.02350 -40.94430
-41.13820 -40.89500
-41.30060 -40.91020
-41.17860 -41.07080
-41.30790 -41.10050
-41.22020 -41.09920
-41.40940 -41.19650
-41.35220 -41.22900
-41.27440 -41.22020
-41.28350 -41.19670
-41.21600 -41.16000
-41.23150 -41.15160
-41.37610 -41.14620
-41.32960 -41.17700
-41.21290 -41.17600
-41.14190 -41.18080
-41.14710 -41.18080
-41.15700 -41.16360
-41.14410 -41.16380
-41.14190 -41.15560
-41.23890 -41.18320
-41.16960 -41.17870
-41.18020 -41.17010
-40.98400 -41.10520
-40.98060 -41.07810
-41.02330 -41.05770
-41.01000 -41.03220
-41.16010 -41.10370
-41.29850 -41.09980
-41.42360 -41.10970
-41.45760 -41.22340
-41.49060 -41.12040
-40.73450 -40.72500
-40.52060 -40.54790
-40.69600 -40.24710
-40.72030 -40.24940
-40.71790 -40.27420
-40.66480 -40.22140
-40.62020 -40.26060
-40.53490 -40.20310
-40.37170 -40.13630
-40.43750 -40.10070
-40.33800 -40.16040
-40.35800 -40.12300
-40.23260 -40.08060
-40.27610 -40.08780
-40.42640 -40.13530
-40.37570 -40.07760
-40.39630 -40.12360
-40.30430 -40.05630
-40.43670 -40.07910
-40.52110 -40.11440
-40.54990 -40.12000
-40.54680 -40.14530
-40.57490 -40.11110
-40.39060 -40.11550
-40.35410 -40.08720
-40.45720 -40.07730
-40.44030 -40.09950
-40.53620 -40.02660
-40.49190 -40.03610
-40.48370 -40.08020
-40.47230 -40.09830
-40.59510 -40.11290
-40.64290 -40.07940
-40.58860 -40.14660
-40.63910 -40.20430
-40.79140 -40.21210
-40.83630 -40.18590
-40.89190 -40.20780
-41.07910 -40.25860
-41.15170 -40.34400
-41.15040 -40.29490
-41.15610 -40.31560
-41.16830 -40.37450
-41.20000 -40.36320
-41.23610 -40.38420
-41.36020 -40.45750
-41.29560 -40.50120
-41.20110 -40.43680
-41.21370 -40.46740
-41.22040 -40.39210
-41.38450 -40.57010
-41.37750 -40.46460
-41.29740 -40.41840
-41.35440 -40.42670
-41.55330 -40.42800
-41.42370 -40.42840
-41.36770 -40.39930
-41.03630 -40.30910
-40.98720 -40.25460
-40.92640 -40.22580
-40.80510 -40.19520
-40.66790 -40.15010
-40.75850 -40.04800
-40.86380 -40.03190
-40.94690 -40.07710
-40.87130 -40.08970
-40.85180 -40.09450
-40.76620 -40.06150
-40.67010 -40.00090
-40.69120 -39.96090
-40.69890 -39.90230
-40.68830 -39.90200
-40.70170 -39.93450
-40.81340 -39.96390
-40.80700 -39.98560
-40.86230 -39.99160
-40.74420 -39.89750
-40.72840 -39.95940
-40.80820 -39.95070
-40.65820 -39.81600
-40.84990 -39.87000
-40.84270 -39.98860
-40.92930 -40.03770
-40.89610 -40.06380
-41.00660 -40.10700
-40.96090 -40.08130
-40.84120 -39.96050
-40.87270 -39.95740
-41.06600 -39.94570
-41.15930 -39.94510
-41.12010 -39.91350
-41.04450 -39.89370
-41.01660 -39.90700
-41.04260 -39.94770
-40.95180 -39.97820
-41.07020 -40.04620
-41.15920 -40.14490
-41.12830 -40.16880
-41.11970 -40.16350
-41.13340 -40.18030
-41.28420 -40.23810
-40.81300 -40.14450
-40.72530 -40.06280
-40.76310 -39.94360
-40.77230 -39.97220
-40.64930 -39.97460
-40.67210 -40.00250
-40.63720 -39.97650
-40.54750 -39.91340
-40.42130 -39.91240
-40.59250 -39.92340
-40.49700 -39.90660
-40.45690 -39.91010
-40.37150 -39.90010
-40.29910 -39.87290
-40.35340 -39.77870
-40.32130 -39.75670
-40.38250 -39.76770
-40.50670 -39.77110
-40.53870 -39.86660
-40.45530 -39.92800
-40.50500 -39.91540
-40.46180 -39.90310
-40.44550 -39.89960
-40.36100 -39.87170
-40.27080 -39.88660
-40.19060 -39.83170
-40.17080 -39.78240
-40.21000 -39.87380
-40.42970 -39.90590
-40.43000 -39.92500
-40.44530 -39.94210
-40.61810 -39.97790
-40.53140 -39.96220
-40.59020 -40.05600
-40.62140 -40.05350
-40.52990 -40.09750
-40.45720 -40.08140
-40.53420 -40.05840
-40.52830 -40.10380
-40.47330 -40.10640
-40.50940 -40.07890
-40.30430 -39.88070
-40.29050 -39.88250
-40.33150 -39.88590
-40.29480 -39.89330
-40.25290 -39.80410
-40.18950 -39.86130
-40.23070 -39.84740
-40.18280 -39.84690
-40.04960 -39.81800
-40.11970 -39.84780
-40.10260 -39.86070
-40.34010 -39.95450
-40.13470 -39.45960
-40.12710 -39.44840
-40.17650 -39.41470
-40.18470 -39.43400
-40.13160 -39.41310
-40.07680 -39.39180
-39.96690 -39.39860
-39.95820 -39.37790
-39.95000 -39.35100
-39.99030 -39.27830
-40.01370 -39.28010
-40.00940 -39.26410
-40.04310 -39.30640
-40.01840 -39.30760
-40.00860 -39.29590
-39.89920 -39.30070
-39.99740 -39.31310
-39.93400 -39.27240
-40.00030 -39.28280
-40.16330 -39.42350
-40.18500 -39.43160
-40.14310 -39.44090
-40.34300 -39.54920
-40.39360 -39.54170
-40.45550 -39.55940
-40.64450 -39.64130
-40.52770 -39.65480
-40.49810 -39.66300
-40.48690 -39.63750
-40.37180 -39.52420
-40.44590 -39.51000
-40.45330 -39.51980
-40.58520 -39.52120
-40.68720 -39.54430
-40.82760 -39.68860
-41.02480 -39.72270
-41.05910 -39.78280
-41.10460 -39.81550
-41.08820 -39.80820
-40.84980 -39.73800
-40.70130 -39.75530
-41.00920 -39.78490
-40.97680 -39.87050
-41.12200 -39.91880
-41.30110 -39.94510
-41.20440 -40.13350
-41.39300 -40.19930
-41.43620 -40.21300
-41.21400 -40.17510
-41.17950 -40.10610
-41.33920 -40.13710
-41.32080 -40.24020
-41.24530 -40.17220
-41.31230 -40.21520
-41.24870 -40.20130
-41.30830 -40.20740
-41.45290 -40.22760
-41.37420 -40.21650
-41.50530 -40.22480
-41.15390 -40.16860
-41.08950 -40.15570
-41.13690 -40.01430
-41.14220 -40.02150
-41.36800 -40.05350
-41.40060 -40.09940
-41.34040 -40.11550
-41.35240 -40.10940
-41.38530 -40.15310
-41.48950 -40.17220
-41.35330 -40.18170
-41.41710 -40.20800
-41.51310 -40.17840
-41.39170 -40.30420
-41.38960 -40.28540
-41.22910 -40.27170
-41.17040 -40.28280
-41.04100 -40.16740
-40.98320 -40.10360
-40.95280 -40.10660
-41.11290 -40.04480
-41.24870 -40.03630
-41.16100 -40.04460
-41.17890 -40.04480
-41.22880 -40.05710
-41.24920 -40.07970
-41.24190 -40.09580
-41.22330 -40.15120
-41.20510 -40.17430
-41.29180 -40.16940
-41.21780 -40.20330
-41.27990 -40.18110
-41.22440 -40.15160
-41.12660 -40.10060
-41.54110 -40.03780
-41.53510 -40.07190
-41.61650 -40.07000
-41.68570 -40.10230
-41.72380 -40.36030
-41.68560 -40.31720
-41.85680 -40.35860
-41.81120 -40.29770
-41.78920 -40.30330
-41.70970 -40.27560
-41.61220 -40.28580
-41.80630 -40.30960
-41.83940 -40.38280
-42.02210 -40.40400
-42.22010 -40.48080
-42.05460 -40.59770
-42.10560 -40.60650
-42.00010 -40.63160
-41.88730 -40.62270
-41.81780 -40.63960
-41.68760 -40.57880
-41.71380 -40.50540
-41.68180 -40.52950
-42.01580 -40.57270
-41.99970 -40.60490
-41.53890 -40.56640
-41.52950 -40.50860
-41.32480 -40.39870
-41.37830 -40.36600
-41.35770 -40.34180
-41.21080 -40.23880
-40.90330 -40.17850
-41.04450 -40.13600
-40.91990 -40.12250
-40.86650 -40.07750
-41.07460 -40.07500
-41.21010 -40.07970
-41.25630 -40.07700
-41.26970 -40.09300
-41.50640 -40.08740
-41.39280 -40.07400
-41.37880 -40.07470
-41.40040 -40.09040
-41.43110 -40.12420
-41.52320 -40.15810
-41.28420 -40.07910
-41.11040 -40.08900
-41.05660 -39.89800
-40.88990 -39.86920
-40.79770 -39.75870
-40.78960 -39.76960
-40.67260 -39.73070
-40.62930 -39.72780
-40.47730 -39.66500
-40.42920 -39.65750
-40.61060 -39.66130
-41.48110 -39.51820
-41.51060 -39.62950
-41.47560 -39.84150
-41.52330 -39.82350
-41.49580 -39.86940
-41.51540 -39.90430
-41.55190 -39.92380
-41.56240 -39.95160
-41.42650 -39.84490
-41.57370 -39.88210
-41.50540 -39.92530
-41.66110 -39.94490
-41.90260 -40.12710
-41.99700 -40.24580
-41.98470 -40.28110
-42.08300 -40.32640
-41.92910 -40.32790
-41.94570 -40.36150
-41.82210 -40.23270
-41.80960 -40.18130
-41.86600 -40.13750
-42.00520 -40.23220
-41.96190 -40.23810
-42.08490 -40.29460
-42.07690 -40.30760
-41.98220 -40.28070
-41.92720 -40.25350
-41.92670 -40.27230
-42.01930 -40.28270
-41.86270 -40.30950
-41.86570 -40.29220
-41.86450 -40.22390
-41.85110 -40.15510
-41.88600 -40.14670
-41.86460 -40.20010
-41.80880 -40.18480
-41.67970 -40.07760
-41.66160 -40.06720
-41.76550 -40.08060
-41.77120 -40.11040
-41.99080 -40.17630
-41.86270 -40.21430
-41.80950 -40.14700
-41.91000 -40.16440
-41.84930 -40.13030
-41.59110 -40.03890
-41.54000 -39.96980
-41.57890 -39.86400
-41.56090 -39.79940
-41.52380 -39.76490
-41.40790 -39.79390
-41.50640 -39.74030
-34.69730 -35.03760
-34.83910 -34.96970
-34.82920 -35.00180
-34.92400 -34.99330
-35.04090 -34.97980
-34.94100 -34.98260
-34.87940 -34.98580
-34.83120 -34.96030
-34.82140 -35.01590
-34.74970 -35.00880
-34.94120 -34.96900
-34.82530 -34.93320
-34.78980 -34.95070
-34.87820 -34.94920
-34.78150 -34.92590
-34.87100 -34.89800
-34.77680 -34.91550
-34.96170 -34.85770
-34.92340 -34.87570
-34.88030 -34.91560
-34.94360 -34.94650
-34.83870 -34.94640
-35.01010 -34.90320
-34.78580 -34.89080
-34.88460 -34.79120
-34.77930 -34.79270
-34.85870 -34.78140
-34.82610 -34.76310
-34.67280 -34.80020
-34.65890 -34.70820
-34.62290 -34.68160
-34.53030 -34.63230
-34.37310 -34.45670
-34.50070 -34.39370
-34.52560 -34.39210
-34.52770 -34.49700
-34.59730 -34.49140
-34.53220 -34.53830
-34.55130 -34.49710
-34.52810 -34.43040
-34.62620 -34.38080
-34.71990 -34.35360
-34.77030 -34.36490
-34.77230 -34.34810
-34.71380 -34.37870
-34.73700 -34.41400
-34.83970 -34.41360
-34.87070 -34.43100
-34.84280 -34.41160
-34.81430 -34.52150
-34.85000 -34.56470
-34.83590 -34.53830
-34.71490 -34.55640
-34.63560 -34.52800
-34.75190 -34.60510
-34.70110 -34.56920
-34.73160 -34.66880
-34.64970 -34.64710
-34.69950 -34.59450
-34.61750 -34.63050
-34.70520 -34.63550
-34.73770 -34.64260
-34.85320 -34.71700
-34.85920 -34.72170
-34.81720 -34.85000
-34.71380 -34.79880
-34.77790 -34.77250
-34.80320 -34.87030
-34.82040 -34.86350
-34.71330 -34.81640
-34.81360 -34.83220
-34.85720 -34.81530
-34.90220 -34.91760
-34.95570 -35.04200
-35.14220 -35.08720
-35.11060 -35.06980
-35.11080 -35.10700
-34.95740 -35.06170
-35.03190 -35.09400
-34.99470 -35.06030
-34.93840 -35.12920
-34.98670 -35.10470
-34.98520 -35.09990
-34.89970 -35.08710
-34.84670 -35.09120
-34.83300 -34.96980
-34.81360 -34.97100
-34.88420 -35.01920
-34.83970 -35.00130
-34.84950 -34.91880
-34.77410 -34.92450
-34.78540 -34.86620
-34.77540 -34.86020
-34.82760 -34.88600
-35.06690 -34.88840
-35.07150 -34.90550
-35.07060 -34.89730
-35.19400 -34.95080
-35.23610 -35.03760
-35.26830 -35.08350
-35.22390 -35.08480
-35.12880 -35.05570
-35.12210 -34.95370
-35.09870 -34.93260
-34.81500 -34.80600
-35.14410 -34.82370
-35.15790 -34.85870
-35.15000 -34.86890
-35.15200 -34.92610
-35.17290 -34.91060
-35.15830 -34.90170
-35.25470 -34.89110
-35.19790 -34.86940
-35.19390 -34.87010
-35.17340 -34.92110
-35.09650 -34.88190
-34.97550 -34.78020
-34.95880 -34.82650
-34.98240 -34.83680
-35.01500 -34.82080
-34.94530 -34.77980
-34.97340 -34.77270
-34.89220 -34.75560
-35.08650 -34.74200
-35.17200 -34.73190
-35.16360 -34.75560
-35.16790 -34.70610
-35.12410 -34.67430
-35.25280 -34.71050
-35.22430 -34.69610
-35.21970 -34.75600
-35.20370 -34.74980
-35.31410 -34.71410
-35.27140 -34.72920
-35.40500 -34.89630
-35.34300 -34.83410
-35.43570 -34.83200
-35.47710 -34.80210
-35.38790 -34.85330
-35.40610 -34.87090
-35.38190 -34.88450
-35.62900 -35.04320
-35.69720 -35.13260
-35.71050 -35.08730
-35.73390 -35.06200
-35.87110 -35.11990
-35.89330 -35.07890
-35.99250 -35.13340
-35.98850 -35.14840
-35.89920 -35.12620
-35.83030 -35.09970
-35.79620 -35.12870
-35.65510 -35.03580
-36.14970 -35.15470
-36.09550 -35.18660
-35.93590 -35.18820
-35.86630 -35.16140
-35.68320 -35.05030
-35.47820 -35.02040
-35.39990 -34.97060
-35.31430 -34.91010
-34.95520 -34.75880
-34.96850 -34.72210
-35.12930 -34.70290
-35.09860 -34.68570
-35.13200 -34.70290
-34.83490 -34.66060
-34.92530 -34.65450
-34.93090 -34.63980
-34.77200 -34.61430
-34.68950 -34.59550
-34.63270 -34.58520
-34.71360 -34.58880
-34.76450 -34.53460
-34.77110 -34.46530
-34.76580 -34.49600
-34.87680 -34.50450
-34.88020 -34.51190
-34.93120 -34.53370
-34.84190 -34.49640
-34.86840 -34.55960
-34.66950 -34.57660
-34.63160 -34.52460
-34.67850 -34.52790
-34.78570 -34.56230
-34.83050 -34.57110
-34.77950 -34.57140
-34.79800 -34.59080
-34.86710 -34.59280
-34.75680 -34.58200
-34.77410 -34.56690
-34.69400 -34.49230
-34.81380 -34.48730
-34.84630 -34.47870
-34.79750 -34.48390
-34.75530 -34.48000
-34.78440 -34.45280
-34.77220 -34.44740
-34.88500 -34.55130
-34.84470 -34.56310
-35.25930 -34.48770
-35.29740 -34.48410
-35.19210 -34.58420
-35.10530 -34.48810
-35.05270 -34.44900
-34.87000 -34.41540
-35.07330 -34.43510
-34.99620 -34.42850
-34.95680 -34.42510
-34.91000 -34.41640
-34.78300 -34.43500
-34.75690 -34.41380
-34.85260 -34.43890
-34.86630 -34.43990
-34.98540 -34.43520
-35.02450 -34.52190
-34.97310 -34.49740
-34.95590 -34.33880
-34.88080 -34.30140
-34.83300 -34.29860
-34.83310 -34.32250
-34.81670 -34.34500
-34.80520 -34.40590
-34.83700 -34.48600
-34.84070 -34.46970
-34.92980 -34.46230
-34.96270 -34.45390
-34.91970 -34.43840
-34.90510 -34.45290
-34.97480 -34.44800
-34.92910 -34.43200
-34.91360 -34.44970
-34.90380 -34.44640
-34.89700 -34.50340
-34.87140 -34.46420
-34.95680 -34.49230
-34.99450 -34.53070
-35.01750 -34.55150
-34.92990 -34.52140
-34.92970 -34.51600
-34.83960 -34.41530
-34.84890 -34.41950
-34.81470 -34.42140
-34.86700 -34.48940
-34.84970 -34.56280
-34.70540 -34.57980
-34.76210 -34.58870
-34.75500 -34.60860
-34.85460 -34.61880
-34.89380 -34.13090
-34.85390 -34.14650
-34.87850 -34.13140
-34.90370 -34.15100
-34.85010 -34.12940
-34.74820 -34.06110
-34.74190 -34.09050
-34.51590 -33.90830
-34.51420 -33.87800
-34.52570 -33.88790
-34.50030 -33.88210
-34.48670 -33.84200
-34.37150 -33.82790
-34.49140 -33.85690
-34.43450 -33.85100
-34.39720 -33.81450
-34.48260 -33.86080
-34.71370 -33.98070
-34.70600 -34.05180
-34.71440 -34.08910
-34.76520 -34.10020
-34.79760 -34.12790
-34.85440 -34.16350
-34.91030 -34.21790
-34.96370 -34.31070
-34.96660 -34.34640
-35.11270 -34.38540
-35.03390 -34.35270
-34.93030 -34.32740
-34.88110 -34.31300
-34.89760 -34.32420
-34.91340 -34.33010
-34.84610 -34.25810
-34.78970 -34.26240
-34.74620 -34.24500
-34.66600 -34.22460
-34.63760 -34.12250
-34.69220 -34.09060
-34.65330 -34.07300
-34.68590 -34.15330
-34.91980 -34.22610
-34.83310 -34.23960
-34.72130 -34.20180
-34.80350 -34.23930
-35.09680 -34.33990
-35.09700 -34.31040
-34.85920 -34.33070
-34.90340 -34.34290
-34.99890 -34.37120
-35.07220 -34.39540
-35.11050 -34.39890
-35.33140 -34.53950
-35.33470 -34.59710
-35.22600 -34.58680
-35.47990 -34.31430
-35.70880 -34.45390
-35.53670 -34.46130
-35.42390 -34.45280
-35.55540 -34.41550
-35.46690 -34.40740
-35.31180 -34.41490
-35.32120 -34.42610
-35.34220 -34.44570
-35.42930 -34.35290
-35.49120 -34.31960
-35.48890 -34.36330
-35.40050 -34.37650
-35.38600 -34.38030
-35.40990 -34.36300
-35.47660 -34.37420
-35.60110 -34.41970
-35.69160 -34.43110
-35.62140 -34.43650
-35.57460 -34.46840
-35.49400 -34.47580
-35.35510 -34.46690
-35.31800 -34.34060
-35.38660 -34.30410
-35.40700 -34.32930
-35.46900 -34.37380
-35.40140 -34.36930
-35.31140 -34.38720
-35.49000 -34.43210
-35.55970 -34.42770
-35.54390 -34.47320
-35.48250 -34.49660
-35.58110 -34.48880
-35.58530 -34.44520
-35.58060 -34.48190
-35.60070 -34.49890
-35.81470 -34.53390
-35.48030 -34.51290
-35.49750 -34.50100
-35.41590 -34.49250
-35.40420 -34.46520
-35.52370 -34.44590
-35.56740 -34.45190
-35.48720 -34.43790
-35.52110 -34.43540
-35.47250 -34.42090
-35.48520 -34.40890
-35.44370 -34.40850
-35.49850 -34.39080
-35.59350 -34.40970
-35.47880 -34.42120
-35.67740 -34.42040
-35.66110 -34.41850
-35.63570 -34.45590
-36.54170 -34.77860
-36.56720 -35.13580
-36.54300 -35.19750
-36.53600 -35.20230
-36.67370 -35.24720
-36.58550 -35.28950
-36.64190 -35.30290
-36.74000 -35.33050
-36.78060 -35.31820
-36.65130 -35.27480
-36.63830 -35.27810
-36.51660 -35.31330
-36.52150 -35.38470
-36.39580 -35.34740
-36.42080 -35.30580
-36.41360 -35.30570
-36.57130 -35.36190
-36.19810 -35.25530
-36.18290 -35.26550
-36.16870 -35.27630
-36.13210 -35.28040
-36.20250 -35.28370
-36.20690 -35.29680
-36.04210 -35.18950
-36.17580 -35.22910
-36.12280 -35.19410
-36.05310 -35.18760
-36.07120 -35.18060
-36.21190 -35.20180
-36.30150 -35.21020
-36.37020 -35.18000
-36.38640 -35.20450
-36.55000 -35.20070
-36.41000 -35.23810
-36.44000 -35.25460
-36.41160 -35.27220
-36.45990 -35.27020
-36.49500 -35.31380
-36.33930 -35.31460
-36.21700 -35.32400
-36.20880 -35.29300
-36.18810 -35.34080
-36.07210 -35.33810
-35.91650 -35.17370
-35.88850 -35.16340
-35.87420 -35.14120
-35.79390 -35.14940
-35.77870 -35.16210
-35.60850 -35.08260
-35.50060 -35.08060
-35.51130 -35.10720
-35.38960 -34.92220
-35.54460 -34.93330
-36.07210 -34.69450
-36.03160 -34.71740
-35.97930 -34.71240
-36.03880 -34.66990
-35.97370 -34.65800
-36.05210 -34.66030
-35.97860 -34.68310
-36.09120 -34.67490
-36.11890 -34.69470
-36.21250 -34.73750
-36.29780 -34.85110
-36.28190 -34.84130
-36.39780 -34.84410
-36.51530 -34.87940
-36.54380 -34.95000
-36.51190 -34.95470
-36.43860 -34.96140
-36.43560 -34.93090
-36.49200 -34.94180
-36.63970 -35.04350
-36.44810 -34.95780
-36.43150 -34.95990
-36.30500 -34.89540
-36.32650 -34.84930
-36.32610 -34.82920
-36.34210 -34.85730
-36.24750 -34.82740
-36.10920 -34.74470
-36.09650 -34.71580
-36.13830 -34.68480
-36.03460 -34.64350
-36.09640 -34.65530
-36.08700 -34.65220
-36.04060 -34.61200
-35.99730 -34.59010
-35.95740 -34.56460
-35.93190 -34.58330
-36.40220 -34.65480
-36.32980 -34.76370
-36.25790 -34.75730
-36.22750 -34.69300
-36.22530 -34.68860
-36.11710 -34.66500
-36.07070 -34.63460
-35.89640 -34.56000
-35.87020 -34.54510
-35.88600 -34.36950
-35.98900 -34.32070
-35.96400 -34.32640
-35.95770 -34.29360
-35.96110 -34.28820
-35.93330 -34.26100
-35.85340 -34.30200
-35.74790 -34.29330
-30.18260 -30.04200
-30.07790 -30.05180
-30.23020 -30.07060
-30.30780 -30.13680
-30.41100 -30.14130
-30.33210 -30.13130
-30.26860 -30.14220
-30.22180 -30.10770
-30.29260 -30.13020
-30.22330 -30.17280
-30.15080 -30.17080
-30.32780 -30.17350
-30.24140 -30.09500
-30.31530 -30.08760
-30.23900 -30.10260
-30.29040 -30.08240
-30.34180 -30.05480
-30.37760 -30.07830
-30.33260 -30.12300
-30.22430 -30.12140
-30.23900 -30.09940
-30.24850 -30.11670
-30.26290 -30.05290
-30.23500 -29.99060
-30.19480 -29.97280
-30.15930 -29.98350
-30.16280 -29.96790
-30.17740 -29.98110
-30.05280 -30.01510
-29.97940 -29.87840
-29.93760 -29.85930
-29.90360 -29.79310
-29.83850 -29.78520
-29.82750 -29.69850
-29.73610 -29.66440
-29.80130 -29.66930
-29.81550 -29.65930
-29.83470 -29.74680
-29.91580 -29.79240
-29.85320 -29.79030
-29.85100 -29.77260
-29.87340 -29.70230
-29.94090 -29.64140
-29.99080 -29.54090
-29.99220 -29.54520
-29.94660 -29.57950
-30.03940 -29.57450
-30.06340 -29.59080
-30.04770 -29.68200
-29.99220 -29.63610
-29.95680 -29.60940
-29.92550 -29.64120
-29.84930 -29.59310
-29.92880 -29.72940
-30.03950 -29.79660
-30.04400 -29.78320
-30.05480 -29.84170
-30.02410 -29.86310
-29.98120 -29.77730
-30.10560 -30.00460
-29.99650 -29.97820
-30.05210 -29.99440
-30.10100 -29.97160
-30.09760 -29.92890
-30.08990 -29.92240
-30.06100 -29.96500
-30.07800 -29.95600
-29.99990 -29.91180
-30.07500 -29.87380
-30.11160 -29.85150
-30.15160 -29.88960
-30.19510 -30.04650
-30.14030 -30.03170
-30.06980 -30.00870
-30.22550 -30.03580
-30.23480 -30.06360
-30.22680 -30.10010
-30.17370 -30.04540
-30.12650 -30.01750
-30.26970 -30.09560
-30.17320 -30.06500
-30.22910 -30.12350
-30.16040 -30.11850
-30.11380 -30.02780
-30.12050 -29.92240
-30.01630 -29.90100
-30.03690 -29.91680
-30.02440 -29.89710
-30.08060 -29.90640
-30.23570 -29.89460
-30.17160 -29.93350
-30.42780 -30.14220
-30.38690 -30.13380
-30.30250 -30.09600
-30.38530 -30.07810
-30.42120 -30.02140
-30.38470 -29.98980
-30.36080 -30.09900
-30.30270 -30.08100
-30.08560 -30.01860
-30.40810 -30.07580
-30.48060 -30.05520
-30.46620 -30.04560
-30.47530 -30.03550
-30.47720 -30.07410
-30.50520 -30.12270
-30.48020 -30.15910
-30.39890 -30.15620
-30.30580 -30.07060
-30.37470 -30.05230
-30.26430 -30.01850
-30.35620 -30.04530
-30.32740 -30.01530
-30.34750 -30.05060
-30.27810 -30.02810
-30.25470 -30.00720
-30.35380 -30.02640
-30.56620 -30.05790
-30.54070 -30.03030
-30.57980 -30.01190
-30.64110 -30.03350
-30.69680 -30.03730
-30.72880 -30.08460
-30.68220 -30.08980
-30.69950 -30.07370
-30.76280 -30.05760
-30.73800 -30.06010
-30.77550 -30.15320
-30.78100 -30.16340
-30.82370 -30.19570
-30.90720 -30.19860
-30.82290 -30.23800
-30.79710 -30.24680
-30.94470 -30.24960
-30.98850 -30.27810
-31.16710 -30.33930
-31.20130 -30.38030
-31.34380 -30.41650
-31.22370 -30.41200
-31.21120 -30.39140
-31.23040 -30.37240
-31.36570 -30.45160
-31.32280 -30.43420
-31.38110 -30.44810
-31.35700 -30.41810
-31.46980 -30.44380
-31.47560 -30.43090
-31.47910 -30.41240
-31.64150 -30.50050
-31.74160 -30.63730
-31.64660 -30.66140
-31.64940 -30.59200
-31.65530 -30.44710
-31.61590 -30.39380
-31.55300 -30.39050
-31.42590 -30.39990
-31.48560 -30.35610
-31.44750 -30.31810
-31.35110 -30.31870
-31.28950 -30.27720
-31.39130 -30.27870
-31.31410 -30.26390
-31.31020 -30.28570
-31.00480 -30.22130
-31.03470 -30.20870
-31.02090 -30.17030
-30.93240 -30.22250
-30.87260 -30.17750
-30.76310 -30.01540
-30.92850 -29.97930
-31.10210 -30.08530
-30.92750 -30.08350
-30.85010 -30.09680
-30.77880 -29.98350
-30.69620 -29.94020
-30.60940 -29.93710
-30.73020 -29.88650
-30.81750 -29.89850
-30.79530 -29.89150
-30.86620 -29.90570
-30.98550 -30.02440
-31.09970 -30.00600
-31.07130 -30.02010
-31.17460 -30.03660
-31.03160 -30.05350
-31.06400 -30.05060
-31.22510 -30.08330
-31.28020 -30.16110
-31.34250 -30.19190
-31.23650 -30.18150
-31.36000 -30.22030
-31.09900 -30.12100
-31.12340 -30.11190
-31.15520 -30.15750
-31.15810 -30.15490
-31.14850 -30.11040
-31.23790 -30.11180
-31.21730 -30.12580
-31.16120 -30.10670
-31.18140 -30.06790
-30.66380 -30.23090
-30.53950 -30.00150
-30.54930 -29.97260
-30.50630 -29.96890
-30.53570 -29.98280
-30.53560 -30.02400
-30.42760 -29.98780
-30.36900 -29.96310
-30.25730 -29.91180
-30.17830 -29.87930
-30.33050 -29.90950
-30.25120 -29.88630
-30.12570 -29.86360
-30.16890 -29.83980
-30.03270 -29.81060
-30.07930 -29.81730
-30.19200 -29.81220
-30.17820 -29.84760
-30.16470 -29.84150
-30.10440 -29.81820
-30.11300 -29.78570
-29.98940 -29.68970
-29.84150 -29.62630
-30.05480 -29.70400
-30.08620 -29.76110
-30.23650 -29.80560
-29.93050 -29.70800
-29.93820 -29.68060
-30.02960 -29.71330
-30.10100 -29.84000
-30.17110 -29.86600
-30.10670 -29.90750
-30.14710 -29.91200
-30.08020 -29.88750
-30.03720 -29.83990
-29.98530 -29.78100
-29.94780 -29.76530
-29.94780 -29.73210
-30.05610 -29.77360
-29.99720 -29.76380
-29.99110 -29.81280
-29.99890 -29.82790
-29.95700 -29.82340
-29.91600 -29.83400
-29.84690 -29.83360
-29.82560 -29.81940
-29.90690 -29.87200
-30.01150 -29.79780
-30.04810 -29.80190
-29.78550 -29.33910
-29.75790 -29.30070
-29.78250 -29.29810
-29.76880 -29.29720
-29.87050 -29.28680
-29.81630 -29.24800
-29.79160 -29.22340
-29.76160 -29.17750
-29.76790 -29.20420
-29.66610 -29.13070
-29.69720 -29.13400
-29.70920 -29.15080
-29.68790 -29.14830
-29.69100 -29.12790
-29.62830 -29.12270
-29.70270 -29.14540
-29.77720 -29.15290
-29.85440 -29.21540
-29.81510 -29.32250
-29.86430 -29.36410
-29.94240 -29.34740
-29.97720 -29.32560
-29.99250 -29.39690
-30.07020 -29.51510
-30.12800 -29.57280
-30.12870 -29.57550
-30.11780 -29.57160
-30.04810 -29.54520
-29.96100 -29.49240
-29.91280 -29.46760
-29.84170 -29.44480
-29.85720 -29.44330
-29.84630 -29.38140
-29.88850 -29.37930
-29.89380 -29.42750
-29.96120 -29.46220
-29.92210 -29.44180
-29.90560 -29.44340
-29.80090 -29.41440
-29.89480 -29.43740
-30.09790 -29.62340
-29.98120 -29.61340
-30.00690 -29.62620
-29.95130 -29.59500
-30.03330 -29.60590
-30.02500 -29.61740
-30.03480 -29.62040
-30.02440 -29.62400
-30.20990 -29.67110
-30.30430 -29.72950
-30.29480 -29.73260
-30.23800 -29.70980
-30.16370 -29.68060
-31.76170 -30.37850
-31.73620 -30.53430
-31.84850 -30.54110
-31.85280 -30.52050
-31.79550 -30.58290
-31.68640 -30.58020
-31.63040 -30.62570
-31.57600 -30.56790
-31.62040 -30.58990
-31.70230 -30.59800
-31.75230 -30.65150
-31.75280 -30.67610
-31.74320 -30.67340
-31.93700 -30.68940
-31.77510 -30.66710
-31.81740 -30.65970
-31.66370 -30.66350
-31.72160 -30.61670
-31.74600 -30.60350
-31.73420 -30.55510
-31.76790 -30.60050
-31.93640 -30.62080
-32.03970 -30.63440
-32.00050 -30.62670
-31.96950 -30.62950
-31.94320 -30.64500
-32.01180 -30.71430
-32.08210 -30.80030
-32.00990 -30.86340
-31.90470 -30.85200
-32.01530 -30.86890
-31.99070 -30.85450
-31.94540 -30.84240
-31.92810 -30.84250
-31.90660 -30.83310
-31.85950 -30.82280
-31.86930 -30.82480
-31.93530 -30.82460
-32.04630 -30.83020
-32.05790 -30.83170
-32.00150 -30.80460
-31.98930 -30.81120
-32.03500 -30.81080
-32.06440 -30.92800
-32.30200 -31.00000
-32.35980 -31.02960
-32.42560 -31.03780
-32.44390 -31.08100
-32.38610 -31.10290
-32.31070 -31.08210
-32.22950 -31.05560
-32.32420 -31.08470
-32.30340 -31.07920
-32.20380 -31.17820
-32.21210 -31.16900
-32.38250 -31.19480
-32.23490 -31.19390
-32.23690 -31.14280
-32.23450 -31.16230
-32.68020 -31.35980
-32.56590 -31.33420
-32.70050 -31.35160
-32.74260 -31.37120
-32.65100 -31.37460
-32.93250 -31.56330
-32.97830 -31.58390
-32.90590 -31.57140
-33.01980 -31.57180
-33.01880 -31.59830
-33.06720 -31.63090
-33.05630 -31.61900
-33.07940 -31.69390
-33.07340 -31.69810
-32.79790 -31.67310
-32.75840 -31.66490
-32.66020 -31.58390
-32.63950 -31.50090
-32.54270 -31.47840
-32.43790 -31.47370
-32.43890 -31.47310
-32.34040 -31.34930
-32.33270 -31.32310
-32.44040 -31.30750
-32.62940 -31.38490
-32.52400 -31.34550
-32.59580 -31.33510
-32.60450 -31.33410
-32.64870 -31.33070
-32.70580 -31.33610
-32.49300 -31.30410
-32.31770 -31.30420
-32.19450 -31.30820
-32.20070 -31.30750
-32.07530 -31.23040
-31.95540 -31.08010
-31.91450 -31.00230
-31.86280 -31.01450
-31.58470 -30.82130
-31.39810 -30.74880
-30.60230 -29.81660
-30.60060 -29.47380
-30.59740 -29.39970
-30.58170 -29.43330
-30.58080 -29.45280
-30.58990 -29.43130
-30.58340 -29.43590
-30.52060 -29.35510
-30.48110 -29.30100
-30.55480 -29.25570
-30.56970 -29.22680
-30.66440 -29.29840
-30.65540 -29.36960
-30.65300 -29.38810
-30.75330 -29.42470
-30.85530 -29.50470
-30.89530 -29.53280
-30.92240 -29.51570
-30.87320 -29.53730
-30.85500 -29.54200
-30.91950 -29.51980
-30.99520 -29.61830
-30.94850 -29.63250
-31.08880 -29.67500
-31.02390 -29.65760
-30.99600 -29.61830
-31.00530 -29.61680
-31.00340 -29.59610
-30.94000 -29.58030
-30.93820 -29.57420
-30.95560 -29.60440
-30.81900 -29.57680
-30.79110 -29.51230
-30.81250 -29.45370
-30.81760 -29.45310
-30.81430 -29.42100
-30.75610 -29.40640
-30.69300 -29.32700
-30.65280 -29.31960
-30.74930 -29.32600
-30.85590 -29.34790
-30.82000 -29.37650
-30.76310 -29.31400
-30.76520 -29.27010
-30.74710 -29.22160
-30.70740 -29.17710
-30.71990 -29.17540
-30.74640 -29.19030
-30.79590 -29.18220
-30.70400 -29.16350
-30.66590 -29.13710
-30.63980 -29.10350
-30.72740 -29.24160
-25.80990 -25.86500
-26.10310 -25.88290
-26.16140 -25.87520
-26.03570 -25.85900
-25.94310 -25.84210
-26.01990 -25.85860
-25.88590 -25.87880
-25.91160 -25.88460
-25.87050 -25.79920
-25.77340 -25.77290
-25.84340 -25.78000
-25.90610 -25.76710
-25.90260 -25.75290
-25.88210 -25.75040
-25.92900 -25.71580
-25.94690 -25.71630
-25.87870 -25.72150
-25.85450 -25.74920
-25.90640 -25.76380
-25.97900 -25.71940
-25.85020 -25.81200
-25.81430 -25.78670
-25.90840 -25.76330
-25.88140 -25.69680
-25.78600 -25.69870
-25.79650 -25.62850
-25.77930 -25.62720
-25.82460 -25.63170
-25.71630 -25.66160
-25.66270 -25.67130
-25.63820 -25.61560
-25.65680 -25.58240
-25.62320 -25.56170
-25.58870 -25.50290
-25.52540 -25.46950
-25.47060 -25.44650
-25.43010 -25.38370
-25.49210 -25.37050
-25.54870 -25.32730
-25.57000 -25.32260
-25.61670 -25.47150
-25.61620 -25.45920
-25.60820 -25.41580
-25.56270 -25.33700
-25.63630 -25.30910
-25.66940 -25.31690
-25.66030 -25.30590
-25.62310 -25.32770
-25.64310 -25.35360
-25.73130 -25.35360
-25.71690 -25.37110
-25.70480 -25.40070
-25.73350 -25.42020
-25.69370 -25.39470
-25.56310 -25.40150
-25.49770 -25.38260
-25.39620 -25.47400
-25.37650 -25.38920
-25.50890 -25.46300
-25.50900 -25.47320
-25.46600 -25.43480
-25.47150 -25.46580
-25.51680 -25.46870
-25.46520 -25.38930
-25.40980 -25.41000
-25.46960 -25.41860
-25.50850 -25.42240
-25.61820 -25.59740
-25.58870 -25.60870
-25.51690 -25.56110
-25.57460 -25.58400
-25.63140 -25.56670
-25.61660 -25.53380
-25.61170 -25.54530
-25.61280 -25.51900
-25.67490 -25.57060
-25.62340 -25.60370
-25.58390 -25.59510
-25.64450 -25.58860
-25.65410 -25.59560
-25.68490 -25.57110
-25.71950 -25.66580
-25.73420 -25.72100
-25.72610 -25.70130
-25.77830 -25.72230
-25.86170 -25.73910
-25.79990 -25.70600
-25.74560 -25.71210
-25.71040 -25.68140
-25.68790 -25.67760
-25.65340 -25.74630
-25.70430 -25.73070
-25.79350 -25.75370
-25.74880 -25.75400
-25.75470 -25.77270
-25.64420 -25.62490
-25.65870 -25.68770
-25.66450 -25.66870
-25.62890 -25.61600
-25.69720 -25.60590
-25.62900 -25.64080
-25.63520 -25.60130
-25.67440 -25.60130
-25.64680 -25.60220
-25.81800 -25.68410
-25.90030 -25.68180
-25.92700 -25.74700
-25.97560 -25.78770
-25.90570 -25.74640
-25.90380 -25.67640
-25.86040 -25.66290
-25.76640 -25.65040
-25.68720 -25.63930
-25.92710 -25.65800
-25.97730 -25.65450
-25.97580 -25.67940
-25.98300 -25.68930
-25.96500 -25.67420
-25.95720 -25.65040
-26.02660 -25.66620
-26.01490 -25.67710
-26.00010 -25.71940
-25.81860 -25.63480
-25.86360 -25.61040
-25.77530 -25.64860
-25.81650 -25.64920
-25.79320 -25.63630
-25.75170 -25.59560
-25.84270 -25.62220
-25.79300 -25.59120
-25.79490 -25.61910
-25.93240 -25.61630
-25.89970 -25.62450
-25.96100 -25.61450
-25.94380 -25.59000
-25.95790 -25.57300
-25.92820 -25.54520
-26.00790 -25.56830
-25.97850 -25.55760
-25.98300 -25.57690
-25.96960 -25.58730
-26.04160 -25.56730
-26.18020 -25.72490
-26.21560 -25.69500
-26.15560 -25.69050
-26.17180 -25.70890
-26.33990 -25.77980
-26.43610 -25.75750
-26.46760 -25.77990
-26.58620 -25.87080
-26.48890 -25.87880
-26.46580 -25.87640
-26.44490 -25.86780
-26.53830 -25.87850
-26.54140 -25.85350
-26.56430 -25.82780
-26.59410 -25.84770
-26.69870 -25.85010
-26.63690 -25.91370
-26.68080 -25.90990
-26.60220 -25.91960
-26.56930 -25.88400
-26.47520 -25.57110
-26.36960 -25.58520
-26.38630 -25.51340
-26.33300 -25.46840
-26.26860 -25.43580
-26.40070 -25.49810
-26.18140 -25.42140
-26.17800 -25.38470
-26.12830 -25.37200
-26.06980 -25.38420
-25.94570 -25.23440
-26.02560 -25.25060
-26.03860 -25.24370
-25.91970 -25.26420
-25.86170 -25.28400
-25.92620 -25.30630
-25.93200 -25.29910
-25.85040 -25.29320
-25.75320 -25.05630
-25.74780 -25.05730
-25.78120 -25.07670
-25.83120 -25.09650
-25.87180 -25.06950
-25.96950 -25.08100
-26.08740 -25.10840
-26.14320 -25.14550
-26.16320 -25.26570
-26.06920 -25.25410
-25.98830 -25.17370
-26.06670 -25.16090
-26.01780 -25.12690
-26.11390 -25.14490
-26.17150 -25.14880
-26.13300 -25.15140
-26.14820 -25.18250
-26.07320 -25.18660
-26.05900 -25.21280
-26.11920 -25.24720
-26.10210 -25.25450
-26.10470 -25.26750
-26.13170 -25.26800
-26.20950 -25.28960
-26.99630 -26.37770
-26.87610 -26.32050
-26.91850 -26.33720
-26.85030 -26.34240
-26.79380 -26.33370
-26.67880 -26.33420
-26.57410 -26.32400
-26.76460 -26.33770
-26.64360 -26.29940
-26.69680 -26.27890
-26.67980 -26.28420
-26.64300 -26.26870
-26.72850 -26.27750
-26.81030 -26.35910
-26.72500 -26.33210
-26.69480 -26.26340
-26.70880 -26.24420
-26.60570 -26.17250
-26.54250 -26.13180
-26.51640 -26.12100
-26.58680 -26.13030
-26.63260 -26.19730
-26.62510 -26.22710
-26.80530 -26.23930
-26.84210 -26.23010
-26.84020 -26.27960
-26.84260 -26.29410
-26.80630 -26.29270
-26.82130 -26.33890
-26.97160 -26.36620
-26.95650 -26.36770
-26.89500 -26.35920
-26.93640 -26.38410
-26.92500 -26.40800
-26.96820 -26.40670
-26.86530 -26.38200
-26.84240 -26.34580
-26.86890 -26.33900
-26.82780 -26.34040
-26.91640 -26.35730
-27.00670 -26.38080
-27.02390 -26.42360
-26.97790 -26.44350
-26.98770 -26.46220
-27.00350 -26.44840
-27.10610 -26.46860
-27.21220 -26.49510
-27.22720 -26.53840
-27.04050 -26.31290
-26.97290 -26.29700
-26.98430 -26.28450
-26.98600 -26.29760
-26.96960 -26.26080
-26.99090 -26.25340
-26.92480 -26.23740
-26.81980 -26.20740
-26.78490 -26.18830
-26.78440 -26.16770
-26.62300 -25.97430
-26.63890 -25.99330
-26.56080 -25.98620
-26.57700 -26.00040
-26.56000 -25.94250
-26.54120 -25.93240
-26.63690 -25.98330
-26.59170 -25.97860
-26.73730 -26.03580
-26.78980 -26.05660
-26.84510 -26.04880
-27.02190 -26.32160
-26.99650 -26.35060
-27.13000 -26.38540
-27.11940 -26.42940
-27.02250 -26.40130
-27.05850 -26.43100
-26.92370 -26.36970
-26.91080 -26.33650
-26.91790 -26.30590
-27.00400 -26.32360
-27.25250 -26.41530
-27.18950 -26.45220
-27.08880 -26.42530
-27.10330 -26.45470
-27.15970 -26.46860
-27.23750 -26.48200
-27.04720 -26.42270
-27.11510 -26.42630
-27.13090 -26.44240
-27.14500 -26.46320
-27.08430 -26.46440
-27.10650 -26.46300
-27.05900 -26.46640
-27.37530 -26.54730
-27.36370 -26.54970
-27.27340 -26.53910
-27.17230 -26.51520
-25.91490 -26.02230
-25.91400 -26.02450
-25.95650 -26.00230
-25.92410 -25.97990
-26.00760 -26.02020
-26.00460 -26.02750
-25.88550 -26.00480
-25.91900 -25.32410
-25.88020 -25.28740
-25.74540 -25.21320
-25.75580 -25.22870
-25.81160 -25.24410
-25.85200 -25.27680
-25.83920 -25.28150
-25.82400 -25.27580
-25.80270 -25.26450
-25.87570 -25.29650
-25.85170 -25.26290
-25.84110 -25.24090
-26.02640 -25.36340
-25.93750 -25.37270
-26.01110 -25.36440
-25.94950 -25.32700
-25.99500 -25.31810
-26.12590 -25.39340
-26.09460 -25.43580
-26.05670 -25.46390
-26.12470 -25.46710
-26.18630 -25.48170
-26.12920 -25.48470
-26.15170 -25.50260
-26.21170 -25.48490
-26.23200 -25.47610
-26.21700 -25.50950
-26.15890 -25.56660
-26.24080 -25.57700
-26.25100 -25.58560
-26.40820 -25.62040
-26.31870 -25.58770
-26.27730 -25.60780
-26.33570 -25.59970
-26.40040 -25.60310
-26.38110 -25.63940
-26.36080 -25.65940
-26.33670 -25.66480
-26.29720 -25.65670
-26.33400 -25.65740
-26.44500 -25.68320
-26.44440 -25.72570
-26.46140 -25.70480
-26.34500 -25.75310
-26.36370 -25.67520
-26.34880 -25.69390
-26.27530 -25.55640
-26.30550 -25.56110
-26.33870 -25.55110
-26.31940 -25.52750
-26.47890 -25.62510
-26.45120 -25.65140
-26.45270 -25.67670
-26.51270 -25.67280
-26.58550 -25.74190
-26.71090 -25.88280
-26.70730 -25.90530
-26.78050 -26.02050
-26.81670 -26.05510
-26.86540 -26.10420
-26.79420 -26.09960
-26.84300 -26.11470
-26.99170 -26.14770
-26.95870 -26.17430
-26.98750 -26.19810
-26.89270 -26.16600
-26.66800 -26.11750
-26.67080 -26.09500
-26.76470 -26.10960
-26.75040 -26.08540
-26.81510 -26.11910
-26.72090 -26.09900
-26.63530 -26.10150
-26.56520 -26.03010
-26.66490 -25.99870
-26.64450 -25.97630
-26.72080 -25.98830
-26.73110 -25.98020
-26.83100 -25.98070
-26.78070 -25.99010
-26.80770 -25.99010
-26.86310 -26.01060
-26.52120 -25.93190
-26.48320 -25.87520
-26.42240 -25.83060
-26.38810 -25.76610
-26.35730 -25.74950
-26.26800 -25.71990
-26.19860 -25.71110
-26.86960 -25.90310
-26.84940 -25.90070
-26.81990 -25.90040
-26.85610 -25.89920
-26.80810 -25.88500
-26.83490 -25.83180
-26.92510 -25.89560
-27.00930 -25.90400
-26.96300 -25.93790
-26.95790 -25.92270
-27.05290 -25.98750
-27.17060 -26.01260
-27.10560 -26.03170
-27.12630 -25.99440
-27.14480 -25.99330
-27.11240 -26.00780
-27.10920 -25.97520
-27.11530 -25.96000
-27.04050 -25.94650
-26.96970 -25.93100
-26.94030 -25.92100
-26.87630 -25.91640
-26.86710 -25.91980
-26.77420 -25.81380
-26.83200 -25.78220
-26.94750 -25.84420
-27.02350 -25.88310
-26.94030 -25.88170
-26.90330 -25.84090
-27.00100 -25.84510
-26.95590 -25.90680
-26.91980 -25.90520
-26.83810 -25.78140
-26.94490 -25.76610
-26.97870 -25.81050
-27.00920 -25.85500
