0.10000 0.43071 0.00000 0.00000 0.10000 0.64286 0.04545 0.04386 1.00000 1.00000 0.01493 0.33333 0.33333 0.10100 0.00000 1.00000
0.00000 0.81964 0.15929 0.00000 0.10000 0.57143 0.09091 0.10667 1.00000 1.00000 0.08955 0.33333 0.33333 0.02150 0.01096 1.00000
0.00000 0.34227 0.01786 0.00000 0.10000 0.57143 0.09091 0.05263 1.00000 0.33333 0.00000 0.33333 0.33333 0.14000 0.01613 1.00000
0.10000 0.38880 0.05500 0.00000 0.10000 0.64286 0.04545 0.13158 1.00000 1.00000 0.07463 1.00000 0.33333 0.05000 0.00006 1.00000
0.10000 0.28178 0.20089 0.00000 0.10000 0.64286 0.04545 0.06000 1.00000 0.33333 0.00000 0.33333 1.00000 0.06000 0.00000 1.00000
0.10000 0.44817 0.14286 0.00000 0.10000 0.42857 0.04545 0.08772 1.00000 0.33333 0.00000 1.00000 0.33333 0.18000 0.00000 1.00000
0.10000 0.46340 0.03714 0.00000 0.10000 0.50000 0.09091 0.22807 1.00000 0.33333 0.00000 1.00000 0.33333 0.08200 0.61223 1.00000
0.00000 0.32020 0.41375 0.00000 0.10000 0.78571 0.04545 0.00140 1.00000 0.33333 0.00000 0.33333 0.33333 0.04000 0.02640 1.00000
0.10000 0.76027 0.01786 0.10000 0.20000 1.00000 0.09091 0.13895 1.00000 0.33333 0.00000 0.33333 0.33333 0.09000 0.00614 1.00000
0.10000 0.59374 0.17554 0.10000 0.20000 0.64286 0.04545 0.11105 1.00000 0.33333 0.00000 1.00000 0.33333 0.02600 0.02822 1.00000
0.10000 0.30847 0.02964 0.00000 0.10000 0.07143 0.09091 0.07596 0.33333 0.33333 0.00000 1.00000 0.33333 0.06400 0.00000 1.00000
0.10000 0.41799 0.06554 0.00000 0.10000 0.07143 0.09091 0.15211 1.00000 0.33333 0.00000 0.33333 0.33333 0.13000 0.00391 1.00000
0.00000 0.53437 0.21429 0.00000 0.10000 1.00000 0.04545 0.03509 1.00000 0.33333 0.00000 1.00000 0.33333 0.00000 0.00000 1.00000
0.10000 0.67170 0.21571 0.00000 0.10000 1.00000 0.04545 0.00140 0.33333 0.33333 0.00000 0.33333 0.33333 0.00000 0.05264 1.00000
0.00000 0.64026 0.37500 0.00000 0.10000 0.57143 0.04545 0.17544 1.00000 1.00000 0.10448 1.00000 0.33333 0.00000 0.00000 1.00000
0.10000 0.51229 0.15768 0.10000 0.20000 1.00000 0.04545 0.00877 1.00000 1.00000 0.14925 1.00000 0.33333 0.16000 0.00000 1.00000
0.10000 0.39466 0.03125 0.00000 0.10000 0.42857 0.04545 0.03368 1.00000 1.00000 0.04478 1.00000 0.33333 0.19800 0.00000 1.00000
0.00000 0.32481 0.20982 0.00000 0.10000 0.57143 0.04545 0.11123 1.00000 1.00000 0.14925 0.33333 0.33333 0.06000 0.00479 1.00000
0.10000 0.30497 0.00893 0.00000 0.10000 0.14286 0.09091 0.02333 1.00000 0.33333 0.00000 1.00000 0.33333 0.00000 0.00000 1.00000
0.00000 0.26781 0.30661 0.00000 0.10000 0.78571 0.09091 0.02632 1.00000 1.00000 0.10448 0.33333 0.33333 0.04800 0.00000 1.00000
0.10000 0.34926 0.40179 0.00000 0.10000 0.07143 0.04545 0.08772 1.00000 1.00000 0.25373 0.33333 0.33333 0.10000 0.02364 1.00000
0.10000 0.32481 0.03571 0.00000 0.10000 0.07143 0.04545 0.02930 1.00000 0.33333 0.00000 0.33333 1.00000 0.15000 0.00000 1.00000
0.00000 0.66709 0.28571 0.00000 0.10000 0.07143 0.04545 0.27632 1.00000 1.00000 0.08955 1.00000 0.33333 0.00000 0.02466 1.00000
0.00000 0.38307 0.51786 0.00000 0.10000 0.71429 0.09091 0.10825 1.00000 1.00000 0.01493 0.33333 0.33333 0.06000 0.00022 1.00000
0.00000 0.57516 0.23214 0.00000 0.10000 0.57143 0.04545 0.01754 1.00000 1.00000 0.04478 1.00000 0.33333 0.07250 0.00000 1.00000
0.00000 0.22115 0.02089 0.00000 0.10000 0.07143 0.09091 0.05263 1.00000 1.00000 0.02985 0.33333 0.33333 0.05000 0.00000 1.00000
0.00000 0.65661 0.46429 0.00000 0.10000 0.28571 0.50000 0.18123 1.00000 1.00000 0.13433 1.00000 0.33333 0.00000 0.00000 1.00000
0.10000 0.79044 0.66071 0.00000 0.10000 0.14286 0.50000 0.52632 1.00000 1.00000 0.25373 1.00000 0.33333 0.00000 0.00000 1.00000
0.10000 0.80218 0.30357 0.00000 0.10000 0.78571 0.09091 0.24561 1.00000 1.00000 0.04478 0.33333 0.33333 0.00000 0.00000 1.00000
0.10000 0.58787 0.03714 0.00000 0.10000 0.64286 0.04545 0.17544 1.00000 1.00000 0.08955 1.00000 0.33333 0.25000 0.19569 1.00000
0.10000 0.40863 0.52821 0.00000 0.10000 0.00000 0.04545 0.17684 1.00000 1.00000 0.07463 1.00000 0.33333 0.08400 0.00000 1.00000
0.10000 0.58676 0.34964 0.00000 0.10000 0.71429 0.09091 0.27930 1.00000 1.00000 0.11940 0.33333 0.33333 0.00000 0.00000 1.00000
0.10000 0.69153 0.27089 0.00000 0.10000 0.28571 0.50000 0.26614 1.00000 1.00000 0.22388 1.00000 0.33333 0.00000 0.09785 1.00000
0.00000 0.51341 0.18304 0.00000 0.10000 0.78571 0.04545 0.17544 1.00000 0.33333 0.00000 1.00000 0.33333 0.00000 0.07828 1.00000
0.00000 0.31545 0.38393 0.00000 0.10000 0.57143 0.04545 0.01456 1.00000 1.00000 0.07463 1.00000 0.33333 0.00000 0.01096 1.00000
0.10000 0.38880 0.05357 0.00000 0.10000 0.64286 0.04545 0.07018 1.00000 1.00000 0.16418 1.00000 0.33333 0.21700 0.00068 1.00000
0.10000 0.38069 0.05661 0.00000 0.10000 0.78571 0.09091 0.06439 1.00000 1.00000 0.17910 1.00000 0.33333 0.29150 0.01395 1.00000
0.00000 0.32132 0.41964 0.00000 0.10000 0.71429 0.09091 0.01754 1.00000 1.00000 0.02985 1.00000 0.33333 0.15000 0.01078 1.00000
0.10000 0.38768 0.02089 0.10000 0.20000 0.78571 0.04545 0.00877 1.00000 1.00000 0.02985 0.33333 0.33333 0.13000 0.00978 1.00000
0.10000 0.76250 0.33625 0.00000 0.10000 0.78571 0.50000 0.50579 1.00000 1.00000 0.16418 1.00000 0.33333 0.01500 0.00587 1.00000
0.10000 0.47737 0.32750 0.00000 0.10000 0.07143 0.04545 0.15789 1.00000 1.00000 0.17910 1.00000 0.33333 0.00000 0.00432 1.00000
0.10000 0.40402 0.53571 0.00000 0.10000 0.07143 0.09091 0.18719 1.00000 1.00000 0.16418 0.33333 0.33333 0.00000 0.04468 1.00000
0.10000 0.41450 0.05054 0.00000 0.10000 0.64286 0.09091 0.02632 1.00000 1.00000 0.01493 0.33333 0.33333 0.12000 0.00196 1.00000
0.10000 0.55295 0.49696 0.00000 0.10000 0.64286 0.04545 0.30263 1.00000 1.00000 0.08955 1.00000 0.33333 0.03500 0.00000 1.00000
0.10000 0.78821 1.00000 0.10000 0.20000 0.07143 0.04545 1.00000 1.00000 1.00000 0.59701 0.33333 0.33333 0.00000 0.00029 1.00000
0.10000 0.75901 0.24107 0.00000 0.10000 0.07143 0.09091 0.09211 1.00000 1.00000 0.16418 1.00000 0.33333 0.00000 0.00556 1.00000
0.00000 0.57279 0.07286 0.10000 0.20000 0.57143 0.09091 0.00439 1.00000 1.00000 0.34328 1.00000 0.33333 0.22750 0.02419 1.00000
0.10000 0.44593 0.15929 0.00000 0.10000 0.78571 0.09091 0.21193 1.00000 1.00000 0.04478 0.33333 0.33333 0.15550 0.00587 1.00000
0.10000 0.57977 0.05500 0.00000 0.10000 0.28571 0.50000 0.12281 0.33333 0.33333 0.00000 0.33333 0.33333 0.10800 0.00000 1.00000
0.10000 0.33417 0.02375 0.00000 0.10000 0.07143 0.04545 0.00579 0.33333 0.33333 0.00000 0.33333 0.33333 0.05000 0.00000 1.00000
0.00000 0.35974 0.01786 0.00000 0.10000 0.07143 0.09091 0.03070 1.00000 0.33333 0.00000 1.00000 0.33333 0.24550 0.00000 1.00000
0.10000 0.36323 0.03571 0.00000 0.10000 0.57143 0.04545 0.06140 1.00000 0.33333 0.00000 1.00000 0.33333 0.14000 0.00000 1.00000
0.10000 0.52277 0.07286 0.00000 0.10000 0.64286 0.04545 0.00140 1.00000 0.33333 0.00000 1.00000 0.33333 0.20000 0.11350 1.00000
0.10000 0.48785 0.08929 0.00000 0.10000 0.64286 0.04545 0.00000 1.00000 0.33333 0.00000 1.00000 0.33333 0.11950 0.00391 1.00000
0.10000 0.47849 0.10714 0.00000 0.10000 0.78571 0.09091 0.26018 1.00000 0.33333 0.00000 1.00000 0.33333 0.00000 0.00000 1.00000
0.10000 0.32593 0.41518 0.10000 0.20000 0.64286 0.04545 0.02930 1.00000 0.33333 0.00000 1.00000 0.33333 0.08000 0.00587 1.00000
0.10000 0.32369 0.00000 0.00000 0.10000 0.78571 0.04545 0.00298 1.00000 0.33333 0.00000 0.33333 0.33333 0.00000 0.00000 1.00000
0.10000 0.61931 0.01786 0.00000 0.10000 0.28571 0.09091 0.17544 1.00000 0.33333 0.00000 1.00000 0.33333 0.16000 0.00000 1.00000
0.10000 0.49134 0.16071 0.00000 0.10000 0.71429 0.09091 0.20175 0.33333 0.33333 0.00000 1.00000 1.00000 0.35550 0.00000 1.00000
0.10000 0.60422 0.10714 0.00000 0.10000 0.57143 0.09091 0.21053 1.00000 1.00000 0.16418 0.33333 0.33333 0.04000 0.00000 1.00000
0.10000 0.79282 0.43750 0.00000 0.10000 0.42857 0.04545 0.04386 1.00000 1.00000 0.05970 1.00000 0.33333 0.10000 0.00000 1.00000
0.10000 0.44244 0.57732 0.00000 0.10000 0.14286 0.04545 0.10526 1.00000 1.00000 0.13433 0.33333 0.33333 0.12500 0.01429 1.00000
0.00000 0.32719 0.02821 0.10000 0.20000 0.57143 0.04545 0.05263 1.00000 1.00000 0.02985 1.00000 0.33333 0.04000 0.00783 1.00000
0.00000 0.28528 0.02982 0.00000 0.10000 0.57143 0.04545 0.05561 1.00000 1.00000 0.01493 0.33333 0.33333 0.00000 0.00000 1.00000
0.10000 0.37259 0.15179 0.00000 0.10000 0.78571 0.04545 0.15053 1.00000 1.00000 0.01493 1.00000 0.33333 0.06000 0.00000 1.00000
0.10000 0.47737 0.05500 0.00000 0.10000 0.78571 0.04545 0.05404 1.00000 1.00000 0.01493 1.00000 0.33333 0.26000 0.97847 1.00000
0.00000 0.50293 0.03571 0.00000 0.10000 0.07143 0.04545 0.07018 1.00000 1.00000 0.16418 0.33333 0.33333 0.00000 0.00892 1.00000
0.10000 0.35624 0.01339 0.00000 0.10000 0.42857 0.04545 0.00877 1.00000 1.00000 0.04478 0.33333 0.33333 0.13000 0.29566 1.00000
0.10000 0.27130 0.23214 0.00000 0.10000 0.64286 0.09091 0.05123 1.00000 1.00000 0.10448 0.33333 0.33333 0.04000 0.05781 1.00000
0.10000 0.49134 0.89732 0.00000 0.10000 0.71429 0.09091 0.05702 1.00000 1.00000 0.01493 1.00000 0.33333 0.25750 0.00978 1.00000
0.10000 0.45166 0.26786 0.00000 0.10000 0.78571 0.50000 0.05561 1.00000 0.33333 0.00000 1.00000 1.00000 0.21000 0.00000 0.00000
0.10000 0.48659 0.14286 0.00000 0.10000 0.14286 0.50000 0.43860 1.00000 0.33333 0.00000 1.00000 0.33333 0.00500 0.00000 0.00000
0.00000 0.53898 0.17857 0.00000 0.10000 0.78571 0.04545 0.47368 1.00000 0.33333 0.00000 1.00000 0.33333 0.49000 0.00000 0.00000
0.10000 0.61819 0.01786 0.00000 0.10000 0.42857 0.04545 0.37719 1.00000 0.33333 0.00000 0.33333 1.00000 0.20000 0.00000 0.00000
0.10000 0.62629 0.25000 0.10000 0.20000 0.07143 0.04545 0.05702 0.33333 0.33333 0.00000 0.33333 0.33333 0.08000 0.00004 0.00000
0.10000 0.28877 0.18893 0.00000 0.10000 0.57143 0.04545 0.01316 1.00000 1.00000 0.01493 0.33333 0.33333 0.08000 0.00000 0.00000
0.10000 0.47611 0.23214 0.00000 0.10000 0.00000 0.04545 0.00439 1.00000 0.33333 0.00000 1.00000 0.33333 0.22150 0.00000 0.00000
0.00000 0.26781 0.02089 0.10000 0.20000 0.00000 0.04545 0.02053 1.00000 0.33333 0.00000 1.00000 0.33333 0.08000 0.00000 0.00000
0.10000 0.30274 0.04161 0.10000 0.20000 1.00000 0.04545 0.08772 1.00000 1.00000 0.01493 0.33333 0.33333 0.09000 0.00039 0.00000
0.10000 0.30036 0.34821 0.00000 0.10000 0.07143 0.04545 0.00877 1.00000 0.33333 0.00000 0.33333 0.33333 0.07000 0.00000 0.00000
0.10000 0.69265 0.67857 0.00000 0.10000 0.78571 0.50000 0.00000 1.00000 1.00000 0.01493 0.33333 0.33333 0.04700 0.00000 0.00000
0.00000 0.38656 0.05357 0.00000 0.10000 0.42857 0.04545 0.07018 1.00000 0.33333 0.00000 0.33333 1.00000 0.18400 0.00000 0.00000
0.10000 0.55644 0.01786 0.00000 0.10000 0.42857 0.04545 0.00877 1.00000 0.33333 0.00000 0.33333 1.00000 0.14400 0.00000 0.00000
0.00000 0.13970 0.12500 0.00000 0.10000 0.14286 0.04545 0.10526 1.00000 0.33333 0.00000 1.00000 0.33333 0.15000 0.00000 0.00000
0.10000 0.38069 0.02232 0.00000 0.10000 0.00000 0.04545 0.01596 1.00000 0.33333 0.00000 1.00000 0.33333 0.10000 0.00000 0.00000
0.10000 0.51928 0.14286 0.00000 0.10000 0.07143 0.50000 0.17544 1.00000 0.33333 0.00000 1.00000 1.00000 0.14000 0.00000 0.00000
0.10000 0.13970 0.01339 0.00000 0.10000 0.14286 0.04545 0.03070 1.00000 0.33333 0.00000 1.00000 1.00000 0.46400 0.00000 0.00000
0.10000 0.35862 0.07893 0.10000 0.20000 0.00000 0.04545 0.14035 1.00000 0.33333 0.00000 0.33333 0.33333 0.09400 0.00000 0.00000
0.10000 0.47499 0.16071 0.00000 0.10000 0.00000 0.04545 0.03509 1.00000 0.33333 0.00000 1.00000 0.33333 0.12000 0.00000 0.00000
0.00000 0.68455 0.05357 0.00000 0.10000 0.35714 0.22727 0.00000 1.00000 0.33333 0.00000 1.00000 0.33333 0.05000 0.00053 0.00000
0.10000 0.87315 0.45536 0.10000 0.20000 0.07143 0.09091 0.17544 1.00000 0.33333 0.00000 0.33333 0.33333 0.05600 0.00000 0.00000
0.10000 0.43895 0.55357 0.00000 0.10000 0.07143 0.04545 0.01754 1.00000 0.33333 0.00000 0.33333 0.33333 0.06000 0.00000 0.00000
0.10000 0.13970 0.17857 0.10000 0.20000 0.00000 0.04545 0.29825 1.00000 0.33333 0.00000 0.33333 0.33333 0.00000 0.00000 0.00000
0.10000 0.73107 0.04911 0.10000 0.20000 0.07143 0.09091 0.33193 1.00000 0.33333 0.00000 1.00000 0.33333 0.10000 0.00196 0.00000
0.10000 0.40165 0.05357 0.10000 0.20000 0.07143 0.04545 0.05263 1.00000 0.33333 0.00000 1.00000 0.33333 0.00000 0.00440 0.00000
0.00000 0.39927 0.12643 0.00000 0.10000 0.28571 0.50000 0.01754 1.00000 0.33333 0.00000 1.00000 0.33333 0.08550 0.00000 0.00000
0.10000 0.32132 0.02232 0.10000 0.20000 0.00000 0.04545 0.00439 1.00000 0.33333 0.00000 0.33333 0.33333 0.09000 0.00002 0.00000
0.10000 0.13970 0.01786 0.00000 0.10000 0.07143 0.50000 0.02930 1.00000 0.33333 0.00000 1.00000 1.00000 0.16000 0.00000 0.00000
0.00000 0.31433 0.39286 0.10000 0.20000 0.57143 0.04545 0.10526 1.00000 0.33333 0.00000 1.00000 0.33333 0.13400 0.00000 0.00000
0.00000 0.39816 0.03571 0.00000 0.10000 0.57143 0.04545 0.03509 1.00000 1.00000 0.02985 1.00000 0.33333 0.08350 0.00978 0.00000
0.10000 0.52389 0.06250 0.10000 0.20000 0.07143 0.50000 0.00877 1.00000 0.33333 0.00000 1.00000 0.33333 0.08200 0.00783 0.00000
0.10000 0.49246 0.58929 0.10000 0.20000 0.07143 0.04545 0.14035 1.00000 0.33333 0.00000 0.33333 0.33333 0.04000 0.00000 0.00000
0.10000 0.26083 0.17857 0.00000 0.10000 0.57143 0.04545 0.01316 1.00000 1.00000 0.02985 0.33333 0.33333 0.00000 0.00074 0.00000
0.10000 0.34926 0.42857 0.00000 0.10000 1.00000 0.04545 0.07895 1.00000 1.00000 0.02985 1.00000 0.33333 0.06000 0.00010 0.00000
0.10000 0.38880 0.14286 0.10000 0.20000 0.28571 0.09091 0.20175 1.00000 1.00000 0.02985 1.00000 0.33333 0.03750 0.00000 0.00000
0.10000 0.76600 0.55357 0.00000 0.10000 0.78571 0.27273 0.00000 1.00000 1.00000 0.29851 0.33333 0.33333 0.07600 0.00254 0.00000
0.10000 0.40165 0.04161 0.00000 0.10000 1.00000 0.04545 0.01754 1.00000 0.33333 0.00000 0.33333 1.00000 0.14000 0.00000 0.00000
0.00000 0.34926 0.39286 0.10000 0.20000 0.00000 0.04545 0.15789 1.00000 0.33333 0.00000 0.33333 0.33333 0.06000 0.00000 0.00000
0.10000 0.57167 0.08036 0.10000 0.20000 0.71429 0.09091 0.35088 1.00000 0.33333 0.00000 1.00000 0.33333 0.08800 0.00000 0.00000
0.00000 0.27592 0.02679 0.00000 0.10000 0.07143 0.04545 0.02789 1.00000 1.00000 0.07463 1.00000 0.33333 0.07000 0.00010 0.00000
0.10000 0.40752 0.12500 0.00000 0.10000 0.64286 0.04545 0.12281 1.00000 1.00000 0.04478 1.00000 0.33333 0.16450 0.00000 0.00000
0.00000 0.34227 0.03714 0.10000 0.20000 0.78571 0.50000 0.01754 1.00000 1.00000 0.04478 0.33333 0.33333 0.09000 0.00288 0.00000
0.10000 0.34339 0.44643 0.00000 0.10000 0.64286 0.04545 0.03070 1.00000 0.33333 0.00000 1.00000 0.33333 0.13000 0.00000 0.00000
0.00000 0.47150 0.02679 0.00000 0.10000 1.00000 0.50000 0.03509 1.00000 1.00000 0.04478 1.00000 0.33333 0.10600 0.00000 0.00000
0.10000 0.28877 0.04464 0.10000 0.20000 0.07143 0.09091 0.04825 1.00000 1.00000 0.04478 1.00000 0.33333 0.07000 0.00411 0.00000
0.00000 0.35513 0.04018 0.00000 0.10000 0.57143 0.04545 0.04526 1.00000 1.00000 0.02985 0.33333 0.33333 0.10000 0.00000 0.00000
0.10000 0.52738 0.25000 0.00000 0.10000 0.57143 0.09091 0.40351 1.00000 1.00000 0.10448 1.00000 0.33333 0.15000 0.00010 0.00000
0.10000 0.73345 0.23214 0.00000 0.10000 1.00000 0.04545 0.22070 1.00000 1.00000 0.22388 0.33333 0.33333 0.00000 0.21922 1.00000
0.10000 0.80791 0.25143 0.00000 0.10000 0.42857 0.04545 0.49123 1.00000 1.00000 0.08955 1.00000 0.33333 0.18000 0.02607 1.00000
0.00000 0.28989 0.36911 0.00000 0.10000 0.78571 0.09091 0.01175 1.00000 1.00000 0.01493 1.00000 0.33333 0.04000 0.00098 1.00000
0.10000 0.55770 0.22179 0.00000 0.10000 0.57143 0.04545 0.00140 1.00000 1.00000 0.01493 0.33333 0.33333 0.10000 0.00587 1.00000
0.10000 0.35862 0.44643 0.00000 0.10000 0.78571 0.04545 0.04246 1.00000 1.00000 1.00000 1.00000 0.33333 0.07000 0.00505 1.00000
0.00000 0.34577 0.44643 0.00000 0.10000 0.00000 0.04545 0.05263 1.00000 1.00000 0.17910 1.00000 0.33333 0.06000 0.01110 1.00000
0.00000 0.61707 0.23804 0.00000 0.10000 0.57143 0.04545 0.25877 1.00000 1.00000 0.04478 1.00000 0.33333 0.00000 0.00000 1.00000
0.00000 0.32830 0.32143 0.00000 0.10000 0.57143 0.04545 0.29825 1.00000 1.00000 0.07463 1.00000 0.33333 0.06000 0.00000 1.00000
0.10000 0.48785 0.17857 0.00000 0.10000 0.71429 0.09091 0.26316 1.00000 1.00000 0.08955 1.00000 0.33333 0.00000 0.01957 1.00000
0.10000 0.66597 0.08929 0.00000 0.10000 0.42857 0.50000 0.08772 1.00000 1.00000 0.17910 1.00000 0.33333 0.20500 0.04912 1.00000
0.10000 0.31783 0.39286 0.00000 0.10000 0.57143 0.04545 0.08772 1.00000 1.00000 0.10448 1.00000 0.33333 0.05000 0.01583 1.00000
0.10000 0.48086 0.15179 0.00000 0.10000 0.28571 0.50000 0.11404 1.00000 1.00000 0.02985 0.33333 0.33333 0.13700 0.01194 1.00000
0.00000 0.39704 0.12500 0.00000 0.10000 0.64286 0.04545 0.02930 1.00000 0.33333 0.00000 0.33333 1.00000 0.14000 0.00000 1.00000
0.10000 0.94649 0.19643 0.00000 0.10000 0.78571 0.27273 0.45614 1.00000 1.00000 0.01493 1.00000 0.33333 0.00000 0.00000 1.00000
0.10000 0.28528 0.06554 0.00000 0.10000 0.07143 0.04545 0.07895 1.00000 1.00000 0.01493 0.33333 0.33333 0.05000 0.00294 1.00000
0.00000 0.66248 0.28571 0.00000 0.10000 0.78571 0.50000 0.22807 1.00000 1.00000 0.08955 0.33333 0.33333 0.18750 1.00000 1.00000
0.10000 0.50643 0.17857 0.00000 0.10000 0.07143 0.50000 0.08772 1.00000 1.00000 0.08955 0.33333 0.33333 0.00000 0.00718 1.00000
0.10000 0.45641 0.19643 0.00000 0.10000 0.57143 0.09091 0.19298 1.00000 1.00000 0.17910 1.00000 0.33333 0.20400 0.01957 1.00000
0.10000 0.67868 0.23214 0.00000 0.10000 0.57143 0.09091 0.21053 1.00000 0.33333 0.00000 1.00000 0.33333 0.17500 0.00000 1.00000
0.10000 0.55770 0.01929 0.10000 0.20000 0.00000 0.04545 0.01754 1.00000 1.00000 0.04478 0.33333 0.33333 0.10000 0.01957 1.00000
0.10000 0.46913 0.09821 0.00000 0.10000 0.42857 0.04545 0.14912 1.00000 1.00000 0.08955 0.33333 0.33333 0.10200 0.00000 1.00000
0.00000 0.26306 0.33929 0.00000 0.10000 0.64286 0.04545 0.05702 1.00000 1.00000 0.08955 1.00000 0.33333 0.02000 0.01174 1.00000
0.00000 0.37608 0.48214 0.00000 0.10000 0.57143 0.09091 0.17544 1.00000 1.00000 0.02985 0.33333 0.33333 0.00000 0.09785 1.00000
0.00000 0.43657 0.13393 0.00000 0.10000 0.78571 0.09091 0.02193 1.00000 1.00000 0.13433 1.00000 0.33333 0.09050 0.00000 1.00000
0.00000 0.78933 0.57143 0.00000 0.10000 0.35714 0.50000 0.00000 1.00000 1.00000 0.22388 0.33333 0.33333 0.00000 0.00483 1.00000
0.10000 0.60073 0.01036 0.10000 0.20000 0.78571 0.09091 0.06140 1.00000 1.00000 0.11940 0.33333 0.33333 0.05000 0.00734 1.00000
0.10000 0.31196 0.39286 0.00000 0.10000 0.64286 0.04545 0.07018 1.00000 1.00000 0.01493 0.33333 0.33333 0.04000 0.00544 1.00000
0.10000 0.38069 0.05946 0.00000 0.10000 0.78571 0.09091 0.17842 1.00000 1.00000 0.13433 0.33333 0.33333 0.19950 0.01618 1.00000
0.10000 0.45865 0.08929 0.00000 0.10000 0.78571 0.09091 0.09649 1.00000 1.00000 0.08955 0.33333 0.33333 0.08000 0.04055 1.00000
0.10000 0.32481 0.05357 0.00000 0.10000 0.57143 0.04545 0.08333 1.00000 1.00000 0.04478 1.00000 0.33333 0.00000 0.01139 1.00000
0.00000 0.56343 0.26929 0.10000 0.20000 0.57143 0.09091 0.28070 1.00000 1.00000 0.20896 0.33333 0.33333 0.00000 0.04501 1.00000
0.00000 0.42610 0.23214 0.00000 0.10000 0.07143 0.50000 0.14035 1.00000 1.00000 0.10448 1.00000 0.33333 0.00000 0.05998 1.00000
0.00000 0.73806 0.53571 0.00000 0.10000 0.07143 0.04545 0.19298 1.00000 1.00000 0.20896 0.33333 0.33333 0.00000 0.04305 1.00000
0.00000 0.65200 0.01643 0.00000 0.10000 0.78571 0.09091 0.01456 1.00000 1.00000 0.16418 1.00000 0.33333 0.22000 0.00012 1.00000
0.00000 0.81489 0.35714 0.00000 0.10000 0.57143 0.04545 0.14035 1.00000 1.00000 0.20896 0.33333 0.33333 0.00000 0.03135 1.00000
0.10000 0.52151 0.23214 0.00000 0.10000 0.42857 0.09091 0.14912 1.00000 1.00000 0.17910 1.00000 0.33333 0.04650 0.00000 1.00000
0.10000 0.32244 0.08929 0.00000 0.10000 0.07143 0.04545 0.03807 1.00000 1.00000 0.16418 1.00000 0.33333 0.03000 0.04274 1.00000
0.10000 0.45753 0.05357 0.00000 0.10000 0.78571 0.09091 0.19298 1.00000 1.00000 0.04478 1.00000 0.33333 0.00000 0.00000 1.00000
0.00000 0.30274 0.41071 0.10000 0.20000 0.35714 0.22727 0.00000 1.00000 1.00000 0.16418 1.00000 0.33333 0.00000 0.00000 1.00000
0.00000 0.39816 0.10857 0.10000 0.20000 0.71429 0.09091 0.08912 1.00000 1.00000 0.01493 0.33333 0.33333 0.03500 0.00000 1.00000
0.00000 0.95935 0.53571 0.00000 0.10000 0.78571 0.27273 0.00000 1.00000 1.00000 0.20896 0.33333 0.33333 0.00000 0.06607 1.00000
0.10000 0.39117 0.07143 0.00000 0.10000 1.00000 0.09091 0.14614 1.00000 1.00000 0.02985 1.00000 0.33333 0.09050 0.00000 1.00000
0.10000 0.47611 0.00286 0.10000 0.20000 0.42857 0.50000 0.00140 1.00000 1.00000 0.01493 1.00000 0.33333 0.14000 0.03914 1.00000
0.10000 0.38656 0.07143 0.00000 0.10000 0.71429 0.09091 0.03509 1.00000 1.00000 0.05970 0.33333 0.33333 0.07000 0.14763 1.00000
0.10000 0.61470 0.07143 0.00000 0.10000 0.42857 0.04545 0.06140 1.00000 1.00000 0.02985 1.00000 0.33333 0.00000 0.00029 1.00000
0.10000 0.35038 0.06107 0.00000 0.10000 0.71429 0.04545 0.05842 1.00000 1.00000 0.01493 1.00000 0.33333 0.19750 0.00039 1.00000
0.10000 0.44705 0.06250 0.10000 0.20000 0.78571 0.09091 0.00140 1.00000 0.33333 0.00000 1.00000 0.33333 0.19650 0.00000 1.00000
0.00000 0.84633 0.58929 0.00000 0.10000 0.57143 0.04545 0.38596 1.00000 0.33333 0.00000 1.00000 0.33333 0.01050 0.20667 1.00000
0.00000 0.57041 0.35714 0.00000 0.10000 0.57143 0.09091 0.06140 1.00000 0.33333 0.00000 0.33333 0.33333 0.01450 0.01638 1.00000
0.10000 0.27005 0.33929 0.00000 0.10000 0.57143 0.04545 0.03509 1.00000 0.33333 0.00000 1.00000 0.33333 0.03000 0.00783 1.00000
0.00000 0.45166 0.01929 0.00000 0.10000 0.78571 0.04545 0.00140 1.00000 0.33333 0.00000 0.33333 0.33333 0.22000 0.21873 1.00000
0.10000 0.51229 0.11607 0.00000 0.10000 0.57143 0.09091 0.31579 1.00000 0.33333 0.00000 1.00000 0.33333 0.05100 0.01250 1.00000
0.10000 0.52389 0.04018 0.10000 0.20000 0.14286 0.04545 0.05263 0.33333 0.33333 0.00000 1.00000 0.33333 0.21550 0.00000 1.00000
0.00000 0.35038 0.09071 0.10000 0.20000 0.00000 0.04545 0.00877 1.00000 0.33333 0.00000 1.00000 0.33333 0.18500 0.00000 1.00000
0.10000 0.57740 0.00000 0.00000 0.10000 0.07143 0.50000 0.52632 1.00000 0.33333 0.00000 0.33333 0.33333 0.00000 0.00000 1.00000
0.10000 0.78234 0.44643 0.00000 0.10000 1.00000 0.09091 0.28070 1.00000 0.33333 0.00000 1.00000 0.33333 0.01200 0.03969 1.00000
0.00000 0.69614 0.48518 0.00000 0.10000 1.00000 0.09091 0.29825 1.00000 0.33333 0.00000 1.00000 0.33333 0.00000 0.00000 1.00000
0.10000 0.31671 0.37500 0.00000 0.10000 0.57143 0.09091 0.04684 1.00000 0.33333 0.00000 0.33333 0.33333 0.05000 0.00000 1.00000
0.10000 0.37720 0.05357 0.10000 0.20000 0.64286 0.04545 0.01316 1.00000 0.33333 0.00000 1.00000 0.33333 0.13000 0.02084 1.00000
0.10000 0.34926 0.44643 0.00000 0.10000 0.00000 0.04545 0.10526 1.00000 0.33333 0.00000 1.00000 1.00000 0.01000 0.00000 1.00000
0.00000 0.36435 0.30946 0.00000 0.10000 0.00000 0.04545 0.04965 1.00000 0.33333 0.00000 0.33333 0.33333 0.08000 0.00294 1.00000
0.00000 0.25733 0.33036 0.00000 0.10000 0.57143 0.04545 0.04246 1.00000 1.00000 0.05970 0.33333 0.33333 0.03000 0.01057 1.00000
0.10000 0.28178 0.29179 0.00000 0.10000 0.00000 0.04545 0.06877 1.00000 1.00000 0.20896 0.33333 0.33333 0.03000 0.00309 1.00000
0.10000 0.66597 0.01036 0.00000 0.10000 0.07143 0.50000 0.52632 1.00000 1.00000 0.29851 0.33333 0.33333 0.00000 0.29354 1.00000
0.00000 0.29687 0.08339 0.00000 0.10000 0.28571 0.50000 0.01754 1.00000 1.00000 0.05970 0.33333 1.00000 0.04000 0.00000 1.00000
0.00000 0.28877 0.10714 0.00000 0.10000 0.57143 0.04545 0.00579 1.00000 1.00000 0.04478 0.33333 0.33333 0.05000 0.00012 1.00000
0.00000 0.79743 0.69643 0.00000 0.10000 0.07143 0.04545 0.19298 1.00000 1.00000 0.10448 0.33333 0.33333 0.00000 0.05871 1.00000
0.00000 0.31322 0.20232 0.00000 0.10000 0.57143 0.04545 0.09070 1.00000 1.00000 0.10448 0.33333 0.33333 0.06450 0.06374 1.00000
0.10000 0.68106 0.30357 0.00000 0.10000 0.07143 0.09091 0.43860 1.00000 1.00000 0.13433 0.33333 0.33333 0.09050 0.03239 1.00000
0.10000 0.55882 0.23214 0.00000 0.10000 0.00000 0.50000 0.12281 1.00000 1.00000 0.01493 0.33333 0.33333 0.00000 0.00978 1.00000
0.10000 0.56692 0.17857 0.00000 0.10000 0.07143 0.04545 0.17544 1.00000 1.00000 0.10448 0.33333 0.33333 0.00000 0.05998 1.00000
0.00000 0.40053 0.03714 0.00000 0.10000 0.07143 0.04545 0.08772 1.00000 1.00000 0.07463 1.00000 0.33333 0.15000 0.02798 1.00000
0.00000 0.46214 0.16518 0.00000 0.10000 0.57143 0.09091 0.05702 1.00000 1.00000 0.02985 0.33333 0.33333 0.00000 0.00000 1.00000
0.10000 0.29799 0.37500 0.00000 0.10000 0.07143 0.04545 0.10526 1.00000 0.33333 0.00000 1.00000 0.33333 0.00000 0.00000 1.00000
0.10000 0.58676 0.00732 0.00000 0.10000 0.28571 0.09091 0.17982 1.00000 0.33333 0.00000 0.33333 0.33333 0.20000 0.00000 1.00000
0.10000 0.58326 0.03429 0.00000 0.10000 0.71429 0.04545 0.08772 1.00000 0.33333 0.00000 0.33333 0.33333 0.25500 0.01174 1.00000
0.10000 0.31671 0.05661 0.10000 0.20000 0.64286 0.04545 0.10825 1.00000 1.00000 0.08955 0.33333 0.33333 0.04000 0.00000 1.00000
0.10000 0.48198 0.14429 0.10000 0.20000 0.28571 0.50000 0.29825 1.00000 1.00000 0.10448 1.00000 0.33333 0.09750 0.00000 1.00000
0.10000 0.39466 0.18000 0.10000 0.20000 0.07143 0.50000 0.05263 1.00000 1.00000 0.11940 1.00000 0.33333 0.07200 0.00014 1.00000
0.10000 0.46340 0.11304 0.10000 0.20000 0.71429 0.04545 0.11105 1.00000 1.00000 0.04478 1.00000 0.33333 0.19000 0.00000 1.00000
0.10000 0.67295 0.27232 0.00000 0.10000 0.64286 0.09091 0.54386 1.00000 1.00000 0.17910 0.33333 0.33333 0.00000 0.01546 1.00000
0.10000 0.38530 0.07286 0.10000 0.20000 0.00000 0.04545 0.07018 1.00000 1.00000 0.04478 1.00000 0.33333 0.18500 0.01096 1.00000
0.10000 0.31545 0.35857 0.00000 0.10000 0.71429 0.04545 0.00140 1.00000 1.00000 0.13433 0.33333 0.33333 0.03000 0.00775 1.00000
0.00000 0.33641 0.01786 0.00000 0.10000 0.57143 0.09091 0.04386 1.00000 1.00000 0.01493 0.33333 0.33333 0.00000 0.01327 1.00000
0.00000 0.57740 0.03571 0.00000 0.10000 0.28571 0.50000 0.07895 1.00000 0.33333 0.00000 1.00000 0.33333 0.00000 0.00587 1.00000
0.10000 0.34688 0.09821 0.00000 0.10000 0.07143 0.04545 0.07895 1.00000 1.00000 0.08955 0.33333 0.33333 0.00500 0.01174 1.00000
0.00000 0.28989 0.36607 0.00000 0.10000 0.57143 0.04545 0.02491 1.00000 1.00000 0.02985 1.00000 0.33333 0.02450 0.00000 1.00000
0.10000 0.50754 0.07589 0.10000 0.20000 0.64286 0.04545 0.00298 1.00000 1.00000 0.01493 0.33333 0.33333 0.02500 0.02323 1.00000
0.00000 0.49483 0.42857 0.00000 0.10000 0.57143 0.09091 0.49123 1.00000 1.00000 0.11940 0.33333 0.33333 0.00000 0.12896 1.00000
0.00000 1.00000 0.00000 1.00000 1.00000 0.71429 0.45455 0.00000 0.33333 0.33333 0.00000 0.33333 0.66667 0.00500 0.00000 1.00000
0.10000 0.40053 0.33339 0.00000 0.10000 0.57143 0.09091 0.19877 1.00000 1.00000 0.08955 0.33333 0.33333 0.19050 0.00329 1.00000
0.10000 0.49134 0.08929 0.00000 0.10000 1.00000 0.04545 0.15789 1.00000 1.00000 0.10448 0.33333 0.33333 0.07500 0.02485 1.00000
0.10000 0.55183 0.15179 0.00000 0.10000 0.07143 0.50000 0.22807 1.00000 1.00000 0.23881 0.33333 0.33333 0.05850 0.02368 1.00000
0.10000 0.54946 0.20982 0.00000 0.10000 0.78571 0.09091 0.35088 1.00000 1.00000 0.20896 1.00000 0.33333 0.19950 0.00000 1.00000
0.10000 0.33990 0.23661 0.10000 0.20000 0.14286 0.04545 0.19298 1.00000 0.33333 0.00000 1.00000 1.00000 0.05000 0.00000 1.00000
0.10000 0.83934 0.51786 0.00000 0.10000 0.78571 0.50000 0.63158 1.00000 1.00000 0.22388 1.00000 0.33333 0.00000 0.01957 1.00000
0.10000 0.32244 0.41071 0.00000 0.10000 0.28571 0.04545 0.12281 1.00000 1.00000 0.13433 0.33333 0.33333 0.02800 0.01452 1.00000
0.10000 0.37259 0.09679 0.10000 0.20000 0.78571 0.04545 0.18421 1.00000 1.00000 0.01493 0.33333 0.33333 0.10550 0.00000 1.00000
0.10000 0.67295 0.12500 0.00000 0.10000 0.00000 0.04545 0.12281 1.00000 0.33333 0.00000 0.33333 1.00000 0.11500 0.00000 1.00000
0.10000 0.57516 0.14429 0.00000 0.10000 0.78571 0.09091 0.24561 1.00000 1.00000 0.11940 0.33333 0.33333 0.16000 0.00000 1.00000
0.10000 0.78122 0.41071 0.00000 0.10000 0.78571 0.50000 0.17544 1.00000 1.00000 0.07463 0.33333 0.33333 0.00000 0.17321 1.00000
0.10000 0.75328 0.34375 0.00000 0.10000 0.78571 0.04545 0.30404 1.00000 1.00000 0.07463 0.33333 0.33333 0.00000 0.00000 1.00000
0.00000 0.26432 0.33036 0.10000 0.20000 0.07143 0.04545 0.03509 1.00000 1.00000 0.05970 1.00000 0.33333 0.04000 0.00978 1.00000
0.00000 0.69964 0.44786 0.00000 0.10000 0.00000 0.04545 0.08035 1.00000 1.00000 0.04478 1.00000 0.33333 0.07800 0.00000 1.00000
0.10000 0.91394 0.39286 0.00000 0.10000 0.78571 0.27273 0.70175 1.00000 1.00000 0.10448 1.00000 0.33333 0.01100 0.00000 1.00000
0.00000 0.24560 0.32143 0.00000 0.10000 0.00000 0.04545 0.04825 1.00000 0.33333 0.00000 1.00000 0.33333 0.00000 0.00000 1.00000
0.00000 0.26306 0.34071 0.00000 0.10000 0.00000 0.04545 0.00298 1.00000 0.33333 0.00000 0.33333 0.33333 0.05000 0.00000 1.00000
0.00000 0.52738 0.19643 0.00000 0.10000 0.57143 0.04545 0.00439 1.00000 0.33333 0.00000 1.00000 0.33333 0.11400 0.00000 1.00000
0.10000 0.32481 0.14286 0.00000 0.10000 0.07143 0.50000 0.00877 1.00000 0.33333 0.00000 1.00000 0.33333 0.08000 0.00000 1.00000
0.10000 0.25258 0.19643 0.00000 0.10000 1.00000 0.04545 0.01754 1.00000 0.33333 0.00000 0.33333 0.33333 0.04000 0.00000 1.00000
0.00000 0.31433 0.30214 0.10000 0.20000 0.71429 0.04545 0.08632 0.33333 0.33333 0.00000 0.33333 0.33333 0.08200 0.00000 1.00000
0.10000 0.27480 0.01339 0.00000 0.10000 0.57143 0.04545 0.07018 1.00000 1.00000 0.02985 1.00000 0.33333 0.04000 0.00000 1.00000
0.10000 0.30847 0.39286 0.00000 0.10000 0.78571 0.04545 0.02333 1.00000 0.33333 0.00000 0.33333 0.33333 0.05000 0.00000 1.00000
0.10000 0.35163 0.12500 0.00000 0.10000 0.78571 0.04545 0.02193 1.00000 1.00000 0.10448 0.33333 0.33333 0.00000 0.13814 1.00000
0.00000 0.66248 0.10714 0.00000 0.10000 0.71429 0.04545 0.48684 1.00000 1.00000 0.02985 1.00000 0.33333 0.25950 0.03335 1.00000
0.10000 0.46801 0.06250 0.00000 0.10000 0.71429 0.09091 0.15789 1.00000 1.00000 0.05970 1.00000 0.33333 0.12650 0.01677 1.00000
0.10000 0.38656 0.49107 0.00000 0.10000 0.64286 0.04545 0.20175 1.00000 0.33333 0.00000 1.00000 0.33333 0.24350 0.00978 1.00000
0.00000 0.81615 0.75000 0.00000 0.10000 0.28571 0.50000 0.35088 1.00000 1.00000 0.19403 0.33333 0.33333 0.00000 0.13112 1.00000
0.00000 0.28877 0.06554 0.00000 0.10000 0.57143 0.04545 0.07316 1.00000 1.00000 0.07463 0.33333 0.33333 0.11000 0.04898 1.00000
0.10000 0.36560 0.00893 0.00000 0.10000 0.28571 0.50000 0.00000 1.00000 0.33333 0.00000 1.00000 0.33333 0.00000 0.00000 1.00000
0.10000 0.29799 0.26786 0.00000 0.10000 0.00000 0.04545 0.04965 1.00000 1.00000 0.01493 0.33333 0.33333 0.04000 0.19178 1.00000
0.10000 0.59835 0.16518 0.00000 0.10000 0.57143 0.04545 0.16070 1.00000 0.33333 0.00000 0.33333 1.00000 0.00000 0.00000 1.00000
0.10000 0.53325 0.36161 0.00000 0.10000 0.71429 0.04545 0.08772 1.00000 1.00000 0.08955 0.33333 0.33333 0.26000 0.00384 1.00000
0.10000 0.28639 0.35714 0.10000 0.20000 0.07143 0.04545 0.08772 1.00000 0.33333 0.00000 0.33333 1.00000 0.02000 0.00000 1.00000
0.10000 0.67407 0.89589 0.00000 0.10000 0.64286 0.04545 0.06140 1.00000 1.00000 0.04478 0.33333 0.33333 0.06000 0.00027 1.00000
0.10000 0.39578 0.17857 0.00000 0.10000 0.64286 0.04545 0.38596 1.00000 0.33333 0.00000 1.00000 0.33333 0.03500 0.00000 1.00000
0.00000 0.26194 0.26786 0.00000 0.10000 0.57143 0.04545 0.09509 1.00000 1.00000 0.07463 0.33333 0.33333 0.00500 0.52301 1.00000
0.10000 0.25845 0.07143 0.00000 0.10000 0.28571 0.04545 0.05263 1.00000 1.00000 0.02985 0.33333 0.33333 0.06000 0.00587 1.00000
0.10000 0.46340 0.10857 0.10000 0.20000 0.07143 0.09091 0.07158 1.00000 1.00000 0.01493 1.00000 0.33333 0.09000 0.35278 1.00000
0.10000 0.62867 0.30357 0.00000 0.10000 0.78571 0.09091 0.49123 1.00000 1.00000 0.01493 1.00000 0.33333 0.04400 0.03914 1.00000
0.00000 0.27480 0.00750 0.00000 0.10000 0.57143 0.09091 0.01018 1.00000 1.00000 0.16418 0.33333 0.33333 0.04000 0.00194 1.00000
1.00000 0.34227 0.45536 0.00000 0.10000 0.07143 0.50000 0.16667 1.00000 1.00000 0.02985 0.33333 0.33333 0.03650 0.00869 1.00000
0.10000 0.30497 0.39286 0.00000 0.10000 0.71429 0.04545 0.01018 1.00000 1.00000 0.08955 0.33333 0.33333 0.06050 0.00000 1.00000
0.10000 0.56231 0.76786 0.00000 0.10000 0.78571 0.27273 0.70175 1.00000 1.00000 0.16418 0.33333 0.33333 0.00000 0.02348 1.00000
0.10000 0.57865 0.17857 0.00000 0.10000 0.57143 0.09091 0.17544 1.00000 1.00000 0.08955 1.00000 0.33333 0.23500 0.00000 1.00000
0.00000 0.24909 0.39286 0.00000 0.10000 0.71429 0.09091 0.03509 1.00000 1.00000 0.16418 0.33333 0.33333 0.00000 0.05871 1.00000
0.10000 0.32369 0.39732 0.00000 0.10000 0.71429 0.09091 0.01614 1.00000 1.00000 0.01493 0.33333 0.33333 0.05000 0.00000 1.00000
0.10000 0.13970 0.02232 0.00000 0.10000 1.00000 0.04545 0.00877 0.33333 0.33333 0.00000 0.33333 0.33333 0.19000 0.03933 0.00000
0.10000 0.25384 0.36607 0.00000 0.10000 0.07143 0.09091 0.03807 0.33333 0.33333 0.00000 0.33333 0.33333 0.16000 0.00025 0.00000
0.10000 0.27941 0.39446 0.00000 0.10000 0.07143 0.04545 0.07018 0.33333 0.33333 0.00000 1.00000 0.33333 0.06800 0.00000 0.00000
0.10000 0.27941 0.00000 0.00000 0.10000 0.14286 0.04545 0.01754 0.33333 0.33333 0.00000 0.33333 0.33333 0.07200 0.00000 0.00000
0.00000 0.28989 0.34071 0.00000 0.10000 0.28571 0.04545 0.00140 0.33333 0.33333 0.00000 0.33333 0.33333 0.10000 0.01957 0.00000
0.00000 0.34227 0.06250 0.10000 0.20000 0.07143 0.04545 0.00579 0.33333 0.33333 0.00000 0.33333 0.33333 0.06600 0.00000 0.00000
0.10000 0.45753 0.08339 0.00000 0.10000 0.14286 0.09091 0.20175 0.33333 0.33333 0.00000 1.00000 0.33333 0.14600 0.00000 0.00000
0.00000 0.72883 0.00000 0.10000 0.20000 0.78571 0.50000 0.00000 0.33333 0.33333 0.00000 0.33333 0.33333 0.00000 0.00000 0.00000
0.00000 0.67295 0.04768 0.00000 0.10000 0.28571 0.40909 0.01175 0.33333 0.33333 0.00000 0.33333 0.33333 0.00000 0.00235 0.00000
0.00000 0.28528 0.37500 0.10000 0.20000 0.71429 0.09091 0.00000 0.33333 0.33333 0.00000 1.00000 0.33333 0.07700 0.00063 0.00000
0.10000 0.70900 0.02089 0.00000 0.10000 0.78571 0.50000 0.00000 0.33333 0.33333 0.00000 0.33333 0.33333 0.07250 0.00000 0.00000
0.10000 0.23861 0.00304 0.10000 0.20000 0.07143 0.04545 0.00140 0.33333 0.33333 0.00000 0.33333 0.33333 0.07000 0.01413 0.00000
0.10000 0.25608 0.04321 0.10000 0.20000 0.78571 1.00000 0.00000 0.33333 0.33333 0.00000 0.33333 0.33333 0.05000 0.00000 0.00000
0.00000 0.44705 0.21429 0.00000 0.10000 0.14286 0.04545 0.04386 0.33333 0.33333 0.00000 0.33333 0.33333 0.13600 0.00000 0.00000
0.10000 0.83361 0.05500 0.00000 0.10000 0.57143 0.04545 0.00439 1.00000 0.33333 0.00000 1.00000 0.33333 0.13000 0.00000 1.00000
0.10000 0.25147 0.00589 0.00000 0.10000 0.57143 0.22727 0.00737 0.33333 0.33333 0.00000 0.33333 0.33333 0.10000 0.00078 1.00000
0.10000 0.52501 0.00000 1.00000 1.00000 0.71429 0.45455 0.00000 0.33333 0.33333 0.00000 0.33333 0.66667 0.00500 0.00000 1.00000
0.10000 0.45166 0.08929 0.00000 0.10000 0.07143 0.04545 0.04386 0.33333 0.33333 0.00000 1.00000 0.33333 0.14000 0.00000 0.00000
0.10000 0.25258 0.24107 0.10000 0.20000 0.42857 0.04545 0.00140 0.33333 0.33333 0.00000 0.33333 0.33333 0.07000 0.00000 0.00000
0.10000 0.53437 0.36161 0.10000 0.20000 1.00000 0.04545 0.00439 0.33333 0.33333 0.00000 0.33333 0.33333 0.08000 0.00000 0.00000
0.10000 0.42847 0.08929 0.00000 0.10000 0.78571 0.09091 0.07895 0.33333 0.33333 0.00000 1.00000 1.00000 0.17000 0.00000 0.00000
0.10000 0.25957 0.20393 0.00000 0.10000 0.14286 0.04545 0.01895 0.33333 0.33333 0.00000 0.33333 0.33333 0.06000 0.00000 0.00000
0.00000 0.26781 0.19339 0.00000 0.10000 0.28571 0.09091 0.01018 0.33333 0.33333 0.00000 0.33333 0.33333 0.04000 0.00947 0.00000
0.00000 0.25384 0.35714 0.10000 0.20000 0.57143 0.09091 0.00579 0.33333 0.33333 0.00000 0.33333 0.33333 0.17000 0.00000 0.00000
0.10000 0.34339 0.48214 0.10000 0.20000 0.78571 0.50000 0.00000 0.33333 0.33333 0.00000 0.33333 0.33333 0.00500 0.00000 0.00000
0.10000 0.22702 0.02982 0.00000 0.10000 0.42857 0.04545 0.00298 1.00000 0.33333 0.00000 0.33333 1.00000 0.10000 0.00000 0.00000
0.10000 0.29575 0.03125 0.10000 0.20000 0.07143 0.09091 0.00877 0.33333 0.33333 0.00000 0.33333 0.33333 0.14000 0.00399 0.00000
0.10000 0.33417 0.02089 0.10000 0.20000 0.78571 0.09091 0.00439 0.33333 0.33333 0.00000 0.33333 0.33333 0.12000 0.00002 0.00000
0.10000 0.24686 0.15929 0.00000 0.10000 0.07143 0.04545 0.00877 0.33333 0.33333 0.00000 0.33333 1.00000 0.04000 0.00000 0.00000
0.00000 0.23051 0.04464 0.00000 0.10000 0.57143 0.04545 0.00877 0.33333 1.00000 0.01493 0.33333 0.33333 0.05400 0.00192 0.00000
0.10000 0.32481 0.45089 0.00000 0.10000 0.07143 0.04545 0.00439 0.33333 1.00000 0.02985 0.33333 0.33333 0.00000 0.10865 0.00000
0.10000 0.24560 0.35714 0.00000 0.10000 0.64286 0.09091 0.00579 0.33333 1.00000 0.01493 0.33333 0.33333 0.06000 0.00002 0.00000
0.00000 0.13970 0.05357 0.00000 0.10000 0.78571 0.50000 0.00000 0.33333 1.00000 0.02985 1.00000 0.33333 0.10000 0.00205 0.00000
0.10000 0.41213 0.02071 0.00000 0.10000 0.64286 0.04545 0.01018 0.33333 1.00000 0.01493 0.33333 0.33333 0.17000 0.05485 0.00000
0.10000 0.26306 0.01482 0.10000 0.20000 0.07143 0.04545 0.00579 0.33333 1.00000 0.01493 0.33333 0.33333 0.10000 0.00002 0.00000
0.00000 0.30386 0.06250 0.10000 0.20000 0.35714 0.22727 0.00000 0.33333 0.33333 0.00000 0.33333 0.33333 0.08000 0.00000 0.00000
0.10000 0.32132 0.02679 0.00000 0.10000 0.42857 0.04545 0.01754 0.33333 0.33333 0.00000 1.00000 1.00000 0.16000 0.00000 0.00000
0.00000 0.25496 0.35714 0.00000 0.10000 0.64286 0.04545 0.03509 0.33333 1.00000 0.01493 0.33333 0.33333 0.06000 0.00002 0.00000
0.10000 0.35513 0.01929 0.00000 0.10000 0.64286 0.04545 0.00579 0.33333 1.00000 0.01493 0.33333 0.33333 0.13600 0.00869 0.00000
0.10000 0.49944 0.08625 0.00000 0.10000 0.64286 0.04545 0.00439 0.33333 1.00000 0.02985 0.33333 0.33333 0.11000 0.00002 0.00000
0.00000 0.22464 0.01196 0.00000 0.10000 0.78571 0.50000 0.00000 0.33333 1.00000 0.01493 0.33333 0.33333 0.08000 0.00247 0.00000
0.00000 0.44593 0.11161 0.00000 0.10000 0.78571 0.50000 0.10667 0.33333 1.00000 0.02985 1.00000 0.33333 0.10000 0.00008 0.00000
0.10000 0.96633 0.32143 0.00000 0.10000 0.78571 0.50000 0.14035 0.33333 1.00000 0.01493 0.33333 0.33333 0.03500 0.00012 0.00000
0.10000 0.45991 0.08929 0.00000 0.10000 0.00000 0.04545 0.06140 0.33333 1.00000 0.02985 1.00000 0.33333 0.36000 0.00000 0.00000
0.10000 0.22814 0.09821 0.00000 0.10000 0.00000 0.04545 0.02333 0.33333 1.00000 0.01493 0.33333 0.33333 0.04000 0.00041 0.00000
0.10000 0.30972 0.43304 0.00000 0.10000 0.07143 0.04545 0.11702 0.33333 1.00000 0.02985 1.00000 0.33333 0.09000 0.00339 0.00000
0.00000 0.80441 0.07143 0.00000 0.10000 0.78571 0.50000 0.22807 0.33333 1.00000 0.01493 0.33333 0.33333 0.00000 0.00020 0.00000
0.10000 0.25496 0.00589 0.00000 0.10000 0.14286 0.04545 0.00877 0.33333 0.33333 0.00000 1.00000 1.00000 0.14000 0.00000 0.00000
0.10000 0.32719 0.03571 0.00000 0.10000 0.07143 0.04545 0.01754 0.33333 0.33333 0.00000 1.00000 1.00000 0.14000 0.00000 0.00000
0.00000 0.22241 0.10268 0.00000 0.10000 0.57143 0.04545 0.00298 0.33333 0.33333 0.00000 0.33333 0.33333 0.06000 0.00000 0.00000
0.00000 0.34577 0.48804 0.00000 0.10000 0.57143 0.09091 0.05263 0.33333 0.33333 0.00000 0.33333 0.33333 0.14000 0.00002 0.00000
0.10000 0.68106 0.94054 0.10000 0.20000 0.78571 0.50000 0.00000 1.00000 0.33333 0.00000 1.00000 0.33333 0.00000 0.00000 0.00000
0.10000 0.32830 0.09821 0.00000 0.10000 0.78571 0.50000 0.15789 0.33333 0.33333 0.00000 0.33333 0.33333 0.08000 0.00049 0.00000
0.10000 0.25957 0.36750 0.00000 0.10000 0.78571 0.50000 0.01456 0.33333 0.33333 0.00000 0.33333 0.33333 0.04000 0.00000 0.00000
0.10000 0.38768 0.04607 0.00000 0.10000 1.00000 0.09091 0.00877 0.33333 0.33333 0.00000 1.00000 1.00000 0.07000 0.00000 0.00000
0.00000 0.44356 0.10714 0.10000 0.20000 0.35714 0.22727 0.00000 0.33333 0.33333 0.00000 0.33333 0.33333 0.08000 0.00039 0.00000
0.00000 0.34688 0.16071 0.00000 0.10000 0.64286 0.04545 0.03509 0.33333 0.33333 0.00000 1.00000 0.33333 0.18000 0.00012 0.00000
0.10000 0.26544 0.06250 0.10000 0.20000 0.07143 0.04545 0.08193 0.33333 0.33333 0.00000 1.00000 0.33333 0.05600 0.00012 0.00000
0.00000 0.22814 0.00750 0.00000 0.10000 0.00000 0.04545 0.00439 0.33333 0.33333 0.00000 0.33333 0.33333 0.10000 0.00002 0.00000
0.00000 0.25957 0.35714 0.00000 0.10000 0.14286 0.04545 0.01456 0.33333 0.33333 0.00000 0.33333 0.33333 0.04000 0.00082 0.00000
0.10000 0.22702 0.00000 0.10000 0.20000 0.00000 0.04545 0.00877 0.33333 0.33333 0.00000 0.33333 0.33333 0.03000 0.00000 0.00000
0.10000 0.32132 0.02679 0.00000 0.10000 0.42857 0.04545 0.01754 1.00000 0.33333 0.00000 1.00000 1.00000 0.16000 0.00000 0.00000
0.10000 0.29575 0.00893 0.10000 0.20000 0.07143 0.09091 0.00877 0.33333 0.33333 0.00000 0.33333 0.33333 0.14000 0.00399 0.00000
0.10000 0.26781 0.00000 0.10000 0.20000 0.42857 0.50000 0.00000 0.33333 0.33333 0.00000 1.00000 1.00000 0.25000 0.00002 1.00000
0.10000 0.51341 0.00446 0.10000 0.20000 0.07143 0.04545 0.05263 0.33333 0.33333 0.00000 1.00000 0.33333 0.11600 0.00221 1.00000
0.10000 0.29687 0.05357 0.00000 0.10000 0.64286 0.04545 0.05263 0.33333 0.33333 0.00000 0.33333 0.33333 0.07500 0.00016 1.00000
0.00000 0.47038 0.01339 0.00000 0.10000 0.78571 0.04545 0.01316 0.33333 0.33333 0.00000 0.33333 0.33333 0.15000 0.00086 1.00000
0.10000 0.67868 0.00732 0.10000 0.20000 1.00000 0.04545 0.00877 1.00000 1.00000 0.16418 0.33333 0.33333 0.19000 0.05346 1.00000
0.10000 0.47038 0.04464 0.00000 0.10000 0.64286 0.04545 0.04088 0.33333 0.33333 0.00000 0.33333 0.33333 0.06000 0.00000 0.00000
0.00000 0.41213 0.03875 0.10000 0.20000 0.71429 0.04545 0.03509 0.33333 0.33333 0.00000 0.33333 0.33333 0.14000 0.00025 0.00000
0.10000 0.42149 0.03875 0.10000 0.20000 0.07143 0.04545 0.00140 0.33333 0.33333 0.00000 0.33333 0.33333 0.08500 0.00350 0.00000
1.00000 0.57041 0.12500 0.00000 0.10000 0.28571 0.50000 0.01754 0.33333 0.33333 0.00000 0.33333 1.00000 0.58000 0.00000 0.00000
0.10000 0.48659 0.08929 0.10000 0.20000 0.64286 0.04545 0.10526 0.33333 0.33333 0.00000 0.33333 1.00000 0.10000 0.00000 0.00000
0.10000 0.13970 0.14286 0.10000 0.20000 0.28571 0.04545 0.00298 0.33333 0.33333 0.00000 1.00000 0.33333 0.20550 0.00000 0.00000
0.10000 0.28528 0.00000 1.00000 1.00000 0.71429 0.45455 0.00000 0.33333 0.33333 0.00000 0.33333 0.66667 0.00500 0.00000 0.00000
0.00000 0.46452 0.08929 0.10000 0.20000 0.07143 0.04545 0.08772 0.33333 0.33333 0.00000 1.00000 0.33333 0.00000 0.00004 0.00000
0.10000 0.47611 0.08929 0.00000 0.10000 0.07143 0.04545 0.03509 0.33333 0.33333 0.00000 0.33333 0.33333 0.23000 0.00031 0.00000
0.00000 0.35275 0.44643 0.00000 0.10000 0.14286 0.04545 0.03509 0.33333 0.33333 0.00000 1.00000 0.33333 0.09000 0.02078 0.00000
0.10000 0.48547 0.08929 0.00000 0.10000 0.78571 0.50000 0.01754 0.33333 0.33333 0.00000 0.33333 0.33333 0.17400 0.00000 0.00000
0.10000 0.38656 0.02679 0.00000 0.10000 0.57143 0.09091 0.00579 0.33333 0.33333 0.00000 1.00000 0.33333 0.11000 0.00491 0.00000
0.10000 0.66122 0.23214 0.00000 0.10000 0.07143 0.04545 0.03509 0.33333 0.33333 0.00000 1.00000 0.33333 0.00000 0.00446 0.00000
0.00000 0.48659 0.04464 0.10000 0.20000 0.28571 0.09091 0.01754 0.33333 0.33333 0.00000 1.00000 0.33333 0.08000 0.00000 0.00000
0.00000 0.46452 0.10714 0.10000 0.20000 0.00000 0.04545 0.07018 0.33333 0.33333 0.00000 0.33333 0.33333 0.09000 0.00000 0.00000
0.10000 0.39117 0.10714 0.00000 0.10000 0.64286 0.04545 0.02632 0.33333 0.33333 0.00000 1.00000 0.33333 0.15000 0.00131 0.00000
0.00000 0.54596 0.14286 0.00000 0.10000 0.07143 0.04545 0.10526 0.33333 0.33333 0.00000 0.33333 0.33333 0.24000 0.00000 0.00000
0.10000 0.59723 0.14589 0.00000 0.10000 0.00000 0.04545 0.00140 0.33333 0.33333 0.00000 0.33333 0.33333 0.05400 0.00196 0.00000
0.10000 0.37608 0.08036 0.00000 0.10000 0.28571 0.50000 0.01754 0.33333 0.33333 0.00000 1.00000 0.33333 0.32000 0.07828 0.00000
0.10000 0.47150 0.09821 0.00000 0.10000 0.28571 0.50000 0.00000 0.33333 0.33333 0.00000 0.33333 0.33333 0.09000 0.00000 0.00000
0.10000 0.54373 0.06250 0.00000 0.10000 1.00000 0.04545 0.01754 0.33333 0.33333 0.00000 1.00000 0.33333 0.15000 0.00004 0.00000
0.10000 0.87664 0.25000 0.00000 0.10000 0.78571 0.27273 0.00000 0.33333 0.33333 0.00000 0.33333 0.33333 0.00000 0.00023 0.00000
1.00000 0.45054 0.05357 0.00000 0.10000 0.07143 0.04545 0.00877 0.33333 0.33333 0.00000 1.00000 0.33333 0.18600 0.00239 0.00000
0.10000 0.37371 0.16071 0.10000 0.20000 0.07143 0.50000 0.08772 0.33333 0.33333 0.00000 0.33333 0.33333 0.10000 0.02368 0.00000
0.10000 0.88474 0.01929 0.00000 0.10000 0.07143 0.04545 0.02053 1.00000 1.00000 0.04478 1.00000 0.33333 0.09000 0.00000 0.00000
0.10000 0.38880 0.05357 0.00000 0.10000 0.64286 0.04545 0.07895 0.33333 1.00000 0.01493 1.00000 0.33333 0.05000 0.00006 0.00000
0.00000 0.36560 0.07143 0.00000 0.10000 0.35714 0.22727 0.00000 0.33333 0.33333 0.00000 1.00000 0.33333 0.13800 0.00002 0.00000
0.10000 0.30972 0.02089 0.10000 0.20000 0.78571 0.50000 0.00000 0.33333 0.33333 0.00000 0.33333 0.33333 0.05000 0.00000 0.00000
0.10000 0.31433 0.41071 0.10000 0.20000 0.42857 0.04545 0.05263 0.33333 0.33333 0.00000 1.00000 0.33333 0.00000 0.07828 0.00000
0.10000 0.42959 0.05661 0.00000 0.10000 0.14286 0.04545 0.02053 0.33333 0.33333 0.00000 1.00000 1.00000 0.00000 0.00000 0.00000
0.10000 0.51229 0.07143 0.00000 0.10000 0.28571 0.04545 0.00877 0.33333 0.33333 0.00000 1.00000 0.33333 0.11050 0.00000 0.00000
0.00000 0.22353 0.00589 0.00000 0.10000 0.00000 0.04545 0.03509 0.33333 1.00000 0.02985 1.00000 0.33333 0.16000 0.00002 0.00000
0.10000 0.57516 0.04768 0.00000 0.10000 0.14286 0.04545 0.00579 0.33333 0.33333 0.00000 0.33333 0.33333 0.08400 0.00000 0.00000
0.00000 0.27242 0.00589 0.00000 0.10000 0.57143 0.04545 0.00140 0.33333 0.33333 0.00000 1.00000 0.33333 0.19000 0.00000 0.00000
0.10000 0.45292 0.10714 0.00000 0.10000 0.14286 0.04545 0.00579 0.33333 0.33333 0.00000 1.00000 0.33333 0.06000 0.00000 0.00000
0.00000 0.51341 0.16821 0.00000 0.10000 0.78571 0.50000 0.00000 0.33333 0.33333 0.00000 0.33333 0.33333 0.08000 0.00000 0.00000
0.00000 0.42260 0.19643 0.00000 0.10000 1.00000 0.04545 0.19298 0.33333 0.33333 0.00000 1.00000 1.00000 0.05000 0.00000 0.00000
0.10000 0.32244 0.08929 0.00000 0.10000 0.78571 0.50000 0.00298 0.33333 0.33333 0.00000 1.00000 0.33333 0.05000 0.08235 0.00000
0.10000 0.37483 0.01929 0.00000 0.10000 1.00000 0.50000 0.00000 0.33333 0.33333 0.00000 0.33333 0.33333 0.05000 0.00000 0.00000
0.10000 0.23638 0.01196 0.10000 0.20000 1.00000 0.04545 0.01018 0.33333 0.33333 0.00000 0.33333 1.00000 0.10000 0.00000 0.00000
0.10000 0.34116 0.07143 0.00000 0.10000 0.78571 1.00000 0.00579 0.33333 1.00000 0.02985 0.33333 0.33333 0.16000 0.02544 0.00000
0.10000 0.59835 0.04464 0.00000 0.10000 0.42857 0.04545 0.48684 0.33333 1.00000 0.01493 1.00000 0.33333 0.17600 0.00219 0.00000
0.00000 0.31783 0.22018 0.00000 0.10000 0.00000 0.04545 0.00579 0.33333 0.33333 0.00000 0.33333 0.33333 0.11000 0.01957 0.00000
0.10000 0.55071 0.06107 0.10000 0.20000 0.42857 0.04545 0.00579 0.33333 0.33333 0.00000 0.33333 1.00000 0.20000 0.00000 0.00000
0.00000 0.32942 0.41071 0.10000 0.20000 1.00000 0.09091 0.10526 0.33333 0.33333 0.00000 1.00000 0.33333 0.01000 0.00031 0.00000
0.10000 0.29925 0.02679 0.10000 0.20000 0.50000 0.22727 0.02632 0.33333 0.33333 0.00000 1.00000 0.33333 0.06600 0.00004 0.00000
0.10000 0.46102 0.08929 0.10000 0.20000 0.64286 0.04545 0.24561 0.33333 0.33333 0.00000 1.00000 0.33333 0.14000 0.00000 0.00000
0.10000 0.36784 0.46429 0.00000 0.10000 0.78571 1.00000 0.00000 0.33333 0.33333 0.00000 1.00000 0.33333 0.07000 0.02172 0.00000
0.00000 0.62867 0.16375 0.00000 0.10000 1.00000 0.09091 0.03509 0.33333 0.33333 0.00000 1.00000 1.00000 0.12000 0.00000 0.00000
0.10000 0.36672 0.05500 0.00000 0.10000 0.64286 0.04545 0.00439 0.33333 0.33333 0.00000 0.33333 0.33333 0.05000 0.00000 0.00000
1.00000 0.39355 0.02089 0.00000 0.10000 0.00000 0.04545 0.00140 0.33333 0.33333 0.00000 0.33333 0.33333 0.13000 0.01965 0.00000
0.00000 0.29100 0.01786 0.10000 0.20000 0.78571 1.00000 0.03509 0.33333 0.33333 0.00000 0.33333 0.33333 0.13000 0.00000 0.00000
0.10000 0.40053 0.51786 0.00000 0.10000 0.14286 0.04545 0.00439 0.33333 0.33333 0.00000 0.33333 0.33333 0.00000 0.00560 0.00000
0.10000 0.28877 0.02982 0.10000 0.20000 0.07143 0.04545 0.07018 0.33333 0.33333 0.00000 1.00000 1.00000 0.12000 0.00000 0.00000
0.10000 0.48086 0.04768 0.00000 0.10000 0.28571 0.50000 0.00439 0.33333 0.33333 0.00000 1.00000 0.33333 0.22000 0.08806 0.00000
0.10000 0.46913 0.00893 0.00000 0.10000 0.28571 0.50000 0.14035 0.33333 0.33333 0.00000 1.00000 1.00000 0.21000 0.00000 0.00000
0.10000 0.60310 0.17857 0.00000 0.10000 0.28571 0.50000 0.07895 0.33333 0.33333 0.00000 1.00000 0.33333 0.07050 0.00000 0.00000
0.00000 0.31671 0.25000 0.00000 0.10000 0.07143 0.04545 0.00579 0.33333 0.33333 0.00000 0.33333 0.33333 0.08000 0.00000 0.00000
0.00000 0.33990 0.08929 0.10000 0.20000 0.28571 0.50000 0.15789 0.33333 0.33333 0.00000 0.33333 0.33333 0.10000 0.00892 0.00000
0.00000 0.79394 0.15179 0.10000 0.20000 0.78571 0.50000 0.17544 0.33333 0.33333 0.00000 1.00000 0.33333 0.00000 0.00008 0.00000
0.10000 0.30847 0.40929 0.00000 0.10000 1.00000 0.04545 0.05561 0.33333 0.33333 0.00000 1.00000 0.33333 0.05000 0.02372 0.00000
0.10000 0.47499 0.19643 0.10000 0.20000 0.07143 0.04545 0.05263 0.33333 0.33333 0.00000 1.00000 0.33333 0.03000 0.00000 0.00000
0.10000 0.31545 0.05357 0.10000 0.20000 0.00000 0.04545 0.01895 0.33333 0.33333 0.00000 1.00000 0.33333 0.06000 0.00131 0.00000
0.10000 0.29575 0.00000 0.00000 0.10000 0.07143 0.04545 0.01754 0.33333 0.33333 0.00000 1.00000 1.00000 0.00000 0.00000 0.00000
0.10000 0.37259 0.52089 0.00000 0.10000 0.28571 0.50000 0.00000 0.33333 0.33333 0.00000 1.00000 0.33333 0.08900 0.00000 0.00000
0.10000 0.32020 0.00607 0.00000 0.10000 0.42857 0.04545 0.00298 0.33333 0.33333 0.00000 0.33333 1.00000 0.00000 0.00000 0.00000
0.10000 0.21193 0.25000 0.00000 0.10000 0.78571 0.04545 0.03509 0.33333 0.33333 0.00000 0.33333 0.33333 0.30000 0.00000 0.00000
0.10000 0.55770 0.17857 0.00000 0.10000 0.28571 0.50000 0.00737 0.33333 0.33333 0.00000 0.33333 0.33333 0.27500 0.00000 0.00000
0.10000 0.38307 0.44643 0.00000 0.10000 0.00000 0.50000 0.00877 0.33333 0.33333 0.00000 1.00000 0.33333 0.36000 0.00000 0.00000
0.10000 0.34577 0.01929 0.00000 0.10000 0.42857 0.04545 0.03509 0.33333 0.33333 0.00000 1.00000 0.33333 0.06000 0.00002 0.00000
0.10000 0.57516 0.04464 0.10000 0.20000 0.64286 0.04545 0.00877 0.33333 0.33333 0.00000 0.33333 0.33333 0.00000 0.00382 0.00000
0.00000 0.46214 0.05804 0.00000 0.10000 0.14286 0.04545 0.01895 0.33333 0.33333 0.00000 1.00000 0.33333 0.00000 0.00000 0.00000
0.10000 0.41674 0.07286 0.10000 0.20000 0.71429 0.09091 0.00140 0.33333 0.33333 0.00000 0.33333 0.33333 0.06400 0.00002 0.00000
0.00000 0.32942 0.02089 0.10000 0.20000 0.78571 0.50000 0.00439 0.33333 0.33333 0.00000 0.33333 0.33333 0.06000 0.00170 0.00000
0.10000 0.36560 0.44643 0.10000 0.20000 1.00000 0.09091 0.04386 0.33333 0.33333 0.00000 1.00000 0.33333 0.00000 0.00033 0.00000
0.10000 0.43308 0.07446 0.00000 0.10000 0.07143 0.04545 0.00298 0.33333 0.33333 0.00000 0.33333 0.33333 0.15000 0.00000 0.00000
0.10000 0.28989 0.18161 0.10000 0.20000 0.35714 0.04545 0.01018 0.33333 0.33333 0.00000 0.33333 0.33333 0.07000 0.00360 0.00000
0.10000 0.40402 0.01339 0.00000 0.10000 0.07143 0.04545 0.01018 0.33333 0.33333 0.00000 0.33333 0.33333 0.11000 0.00274 0.00000
0.00000 0.72534 0.23214 0.00000 0.10000 0.28571 0.50000 0.10825 0.33333 0.33333 0.00000 1.00000 0.33333 0.03650 0.00000 0.00000
0.00000 0.31671 0.01196 0.00000 0.10000 0.57143 0.04545 0.02632 0.33333 0.33333 0.00000 0.33333 1.00000 0.08000 0.00000 0.00000
0.10000 0.47499 0.18161 0.10000 0.20000 0.28571 0.50000 0.03807 0.33333 0.33333 0.00000 1.00000 0.33333 0.24000 0.00000 0.00000
0.00000 0.97094 0.21429 0.00000 0.10000 0.78571 0.50000 0.00000 0.33333 0.33333 0.00000 0.33333 1.00000 0.00000 0.00000 0.00000
0.00000 0.56343 0.29018 0.10000 0.20000 1.00000 0.04545 0.00579 0.33333 1.00000 0.02985 0.33333 0.33333 0.00500 0.00035 0.00000
0.00000 0.27354 0.02375 0.10000 0.20000 0.07143 0.04545 0.03509 0.33333 1.00000 0.01493 0.33333 0.33333 1.00000 0.00004 0.00000
0.10000 0.22353 0.11161 0.00000 0.10000 0.64286 0.04545 0.00298 0.33333 1.00000 0.01493 0.33333 0.33333 0.00000 0.00012 0.00000
0.10000 0.23861 0.00893 0.00000 0.10000 0.57143 0.04545 0.01175 0.33333 1.00000 0.05970 0.33333 0.33333 0.08000 0.00016 0.00000
0.10000 0.43657 0.10125 0.00000 0.10000 0.78571 0.50000 0.00000 0.33333 1.00000 0.07463 0.33333 0.33333 0.08800 0.00286 0.00000
0.10000 0.35163 0.10714 0.00000 0.10000 0.07143 0.04545 0.04386 0.33333 1.00000 0.01493 0.33333 0.33333 0.00000 0.00043 0.00000
0.00000 0.31671 0.02821 0.00000 0.10000 0.28571 0.04545 0.00298 0.33333 0.33333 0.00000 0.33333 0.33333 0.07200 0.00000 0.00000
0.10000 0.56692 0.05357 0.00000 0.10000 0.28571 0.50000 0.00000 0.33333 0.33333 0.00000 0.33333 1.00000 0.15000 0.00000 0.00000
0.10000 0.31084 0.01643 0.00000 0.10000 1.00000 0.04545 0.00439 0.33333 0.33333 0.00000 1.00000 0.33333 0.14000 0.00108 0.00000
0.00000 0.31084 0.04464 0.10000 0.20000 0.78571 0.50000 0.11404 0.33333 0.33333 0.00000 0.33333 0.33333 0.14000 0.00000 0.00000
0.10000 0.31433 0.00446 0.10000 0.20000 1.00000 0.04545 0.00439 0.33333 0.33333 0.00000 0.33333 0.33333 0.10000 0.00137 0.00000
0.10000 0.32942 0.06393 0.00000 0.10000 0.07143 0.04545 0.01895 0.33333 0.33333 0.00000 1.00000 0.33333 0.06800 0.00002 0.00000
0.10000 0.53674 0.02518 0.00000 0.10000 0.07143 0.04545 0.01316 0.33333 1.00000 0.02985 0.33333 0.33333 0.11250 0.00978 0.00000
0.00000 0.37133 0.09071 0.10000 0.20000 0.78571 0.50000 0.00000 0.33333 0.33333 0.00000 1.00000 0.33333 0.09000 0.00117 0.00000
0.10000 0.48896 0.08929 0.00000 0.10000 0.28571 0.04545 0.03509 0.33333 0.33333 0.00000 1.00000 0.33333 0.10500 0.00000 0.00000
0.10000 0.28528 0.03875 0.00000 0.10000 0.57143 0.04545 0.05263 0.33333 0.33333 0.00000 0.33333 0.33333 0.05400 0.00014 0.00000
0.10000 0.41101 0.04464 0.00000 0.10000 0.64286 0.04545 0.06140 0.33333 0.33333 0.00000 0.33333 0.33333 0.10000 0.00000 0.00000
0.10000 0.36560 0.02982 0.00000 0.10000 0.78571 0.04545 0.04088 0.33333 0.33333 0.00000 0.33333 0.33333 0.05000 0.00000 0.00000
0.10000 0.47038 0.07732 0.00000 0.10000 0.07143 0.04545 0.05263 0.33333 0.33333 0.00000 0.33333 0.66667 0.06000 0.00000 0.00000
0.10000 0.34339 0.04464 0.00000 0.10000 0.07143 0.04545 0.00877 0.33333 0.33333 0.00000 0.33333 0.33333 0.05500 0.00000 0.00000
0.00000 0.38656 0.07286 0.00000 0.10000 0.64286 0.04545 0.00877 0.33333 0.33333 0.00000 1.00000 0.33333 0.09000 0.00098 0.00000
0.10000 0.52389 0.02982 0.00000 0.10000 0.78571 0.04545 0.00140 0.33333 0.33333 0.00000 0.33333 0.33333 0.06000 0.00010 0.00000
0.10000 0.68692 0.08179 0.00000 0.10000 0.78571 0.50000 0.01018 0.33333 0.33333 0.00000 0.33333 0.33333 0.10000 0.00006 0.00000
0.10000 0.46913 0.01196 0.10000 0.20000 0.78571 0.04545 0.00298 0.33333 0.33333 0.00000 0.33333 0.33333 0.09000 0.00000 0.00000
0.10000 0.72408 0.10714 0.10000 0.20000 0.78571 0.50000 0.05263 0.33333 0.33333 0.00000 0.33333 0.33333 0.09000 0.00008 0.00000
0.10000 0.32020 0.11304 0.10000 0.20000 0.07143 0.04545 0.00579 0.33333 0.33333 0.00000 0.33333 0.33333 0.08000 0.02070 0.00000
0.10000 0.30497 0.05500 0.00000 0.10000 1.00000 0.04545 0.00298 0.33333 0.33333 0.00000 1.00000 0.33333 0.17800 0.00000 0.00000
0.10000 0.35275 0.03571 0.00000 0.10000 0.00000 0.04545 0.01754 0.33333 0.33333 0.00000 0.33333 0.33333 0.10000 0.00000 0.00000
0.10000 0.81839 0.09679 0.00000 0.10000 0.07143 0.04545 0.08474 0.33333 0.33333 0.00000 1.00000 0.33333 0.16000 0.00000 0.00000
0.10000 0.26544 0.00000 0.10000 0.20000 0.78571 0.50000 0.00000 0.33333 1.00000 0.05970 0.33333 0.33333 0.02250 0.00002 0.00000
0.10000 0.27354 0.02089 0.00000 0.10000 0.78571 0.50000 0.00000 0.33333 1.00000 0.04478 0.33333 0.33333 0.17500 0.01505 0.00000
0.00000 0.74504 0.00589 0.00000 0.10000 0.78571 0.50000 0.00000 0.33333 0.33333 0.00000 1.00000 1.00000 0.03100 0.00053 0.00000
0.00000 0.37958 0.04464 0.00000 0.10000 0.78571 0.50000 0.00000 0.33333 1.00000 0.01493 0.33333 0.33333 0.04600 0.00587 0.00000
0.10000 0.36211 0.03125 0.00000 0.10000 1.00000 0.04545 0.01316 0.33333 1.00000 0.02985 1.00000 0.33333 0.08700 0.00006 0.00000
0.10000 0.32244 0.00000 0.00000 0.10000 1.00000 0.04545 0.03509 0.33333 1.00000 0.16418 0.33333 1.00000 0.00000 0.00000 0.00000
0.10000 0.55295 0.17857 0.00000 0.10000 0.78571 0.50000 0.00000 0.33333 1.00000 0.02985 0.33333 0.33333 0.00850 0.00002 0.00000
0.10000 0.42721 0.09679 0.10000 0.20000 0.42857 0.04545 0.00439 0.33333 0.33333 0.00000 1.00000 1.00000 0.04000 0.00000 0.00000
0.10000 0.24099 0.10714 0.00000 0.10000 1.00000 0.04545 0.00140 0.33333 0.33333 0.00000 1.00000 0.33333 0.08000 0.00078 0.00000
0.00000 0.24686 0.00000 0.10000 0.20000 0.35714 0.50000 0.00000 0.33333 0.33333 0.00000 0.33333 0.33333 0.04300 0.00000 0.00000
0.00000 0.13970 0.40179 0.00000 0.10000 0.78571 0.50000 0.00000 0.33333 0.33333 0.00000 0.33333 0.33333 0.00500 0.10176 0.00000
0.10000 0.23051 0.00446 0.00000 0.10000 0.07143 0.04545 0.00579 0.33333 0.33333 0.00000 0.33333 0.33333 0.06600 0.00000 0.00000
0.00000 0.38181 0.05946 0.00000 0.10000 0.78571 0.50000 0.00000 0.33333 0.33333 0.00000 0.33333 0.33333 0.17000 0.00002 0.00000
0.10000 0.43657 0.04018 0.00000 0.10000 0.78571 0.50000 0.00000 0.33333 1.00000 0.01493 0.33333 0.33333 0.04800 0.00037 0.00000
0.10000 0.27941 0.25000 0.00000 0.10000 0.07143 0.04545 0.01754 0.33333 0.33333 0.00000 0.33333 0.33333 0.00000 0.00000 0.00000
0.10000 0.13970 0.10714 0.10000 0.20000 0.28571 0.50000 0.24561 0.33333 0.33333 0.00000 0.33333 0.33333 0.00000 0.00002 0.00000
0.10000 0.55183 0.05804 0.00000 0.10000 0.07143 0.04545 0.05263 0.33333 0.33333 0.00000 0.33333 0.33333 0.00000 0.00618 0.00000
0.10000 0.50992 0.15179 0.00000 0.10000 0.57143 0.04545 0.12281 0.33333 0.33333 0.00000 0.33333 0.33333 0.22700 0.00098 0.00000
1.00000 0.41562 0.02375 0.00000 0.10000 0.64286 0.04545 0.00877 0.33333 0.33333 0.00000 1.00000 0.33333 0.15000 0.00000 0.00000
0.10000 0.73233 0.05357 0.00000 0.10000 0.14286 0.04545 0.13158 0.33333 0.33333 0.00000 1.00000 0.33333 0.00000 0.00685 0.00000
0.10000 0.50531 0.64732 0.00000 0.10000 0.64286 0.04545 0.00298 0.33333 0.33333 0.00000 0.33333 0.33333 0.16000 0.06951 0.00000
0.10000 0.48310 0.00000 1.00000 1.00000 0.71429 0.45455 0.00000 0.33333 0.33333 0.00000 0.33333 0.66667 0.00500 0.00000 0.00000
0.10000 0.41450 0.02679 0.10000 0.20000 0.07143 0.04545 0.00140 0.33333 0.33333 0.00000 0.33333 0.33333 0.12000 0.00000 0.00000
0.10000 0.50531 0.19643 0.00000 0.10000 0.28571 0.50000 0.17544 0.33333 0.33333 0.00000 0.33333 0.33333 0.10500 0.01344 0.00000
0.10000 0.35862 0.01036 0.10000 0.20000 0.07143 0.04545 0.05263 0.33333 0.33333 0.00000 1.00000 0.33333 0.08000 0.00000 0.00000
0.00000 0.34227 0.08625 0.10000 0.20000 0.07143 0.04545 0.00000 0.33333 0.33333 0.00000 0.33333 0.33333 0.06000 0.00000 0.00000
0.10000 0.33641 0.03125 0.00000 0.10000 0.42857 0.04545 0.00298 0.33333 1.00000 0.05970 0.33333 0.33333 0.12700 0.03816 0.00000
0.10000 0.30623 0.01786 0.00000 0.10000 0.07143 0.04545 0.00439 0.33333 0.33333 0.00000 0.33333 0.33333 0.18000 0.00000 0.00000
0.00000 0.51104 0.01036 0.00000 0.10000 0.78571 0.50000 0.00000 0.33333 1.00000 0.14925 0.33333 0.33333 0.10000 0.00035 0.00000
0.00000 0.32132 0.06554 0.00000 0.10000 0.35714 0.22727 0.00000 0.33333 1.00000 0.01493 0.33333 0.33333 0.10000 0.00104 0.00000
0.00000 0.38530 0.10714 0.00000 0.10000 0.42857 0.04545 0.09789 0.33333 1.00000 0.01493 1.00000 0.33333 0.14000 0.00020 0.00000
0.10000 0.43420 0.11018 0.00000 0.10000 0.07143 0.04545 0.08772 0.33333 1.00000 0.02985 1.00000 0.33333 0.08000 0.00080 0.00000
0.00000 0.42498 0.04911 0.00000 0.10000 0.64286 0.09091 0.00140 0.33333 1.00000 0.04478 0.33333 0.33333 0.00000 0.00065 0.00000
0.10000 0.30847 0.08339 0.00000 0.10000 1.00000 0.04545 0.02632 0.33333 0.33333 0.00000 0.33333 0.33333 0.09000 0.00000 0.00000
0.10000 0.22814 0.14589 0.00000 0.10000 0.28571 0.09091 0.01456 0.33333 0.33333 0.00000 1.00000 0.33333 0.06000 0.00000 0.00000
0.00000 0.30623 0.41661 0.00000 0.10000 1.00000 0.09091 0.00298 0.33333 0.33333 0.00000 0.33333 0.33333 0.16000 0.00010 0.00000
0.10000 0.29450 0.14732 0.10000 0.20000 0.28571 0.09091 0.00140 0.33333 0.33333 0.00000 0.33333 0.33333 0.07000 0.00196 0.00000
0.10000 0.24336 0.23214 0.00000 0.10000 0.28571 0.04545 0.00439 0.33333 0.33333 0.00000 0.33333 0.33333 0.03000 0.00196 0.00000
0.10000 0.26781 0.14286 0.10000 0.20000 0.28571 0.04545 0.03509 0.33333 0.33333 0.00000 1.00000 0.33333 0.18000 0.01957 0.00000
0.10000 0.28877 0.01482 0.00000 0.10000 0.07143 0.04545 0.00439 0.33333 0.33333 0.00000 0.33333 0.33333 0.00000 0.00086 0.00000
0.10000 0.37371 0.07143 0.00000 0.10000 0.14286 0.04545 0.02632 0.33333 0.33333 0.00000 1.00000 0.33333 0.04000 0.00000 0.00000
0.10000 0.32942 0.02982 0.00000 0.10000 0.28571 0.09091 0.00298 0.33333 0.33333 0.00000 1.00000 0.33333 0.11000 0.00010 0.00000
0.10000 0.54722 0.08929 0.10000 0.20000 0.28571 0.09091 0.35088 0.33333 0.33333 0.00000 1.00000 1.00000 0.10000 0.00000 0.00000
0.10000 0.31783 0.41071 0.00000 0.10000 0.28571 0.04545 0.01456 0.33333 0.33333 0.00000 0.33333 0.33333 0.00000 0.00000 0.00000
1.00000 0.37022 0.09679 0.10000 0.20000 0.71429 0.45455 0.00298 0.33333 0.33333 0.00000 0.33333 1.00000 0.04000 0.00000 0.00000
0.00000 0.23638 0.01786 0.00000 0.10000 0.28571 0.04545 0.00579 0.33333 1.00000 0.08955 1.00000 0.33333 0.12000 0.00068 0.00000
0.10000 0.32830 0.11304 0.10000 0.20000 1.00000 0.04545 0.01456 0.33333 1.00000 0.01493 1.00000 0.33333 0.14000 0.00157 0.00000
0.00000 0.24211 0.33929 0.00000 0.10000 0.00000 0.04545 0.06140 0.33333 1.00000 0.14925 1.00000 0.33333 0.00000 0.00020 0.00000
