1 30.83 0 0 1 9 1 1.25 3 3 01 1 1 00202 0 1
0 58.67 4.46 0 1 8 2 3.04 3 3 06 1 1 00043 560 1
0 24.50 0.5 0 1 8 2 1.5 3 1 0 1 1 00280 824 1
1 27.83 1.54 0 1 9 1 3.75 3 3 05 3 1 00100 3 1
1 20.17 5.625 0 1 9 1 1.71 3 1 0 1 3 00120 0 1
1 32.08 4 0 1 6 1 2.5 3 1 0 3 1 00360 0 1
1 33.17 1.04 0 1 7 2 6.5 3 1 0 3 1 00164 31285 1
0 22.92 11.585 0 1 11 1 0.04 3 1 0 1 1 00080 1349 1
1 54.42 0.5 1 2 14 2 3.96 3 1 0 1 1 00180 314 1
1 42.50 4.915 1 2 9 1 3.165 3 1 0 3 1 00052 1442 1
1 22.08 0.83 0 1 1 2 2.165 1 1 0 3 1 00128 0 1
1 29.92 1.835 0 1 1 2 4.335 3 1 0 1 1 00260 200 1
0 38.25 6 0 1 14 1 1 3 1 0 3 1 00000 0 1
1 48.08 6.04 0 1 14 1 0.04 1 1 0 1 1 00000 2690 1
0 45.83 10.5 0 1 8 1 5 3 3 07 3 1 00000 0 1
1 36.67 4.415 1 2 14 1 0.25 3 3 10 3 1 00320 0 1
1 28.25 0.875 0 1 6 1 0.96 3 3 03 3 1 00396 0 1
0 23.25 5.875 0 1 8 1 3.17 3 3 10 1 1 00120 245 16
1 21.83 0.25 0 1 2 2 0.665 3 1 0 3 1 00000 0 1
0 19.17 8.585 0 1 11 2 0.75 3 3 07 1 1 00096 0 1
1 25.00 11.25 0 1 1 1 2.5 3 3 17 1 1 00200 1208 1
1 23.25 1 0 1 1 1 0.835 3 1 0 1 3 00300 0 1
0 47.75 8 0 1 1 1 7.875 3 3 06 3 1 00000 1260 1
0 27.42 14.5 0 1 10 2 3.085 3 3 01 1 1 00120 11 1
0 41.17 6.5 0 1 8 1 0.5 3 3 03 3 1 00145 0 1
0 15.83 0.585 0 1 1 2 1.5 3 3 02 1 1 00100 0 1
0 47.00 13 0 1 4 11 5.165 3 3 09 3 1 00000 0 1
1 56.58 18.5 0 1 2 11 15 3 3 17 3 1 00000 0 1
1 57.42 8.5 0 1 11 2 7 3 3 03 1 1 00000 0 1
1 42.08 1.04 0 1 9 1 5 3 3 06 3 1 00500 10000 1
1 29.25 14.79 0 1 00 1 5.04 3 3 05 3 1 00168 0 1
1 42.00 9.79 0 1 10 2 7.96 3 3 08 1 1 00000 0 1
1 49.50 7.585 0 1 4 11 7.585 3 3 15 3 1 00000 5000 1
0 36.75 5.125 0 1 11 1 5 3 1 0 3 1 00000 4000 1
0 22.58 10.75 0 1 8 1 0.415 3 3 05 3 1 00000 560 1
1 27.83 1.5 0 1 9 1 2 3 3 11 3 1 00434 35 1
1 27.25 1.585 0 1 11 2 1.835 3 3 12 3 1 00583 713 1
0 23.00 11.75 0 1 10 2 0.5 3 3 02 3 1 00300 551 1
1 27.75 0.585 1 2 11 1 0.25 3 3 02 1 1 00260 500 1
1 54.58 9.415 0 1 11 11 14.415 3 3 11 3 1 00030 300 1
1 34.17 9.17 0 1 1 1 4.5 3 3 12 3 1 00000 221 1
1 28.92 15 0 1 1 2 5.335 3 3 11 1 1 00000 2283 1
1 29.67 1.415 0 1 9 2 0.75 3 3 01 1 1 00240 100 1
1 39.58 13.915 0 1 9 1 8.625 3 3 06 3 1 00070 0 1
1 56.42 28 1 2 1 1 28.5 3 3 40 1 1 00000 15 1
1 54.33 6.75 0 1 1 2 2.625 3 3 11 3 1 00000 284 1
0 41.00 2.04 1 2 8 2 0.125 3 3 23 3 1 00455 1236 1
1 31.92 4.46 0 1 11 2 6.04 3 3 03 1 1 00311 300 1
1 41.50 1.54 0 1 4 11 3.5 1 1 0 1 1 00216 0 1
1 23.92 0.665 0 1 1 1 0.165 1 1 0 1 1 00100 0 1
0 25.75 0.5 0 1 1 2 0.875 3 1 0 3 1 00491 0 1
1 26.00 1 0 1 8 1 1.75 3 1 0 3 1 00280 0 1
1 37.42 2.04 0 1 9 1 0.04 3 1 0 3 1 00400 5800 1
1 34.92 2.5 0 1 9 1 0 3 1 0 3 1 00239 200 1
1 34.25 3 0 1 11 2 7.415 3 1 0 3 1 00000 0 1
1 23.33 11.625 1 2 9 1 0.835 3 1 0 3 1 00160 300 1
1 23.17 0 0 1 11 1 0.085 3 1 0 1 1 00000 0 1
1 44.33 0.5 0 1 4 2 5 3 1 0 3 1 00320 0 1
1 35.17 4.5 0 1 10 2 5.75 1 1 0 3 3 00711 0 1
1 43.25 3 0 1 8 2 6 3 3 11 1 1 00080 0 1
1 56.75 12.25 0 1 6 1 1.25 3 3 04 3 1 00200 0 1
1 31.67 16.165 0 1 2 1 3 3 3 09 1 1 00250 730 1
0 23.42 0.79 1 2 8 1 1.5 3 3 02 3 1 00080 400 1
0 20.42 0.835 0 1 8 1 1.585 3 3 01 1 1 00000 0 1
1 26.67 4.25 0 1 11 1 4.29 3 3 01 3 1 00120 0 1
1 34.17 1.54 0 1 11 1 1.54 3 3 01 3 1 00520 50000 1
0 36.00 1 0 1 1 1 2 3 3 11 1 1 00000 456 1
1 25.50 0.375 0 1 6 1 0.25 3 3 03 1 1 00260 15108 1
1 19.42 6.5 0 1 9 2 1.46 3 3 07 1 1 00080 2954 1
1 35.17 25.125 0 1 10 2 1.625 3 3 01 3 1 00515 500 1
1 32.33 7.5 0 1 11 11 1.585 3 1 0 3 3 00420 0 0
1 34.83 4 0 1 2 11 12.5 3 1 0 3 1 10 0 0
0 38.58 5 0 1 11 1 13.5 3 1 0 3 1 00980 0 0
1 44.25 0.5 0 1 6 1 10.75 3 1 0 1 3 00400 0 0
1 44.83 7 1 2 1 1 1.625 1 1 0 1 1 00160 2 0
1 20.67 5.29 0 1 8 1 0.375 3 3 01 1 1 00160 0 0
1 34.08 6.5 0 1 00 1 0.125 3 1 0 3 1 00443 0 0
0 19.17 0.585 1 2 00 1 0.585 3 1 0 3 1 00160 0 0
1 21.67 1.165 1 2 14 1 2.5 3 3 01 1 1 00180 20 0
1 21.50 9.75 0 1 1 1 0.25 3 1 0 1 1 00140 0 0
1 49.58 19 0 1 11 11 0 3 3 01 1 1 00094 0 0
0 27.67 1.5 0 1 6 1 2 3 1 0 1 3 00368 0 0
1 39.83 0.5 0 1 6 1 0.25 3 1 0 1 3 00288 0 0
0 10 3.5 0 1 2 1 3 3 1 0 3 1 00300 0 0
1 27.25 0.625 0 1 00 1 0.455 3 1 0 3 1 00200 0 0
1 37.17 4 0 1 1 11 5 3 1 0 3 3 00280 0 0
1 10 0.375 0 1 2 1 0.875 3 1 0 3 3 00928 0 0
1 25.67 2.21 1 2 00 1 4 3 1 0 1 1 00188 0 0
1 34.00 4.5 0 1 00 1 1 3 1 0 3 1 00240 0 0
0 49.00 1.5 0 1 5 5 0 3 1 0 3 1 00100 27 0
1 62.50 12.75 1 2 1 2 5 3 1 0 1 1 00112 0 0
1 31.42 15.5 0 1 1 1 0.5 3 1 0 1 1 00120 0 0
1 10 5 1 2 00 1 8.5 3 1 0 1 1 00000 0 0
1 52.33 1.375 1 2 1 2 9.46 3 1 0 3 1 00200 100 0
1 28.75 1.5 1 2 1 1 1.5 3 1 0 3 1 00000 225 0
0 28.58 3.54 0 1 4 11 0.5 3 1 0 3 1 00171 0 0
1 23.00 0.625 1 2 00 1 0.125 3 1 0 1 1 00180 1 0
1 10 0.5 0 1 1 11 0.835 3 1 0 3 3 00320 0 0
0 22.50 11 1 2 8 1 3 3 1 0 3 1 00268 0 0
0 28.50 1 0 1 8 1 1 3 3 02 3 1 00167 500 0
1 37.50 1.75 1 2 1 11 0.25 3 1 0 3 1 00164 400 0
1 35.25 16.5 1 2 1 1 4 3 1 0 1 1 00080 0 0
1 18.67 5 0 1 8 1 0.375 3 3 02 1 1 00000 38 0
1 25.00 12 0 1 14 1 2.25 3 3 02 3 1 00120 5 0
1 27.83 4 1 2 4 2 5.75 3 3 02 3 1 00075 0 0
1 54.83 15.5 0 1 11 6 0 3 3 20 1 1 00152 130 0
1 28.75 1.165 0 1 14 1 0.5 3 1 0 1 3 00280 0 0
0 25.00 11 1 2 00 1 4.5 3 1 0 1 1 00120 0 0
1 40.92 2.25 1 2 10 2 10 3 1 0 3 1 00176 0 0
0 19.75 0.75 0 1 1 1 0.795 3 3 05 3 1 00140 5 0
1 29.17 3.5 0 1 9 1 3.5 3 3 03 3 1 00329 0 0
0 24.50 1.04 1 2 11 11 0.5 3 3 03 1 1 00180 147 0
1 24.58 12.5 0 1 9 1 0.875 3 1 0 3 1 00260 0 0
0 33.75 0.75 0 1 14 11 1 3 3 03 3 1 00212 0 0
1 20.67 1.25 1 2 1 2 1.375 3 3 03 3 1 00140 210 0
0 25.42 1.125 0 1 8 1 1.29 3 3 02 1 1 00200 0 0
1 37.75 7 0 1 8 2 11.5 3 3 07 3 1 00300 5 0
1 52.50 6.5 0 1 14 1 6.29 3 3 15 1 1 00000 11202 1
1 57.83 7.04 0 1 6 1 14 3 3 06 3 1 00360 1332 1
0 20.75 10.335 0 1 11 2 0.335 3 3 01 3 1 00080 50 1
1 39.92 6.21 0 1 8 1 0.04 3 3 01 1 1 00200 300 1
1 25.67 12.5 0 1 11 1 1.21 3 3 67 3 1 00140 258 1
0 24.75 12.5 0 1 00 1 1.5 3 3 12 3 1 00120 567 1
0 44.17 6.665 0 1 8 1 7.375 3 3 03 3 1 00000 0 1
0 23.50 9 0 1 8 1 8.5 3 3 05 3 1 00120 0 1
1 34.92 5 0 1 10 2 7.5 3 3 06 3 1 00000 1000 1
1 47.67 2.5 0 1 6 11 2.5 3 3 12 3 1 00410 2510 1
1 22.75 11 0 1 8 1 2.5 3 3 07 3 1 00100 809 1
1 34.42 4.25 0 1 4 11 3.25 3 3 02 1 1 00274 610 1
0 28.42 3.5 0 1 9 1 0.835 3 1 0 1 3 00280 0 1
1 67.75 5.5 0 1 11 6 13 3 3 01 3 1 00000 0 1
1 20.42 1.835 0 1 1 1 2.25 3 3 01 1 1 00100 150 1
0 47.42 8 0 1 11 11 6.5 3 3 06 1 1 00375 51100 1
1 36.25 5 0 1 1 11 2.5 3 3 06 1 1 00000 367 1
1 32.67 5.5 0 1 8 2 5.5 3 3 12 3 1 00408 1000 1
1 48.58 6.5 0 1 8 2 6 3 1 0 3 1 00350 0 1
1 39.92 0.54 1 2 00 1 0.5 3 3 03 1 1 00200 1000 1
1 33.58 2.75 0 1 6 1 4.25 3 3 06 1 1 00204 0 1
0 18.83 9.5 0 1 9 1 1.625 3 3 06 3 1 00040 600 1
0 26.92 13.5 0 1 8 2 5 3 3 02 1 1 00000 5000 1
0 31.25 3.75 0 1 11 2 0.625 3 3 09 3 1 00181 0 1
0 56.50 16 0 1 5 11 0 3 3 15 1 1 00000 247 1
1 43.00 0.29 1 2 11 2 1.75 3 3 08 1 1 00100 375 1
1 22.33 11 0 1 9 1 2 3 3 01 1 1 00080 278 1
1 27.25 1.665 0 1 11 2 5.085 3 3 09 1 1 00399 827 1
1 32.83 2.5 0 1 11 2 2.75 3 3 06 1 1 00160 2072 1
1 23.25 1.5 0 1 8 1 2.375 3 3 03 3 1 00000 582 1
0 40.33 7.54 1 2 8 2 8 3 3 14 1 1 00000 2300 1
0 30.50 6.5 0 1 1 11 4 3 3 07 3 1 00000 3065 1
0 52.83 15 0 1 1 1 5.5 3 3 14 1 1 00000 2200 1
0 46.67 0.46 0 1 11 2 0.415 3 3 11 3 1 00440 6 1
0 58.33 10 0 1 8 1 4 3 3 14 1 1 00000 1602 1
1 37.33 6.5 0 1 6 2 4.25 3 3 12 3 1 00093 0 1
1 23.08 2.5 0 1 1 1 1.085 3 3 11 3 1 00060 2184 1
1 32.75 1.5 0 1 11 2 5.5 3 3 03 3 1 00000 0 1
0 21.67 11.5 1 2 5 5 0 3 3 11 3 1 00000 0 1
0 28.50 3.04 1 2 10 2 2.54 3 3 01 1 1 00070 0 1
0 68.67 15 0 1 11 6 0 3 3 14 1 1 00000 3376 1
1 28.00 2 0 1 14 2 4.165 3 3 02 3 1 00181 0 1
1 34.08 0.08 1 2 6 11 0.04 3 3 01 3 1 00280 2000 1
1 27.67 2 0 1 10 2 1 3 3 04 1 1 00140 7544 1
1 44.00 2 0 1 6 1 1.75 3 3 02 3 1 00000 15 1
1 25.08 1.71 0 1 10 1 1.665 3 3 01 3 1 00395 20 1
1 32.00 1.75 1 2 11 2 0.04 3 1 0 3 1 00393 0 1
0 60.58 16.5 0 1 8 1 11 3 1 0 3 1 00021 10561 1
0 40.83 10 0 1 8 2 1.75 3 1 0 1 1 00029 837 1
1 19.33 9.5 0 1 8 1 1 3 1 0 3 1 00060 400 1
0 32.33 0.54 0 1 11 1 0.04 3 1 0 1 1 00440 11177 1
1 36.67 3.25 0 1 8 2 9 3 1 0 3 1 00102 639 1
1 37.50 1.125 1 2 2 1 1.5 1 1 0 3 1 00431 0 1
0 25.08 2.54 1 2 00 1 0.25 3 1 0 3 1 00370 0 1
1 41.33 0 0 1 1 11 15 3 1 0 1 1 00000 0 1
1 56.00 12.5 0 1 14 2 8 3 1 0 3 1 00024 2028 1
0 49.83 13.585 0 1 14 2 8.5 3 1 0 3 1 00000 0 1
1 22.67 10.5 0 1 8 2 1.335 3 1 0 1 1 00100 0 1
1 27.00 1.5 1 2 9 1 0.375 3 1 0 3 1 00260 1065 1
1 25.00 12.5 0 1 00 1 3 3 1 0 3 3 00020 0 1
0 26.08 8.665 0 1 00 1 1.415 3 1 0 1 1 00160 150 1
0 18.42 9.25 0 1 8 1 1.21 3 3 04 1 1 00060 540 1
1 20.17 8.17 0 1 00 1 1.96 3 3 14 1 1 00060 158 1
1 47.67 0.29 0 1 1 11 15 3 3 20 1 1 00000 15000 1
0 21.25 2.335 0 1 4 11 0.5 3 3 04 1 3 00080 0 1
0 20.67 3 0 1 8 1 0.165 3 3 03 1 1 00100 6 1
0 57.08 19.5 0 1 1 1 5.5 3 3 07 1 1 00000 3000 1
0 22.42 5.665 0 1 8 1 2.585 3 3 07 1 1 00129 3257 1
1 48.75 8.5 0 1 1 2 12.5 3 3 09 1 1 00181 1655 1
1 40.00 6.5 0 1 00 11 3.5 3 3 01 1 1 00000 500 1
1 40.58 5 0 1 1 1 5 3 3 07 1 1 00000 3065 1
0 28.67 1.04 0 1 1 1 2.5 3 3 05 3 1 00300 1430 1
0 33.08 4.625 0 1 8 2 1.625 3 3 02 1 1 00000 0 1
1 21.33 10.5 0 1 1 1 3 3 1 0 3 1 00000 0 1
1 42.00 0.205 0 1 4 2 5.125 3 1 0 1 1 00400 0 1
1 41.75 0.96 0 1 10 1 2.5 3 1 0 1 1 00510 600 1
1 22.67 1.585 1 2 9 1 3.085 3 3 06 1 1 00080 0 1
1 34.50 4.04 1 2 4 11 8.5 3 3 07 3 1 00195 0 1
1 28.25 5.04 1 2 1 11 1.5 3 3 08 3 1 00144 7 1
1 33.17 3.165 1 2 10 1 3.165 3 3 03 3 1 00380 0 1
1 48.17 7.625 0 1 9 2 15.5 3 3 12 1 1 00000 790 1
1 27.58 2.04 1 2 00 1 2 3 3 03 3 1 00370 560 1
1 22.58 10.04 0 1 10 1 0.04 3 3 09 1 1 00060 396 1
0 24.08 0.5 0 1 8 2 1.25 3 3 01 1 1 00000 678 1
0 41.33 1 0 1 4 11 2.25 3 1 0 3 1 00000 300 1
1 24.83 2.75 0 1 1 1 2.25 3 3 06 1 1 10 600 1
0 20.75 10.25 0 1 8 1 0.71 3 3 02 3 1 00049 0 1
1 36.33 2.125 1 2 9 1 0.085 3 3 01 1 1 00050 1187 1
0 35.42 12 0 1 8 2 14 3 3 08 1 1 00000 6590 1
0 71.58 0 10 10 10 10 0 1 1 0 1 2 10 0 1
1 28.67 9.335 0 1 8 2 5.665 3 3 06 1 1 00381 168 1
1 35.17 2.5 0 1 14 1 4.5 3 3 07 1 1 00150 1270 1
1 39.50 4.25 0 1 1 11 6.5 3 3 16 1 1 00117 1210 1
1 39.33 5.875 0 1 11 2 10 3 3 14 3 1 00399 0 1
1 24.33 6.625 1 2 2 1 5.5 3 1 0 3 3 00100 0 1
1 60.08 14.5 0 1 11 11 18 3 3 15 3 1 00000 1000 1
1 23.08 11.5 0 1 4 1 3.5 3 3 09 1 1 00056 742 1
1 26.67 2.71 1 2 11 1 5.25 3 3 01 1 1 00211 0 1
1 48.17 3.5 0 1 00 1 3.5 3 1 0 1 3 00230 0 1
1 41.17 4.04 0 1 11 2 7 3 3 08 1 1 00320 0 1
1 55.92 11.5 0 1 11 11 5 3 3 05 1 1 00000 8851 1
1 53.92 9.625 0 1 11 1 8.665 3 3 05 1 1 00000 0 1
0 18.92 9.25 1 2 1 1 1 3 3 04 3 1 00080 500 1
0 50.08 12.54 0 1 00 1 2.29 3 3 03 3 1 00156 0 1
1 65.42 11 0 1 11 6 20 3 3 07 3 1 00022 0 1
0 17.58 9 0 1 00 1 1.375 3 1 0 3 1 00000 0 1
0 18.83 9.54 0 1 00 1 0.085 3 1 0 1 1 00100 0 1
0 37.75 5.5 0 1 8 1 0.125 3 1 0 3 1 00228 0 1
1 23.25 4 0 1 1 11 0.25 3 1 0 3 1 00160 0 1
1 18.08 5.5 0 1 14 1 0.5 3 1 0 1 1 00080 0 1
0 22.50 8.46 1 2 10 1 2.46 1 1 0 1 1 00164 0 1
1 19.67 0.375 0 1 8 1 2 3 3 02 3 1 00080 0 1
1 22.08 11 0 1 11 1 0.665 3 1 0 1 1 00100 0 1
1 25.17 3.5 0 1 11 1 0.625 3 3 07 1 1 00000 7059 1
0 47.42 3 0 1 10 1 13.875 3 3 02 3 1 00519 1704 1
1 33.50 1.75 0 1 10 2 4.5 3 3 04 3 1 00253 857 1
1 27.67 13.75 0 1 9 1 5.75 3 1 0 3 1 00487 500 1
0 58.42 21 0 1 4 11 10 3 3 13 1 1 00000 6700 1
0 20.67 1.835 0 1 8 1 2.085 3 3 05 1 1 00220 2503 1
1 26.17 0.25 0 1 4 11 0 3 1 0 3 1 00000 0 1
1 21.33 7.5 0 1 00 1 1.415 3 3 01 1 1 00080 9800 1
1 42.83 4.625 0 1 8 1 4.58 3 1 0 1 3 00000 0 1
1 38.17 10.125 0 1 10 1 2.5 3 3 06 1 1 00520 196 1
1 20.50 10 1 2 1 1 2.5 3 1 0 1 3 00040 0 1
1 48.25 25.085 0 1 9 1 1.75 3 3 03 1 1 00120 14 1
1 28.33 5 0 1 9 1 11 3 1 0 3 1 00070 0 1
0 18.75 7.5 0 1 8 1 2.71 3 3 05 1 1 10 26726 1
1 18.50 2 0 1 4 1 1.5 3 3 02 1 1 00120 300 1
1 33.17 3.04 1 2 1 2 2.04 3 3 01 3 1 00180 18027 1
1 45.00 8.5 0 1 11 2 14 3 3 01 3 1 00088 2000 1
0 19.67 0.21 0 1 8 2 0.29 3 3 11 1 1 00080 99 1
10 24.50 12.75 0 1 1 11 4.75 3 3 02 1 1 00073 444 1
1 21.83 11 0 1 10 1 0.29 3 3 06 1 1 00121 0 1
1 40.25 21.5 0 1 11 6 20 3 3 11 1 1 00000 1200 1
1 41.42 5 0 1 8 2 5 3 3 06 3 1 00470 0 1
0 17.83 11 0 1 10 2 1 3 3 11 1 1 00000 3000 1
1 23.17 11.125 0 1 10 2 0.46 3 3 01 1 1 00100 0 1
1 10 0.625 0 1 14 1 0.25 1 1 0 1 1 00380 2010 0
1 18.17 10.25 0 1 1 2 1.085 1 1 0 1 1 00320 13 0
1 20.00 11.045 0 1 1 1 2 1 1 0 3 1 00136 0 0
1 20.00 0 0 1 2 1 0.5 1 1 0 1 1 00144 0 0
0 20.75 9.54 0 1 4 1 0.04 1 1 0 1 1 00200 1000 0
0 24.50 1.75 1 2 1 1 0.165 1 1 0 1 1 00132 0 0
1 32.75 2.335 0 1 2 2 5.75 1 1 0 3 1 00292 0 0
0 52.17 0 1 2 11 11 0 1 1 0 1 1 00000 0 0
0 48.17 1.335 0 1 4 9 0.335 1 1 0 1 1 00000 120 0
0 20.42 10.5 1 2 10 2 0 1 1 0 3 1 00154 32 0
1 50.75 0.585 0 1 11 11 0 1 1 0 1 1 00145 0 0
1 17.08 0.085 1 2 1 1 0.04 1 1 0 1 1 00140 722 0
1 18.33 1.21 1 2 11 22 0 1 1 0 1 1 00100 0 0
0 32.00 6 0 1 2 1 1.25 1 1 0 1 1 00272 0 0
1 59.67 1.54 0 1 8 1 0.125 3 1 0 3 1 00260 0 1
1 18.00 0.165 0 1 8 5 0.21 1 1 0 1 1 00200 40 1
1 37.58 0 10 10 10 10 0 1 1 0 1 2 10 0 1
1 32.33 2.5 0 1 1 1 1.25 1 1 0 3 1 00280 0 0
1 18.08 6.75 1 2 6 1 0.04 1 1 0 1 1 00140 0 0
1 38.25 10.125 1 2 14 1 0.125 1 1 0 1 1 00160 0 0
1 30.67 2.5 0 1 11 2 2.25 1 1 0 3 3 00340 0 0
1 18.58 5.71 0 1 2 1 0.54 1 1 0 1 1 00120 0 0
0 19.17 5.415 0 1 4 2 0.29 1 1 0 1 1 00080 484 0
0 18.17 10 1 2 8 2 0.165 1 1 0 1 1 00340 0 0
1 24.58 13.5 1 2 11 11 0 1 1 0 1 1 10 0 0
1 16.25 0.835 0 1 6 1 0.085 3 1 0 1 3 00200 0 0
1 21.17 0.875 1 2 1 2 0.25 1 1 0 1 1 00280 204 0
1 23.92 0.585 1 2 11 2 0.125 1 1 0 1 1 00240 1 0
1 17.67 4.46 0 1 1 1 0.25 1 1 0 1 3 00080 0 0
0 16.50 1.25 0 1 8 1 0.25 1 3 01 1 1 00108 98 0
1 23.25 12.625 0 1 1 1 0.125 1 3 02 1 1 00000 5552 0
1 17.58 10 0 1 9 2 0.165 1 3 01 1 1 00120 1 0
0 10 1.5 0 1 11 11 0 1 3 02 3 1 00200 105 0
1 29.50 0.58 0 1 9 1 0.29 1 3 01 1 1 00340 2803 0
1 18.83 0.415 1 2 1 1 0.165 1 3 01 1 1 00200 1 0
0 21.75 1.75 1 2 5 5 0 1 1 0 1 1 00160 0 0
1 23.00 0.75 0 1 6 1 0.5 1 1 0 3 3 00320 0 0
0 18.25 10 0 1 9 1 1 1 3 01 1 1 00120 1 0
1 25.42 0.54 0 1 9 1 0.165 1 3 01 1 1 00272 444 0
1 35.75 2.415 0 1 9 1 0.125 1 3 02 1 1 00220 1 0
0 16.08 0.335 0 1 11 11 0 1 3 01 1 1 00160 126 0
0 31.92 3.125 0 1 11 11 3.04 1 3 02 3 1 00200 4 0
1 69.17 9 0 1 11 11 4 1 3 01 1 1 00070 6 0
1 32.92 2.5 0 1 00 1 1.75 1 3 02 3 1 00720 0 0
1 16.33 2.75 0 1 00 1 0.665 1 3 01 1 1 00080 21 0
1 22.17 12.125 0 1 1 1 3.335 1 3 02 3 1 00180 173 0
0 57.58 2 0 1 11 11 6.5 1 3 01 1 1 00000 10 0
1 18.25 0.165 0 1 2 1 0.25 1 1 0 3 3 00280 0 0
1 23.42 1 0 1 1 1 0.5 1 1 0 3 3 00280 0 0
0 15.92 2.875 0 1 8 1 0.085 1 1 0 1 1 00120 0 0
0 24.75 13.665 0 1 8 2 1.5 1 1 0 1 1 00280 1 0
1 48.75 26.335 1 2 11 11 0 3 1 0 3 1 00000 0 0
1 23.50 2.75 0 1 11 11 4.5 1 1 0 1 1 00160 25 0
1 18.58 10.29 0 1 11 11 0.415 1 1 0 1 1 00080 0 0
1 27.75 1.29 0 1 14 2 0.25 1 1 0 3 3 00140 0 0
0 31.75 3 1 2 5 5 0 1 1 0 1 1 00160 20 0
0 24.83 4.5 0 1 9 1 1 1 1 0 3 1 00360 6 0
1 19.00 1.75 1 2 1 1 2.335 1 1 0 3 1 00112 6 0
0 16.33 0.21 0 1 00 1 0.125 1 1 0 1 1 00200 1 0
0 18.58 10 0 1 2 1 0.415 1 1 0 1 1 00080 42 0
1 16.25 0 1 2 00 1 0.25 1 1 0 1 1 00060 0 0
1 23.00 0.75 0 1 6 1 0.5 3 1 0 3 3 00320 0 0
1 21.17 0.25 1 2 1 2 0.25 1 1 0 1 1 00280 204 0
1 19.17 0 1 2 6 11 0 1 1 0 3 3 00500 1 1
1 36.75 0.125 1 2 1 1 1.5 1 1 0 3 1 00232 113 1
1 21.25 1.5 0 1 9 1 1.5 1 1 0 1 1 00150 8 1
0 33.67 0.375 0 1 11 1 0.375 1 1 0 1 1 00300 44 1
1 48.58 0.205 1 2 14 1 0.25 3 3 11 1 1 00380 2732 1
1 33.67 1.25 0 1 9 1 1.165 1 1 0 1 1 00120 0 0
0 29.50 1.085 1 2 10 1 1 1 1 0 1 1 00280 13 0
1 30.17 1.085 1 2 1 1 0.04 1 1 0 1 1 00170 179 0
10 40.83 3.5 0 1 4 11 0.5 1 1 0 1 3 01160 0 0
1 34.83 2.5 1 2 9 1 3 1 1 0 1 3 00200 0 0
1 10 4 1 2 4 1 0.085 1 1 0 3 1 00411 0 0
1 20.42 0 10 10 10 10 0 1 1 0 1 2 10 0 0
0 33.25 2.5 1 2 1 1 2.5 1 1 0 3 1 00000 2 0
1 34.08 2.5 0 1 1 1 1 1 1 0 1 1 00460 16 0
0 25.25 12.5 0 1 2 1 1 1 1 0 3 1 00180 1062 0
1 34.75 2.5 0 1 11 11 0.5 1 1 0 1 1 00348 0 0
1 27.67 0.75 0 1 8 2 0.165 1 1 0 3 1 00220 251 0
1 47.33 6.5 0 1 1 1 1 1 1 0 3 1 00000 228 0
0 34.83 1.25 1 2 4 2 0.5 1 1 0 3 1 00160 0 0
0 33.25 3 1 2 00 1 2 1 1 0 1 1 00180 0 0
1 28.00 3 0 1 9 1 0.75 1 1 0 3 1 00300 67 0
0 39.08 4 0 1 1 1 3 1 1 0 1 1 00480 0 0
1 42.75 4.085 0 1 00 1 0.04 1 1 0 1 1 00108 100 0
1 26.92 2.25 0 1 4 11 0.5 1 1 0 3 1 00640 4000 0
1 33.75 2.75 0 1 4 11 0 1 1 0 1 1 00180 0 0
1 38.92 1.75 0 1 14 1 0.5 1 1 0 3 1 00300 2 0
1 62.75 7 0 1 11 6 0 1 1 0 1 1 00000 12 0
10 32.25 1.5 0 1 1 1 0.25 1 1 0 3 1 00372 122 0
1 26.75 4.5 1 2 1 11 2.5 1 1 0 1 1 00200 1210 0
1 63.33 0.54 0 1 1 1 0.585 3 3 03 3 1 00180 0 0
1 27.83 1.5 0 1 9 1 2.25 1 3 01 3 1 00100 3 0
0 26.17 2 0 1 5 5 0 1 1 0 3 1 00276 1 0
1 22.17 0.585 1 2 11 11 0 1 1 0 1 1 00100 0 0
1 22.50 11.5 1 2 6 1 1.5 1 1 0 3 1 00000 4000 0
1 30.75 1.585 0 1 2 1 0.585 1 1 0 3 3 00000 0 0
1 36.67 2 0 1 4 1 0.25 1 1 0 3 1 00221 0 0
0 16.00 0.165 0 1 00 1 1 1 3 02 3 1 00320 1 0
1 41.17 1.335 0 1 2 1 0.165 1 1 0 1 1 00168 0 0
0 19.50 0.165 0 1 8 1 0.04 1 1 0 3 1 00380 0 0
1 32.42 3 0 1 2 1 0.165 1 1 0 3 1 00120 0 0
0 36.75 4.71 0 1 11 11 0 1 1 0 1 1 00160 0 0
0 30.25 5.5 0 1 14 1 5.5 1 1 0 3 3 00100 0 0
1 23.08 2.5 0 1 11 11 0.085 1 1 0 3 1 00100 4208 0
1 26.83 0.54 0 1 14 11 0 1 1 0 1 1 00100 0 0
1 16.92 0.335 1 2 14 1 0.29 1 1 0 1 3 00200 0 0
1 24.42 2 0 1 11 22 0.165 1 3 02 1 1 00320 1300 0
1 42.83 1.25 0 1 6 1 13.875 1 3 01 3 1 00352 112 0
0 22.75 6.165 0 1 00 1 0.165 1 1 0 1 1 00220 1000 0
1 39.42 1.71 1 2 6 1 0.165 1 1 0 1 3 00400 0 0
0 23.58 11.5 1 2 14 2 3 1 1 0 3 1 00020 16 0
1 21.42 0.75 1 2 7 5 0.75 1 1 0 3 1 00132 2 0
1 33.00 2.5 1 2 9 1 7 1 1 0 3 1 00280 0 0
1 26.33 13 0 1 11 22 0 1 1 0 3 1 00140 1110 0
0 45.00 4.585 0 1 14 2 1 1 1 0 3 3 00240 0 0
1 26.25 1.54 0 1 9 1 0.125 1 1 0 1 1 00100 0 0
10 28.17 0.585 0 1 00 1 0.04 1 1 0 1 1 00260 1004 0
0 20.83 0.5 1 2 11 22 1 1 1 0 1 1 00260 0 0
1 28.67 14.5 0 1 2 1 0.125 1 1 0 1 1 00000 286 0
1 20.67 0.835 1 2 1 1 2 1 1 0 3 3 00240 0 0
1 34.42 1.335 0 1 4 11 0.125 1 1 0 3 1 00440 4500 0
1 33.58 0.25 0 1 4 11 4 1 1 0 3 3 00420 0 0
1 43.17 5 0 1 4 11 2.25 1 1 0 3 1 00141 0 0
0 22.67 7 0 1 1 1 0.165 1 1 0 1 1 00160 0 0
0 24.33 2.5 1 2 4 11 4.5 1 1 0 1 1 00200 456 0
0 56.83 4.25 1 2 11 11 5 1 1 0 3 1 00000 4 0
1 22.08 11.46 0 1 14 1 1.585 1 1 0 3 1 00100 1212 0
1 34.00 5.5 1 2 1 1 1.5 1 1 0 3 1 00060 0 0
1 22.58 1.5 1 2 00 1 0.54 1 1 0 3 1 00120 67 0
1 21.17 0 0 1 1 1 0.5 1 1 0 3 3 00000 0 0
1 26.67 14.585 0 1 4 11 0 1 1 0 3 1 00178 0 0
1 22.92 0.17 0 1 6 1 0.085 1 1 0 1 3 00000 0 0
1 15.17 7 0 1 11 1 1 1 1 0 1 1 00600 0 0
1 39.92 5 0 1 4 11 0.21 1 1 0 1 1 00550 0 0
1 27.42 12.5 0 1 00 11 0.25 1 1 0 3 1 00720 0 0
1 24.75 0.54 0 1 6 1 1 1 1 0 3 1 00120 1 0
1 41.17 1.25 1 2 9 1 0.25 1 1 0 1 1 00000 195 0
0 33.08 1.625 0 1 2 1 0.54 1 1 0 3 1 00000 0 0
1 29.83 2.04 1 2 10 2 0.04 1 1 0 1 1 00128 1 0
0 23.58 0.585 1 2 11 11 0.125 1 1 0 1 1 00120 87 0
1 26.17 12.5 1 2 14 2 1.25 1 1 0 3 1 00000 17 0
1 31.00 2.085 0 1 1 1 0.085 1 1 0 1 1 00300 0 0
1 20.75 5.085 1 2 5 1 0.29 1 1 0 1 1 00140 184 0
1 28.92 0.375 0 1 1 1 0.29 1 1 0 1 1 00220 140 0
0 51.92 6.5 0 1 4 11 3.085 1 1 0 3 1 00073 0 0
0 22.67 0.335 0 1 8 1 0.75 1 1 0 1 3 00160 0 0
1 34.00 5.085 1 2 4 11 1.085 1 1 0 3 1 00480 0 0
0 69.50 6 0 1 11 11 0 1 1 0 1 3 00000 0 0
0 40.33 8.125 1 2 14 1 0.165 1 3 02 1 1 10 18 0
0 19.58 0.665 1 2 1 1 1 1 3 01 1 1 02000 2 0
1 16.00 3.125 0 1 9 1 0.085 1 3 01 1 1 00000 6 0
1 17.08 0.25 0 1 8 1 0.335 1 3 04 1 1 00160 8 0
1 31.25 2.835 0 1 11 11 0 1 3 05 1 1 00176 146 0
1 25.17 3 0 1 1 1 1.25 1 3 01 1 1 00000 22 0
0 22.67 0.79 0 1 4 1 0.085 1 1 0 1 1 00144 0 0
1 40.58 1.5 0 1 4 11 0 1 1 0 1 3 00300 0 0
1 22.25 0.46 0 1 14 1 0.125 1 1 0 3 1 00280 55 0
0 22.25 1.25 1 2 11 11 3.25 1 1 0 1 1 00280 0 0
1 22.50 0.125 1 2 14 1 0.125 1 1 0 1 1 00200 70 0
1 23.58 1.79 0 1 1 1 0.54 1 1 0 3 1 00136 1 0
1 38.42 0.705 0 1 1 1 0.375 1 3 02 1 1 00225 500 0
0 26.58 2.54 1 2 11 11 0 1 1 0 3 1 00180 60 0
1 35.00 2.5 0 1 4 1 1 1 1 0 3 1 00210 0 0
1 20.42 1.085 0 1 8 1 1.5 1 1 0 1 1 00108 7 0
1 29.42 1.25 0 1 9 1 1.75 1 1 0 1 1 00200 0 0
1 26.17 0.835 0 1 11 1 1.165 1 1 0 1 1 00100 0 0
1 33.67 2.165 0 1 1 1 1.5 1 1 0 1 2 00120 0 0
1 24.58 1.25 0 1 1 1 0.25 1 1 0 1 1 00110 0 0
0 27.67 2.04 0 1 9 1 0.25 1 1 0 3 1 00180 50 0
1 37.50 0.835 0 1 11 1 0.04 1 1 0 1 1 00120 5 0
1 49.17 2.29 0 1 11 11 0.29 1 1 0 1 1 00200 3 0
1 33.58 0.335 1 2 11 1 0.085 1 1 0 1 1 00180 0 0
1 51.83 3 1 2 11 11 1.5 1 1 0 1 1 00180 4 0
1 22.92 3.165 1 2 1 1 0.165 1 1 0 1 1 00160 1058 0
1 21.83 1.54 0 1 14 1 0.085 1 1 0 3 1 00356 0 0
1 25.25 1 0 1 00 1 0.5 1 1 0 1 1 00200 0 0
1 58.58 2.71 0 1 1 1 2.415 1 1 0 3 1 00320 0 0
1 19.00 0 1 2 11 11 0 1 3 04 1 1 00045 1 0
1 19.58 0.585 0 1 11 11 0 1 3 03 1 1 00350 769 0
0 53.33 0.165 0 1 11 11 0 1 1 0 3 3 00062 27 0
0 27.17 1.25 0 1 11 11 0 1 3 01 1 1 00092 300 0
1 25.92 0.875 0 1 14 1 0.375 1 3 02 3 1 00174 3 0
1 23.08 0 0 1 14 1 1 1 3 11 1 3 00000 0 0
1 39.58 5 0 1 11 11 0 1 3 02 1 1 00017 1 0
1 30.58 2.71 1 2 6 1 0.125 1 1 0 3 3 00080 0 0
1 17.25 3 0 1 14 1 0.04 1 1 0 3 1 00160 40 0
0 17.67 0 1 2 5 11 0 1 1 0 1 1 00086 0 0
0 10 11.25 0 1 11 11 0 1 1 0 1 1 10 5200 0
1 16.50 0.125 0 1 1 1 0.165 1 1 0 1 1 00132 0 0
0 27.33 1.665 0 1 11 11 0 1 1 0 1 1 00340 1 0
1 31.25 1.125 0 1 11 11 0 1 3 01 1 1 00096 19 0
1 20.00 7 0 1 1 1 0.5 1 1 0 1 1 00000 0 0
1 10 3 1 2 4 11 7 1 1 0 1 1 00000 1 0
1 39.50 1.625 0 1 1 1 1.5 1 1 0 1 1 00000 316 0
1 36.50 4.25 0 1 8 1 3.5 1 1 0 1 1 00454 50 0
10 29.75 0.665 0 1 9 1 0.25 1 1 0 3 1 00300 0 0
1 52.42 1.5 0 1 2 1 3.75 1 1 0 3 1 00000 350 0
1 36.17 18.125 0 1 9 1 0.085 1 1 0 1 1 00320 3552 0
1 34.58 0 10 10 10 10 0 1 1 0 1 2 10 0 0
1 29.67 0.75 1 2 1 1 0.04 1 1 0 1 1 00240 0 0
1 36.17 5.5 0 1 4 11 5 1 1 0 1 1 00210 687 0
1 25.67 0.29 1 2 1 1 1.5 1 1 0 3 1 00160 0 0
0 24.50 2.415 1 2 1 1 0 1 1 0 1 1 00120 0 0
1 24.08 0.875 0 1 6 1 0.085 1 3 04 1 1 00254 1950 0
1 21.92 0.5 0 1 1 1 0.125 1 1 0 1 1 00360 0 0
0 36.58 0.29 0 1 11 11 0 1 3 10 1 1 00200 18 0
0 23.00 1.835 0 1 5 5 0 1 3 01 1 1 00200 53 0
0 27.58 3 0 1 6 1 2.79 1 3 01 3 1 00280 10 0
1 31.08 3.085 0 1 1 1 2.5 1 3 02 3 1 00160 41 0
0 30.42 1.375 0 1 9 2 0.04 1 3 03 1 1 00000 33 0
1 22.08 2.335 0 1 14 1 0.75 1 1 0 1 1 00180 0 0
1 16.33 4.085 0 1 4 2 0.415 1 1 0 3 1 00120 0 0
0 21.92 11.665 0 1 14 2 0.085 1 1 0 1 1 00320 5 0
1 21.08 4.125 1 2 4 2 0.04 1 1 0 1 1 00140 100 0
1 17.42 6.5 0 1 4 1 0.125 1 1 0 1 1 00060 100 0
1 19.17 4 1 2 4 1 1 1 1 0 3 1 00360 1000 0
1 20.67 0.415 0 1 1 1 0.125 1 1 0 1 1 00000 44 0
1 26.75 2 0 1 2 1 0.75 1 1 0 3 1 00080 0 0
1 23.58 0.835 0 1 4 2 0.085 1 1 0 3 1 00220 5 0
1 39.17 2.5 1 2 4 2 10 1 1 0 3 3 00200 0 0
1 22.75 11.5 0 1 4 1 0.415 1 1 0 1 1 00000 0 0
10 26.50 2.71 1 2 10 10 0.085 1 1 0 1 3 00080 0 0
0 16.92 0.5 0 1 4 1 0.165 1 3 06 3 1 00240 35 0
1 23.50 3.165 1 2 14 1 0.415 1 3 01 3 1 00280 80 0
0 17.33 9.5 0 1 00 1 1.75 1 3 10 3 1 00000 10 0
