-100.0000 -100.0000
-317.1130 0.0000
-316.9584 0.0000
-316.4457 0.0000
-315.9238 0.0000
-315.5775 0.0000
-316.2964 0.0000
-315.9361 0.0000
-315.4024 0.0000
-316.4575 0.0000
-315.7573 0.0000
-315.6910 0.0000
-315.4862 0.0000
-315.8686 0.0000
-314.6243 0.0000
-314.0981 0.0000
-314.6317 0.0000
-315.0483 0.0000
-314.8099 0.0000
-314.7309 0.0000
-314.8395 0.0000
-315.7201 0.0000
-315.0432 0.0000
-315.4031 0.0000
-315.1315 0.0000
-314.7568 0.0000
-314.5722 0.0000
-314.0832 0.0000
-314.9934 0.0000
-314.9478 0.0000
-313.9491 0.0000
-312.8316 0.0000
-312.7916 0.0000
-312.5444 0.0000
-313.0163 0.0000
-312.8513 0.0000
-312.5100 0.0000
-312.4868 0.0000
-313.6182 0.0000
-311.7752 0.0000
-312.0652 0.0000
-312.5507 0.0000
-312.1109 0.0000
-311.6075 0.0000
-311.5156 0.0000
-311.3938 0.0000
-311.7178 0.0000
-310.9569 0.0000
-311.3854 0.0000
-311.2002 0.0000
-310.3519 0.0000
-310.9309 0.0000
-310.9884 0.0000
-310.7014 0.0000
-310.7137 0.0000
-310.9104 0.0000
-310.6583 0.0000
-310.7899 0.0000
-311.0852 0.0000
-311.2261 0.0000
-311.0358 0.0000
-310.6764 0.0000
-311.3346 0.0000
-311.7843 0.0000
-311.8631 0.0000
-313.5043 0.0000
-311.0128 0.0000
-311.5244 0.0000
-311.9283 0.0000
-312.1215 0.0000
-312.7849 0.0000
-313.3404 0.0000
-312.5148 0.0000
-312.1629 0.0000
-312.6934 0.0000
-312.8128 0.0000
-311.9882 0.0000
-311.5042 0.0000
-311.5836 0.0000
-312.1259 0.0000
-311.7215 0.0000
-311.7571 0.0000
-312.1712 0.0000
-312.7061 0.0000
-313.3321 0.0000
-313.1840 0.0000
-312.4220 0.0000
-312.9338 0.0000
-313.2703 0.0000
-313.6409 0.0000
-313.8961 0.0000
-314.2550 0.0000
-314.7591 0.0000
-314.7383 0.0000
-315.7129 0.0000
-314.7631 0.0000
-315.2654 0.0000
-315.5171 0.0000
-315.6298 0.0000
-315.5078 0.0000
-314.7903 0.0000
-315.5035 0.0000
-315.2810 0.0000
-315.1303 0.0000
-315.6268 0.0000
-316.0316 0.0000
-315.3367 0.0000
-316.4738 0.0000
-316.3848 0.0000
-316.3494 0.0000
-316.4484 0.0000
-316.9994 0.0000
-316.4693 0.0000
-316.8767 0.0000
-317.2972 0.0000
-316.6648 0.0000
-316.4155 0.0000
-316.6826 0.0000
-316.4892 0.0000
-315.7271 0.0000
-315.0683 0.0000
-314.7477 0.0000
-315.2200 0.0000
-314.6415 0.0000
-315.1560 0.0000
-314.6614 0.0000
-314.1864 0.0000
-314.9094 0.0000
-315.3596 0.0000
-315.7283 0.0000
-315.0011 0.0000
-315.6276 0.0000
-315.8220 0.0000
-316.0593 0.0000
-316.3710 0.0000
-317.2691 0.0000
-317.1245 0.0000
-316.8441 0.0000
-317.2522 0.0000
-317.2622 0.0000
-316.7097 0.0000
-316.5646 0.0000
-316.1182 0.0000
-315.9933 0.0000
-316.2308 0.0000
-315.5491 0.0000
-315.4039 0.0000
-315.2020 0.0000
-316.3849 0.0000
-315.3087 0.0000
-314.7774 0.0000
-314.3240 0.0000
-315.2122 0.0000
-315.0017 0.0000
-315.6053 0.0000
-315.7833 0.0000
-317.4855 0.0000
-316.3205 0.0000
-316.2948 0.0000
-316.6044 0.0000
-316.3048 0.0000
-315.6420 0.0000
-315.8371 0.0000
-316.0840 0.0000
-316.2602 0.0000
-316.2564 0.0000
-316.0916 0.0000
-316.7377 0.0000
-316.3839 0.0000
-316.6053 0.0000
-316.0566 0.0000
-316.3593 0.0000
-315.8529 0.0000
-315.4949 0.0000
-316.9832 0.0000
-315.9843 0.0000
-315.8243 0.0000
-316.4937 0.0000
-316.8395 0.0000
-316.3761 0.0000
-315.4969 0.0000
-317.2245 0.0000
-317.7501 0.0000
-317.3161 0.0000
-316.6695 0.0000
-316.4000 0.0000
-316.2709 0.0000
-315.3208 0.0000
-315.5880 0.0000
-315.4105 0.0000
-314.8470 0.0000
-315.5807 0.0000
-315.2620 0.0000
-316.0088 0.0000
-316.6146 0.0000
-315.2609 0.0000
-316.1032 0.0000
-316.5030 0.0000
-316.3015 0.0000
-317.0311 0.0000
-317.4134 0.0000
-316.8221 0.0000
-317.2953 0.0000
-316.5476 0.0000
-317.9927 0.0000
-317.8132 0.0000
-317.7268 0.0000
-318.3817 0.0000
-319.1480 0.0000
-318.3211 0.0000
-317.5548 0.0000
-317.6866 0.0000
-317.4325 0.0000
-316.5728 0.0000
-316.2993 0.0000
-315.2843 0.0000
-314.9051 0.0000
-315.4233 0.0000
-315.8865 0.0000
-315.9210 0.0000
-317.3812 0.0000
-316.8809 0.0000
-317.9074 0.0000
-319.3803 0.0000
-319.4831 0.0000
-320.6464 0.0000
-319.7046 0.0000
-317.8380 0.0000
-321.0473 0.0000
-318.8931 0.0000
-319.1540 0.0000
-320.5516 0.0000
-320.6413 0.0000
-320.2590 0.0000
-319.8589 0.0000
-320.4084 0.0000
-321.1395 0.0000
-320.2966 0.0000
-321.2535 0.0000
-320.4091 0.0000
-320.7612 0.0000
-320.0943 0.0000
-320.9599 0.0000
-319.9954 0.0000
-320.2943 0.0000
-319.4342 0.0000
-319.7125 0.0000
-319.8571 0.0000
-320.5861 0.0000
-320.0452 0.0000
-320.2250 0.0000
-321.1895 0.0000
-319.8344 0.0000
-319.4170 0.0000
-319.5914 0.0000
-320.3620 0.0000
-319.2741 0.0000
-319.2429 0.0000
-319.0300 0.0000
-320.1529 0.0000
-318.6092 0.0000
-318.7167 0.0000
-318.9433 0.0000
-319.5193 0.0000
-320.1763 0.0000
-320.2519 0.0000
-320.8440 0.0000
-319.8700 0.0000
-320.6390 0.0000
-320.7070 0.0000
-321.3394 0.0000
-321.0498 0.0000
-320.1145 0.0000
-319.6812 0.0000
-319.8065 0.0000
-319.8522 0.0000
-319.1464 0.0000
-319.8718 0.0000
-319.8221 0.0000
-319.5305 0.0000
-319.6458 0.0000
-319.1999 0.0000
-318.8306 0.0000
-318.6417 0.0000
-319.3134 0.0000
-318.7993 0.0000
-318.4606 0.0000
-318.1045 0.0000
-318.9022 0.0000
-318.1714 0.0000
-317.6540 0.0000
-317.4376 0.0000
-317.3581 0.0000
-317.7584 0.0000
-317.4323 0.0000
-318.0500 0.0000
-318.2690 0.0000
-318.7520 0.0000
-318.7802 0.0000
-319.0936 0.0000
-318.8881 0.0000
-318.9913 0.0000
-321.3609 0.0000
-320.8157 0.0000
-321.8016 0.0000
-322.3913 0.0000
-321.5392 0.0000
-321.4937 0.0000
-321.7404 0.0000
-321.1173 0.0000
-321.4308 0.0000
-321.8251 0.0000
-320.7400 0.0000
-322.2765 0.0000
-322.2289 0.0000
-322.5819 0.0000
-323.1689 0.0000
-321.8727 0.0000
-324.5423 0.0000
-324.2581 0.0000
-323.6490 0.0000
-323.3179 0.0000
-324.6637 0.0000
-324.7615 0.0000
-324.0017 0.0000
-327.1453 0.0000
-327.0614 0.0000
-326.0187 0.0000
-326.7323 0.0000
-327.3124 0.0000
-326.8395 0.0000
-326.6380 0.0000
-327.8682 0.0000
-327.3949 0.0000
-328.1990 0.0000
-326.7293 0.0000
-326.8859 0.0000
-328.0642 0.0000
-327.0377 0.0000
-327.3237 0.0000
-327.3588 0.0000
-327.3461 0.0000
-327.9118 0.0000
-326.3254 0.0000
-327.8901 0.0000
-327.8511 0.0000
-327.3814 0.0000
-326.5655 0.0000
-325.8312 0.0000
-326.7414 0.0000
-326.7349 0.0000
-326.9681 0.0000
-327.7869 0.0000
-326.6714 0.0000
-327.0135 0.0000
-326.8829 0.0000
-325.9496 0.0000
-325.7595 0.0000
-326.2802 0.0000
-326.4971 0.0000
-326.2798 0.0000
-326.9832 0.0000
-326.1268 0.0000
-325.4635 0.0000
-325.0062 0.0000
-325.2923 0.0000
-326.2357 0.0000
-326.3655 0.0000
-326.6961 0.0000
-326.7823 0.0000
-325.5830 0.0000
-325.6299 0.0000
-325.4459 0.0000
-325.0057 0.0000
-325.7948 0.0000
-325.7825 0.0000
-327.0254 0.0000
-327.1073 0.0000
-326.7266 0.0000
-326.4401 0.0000
-327.0357 0.0000
-328.2698 0.0000
-327.8462 0.0000
-327.3443 0.0000
-327.7270 0.0000
-328.0842 0.0000
-327.7276 0.0000
-328.1834 0.0000
-327.3983 0.0000
-327.4916 0.0000
-326.9733 0.0000
-326.5455 0.0000
-327.2973 0.0000
-326.7947 0.0000
-325.4774 0.0000
-326.0496 0.0000
-325.3788 0.0000
-325.8045 0.0000
-325.9404 0.0000
-325.4786 0.0000
-325.1380 0.0000
-325.2247 0.0000
-325.3914 0.0000
-324.3100 0.0000
-324.3865 0.0000
-324.3077 0.0000
-323.7044 0.0000
-324.2800 0.0000
-324.8925 0.0000
-325.4065 0.0000
-326.0636 0.0000
-325.3163 0.0000
-325.7283 0.0000
-326.1815 0.0000
-326.5863 0.0000
-326.0455 0.0000
-326.4484 0.0000
-325.5000 0.0000
-325.5511 0.0000
-325.7679 0.0000
-325.8758 0.0000
-325.8419 0.0000
-325.5724 0.0000
-326.2778 0.0000
-325.4095 0.0000
-325.8633 0.0000
-325.6688 0.0000
-325.6510 0.0000
-326.0522 0.0000
-325.8018 0.0000
-326.1417 0.0000
-326.1612 0.0000
-327.3735 0.0000
-327.3140 0.0000
-327.9233 0.0000
-327.8924 0.0000
-326.3220 0.0000
-326.7221 0.0000
-327.5634 0.0000
-327.0841 0.0000
-327.5094 0.0000
-326.9760 0.0000
-326.6929 0.0000
-326.3022 0.0000
-327.2621 0.0000
-327.1450 0.0000
-327.2748 0.0000
-327.5006 0.0000
-327.3290 0.0000
-327.3613 0.0000
-327.4072 0.0000
-328.2617 0.0000
-328.8216 0.0000
-327.1575 0.0000
-326.5315 0.0000
-327.0559 0.0000
-327.1959 0.0000
-326.8980 0.0000
-327.4916 0.0000
-326.1013 0.0000
-326.5767 0.0000
-326.9761 0.0000
-327.2188 0.0000
-326.4813 0.0000
-326.1265 0.0000
-326.0132 0.0000
-325.9994 0.0000
-325.9202 0.0000
-325.6604 0.0000
-325.8716 0.0000
-326.6164 0.0000
-326.3667 0.0000
-325.4182 0.0000
-326.4744 0.0000
-326.7650 0.0000
-326.1677 0.0000
-326.3737 0.0000
-325.7154 0.0000
-325.8084 0.0000
-325.6949 0.0000
-326.5291 0.0000
-326.9596 0.0000
-325.6352 0.0000
-326.9307 0.0000
-326.8967 0.0000
-326.6518 0.0000
-327.0454 0.0000
-327.1471 0.0000
-326.7079 0.0000
-326.3335 0.0000
-327.4742 0.0000
-327.6306 0.0000
-326.8279 0.0000
-327.2404 0.0000
-327.4137 0.0000
-328.1553 0.0000
-327.1682 0.0000
-326.7746 0.0000
-325.9180 0.0000
-327.3349 0.0000
-326.5337 0.0000
-327.1460 0.0000
-326.8137 0.0000
-326.6343 0.0000
-328.0504 0.0000
-325.1801 0.0000
-325.1849 0.0000
-325.7858 0.0000
-326.0942 0.0000
-325.7529 0.0000
-325.0958 0.0000
-325.3289 0.0000
-326.2121 0.0000
-326.4045 0.0000
-326.0429 0.0000
-327.4183 0.0000
-325.1374 0.0000
-327.5120 0.0000
-326.5264 0.0000
-325.8957 0.0000
-325.3406 0.0000
-325.4115 0.0000
-325.2859 0.0000
-324.9690 0.0000
-324.9893 0.0000
-325.0572 0.0000
-325.7369 0.0000
-324.0702 0.0000
-325.2401 0.0000
-325.3887 0.0000
-325.3937 0.0000
-325.5387 0.0000
-325.6264 0.0000
-325.4684 0.0000
-324.8601 0.0000
-326.2411 0.0000
-324.8662 0.0000
-324.0400 0.0000
-323.1894 0.0000
-323.9918 0.0000
-322.8202 0.0000
-322.1148 0.0000
-324.2098 0.0000
-322.5014 0.0000
-321.6788 0.0000
-322.7560 0.0000
-323.2708 0.0000
-322.2361 0.0000
-322.9208 0.0000
-322.4895 0.0000
-322.4993 0.0000
-321.4990 0.0000
-322.4337 0.0000
-322.2765 0.0000
-322.9058 0.0000
-322.3767 0.0000
-323.3729 0.0000
-323.3408 0.0000
-323.2573 0.0000
-323.0743 0.0000
-322.4109 0.0000
-322.5358 0.0000
-323.4769 0.0000
-322.9401 0.0000
-323.6701 0.0000
-322.6956 0.0000
-322.4048 0.0000
-322.5446 0.0000
-322.7803 0.0000
-323.4565 0.0000
-323.8390 0.0000
-323.0604 0.0000
-322.9108 0.0000
-322.6630 0.0000
-322.6351 0.0000
-323.2151 0.0000
-323.4277 0.0000
-323.3334 0.0000
-323.8150 0.0000
-322.8970 0.0000
-323.9052 0.0000
-324.0230 0.0000
-322.5729 0.0000
-323.0602 0.0000
-323.5194 0.0000
-322.3691 0.0000
-323.0907 0.0000
-322.9542 0.0000
-322.4671 0.0000
-323.9009 0.0000
-322.3958 0.0000
-322.9399 0.0000
-323.1116 0.0000
-323.5665 0.0000
-323.5685 0.0000
-324.0687 0.0000
-323.5189 0.0000
-323.8191 0.0000
-323.6233 0.0000
-323.8165 0.0000
-322.3426 0.0000
-321.6905 0.0000
-322.1316 0.0000
-321.9173 0.0000
-321.4924 0.0000
-321.9579 0.0000
-322.3246 0.0000
-321.5388 0.0000
-321.7744 0.0000
-322.4801 0.0000
-322.8356 0.0000
-323.0566 0.0000
-322.5806 0.0000
-322.1102 0.0000
-322.8095 0.0000
-322.8021 0.0000
-322.2832 0.0000
-322.0144 0.0000
-323.0796 0.0000
-322.5183 0.0000
-321.8336 0.0000
-322.1280 0.0000
-322.1881 0.0000
-322.5904 0.0000
-322.0754 0.0000
-321.6750 0.0000
-322.5693 0.0000
-321.7713 0.0000
-322.4840 0.0000
-322.3449 0.0000
-323.0545 0.0000
-322.6769 0.0000
-322.8531 0.0000
-321.8132 0.0000
-322.8620 0.0000
-323.3109 0.0000
-323.1022 0.0000
-322.9376 0.0000
-323.3495 0.0000
-323.1441 0.0000
-322.3281 0.0000
-322.4530 0.0000
-322.2384 0.0000
-322.7124 0.0000
-321.8974 0.0000
-322.2081 0.0000
-322.2408 0.0000
-321.9912 0.0000
-322.3532 0.0000
-322.1056 0.0000
-321.0438 0.0000
-320.7335 0.0000
-320.8804 0.0000
-321.0489 0.0000
-321.8202 0.0000
-322.4702 0.0000
-322.8270 0.0000
-322.3088 0.0000
-321.9641 0.0000
-321.5832 0.0000
-321.6478 0.0000
-322.0252 0.0000
-320.9907 0.0000
-320.7366 0.0000
-320.6306 0.0000
-320.0603 0.0000
-320.7744 0.0000
-321.2026 0.0000
-320.6854 0.0000
-320.8397 0.0000
-320.7578 0.0000
-320.6795 0.0000
-321.4454 0.0000
-322.8006 0.0000
-321.3032 0.0000
-321.6744 0.0000
-321.9351 0.0000
-321.2215 0.0000
-321.4200 0.0000
-321.0325 0.0000
-320.5391 0.0000
-321.3081 0.0000
-320.8491 0.0000
-320.8702 0.0000
-320.8700 0.0000
-322.0502 0.0000
-321.2899 0.0000
-320.7869 0.0000
-321.4814 0.0000
-321.1937 0.0000
-320.6181 0.0000
-320.2043 0.0000
-319.7616 0.0000
-320.0900 0.0000
-320.8498 0.0000
-320.8231 0.0000
-320.9451 0.0000
-321.7116 0.0000
-321.2618 0.0000
-320.7735 0.0000
-320.8634 0.0000
-320.7696 0.0000
-325.0701 0.0000
-324.4851 0.0000
-324.9761 0.0000
-324.6147 0.0000
-324.6715 0.0000
-324.8217 0.0000
-325.3339 0.0000
-323.9134 0.0000
-324.6726 0.0000
-323.6903 0.0000
-324.5041 0.0000
-326.0347 0.0000
-325.1111 0.0000
-324.3269 0.0000
-325.2372 0.0000
-325.6724 0.0000
-324.3859 0.0000
-325.7331 0.0000
-325.0106 0.0000
-326.4820 0.0000
-324.7071 0.0000
-324.2398 0.0000
-325.4053 0.0000
-325.4253 0.0000
-326.3413 0.0000
-325.9998 0.0000
-325.0041 0.0000
-325.2932 0.0000
-324.9776 0.0000
-326.0024 0.0000
-326.3101 0.0000
-324.5390 0.0000
-325.5393 0.0000
-325.2658 0.0000
-324.8264 0.0000
-324.8797 0.0000
-325.2694 0.0000
-324.2945 0.0000
-323.9507 0.0000
-324.4842 0.0000
-325.1326 0.0000
-325.0524 0.0000
-325.2111 0.0000
-325.7076 0.0000
-325.6789 0.0000
-326.0484 0.0000
-326.0212 0.0000
-325.7372 0.0000
-326.1018 0.0000
-325.9898 0.0000
-324.7999 0.0000
-325.3268 0.0000
-324.4819 0.0000
-324.2501 0.0000
-324.7876 0.0000
-325.0895 0.0000
-324.4055 0.0000
-324.9794 0.0000
-324.8948 0.0000
-326.6199 0.0000
-324.9306 0.0000
-325.1161 0.0000
-324.5812 0.0000
-324.5018 0.0000
-324.6994 0.0000
-325.1215 0.0000
-324.8653 0.0000
-324.8813 0.0000
-325.3011 0.0000
-325.6475 0.0000
-325.5033 0.0000
-324.9095 0.0000
-325.5700 0.0000
-325.2517 0.0000
-324.8187 0.0000
-324.6594 0.0000
-323.9439 0.0000
-324.0059 0.0000
-324.1624 0.0000
-322.3719 0.0000
-322.6900 0.0000
-322.3957 0.0000
-321.1782 0.0000
-321.7694 0.0000
-321.0182 0.0000
-322.4121 0.0000
-320.3068 0.0000
-323.1102 0.0000
-322.6666 0.0000
-322.8761 0.0000
-321.5813 0.0000
-322.5810 0.0000
-321.7173 0.0000
-322.5228 0.0000
-323.4288 0.0000
-323.2266 0.0000
-322.3073 0.0000
-321.0254 0.0000
-320.2932 0.0000
-320.5222 0.0000
-319.5090 0.0000
-319.8466 0.0000
-320.9279 0.0000
-320.4159 0.0000
-320.0213 0.0000
-319.8210 0.0000
-320.6265 0.0000
-321.1304 0.0000
-320.4213 0.0000
-320.5729 0.0000
-321.3325 0.0000
-321.5324 0.0000
-322.4691 0.0000
-323.7398 0.0000
-323.5552 0.0000
-323.6347 0.0000
-323.4297 0.0000
-323.4141 0.0000
-323.8016 0.0000
-323.1906 0.0000
-323.4783 0.0000
-322.6686 0.0000
-322.2773 0.0000
-322.6764 0.0000
-322.5108 0.0000
-323.3977 0.0000
-323.4680 0.0000
-324.2930 0.0000
-324.4454 0.0000
-324.0129 0.0000
-323.7788 0.0000
-325.6173 0.0000
-324.1716 0.0000
-324.8236 0.0000
-324.3060 0.0000
-324.2473 0.0000
-323.1950 0.0000
-324.0101 0.0000
-324.0650 0.0000
-324.8466 0.0000
-325.5802 0.0000
-325.4111 0.0000
-325.8604 0.0000
-326.7091 0.0000
-324.8837 0.0000
-325.8978 0.0000
-325.0368 0.0000
-324.4509 0.0000
-324.3927 0.0000
-323.7410 0.0000
-324.4423 0.0000
-325.1024 0.0000
-324.7237 0.0000
-324.9581 0.0000
-323.8580 0.0000
-325.3169 0.0000
-325.5406 0.0000
-325.4965 0.0000
-324.7448 0.0000
-324.3667 0.0000
-324.6602 0.0000
-325.2909 0.0000
-324.6797 0.0000
-324.8682 0.0000
-324.7490 0.0000
-324.4910 0.0000
-324.6984 0.0000
-326.5192 0.0000
-326.1284 0.0000
-324.7134 0.0000
-323.5461 0.0000
-325.3374 0.0000
-325.2306 0.0000
-324.2427 0.0000
-324.5426 0.0000
-324.5811 0.0000
-324.2547 0.0000
-325.4753 0.0000
-326.3283 0.0000
-326.1458 0.0000
-326.1481 0.0000
-326.0141 0.0000
-325.0572 0.0000
-325.8079 0.0000
-326.3813 0.0000
-326.9548 0.0000
-326.0705 0.0000
-326.3677 0.0000
-325.6883 0.0000
-325.7249 0.0000
-326.1720 0.0000
-324.7227 0.0000
-325.9602 0.0000
-327.0641 0.0000
-326.8927 0.0000
-326.3257 0.0000
-326.7861 0.0000
-326.1930 0.0000
-327.0919 0.0000
-326.4310 0.0000
-334.2158 0.0000
-336.0543 0.0000
-334.1449 0.0000
-336.1156 0.0000
-335.0027 0.0000
-336.0571 0.0000
-336.9299 0.0000
-335.0959 0.0000
-336.2461 0.0000
-334.5184 0.0000
-335.5079 0.0000
-335.3078 0.0000
-332.3294 0.0000
-332.2131 0.0000
-331.7648 0.0000
-330.9689 0.0000
-330.0704 0.0000
-331.0420 0.0000
-329.4024 0.0000
-331.6370 0.0000
-331.5584 0.0000
-330.6231 0.0000
-332.0935 0.0000
-330.7017 0.0000
-334.6285 0.0000
-334.8303 0.0000
-333.9803 0.0000
-336.2872 0.0000
-338.3664 0.0000
-338.0748 0.0000
-336.0731 0.0000
-335.4752 0.0000
-335.2359 0.0000
-336.4519 0.0000
-334.5564 0.0000
-334.6547 0.0000
-336.1382 0.0000
-335.7506 0.0000
-338.0122 0.0000
-338.1240 0.0000
-338.5130 0.0000
-339.3997 0.0000
-338.8413 0.0000
-339.0389 0.0000
-338.1478 0.0000
-340.9918 0.0000
-338.2092 0.0000
-340.7687 0.0000
-337.7823 0.0000
-337.9740 0.0000
-338.7784 0.0000
-334.8867 0.0000
-339.7660 0.0000
-338.6771 0.0000
-336.7867 0.0000
-334.5322 0.0000
-337.7278 0.0000
-336.3193 0.0000
-334.7009 0.0000
-333.0117 0.0000
-333.3294 0.0000
-335.8027 0.0000
-335.8375 0.0000
-337.0605 0.0000
-336.4642 0.0000
-335.0339 0.0000
-337.3077 0.0000
-335.0283 0.0000
-332.7395 0.0000
-334.3299 0.0000
-332.9872 0.0000
-332.3410 0.0000
-332.2480 0.0000
-330.9890 0.0000
-335.8919 0.0000
-335.3693 0.0000
-334.8718 0.0000
-336.7326 0.0000
-337.1982 0.0000
-335.8319 0.0000
-335.4450 0.0000
-336.4150 0.0000
-337.8388 0.0000
-332.9020 0.0000
-332.5502 0.0000
-333.1457 0.0000
-333.3472 0.0000
-332.8315 0.0000
-332.3770 0.0000
-331.0588 0.0000
-331.7563 0.0000
-333.5373 0.0000
-331.9873 0.0000
-331.8932 0.0000
-332.5654 0.0000
-333.0362 0.0000
-332.4200 0.0000
-334.2579 0.0000
-334.7739 0.0000
-334.8701 0.0000
-333.4543 0.0000
-333.2613 0.0000
-333.4788 0.0000
-331.4534 0.0000
-330.4447 0.0000
-331.4755 0.0000
-330.9108 0.0000
-331.6960 0.0000
-333.8771 0.0000
-329.5756 0.0000
-332.5933 0.0000
-331.7818 0.0000
-332.4729 0.0000
-333.6021 0.0000
-332.8418 0.0000
-334.8267 0.0000
-333.9684 0.0000
-332.3239 0.0000
-332.4571 0.0000
-330.1967 0.0000
-328.1583 0.0000
-328.7949 0.0000
-329.7449 0.0000
-329.0064 0.0000
-328.9158 0.0000
-328.1124 0.0000
-329.3494 0.0000
-329.7978 0.0000
-331.1551 0.0000
-331.9756 0.0000
-331.8773 0.0000
-330.8496 0.0000
-329.6320 0.0000
-327.5857 0.0000
-328.4042 0.0000
-327.5893 0.0000
-326.3892 0.0000
-326.2937 0.0000
-326.6674 0.0000
-327.0226 0.0000
-326.9298 0.0000
-327.5419 0.0000
-329.0167 0.0000
-326.8531 0.0000
-327.0029 0.0000
-324.8954 0.0000
-323.8120 0.0000
-324.9332 0.0000
-323.8436 0.0000
-325.4412 0.0000
-324.0487 0.0000
-324.3247 0.0000
-324.3034 0.0000
-323.4172 0.0000
-324.0254 0.0000
-323.3642 0.0000
-322.6325 0.0000
-323.5732 0.0000
-325.0438 0.0000
-324.0921 0.0000
-324.1976 0.0000
-323.1939 0.0000
-322.9959 0.0000
-323.7733 0.0000
-323.2001 0.0000
-323.0318 0.0000
-324.0009 0.0000
-323.0959 0.0000
-323.1410 0.0000
-324.5812 0.0000
-322.9335 0.0000
-322.5324 0.0000
-323.6053 0.0000
-321.8319 0.0000
-321.9861 0.0000
-322.8062 0.0000
-325.7416 0.0000
-325.8554 0.0000
-327.6609 0.0000
-326.1196 0.0000
-326.3273 0.0000
-324.8879 0.0000
-326.5204 0.0000
-326.3111 0.0000
-326.1604 0.0000
-326.9412 0.0000
-328.4115 0.0000
-324.7780 0.0000
-323.8000 0.0000
-324.9440 0.0000
-324.6956 0.0000
-324.5427 0.0000
-324.6937 0.0000
-321.9951 0.0000
-323.3923 0.0000
-323.9299 0.0000
-324.3513 0.0000
-324.6307 0.0000
-323.4583 0.0000
-325.3129 0.0000
-323.5062 0.0000
-324.4092 0.0000
-324.4314 0.0000
-324.9794 0.0000
-326.3646 0.0000
-324.8942 0.0000
-326.1033 0.0000
-325.4966 0.0000
-327.1058 0.0000
-326.3424 0.0000
-327.0400 0.0000
-327.1318 0.0000
-326.8201 0.0000
-328.0957 0.0000
-326.7413 0.0000
-325.9461 0.0000
-326.4289 0.0000
-327.8706 0.0000
-326.1142 0.0000
-326.7885 0.0000
-326.6362 0.0000
-326.5902 0.0000
-327.5555 0.0000
-327.6487 0.0000
-326.7432 0.0000
-327.5010 0.0000
-326.9419 0.0000
-326.9682 0.0000
-326.7949 0.0000
-326.7486 0.0000
-327.3474 0.0000
-327.8115 0.0000
-328.2800 0.0000
-329.2874 0.0000
-327.1371 0.0000
-326.1424 0.0000
-327.3748 0.0000
-327.8198 0.0000
-326.8282 0.0000
-328.5688 0.0000
-328.5106 0.0000
-328.9980 0.0000
-327.9065 0.0000
-329.5723 0.0000
-329.4253 0.0000
-330.1826 0.0000
-330.7722 0.0000
-329.8802 0.0000
-330.3610 0.0000
-331.0500 0.0000
-330.7318 0.0000
-330.7232 0.0000
-331.9575 0.0000
-331.1659 0.0000
-331.3010 0.0000
-330.9278 0.0000
-330.5713 0.0000
-329.9227 0.0000
-330.2428 0.0000
-329.0583 0.0000
-329.7964 0.0000
-329.6083 0.0000
-331.1384 0.0000
-331.0213 0.0000
-330.4810 0.0000
-330.6903 0.0000
-330.0377 0.0000
-330.4159 0.0000
-330.5542 0.0000
-330.9940 0.0000
-330.9673 0.0000
-330.9004 0.0000
-330.1525 0.0000
-331.1158 0.0000
-330.5043 0.0000
-330.1659 0.0000
-329.4622 0.0000
-329.9404 0.0000
-329.5808 0.0000
-328.5851 0.0000
-328.3888 0.0000
-328.4516 0.0000
-327.9062 0.0000
-328.1245 0.0000
-328.4915 0.0000
-327.9294 0.0000
-326.3323 0.0000
-326.0050 0.0000
-326.3087 0.0000
-326.8105 0.0000
-325.9059 0.0000
-327.0497 0.0000
-327.3437 0.0000
-328.0301 0.0000
-328.4371 0.0000
-328.1795 0.0000
-327.7592 0.0000
-328.1913 0.0000
-328.4447 0.0000
-327.7614 0.0000
-320.1881 0.0000
-317.1011 0.0000
-316.6427 0.0000
-317.1334 0.0000
-315.8678 0.0000
-316.8304 0.0000
-317.2733 0.0000
-317.2047 0.0000
-316.4579 0.0000
-314.6468 0.0000
-315.1684 0.0000
-314.3511 0.0000
-314.3987 0.0000
-313.4759 0.0000
-315.0035 0.0000
-314.4826 0.0000
-313.1831 0.0000
-312.8238 0.0000
-313.3610 0.0000
-313.7527 0.0000
-311.7470 0.0000
-310.4704 0.0000
-310.7563 0.0000
-311.2114 0.0000
-310.4635 0.0000
-310.8961 0.0000
-309.7095 0.0000
-310.0385 0.0000
-310.6513 0.0000
-308.1982 0.0000
-308.3629 0.0000
-308.3619 0.0000
-308.1527 0.0000
-307.9123 0.0000
-307.3025 0.0000
-307.2680 0.0000
-306.1966 0.0000
-306.7911 0.0000
-307.1025 0.0000
-307.8111 0.0000
-306.5483 0.0000
-306.6777 0.0000
-306.2217 0.0000
-306.0750 0.0000
-306.9631 0.0000
-306.7761 0.0000
-306.5220 0.0000
-306.2145 0.0000
-306.8841 0.0000
-305.3437 0.0000
-306.1216 0.0000
-307.6451 0.0000
-307.0330 0.0000
-307.5687 0.0000
-307.3998 0.0000
-308.3111 0.0000
-308.3683 0.0000
-307.3796 0.0000
-308.2834 0.0000
-308.7136 0.0000
-308.0857 0.0000
-306.8833 0.0000
-306.9412 0.0000
-308.0036 0.0000
-307.2704 0.0000
-307.4861 0.0000
-306.6398 0.0000
-306.9978 0.0000
-306.4010 0.0000
-306.3277 0.0000
-306.6946 0.0000
-306.5538 0.0000
-306.4354 0.0000
-305.9568 0.0000
-306.4230 0.0000
-304.7821 0.0000
-304.2579 0.0000
-304.5984 0.0000
-303.6687 0.0000
-304.7572 0.0000
-303.7725 0.0000
-304.3871 0.0000
-304.6133 0.0000
-303.7963 0.0000
-302.8228 0.0000
-303.8909 0.0000
-304.5030 0.0000
-304.8209 0.0000
-304.7543 0.0000
-305.2852 0.0000
-304.1361 0.0000
-306.0439 0.0000
-307.2457 0.0000
-307.4679 0.0000
-306.2798 0.0000
-306.8903 0.0000
-306.5922 0.0000
-304.8996 0.0000
-306.1487 0.0000
-307.1865 0.0000
-306.6731 0.0000
-308.5587 0.0000
-305.9981 0.0000
-307.3656 0.0000
-306.1423 0.0000
-305.6066 0.0000
-306.4259 0.0000
-304.4804 0.0000
-305.5801 0.0000
-306.8111 0.0000
-307.1069 0.0000
-307.6852 0.0000
-307.5043 0.0000
-307.7069 0.0000
-308.5418 0.0000
-309.3962 0.0000
-306.8660 0.0000
-308.0826 0.0000
-307.4198 0.0000
-306.8157 0.0000
-306.8402 0.0000
-306.1226 0.0000
-306.8515 0.0000
-308.3035 0.0000
-306.3654 0.0000
-305.6554 0.0000
-307.0954 0.0000
-308.1826 0.0000
-307.2893 0.0000
-306.4909 0.0000
-308.2027 0.0000
-307.1483 0.0000
-308.8274 0.0000
-306.4024 0.0000
-309.2501 0.0000
-309.3604 0.0000
-308.3862 0.0000
-308.1039 0.0000
-306.6758 0.0000
-308.0558 0.0000
-307.8762 0.0000
-308.2381 0.0000
-307.3256 0.0000
-307.9103 0.0000
-308.0879 0.0000
-307.7862 0.0000
-309.2340 0.0000
-309.8181 0.0000
-307.5184 0.0000
-307.5464 0.0000
-308.2151 0.0000
-308.0723 0.0000
-309.7674 0.0000
-311.0739 0.0000
-311.5218 0.0000
-310.3260 0.0000
-311.5644 0.0000
-310.8244 0.0000
-309.8731 0.0000
-311.2723 0.0000
-311.7515 0.0000
-311.4846 0.0000
-311.6088 0.0000
-309.3717 0.0000
-312.6763 0.0000
-311.7131 0.0000
-311.4440 0.0000
-310.8263 0.0000
-312.3591 0.0000
-310.9867 0.0000
-314.0726 0.0000
-313.9871 0.0000
-315.5121 0.0000
-314.9816 0.0000
-314.8348 0.0000
-312.8964 0.0000
-313.6860 0.0000
-312.8287 0.0000
-313.1176 0.0000
-312.9707 0.0000
-314.2153 0.0000
-313.4109 0.0000
-315.3557 0.0000
-313.3367 0.0000
-316.3583 0.0000
-315.2006 0.0000
-315.8965 0.0000
-316.0135 0.0000
-314.7589 0.0000
-315.3163 0.0000
-315.4461 0.0000
-315.1392 0.0000
-314.1798 0.0000
-314.4241 0.0000
-312.7155 0.0000
-314.9065 0.0000
-315.2867 0.0000
-315.1436 0.0000
-314.6906 0.0000
-315.8293 0.0000
-310.8218 0.0000
-310.3414 0.0000
-310.9333 0.0000
-311.6895 0.0000
-310.9499 0.0000
-310.5190 0.0000
-308.7896 0.0000
-311.1935 0.0000
-310.8162 0.0000
-310.4777 0.0000
-310.3486 0.0000
-309.7053 0.0000
-310.5446 0.0000
-310.2444 0.0000
-310.0844 0.0000
-310.7733 0.0000
-309.4088 0.0000
-308.8191 0.0000
-309.4860 0.0000
-309.2497 0.0000
-310.6502 0.0000
-308.9562 0.0000
-308.0826 0.0000
-308.9634 0.0000
-309.4735 0.0000
-308.3294 0.0000
-310.1696 0.0000
-306.4962 0.0000
-308.1749 0.0000
-308.8966 0.0000
-307.8067 0.0000
-308.0032 0.0000
-308.0572 0.0000
-309.0082 0.0000
-307.6395 0.0000
-307.9310 0.0000
-308.7741 0.0000
-307.3704 0.0000
-307.7150 0.0000
-308.4619 0.0000
-307.8513 0.0000
-307.9893 0.0000
-308.6157 0.0000
-307.6214 0.0000
-307.4921 0.0000
-307.0001 0.0000
-307.4721 0.0000
-307.7749 0.0000
-307.5566 0.0000
-307.5216 0.0000
-307.1092 0.0000
-307.9539 0.0000
-306.4435 0.0000
-308.1078 0.0000
-307.3345 0.0000
-307.4126 0.0000
-308.6808 0.0000
-308.0564 0.0000
-307.0986 0.0000
-307.9687 0.0000
-308.1623 0.0000
-309.3769 0.0000
-308.0860 0.0000
-307.7261 0.0000
-308.3539 0.0000
-308.8363 0.0000
-309.3421 0.0000
-309.7547 0.0000
-308.8112 0.0000
-308.4129 0.0000
-308.9227 0.0000
-309.2039 0.0000
-310.9353 0.0000
-309.4001 0.0000
-310.2750 0.0000
-309.2628 0.0000
-309.7179 0.0000
-309.0508 0.0000
-308.6456 0.0000
-307.1996 0.0000
-308.1902 0.0000
-307.5432 0.0000
-307.2223 0.0000
-307.3939 0.0000
-307.1611 0.0000
-306.8721 0.0000
-306.0094 0.0000
-307.1819 0.0000
-308.1346 0.0000
-309.1223 0.0000
-308.7119 0.0000
-308.7709 0.0000
-308.5905 0.0000
-308.4842 0.0000
-307.5088 0.0000
-308.5923 0.0000
-307.5660 0.0000
-307.5331 0.0000
-308.4433 0.0000
-308.8471 0.0000
-322.1572 0.0000
-322.3585 0.0000
-322.6249 0.0000
-322.8963 0.0000
-323.1342 0.0000
-322.2350 0.0000
-322.1860 0.0000
-322.8124 0.0000
-322.5768 0.0000
-322.3135 0.0000
-323.2874 0.0000
-323.1374 0.0000
-322.1608 0.0000
-322.5262 0.0000
-323.5570 0.0000
-323.1457 0.0000
-323.0073 0.0000
-322.0430 0.0000
-323.3870 0.0000
-321.7116 0.0000
-322.3148 0.0000
-321.4192 0.0000
-323.3106 0.0000
-322.8959 0.0000
-322.3310 0.0000
-322.4269 0.0000
-322.8859 0.0000
-321.7695 0.0000
-322.5917 0.0000
-322.1284 0.0000
-322.9589 0.0000
-322.5396 0.0000
-322.4721 0.0000
-322.5834 0.0000
-322.2801 0.0000
-322.8150 0.0000
-322.4351 0.0000
-322.8221 0.0000
-322.7272 0.0000
-321.6192 0.0000
-322.2402 0.0000
-321.8033 0.0000
-321.6785 0.0000
-322.8098 0.0000
-323.6984 0.0000
-322.8213 0.0000
-322.3439 0.0000
-323.2526 0.0000
-323.8390 0.0000
-322.8441 0.0000
-322.4344 0.0000
-322.6436 0.0000
-322.0966 0.0000
-322.2740 0.0000
-321.2351 0.0000
-322.7545 0.0000
-322.7642 0.0000
-322.0411 0.0000
-322.3539 0.0000
-322.4233 0.0000
-322.4440 0.0000
-322.3870 0.0000
-322.8128 0.0000
-321.8731 0.0000
-321.7016 0.0000
-322.2807 0.0000
-322.4528 0.0000
-323.1418 0.0000
-322.2619 0.0000
-322.7212 0.0000
-322.2944 0.0000
-321.9674 0.0000
-322.1498 0.0000
-321.3208 0.0000
-323.0105 0.0000
-322.5047 0.0000
-322.7780 0.0000
-322.7343 0.0000
-322.6363 0.0000
-322.0792 0.0000
-322.7243 0.0000
-322.5775 0.0000
-322.5847 0.0000
-322.4489 0.0000
-322.0766 0.0000
-323.2253 0.0000
-323.0400 0.0000
-322.9289 0.0000
-322.1277 0.0000
-322.4643 0.0000
-322.5383 0.0000
-322.8645 0.0000
-322.0234 0.0000
-322.7195 0.0000
-322.3002 0.0000
-321.9961 0.0000
-323.1221 0.0000
-322.0140 0.0000
-322.4331 0.0000
-322.1260 0.0000
-308.3987 0.0000
-309.3831 0.0000
-308.6814 0.0000
-307.8268 0.0000
-306.4102 0.0000
-306.3409 0.0000
-309.5825 0.0000
-309.2116 0.0000
-307.9306 0.0000
-308.5919 0.0000
-308.8228 0.0000
-309.6078 0.0000
-309.5974 0.0000
-308.8117 0.0000
-309.3080 0.0000
-309.4105 0.0000
-308.7422 0.0000
-309.7248 0.0000
-309.6549 0.0000
-309.9247 0.0000
-310.8064 0.0000
-308.3475 0.0000
-307.2948 0.0000
-308.9895 0.0000
-310.5179 0.0000
-310.4449 0.0000
-307.4730 0.0000
-310.1796 0.0000
-310.7581 0.0000
-311.6988 0.0000
-311.0110 0.0000
-312.1792 0.0000
-312.4410 0.0000
-311.2074 0.0000
-309.6521 0.0000
-313.3386 0.0000
-312.1211 0.0000
-312.0594 0.0000
-310.3306 0.0000
-310.9467 0.0000
-312.6847 0.0000
-311.4603 0.0000
-312.6972 0.0000
-311.2570 0.0000
-309.9894 0.0000
-312.7373 0.0000
-312.1811 0.0000
-311.7868 0.0000
-313.3629 0.0000
-314.1803 0.0000
-314.5543 0.0000
-315.4100 0.0000
-314.4856 0.0000
-313.8726 0.0000
-312.0019 0.0000
-313.2847 0.0000
-313.3612 0.0000
-314.2965 0.0000
-313.2314 0.0000
-313.4626 0.0000
-314.3191 0.0000
-312.2141 0.0000
-313.6676 0.0000
-314.8050 0.0000
-314.5930 0.0000
-312.8068 0.0000
-311.9081 0.0000
-310.8030 0.0000
-310.6841 0.0000
-311.0426 0.0000
-311.3900 0.0000
-311.1567 0.0000
-309.8165 0.0000
-310.6313 0.0000
-310.0319 0.0000
-313.5225 0.0000
-312.1892 0.0000
-313.2029 0.0000
-313.4437 0.0000
-312.7239 0.0000
-313.0677 0.0000
-314.3200 0.0000
-313.3597 0.0000
-314.8662 0.0000
-312.6366 0.0000
-312.3896 0.0000
-314.0092 0.0000
-314.4740 0.0000
-313.8700 0.0000
-313.9647 0.0000
-316.0039 0.0000
-313.2740 0.0000
-313.0026 0.0000
-314.4976 0.0000
-313.1415 0.0000
-313.0130 0.0000
-311.4446 0.0000
-312.4746 0.0000
-313.7589 0.0000
-312.5507 0.0000
-314.2902 0.0000
-314.0423 0.0000
-314.7062 0.0000
-315.7397 0.0000
-314.7138 0.0000
-315.2906 0.0000
-312.7707 0.0000
-311.5545 0.0000
-310.9135 0.0000
-310.1280 0.0000
-310.6566 0.0000
-311.8849 0.0000
-311.1151 0.0000
-310.5817 0.0000
-310.5466 0.0000
-311.7067 0.0000
-310.5309 0.0000
-309.9861 0.0000
-310.4901 0.0000
-308.3398 0.0000
-308.1394 0.0000
-308.5849 0.0000
-305.6966 0.0000
-304.0495 0.0000
-306.2406 0.0000
-306.0095 0.0000
-304.8690 0.0000
-305.3676 0.0000
-306.8988 0.0000
-303.4123 0.0000
-307.9458 0.0000
-303.7655 0.0000
-303.7341 0.0000
-304.3611 0.0000
-305.5252 0.0000
-303.3384 0.0000
-304.7144 0.0000
-304.8459 0.0000
-303.5121 0.0000
-305.4253 0.0000
-308.3434 0.0000
-305.3036 0.0000
-307.7843 0.0000
-308.5385 0.0000
-307.6339 0.0000
-309.0302 0.0000
-309.2992 0.0000
-311.3487 0.0000
-308.6567 0.0000
-308.4886 0.0000
-307.5066 0.0000
-306.5637 0.0000
-309.5074 0.0000
-309.6881 0.0000
-307.9326 0.0000
-306.8450 0.0000
-308.8068 0.0000
-309.3142 0.0000
-308.7082 0.0000
-308.1184 0.0000
-308.5220 0.0000
-307.8053 0.0000
-310.0482 0.0000
-308.2376 0.0000
-309.1992 0.0000
-307.3688 0.0000
-307.9442 0.0000
-306.1979 0.0000
-306.2240 0.0000
-306.4459 0.0000
-305.1858 0.0000
-305.6255 0.0000
-306.0676 0.0000
-307.3555 0.0000
-304.9061 0.0000
-304.9738 0.0000
-304.9469 0.0000
-304.6359 0.0000
-304.4948 0.0000
-306.7653 0.0000
-308.1307 0.0000
-307.6173 0.0000
-307.9810 0.0000
-307.9776 0.0000
-308.9422 0.0000
-308.2466 0.0000
-309.2805 0.0000
-307.7761 0.0000
-308.7284 0.0000
-308.6885 0.0000
-309.1542 0.0000
-310.1852 0.0000
-309.9502 0.0000
-308.7385 0.0000
-310.7267 0.0000
-309.5399 0.0000
-306.9555 0.0000
-307.1228 0.0000
-306.1243 0.0000
-306.7421 0.0000
-306.4981 0.0000
-307.0338 0.0000
-305.9931 0.0000
-304.5381 0.0000
-306.4235 0.0000
-308.6024 0.0000
-309.1259 0.0000
-309.5361 0.0000
-310.4027 0.0000
-308.9239 0.0000
-309.5806 0.0000
-309.6990 0.0000
-310.3223 0.0000
-309.9349 0.0000
-309.8967 0.0000
-309.6737 0.0000
-309.7230 0.0000
-310.8044 0.0000
-311.8396 0.0000
-311.6606 0.0000
-312.9565 0.0000
-313.7805 0.0000
-311.8489 0.0000
-310.5224 0.0000
-311.1421 0.0000
-309.5906 0.0000
-310.1910 0.0000
-310.0361 0.0000
-309.4170 0.0000
-310.5225 0.0000
-310.4119 0.0000
-311.2715 0.0000
-312.1636 0.0000
-310.5909 0.0000
-312.3201 0.0000
-310.7739 0.0000
-312.7799 0.0000
-313.9042 0.0000
-313.9321 0.0000
-313.7611 0.0000
-312.4155 0.0000
-315.6871 0.0000
-314.0926 0.0000
-315.7974 0.0000
-312.5682 0.0000
-314.0687 0.0000
-311.9183 0.0000
-310.0928 0.0000
-311.1304 0.0000
-311.1761 0.0000
-309.7137 0.0000
-309.3239 0.0000
-309.4841 0.0000
-309.4800 0.0000
-308.4614 0.0000
-309.4643 0.0000
-309.5253 0.0000
-308.4550 0.0000
-307.2248 0.0000
-306.1552 0.0000
-308.1818 0.0000
-306.7930 0.0000
-306.9725 0.0000
-307.5654 0.0000
-308.2125 0.0000
-308.5070 0.0000
-307.2743 0.0000
-308.2999 0.0000
-307.0742 0.0000
-308.7001 0.0000
-308.7029 0.0000
-307.6249 0.0000
-306.7160 0.0000
-306.2651 0.0000
-307.0483 0.0000
-309.9012 0.0000
-308.0881 0.0000
-309.8665 0.0000
-309.9531 0.0000
-311.1648 0.0000
-309.4073 0.0000
-310.8463 0.0000
-309.9188 0.0000
-311.7587 0.0000
-310.3050 0.0000
-310.4706 0.0000
-310.0325 0.0000
-311.6446 0.0000
-309.7499 0.0000
-310.5270 0.0000
-311.6542 0.0000
-313.5504 0.0000
-310.4667 0.0000
-311.9758 0.0000
-313.3292 0.0000
-312.6449 0.0000
-312.1078 0.0000
-311.7797 0.0000
-314.8924 0.0000
-310.7570 0.0000
-313.6576 0.0000
-313.4959 0.0000
-313.3332 0.0000
-315.2556 0.0000
-313.2915 0.0000
-314.8692 0.0000
-314.7841 0.0000
-314.5346 0.0000
-314.7706 0.0000
-315.6228 0.0000
-313.4371 0.0000
-312.4971 0.0000
-312.5996 0.0000
-313.0470 0.0000
-313.3053 0.0000
-314.3830 0.0000
-313.5130 0.0000
-314.8503 0.0000
-315.9313 0.0000
-314.6062 0.0000
-316.3461 0.0000
-313.7069 0.0000
-315.6014 0.0000
-317.1114 0.0000
-314.3967 0.0000
-313.9058 0.0000
-313.2427 0.0000
-314.9837 0.0000
-317.0022 0.0000
-317.7294 0.0000
-318.1233 0.0000
-318.4544 0.0000
-318.0506 0.0000
-317.5786 0.0000
-317.5986 0.0000
-316.3191 0.0000
-315.9246 0.0000
-316.6166 0.0000
-317.5555 0.0000
-319.1201 0.0000
-316.2004 0.0000
-318.7463 0.0000
-316.7884 0.0000
-317.1518 0.0000
-316.2006 0.0000
-315.6280 0.0000
-316.3184 0.0000
-318.8286 0.0000
-314.8768 0.0000
-315.5557 0.0000
-315.7896 0.0000
-318.2514 0.0000
-317.2781 0.0000
-318.8602 0.0000
-320.0176 0.0000
-318.1808 0.0000
-317.9850 0.0000
-320.2338 0.0000
-319.7350 0.0000
-320.7763 0.0000
-319.3146 0.0000
-320.4482 0.0000
-318.6599 0.0000
-317.9462 0.0000
-317.0629 0.0000
-319.3317 0.0000
-317.5051 0.0000
-317.6181 0.0000
-317.1802 0.0000
-317.6623 0.0000
-317.6519 0.0000
-318.5409 0.0000
-319.6693 0.0000
-318.5891 0.0000
-323.1114 0.0000
-321.6525 0.0000
-318.9758 0.0000
-315.7198 0.0000
-320.1652 0.0000
-318.3351 0.0000
-317.6360 0.0000
-318.9078 0.0000
-316.0502 0.0000
-318.0289 0.0000
-317.1060 0.0000
-315.1631 0.0000
-318.4076 0.0000
-321.0386 0.0000
-321.3902 0.0000
-320.4273 0.0000
-322.1142 0.0000
-323.0302 0.0000
-322.9642 0.0000
-322.0159 0.0000
-319.9854 0.0000
-319.0405 0.0000
-319.8774 0.0000
-318.5836 0.0000
-317.2396 0.0000
-320.2509 0.0000
-320.4364 0.0000
-320.7648 0.0000
-320.4868 0.0000
-321.1616 0.0000
-320.3372 0.0000
-320.9264 0.0000
-319.2407 0.0000
-318.5142 0.0000
-318.6484 0.0000
-319.9961 0.0000
-318.7000 0.0000
-320.7829 0.0000
-321.4856 0.0000
-320.8584 0.0000
-321.6035 0.0000
-321.7477 0.0000
-321.7225 0.0000
-322.4334 0.0000
-320.2587 0.0000
-321.9788 0.0000
-321.2497 0.0000
-319.5936 0.0000
-321.5882 0.0000
-321.2546 0.0000
-321.9149 0.0000
-319.8950 0.0000
-318.0494 0.0000
-318.4427 0.0000
-318.3201 0.0000
-317.6040 0.0000
-317.6813 0.0000
-316.6829 0.0000
-317.4999 0.0000
-317.8022 0.0000
-318.1874 0.0000
-317.3433 0.0000
-318.5686 0.0000
-315.7072 0.0000
-317.0076 0.0000
-316.4789 0.0000
-315.2586 0.0000
-316.5247 0.0000
-317.3165 0.0000
-315.8083 0.0000
-317.1004 0.0000
-317.8598 0.0000
-316.8473 0.0000
-317.3838 0.0000
-318.1522 0.0000
-318.6965 0.0000
-319.2330 0.0000
-317.6454 0.0000
-318.9668 0.0000
-315.7662 0.0000
-318.1505 0.0000
-318.2266 0.0000
-316.5920 0.0000
-316.4411 0.0000
-315.6605 0.0000
-317.0139 0.0000
-315.6692 0.0000
-318.2508 0.0000
-318.8697 0.0000
-318.7097 0.0000
-318.9132 0.0000
-319.4161 0.0000
-319.0909 0.0000
-317.5659 0.0000
-317.7231 0.0000
-318.0727 0.0000
-317.9994 0.0000
-317.6714 0.0000
-317.5976 0.0000
-317.8493 0.0000
-315.6721 0.0000
-318.6561 0.0000
-317.6105 0.0000
-319.0495 0.0000
-318.2177 0.0000
-318.8705 0.0000
-317.4230 0.0000
-316.3138 0.0000
-316.3079 0.0000
-316.4434 0.0000
-318.6208 0.0000
-317.9711 0.0000
-317.1238 0.0000
-315.0525 0.0000
-318.6042 0.0000
-321.0981 0.0000
-319.7941 0.0000
-319.2698 0.0000
-318.6851 0.0000
-317.0643 0.0000
-316.8872 0.0000
-315.7681 0.0000
-314.7724 0.0000
-315.5182 0.0000
-315.1315 0.0000
-313.8173 0.0000
-310.9348 0.0000
-307.6073 0.0000
-309.2071 0.0000
-306.7951 0.0000
-306.8560 0.0000
-305.8348 0.0000
-305.7781 0.0000
-305.8386 0.0000
-305.9940 0.0000
-306.2697 0.0000
-306.4194 0.0000
-305.6045 0.0000
-306.6636 0.0000
-307.7839 0.0000
-305.3140 0.0000
-306.3456 0.0000
-307.2273 0.0000
-305.6706 0.0000
-304.4915 0.0000
-305.4698 0.0000
-305.6320 0.0000
-306.7007 0.0000
-306.0835 0.0000
-306.4706 0.0000
-305.5788 0.0000
-307.4820 0.0000
-304.7858 0.0000
-303.7739 0.0000
-306.8761 0.0000
-307.2626 0.0000
-308.7564 0.0000
-307.0732 0.0000
-305.0372 0.0000
-305.9038 0.0000
-306.4692 0.0000
-306.8447 0.0000
-306.5494 0.0000
-305.6708 0.0000
-305.9255 0.0000
-305.2869 0.0000
-304.3029 0.0000
-305.1669 0.0000
-303.7563 0.0000
-306.3748 0.0000
-304.5038 0.0000
-303.0298 0.0000
-305.0768 0.0000
-304.0017 0.0000
-303.3320 0.0000
-303.3439 0.0000
-303.6354 0.0000
-303.9316 0.0000
-302.6330 0.0000
-304.4808 0.0000
-304.6894 0.0000
-303.6677 0.0000
-302.3304 0.0000
-305.0631 0.0000
-305.3122 0.0000
-302.5339 0.0000
-305.3254 0.0000
-303.5338 0.0000
-302.1807 0.0000
-302.2763 0.0000
-301.2476 0.0000
-300.7438 0.0000
-302.8169 0.0000
-303.9929 0.0000
-303.1102 0.0000
-303.3439 0.0000
-304.1219 0.0000
-301.5304 0.0000
-303.9153 0.0000
-302.4044 0.0000
-302.4101 0.0000
-303.9185 0.0000
-302.9502 0.0000
-302.6979 0.0000
-301.1985 0.0000
-301.6377 0.0000
-303.6331 0.0000
-305.0493 0.0000
-304.8877 0.0000
-305.9871 0.0000
-307.7291 0.0000
-307.6965 0.0000
-307.8565 0.0000
-307.2901 0.0000
-307.4289 0.0000
-309.6400 0.0000
-311.9246 0.0000
-310.6853 0.0000
-309.6883 0.0000
-310.8918 0.0000
-311.2568 0.0000
-311.0170 0.0000
-311.4155 0.0000
-310.3499 0.0000
-310.3240 0.0000
-309.6316 0.0000
-327.1324 0.0000
-327.3409 0.0000
-323.6657 0.0000
-326.2878 0.0000
-326.2045 0.0000
-323.1887 0.0000
-325.5337 0.0000
-325.0874 0.0000
-324.1838 0.0000
-325.1390 0.0000
-326.0617 0.0000
-324.1074 0.0000
-324.4915 0.0000
-326.5825 0.0000
-323.8423 0.0000
-325.1348 0.0000
-325.0935 0.0000
-325.7306 0.0000
-323.4009 0.0000
-324.9808 0.0000
-325.3979 0.0000
-324.1985 0.0000
-324.5075 0.0000
-321.4010 0.0000
-325.5712 0.0000
-324.2046 0.0000
-324.9608 0.0000
-324.1076 0.0000
-325.1182 0.0000
-324.5834 0.0000
-324.6039 0.0000
-325.7053 0.0000
-323.7615 0.0000
-325.8920 0.0000
-324.9217 0.0000
-326.0077 0.0000
-323.8103 0.0000
-322.8692 0.0000
-323.4869 0.0000
-324.4584 0.0000
-325.0633 0.0000
-325.4498 0.0000
-323.4871 0.0000
-324.6025 0.0000
-324.8120 0.0000
-323.8966 0.0000
-323.3308 0.0000
-323.7228 0.0000
-326.4677 0.0000
-325.8920 0.0000
-324.5276 0.0000
-323.8769 0.0000
-326.4499 0.0000
-323.3808 0.0000
-325.0770 0.0000
-323.3919 0.0000
-325.5458 0.0000
-323.7441 0.0000
-324.3153 0.0000
-324.3072 0.0000
-325.4119 0.0000
-323.2863 0.0000
-324.2520 0.0000
-322.5144 0.0000
-324.1050 0.0000
-323.7524 0.0000
-325.4347 0.0000
-324.8546 0.0000
-325.6879 0.0000
-324.1399 0.0000
-323.0960 0.0000
-325.0159 0.0000
-324.7837 0.0000
-323.9325 0.0000
-324.5438 0.0000
-323.5731 0.0000
-323.8845 0.0000
-326.5149 0.0000
-325.0730 0.0000
-324.9674 0.0000
-324.0192 0.0000
-323.7286 0.0000
-324.1712 0.0000
-324.2345 0.0000
-326.3872 0.0000
-323.6461 0.0000
-324.3412 0.0000
-326.5734 0.0000
-324.4662 0.0000
-322.9968 0.0000
-325.9874 0.0000
-327.1615 0.0000
-323.1766 0.0000
-323.4023 0.0000
-323.2063 0.0000
-326.2254 0.0000
-323.4224 0.0000
-323.3996 0.0000
-325.2897 0.0000
-323.5799 0.0000
-323.3572 0.0000
-324.3626 0.0000
-325.7019 0.0000
-324.7668 0.0000
-323.4811 0.0000
-324.3574 0.0000
-325.7443 0.0000
-325.3015 0.0000
-323.9258 0.0000
-324.4051 0.0000
-323.2888 0.0000
-324.3312 0.0000
-324.5369 0.0000
-324.1553 0.0000
-325.4271 0.0000
-322.6000 0.0000
-324.7516 0.0000
-324.0436 0.0000
-325.3555 0.0000
-323.4802 0.0000
-323.7566 0.0000
-324.6371 0.0000
-325.6336 0.0000
-323.9145 0.0000
-324.0816 0.0000
-324.7056 0.0000
-324.3931 0.0000
-325.1389 0.0000
-324.4022 0.0000
-324.7465 0.0000
-324.5591 0.0000
-324.1416 0.0000
-323.9572 0.0000
-325.0238 0.0000
-324.5036 0.0000
-325.3599 0.0000
-324.1432 0.0000
-323.1871 0.0000
-325.1016 0.0000
-323.4448 0.0000
-323.5477 0.0000
-325.3864 0.0000
-325.0386 0.0000
-325.5658 0.0000
-324.6748 0.0000
-325.2450 0.0000
-323.3265 0.0000
-324.8590 0.0000
-325.4433 0.0000
-324.4005 0.0000
-325.3985 0.0000
-325.1821 0.0000
-323.5235 0.0000
-325.1360 0.0000
-326.8032 0.0000
-323.3327 0.0000
-324.5774 0.0000
-325.0076 0.0000
-324.8872 0.0000
-325.4316 0.0000
-325.8355 0.0000
-325.2319 0.0000
-323.7240 0.0000
-323.2209 0.0000
-325.6824 0.0000
-325.2408 0.0000
-324.8794 0.0000
-324.5756 0.0000
-326.0569 0.0000
-324.2155 0.0000
-323.8659 0.0000
-322.3020 0.0000
-325.4108 0.0000
-324.1200 0.0000
-325.7648 0.0000
-323.4074 0.0000
-325.5410 0.0000
-324.7781 0.0000
-325.0941 0.0000
-325.1565 0.0000
-324.0392 0.0000
-324.8141 0.0000
-324.4768 0.0000
-323.5492 0.0000
-325.2775 0.0000
-323.2605 0.0000
-322.7730 0.0000
-324.4987 0.0000
-325.7429 0.0000
-325.3646 0.0000
-324.7202 0.0000
-322.7001 0.0000
-325.9272 0.0000
-324.4774 0.0000
-325.3393 0.0000
-323.6764 0.0000
-325.5673 0.0000
-324.9151 0.0000
-324.5184 0.0000
-323.8781 0.0000
-324.3582 0.0000
-326.4847 0.0000
-324.4231 0.0000
-323.9114 0.0000
-325.6000 0.0000
-326.1625 0.0000
-324.2084 0.0000
-323.3632 0.0000
-324.1797 0.0000
-324.9026 0.0000
-324.9868 0.0000
-323.7164 0.0000
-325.2525 0.0000
-325.8731 0.0000
-325.5139 0.0000
-326.4632 0.0000
-326.3167 0.0000
-323.7305 0.0000
-323.3138 0.0000
-325.8267 0.0000
-324.6194 0.0000
-324.9150 0.0000
-324.6921 0.0000
-324.8290 0.0000
-324.6201 0.0000
-324.6590 0.0000
-325.0638 0.0000
-323.9903 0.0000
-325.3439 0.0000
-324.4537 0.0000
-324.4562 0.0000
-323.5027 0.0000
-324.7187 0.0000
-323.8787 0.0000
-325.3152 0.0000
-325.6811 0.0000
-325.8832 0.0000
-324.9939 0.0000
-322.9970 0.0000
-326.6729 0.0000
-323.8794 0.0000
-324.1555 0.0000
-324.9434 0.0000
-324.6261 0.0000
-323.8494 0.0000
-325.1214 0.0000
-325.1326 0.0000
-324.7353 0.0000
-323.4531 0.0000
-324.4217 0.0000
-325.9135 0.0000
-324.6362 0.0000
-325.3890 0.0000
-325.4236 0.0000
-323.3482 0.0000
-323.6226 0.0000
-326.7350 0.0000
-324.0659 0.0000
-326.6219 0.0000
-323.8196 0.0000
-326.0606 0.0000
-326.4257 0.0000
-325.6189 0.0000
-324.3445 0.0000
-324.9648 0.0000
-326.3006 0.0000
-326.3402 0.0000
-325.3464 0.0000
-324.4151 0.0000
-325.0733 0.0000
-324.6139 0.0000
-322.4464 0.0000
-323.7714 0.0000
-325.5126 0.0000
-325.9564 0.0000
-324.9589 0.0000
-323.3207 0.0000
-324.4796 0.0000
-323.8754 0.0000
-326.4019 0.0000
-324.0574 0.0000
-325.2103 0.0000
-324.4189 0.0000
-324.6622 0.0000
-325.1876 0.0000
-323.4796 0.0000
-324.6648 0.0000
-324.6144 0.0000
-323.5264 0.0000
-325.5034 0.0000
-324.9763 0.0000
-324.3009 0.0000
-324.1127 0.0000
-323.1137 0.0000
-325.7426 0.0000
-325.2157 0.0000
-324.9713 0.0000
-325.0154 0.0000
-324.2332 0.0000
-325.0425 0.0000
-314.7593 0.0000
-315.6016 0.0000
-314.7528 0.0000
-315.5382 0.0000
-315.1231 0.0000
-315.4801 0.0000
-314.6519 0.0000
-315.4605 0.0000
-315.5293 0.0000
-315.2524 0.0000
-314.9276 0.0000
-315.5734 0.0000
-315.5056 0.0000
-315.1003 0.0000
-314.9267 0.0000
-314.8969 0.0000
-315.4232 0.0000
-314.8168 0.0000
-315.1343 0.0000
-315.4677 0.0000
-314.9448 0.0000
-315.2436 0.0000
-314.8293 0.0000
-314.7529 0.0000
-315.4221 0.0000
-314.4728 0.0000
-314.7054 0.0000
-314.9373 0.0000
-315.2249 0.0000
-314.8584 0.0000
-314.9846 0.0000
-314.7422 0.0000
-314.8341 0.0000
-315.2252 0.0000
-314.7764 0.0000
-315.4471 0.0000
-315.0482 0.0000
-314.9807 0.0000
-315.7294 0.0000
-316.3432 0.0000
-314.7385 0.0000
-315.0482 0.0000
-314.9635 0.0000
-315.3175 0.0000
-314.7436 0.0000
-314.8592 0.0000
-315.1741 0.0000
-315.3245 0.0000
-315.4285 0.0000
-314.7841 0.0000
-314.5198 0.0000
-314.8958 0.0000
-314.4730 0.0000
-314.6831 0.0000
-314.8536 0.0000
-315.4323 0.0000
-315.2819 0.0000
-313.9937 0.0000
-315.2605 0.0000
-315.3702 0.0000
-315.1943 0.0000
-315.0414 0.0000
-315.4576 0.0000
-314.0129 0.0000
-315.4123 0.0000
-314.6641 0.0000
-315.3218 0.0000
-314.7927 0.0000
-315.6628 0.0000
-314.8005 0.0000
-314.9622 0.0000
-315.0479 0.0000
-315.2679 0.0000
-314.6601 0.0000
-315.0930 0.0000
-314.9053 0.0000
-315.1172 0.0000
-315.1385 0.0000
-315.3981 0.0000
-314.8481 0.0000
-314.3633 0.0000
-315.0342 0.0000
-314.6808 0.0000
-314.3682 0.0000
-314.6945 0.0000
-315.9755 0.0000
-314.9597 0.0000
-315.3260 0.0000
-314.7421 0.0000
-314.4372 0.0000
-314.9681 0.0000
-315.0545 0.0000
-314.7726 0.0000
-315.4957 0.0000
-314.5807 0.0000
-315.1625 0.0000
-315.7575 0.0000
-315.8273 0.0000
-315.0995 0.0000
-315.2240 0.0000
-315.0759 0.0000
-315.2850 0.0000
-314.9587 0.0000
-314.9490 0.0000
-314.6653 0.0000
-315.1657 0.0000
-315.1323 0.0000
-314.8000 0.0000
-314.2113 0.0000
-314.7298 0.0000
-314.8543 0.0000
-315.2579 0.0000
-315.5342 0.0000
-316.0121 0.0000
-314.7987 0.0000
-315.1235 0.0000
-315.2650 0.0000
-315.1897 0.0000
-315.1040 0.0000
-315.0544 0.0000
-315.1147 0.0000
-314.8326 0.0000
-315.3514 0.0000
-314.8168 0.0000
-315.6065 0.0000
-314.8281 0.0000
-315.3834 0.0000
-315.4339 0.0000
-315.2254 0.0000
-314.5932 0.0000
-315.3564 0.0000
-314.9417 0.0000
-315.1398 0.0000
-315.4494 0.0000
-315.1577 0.0000
-314.6952 0.0000
-314.8845 0.0000
-315.5034 0.0000
-315.5916 0.0000
-315.6801 0.0000
-315.2163 0.0000
-314.5549 0.0000
-315.4189 0.0000
-315.0266 0.0000
-315.9675 0.0000
-315.4354 0.0000
-315.1845 0.0000
-314.3707 0.0000
-315.6903 0.0000
-315.0855 0.0000
-314.6176 0.0000
-314.9142 0.0000
-315.8001 0.0000
-315.4826 0.0000
-315.3751 0.0000
-315.5108 0.0000
-314.5337 0.0000
-315.3757 0.0000
-314.8319 0.0000
-315.1052 0.0000
-315.4951 0.0000
-315.0214 0.0000
-314.9445 0.0000
-315.4351 0.0000
-315.4304 0.0000
-315.3687 0.0000
-315.0266 0.0000
-314.9294 0.0000
-315.1512 0.0000
-314.7780 0.0000
-315.0031 0.0000
-315.7755 0.0000
-315.4938 0.0000
-315.0331 0.0000
-314.9729 0.0000
-315.5286 0.0000
-314.1659 0.0000
-315.4940 0.0000
-315.6791 0.0000
-314.9832 0.0000
-314.7893 0.0000
-315.3153 0.0000
-315.3953 0.0000
-315.0055 0.0000
-314.8759 0.0000
-315.2466 0.0000
-314.9936 0.0000
-314.5314 0.0000
-313.9773 0.0000
-315.0811 0.0000
-315.0332 0.0000
-315.1466 0.0000
-315.2476 0.0000
-315.0668 0.0000
-314.3804 0.0000
-314.5265 0.0000
-315.0162 0.0000
-314.3494 0.0000
-315.7139 0.0000
-315.1892 0.0000
-315.9935 0.0000
-314.9226 0.0000
-314.8561 0.0000
-314.5764 0.0000
-315.6227 0.0000
-315.3894 0.0000
-315.0356 0.0000
-314.9388 0.0000
-315.1759 0.0000
-314.1991 0.0000
-314.4955 0.0000
-314.3989 0.0000
-314.5097 0.0000
-314.8635 0.0000
-314.8306 0.0000
-315.4762 0.0000
-315.1629 0.0000
-315.1207 0.0000
-315.2280 0.0000
-314.4623 0.0000
-314.7230 0.0000
-315.2149 0.0000
-315.0102 0.0000
-315.4476 0.0000
-315.1069 0.0000
-315.2208 0.0000
-315.0625 0.0000
-315.1004 0.0000
-315.3742 0.0000
-315.1454 0.0000
-315.6627 0.0000
-314.9974 0.0000
-315.1783 0.0000
-315.8801 0.0000
-315.1288 0.0000
-315.2272 0.0000
-315.4775 0.0000
-315.1870 0.0000
-315.7730 0.0000
-316.4530 0.0000
-315.4277 0.0000
-314.5224 0.0000
-314.9860 0.0000
-314.4029 0.0000
-314.5915 0.0000
-314.8405 0.0000
-315.4494 0.0000
-315.9076 0.0000
-315.9890 0.0000
-316.0898 0.0000
-316.3124 0.0000
-315.9980 0.0000
-316.1399 0.0000
-316.7959 0.0000
-316.6924 0.0000
-317.0682 0.0000
-317.1286 0.0000
-317.3061 0.0000
-317.5492 0.0000
-317.6608 0.0000
-317.0706 0.0000
-317.8585 0.0000
-317.8110 0.0000
-317.6821 0.0000
-318.4227 0.0000
-317.0968 0.0000
-317.2353 0.0000
-316.8893 0.0000
-316.5654 0.0000
-316.6444 0.0000
-316.8056 0.0000
-316.8748 0.0000
-316.9675 0.0000
-316.9814 0.0000
-316.4059 0.0000
-316.8416 0.0000
-316.2954 0.0000
-316.5227 0.0000
-316.0351 0.0000
-316.4102 0.0000
-316.4661 0.0000
-316.7007 0.0000
-317.3856 0.0000
-316.3721 0.0000
-316.8350 0.0000
-316.7987 0.0000
-316.9683 0.0000
-316.0744 0.0000
-317.0429 0.0000
-316.8593 0.0000
-317.6092 0.0000
-316.2560 0.0000
-316.7903 0.0000
-317.0766 0.0000
-316.0431 0.0000
-315.5637 0.0000
-316.4853 0.0000
-315.8159 0.0000
-315.7711 0.0000
-315.3107 0.0000
-315.7822 0.0000
-315.6160 0.0000
-315.4999 0.0000
-315.1336 0.0000
-316.0607 0.0000
-316.0361 0.0000
-315.7842 0.0000
-316.1380 0.0000
-316.2920 0.0000
-315.6309 0.0000
-316.1236 0.0000
-316.5874 0.0000
-317.0949 0.0000
-316.5572 0.0000
-316.1584 0.0000
-316.3973 0.0000
-316.9055 0.0000
-317.3743 0.0000
-317.7544 0.0000
-318.2444 0.0000
-317.8881 0.0000
-317.1941 0.0000
-318.1662 0.0000
-317.5334 0.0000
-318.2340 0.0000
-317.9619 0.0000
-318.7126 0.0000
-318.8857 0.0000
-318.5294 0.0000
-319.2391 0.0000
-318.8010 0.0000
-318.8825 0.0000
-319.1264 0.0000
-319.6474 0.0000
-319.8653 0.0000
-318.6490 0.0000
-318.7771 0.0000
-319.0450 0.0000
-318.6930 0.0000
-320.0175 0.0000
-320.1093 0.0000
-319.9773 0.0000
-319.7366 0.0000
-319.4887 0.0000
-318.9878 0.0000
-318.2260 0.0000
-318.6381 0.0000
-318.8582 0.0000
-320.0312 0.0000
-319.0862 0.0000
-319.0667 0.0000
-318.9208 0.0000
-318.7265 0.0000
-319.0962 0.0000
-319.0263 0.0000
-318.7635 0.0000
-318.9252 0.0000
-318.0764 0.0000
-318.3503 0.0000
-317.8933 0.0000
-318.2785 0.0000
-318.2965 0.0000
-318.0422 0.0000
-318.3171 0.0000
-317.7578 0.0000
-318.8215 0.0000
-319.0549 0.0000
-319.0348 0.0000
-318.6885 0.0000
-319.0333 0.0000
-319.4358 0.0000
-319.1425 0.0000
-318.6631 0.0000
-318.6490 0.0000
-318.9195 0.0000
-319.3780 0.0000
-318.6578 0.0000
-318.8444 0.0000
-318.7410 0.0000
-318.4498 0.0000
-318.1805 0.0000
-318.6372 0.0000
-318.0897 0.0000
-318.4254 0.0000
-317.4180 0.0000
-318.1179 0.0000
-316.9392 0.0000
-316.2947 0.0000
-317.6353 0.0000
-316.6357 0.0000
-317.7050 0.0000
-316.5285 0.0000
-316.9035 0.0000
-316.2282 0.0000
-316.7939 0.0000
-317.1220 0.0000
-316.7583 0.0000
-316.3884 0.0000
-316.6528 0.0000
-317.1657 0.0000
-317.3541 0.0000
-317.9030 0.0000
-315.8041 0.0000
-315.8363 0.0000
-315.8060 0.0000
-316.7653 0.0000
-315.8409 0.0000
-316.5725 0.0000
-315.9908 0.0000
-315.6975 0.0000
-315.4989 0.0000
-316.1360 0.0000
-316.7329 0.0000
-315.6410 0.0000
-316.2293 0.0000
-316.6908 0.0000
-316.8488 0.0000
-316.8550 0.0000
-316.1422 0.0000
-317.6990 0.0000
-317.9177 0.0000
-318.1096 0.0000
-317.8595 0.0000
-318.9954 0.0000
-317.7854 0.0000
-318.9068 0.0000
-319.3192 0.0000
-319.5022 0.0000
-319.0562 0.0000
-319.5820 0.0000
-320.5880 0.0000
-319.8082 0.0000
-319.7320 0.0000
-320.0541 0.0000
-320.3722 0.0000
-319.4245 0.0000
-320.0667 0.0000
-319.3074 0.0000
-319.3169 0.0000
-319.4175 0.0000
-319.5102 0.0000
-319.7902 0.0000
-319.8824 0.0000
-319.9920 0.0000
-319.5772 0.0000
-320.0064 0.0000
-320.2046 0.0000
-319.3091 0.0000
-319.6253 0.0000
-320.3694 0.0000
-319.0483 0.0000
-318.9186 0.0000
-319.4993 0.0000
-318.2447 0.0000
-318.7964 0.0000
-318.9229 0.0000
-318.3939 0.0000
-318.8534 0.0000
-319.2070 0.0000
-318.6368 0.0000
-318.4600 0.0000
-318.3703 0.0000
-317.4141 0.0000
-318.4243 0.0000
-317.3300 0.0000
-316.8264 0.0000
-316.9162 0.0000
-316.8061 0.0000
-316.5022 0.0000
-317.8717 0.0000
-318.2274 0.0000
-317.7112 0.0000
-318.3139 0.0000
-318.3503 0.0000
-317.9544 0.0000
-318.0046 0.0000
-317.5698 0.0000
-317.5619 0.0000
-317.2986 0.0000
-316.3600 0.0000
-317.4072 0.0000
-316.2717 0.0000
-316.2899 0.0000
-316.4859 0.0000
-316.8496 0.0000
-316.6873 0.0000
-316.4774 0.0000
-316.3127 0.0000
-317.5401 0.0000
-316.2018 0.0000
-316.5744 0.0000
-316.9777 0.0000
-316.8288 0.0000
-316.5385 0.0000
-317.1194 0.0000
-316.6078 0.0000
-317.0727 0.0000
-316.8138 0.0000
-316.8569 0.0000
-317.1464 0.0000
-318.4139 0.0000
-316.3899 0.0000
-319.3450 0.0000
-317.5356 0.0000
-318.1893 0.0000
-317.6283 0.0000
-320.5207 0.0000
-316.5434 0.0000
-319.1367 0.0000
-318.1539 0.0000
-318.4028 0.0000
-319.3958 0.0000
-317.6979 0.0000
-317.6678 0.0000
-318.2871 0.0000
-318.3144 0.0000
-319.8456 0.0000
-319.5389 0.0000
-318.9254 0.0000
-318.1922 0.0000
-319.9031 0.0000
-317.9468 0.0000
-317.2021 0.0000
-319.3881 0.0000
-318.4414 0.0000
-318.0296 0.0000
-319.6645 0.0000
-317.7954 0.0000
-317.5245 0.0000
-316.0804 0.0000
-318.4217 0.0000
-318.1324 0.0000
-316.4007 0.0000
-318.8113 0.0000
-318.6894 0.0000
-319.7783 0.0000
-318.3073 0.0000
-317.6976 0.0000
-317.7819 0.0000
-318.3381 0.0000
-316.5676 0.0000
-318.6180 0.0000
-318.2401 0.0000
-318.2817 0.0000
-316.0764 0.0000
-316.8442 0.0000
-319.7194 0.0000
-317.3758 0.0000
-318.7381 0.0000
-319.2298 0.0000
-318.4983 0.0000
-317.4815 0.0000
-318.5552 0.0000
-318.1780 0.0000
-319.0303 0.0000
-317.9595 0.0000
-315.5913 0.0000
-318.3104 0.0000
-319.8019 0.0000
-316.6324 0.0000
-319.2046 0.0000
-316.6605 0.0000
-317.0137 0.0000
-318.7099 0.0000
-317.8570 0.0000
-317.8054 0.0000
-316.8374 0.0000
-318.3657 0.0000
-317.5719 0.0000
-320.0453 0.0000
-319.2315 0.0000
-318.8554 0.0000
-318.0534 0.0000
-318.3671 0.0000
-319.0833 0.0000
-318.4214 0.0000
-319.0271 0.0000
-318.9099 0.0000
-318.6071 0.0000
-317.9009 0.0000
-318.0663 0.0000
-316.7577 0.0000
-318.0078 0.0000
-318.6634 0.0000
-317.7823 0.0000
-318.6539 0.0000
-318.9885 0.0000
-318.2645 0.0000
-318.6307 0.0000
-317.2233 0.0000
-318.7410 0.0000
-319.7057 0.0000
-317.8737 0.0000
-318.3605 0.0000
-317.8411 0.0000
-315.4875 0.0000
-319.0647 0.0000
-319.4677 0.0000
-318.9641 0.0000
-318.5041 0.0000
-318.6599 0.0000
-319.0797 0.0000
-318.2891 0.0000
-319.3532 0.0000
-318.5529 0.0000
-317.6974 0.0000
-316.9986 0.0000
-317.5273 0.0000
-317.3899 0.0000
-319.6287 0.0000
-319.4018 0.0000
-317.3239 0.0000
-319.3403 0.0000
-318.0446 0.0000
-317.5153 0.0000
-318.3265 0.0000
-317.5447 0.0000
-319.5999 0.0000
-319.1188 0.0000
-315.4742 0.0000
-317.3622 0.0000
-318.6090 0.0000
-318.4964 0.0000
-319.2433 0.0000
-318.6992 0.0000
-317.2735 0.0000
-319.2174 0.0000
-317.4936 0.0000
-317.5663 0.0000
-318.9487 0.0000
-320.3761 0.0000
-317.8531 0.0000
-317.1376 0.0000
-320.6802 0.0000
-318.7486 0.0000
-317.6919 0.0000
-319.3262 0.0000
-317.6063 0.0000
-318.5945 0.0000
-318.6096 0.0000
-317.6178 0.0000
-316.8027 0.0000
-317.8140 0.0000
-318.6529 0.0000
-317.9069 0.0000
-317.6918 0.0000
-315.9097 0.0000
-319.2883 0.0000
-317.3472 0.0000
-319.3561 0.0000
-317.0975 0.0000
-317.2848 0.0000
-319.3941 0.0000
-317.2915 0.0000
-318.0168 0.0000
-318.6516 0.0000
-319.3791 0.0000
-317.8724 0.0000
-317.2866 0.0000
-317.9450 0.0000
-318.0536 0.0000
-318.2645 0.0000
-319.0757 0.0000
-317.6031 0.0000
-318.3115 0.0000
-319.8123 0.0000
-317.9364 0.0000
-317.7814 0.0000
-319.7516 0.0000
-317.5006 0.0000
-318.3683 0.0000
-317.8119 0.0000
-317.9741 0.0000
-318.7478 0.0000
-319.1677 0.0000
-318.3946 0.0000
-318.9361 0.0000
-318.5852 0.0000
-319.5521 0.0000
-318.2368 0.0000
-318.3446 0.0000
-317.1489 0.0000
-318.0957 0.0000
-318.6543 0.0000
-319.1832 0.0000
-317.9315 0.0000
-318.9842 0.0000
-319.8050 0.0000
-317.8892 0.0000
-318.1381 0.0000
-318.5157 0.0000
-318.9723 0.0000
-317.5567 0.0000
-318.7058 0.0000
-319.1600 0.0000
-319.1614 0.0000
-319.4611 0.0000
-318.8424 0.0000
-316.8031 0.0000
-318.0584 0.0000
-319.4546 0.0000
-318.6470 0.0000
-319.0087 0.0000
-317.5540 0.0000
-317.9646 0.0000
-318.1484 0.0000
-317.5956 0.0000
-318.6568 0.0000
-319.9380 0.0000
-318.0431 0.0000
-316.5388 0.0000
-319.1787 0.0000
-319.3801 0.0000
-318.9218 0.0000
-317.5037 0.0000
-318.3770 0.0000
-317.7961 0.0000
-318.1437 0.0000
-317.5371 0.0000
-318.3652 0.0000
-317.8234 0.0000
-320.4367 0.0000
-317.1585 0.0000
-317.8596 0.0000
-319.0706 0.0000
-318.3139 0.0000
-319.6232 0.0000
-316.6155 0.0000
-317.8125 0.0000
-318.8191 0.0000
-318.8067 0.0000
-318.5854 0.0000
-319.2942 0.0000
-317.9676 0.0000
-317.2604 0.0000
-318.4562 0.0000
-318.0111 0.0000
-317.2831 0.0000
-316.7681 0.0000
-318.5549 0.0000
-318.6203 0.0000
-320.1565 0.0000
-318.3513 0.0000
-319.4798 0.0000
-317.1588 0.0000
-317.7339 0.0000
-318.3919 0.0000
-317.1046 0.0000
-318.6026 0.0000
-317.7979 0.0000
-319.2486 0.0000
-318.5947 0.0000
-318.2245 0.0000
-318.3822 0.0000
-318.3118 0.0000
-317.4311 0.0000
-319.5204 0.0000
-317.3130 0.0000
-318.0505 0.0000
-318.7558 0.0000
-317.8858 0.0000
-318.3365 0.0000
-317.9578 0.0000
-319.2580 0.0000
-318.7261 0.0000
-317.7366 0.0000
-319.7629 0.0000
-318.3731 0.0000
-319.1832 0.0000
-317.6503 0.0000
-318.2147 0.0000
-321.1473 0.0000
-318.8541 0.0000
-318.4304 0.0000
-317.1337 0.0000
-318.8945 0.0000
-317.2442 0.0000
-320.5781 0.0000
-318.9028 0.0000
-317.7130 0.0000
-317.4425 0.0000
-318.4902 0.0000
-319.4018 0.0000
-319.4373 0.0000
-318.0009 0.0000
-318.7554 0.0000
-317.9594 0.0000
-317.6677 0.0000
-319.6813 0.0000
-319.5682 0.0000
-319.8561 0.0000
-316.9122 0.0000
-316.9357 0.0000
-320.3690 0.0000
-318.8761 0.0000
-318.6170 0.0000
-318.4937 0.0000
-317.8904 0.0000
-318.3053 0.0000
-317.3889 0.0000
-316.7149 0.0000
-319.3079 0.0000
-318.8120 0.0000
-318.5035 0.0000
-318.4218 0.0000
-319.2608 0.0000
-317.3419 0.0000
-318.8811 0.0000
-319.5169 0.0000
-318.9432 0.0000
-317.3258 0.0000
-318.5406 0.0000
-318.9162 0.0000
-318.2811 0.0000
-316.9746 0.0000
-318.2679 0.0000
-316.7500 0.0000
-318.7915 0.0000
-319.5561 0.0000
-319.0149 0.0000
-317.1931 0.0000
-316.8464 0.0000
-318.9758 0.0000
-316.6300 0.0000
-317.9389 0.0000
-318.1009 0.0000
-318.6142 0.0000
-319.0343 0.0000
-317.9953 0.0000
-318.0975 0.0000
-317.8428 0.0000
-317.1201 0.0000
-315.5237 0.0000
-317.6105 0.0000
-318.5336 0.0000
-316.2591 0.0000
-315.7328 0.0000
-314.7776 0.0000
-314.6020 0.0000
-315.3674 0.0000
-315.0992 0.0000
-315.0089 0.0000
-316.3633 0.0000
-315.6165 0.0000
-316.9363 0.0000
-315.0634 0.0000
-313.9182 0.0000
-315.1791 0.0000
-316.1345 0.0000
-316.3804 0.0000
-317.1395 0.0000
-316.6966 0.0000
-317.1774 0.0000
-317.1964 0.0000
-315.9307 0.0000
-318.0721 0.0000
-317.8927 0.0000
-317.7353 0.0000
-317.9910 0.0000
-317.2826 0.0000
-319.0547 0.0000
-316.8323 0.0000
-316.5381 0.0000
-316.0976 0.0000
-316.4523 0.0000
-314.8668 0.0000
-315.7490 0.0000
-316.6389 0.0000
-314.6560 0.0000
-316.5912 0.0000
-314.0742 0.0000
-312.8533 0.0000
-312.7058 0.0000
-312.3451 0.0000
-312.7251 0.0000
-312.6503 0.0000
-314.1251 0.0000
-313.6260 0.0000
-314.6727 0.0000
-313.8192 0.0000
-313.1398 0.0000
-313.0639 0.0000
-312.8846 0.0000
-312.3682 0.0000
-312.6641 0.0000
-312.5336 0.0000
-313.0090 0.0000
-313.5458 0.0000
-314.6956 0.0000
-316.2437 0.0000
-316.3218 0.0000
-317.7468 0.0000
-316.3360 0.0000
-316.4743 0.0000
-315.7710 0.0000
-317.2940 0.0000
-316.1994 0.0000
-317.3432 0.0000
-316.9272 0.0000
-316.2156 0.0000
-315.2574 0.0000
-317.3208 0.0000
-318.3560 0.0000
-317.3655 0.0000
-318.1174 0.0000
-317.9960 0.0000
-320.4541 0.0000
-319.9465 0.0000
-320.7069 0.0000
-321.9836 0.0000
-323.3640 0.0000
-322.7739 0.0000
-322.2316 0.0000
-321.4071 0.0000
-320.7628 0.0000
-320.0385 0.0000
-322.5080 0.0000
-321.8921 0.0000
-321.1707 0.0000
-321.9217 0.0000
-321.6747 0.0000
-322.9312 0.0000
-324.4671 0.0000
-326.7069 0.0000
-327.2659 0.0000
-326.3926 0.0000
-327.5789 0.0000
-328.1616 0.0000
-327.4510 0.0000
-328.7964 0.0000
-328.1220 0.0000
-324.9198 0.0000
-323.3948 0.0000
-322.0137 0.0000
-322.0149 0.0000
-321.7626 0.0000
-322.9673 0.0000
-322.4633 0.0000
-321.0400 0.0000
-324.1896 0.0000
-324.6735 0.0000
-324.3690 0.0000
-324.4173 0.0000
-324.6182 0.0000
-324.7237 0.0000
-324.9742 0.0000
-324.9718 0.0000
-325.4056 0.0000
-324.0168 0.0000
-324.8364 0.0000
-324.7895 0.0000
-323.4715 0.0000
-322.6307 0.0000
-321.5372 0.0000
-321.5511 0.0000
-322.2712 0.0000
-321.3947 0.0000
-320.1973 0.0000
-321.1462 0.0000
-321.4222 0.0000
-321.5024 0.0000
-320.8408 0.0000
-320.3826 0.0000
-320.5117 0.0000
-320.8677 0.0000
-319.9718 0.0000
-320.7591 0.0000
-319.9978 0.0000
-319.7882 0.0000
-320.5431 0.0000
-320.2960 0.0000
-319.7580 0.0000
-320.9402 0.0000
-321.7348 0.0000
-318.1518 0.0000
-316.7922 0.0000
-317.6576 0.0000
-318.3915 0.0000
-317.1280 0.0000
-317.8680 0.0000
-316.9242 0.0000
-317.5060 0.0000
-316.5887 0.0000
-317.4593 0.0000
-316.3141 0.0000
-316.7572 0.0000
-316.1577 0.0000
-315.8211 0.0000
-316.7377 0.0000
-316.6942 0.0000
-316.3804 0.0000
-317.0466 0.0000
-316.8450 0.0000
-316.2758 0.0000
-317.4749 0.0000
-316.7884 0.0000
-317.2934 0.0000
-317.8633 0.0000
-318.0695 0.0000
-317.0239 0.0000
-315.7150 0.0000
-316.8236 0.0000
-316.6960 0.0000
-316.2113 0.0000
-316.6886 0.0000
-316.2526 0.0000
-316.2822 0.0000
-316.6858 0.0000
-316.0357 0.0000
-315.9900 0.0000
-316.2541 0.0000
-315.9738 0.0000
-315.8790 0.0000
-316.2985 0.0000
-316.0712 0.0000
-315.7413 0.0000
-315.9770 0.0000
-315.5618 0.0000
-316.0008 0.0000
-315.3974 0.0000
-315.3560 0.0000
-314.6161 0.0000
-314.8915 0.0000
-314.8124 0.0000
-314.6234 0.0000
-315.1198 0.0000
-315.1946 0.0000
-315.4420 0.0000
-315.4147 0.0000
-315.6223 0.0000
-315.4874 0.0000
-315.5546 0.0000
-314.7056 0.0000
-315.8870 0.0000
-315.3230 0.0000
-315.8043 0.0000
-315.3334 0.0000
-314.8824 0.0000
-315.0893 0.0000
-315.1978 0.0000
-314.9786 0.0000
-314.8856 0.0000
-314.8960 0.0000
-314.5889 0.0000
-315.4593 0.0000
-315.1686 0.0000
-314.5567 0.0000
-314.6356 0.0000
-314.5140 0.0000
-314.8829 0.0000
-314.3467 0.0000
-315.1351 0.0000
-315.0226 0.0000
-314.7476 0.0000
-315.1701 0.0000
-314.4425 0.0000
-315.3348 0.0000
-315.8443 0.0000
-314.4026 0.0000
-314.5747 0.0000
-315.3055 0.0000
-314.6099 0.0000
-314.3136 0.0000
-314.2175 0.0000
-314.6449 0.0000
-314.5056 0.0000
-314.3654 0.0000
-314.9073 0.0000
-314.6822 0.0000
-313.9111 0.0000
-314.6148 0.0000
-315.6315 0.0000
-314.5582 0.0000
-314.0872 0.0000
-314.4322 0.0000
-314.7412 0.0000
-314.1633 0.0000
-314.7082 0.0000
-313.7239 0.0000
-313.9623 0.0000
-314.2019 0.0000
-313.8193 0.0000
-313.6456 0.0000
-313.6830 0.0000
-313.3798 0.0000
-313.9881 0.0000
-314.8781 0.0000
-314.0884 0.0000
-314.0393 0.0000
-314.8783 0.0000
-314.5260 0.0000
-314.1511 0.0000
-313.6095 0.0000
-314.2507 0.0000
-314.6123 0.0000
-314.4060 0.0000
-315.1493 0.0000
-315.3575 0.0000
-315.0222 0.0000
-314.4303 0.0000
-314.0000 0.0000
-313.6930 0.0000
-313.1505 0.0000
-314.1185 0.0000
-314.1016 0.0000
-314.3051 0.0000
-314.2912 0.0000
-313.8046 0.0000
-313.6827 0.0000
-313.5831 0.0000
-313.7088 0.0000
-313.2461 0.0000
-313.8267 0.0000
-313.2123 0.0000
-312.9588 0.0000
-312.6731 0.0000
-312.3968 0.0000
-313.0032 0.0000
-313.0236 0.0000
-312.8937 0.0000
-312.8963 0.0000
-313.0113 0.0000
-313.0462 0.0000
-312.4668 0.0000
-312.4116 0.0000
-312.2448 0.0000
-311.9854 0.0000
-312.7760 0.0000
-312.8900 0.0000
-312.4461 0.0000
-311.5680 0.0000
-313.3889 0.0000
-313.5230 0.0000
-313.7366 0.0000
-313.0127 0.0000
-312.5119 0.0000
-313.2897 0.0000
-312.9616 0.0000
-313.1980 0.0000
-313.4730 0.0000
-313.3433 0.0000
-313.2085 0.0000
-313.7531 0.0000
-313.0890 0.0000
-313.2970 0.0000
-312.6760 0.0000
-313.9702 0.0000
-314.1131 0.0000
-314.6390 0.0000
-314.7331 0.0000
-314.8656 0.0000
-314.5182 0.0000
-314.9066 0.0000
-314.8754 0.0000
-314.9809 0.0000
-314.9707 0.0000
-315.0466 0.0000
-315.3468 0.0000
-315.2025 0.0000
-315.3701 0.0000
-315.8528 0.0000
-315.0809 0.0000
-315.2792 0.0000
-315.3880 0.0000
-315.0766 0.0000
-315.5691 0.0000
-315.9222 0.0000
-315.7394 0.0000
-315.9453 0.0000
-316.1753 0.0000
-315.1281 0.0000
-316.4395 0.0000
-316.5262 0.0000
-316.6883 0.0000
-316.4798 0.0000
-316.3687 0.0000
-316.2035 0.0000
-316.1720 0.0000
-316.6905 0.0000
-316.4224 0.0000
-317.4215 0.0000
-316.8896 0.0000
-316.9415 0.0000
-317.5560 0.0000
-315.9004 0.0000
-316.4016 0.0000
-316.2911 0.0000
-316.6479 0.0000
-316.5047 0.0000
-316.7763 0.0000
-316.5849 0.0000
-316.4426 0.0000
-316.2522 0.0000
-315.7664 0.0000
-315.5980 0.0000
-315.4796 0.0000
-315.4956 0.0000
-315.3093 0.0000
-315.7270 0.0000
-316.2338 0.0000
-315.5022 0.0000
-316.3902 0.0000
-315.0339 0.0000
-315.2182 0.0000
-314.8082 0.0000
-314.9492 0.0000
-315.0876 0.0000
-314.8377 0.0000
-315.0409 0.0000
-315.3966 0.0000
-315.7750 0.0000
-316.3652 0.0000
-315.9937 0.0000
-315.9607 0.0000
-315.5388 0.0000
-315.5499 0.0000
-316.1663 0.0000
-315.6783 0.0000
-315.4012 0.0000
-315.6750 0.0000
-315.2495 0.0000
-315.2129 0.0000
-315.4106 0.0000
-315.7317 0.0000
-315.9289 0.0000
-314.6020 0.0000
-314.4608 0.0000
-314.3329 0.0000
-315.6398 0.0000
-314.6382 0.0000
-314.7610 0.0000
-314.9213 0.0000
-314.3669 0.0000
-314.8321 0.0000
-315.1891 0.0000
-314.8808 0.0000
-315.3248 0.0000
-315.9127 0.0000
-315.4621 0.0000
-315.4993 0.0000
-315.9328 0.0000
-315.5594 0.0000
-315.4384 0.0000
-316.4497 0.0000
-315.1649 0.0000
-316.1154 0.0000
-316.0812 0.0000
-315.8913 0.0000
-315.6998 0.0000
-315.6327 0.0000
-315.7424 0.0000
-316.1631 0.0000
-315.8431 0.0000
-315.8445 0.0000
-315.5155 0.0000
-316.4513 0.0000
-316.2615 0.0000
-315.7942 0.0000
-314.9530 0.0000
-314.6592 0.0000
-314.5006 0.0000
-314.5096 0.0000
-313.9548 0.0000
-313.0845 0.0000
-314.3542 0.0000
-313.0089 0.0000
-314.3871 0.0000
-314.5448 0.0000
-314.5681 0.0000
-314.1981 0.0000
-314.5986 0.0000
-314.0205 0.0000
-314.8127 0.0000
-314.5638 0.0000
-314.9700 0.0000
-314.5114 0.0000
-313.9965 0.0000
-315.0484 0.0000
-313.7650 0.0000
-315.4403 0.0000
-315.7846 0.0000
-315.7622 0.0000
-315.1139 0.0000
-315.4564 0.0000
-314.9946 0.0000
-315.9198 0.0000
-316.1910 0.0000
-316.0143 0.0000
-314.9492 0.0000
-315.0768 0.0000
-314.3265 0.0000
-314.8124 0.0000
-314.3848 0.0000
-313.8830 0.0000
-314.0026 0.0000
-314.0184 0.0000
-314.0484 0.0000
-314.1178 0.0000
-313.9715 0.0000
-314.3408 0.0000
-311.1874 0.0000
-312.8221 0.0000
-312.7731 0.0000
-311.6892 0.0000
-312.7007 0.0000
-313.0355 0.0000
-312.5476 0.0000
-312.4813 0.0000
-313.4080 0.0000
-311.7292 0.0000
-311.6497 0.0000
-310.9235 0.0000
-311.9520 0.0000
-312.6777 0.0000
-312.7630 0.0000
-313.0799 0.0000
-312.7806 0.0000
-310.8238 0.0000
-312.6539 0.0000
-312.0045 0.0000
-311.7498 0.0000
-311.4613 0.0000
-311.4534 0.0000
-311.1646 0.0000
-309.6715 0.0000
-311.6856 0.0000
-312.0590 0.0000
-311.0717 0.0000
-311.1944 0.0000
-311.2537 0.0000
-310.7199 0.0000
-310.9799 0.0000
-310.8292 0.0000
-310.2784 0.0000
-310.4204 0.0000
-310.0894 0.0000
-309.9120 0.0000
-308.4814 0.0000
-309.3158 0.0000
-310.0538 0.0000
-309.0113 0.0000
-309.0972 0.0000
-309.5519 0.0000
-309.3555 0.0000
-309.3050 0.0000
-309.1850 0.0000
-309.4119 0.0000
-309.4046 0.0000
-309.1459 0.0000
-310.1661 0.0000
-308.5464 0.0000
-309.6073 0.0000
-309.0402 0.0000
-308.8603 0.0000
-308.0351 0.0000
-309.0544 0.0000
-308.6660 0.0000
-309.1461 0.0000
-308.4682 0.0000
-309.2420 0.0000
-310.0492 0.0000
-309.6150 0.0000
-308.9047 0.0000
-309.0925 0.0000
-308.8979 0.0000
-308.9756 0.0000
-309.0696 0.0000
-308.8687 0.0000
-308.8787 0.0000
-308.2730 0.0000
-306.8714 0.0000
-307.0185 0.0000
-306.7331 0.0000
-306.8136 0.0000
-306.5081 0.0000
-306.7769 0.0000
-305.7920 0.0000
-305.7505 0.0000
-305.3015 0.0000
-305.8501 0.0000
-305.2491 0.0000
-305.7552 0.0000
-306.5895 0.0000
-306.9520 0.0000
-306.6718 0.0000
-308.9740 0.0000
-307.2413 0.0000
-306.5738 0.0000
-306.0899 0.0000
-306.3527 0.0000
-305.6441 0.0000
-306.2947 0.0000
-306.8661 0.0000
-306.3325 0.0000
-305.5158 0.0000
-306.5013 0.0000
-306.0170 0.0000
-307.2630 0.0000
-305.6770 0.0000
-306.1823 0.0000
-313.9477 0.0000
-313.5401 0.0000
-314.2218 0.0000
-313.9736 0.0000
-314.5295 0.0000
-313.5861 0.0000
-313.9895 0.0000
-313.8662 0.0000
-314.1694 0.0000
-313.9473 0.0000
-313.4570 0.0000
-314.6505 0.0000
-313.1998 0.0000
-314.8463 0.0000
-313.9919 0.0000
-314.5246 0.0000
-314.3142 0.0000
-313.6846 0.0000
-313.7936 0.0000
-313.8436 0.0000
-313.6549 0.0000
-312.8005 0.0000
-312.9760 0.0000
-313.1265 0.0000
-313.1097 0.0000
-312.4000 0.0000
-312.2876 0.0000
-312.8017 0.0000
-312.4004 0.0000
-312.2962 0.0000
-312.6796 0.0000
-312.6036 0.0000
-313.1338 0.0000
-313.0806 0.0000
-313.3721 0.0000
-313.1333 0.0000
-312.6554 0.0000
-313.3299 0.0000
-312.6458 0.0000
-313.0715 0.0000
-312.9112 0.0000
-311.8633 0.0000
-313.4030 0.0000
-312.8173 0.0000
-313.3789 0.0000
-313.0441 0.0000
-313.8802 0.0000
-314.4578 0.0000
-314.7089 0.0000
-314.2754 0.0000
-314.9145 0.0000
-314.7419 0.0000
-314.8760 0.0000
-314.6427 0.0000
-314.4485 0.0000
-315.2590 0.0000
-314.2387 0.0000
-314.4912 0.0000
-314.2041 0.0000
-314.6218 0.0000
-314.4927 0.0000
-314.7425 0.0000
-313.9513 0.0000
-315.0189 0.0000
-314.6438 0.0000
-314.1647 0.0000
-314.2443 0.0000
-314.1988 0.0000
-314.9737 0.0000
-314.2716 0.0000
-313.4331 0.0000
-313.4452 0.0000
-313.2571 0.0000
-313.0285 0.0000
-313.1711 0.0000
-312.9887 0.0000
-312.6352 0.0000
-312.9455 0.0000
-312.5296 0.0000
-313.0418 0.0000
-312.6979 0.0000
-312.7518 0.0000
-313.0243 0.0000
-313.1094 0.0000
-312.6601 0.0000
-312.6807 0.0000
-312.7368 0.0000
-312.7830 0.0000
-312.2959 0.0000
-312.0236 0.0000
-312.0342 0.0000
-310.9699 0.0000
-312.1418 0.0000
-311.9616 0.0000
-312.1078 0.0000
-312.3235 0.0000
-312.1962 0.0000
-311.9970 0.0000
-311.8600 0.0000
-312.3295 0.0000
-312.0633 0.0000
-312.3914 0.0000
-311.3924 0.0000
-311.5593 0.0000
-312.2951 0.0000
-312.4690 0.0000
-312.7591 0.0000
-313.2088 0.0000
-313.6337 0.0000
-312.6241 0.0000
-312.7105 0.0000
-312.4502 0.0000
-312.3529 0.0000
-312.0557 0.0000
-311.9065 0.0000
-311.9718 0.0000
-312.5361 0.0000
-311.6514 0.0000
-312.0608 0.0000
-312.0667 0.0000
-312.1732 0.0000
-312.1536 0.0000
-312.4600 0.0000
-312.1032 0.0000
-312.3297 0.0000
-312.6001 0.0000
-312.4235 0.0000
-312.4599 0.0000
-311.9563 0.0000
-312.7508 0.0000
-312.8515 0.0000
-312.6702 0.0000
-312.1824 0.0000
-312.2428 0.0000
-312.5424 0.0000
-311.9663 0.0000
-311.9122 0.0000
-312.2728 0.0000
-311.8758 0.0000
-312.0409 0.0000
-311.6492 0.0000
-312.4004 0.0000
-311.7467 0.0000
-311.6579 0.0000
-311.5993 0.0000
-311.5965 0.0000
-311.4411 0.0000
-311.9149 0.0000
-311.2386 0.0000
-311.5577 0.0000
-312.2667 0.0000
-311.5646 0.0000
-311.7602 0.0000
-311.1001 0.0000
-311.3250 0.0000
-311.4935 0.0000
-311.4289 0.0000
-311.2635 0.0000
-311.2460 0.0000
-311.2259 0.0000
-310.6890 0.0000
-310.7558 0.0000
-310.4135 0.0000
-310.7369 0.0000
-311.1821 0.0000
-310.8749 0.0000
-310.5941 0.0000
-311.0206 0.0000
-310.3695 0.0000
-310.6436 0.0000
-310.8497 0.0000
-310.6191 0.0000
-310.7811 0.0000
-310.6400 0.0000
-310.1060 0.0000
-310.8711 0.0000
-310.3684 0.0000
-311.6263 0.0000
-310.5167 0.0000
-311.0124 0.0000
-310.1128 0.0000
-310.0024 0.0000
-310.1810 0.0000
-310.8002 0.0000
-310.3413 0.0000
-310.5769 0.0000
-310.5178 0.0000
-310.9763 0.0000
-310.2064 0.0000
-310.1535 0.0000
-310.0018 0.0000
-310.6337 0.0000
-310.3508 0.0000
-311.1017 0.0000
-310.5013 0.0000
-311.0813 0.0000
-310.9426 0.0000
-310.8390 0.0000
-311.1871 0.0000
-311.2176 0.0000
-303.4579 0.0000
-303.0216 0.0000
-303.5732 0.0000
-303.0717 0.0000
-303.3255 0.0000
-303.9229 0.0000
-304.0382 0.0000
-304.5853 0.0000
-304.5642 0.0000
-305.2146 0.0000
-305.0577 0.0000
-305.3599 0.0000
-305.7935 0.0000
-305.0229 0.0000
-305.4193 0.0000
-304.7225 0.0000
-305.4794 0.0000
-304.7526 0.0000
-304.9962 0.0000
-304.5496 0.0000
-306.8557 0.0000
-305.6210 0.0000
-305.0609 0.0000
-303.8665 0.0000
-304.0587 0.0000
-303.8170 0.0000
-304.5814 0.0000
-302.9874 0.0000
-302.7235 0.0000
-302.9917 0.0000
-302.4903 0.0000
-303.3086 0.0000
-303.7906 0.0000
-303.0305 0.0000
-303.1047 0.0000
-303.5889 0.0000
-301.9429 0.0000
-303.9314 0.0000
-302.6486 0.0000
-304.2074 0.0000
-305.7283 0.0000
-305.4256 0.0000
-304.8504 0.0000
-306.2632 0.0000
-305.7303 0.0000
-304.0381 0.0000
-306.6257 0.0000
-307.5532 0.0000
-305.9417 0.0000
-304.8313 0.0000
-305.8974 0.0000
-304.1468 0.0000
-303.8811 0.0000
-304.7671 0.0000
-303.7333 0.0000
-303.2025 0.0000
-304.1420 0.0000
-304.0360 0.0000
-303.5701 0.0000
-303.3671 0.0000
-303.4283 0.0000
-303.7252 0.0000
-303.8811 0.0000
-304.0542 0.0000
-304.5921 0.0000
-303.7894 0.0000
-304.7639 0.0000
-304.3315 0.0000
-304.8373 0.0000
-304.3568 0.0000
-304.8114 0.0000
-305.5457 0.0000
-305.0165 0.0000
-305.7452 0.0000
-305.0838 0.0000
-305.1686 0.0000
-305.5870 0.0000
-303.4873 0.0000
-305.6479 0.0000
-303.8426 0.0000
-303.2856 0.0000
-304.0617 0.0000
-303.8278 0.0000
-303.2869 0.0000
-303.0197 0.0000
-303.4761 0.0000
-305.1640 0.0000
-303.7060 0.0000
-303.7612 0.0000
-303.2665 0.0000
-303.4852 0.0000
-304.6234 0.0000
-301.9098 0.0000
-303.3949 0.0000
-301.9980 0.0000
-303.3677 0.0000
-303.5391 0.0000
-303.7573 0.0000
-303.4642 0.0000
-303.2677 0.0000
-309.0457 0.0000
-309.5814 0.0000
-309.4779 0.0000
-309.5399 0.0000
-308.9705 0.0000
-309.6277 0.0000
-306.9096 0.0000
-310.1953 0.0000
-309.4541 0.0000
-308.6008 0.0000
-308.3461 0.0000
-308.2410 0.0000
-308.0658 0.0000
-307.1632 0.0000
-308.4795 0.0000
-307.8815 0.0000
-309.8125 0.0000
-307.7806 0.0000
-307.8176 0.0000
-306.8732 0.0000
-307.3526 0.0000
-307.4680 0.0000
-307.4498 0.0000
-307.4898 0.0000
-305.5648 0.0000
-306.7404 0.0000
-306.9298 0.0000
-306.1064 0.0000
-306.2233 0.0000
-306.5849 0.0000
-305.2274 0.0000
-305.9136 0.0000
-308.7706 0.0000
-309.9350 0.0000
-309.2782 0.0000
-309.4782 0.0000
-309.7962 0.0000
-310.0183 0.0000
-307.8516 0.0000
-310.4880 0.0000
-310.4440 0.0000
-309.5245 0.0000
-309.3237 0.0000
-310.0541 0.0000
-308.6830 0.0000
-308.7101 0.0000
-310.1674 0.0000
-309.5154 0.0000
-309.8736 0.0000
-310.5902 0.0000
-310.9250 0.0000
-310.6621 0.0000
-310.9016 0.0000
-309.3174 0.0000
-307.9609 0.0000
-307.9933 0.0000
-309.8179 0.0000
-305.7616 0.0000
-308.1789 0.0000
-308.4351 0.0000
-308.7375 0.0000
-307.9579 0.0000
-308.8630 0.0000
-306.1104 0.0000
-307.5815 0.0000
-305.2090 0.0000
-307.3066 0.0000
-307.2493 0.0000
-305.7117 0.0000
-306.3470 0.0000
-307.6183 0.0000
-307.9241 0.0000
-308.4770 0.0000
-309.6283 0.0000
-309.5807 0.0000
-308.2056 0.0000
-308.9794 0.0000
-308.4883 0.0000
-309.4817 0.0000
-309.0250 0.0000
-308.9495 0.0000
-309.6081 0.0000
-308.6794 0.0000
-309.1030 0.0000
-309.0056 0.0000
-307.3049 0.0000
-309.4113 0.0000
-310.7633 0.0000
-310.5239 0.0000
-310.0494 0.0000
-311.0443 0.0000
-309.4639 0.0000
-309.1480 0.0000
-309.9379 0.0000
-308.4505 0.0000
-311.5023 0.0000
-310.9488 0.0000
-310.5673 0.0000
-308.7985 0.0000
-309.7318 0.0000
-308.3863 0.0000
-309.1813 0.0000
-309.8142 0.0000
-308.2219 0.0000
-310.4669 0.0000
-308.7820 0.0000
-308.1857 0.0000
-310.4096 0.0000
-309.4594 0.0000
-310.0876 0.0000
-309.6906 0.0000
-309.7677 0.0000
-309.2673 0.0000
-308.4011 0.0000
-306.4603 0.0000
-308.1643 0.0000
-309.0089 0.0000
-309.6536 0.0000
-309.4726 0.0000
-309.9214 0.0000
-309.2910 0.0000
-306.4821 0.0000
-308.8998 0.0000
-308.8699 0.0000
-310.3711 0.0000
-308.7940 0.0000
-309.8720 0.0000
-309.3019 0.0000
-308.1473 0.0000
-309.2217 0.0000
-309.9998 0.0000
-307.8426 0.0000
-309.3052 0.0000
-307.9344 0.0000
-309.6322 0.0000
-308.1778 0.0000
-307.5937 0.0000
-308.8196 0.0000
-309.6603 0.0000
-309.7756 0.0000
-309.0964 0.0000
-309.0742 0.0000
-309.8132 0.0000
-307.8340 0.0000
-308.3609 0.0000
-306.5710 0.0000
-306.7185 0.0000
-305.7825 0.0000
-305.8821 0.0000
-304.8445 0.0000
-306.0199 0.0000
-305.7888 0.0000
-305.5791 0.0000
-305.5586 0.0000
-306.1675 0.0000
-305.0360 0.0000
-304.1570 0.0000
-304.5809 0.0000
-304.5776 0.0000
-305.2336 0.0000
-305.0556 0.0000
-305.6811 0.0000
-304.3252 0.0000
-305.9921 0.0000
-303.1523 0.0000
-302.8587 0.0000
-303.4330 0.0000
-305.0634 0.0000
-305.9172 0.0000
-303.4636 0.0000
-304.1277 0.0000
-302.2261 0.0000
-303.6661 0.0000
-304.7727 0.0000
-304.3671 0.0000
-304.9172 0.0000
-304.6388 0.0000
-303.8369 0.0000
-305.5096 0.0000
-305.8789 0.0000
-306.0017 0.0000
-305.1945 0.0000
-306.3389 0.0000
-306.0128 0.0000
-307.1821 0.0000
-305.7222 0.0000
-306.7576 0.0000
-306.7873 0.0000
-306.7825 0.0000
-307.1628 0.0000
-305.7394 0.0000
-306.8642 0.0000
-306.8122 0.0000
-307.1621 0.0000
-308.7238 0.0000
-309.6601 0.0000
-309.6906 0.0000
-308.6464 0.0000
-307.9737 0.0000
-309.0168 0.0000
-315.1063 0.0000
-313.8430 0.0000
-314.7307 0.0000
-314.1305 0.0000
-312.8187 0.0000
-313.4164 0.0000
-312.6345 0.0000
-312.4747 0.0000
-313.0380 0.0000
-312.6491 0.0000
-312.3170 0.0000
-312.3159 0.0000
-310.8816 0.0000
-310.4582 0.0000
-311.4231 0.0000
-310.8252 0.0000
-311.6224 0.0000
-310.5728 0.0000
-310.8247 0.0000
-310.3476 0.0000
-310.0740 0.0000
-310.3364 0.0000
-310.8115 0.0000
-310.8264 0.0000
-310.3224 0.0000
-309.9865 0.0000
-311.5188 0.0000
-312.2286 0.0000
-311.9046 0.0000
-311.1393 0.0000
-311.5635 0.0000
-310.5654 0.0000
-311.4581 0.0000
-311.4638 0.0000
-311.2220 0.0000
-311.6147 0.0000
-310.9002 0.0000
-311.2190 0.0000
-311.1906 0.0000
-310.0705 0.0000
-310.5982 0.0000
-310.8342 0.0000
-310.6613 0.0000
-309.9953 0.0000
-310.1120 0.0000
-309.5224 0.0000
-310.0725 0.0000
-310.1951 0.0000
-310.4845 0.0000
-310.1352 0.0000
-310.1812 0.0000
-309.9786 0.0000
-309.2821 0.0000
-308.7810 0.0000
-308.6647 0.0000
-309.4612 0.0000
-309.9782 0.0000
-310.0755 0.0000
-309.8618 0.0000
-308.6438 0.0000
-310.5821 0.0000
-309.6565 0.0000
-309.8308 0.0000
-310.8476 0.0000
-311.1296 0.0000
-310.8414 0.0000
-310.4828 0.0000
-310.6796 0.0000
-311.9194 0.0000
-309.8935 0.0000
-309.8935 0.0000
-310.1027 0.0000
-310.1918 0.0000
-310.1983 0.0000
-311.5878 0.0000
-310.8125 0.0000
-310.7544 0.0000
-311.9286 0.0000
-311.0404 0.0000
-310.7556 0.0000
-309.6007 0.0000
-309.3084 0.0000
-309.5357 0.0000
-308.2620 0.0000
-308.2143 0.0000
-306.5252 0.0000
-307.8476 0.0000
-307.8766 0.0000
-307.9645 0.0000
-307.7585 0.0000
-307.8318 0.0000
-307.7307 0.0000
-306.6372 0.0000
-308.4010 0.0000
-307.3182 0.0000
-307.9157 0.0000
-307.7445 0.0000
-307.6196 0.0000
-307.6979 0.0000
-307.4100 0.0000
-306.8547 0.0000
-306.9677 0.0000
-307.6142 0.0000
-307.5530 0.0000
-307.4230 0.0000
-306.6427 0.0000
-306.5290 0.0000
-306.9035 0.0000
-307.0044 0.0000
-307.3038 0.0000
-307.6568 0.0000
-306.9374 0.0000
-308.1703 0.0000
-306.6295 0.0000
-307.3639 0.0000
-308.5044 0.0000
-308.3847 0.0000
-307.5506 0.0000
-308.2521 0.0000
-307.8623 0.0000
-308.8838 0.0000
-307.6704 0.0000
-308.9054 0.0000
-307.4091 0.0000
-308.1534 0.0000
-309.0312 0.0000
-309.5200 0.0000
-308.4583 0.0000
-307.5860 0.0000
-306.8531 0.0000
-307.6769 0.0000
-308.3063 0.0000
-307.0458 0.0000
-307.2059 0.0000
-307.6969 0.0000
-305.9822 0.0000
-307.5579 0.0000
-307.5001 0.0000
-307.2216 0.0000
-307.9463 0.0000
-307.5491 0.0000
-307.9993 0.0000
-306.7790 0.0000
-306.7952 0.0000
-307.6038 0.0000
-307.3238 0.0000
-306.0686 0.0000
-308.2276 0.0000
-305.7249 0.0000
-305.5744 0.0000
-305.0080 0.0000
-304.5988 0.0000
-305.3260 0.0000
-304.9988 0.0000
-304.8292 0.0000
-306.7902 0.0000
-305.2462 0.0000
-304.8025 0.0000
-304.2082 0.0000
-303.6624 0.0000
-303.8053 0.0000
-304.3777 0.0000
-303.2355 0.0000
-304.6217 0.0000
-304.4153 0.0000
-304.5068 0.0000
-303.7271 0.0000
-305.4670 0.0000
-304.6991 0.0000
-305.5676 0.0000
-306.1715 0.0000
-304.7808 0.0000
-306.5136 0.0000
-306.3082 0.0000
-305.6527 0.0000
-304.9749 0.0000
-304.9599 0.0000
-305.2651 0.0000
-304.2268 0.0000
-304.5627 0.0000
-303.3476 0.0000
-306.0899 0.0000
-303.5452 0.0000
-305.5837 0.0000
-304.3500 0.0000
-303.4761 0.0000
-303.0133 0.0000
-301.5569 0.0000
-303.6035 0.0000
-303.8324 0.0000
-303.5150 0.0000
-303.1295 0.0000
-302.4800 0.0000
-302.6069 0.0000
-302.8255 0.0000
-302.5596 0.0000
-302.1306 0.0000
-303.0632 0.0000
-302.4628 0.0000
-300.5874 0.0000
-306.6142 0.0000
-306.3334 0.0000
-306.8479 0.0000
-306.9139 0.0000
-306.3393 0.0000
-304.5852 0.0000
-306.0138 0.0000
-308.6226 0.0000
-306.2641 0.0000
-303.9935 0.0000
-305.7604 0.0000
-306.1479 0.0000
-306.3757 0.0000
-306.6280 0.0000
-306.7583 0.0000
-306.5910 0.0000
-307.3307 0.0000
-307.8572 0.0000
-308.8611 0.0000
-310.7054 0.0000
-310.4025 0.0000
-310.5003 0.0000
-310.4923 0.0000
-311.2845 0.0000
-312.0975 0.0000
-309.6815 0.0000
-309.4720 0.0000
-309.5846 0.0000
-308.9657 0.0000
-310.0781 0.0000
-310.4256 0.0000
-309.9704 0.0000
-309.8054 0.0000
-308.1447 0.0000
-309.5364 0.0000
-308.6973 0.0000
-309.1958 0.0000
-308.5011 0.0000
-308.9762 0.0000
-307.7875 0.0000
-308.5199 0.0000
-307.8097 0.0000
-307.7612 0.0000
-307.9546 0.0000
-308.0240 0.0000
-308.3839 0.0000
-308.7927 0.0000
-309.0200 0.0000
-309.6033 0.0000
-309.4439 0.0000
-310.4613 0.0000
-310.4672 0.0000
-311.6200 0.0000
-312.4429 0.0000
-312.2567 0.0000
-312.1545 0.0000
-313.7681 0.0000
-312.8218 0.0000
-312.6911 0.0000
-312.2644 0.0000
-312.7227 0.0000
-311.3376 0.0000
-314.4619 0.0000
-315.2577 0.0000
-314.6958 0.0000
-313.9836 0.0000
-315.1667 0.0000
-315.9582 0.0000
-314.5560 0.0000
-316.5159 0.0000
-316.3721 0.0000
-314.1445 0.0000
-314.2821 0.0000
-314.0211 0.0000
-315.7239 0.0000
-317.2379 0.0000
-313.7368 0.0000
-313.3815 0.0000
-311.9022 0.0000
-313.2063 0.0000
-312.0167 0.0000
-314.8364 0.0000
-315.3067 0.0000
-315.1835 0.0000
-315.9632 0.0000
-313.1306 0.0000
-315.1215 0.0000
-316.0657 0.0000
-316.2644 0.0000
-316.3652 0.0000
-315.6294 0.0000
-316.9008 0.0000
-317.0813 0.0000
-316.3450 0.0000
-317.4557 0.0000
-314.6418 0.0000
-313.1363 0.0000
-314.6080 0.0000
-315.7491 0.0000
-315.9051 0.0000
-316.3268 0.0000
-316.0386 0.0000
-316.6218 0.0000
-315.3091 0.0000
-315.6179 0.0000
-315.3018 0.0000
-315.6797 0.0000
-317.0340 0.0000
-315.7668 0.0000
-314.6337 0.0000
-314.2497 0.0000
-315.2490 0.0000
-315.6666 0.0000
-316.5201 0.0000
-318.4187 0.0000
-317.5659 0.0000
-317.7576 0.0000
-319.2017 0.0000
-317.5557 0.0000
-317.7258 0.0000
-319.1089 0.0000
-319.7543 0.0000
-318.7747 0.0000
-318.2251 0.0000
-318.5186 0.0000
-316.7541 0.0000
-318.6673 0.0000
-320.2021 0.0000
-320.0451 0.0000
-319.9753 0.0000
-320.4571 0.0000
-319.3255 0.0000
-320.0402 0.0000
-320.8605 0.0000
-322.3373 0.0000
-321.9672 0.0000
-321.5130 0.0000
-321.9142 0.0000
-319.0596 0.0000
-319.2552 0.0000
-319.3847 0.0000
-318.7887 0.0000
-318.0672 0.0000
-319.3167 0.0000
-319.3853 0.0000
-319.8650 0.0000
-318.9212 0.0000
-319.3583 0.0000
-317.0377 0.0000
-315.7474 0.0000
-316.7086 0.0000
-317.2890 0.0000
-317.5919 0.0000
-317.2250 0.0000
-316.4606 0.0000
-317.9562 0.0000
-316.3270 0.0000
-314.8620 0.0000
-317.1521 0.0000
-315.5660 0.0000
-315.1877 0.0000
-314.8483 0.0000
-315.0670 0.0000
-316.6032 0.0000
-314.0104 0.0000
-315.8877 0.0000
-314.9765 0.0000
-315.2458 0.0000
-315.2021 0.0000
-315.3558 0.0000
-315.5906 0.0000
-314.8383 0.0000
-316.2718 0.0000
-316.2676 0.0000
-317.4602 0.0000
-315.0369 0.0000
-318.4302 0.0000
-316.4810 0.0000
-317.2757 0.0000
-315.7041 0.0000
-315.6105 0.0000
-316.3569 0.0000
-315.6878 0.0000
-314.9012 0.0000
-315.5011 0.0000
-315.0753 0.0000
-315.6980 0.0000
-315.5534 0.0000
-316.2906 0.0000
-318.2788 0.0000
-317.2702 0.0000
-316.3266 0.0000
-315.7282 0.0000
-315.3100 0.0000
-315.6059 0.0000
-315.4506 0.0000
-315.9258 0.0000
-316.3097 0.0000
-316.4632 0.0000
-316.7077 0.0000
-317.1606 0.0000
-317.0729 0.0000
-316.8363 0.0000
-318.4793 0.0000
-317.3694 0.0000
-316.5323 0.0000
-316.6225 0.0000
-316.3247 0.0000
-316.8661 0.0000
-316.7382 0.0000
-316.0739 0.0000
-316.1472 0.0000
-317.9948 0.0000
-317.7660 0.0000
-318.6188 0.0000
-318.1574 0.0000
-318.3770 0.0000
-316.9766 0.0000
-318.4946 0.0000
-318.1220 0.0000
-318.3133 0.0000
-317.8791 0.0000
-317.9984 0.0000
-318.9214 0.0000
-319.2691 0.0000
-319.7704 0.0000
-320.0259 0.0000
-318.6675 0.0000
-319.0318 0.0000
-319.9812 0.0000
-319.1738 0.0000
-318.6209 0.0000
-317.5813 0.0000
-319.0771 0.0000
-319.8438 0.0000
-318.1070 0.0000
-318.8258 0.0000
-316.8596 0.0000
-318.7821 0.0000
-316.1764 0.0000
-316.8071 0.0000
-318.4183 0.0000
-320.1418 0.0000
-318.8676 0.0000
-318.5869 0.0000
-318.7741 0.0000
-318.0919 0.0000
-318.2852 0.0000
-318.6314 0.0000
-320.4713 0.0000
-318.8369 0.0000
-317.3774 0.0000
-317.2220 0.0000
-318.1940 0.0000
-319.3726 0.0000
-319.4370 0.0000
-319.8548 0.0000
-318.7677 0.0000
-318.9799 0.0000
-319.8337 0.0000
-319.8647 0.0000
-320.0282 0.0000
-319.5793 0.0000
-319.9327 0.0000
-321.5131 0.0000
-319.3703 0.0000
-321.4574 0.0000
-319.1764 0.0000
-317.7016 0.0000
-318.3168 0.0000
-319.7464 0.0000
-319.7288 0.0000
-320.1437 0.0000
-319.8402 0.0000
-319.8840 0.0000
-319.4935 0.0000
-320.1137 0.0000
-318.6219 0.0000
-319.0569 0.0000
-320.5149 0.0000
-319.9566 0.0000
-321.0490 0.0000
-320.0795 0.0000
-320.8685 0.0000
-320.1627 0.0000
-321.4931 0.0000
-321.5166 0.0000
-321.4095 0.0000
-322.7633 0.0000
-322.3811 0.0000
-321.2594 0.0000
-322.7967 0.0000
-321.0566 0.0000
-322.5489 0.0000
-322.9077 0.0000
-323.2902 0.0000
-323.3282 0.0000
-323.9760 0.0000
-323.8991 0.0000
-322.9051 0.0000
-324.2415 0.0000
-323.6793 0.0000
-323.8036 0.0000
-325.2966 0.0000
-321.7660 0.0000
-322.1970 0.0000
-323.0982 0.0000
-321.9259 0.0000
-321.7280 0.0000
-323.0692 0.0000
-321.7425 0.0000
-322.4903 0.0000
-322.5382 0.0000
-323.2320 0.0000
-322.1834 0.0000
-323.7280 0.0000
-323.9757 0.0000
-322.3936 0.0000
-322.2798 0.0000
-322.4027 0.0000
-323.2192 0.0000
-322.9001 0.0000
-322.9814 0.0000
-324.2633 0.0000
-324.1936 0.0000
-323.7760 0.0000
-322.9472 0.0000
-324.7903 0.0000
-324.3242 0.0000
-326.1084 0.0000
-323.1505 0.0000
-324.5471 0.0000
-324.8310 0.0000
-324.2876 0.0000
-322.3901 0.0000
-323.6649 0.0000
-325.0816 0.0000
-325.3693 0.0000
-326.2814 0.0000
-324.8382 0.0000
-325.4507 0.0000
-325.3207 0.0000
-325.3684 0.0000
-324.9195 0.0000
-323.8723 0.0000
-325.5302 0.0000
-324.1330 0.0000
-325.3838 0.0000
-325.6210 0.0000
-326.2090 0.0000
-325.6129 0.0000
-324.7677 0.0000
-323.8761 0.0000
-323.6362 0.0000
-322.0571 0.0000
-320.8548 0.0000
-320.4403 0.0000
-320.2083 0.0000
-319.8163 0.0000
-321.1468 0.0000
-319.4893 0.0000
-320.9778 0.0000
-321.5241 0.0000
-322.3242 0.0000
-321.4048 0.0000
-322.2387 0.0000
-323.0385 0.0000
-323.4768 0.0000
-324.6813 0.0000
-325.6184 0.0000
-325.8267 0.0000
-326.1368 0.0000
-326.0535 0.0000
-325.3461 0.0000
-327.2169 0.0000
-327.1098 0.0000
-325.7774 0.0000
-325.7726 0.0000
-325.3375 0.0000
-325.4487 0.0000
-324.6234 0.0000
-325.0270 0.0000
-324.8227 0.0000
-324.7139 0.0000
-324.4820 0.0000
-323.9536 0.0000
-325.0546 0.0000
-325.1439 0.0000
-324.8653 0.0000
-323.6020 0.0000
-325.4296 0.0000
-323.9990 0.0000
-323.2951 0.0000
-323.3792 0.0000
-322.4294 0.0000
-320.8149 0.0000
-320.3032 0.0000
-320.0172 0.0000
