-100.0000 -100.0000
-317.1130 0.0000
-316.9584 0.0000
-316.4457 0.0000
-315.9238 0.0000
-315.5775 0.0000
-316.2964 0.0000
-315.9361 0.0000
-315.4024 0.0000
-316.4575 0.0000
-315.7573 0.0000
-315.6910 0.0000
-315.4862 0.0000
-315.8686 0.0000
-314.3342 0.0000
-313.8379 0.0000
-314.2761 0.0000
-314.7935 0.0000
-313.6312 0.0000
-313.5737 0.0000
-313.6259 0.0000
-314.4912 0.0000
-313.7930 0.0000
-314.0852 0.0000
-313.3422 0.0000
-312.8875 0.0000
-312.7009 0.0000
-312.1949 0.0000
-313.0731 0.0000
-313.1078 0.0000
-311.1231 0.0000
-309.9488 0.0000
-309.9119 0.0000
-309.6389 0.0000
-310.1432 0.0000
-309.9470 0.0000
-309.6280 0.0000
-309.6282 0.0000
-310.8024 0.0000
-310.0510 0.0000
-310.3502 0.0000
-311.0834 0.0000
-310.7357 0.0000
-310.2095 0.0000
-310.1603 0.0000
-310.0809 0.0000
-310.5012 0.0000
-310.0650 0.0000
-310.3785 0.0000
-310.2310 0.0000
-309.3130 0.0000
-309.8620 0.0000
-309.8321 0.0000
-309.4345 0.0000
-309.4860 0.0000
-309.7251 0.0000
-309.3682 0.0000
-309.5812 0.0000
-309.8688 0.0000
-309.8953 0.0000
-309.7108 0.0000
-309.4648 0.0000
-310.1306 0.0000
-309.9735 0.0000
-309.9961 0.0000
-311.7746 0.0000
-309.0927 0.0000
-309.5796 0.0000
-309.4549 0.0000
-309.6648 0.0000
-310.1105 0.0000
-310.5508 0.0000
-310.3858 0.0000
-310.0664 0.0000
-310.5815 0.0000
-310.8030 0.0000
-310.1035 0.0000
-309.7208 0.0000
-309.8228 0.0000
-310.2699 0.0000
-310.3745 0.0000
-310.4381 0.0000
-310.8471 0.0000
-311.0149 0.0000
-311.5986 0.0000
-312.0039 0.0000
-311.4341 0.0000
-312.1341 0.0000
-312.3118 0.0000
-312.5138 0.0000
-312.9130 0.0000
-312.9665 0.0000
-312.9609 0.0000
-312.4608 0.0000
-313.4996 0.0000
-312.5015 0.0000
-312.8274 0.0000
-312.4698 0.0000
-312.5371 0.0000
-312.2537 0.0000
-311.3639 0.0000
-311.9895 0.0000
-311.8185 0.0000
-311.1817 0.0000
-311.8816 0.0000
-311.5569 0.0000
-311.3734 0.0000
-312.4614 0.0000
-312.3679 0.0000
-312.0833 0.0000
-312.2134 0.0000
-312.8201 0.0000
-312.3134 0.0000
-312.7141 0.0000
-313.1345 0.0000
-312.4687 0.0000
-312.1607 0.0000
-313.0078 0.0000
-312.5359 0.0000
-312.0779 0.0000
-311.5479 0.0000
-312.0026 0.0000
-312.8593 0.0000
-312.1987 0.0000
-312.6619 0.0000
-312.7203 0.0000
-312.4131 0.0000
-313.3563 0.0000
-313.0519 0.0000
-313.3237 0.0000
-312.5650 0.0000
-313.0256 0.0000
-312.9481 0.0000
-312.7790 0.0000
-312.7283 0.0000
-313.6218 0.0000
-313.5452 0.0000
-313.1907 0.0000
-313.5152 0.0000
-313.6671 0.0000
-313.1620 0.0000
-312.8867 0.0000
-312.2875 0.0000
-312.2961 0.0000
-312.3267 0.0000
-311.0936 0.0000
-312.3485 0.0000
-311.9738 0.0000
-313.0012 0.0000
-313.1809 0.0000
-312.6598 0.0000
-312.3958 0.0000
-313.2574 0.0000
-313.0565 0.0000
-313.6987 0.0000
-313.7968 0.0000
-315.0701 0.0000
-314.3866 0.0000
-313.8098 0.0000
-314.4908 0.0000
-315.1625 0.0000
-313.8641 0.0000
-314.0021 0.0000
-313.9509 0.0000
-314.4724 0.0000
-313.8338 0.0000
-313.4203 0.0000
-314.2318 0.0000
-313.7734 0.0000
-313.7749 0.0000
-313.2757 0.0000
-313.5293 0.0000
-313.0469 0.0000
-312.6882 0.0000
-313.7912 0.0000
-313.8009 0.0000
-313.6611 0.0000
-314.0284 0.0000
-314.1229 0.0000
-314.2479 0.0000
-313.2160 0.0000
-314.2464 0.0000
-313.4365 0.0000
-313.1105 0.0000
-312.8470 0.0000
-312.5495 0.0000
-312.6427 0.0000
-311.9661 0.0000
-312.2512 0.0000
-311.9571 0.0000
-311.4844 0.0000
-311.4793 0.0000
-311.2065 0.0000
-312.0188 0.0000
-312.7766 0.0000
-311.9180 0.0000
-312.2835 0.0000
-312.1395 0.0000
-311.9630 0.0000
-312.3417 0.0000
-312.7519 0.0000
-312.3290 0.0000
-312.5910 0.0000
-311.9036 0.0000
-312.7194 0.0000
-312.4252 0.0000
-312.2244 0.0000
-312.8997 0.0000
-312.9440 0.0000
-312.9656 0.0000
-312.1910 0.0000
-312.0811 0.0000
-312.7968 0.0000
-312.1606 0.0000
-312.6304 0.0000
-311.9727 0.0000
-311.6776 0.0000
-312.1771 0.0000
-312.7378 0.0000
-312.1417 0.0000
-313.7031 0.0000
-311.4191 0.0000
-311.7459 0.0000
-312.8829 0.0000
-313.2110 0.0000
-314.3418 0.0000
-313.4445 0.0000
-311.5624 0.0000
-313.2025 0.0000
-312.2377 0.0000
-312.8349 0.0000
-313.6739 0.0000
-313.9747 0.0000
-314.8353 0.0000
-314.3322 0.0000
-314.9903 0.0000
-314.6721 0.0000
-314.5313 0.0000
-315.3794 0.0000
-315.4963 0.0000
-315.8408 0.0000
-314.4026 0.0000
-315.5922 0.0000
-314.6194 0.0000
-315.7922 0.0000
-314.3834 0.0000
-313.8036 0.0000
-314.5230 0.0000
-315.4311 0.0000
-314.9906 0.0000
-314.8968 0.0000
-316.0018 0.0000
-314.4846 0.0000
-314.2727 0.0000
-314.0738 0.0000
-314.8433 0.0000
-314.1970 0.0000
-314.1721 0.0000
-313.9766 0.0000
-315.1049 0.0000
-313.5228 0.0000
-313.7848 0.0000
-313.6018 0.0000
-314.4076 0.0000
-314.4054 0.0000
-314.5610 0.0000
-315.1512 0.0000
-313.7002 0.0000
-313.5521 0.0000
-313.6718 0.0000
-314.0409 0.0000
-314.3133 0.0000
-313.8130 0.0000
-313.2653 0.0000
-314.0060 0.0000
-313.2768 0.0000
-311.9688 0.0000
-312.0570 0.0000
-311.9345 0.0000
-311.8895 0.0000
-312.2370 0.0000
-312.0507 0.0000
-311.3555 0.0000
-311.0430 0.0000
-311.9618 0.0000
-312.5506 0.0000
-312.4513 0.0000
-312.4128 0.0000
-313.4672 0.0000
-313.4030 0.0000
-312.5509 0.0000
-312.1189 0.0000
-311.7608 0.0000
-312.1812 0.0000
-311.5422 0.0000
-312.6813 0.0000
-312.5117 0.0000
-312.7175 0.0000
-313.0989 0.0000
-313.4977 0.0000
-312.9609 0.0000
-313.0492 0.0000
-313.5755 0.0000
-313.0105 0.0000
-314.4585 0.0000
-314.7613 0.0000
-313.7732 0.0000
-313.8991 0.0000
-313.9423 0.0000
-313.7073 0.0000
-313.4967 0.0000
-313.8904 0.0000
-312.6883 0.0000
-314.6880 0.0000
-314.7280 0.0000
-313.9376 0.0000
-313.9283 0.0000
-312.8881 0.0000
-315.7329 0.0000
-315.3710 0.0000
-314.9674 0.0000
-314.8281 0.0000
-316.3958 0.0000
-316.6133 0.0000
-315.7936 0.0000
-319.2787 0.0000
-318.6978 0.0000
-317.4615 0.0000
-318.4439 0.0000
-319.3331 0.0000
-318.5496 0.0000
-318.5807 0.0000
-319.9359 0.0000
-319.7698 0.0000
-320.6505 0.0000
-318.7073 0.0000
-318.8899 0.0000
-320.0242 0.0000
-318.8695 0.0000
-318.9746 0.0000
-319.1355 0.0000
-319.0558 0.0000
-319.4588 0.0000
-317.8824 0.0000
-319.9519 0.0000
-319.2617 0.0000
-319.3007 0.0000
-317.8079 0.0000
-316.9251 0.0000
-318.2446 0.0000
-317.7142 0.0000
-318.0697 0.0000
-318.8569 0.0000
-317.5175 0.0000
-317.8458 0.0000
-318.2443 0.0000
-317.1095 0.0000
-317.7187 0.0000
-319.2431 0.0000
-320.1062 0.0000
-319.1969 0.0000
-320.0924 0.0000
-318.9198 0.0000
-318.4934 0.0000
-318.7073 0.0000
-319.4769 0.0000
-320.9216 0.0000
-319.2819 0.0000
-319.9085 0.0000
-319.6921 0.0000
-317.5765 0.0000
-319.7377 0.0000
-319.2608 0.0000
-318.6233 0.0000
-319.1085 0.0000
-318.9030 0.0000
-320.3335 0.0000
-320.2472 0.0000
-320.0677 0.0000
-319.2548 0.0000
-320.7341 0.0000
-321.7443 0.0000
-321.1218 0.0000
-321.3329 0.0000
-321.3011 0.0000
-321.7739 0.0000
-321.4065 0.0000
-322.0243 0.0000
-320.3084 0.0000
-320.8758 0.0000
-320.6683 0.0000
-319.9321 0.0000
-321.3246 0.0000
-321.0223 0.0000
-319.2757 0.0000
-320.0765 0.0000
-319.5510 0.0000
-318.2083 0.0000
-320.0004 0.0000
-319.4829 0.0000
-319.0412 0.0000
-318.9938 0.0000
-319.1720 0.0000
-317.8059 0.0000
-317.9848 0.0000
-317.9278 0.0000
-317.0545 0.0000
-317.4987 0.0000
-318.1466 0.0000
-318.6681 0.0000
-320.1194 0.0000
-319.6907 0.0000
-320.3952 0.0000
-320.3009 0.0000
-320.1928 0.0000
-319.6769 0.0000
-320.2784 0.0000
-319.2555 0.0000
-319.2591 0.0000
-319.7308 0.0000
-319.8403 0.0000
-319.6584 0.0000
-319.3121 0.0000
-320.1787 0.0000
-319.7730 0.0000
-320.5684 0.0000
-321.0178 0.0000
-320.2249 0.0000
-320.8236 0.0000
-320.3598 0.0000
-320.6410 0.0000
-320.6749 0.0000
-322.4891 0.0000
-323.9621 0.0000
-323.3542 0.0000
-324.6167 0.0000
-323.2483 0.0000
-323.9702 0.0000
-325.3452 0.0000
-323.6325 0.0000
-325.5063 0.0000
-325.0049 0.0000
-324.1249 0.0000
-323.9037 0.0000
-325.3623 0.0000
-325.2451 0.0000
-325.4352 0.0000
-326.1121 0.0000
-326.0142 0.0000
-326.2299 0.0000
-325.8203 0.0000
-326.8020 0.0000
-328.6067 0.0000
-326.1028 0.0000
-325.2252 0.0000
-324.5231 0.0000
-324.9044 0.0000
-324.6619 0.0000
-325.5301 0.0000
-324.0087 0.0000
-323.0902 0.0000
-324.5209 0.0000
-324.7849 0.0000
-324.5727 0.0000
-324.3763 0.0000
-323.2648 0.0000
-324.3277 0.0000
-324.4320 0.0000
-324.4128 0.0000
-324.2465 0.0000
-325.6667 0.0000
-323.6604 0.0000
-322.8239 0.0000
-323.1475 0.0000
-323.3141 0.0000
-322.5968 0.0000
-322.9402 0.0000
-322.1297 0.0000
-322.5029 0.0000
-322.3131 0.0000
-323.6174 0.0000
-325.0117 0.0000
-324.9674 0.0000
-326.7359 0.0000
-325.2824 0.0000
-325.0024 0.0000
-325.6884 0.0000
-326.4277 0.0000
-324.6579 0.0000
-323.8578 0.0000
-325.0093 0.0000
-324.7016 0.0000
-323.4915 0.0000
-323.4372 0.0000
-323.4387 0.0000
-324.4606 0.0000
-323.5875 0.0000
-322.8147 0.0000
-322.3562 0.0000
-324.0212 0.0000
-323.6816 0.0000
-324.8816 0.0000
-314.9791 0.0000
-315.4862 0.0000
-317.6293 0.0000
-313.4992 0.0000
-315.3893 0.0000
-316.3975 0.0000
-316.7416 0.0000
-315.8015 0.0000
-314.6869 0.0000
-315.4776 0.0000
-316.6580 0.0000
-315.9393 0.0000
-315.4033 0.0000
-317.4166 0.0000
-314.2419 0.0000
-318.0456 0.0000
-318.3071 0.0000
-317.5411 0.0000
-317.1724 0.0000
-317.4498 0.0000
-316.8654 0.0000
-317.0235 0.0000
-316.7228 0.0000
-316.7373 0.0000
-317.6150 0.0000
-315.5119 0.0000
-315.8639 0.0000
-315.8609 0.0000
-316.0252 0.0000
-316.4857 0.0000
-316.6853 0.0000
-316.8681 0.0000
-316.0961 0.0000
-317.7620 0.0000
-316.2161 0.0000
-315.8226 0.0000
-314.7826 0.0000
-315.8066 0.0000
-314.5221 0.0000
-313.2580 0.0000
-316.1720 0.0000
-313.9056 0.0000
-313.3898 0.0000
-315.2581 0.0000
-315.5918 0.0000
-315.2271 0.0000
-316.8955 0.0000
-316.0046 0.0000
-315.7519 0.0000
-314.7543 0.0000
-315.5745 0.0000
-315.2532 0.0000
-316.5547 0.0000
-316.0884 0.0000
-316.9451 0.0000
-316.5290 0.0000
-316.5803 0.0000
-315.9299 0.0000
-314.8148 0.0000
-316.2859 0.0000
-317.3247 0.0000
-315.1804 0.0000
-316.7102 0.0000
-315.5891 0.0000
-314.8961 0.0000
-315.1582 0.0000
-315.4735 0.0000
-316.3336 0.0000
-315.9106 0.0000
-315.6181 0.0000
-315.1127 0.0000
-315.4828 0.0000
-315.4711 0.0000
-316.3987 0.0000
-316.6234 0.0000
-316.2627 0.0000
-317.2304 0.0000
-316.4742 0.0000
-317.6638 0.0000
-318.8970 0.0000
-318.5431 0.0000
-319.5180 0.0000
-320.5123 0.0000
-320.2400 0.0000
-320.8217 0.0000
-320.0850 0.0000
-319.3702 0.0000
-321.7736 0.0000
-319.4330 0.0000
-320.4110 0.0000
-320.6874 0.0000
-321.3316 0.0000
-321.1714 0.0000
-322.0502 0.0000
-321.9927 0.0000
-322.4315 0.0000
-322.3833 0.0000
-323.0017 0.0000
-320.9261 0.0000
-319.9141 0.0000
-320.3976 0.0000
-319.6992 0.0000
-319.2282 0.0000
-319.2530 0.0000
-319.8984 0.0000
-317.8894 0.0000
-318.6113 0.0000
-319.6776 0.0000
-319.7654 0.0000
-319.6096 0.0000
-319.5314 0.0000
-318.9657 0.0000
-319.4112 0.0000
-319.6262 0.0000
-318.7614 0.0000
-319.0262 0.0000
-321.4892 0.0000
-318.9841 0.0000
-318.0067 0.0000
-317.9482 0.0000
-319.5845 0.0000
-320.0802 0.0000
-319.3276 0.0000
-318.2803 0.0000
-318.4540 0.0000
-317.0117 0.0000
-316.6223 0.0000
-317.0251 0.0000
-317.8297 0.0000
-318.3817 0.0000
-319.0309 0.0000
-317.3686 0.0000
-318.4565 0.0000
-318.8249 0.0000
-318.4480 0.0000
-318.7634 0.0000
-318.7791 0.0000
-319.5927 0.0000
-318.0117 0.0000
-318.1678 0.0000
-317.9714 0.0000
-318.3834 0.0000
-317.4551 0.0000
-317.9754 0.0000
-318.0606 0.0000
-317.5935 0.0000
-317.7559 0.0000
-317.0629 0.0000
-315.5283 0.0000
-315.0644 0.0000
-315.4431 0.0000
-315.5211 0.0000
-316.3485 0.0000
-316.4290 0.0000
-317.9174 0.0000
-315.6062 0.0000
-316.0703 0.0000
-314.9023 0.0000
-314.9904 0.0000
-315.1647 0.0000
-313.9063 0.0000
-313.8928 0.0000
-313.7387 0.0000
-313.0089 0.0000
-314.0362 0.0000
-314.7364 0.0000
-314.0022 0.0000
-315.1270 0.0000
-315.0189 0.0000
-314.7192 0.0000
-316.1325 0.0000
-316.8477 0.0000
-314.7539 0.0000
-315.4849 0.0000
-315.4066 0.0000
-314.5720 0.0000
-315.8839 0.0000
-315.4475 0.0000
-315.0944 0.0000
-315.7868 0.0000
-315.6854 0.0000
-315.6149 0.0000
-315.8343 0.0000
-317.4099 0.0000
-316.7436 0.0000
-316.3415 0.0000
-317.8354 0.0000
-318.3625 0.0000
-316.7320 0.0000
-317.4481 0.0000
-316.8200 0.0000
-317.2241 0.0000
-318.2010 0.0000
-317.5124 0.0000
-317.7858 0.0000
-319.2484 0.0000
-318.3156 0.0000
-317.9153 0.0000
-317.8777 0.0000
-317.1714 0.0000
-318.6283 0.0000
-317.8079 0.0000
-318.1952 0.0000
-317.1511 0.0000
-317.0501 0.0000
-317.1152 0.0000
-317.7605 0.0000
-316.9742 0.0000
-316.8312 0.0000
-315.5143 0.0000
-316.8413 0.0000
-318.8308 0.0000
-319.3160 0.0000
-318.2791 0.0000
-319.3749 0.0000
-318.5526 0.0000
-317.0302 0.0000
-317.7211 0.0000
-317.5401 0.0000
-319.3268 0.0000
-318.7152 0.0000
-318.0885 0.0000
-318.7737 0.0000
-318.5565 0.0000
-319.4392 0.0000
-318.9019 0.0000
-316.8881 0.0000
-317.1786 0.0000
-316.5507 0.0000
-317.9287 0.0000
-318.2118 0.0000
-315.6528 0.0000
-317.2812 0.0000
-316.2823 0.0000
-316.3522 0.0000
-315.7568 0.0000
-316.1509 0.0000
-315.0314 0.0000
-315.7321 0.0000
-316.3081 0.0000
-317.4379 0.0000
-318.0910 0.0000
-317.4694 0.0000
-318.3093 0.0000
-319.1359 0.0000
-318.7444 0.0000
-318.5549 0.0000
-318.3871 0.0000
-319.1157 0.0000
-318.4475 0.0000
-317.2016 0.0000
-317.9974 0.0000
-317.0797 0.0000
-317.1333 0.0000
-317.7919 0.0000
-317.3259 0.0000
-316.4987 0.0000
-317.4888 0.0000
-317.4606 0.0000
-319.8529 0.0000
-319.8902 0.0000
-320.5459 0.0000
-319.5867 0.0000
-319.6671 0.0000
-319.9162 0.0000
-320.5100 0.0000
-320.7869 0.0000
-321.1259 0.0000
-321.5379 0.0000
-321.6095 0.0000
-320.7130 0.0000
-320.6103 0.0000
-322.5892 0.0000
-322.0104 0.0000
-321.1551 0.0000
-320.8230 0.0000
-319.9788 0.0000
-319.2843 0.0000
-319.4824 0.0000
-317.3326 0.0000
-320.0093 0.0000
-319.6934 0.0000
-317.9776 0.0000
-318.3026 0.0000
-317.2390 0.0000
-318.9787 0.0000
-317.3973 0.0000
-318.9335 0.0000
-320.4821 0.0000
-320.6776 0.0000
-319.1067 0.0000
-318.4966 0.0000
-318.2661 0.0000
-317.8885 0.0000
-319.6763 0.0000
-320.8858 0.0000
-321.0706 0.0000
-319.6780 0.0000
-319.6434 0.0000
-320.4657 0.0000
-314.7633 0.0000
-315.2142 0.0000
-316.2762 0.0000
-313.7669 0.0000
-313.4837 0.0000
-313.2474 0.0000
-313.7363 0.0000
-313.8644 0.0000
-313.4582 0.0000
-313.4351 0.0000
-313.8648 0.0000
-313.5583 0.0000
-314.0808 0.0000
-315.5242 0.0000
-315.3382 0.0000
-315.4917 0.0000
-315.1234 0.0000
-315.2002 0.0000
-315.4867 0.0000
-315.5347 0.0000
-316.0392 0.0000
-315.1552 0.0000
-315.2561 0.0000
-315.3878 0.0000
-314.9467 0.0000
-316.4364 0.0000
-315.7039 0.0000
-316.1539 0.0000
-316.7032 0.0000
-317.1156 0.0000
-316.9250 0.0000
-318.8376 0.0000
-317.1384 0.0000
-317.8983 0.0000
-317.2831 0.0000
-317.4669 0.0000
-316.5181 0.0000
-317.4963 0.0000
-317.3478 0.0000
-318.7384 0.0000
-319.1838 0.0000
-318.9642 0.0000
-319.4782 0.0000
-320.8085 0.0000
-318.3582 0.0000
-318.4322 0.0000
-317.4815 0.0000
-316.7121 0.0000
-316.4138 0.0000
-315.3043 0.0000
-317.0640 0.0000
-318.0871 0.0000
-316.5350 0.0000
-316.7175 0.0000
-315.8058 0.0000
-317.1608 0.0000
-317.1997 0.0000
-317.7165 0.0000
-315.9132 0.0000
-315.5076 0.0000
-315.0335 0.0000
-316.0954 0.0000
-315.8281 0.0000
-315.8968 0.0000
-316.3493 0.0000
-316.0663 0.0000
-315.8185 0.0000
-317.9848 0.0000
-317.1145 0.0000
-316.1384 0.0000
-314.9298 0.0000
-316.3462 0.0000
-317.3889 0.0000
-316.8391 0.0000
-317.1846 0.0000
-316.9076 0.0000
-316.2501 0.0000
-317.5865 0.0000
-318.4079 0.0000
-317.4875 0.0000
-317.3618 0.0000
-317.0401 0.0000
-316.1104 0.0000
-317.7860 0.0000
-318.7069 0.0000
-318.8965 0.0000
-318.4474 0.0000
-318.6991 0.0000
-317.8919 0.0000
-318.5119 0.0000
-319.3504 0.0000
-317.9752 0.0000
-318.7349 0.0000
-319.1115 0.0000
-319.1566 0.0000
-318.7886 0.0000
-319.0814 0.0000
-318.5935 0.0000
-319.2878 0.0000
-318.9967 0.0000
-318.9863 0.0000
-320.1772 0.0000
-320.3622 0.0000
-321.3424 0.0000
-320.5796 0.0000
-320.2967 0.0000
-320.6492 0.0000
-319.7895 0.0000
-319.8338 0.0000
-320.3006 0.0000
-319.8847 0.0000
-319.3090 0.0000
-318.1667 0.0000
-317.0684 0.0000
-317.2538 0.0000
-316.8310 0.0000
-316.6603 0.0000
-317.0264 0.0000
-315.9536 0.0000
-316.7531 0.0000
-317.2351 0.0000
-316.8035 0.0000
-317.3073 0.0000
-316.5978 0.0000
-317.7128 0.0000
-315.9185 0.0000
-315.9835 0.0000
-316.3659 0.0000
-317.5675 0.0000
-317.1266 0.0000
-316.9830 0.0000
-316.2606 0.0000
-316.7307 0.0000
-318.1671 0.0000
-318.0489 0.0000
-317.9293 0.0000
-318.9707 0.0000
-318.7604 0.0000
-318.6378 0.0000
-318.6239 0.0000
-317.9605 0.0000
-318.8212 0.0000
-317.7417 0.0000
-318.2313 0.0000
-316.9668 0.0000
-318.7368 0.0000
-316.9971 0.0000
-318.7846 0.0000
-317.2499 0.0000
-317.5901 0.0000
-317.9543 0.0000
-316.6233 0.0000
-318.0280 0.0000
-318.4082 0.0000
-317.1760 0.0000
-315.9737 0.0000
-317.2222 0.0000
-316.8449 0.0000
-316.4522 0.0000
-317.1768 0.0000
-315.8173 0.0000
-317.0821 0.0000
-316.1378 0.0000
-317.3833 0.0000
-317.3656 0.0000
-316.3417 0.0000
-318.6803 0.0000
-318.9626 0.0000
-318.1557 0.0000
-319.0380 0.0000
-318.6058 0.0000
-318.9777 0.0000
-319.6979 0.0000
-318.9276 0.0000
-320.9171 0.0000
-320.0340 0.0000
-319.6195 0.0000
-320.6480 0.0000
-320.8881 0.0000
-320.3285 0.0000
-320.0527 0.0000
-320.1112 0.0000
-321.0434 0.0000
-319.1182 0.0000
-318.7247 0.0000
-318.9330 0.0000
-319.2721 0.0000
-319.4760 0.0000
-319.0778 0.0000
-318.9133 0.0000
-319.6085 0.0000
-321.2272 0.0000
-319.1729 0.0000
-319.1140 0.0000
-318.8912 0.0000
-319.5732 0.0000
-318.7022 0.0000
-319.7217 0.0000
-319.6988 0.0000
-320.4280 0.0000
-322.1343 0.0000
-322.7366 0.0000
-322.6815 0.0000
-322.6969 0.0000
-322.8846 0.0000
-323.0586 0.0000
-322.6497 0.0000
-323.4226 0.0000
-323.4421 0.0000
-321.7856 0.0000
-323.1421 0.0000
-322.7007 0.0000
-323.4780 0.0000
-323.8462 0.0000
-322.9260 0.0000
-323.4260 0.0000
-323.8574 0.0000
-323.0772 0.0000
-323.0294 0.0000
-322.0125 0.0000
-322.1387 0.0000
-323.1895 0.0000
-323.0959 0.0000
-322.6261 0.0000
-322.8577 0.0000
-322.6584 0.0000
-322.8175 0.0000
-323.3265 0.0000
-324.2146 0.0000
-322.9924 0.0000
-323.2585 0.0000
-323.1304 0.0000
-322.9717 0.0000
-322.2245 0.0000
-322.2943 0.0000
-322.8632 0.0000
-322.4470 0.0000
-322.6388 0.0000
-323.4395 0.0000
-323.3485 0.0000
-323.3680 0.0000
-324.2173 0.0000
-323.7340 0.0000
-322.6301 0.0000
-323.5452 0.0000
-322.4597 0.0000
-322.5165 0.0000
-322.7338 0.0000
-322.7225 0.0000
-323.1518 0.0000
-322.2360 0.0000
-322.2733 0.0000
-323.0424 0.0000
-322.5103 0.0000
-323.2962 0.0000
-322.7641 0.0000
-322.5564 0.0000
-323.4226 0.0000
-323.5104 0.0000
-323.4613 0.0000
-322.9162 0.0000
-322.9214 0.0000
-323.1532 0.0000
-322.9359 0.0000
-322.9641 0.0000
-322.4972 0.0000
-323.5657 0.0000
-322.4784 0.0000
-322.7737 0.0000
-324.0388 0.0000
-322.7199 0.0000
-322.7324 0.0000
-323.0079 0.0000
-322.1893 0.0000
-321.9893 0.0000
-322.1682 0.0000
-324.3061 0.0000
-324.6185 0.0000
-325.1937 0.0000
-324.7956 0.0000
-325.3344 0.0000
-323.7882 0.0000
-323.8077 0.0000
-324.3328 0.0000
-324.5296 0.0000
-325.0270 0.0000
-325.2282 0.0000
-323.9285 0.0000
-324.0100 0.0000
-324.0898 0.0000
-323.3882 0.0000
-323.0532 0.0000
-323.0394 0.0000
-322.1223 0.0000
-324.0049 0.0000
-324.0046 0.0000
-324.1901 0.0000
-324.6717 0.0000
-324.0839 0.0000
-325.0640 0.0000
-309.3385 0.0000
-308.8721 0.0000
-308.9391 0.0000
-308.5927 0.0000
-309.8168 0.0000
-307.0219 0.0000
-308.7026 0.0000
-307.8048 0.0000
-309.3250 0.0000
-308.2439 0.0000
-307.9735 0.0000
-309.1309 0.0000
-308.8636 0.0000
-309.8918 0.0000
-309.6013 0.0000
-308.8145 0.0000
-310.0645 0.0000
-310.5781 0.0000
-309.8900 0.0000
-311.2987 0.0000
-309.6809 0.0000
-310.0452 0.0000
-310.6804 0.0000
-310.4647 0.0000
-309.2140 0.0000
-309.6628 0.0000
-308.4100 0.0000
-308.1701 0.0000
-307.4455 0.0000
-307.5612 0.0000
-308.3582 0.0000
-308.7497 0.0000
-308.7992 0.0000
-309.4007 0.0000
-308.2807 0.0000
-306.9540 0.0000
-308.2160 0.0000
-309.2763 0.0000
-308.8909 0.0000
-310.2585 0.0000
-309.2102 0.0000
-309.2860 0.0000
-307.9283 0.0000
-309.7995 0.0000
-308.4946 0.0000
-310.1759 0.0000
-310.7653 0.0000
-307.8519 0.0000
-308.7421 0.0000
-309.3342 0.0000
-307.6611 0.0000
-308.0310 0.0000
-308.6228 0.0000
-307.5473 0.0000
-307.6465 0.0000
-307.5493 0.0000
-307.6101 0.0000
-307.0384 0.0000
-308.2042 0.0000
-307.5820 0.0000
-308.0371 0.0000
-307.9424 0.0000
-309.6705 0.0000
-308.3357 0.0000
-307.6671 0.0000
-308.0917 0.0000
-306.3094 0.0000
-307.8953 0.0000
-308.0656 0.0000
-308.6737 0.0000
-308.2211 0.0000
-308.5283 0.0000
-307.8086 0.0000
-309.7910 0.0000
-309.6187 0.0000
-308.5922 0.0000
-308.1867 0.0000
-309.3257 0.0000
-309.2079 0.0000
-309.0616 0.0000
-307.9005 0.0000
-308.9229 0.0000
-309.1973 0.0000
-308.9511 0.0000
-309.4311 0.0000
-308.2908 0.0000
-306.6265 0.0000
-306.6108 0.0000
-306.6722 0.0000
-306.7423 0.0000
-305.8862 0.0000
-306.2870 0.0000
-306.5407 0.0000
-307.2399 0.0000
-306.5460 0.0000
-306.1073 0.0000
-306.0975 0.0000
-306.5156 0.0000
-306.1009 0.0000
-305.8246 0.0000
-306.5907 0.0000
-305.8115 0.0000
-306.3449 0.0000
-305.7754 0.0000
-305.3068 0.0000
-305.5676 0.0000
-305.2602 0.0000
-305.2386 0.0000
-305.1001 0.0000
-305.5002 0.0000
-306.1295 0.0000
-306.4692 0.0000
-305.9551 0.0000
-306.1356 0.0000
-306.4500 0.0000
-306.4533 0.0000
-306.4999 0.0000
-306.3677 0.0000
-306.8030 0.0000
-307.0072 0.0000
-305.5864 0.0000
-305.4107 0.0000
-305.4215 0.0000
-305.4479 0.0000
-305.2893 0.0000
-305.2900 0.0000
-305.3248 0.0000
-305.5389 0.0000
-305.4526 0.0000
-305.0742 0.0000
-305.4219 0.0000
-305.7492 0.0000
-305.6580 0.0000
-305.1057 0.0000
-305.1015 0.0000
-305.1612 0.0000
-304.9940 0.0000
-304.7642 0.0000
-304.9639 0.0000
-304.9861 0.0000
-304.9127 0.0000
-305.1517 0.0000
-304.6956 0.0000
-305.1530 0.0000
-305.1275 0.0000
-304.5525 0.0000
-305.0761 0.0000
-306.1212 0.0000
-306.6385 0.0000
-306.5164 0.0000
-305.5266 0.0000
-305.5390 0.0000
-306.4476 0.0000
-306.6240 0.0000
-306.4823 0.0000
-305.9833 0.0000
-305.9377 0.0000
-306.1520 0.0000
-307.0090 0.0000
-305.9274 0.0000
-305.9745 0.0000
-307.4507 0.0000
-307.7740 0.0000
-307.2066 0.0000
-308.2096 0.0000
-307.0927 0.0000
-306.8545 0.0000
-307.6353 0.0000
-307.7456 0.0000
-308.1663 0.0000
-308.5532 0.0000
-309.3082 0.0000
-307.7784 0.0000
-307.9710 0.0000
-308.3686 0.0000
-308.2438 0.0000
-308.6005 0.0000
-307.3082 0.0000
-307.1628 0.0000
-306.0187 0.0000
-307.1766 0.0000
-307.3827 0.0000
-307.5729 0.0000
-306.8084 0.0000
-307.4661 0.0000
-306.0531 0.0000
-307.1094 0.0000
-307.3806 0.0000
-307.4688 0.0000
-307.1265 0.0000
-307.4605 0.0000
-307.8907 0.0000
-306.2210 0.0000
-306.7752 0.0000
-308.7025 0.0000
-308.0191 0.0000
-307.8293 0.0000
-306.3164 0.0000
-305.2194 0.0000
-305.7251 0.0000
-305.8286 0.0000
-305.9925 0.0000
-307.5889 0.0000
-305.8785 0.0000
-306.4109 0.0000
-307.0735 0.0000
-307.3601 0.0000
-307.5230 0.0000
-305.7927 0.0000
-306.4262 0.0000
-305.3301 0.0000
-306.4528 0.0000
-306.3030 0.0000
-305.0759 0.0000
-306.4901 0.0000
-305.9084 0.0000
-305.5147 0.0000
-305.8326 0.0000
-305.7295 0.0000
-307.3472 0.0000
-306.2785 0.0000
-306.1317 0.0000
-305.3582 0.0000
-305.0080 0.0000
-307.2202 0.0000
-306.5088 0.0000
-305.5589 0.0000
-305.9455 0.0000
-306.7660 0.0000
-307.3091 0.0000
-305.1908 0.0000
-306.1077 0.0000
-306.4889 0.0000
-305.3671 0.0000
-307.0716 0.0000
-306.0153 0.0000
-305.6371 0.0000
-306.7155 0.0000
-307.3505 0.0000
-305.6521 0.0000
-306.7129 0.0000
-305.7402 0.0000
-306.9033 0.0000
-307.1405 0.0000
-307.1215 0.0000
-305.7269 0.0000
-305.1148 0.0000
-305.9326 0.0000
-307.8332 0.0000
-305.8794 0.0000
-306.3921 0.0000
-306.9606 0.0000
-305.5495 0.0000
-304.5890 0.0000
-306.7146 0.0000
-306.9909 0.0000
-305.5210 0.0000
-306.2578 0.0000
-306.5553 0.0000
-306.9657 0.0000
-305.4541 0.0000
-306.2242 0.0000
-307.0200 0.0000
-307.6939 0.0000
-307.1284 0.0000
-305.8172 0.0000
-305.9358 0.0000
-307.3983 0.0000
-305.7213 0.0000
-307.2981 0.0000
-305.8169 0.0000
-305.9453 0.0000
-305.6400 0.0000
-306.3001 0.0000
-305.9754 0.0000
-307.1707 0.0000
-308.3565 0.0000
-306.5664 0.0000
-305.5599 0.0000
-306.4878 0.0000
-306.0229 0.0000
-306.9924 0.0000
-306.5250 0.0000
-306.0829 0.0000
-305.7818 0.0000
-305.9079 0.0000
-306.2162 0.0000
-306.9840 0.0000
-306.1961 0.0000
-305.9561 0.0000
-306.4979 0.0000
-305.8615 0.0000
-306.1731 0.0000
-304.2175 0.0000
-306.4832 0.0000
-306.8030 0.0000
-307.0882 0.0000
-306.2202 0.0000
-306.0565 0.0000
-305.2260 0.0000
-305.5692 0.0000
-306.3586 0.0000
-305.4164 0.0000
-306.0239 0.0000
-306.7137 0.0000
-307.0894 0.0000
-305.4810 0.0000
-306.2258 0.0000
-306.3860 0.0000
-306.0791 0.0000
-305.2344 0.0000
-305.5772 0.0000
-306.3560 0.0000
-306.2790 0.0000
-305.7340 0.0000
-306.9637 0.0000
-305.7780 0.0000
-307.1370 0.0000
-306.3061 0.0000
-305.8538 0.0000
-304.8391 0.0000
-306.9393 0.0000
-306.0262 0.0000
-306.8692 0.0000
-306.0084 0.0000
-306.9797 0.0000
-304.4213 0.0000
-307.0192 0.0000
-306.4098 0.0000
-305.8504 0.0000
-306.2891 0.0000
-306.8893 0.0000
-307.4395 0.0000
-305.8686 0.0000
-305.9678 0.0000
-306.3080 0.0000
-305.3610 0.0000
-305.9875 0.0000
-306.8745 0.0000
-306.1531 0.0000
-307.9326 0.0000
-306.8178 0.0000
-305.4872 0.0000
-305.9268 0.0000
-306.0727 0.0000
-306.9315 0.0000
-306.9526 0.0000
-306.2027 0.0000
-305.2037 0.0000
-305.4679 0.0000
-307.4235 0.0000
-306.3093 0.0000
-306.9041 0.0000
-306.9206 0.0000
-307.1812 0.0000
-307.1722 0.0000
-305.7939 0.0000
-306.8359 0.0000
-305.8897 0.0000
-307.2594 0.0000
-306.4535 0.0000
-305.5352 0.0000
-306.0149 0.0000
-306.8622 0.0000
-305.7807 0.0000
-306.5168 0.0000
-305.5388 0.0000
-306.8612 0.0000
-307.3979 0.0000
-306.3357 0.0000
-306.6678 0.0000
-306.0850 0.0000
-306.1387 0.0000
-307.6074 0.0000
-306.4878 0.0000
-306.5148 0.0000
-307.0470 0.0000
-305.7357 0.0000
-306.0023 0.0000
-307.3829 0.0000
-306.9937 0.0000
-305.5614 0.0000
-306.1533 0.0000
-306.1344 0.0000
-305.2155 0.0000
-306.9001 0.0000
-308.4114 0.0000
-306.5249 0.0000
-305.6348 0.0000
-307.7930 0.0000
-306.5655 0.0000
-306.9133 0.0000
-305.8969 0.0000
-306.2605 0.0000
-307.4979 0.0000
-306.6148 0.0000
-306.7520 0.0000
-307.0428 0.0000
-307.8209 0.0000
-306.7273 0.0000
-307.7649 0.0000
-305.5548 0.0000
-306.6122 0.0000
-306.0303 0.0000
-304.5383 0.0000
-305.4135 0.0000
-306.3834 0.0000
-306.5656 0.0000
-305.4295 0.0000
-306.5005 0.0000
-305.8640 0.0000
-306.3867 0.0000
-306.4728 0.0000
-306.2405 0.0000
-305.6316 0.0000
-305.7112 0.0000
-306.2098 0.0000
-306.4800 0.0000
-305.6462 0.0000
-306.9351 0.0000
-306.8823 0.0000
-306.7196 0.0000
-306.6532 0.0000
-306.4752 0.0000
-306.7183 0.0000
-306.5414 0.0000
-305.8057 0.0000
-306.6565 0.0000
-306.7505 0.0000
-306.3939 0.0000
-306.0242 0.0000
-306.4387 0.0000
-306.7544 0.0000
-306.7317 0.0000
-307.4117 0.0000
-305.9323 0.0000
-306.5673 0.0000
-306.4806 0.0000
-306.0895 0.0000
-307.3509 0.0000
-307.1631 0.0000
-306.1020 0.0000
-306.2240 0.0000
-306.0286 0.0000
-305.2169 0.0000
-306.3401 0.0000
-306.4333 0.0000
-306.5515 0.0000
-305.4749 0.0000
-305.4001 0.0000
-306.1078 0.0000
-305.1945 0.0000
-306.4520 0.0000
-306.7750 0.0000
-306.7773 0.0000
-306.1978 0.0000
-306.0242 0.0000
-307.5639 0.0000
-306.6518 0.0000
-305.7592 0.0000
-306.1215 0.0000
-305.9565 0.0000
-306.2403 0.0000
-307.0104 0.0000
-306.0585 0.0000
-305.8035 0.0000
-306.7265 0.0000
-306.3563 0.0000
-306.5755 0.0000
-306.2645 0.0000
-306.0983 0.0000
-305.8447 0.0000
-307.3444 0.0000
-306.0830 0.0000
-306.5200 0.0000
-305.9084 0.0000
-306.1672 0.0000
-306.2277 0.0000
-306.5642 0.0000
-306.6655 0.0000
-306.5233 0.0000
-306.1356 0.0000
-305.6640 0.0000
-306.6454 0.0000
-306.4696 0.0000
-305.6497 0.0000
-306.2565 0.0000
-305.7751 0.0000
-306.5890 0.0000
-305.3555 0.0000
-305.7890 0.0000
-305.4680 0.0000
-306.6246 0.0000
-305.2896 0.0000
-307.4518 0.0000
-306.7902 0.0000
-303.8296 0.0000
-307.0949 0.0000
-306.3015 0.0000
-305.6661 0.0000
-306.1258 0.0000
-306.7858 0.0000
-306.2177 0.0000
-306.4605 0.0000
-307.4269 0.0000
-307.3146 0.0000
-305.3347 0.0000
-305.8305 0.0000
-306.1565 0.0000
-306.0235 0.0000
-306.8936 0.0000
-305.2602 0.0000
-305.6992 0.0000
-306.5823 0.0000
-307.0125 0.0000
-305.9985 0.0000
-306.7817 0.0000
-305.4164 0.0000
-305.7053 0.0000
-305.6769 0.0000
-305.3618 0.0000
-305.9300 0.0000
-306.8023 0.0000
-306.1547 0.0000
-306.3361 0.0000
-305.2841 0.0000
-306.5814 0.0000
-306.4949 0.0000
-306.4382 0.0000
-306.0578 0.0000
-306.1801 0.0000
-306.7174 0.0000
-306.1857 0.0000
-306.6593 0.0000
-307.3684 0.0000
-305.8313 0.0000
-305.8728 0.0000
-305.5237 0.0000
-306.1810 0.0000
-307.2871 0.0000
-306.8438 0.0000
-305.3202 0.0000
-306.0815 0.0000
-307.3411 0.0000
-305.9263 0.0000
-305.5948 0.0000
-306.6508 0.0000
-306.1589 0.0000
-304.9616 0.0000
-305.7050 0.0000
-307.1314 0.0000
-305.9536 0.0000
-306.5281 0.0000
-307.5016 0.0000
-306.8933 0.0000
-306.2422 0.0000
-305.3710 0.0000
-306.2643 0.0000
-306.1272 0.0000
-306.2046 0.0000
-306.2755 0.0000
-306.2536 0.0000
-305.9945 0.0000
-306.3635 0.0000
-305.7880 0.0000
-306.6822 0.0000
-306.8896 0.0000
-307.6065 0.0000
-306.8285 0.0000
-306.7455 0.0000
-305.8866 0.0000
-306.4254 0.0000
-307.2943 0.0000
-307.3243 0.0000
-306.3646 0.0000
-304.9432 0.0000
-308.2460 0.0000
-306.1433 0.0000
-304.8169 0.0000
-307.0206 0.0000
-306.7693 0.0000
-304.7035 0.0000
-307.0406 0.0000
-305.8881 0.0000
-307.3385 0.0000
-306.1665 0.0000
-307.0207 0.0000
-306.2543 0.0000
-306.3452 0.0000
-305.7845 0.0000
-305.7623 0.0000
-306.7332 0.0000
-306.3154 0.0000
-306.3820 0.0000
-306.7465 0.0000
-306.8295 0.0000
-307.0924 0.0000
-306.8429 0.0000
-305.0095 0.0000
-306.3163 0.0000
-305.4343 0.0000
-305.6439 0.0000
-306.6011 0.0000
-305.7506 0.0000
-306.1253 0.0000
-306.7864 0.0000
-305.6538 0.0000
-306.6845 0.0000
-306.0657 0.0000
-306.5698 0.0000
-305.6431 0.0000
-305.8436 0.0000
-305.5620 0.0000
-305.8440 0.0000
-306.7724 0.0000
-306.3740 0.0000
-305.7939 0.0000
-306.8196 0.0000
-305.2698 0.0000
-307.2059 0.0000
-305.4368 0.0000
-306.6525 0.0000
-306.7287 0.0000
-306.9315 0.0000
-306.6203 0.0000
-306.0269 0.0000
-307.1469 0.0000
-306.1866 0.0000
-305.4805 0.0000
-308.3695 0.0000
-306.1072 0.0000
-308.0735 0.0000
-306.5942 0.0000
-304.9699 0.0000
-305.1804 0.0000
-305.6824 0.0000
-305.5721 0.0000
-306.0455 0.0000
-306.0404 0.0000
-305.2780 0.0000
-305.5997 0.0000
-307.7375 0.0000
-306.4505 0.0000
-305.7924 0.0000
-306.6284 0.0000
-306.6541 0.0000
-306.1558 0.0000
-305.6234 0.0000
-306.6017 0.0000
-306.3584 0.0000
-306.6244 0.0000
-306.2997 0.0000
-306.3174 0.0000
-305.2116 0.0000
-307.1691 0.0000
-306.9065 0.0000
-305.6101 0.0000
-305.7758 0.0000
-306.3931 0.0000
-305.5375 0.0000
-307.4016 0.0000
-306.5218 0.0000
-305.2762 0.0000
-306.6442 0.0000
-305.7216 0.0000
-306.0421 0.0000
-305.5676 0.0000
-306.9565 0.0000
-307.3910 0.0000
-306.1003 0.0000
-306.0544 0.0000
-307.5662 0.0000
-305.7129 0.0000
-305.3683 0.0000
-306.4116 0.0000
-305.7797 0.0000
-306.0434 0.0000
-306.1848 0.0000
-305.4065 0.0000
-305.8316 0.0000
-305.8029 0.0000
-306.6044 0.0000
-306.4322 0.0000
-305.9482 0.0000
-306.4132 0.0000
-306.4404 0.0000
-305.8211 0.0000
-306.2697 0.0000
-306.5630 0.0000
-306.6082 0.0000
-306.3121 0.0000
-306.2590 0.0000
-306.1037 0.0000
-306.0202 0.0000
-305.3255 0.0000
-305.5945 0.0000
-306.6693 0.0000
-308.0311 0.0000
-306.8626 0.0000
-306.9055 0.0000
-306.6780 0.0000
-305.9519 0.0000
-306.3028 0.0000
-307.0421 0.0000
-306.2208 0.0000
-305.4725 0.0000
-306.2369 0.0000
-306.9854 0.0000
-305.1123 0.0000
-306.7544 0.0000
-306.8472 0.0000
-306.7005 0.0000
-306.5541 0.0000
-305.3592 0.0000
-306.3622 0.0000
-306.4548 0.0000
-306.3304 0.0000
-305.1440 0.0000
-306.1995 0.0000
-306.4341 0.0000
-305.2199 0.0000
-306.2963 0.0000
-306.3024 0.0000
-306.9448 0.0000
-305.7926 0.0000
-306.5603 0.0000
-306.8554 0.0000
-306.7362 0.0000
-305.9431 0.0000
-306.0272 0.0000
-306.6840 0.0000
-306.7380 0.0000
-306.2497 0.0000
-307.0664 0.0000
-306.7539 0.0000
-306.5558 0.0000
-305.0416 0.0000
-306.6358 0.0000
-306.6861 0.0000
-306.5173 0.0000
-307.0886 0.0000
-305.7909 0.0000
-305.5810 0.0000
-305.7066 0.0000
-306.9135 0.0000
-306.3566 0.0000
-307.0159 0.0000
-306.5192 0.0000
-305.6851 0.0000
-305.3304 0.0000
-307.2387 0.0000
-306.3351 0.0000
-306.7608 0.0000
-306.1616 0.0000
-307.3637 0.0000
-306.6770 0.0000
-306.2853 0.0000
-306.5992 0.0000
-307.0264 0.0000
-307.3101 0.0000
-306.9449 0.0000
-306.4193 0.0000
-306.0464 0.0000
-306.6349 0.0000
-306.2084 0.0000
-305.6561 0.0000
-306.4040 0.0000
-305.4447 0.0000
-306.2065 0.0000
-306.3965 0.0000
-306.2750 0.0000
-306.3962 0.0000
-305.8356 0.0000
-305.8771 0.0000
-305.4746 0.0000
-304.5138 0.0000
-306.2559 0.0000
-306.8440 0.0000
-306.0063 0.0000
-304.2743 0.0000
-305.0699 0.0000
-304.6675 0.0000
-304.8174 0.0000
-304.3134 0.0000
-305.9748 0.0000
-304.7349 0.0000
-303.8899 0.0000
-304.1587 0.0000
-304.5265 0.0000
-304.2990 0.0000
-305.4435 0.0000
-304.7747 0.0000
-305.7569 0.0000
-305.5960 0.0000
-304.4563 0.0000
-306.0033 0.0000
-305.7580 0.0000
-305.4237 0.0000
-305.0490 0.0000
-306.3267 0.0000
-296.3604 0.0000
-295.9329 0.0000
-296.9469 0.0000
-295.5818 0.0000
-295.6810 0.0000
-295.6156 0.0000
-295.8183 0.0000
-295.3458 0.0000
-295.7530 0.0000
-296.2728 0.0000
-296.3835 0.0000
-296.6726 0.0000
-296.3838 0.0000
-297.6892 0.0000
-297.9828 0.0000
-297.2704 0.0000
-298.1705 0.0000
-297.5920 0.0000
-299.3924 0.0000
-298.0075 0.0000
-298.1511 0.0000
-297.8488 0.0000
-298.2235 0.0000
-298.8355 0.0000
-298.3494 0.0000
-297.7575 0.0000
-297.3106 0.0000
-297.1711 0.0000
-297.0960 0.0000
-297.3786 0.0000
-296.9450 0.0000
-297.5931 0.0000
-296.9912 0.0000
-297.4502 0.0000
-297.6075 0.0000
-298.3447 0.0000
-297.2995 0.0000
-297.9600 0.0000
-297.2585 0.0000
-297.9494 0.0000
-298.3514 0.0000
-298.3871 0.0000
-298.5041 0.0000
-298.2949 0.0000
-298.1686 0.0000
-297.4800 0.0000
-297.4472 0.0000
-299.4798 0.0000
-296.1909 0.0000
-298.7033 0.0000
-298.0835 0.0000
-299.1646 0.0000
-297.3092 0.0000
-298.6480 0.0000
-298.8535 0.0000
-298.6743 0.0000
-299.1082 0.0000
-299.6831 0.0000
-299.3481 0.0000
-299.5581 0.0000
-300.0439 0.0000
-299.9135 0.0000
-298.7082 0.0000
-299.2665 0.0000
-298.1371 0.0000
-298.2221 0.0000
-297.9216 0.0000
-298.3904 0.0000
-297.6174 0.0000
-297.2736 0.0000
-296.7390 0.0000
-297.3253 0.0000
-297.7985 0.0000
-297.5089 0.0000
-298.9666 0.0000
-299.9640 0.0000
-299.0078 0.0000
-297.9500 0.0000
-299.8298 0.0000
-298.7356 0.0000
-298.7125 0.0000
-299.4474 0.0000
-298.3183 0.0000
-298.2545 0.0000
-298.7207 0.0000
-297.6421 0.0000
-298.1841 0.0000
-298.7049 0.0000
-297.4336 0.0000
-297.5268 0.0000
-298.2378 0.0000
-298.2034 0.0000
-297.4224 0.0000
-297.6901 0.0000
-296.8954 0.0000
-297.4575 0.0000
-297.4430 0.0000
-296.7547 0.0000
-297.4968 0.0000
-296.9700 0.0000
-305.5749 0.0000
-306.4142 0.0000
-307.6856 0.0000
-305.2682 0.0000
-306.7805 0.0000
-307.2299 0.0000
-308.5202 0.0000
-308.1188 0.0000
-305.9966 0.0000
-306.2676 0.0000
-307.6896 0.0000
-305.4644 0.0000
-306.5150 0.0000
-306.4813 0.0000
-306.7196 0.0000
-306.8244 0.0000
-306.4783 0.0000
-307.1434 0.0000
-307.5953 0.0000
-306.0679 0.0000
-306.6832 0.0000
-307.2035 0.0000
-306.3413 0.0000
-307.6726 0.0000
-305.8948 0.0000
-306.7893 0.0000
-307.1191 0.0000
-305.2216 0.0000
-306.7469 0.0000
-306.4805 0.0000
-306.0106 0.0000
-306.0065 0.0000
-305.8209 0.0000
-306.5843 0.0000
-305.8768 0.0000
-306.4149 0.0000
-305.9956 0.0000
-307.0834 0.0000
-306.4943 0.0000
-307.1847 0.0000
-306.2986 0.0000
-306.4087 0.0000
-306.3995 0.0000
-305.8047 0.0000
-305.6862 0.0000
-305.4257 0.0000
-306.1523 0.0000
-306.0453 0.0000
-305.8628 0.0000
-305.6937 0.0000
-306.4821 0.0000
-307.5345 0.0000
-307.2201 0.0000
-307.6618 0.0000
-307.1378 0.0000
-308.8392 0.0000
-308.0552 0.0000
-307.4518 0.0000
-307.9869 0.0000
-307.8956 0.0000
-308.8763 0.0000
-307.6340 0.0000
-307.1278 0.0000
-307.5852 0.0000
-307.6019 0.0000
-306.5613 0.0000
-307.2896 0.0000
-308.4736 0.0000
-307.0208 0.0000
-307.2617 0.0000
-307.3909 0.0000
-308.0419 0.0000
-308.2137 0.0000
-306.7620 0.0000
-309.2488 0.0000
-307.0168 0.0000
-307.1125 0.0000
-306.2745 0.0000
-307.6258 0.0000
-307.2919 0.0000
-308.7085 0.0000
-308.8309 0.0000
-309.6316 0.0000
-308.6389 0.0000
-307.3320 0.0000
-306.8795 0.0000
-306.3327 0.0000
-307.9115 0.0000
-306.6642 0.0000
-306.1884 0.0000
-305.9046 0.0000
-305.2119 0.0000
-305.2931 0.0000
-306.4073 0.0000
-304.8960 0.0000
-305.4507 0.0000
-305.8194 0.0000
-305.7372 0.0000
-305.6465 0.0000
-307.1514 0.0000
-292.8749 0.0000
-291.9869 0.0000
-292.7804 0.0000
-291.1110 0.0000
-290.3800 0.0000
-290.0812 0.0000
-290.7659 0.0000
-290.5456 0.0000
-289.9768 0.0000
-291.4357 0.0000
-291.2323 0.0000
-290.5535 0.0000
-291.1252 0.0000
-291.0310 0.0000
-290.9720 0.0000
-291.2389 0.0000
-291.2449 0.0000
-291.2354 0.0000
-291.8243 0.0000
-292.2319 0.0000
-292.0484 0.0000
-291.8150 0.0000
-291.8633 0.0000
-290.9827 0.0000
-290.5114 0.0000
-290.4184 0.0000
-290.5037 0.0000
-290.5068 0.0000
-290.7350 0.0000
-289.9877 0.0000
-291.2081 0.0000
-290.2271 0.0000
-289.6423 0.0000
-290.2763 0.0000
-290.2758 0.0000
-290.7139 0.0000
-290.5873 0.0000
-290.6013 0.0000
-291.0349 0.0000
-289.7748 0.0000
-290.4185 0.0000
-289.8237 0.0000
-291.0819 0.0000
-291.3317 0.0000
-290.8946 0.0000
-290.3597 0.0000
-291.2628 0.0000
-290.9649 0.0000
-291.0167 0.0000
-291.3970 0.0000
-291.9363 0.0000
-292.3424 0.0000
-292.7339 0.0000
-293.2552 0.0000
-291.8404 0.0000
-292.7735 0.0000
-293.2016 0.0000
-292.0847 0.0000
-292.0689 0.0000
-293.0082 0.0000
-291.8726 0.0000
-291.8130 0.0000
-291.4533 0.0000
-291.1541 0.0000
-291.9073 0.0000
-293.6305 0.0000
-291.8851 0.0000
-291.9092 0.0000
-292.2940 0.0000
-292.9010 0.0000
-292.4858 0.0000
-292.3594 0.0000
-292.4306 0.0000
-293.0065 0.0000
-292.5214 0.0000
-291.8422 0.0000
-292.7470 0.0000
-293.0950 0.0000
-292.2617 0.0000
-292.3248 0.0000
-291.4805 0.0000
-291.3521 0.0000
-291.2402 0.0000
-291.5793 0.0000
-291.5876 0.0000
-291.8198 0.0000
-291.5827 0.0000
-292.6240 0.0000
-292.3804 0.0000
-292.5531 0.0000
-293.3890 0.0000
-292.5458 0.0000
-292.5259 0.0000
-292.5265 0.0000
-293.4100 0.0000
-292.0788 0.0000
-292.6626 0.0000
-291.2471 0.0000
-292.5953 0.0000
-292.0692 0.0000
-293.0455 0.0000
-293.8643 0.0000
-293.4757 0.0000
-295.2349 0.0000
-293.4669 0.0000
-293.1655 0.0000
-293.5908 0.0000
-294.3554 0.0000
-293.4481 0.0000
-293.9809 0.0000
-293.8194 0.0000
-294.8236 0.0000
-294.4977 0.0000
-295.4741 0.0000
-294.2859 0.0000
-293.9777 0.0000
-293.8037 0.0000
-295.0316 0.0000
-294.6226 0.0000
-295.1508 0.0000
-296.0012 0.0000
-294.7739 0.0000
-295.5175 0.0000
-294.4431 0.0000
-295.0673 0.0000
-294.1225 0.0000
-294.0793 0.0000
-293.9454 0.0000
-294.2047 0.0000
-293.3519 0.0000
-293.7247 0.0000
-294.4177 0.0000
-293.3927 0.0000
-293.6373 0.0000
-293.9220 0.0000
-293.5430 0.0000
-294.0886 0.0000
-293.7764 0.0000
-293.3288 0.0000
-292.7883 0.0000
-293.6809 0.0000
-293.6227 0.0000
-293.8956 0.0000
-294.1386 0.0000
-294.3563 0.0000
-294.0117 0.0000
-292.8913 0.0000
-293.3488 0.0000
-293.1682 0.0000
-293.4189 0.0000
-294.0172 0.0000
-292.9692 0.0000
-293.8599 0.0000
-293.1614 0.0000
-292.7526 0.0000
-293.0800 0.0000
-292.7422 0.0000
-292.5791 0.0000
-293.4364 0.0000
-292.8624 0.0000
-293.8296 0.0000
-293.5482 0.0000
-292.8415 0.0000
-292.6925 0.0000
-293.5854 0.0000
-293.1572 0.0000
-293.0018 0.0000
-293.0837 0.0000
-291.6299 0.0000
-292.7950 0.0000
-292.4214 0.0000
-292.6561 0.0000
-292.6571 0.0000
-293.1548 0.0000
-291.9290 0.0000
-291.8712 0.0000
-292.7324 0.0000
-292.9637 0.0000
-292.7602 0.0000
-292.8949 0.0000
-292.5718 0.0000
-291.9652 0.0000
-291.7655 0.0000
-291.5434 0.0000
-292.5274 0.0000
-292.2432 0.0000
-292.7289 0.0000
-293.9557 0.0000
-294.3840 0.0000
-293.3288 0.0000
-293.6786 0.0000
-293.2284 0.0000
-293.0507 0.0000
-294.4408 0.0000
-293.9536 0.0000
-295.6110 0.0000
-295.3870 0.0000
-294.6725 0.0000
-295.1380 0.0000
-296.0445 0.0000
-295.1186 0.0000
-295.4358 0.0000
-295.2011 0.0000
-296.4779 0.0000
-296.2662 0.0000
-296.7797 0.0000
-296.5863 0.0000
-296.7266 0.0000
-296.5748 0.0000
-297.0635 0.0000
-297.4346 0.0000
-296.1512 0.0000
-295.9528 0.0000
-295.2301 0.0000
-295.0845 0.0000
-295.9520 0.0000
-295.9781 0.0000
-296.0314 0.0000
-295.5610 0.0000
-295.4019 0.0000
-296.4391 0.0000
-296.0306 0.0000
-295.6280 0.0000
-295.4707 0.0000
-295.7873 0.0000
-296.7090 0.0000
-296.3468 0.0000
-295.5530 0.0000
-296.4094 0.0000
-295.4010 0.0000
-296.0765 0.0000
-296.0032 0.0000
-296.0149 0.0000
-295.7227 0.0000
-296.0659 0.0000
-295.2732 0.0000
-295.6717 0.0000
-295.9193 0.0000
-295.4201 0.0000
-296.1193 0.0000
-296.5036 0.0000
-296.7486 0.0000
-296.1011 0.0000
-296.6160 0.0000
-297.1449 0.0000
-296.6887 0.0000
-297.4084 0.0000
-296.4871 0.0000
-296.7171 0.0000
-296.3805 0.0000
-295.9713 0.0000
-295.9131 0.0000
-297.0759 0.0000
-296.9492 0.0000
-296.0979 0.0000
-295.2855 0.0000
-296.8321 0.0000
-295.6838 0.0000
-296.8208 0.0000
-296.7480 0.0000
-296.3433 0.0000
-297.5319 0.0000
-298.0278 0.0000
-297.2084 0.0000
-298.0935 0.0000
-298.8424 0.0000
-297.9227 0.0000
-297.8460 0.0000
-297.5970 0.0000
-298.7423 0.0000
-298.4045 0.0000
-298.9534 0.0000
-298.1592 0.0000
-298.3138 0.0000
-298.2569 0.0000
-298.1006 0.0000
-298.0951 0.0000
-297.9953 0.0000
-298.1172 0.0000
-298.7203 0.0000
-298.5917 0.0000
-299.0308 0.0000
-299.0026 0.0000
-299.3595 0.0000
-299.0095 0.0000
-299.0069 0.0000
-299.5511 0.0000
-297.8579 0.0000
-297.7875 0.0000
-297.3415 0.0000
-296.9679 0.0000
-297.9658 0.0000
-297.2882 0.0000
-298.1140 0.0000
-298.2428 0.0000
-297.6219 0.0000
-298.2764 0.0000
-297.4073 0.0000
-297.4234 0.0000
-297.5574 0.0000
-297.5840 0.0000
-297.4230 0.0000
-297.8032 0.0000
-296.4783 0.0000
-298.0850 0.0000
-297.3061 0.0000
-297.7968 0.0000
-297.1795 0.0000
-298.0097 0.0000
-297.3416 0.0000
-297.5490 0.0000
-296.3049 0.0000
-297.7629 0.0000
-298.0369 0.0000
-296.9280 0.0000
-297.1125 0.0000
-297.7128 0.0000
-297.6249 0.0000
-296.2653 0.0000
-297.4929 0.0000
-297.8935 0.0000
-298.1977 0.0000
-298.3414 0.0000
-298.4803 0.0000
-297.9023 0.0000
-297.8390 0.0000
-296.8162 0.0000
-298.3520 0.0000
-298.6528 0.0000
-297.5644 0.0000
-298.3879 0.0000
-298.0183 0.0000
-298.1832 0.0000
-299.0721 0.0000
-300.2497 0.0000
-299.3879 0.0000
-298.1378 0.0000
-299.3121 0.0000
-297.4217 0.0000
-299.0151 0.0000
-297.4967 0.0000
-298.3923 0.0000
-299.3720 0.0000
-298.0596 0.0000
-298.6986 0.0000
-297.9185 0.0000
-298.6529 0.0000
-298.9776 0.0000
-298.9431 0.0000
-299.7090 0.0000
-299.7002 0.0000
-299.3477 0.0000
-298.9396 0.0000
-299.1846 0.0000
-298.5807 0.0000
-298.4496 0.0000
-299.1307 0.0000
-298.2741 0.0000
-298.3596 0.0000
-298.8031 0.0000
-299.0930 0.0000
-299.5779 0.0000
-300.3614 0.0000
-300.2175 0.0000
-300.1671 0.0000
-300.8291 0.0000
-300.4981 0.0000
-300.2852 0.0000
-300.2106 0.0000
-300.6803 0.0000
-299.5482 0.0000
-299.6198 0.0000
-299.4385 0.0000
-299.7641 0.0000
-299.4546 0.0000
-299.5984 0.0000
-299.7066 0.0000
-299.1147 0.0000
-299.2377 0.0000
-299.2981 0.0000
-298.9349 0.0000
-299.7175 0.0000
-298.9451 0.0000
-299.0370 0.0000
-299.0465 0.0000
-299.2119 0.0000
-299.5610 0.0000
-299.5303 0.0000
-298.4876 0.0000
-299.3737 0.0000
-298.7851 0.0000
-298.6408 0.0000
-297.5259 0.0000
-298.2950 0.0000
-299.9446 0.0000
-298.9935 0.0000
-299.4559 0.0000
-299.6512 0.0000
-299.5782 0.0000
-299.6708 0.0000
-299.3723 0.0000
-300.3547 0.0000
-300.1886 0.0000
-299.7722 0.0000
-299.5466 0.0000
-300.4566 0.0000
-299.9893 0.0000
-300.1964 0.0000
-299.8969 0.0000
-300.2067 0.0000
-300.1476 0.0000
-300.1397 0.0000
-301.0114 0.0000
-299.3355 0.0000
-299.1658 0.0000
-299.9686 0.0000
-299.9813 0.0000
-299.5470 0.0000
-298.9414 0.0000
-299.6301 0.0000
-300.0071 0.0000
-299.1266 0.0000
-298.2507 0.0000
-298.1975 0.0000
-300.3390 0.0000
-298.9444 0.0000
-299.2044 0.0000
-299.2911 0.0000
-300.3470 0.0000
-300.0621 0.0000
-299.6645 0.0000
-299.4940 0.0000
-298.9933 0.0000
-298.3523 0.0000
-297.5710 0.0000
-299.5093 0.0000
-297.6876 0.0000
-298.2494 0.0000
-298.0584 0.0000
-299.0696 0.0000
-297.5789 0.0000
-297.7856 0.0000
-297.2777 0.0000
-297.4695 0.0000
-297.9053 0.0000
-298.4625 0.0000
-298.5711 0.0000
-298.4564 0.0000
-298.1386 0.0000
-298.2730 0.0000
-298.0683 0.0000
-298.1720 0.0000
-298.2882 0.0000
-297.9225 0.0000
-298.0744 0.0000
-297.6367 0.0000
-298.6051 0.0000
-297.6775 0.0000
-297.7959 0.0000
-297.6408 0.0000
-298.2217 0.0000
-297.3972 0.0000
-297.8644 0.0000
-296.7042 0.0000
-297.3476 0.0000
-296.8791 0.0000
-297.1673 0.0000
-297.3710 0.0000
-297.4954 0.0000
-297.6412 0.0000
-296.9204 0.0000
-297.0735 0.0000
-297.4778 0.0000
-297.3867 0.0000
-298.7106 0.0000
-297.9982 0.0000
-297.5409 0.0000
-298.4007 0.0000
-298.5311 0.0000
-298.3827 0.0000
-298.7338 0.0000
-298.4747 0.0000
-298.0149 0.0000
-297.4421 0.0000
-297.7723 0.0000
-298.2925 0.0000
-297.7475 0.0000
-297.9434 0.0000
-296.8292 0.0000
-296.5379 0.0000
-298.8295 0.0000
-298.4012 0.0000
-298.1460 0.0000
-299.1363 0.0000
-298.4761 0.0000
-298.5599 0.0000
-299.2174 0.0000
-298.2365 0.0000
-298.3051 0.0000
-298.3631 0.0000
-298.8006 0.0000
-299.0182 0.0000
-297.6415 0.0000
-298.0695 0.0000
-299.3247 0.0000
-299.8154 0.0000
-299.9184 0.0000
-298.0718 0.0000
-298.2505 0.0000
-298.2425 0.0000
-298.7270 0.0000
-298.7071 0.0000
-298.9950 0.0000
-298.4539 0.0000
-297.9185 0.0000
-299.1845 0.0000
-299.1111 0.0000
-299.3822 0.0000
-298.3714 0.0000
-298.2688 0.0000
-296.9610 0.0000
-298.5112 0.0000
-298.0727 0.0000
-298.3252 0.0000
-299.0794 0.0000
-299.0103 0.0000
-298.2223 0.0000
-298.6610 0.0000
-298.8337 0.0000
-298.7079 0.0000
-298.6483 0.0000
-297.9458 0.0000
-298.4291 0.0000
-298.6834 0.0000
-298.8180 0.0000
-298.8895 0.0000
-298.0074 0.0000
-299.2993 0.0000
-298.6444 0.0000
-298.9957 0.0000
-299.4366 0.0000
-297.8800 0.0000
-299.3685 0.0000
-299.3029 0.0000
-298.7295 0.0000
-298.8646 0.0000
-297.7936 0.0000
-298.6403 0.0000
-298.5525 0.0000
-298.1876 0.0000
-298.0304 0.0000
-298.8767 0.0000
-297.8030 0.0000
-297.6419 0.0000
-298.8483 0.0000
-298.1759 0.0000
-299.3249 0.0000
-298.8605 0.0000
-299.2355 0.0000
-298.1941 0.0000
-297.9217 0.0000
-299.1339 0.0000
-299.4126 0.0000
-298.9685 0.0000
-298.8891 0.0000
-298.5334 0.0000
-298.7565 0.0000
-298.7603 0.0000
-298.9049 0.0000
-297.7918 0.0000
-299.0466 0.0000
-298.5162 0.0000
-298.2643 0.0000
-300.5763 0.0000
-297.7798 0.0000
-299.6632 0.0000
-297.5119 0.0000
-299.2852 0.0000
-298.7373 0.0000
-298.8118 0.0000
-297.9412 0.0000
-299.0267 0.0000
-298.4329 0.0000
-298.8227 0.0000
-297.8902 0.0000
-298.8019 0.0000
-298.7590 0.0000
-298.6344 0.0000
-297.8609 0.0000
-299.0966 0.0000
-298.0554 0.0000
-298.8092 0.0000
-298.8449 0.0000
-298.3028 0.0000
-297.8788 0.0000
-298.2692 0.0000
-297.2877 0.0000
-298.3816 0.0000
-299.4291 0.0000
-298.5188 0.0000
-299.5951 0.0000
-299.4269 0.0000
-299.4540 0.0000
-298.5899 0.0000
-299.5828 0.0000
-298.3290 0.0000
-298.8914 0.0000
-299.1399 0.0000
-299.1088 0.0000
-297.4141 0.0000
-297.3126 0.0000
-296.4906 0.0000
-296.1231 0.0000
-295.7195 0.0000
-295.8020 0.0000
-296.0490 0.0000
-295.8650 0.0000
-296.7154 0.0000
-294.9548 0.0000
-294.5899 0.0000
-294.6192 0.0000
-294.1776 0.0000
-293.9335 0.0000
-294.6374 0.0000
-294.1727 0.0000
-294.3275 0.0000
-294.7268 0.0000
-295.1594 0.0000
-295.4259 0.0000
-295.6826 0.0000
-296.2125 0.0000
-295.5509 0.0000
-295.6709 0.0000
-296.5098 0.0000
-296.3996 0.0000
-296.4414 0.0000
-295.8430 0.0000
-296.4702 0.0000
-296.3608 0.0000
-297.4297 0.0000
-298.5422 0.0000
-296.7728 0.0000
-296.3070 0.0000
-296.4737 0.0000
-296.8771 0.0000
-296.9476 0.0000
-296.9978 0.0000
-297.0390 0.0000
-296.1961 0.0000
-296.5410 0.0000
-296.6325 0.0000
-296.9109 0.0000
-297.1222 0.0000
-298.4195 0.0000
-296.3821 0.0000
-298.0999 0.0000
-298.3391 0.0000
-298.5946 0.0000
-299.1090 0.0000
-298.8355 0.0000
-297.1286 0.0000
-298.4834 0.0000
-299.4157 0.0000
-298.8384 0.0000
-298.9894 0.0000
-297.5608 0.0000
-298.8677 0.0000
-298.5124 0.0000
-299.0080 0.0000
-298.6026 0.0000
-299.3978 0.0000
-299.1987 0.0000
-299.9051 0.0000
-299.3519 0.0000
-298.5241 0.0000
-298.9420 0.0000
-298.5779 0.0000
-299.0418 0.0000
-298.3192 0.0000
-298.7301 0.0000
-299.0305 0.0000
-299.0284 0.0000
-299.6731 0.0000
-298.3778 0.0000
-298.9190 0.0000
-299.8476 0.0000
-299.3703 0.0000
-297.8287 0.0000
-298.3157 0.0000
-299.1127 0.0000
-298.7604 0.0000
-298.0763 0.0000
-298.2646 0.0000
-298.6138 0.0000
-297.0183 0.0000
-297.2405 0.0000
-298.2345 0.0000
-297.1787 0.0000
-297.0002 0.0000
-296.9480 0.0000
-299.6537 0.0000
-298.8388 0.0000
-298.9412 0.0000
-299.1717 0.0000
-299.3142 0.0000
-299.2758 0.0000
-299.3301 0.0000
-300.0667 0.0000
-300.9802 0.0000
-300.4654 0.0000
-299.4436 0.0000
-299.6295 0.0000
-299.3886 0.0000
-298.7944 0.0000
-298.3734 0.0000
-298.6776 0.0000
-297.9138 0.0000
-298.5477 0.0000
-298.5166 0.0000
-298.4371 0.0000
-298.8754 0.0000
-297.4157 0.0000
-298.6151 0.0000
-299.0986 0.0000
-299.7230 0.0000
-300.1347 0.0000
-298.9147 0.0000
-300.3807 0.0000
-297.9642 0.0000
-298.0724 0.0000
-300.0932 0.0000
-298.6288 0.0000
-298.8284 0.0000
-299.2882 0.0000
-300.0597 0.0000
-299.8818 0.0000
-300.4763 0.0000
-299.8338 0.0000
-299.7932 0.0000
-299.6122 0.0000
-299.7056 0.0000
-299.6325 0.0000
-300.0490 0.0000
-300.9731 0.0000
-301.7425 0.0000
-301.4497 0.0000
-301.7736 0.0000
-302.1947 0.0000
-300.2260 0.0000
-300.9667 0.0000
-301.7428 0.0000
-302.6390 0.0000
-301.4637 0.0000
-302.6745 0.0000
-300.9293 0.0000
-302.8985 0.0000
-301.8317 0.0000
-302.3016 0.0000
-301.5581 0.0000
-301.1057 0.0000
-300.3787 0.0000
-301.6208 0.0000
-300.9338 0.0000
-302.1652 0.0000
-302.0469 0.0000
-300.7035 0.0000
-302.8400 0.0000
-302.8909 0.0000
-302.6071 0.0000
-301.0288 0.0000
-301.4915 0.0000
-302.2439 0.0000
-301.9074 0.0000
-301.4253 0.0000
-303.0750 0.0000
-303.0996 0.0000
-302.7314 0.0000
-302.6990 0.0000
-303.1674 0.0000
-303.0212 0.0000
-304.1678 0.0000
-302.9799 0.0000
-303.8318 0.0000
-302.8482 0.0000
-304.2292 0.0000
-304.7643 0.0000
-307.0226 0.0000
-305.8538 0.0000
-304.6650 0.0000
-306.0239 0.0000
-306.1367 0.0000
-306.5322 0.0000
-305.2618 0.0000
-306.3993 0.0000
-306.9024 0.0000
-306.7552 0.0000
-306.1377 0.0000
-307.1670 0.0000
-306.1675 0.0000
-306.6985 0.0000
-305.0169 0.0000
-305.3434 0.0000
-306.3993 0.0000
-306.1105 0.0000
-305.3467 0.0000
-305.0244 0.0000
-306.5851 0.0000
-306.1086 0.0000
-305.7865 0.0000
-305.8637 0.0000
-307.6583 0.0000
-307.7178 0.0000
-306.6004 0.0000
-307.6977 0.0000
-305.7667 0.0000
-305.8745 0.0000
-305.2852 0.0000
-306.4690 0.0000
-305.7704 0.0000
-304.9570 0.0000
-304.8812 0.0000
-306.0073 0.0000
-305.9352 0.0000
-305.7135 0.0000
-309.5686 0.0000
-307.6615 0.0000
-307.0911 0.0000
-307.4119 0.0000
-307.4296 0.0000
-305.3059 0.0000
-304.9691 0.0000
-306.7119 0.0000
-305.7627 0.0000
-307.1017 0.0000
-305.8453 0.0000
-307.9868 0.0000
-305.3255 0.0000
-307.3938 0.0000
-306.9788 0.0000
-306.9120 0.0000
-306.6664 0.0000
-305.5268 0.0000
-306.0998 0.0000
-306.4968 0.0000
-306.3942 0.0000
-307.1153 0.0000
-308.1756 0.0000
-308.0860 0.0000
-306.2524 0.0000
-306.3784 0.0000
-308.2278 0.0000
-305.7934 0.0000
-306.4721 0.0000
-307.4038 0.0000
-308.3013 0.0000
-307.0434 0.0000
-307.9197 0.0000
-305.9687 0.0000
-305.5718 0.0000
-305.1305 0.0000
-306.4635 0.0000
-305.9008 0.0000
-307.4108 0.0000
-305.2234 0.0000
-307.0637 0.0000
-305.2259 0.0000
-306.9652 0.0000
-306.6412 0.0000
-305.9294 0.0000
-304.3581 0.0000
-306.0063 0.0000
-306.1052 0.0000
-304.3317 0.0000
-306.7578 0.0000
-308.8170 0.0000
-307.0327 0.0000
-306.0889 0.0000
-306.9284 0.0000
-306.9892 0.0000
-307.9728 0.0000
-306.2057 0.0000
-308.0031 0.0000
-307.5470 0.0000
-305.0403 0.0000
-307.5867 0.0000
-307.6043 0.0000
-307.5014 0.0000
-306.5621 0.0000
-305.1509 0.0000
-307.7630 0.0000
-307.3685 0.0000
-307.7210 0.0000
-307.3967 0.0000
-307.8664 0.0000
-306.7885 0.0000
-307.2883 0.0000
-307.5430 0.0000
-307.4643 0.0000
-307.1815 0.0000
-305.6020 0.0000
-295.0569 0.0000
-294.4719 0.0000
-295.0793 0.0000
-294.5544 0.0000
-294.9410 0.0000
-295.3577 0.0000
-294.3268 0.0000
-294.8286 0.0000
-294.0640 0.0000
-294.2339 0.0000
-294.8518 0.0000
-294.7045 0.0000
-294.6942 0.0000
-293.9415 0.0000
-295.2734 0.0000
-294.7992 0.0000
-294.3860 0.0000
-294.4119 0.0000
-293.7325 0.0000
-294.4676 0.0000
-295.2723 0.0000
-293.9159 0.0000
-294.2086 0.0000
-294.8419 0.0000
-295.4231 0.0000
-294.0036 0.0000
-295.2810 0.0000
-295.0495 0.0000
-293.9634 0.0000
-294.5577 0.0000
-294.8407 0.0000
-294.4843 0.0000
-294.6286 0.0000
-295.2427 0.0000
-294.0949 0.0000
-294.7420 0.0000
-294.8146 0.0000
-294.8157 0.0000
-294.7812 0.0000
-294.6937 0.0000
-294.6680 0.0000
-295.5414 0.0000
-294.7631 0.0000
-294.9286 0.0000
-294.6625 0.0000
-293.5944 0.0000
-295.0521 0.0000
-294.5227 0.0000
-294.5383 0.0000
-295.0921 0.0000
-294.8205 0.0000
-294.4919 0.0000
-294.6588 0.0000
-295.6907 0.0000
-294.8494 0.0000
-293.8738 0.0000
-293.8927 0.0000
-295.2127 0.0000
-295.3742 0.0000
-295.3967 0.0000
-295.2182 0.0000
-294.1277 0.0000
-294.2526 0.0000
-294.3067 0.0000
-293.8629 0.0000
-294.4376 0.0000
-294.3924 0.0000
-294.9791 0.0000
-294.6250 0.0000
-295.2040 0.0000
-295.3918 0.0000
-295.0920 0.0000
-294.3615 0.0000
-294.2851 0.0000
-294.3014 0.0000
-294.8986 0.0000
-294.8111 0.0000
-295.1731 0.0000
-294.2853 0.0000
-294.2546 0.0000
-295.5448 0.0000
-295.2429 0.0000
-294.6775 0.0000
-294.6081 0.0000
-295.3003 0.0000
-294.0510 0.0000
-294.2578 0.0000
-294.0009 0.0000
-294.8064 0.0000
-295.0749 0.0000
-295.0879 0.0000
-294.6571 0.0000
-294.3785 0.0000
-294.2636 0.0000
-294.6693 0.0000
-294.8440 0.0000
-294.4491 0.0000
-295.5531 0.0000
-294.8538 0.0000
-294.8268 0.0000
-294.6710 0.0000
-295.2371 0.0000
-295.0648 0.0000
-295.2187 0.0000
-293.8227 0.0000
-295.0195 0.0000
-294.9104 0.0000
-294.0376 0.0000
-294.3219 0.0000
-294.2493 0.0000
-294.4778 0.0000
-295.0473 0.0000
-294.0628 0.0000
-294.1212 0.0000
-294.7286 0.0000
-295.3751 0.0000
-294.7459 0.0000
-294.9642 0.0000
-294.1436 0.0000
-294.3605 0.0000
-294.3951 0.0000
-295.2384 0.0000
-294.2502 0.0000
-294.4973 0.0000
-294.4004 0.0000
-294.2436 0.0000
-294.3779 0.0000
-294.9802 0.0000
-295.2421 0.0000
-294.9960 0.0000
-294.5728 0.0000
-294.5105 0.0000
-294.6387 0.0000
-294.6239 0.0000
-295.1306 0.0000
-295.2368 0.0000
-295.6478 0.0000
-294.2318 0.0000
-294.1043 0.0000
-294.9756 0.0000
-294.8180 0.0000
-294.1555 0.0000
-294.4171 0.0000
-295.0734 0.0000
-295.1739 0.0000
-294.4859 0.0000
-294.7419 0.0000
-295.0425 0.0000
-294.8879 0.0000
-295.4492 0.0000
-293.7105 0.0000
-294.8869 0.0000
-294.9646 0.0000
-294.2627 0.0000
-294.4101 0.0000
-294.5451 0.0000
-295.0226 0.0000
-295.1875 0.0000
-295.0035 0.0000
-295.1828 0.0000
-294.3817 0.0000
-295.1840 0.0000
-294.4095 0.0000
-294.8820 0.0000
-294.1674 0.0000
-294.3871 0.0000
-294.4250 0.0000
-295.8630 0.0000
-295.5834 0.0000
-294.7748 0.0000
-295.2501 0.0000
-294.9955 0.0000
-295.1578 0.0000
-294.6087 0.0000
-294.3189 0.0000
-294.3486 0.0000
-294.9715 0.0000
-294.8654 0.0000
-294.4642 0.0000
-295.6124 0.0000
-294.7863 0.0000
-295.7394 0.0000
-294.8773 0.0000
-294.9133 0.0000
-294.2526 0.0000
-294.1616 0.0000
-294.5458 0.0000
-294.3092 0.0000
-294.4810 0.0000
-294.5948 0.0000
-294.7918 0.0000
-294.5590 0.0000
-294.8949 0.0000
-294.8663 0.0000
-294.5271 0.0000
-294.8647 0.0000
-294.6279 0.0000
-294.8538 0.0000
-293.8977 0.0000
-293.9982 0.0000
-294.3057 0.0000
-294.6701 0.0000
-294.3545 0.0000
-294.0381 0.0000
-295.0521 0.0000
-294.0282 0.0000
-295.0893 0.0000
-295.0372 0.0000
-295.5721 0.0000
-294.5055 0.0000
-294.5704 0.0000
-293.8623 0.0000
-295.0132 0.0000
-295.1740 0.0000
-294.9560 0.0000
-294.7366 0.0000
-294.0986 0.0000
-294.9647 0.0000
-294.6100 0.0000
-294.8410 0.0000
-294.8085 0.0000
-295.2661 0.0000
-294.1784 0.0000
-294.9167 0.0000
-294.2965 0.0000
-294.8321 0.0000
-294.8565 0.0000
-294.2301 0.0000
-295.0768 0.0000
-294.4487 0.0000
-293.9447 0.0000
-295.0172 0.0000
-295.9226 0.0000
-294.2284 0.0000
-294.8196 0.0000
-294.2983 0.0000
-294.8325 0.0000
-295.0466 0.0000
-294.4082 0.0000
-294.3849 0.0000
-294.7413 0.0000
-294.3489 0.0000
-294.0513 0.0000
-294.2684 0.0000
-293.7792 0.0000
-294.2417 0.0000
-294.6520 0.0000
-294.5044 0.0000
-294.9183 0.0000
-294.2175 0.0000
-294.6517 0.0000
-294.2119 0.0000
-294.6733 0.0000
-293.7797 0.0000
-295.3038 0.0000
-293.5929 0.0000
-294.4859 0.0000
-294.6540 0.0000
-295.5413 0.0000
-294.4254 0.0000
-295.3333 0.0000
-295.5345 0.0000
-293.8822 0.0000
-294.4972 0.0000
-294.6930 0.0000
-294.3770 0.0000
-295.2417 0.0000
-294.0911 0.0000
-295.3702 0.0000
-294.9286 0.0000
-294.6333 0.0000
-294.8413 0.0000
-293.8967 0.0000
-294.6914 0.0000
-295.0318 0.0000
-294.4781 0.0000
-294.9674 0.0000
-295.3758 0.0000
-294.5905 0.0000
-294.6458 0.0000
-294.7558 0.0000
-295.1186 0.0000
-294.4539 0.0000
-294.8072 0.0000
-294.6711 0.0000
-295.1614 0.0000
-295.5113 0.0000
-295.1679 0.0000
-294.2920 0.0000
-295.4043 0.0000
-294.5061 0.0000
-295.0672 0.0000
-294.5580 0.0000
-294.2069 0.0000
-295.1752 0.0000
-294.0218 0.0000
-294.3997 0.0000
-294.4501 0.0000
-295.6109 0.0000
-294.0109 0.0000
-294.6749 0.0000
-294.5563 0.0000
-294.9100 0.0000
-293.9227 0.0000
-294.6466 0.0000
-293.9583 0.0000
-294.7212 0.0000
-293.9421 0.0000
-294.4714 0.0000
-294.8600 0.0000
-295.5198 0.0000
-294.4186 0.0000
-294.8073 0.0000
-293.3997 0.0000
-295.2167 0.0000
-294.1787 0.0000
-293.9293 0.0000
-294.6627 0.0000
-294.8926 0.0000
-294.4752 0.0000
-294.9767 0.0000
-294.3196 0.0000
-294.4578 0.0000
-295.2002 0.0000
-295.1864 0.0000
-293.9523 0.0000
-295.2715 0.0000
-294.4485 0.0000
-295.0175 0.0000
-294.1507 0.0000
-294.5548 0.0000
-295.1862 0.0000
-294.8057 0.0000
-294.5489 0.0000
-294.6549 0.0000
-294.8020 0.0000
-294.5302 0.0000
-294.9485 0.0000
-295.1135 0.0000
-294.5368 0.0000
-294.3123 0.0000
-295.3640 0.0000
-294.1617 0.0000
-295.6180 0.0000
-295.5080 0.0000
-294.7192 0.0000
-295.5655 0.0000
-295.2094 0.0000
-294.9093 0.0000
-295.5877 0.0000
-294.7765 0.0000
-295.4672 0.0000
-294.2580 0.0000
-294.7681 0.0000
-294.4117 0.0000
-293.6363 0.0000
-294.5897 0.0000
-294.7501 0.0000
-293.9287 0.0000
-294.0199 0.0000
-295.3775 0.0000
-294.9430 0.0000
-294.9407 0.0000
-294.7828 0.0000
-294.5403 0.0000
-293.4848 0.0000
-294.7114 0.0000
-295.5948 0.0000
-294.8743 0.0000
-294.8328 0.0000
-294.2405 0.0000
-294.9182 0.0000
-295.3147 0.0000
-294.8349 0.0000
-295.0605 0.0000
-294.7141 0.0000
-295.5891 0.0000
-294.8291 0.0000
-296.0570 0.0000
-294.9017 0.0000
-295.5291 0.0000
-294.2033 0.0000
-294.1087 0.0000
-294.3553 0.0000
-294.5485 0.0000
-294.8697 0.0000
-295.1921 0.0000
-294.4303 0.0000
-294.7759 0.0000
-294.6561 0.0000
-294.9712 0.0000
-295.1788 0.0000
-295.0980 0.0000
-294.8929 0.0000
-295.1893 0.0000
-294.8735 0.0000
-294.1336 0.0000
-294.5539 0.0000
-294.6328 0.0000
-294.5372 0.0000
-306.3515 0.0000
-305.7173 0.0000
-305.6394 0.0000
-307.8867 0.0000
-307.8663 0.0000
-306.8395 0.0000
-305.0678 0.0000
-306.1779 0.0000
-305.0056 0.0000
-306.5372 0.0000
-305.4801 0.0000
-305.3460 0.0000
-305.9787 0.0000
-305.6643 0.0000
-306.6123 0.0000
-307.3551 0.0000
-305.5737 0.0000
-305.8350 0.0000
-307.4849 0.0000
-307.3035 0.0000
-307.2064 0.0000
-305.4921 0.0000
-306.4499 0.0000
-304.1612 0.0000
-305.7776 0.0000
-306.1873 0.0000
-306.6149 0.0000
-307.2275 0.0000
-306.2641 0.0000
-306.0591 0.0000
-305.4393 0.0000
-308.1053 0.0000
-308.4710 0.0000
-307.3335 0.0000
-307.2358 0.0000
-307.6776 0.0000
-305.5544 0.0000
-305.6298 0.0000
-307.3819 0.0000
-306.3562 0.0000
-306.0235 0.0000
-305.2743 0.0000
-307.1151 0.0000
-306.8025 0.0000
-306.5418 0.0000
-306.5640 0.0000
-304.9125 0.0000
-306.3776 0.0000
-307.8679 0.0000
-305.0350 0.0000
-307.1483 0.0000
-307.7844 0.0000
-307.3922 0.0000
-307.3236 0.0000
-305.9534 0.0000
-307.9328 0.0000
-306.8228 0.0000
-307.4010 0.0000
-305.4893 0.0000
-306.0793 0.0000
-305.9882 0.0000
-307.2821 0.0000
-306.2729 0.0000
-306.7409 0.0000
-305.9457 0.0000
-307.4346 0.0000
-306.8497 0.0000
-308.1611 0.0000
-307.4364 0.0000
-306.8320 0.0000
-305.2862 0.0000
-306.1689 0.0000
-305.9807 0.0000
-306.9894 0.0000
-308.3264 0.0000
-308.4438 0.0000
-305.0395 0.0000
-305.4127 0.0000
-307.8876 0.0000
-306.8609 0.0000
-307.8204 0.0000
-307.2473 0.0000
-307.9121 0.0000
-306.7437 0.0000
-306.3289 0.0000
-307.1315 0.0000
-306.9004 0.0000
-308.0128 0.0000
-305.6865 0.0000
-307.0559 0.0000
-306.1382 0.0000
-305.9499 0.0000
-307.1218 0.0000
-305.8633 0.0000
-305.8102 0.0000
-305.5338 0.0000
-306.1615 0.0000
-308.8159 0.0000
-305.4894 0.0000
-308.2344 0.0000
-306.7830 0.0000
-306.0643 0.0000
-305.9266 0.0000
-306.3417 0.0000
-306.4823 0.0000
-306.4487 0.0000
-306.8333 0.0000
-307.2621 0.0000
-306.9567 0.0000
-306.2317 0.0000
-307.6920 0.0000
-306.2480 0.0000
-307.4081 0.0000
-306.8809 0.0000
-306.4969 0.0000
-307.0901 0.0000
-305.8261 0.0000
-306.3686 0.0000
-304.2267 0.0000
-305.1922 0.0000
-306.2096 0.0000
-307.5074 0.0000
-305.9630 0.0000
-307.3013 0.0000
-308.2175 0.0000
-305.9966 0.0000
-307.3967 0.0000
-307.3670 0.0000
-306.9298 0.0000
-306.5832 0.0000
-306.4864 0.0000
-306.2378 0.0000
-307.1083 0.0000
-305.8959 0.0000
-306.0701 0.0000
-307.4744 0.0000
-306.4400 0.0000
-306.2099 0.0000
-306.0200 0.0000
-306.6871 0.0000
-306.4979 0.0000
-307.2425 0.0000
-305.7018 0.0000
-306.9852 0.0000
-306.8018 0.0000
-308.1704 0.0000
-305.8037 0.0000
-307.5138 0.0000
-306.9714 0.0000
-305.9863 0.0000
-306.2938 0.0000
-306.6851 0.0000
-305.3374 0.0000
-305.0928 0.0000
-308.2596 0.0000
-306.4232 0.0000
-306.6268 0.0000
-307.1875 0.0000
-307.0638 0.0000
-306.0604 0.0000
-306.5763 0.0000
-307.1188 0.0000
-305.7327 0.0000
-305.9844 0.0000
-306.3217 0.0000
-307.1384 0.0000
-306.6219 0.0000
-307.4441 0.0000
-306.9707 0.0000
-303.8120 0.0000
-305.7008 0.0000
-307.2062 0.0000
-307.2518 0.0000
-305.7329 0.0000
-308.9678 0.0000
-305.4474 0.0000
-306.0692 0.0000
-306.0363 0.0000
-307.6255 0.0000
-305.4099 0.0000
-307.9813 0.0000
-305.5833 0.0000
-305.4157 0.0000
-306.4935 0.0000
-306.0319 0.0000
-306.0487 0.0000
-305.6634 0.0000
-306.5049 0.0000
-306.4827 0.0000
-306.9350 0.0000
-308.2755 0.0000
-306.3233 0.0000
-307.6886 0.0000
-306.6230 0.0000
-305.7420 0.0000
-306.6792 0.0000
-306.9730 0.0000
-305.9271 0.0000
-306.7864 0.0000
-305.7372 0.0000
-307.0273 0.0000
-307.8603 0.0000
-305.2207 0.0000
-306.3151 0.0000
-306.1427 0.0000
-307.9494 0.0000
-306.0754 0.0000
-307.6449 0.0000
-307.1441 0.0000
-307.0052 0.0000
-306.7577 0.0000
-305.3466 0.0000
-308.1193 0.0000
-306.1529 0.0000
-305.3518 0.0000
-307.0248 0.0000
-306.0916 0.0000
-305.7048 0.0000
-306.4721 0.0000
-307.2106 0.0000
-307.9327 0.0000
-304.9668 0.0000
-307.9746 0.0000
-307.4543 0.0000
-306.7692 0.0000
-305.7698 0.0000
-308.5282 0.0000
-307.8846 0.0000
-305.5187 0.0000
-307.1513 0.0000
-306.7387 0.0000
-307.8102 0.0000
-306.0114 0.0000
-304.3271 0.0000
-306.7230 0.0000
-306.9226 0.0000
-307.0248 0.0000
-307.2956 0.0000
-305.4628 0.0000
-306.0022 0.0000
-304.6364 0.0000
-307.1455 0.0000
-306.6373 0.0000
-306.7012 0.0000
-304.9558 0.0000
-307.2052 0.0000
-304.8605 0.0000
-306.2540 0.0000
-307.6039 0.0000
-306.1337 0.0000
-306.9162 0.0000
-308.2860 0.0000
-307.2656 0.0000
-306.1491 0.0000
-306.4066 0.0000
-307.7117 0.0000
-306.1788 0.0000
-305.2625 0.0000
-307.3389 0.0000
-309.3168 0.0000
-307.2786 0.0000
-307.2708 0.0000
-306.9084 0.0000
-307.3633 0.0000
-306.5856 0.0000
-307.4788 0.0000
-306.9931 0.0000
-306.7721 0.0000
-305.3674 0.0000
-305.8315 0.0000
-306.5962 0.0000
-306.7530 0.0000
-305.5761 0.0000
-306.2849 0.0000
-307.7300 0.0000
-304.5187 0.0000
-307.7923 0.0000
-306.4100 0.0000
-306.6904 0.0000
-306.9040 0.0000
-305.7370 0.0000
-306.3188 0.0000
-307.0287 0.0000
-305.8762 0.0000
-306.4613 0.0000
-306.9516 0.0000
-305.0414 0.0000
-308.6623 0.0000
-307.9744 0.0000
-308.1305 0.0000
-308.1307 0.0000
-308.7566 0.0000
-306.7279 0.0000
-305.2012 0.0000
-305.6335 0.0000
-306.7517 0.0000
-306.3056 0.0000
-306.7492 0.0000
-308.8516 0.0000
-306.4382 0.0000
-287.5863 0.0000
-290.7293 0.0000
-289.1155 0.0000
-289.2848 0.0000
-288.6503 0.0000
-287.8600 0.0000
-287.4180 0.0000
-286.6250 0.0000
-285.6644 0.0000
-286.5936 0.0000
-285.5737 0.0000
-284.2577 0.0000
-282.9571 0.0000
-284.1225 0.0000
-282.8225 0.0000
-283.7386 0.0000
-282.2280 0.0000
-282.8073 0.0000
-280.9630 0.0000
-280.3365 0.0000
-279.9797 0.0000
-280.9235 0.0000
-281.5423 0.0000
-280.6370 0.0000
-280.9103 0.0000
-280.5399 0.0000
-280.7530 0.0000
-281.1362 0.0000
-279.9265 0.0000
-280.9143 0.0000
-281.0875 0.0000
-280.6765 0.0000
-281.6813 0.0000
-281.8810 0.0000
-282.2073 0.0000
-281.4160 0.0000
-281.5682 0.0000
-281.6989 0.0000
-282.7539 0.0000
-283.0939 0.0000
-281.3215 0.0000
-280.9563 0.0000
-281.8287 0.0000
-281.2961 0.0000
-281.7747 0.0000
-282.2235 0.0000
-282.7573 0.0000
-282.3705 0.0000
-281.8773 0.0000
-281.9276 0.0000
-282.9734 0.0000
-282.7443 0.0000
-282.7507 0.0000
-282.2863 0.0000
-283.8367 0.0000
-283.0555 0.0000
-282.9877 0.0000
-282.4640 0.0000
-282.6834 0.0000
-283.3017 0.0000
-282.5140 0.0000
-282.2953 0.0000
-282.8596 0.0000
-283.0684 0.0000
-283.1859 0.0000
-282.9386 0.0000
-283.7206 0.0000
-284.1960 0.0000
-284.4119 0.0000
-284.8097 0.0000
-284.8516 0.0000
-283.0837 0.0000
-283.4215 0.0000
-282.4895 0.0000
-283.6199 0.0000
-283.6719 0.0000
-284.0186 0.0000
-283.1328 0.0000
-282.6970 0.0000
-282.7095 0.0000
-283.2327 0.0000
-283.3457 0.0000
-283.2869 0.0000
-283.7586 0.0000
-284.5004 0.0000
-283.1697 0.0000
-283.2944 0.0000
-283.3747 0.0000
-284.5917 0.0000
-283.3681 0.0000
-283.7411 0.0000
-283.0139 0.0000
-282.3236 0.0000
-283.5326 0.0000
-282.1931 0.0000
-283.8580 0.0000
-282.2335 0.0000
-283.2960 0.0000
-283.7725 0.0000
-284.5387 0.0000
-283.6105 0.0000
-285.9205 0.0000
-284.6508 0.0000
-284.8083 0.0000
-286.1387 0.0000
-285.4794 0.0000
-284.7625 0.0000
-285.8307 0.0000
-285.8581 0.0000
-283.2563 0.0000
-284.3084 0.0000
-283.5446 0.0000
-283.6272 0.0000
-285.0562 0.0000
-284.6457 0.0000
-284.0225 0.0000
-284.7610 0.0000
-283.5343 0.0000
-284.2572 0.0000
-284.2251 0.0000
-283.1323 0.0000
-283.5125 0.0000
-284.1937 0.0000
-284.5254 0.0000
-284.0055 0.0000
-284.2951 0.0000
-284.2009 0.0000
-283.6182 0.0000
-283.4020 0.0000
-284.2312 0.0000
-284.5530 0.0000
-285.0830 0.0000
-284.4378 0.0000
-285.2906 0.0000
-286.6920 0.0000
-284.1619 0.0000
-282.9087 0.0000
-283.0631 0.0000
-286.0341 0.0000
-285.2206 0.0000
-284.4486 0.0000
-284.3730 0.0000
-284.2252 0.0000
-285.1125 0.0000
-284.5646 0.0000
-284.6915 0.0000
-285.5369 0.0000
-285.3909 0.0000
-283.7586 0.0000
-286.1773 0.0000
-283.7532 0.0000
-285.6974 0.0000
-285.3746 0.0000
-284.3432 0.0000
-284.1374 0.0000
-284.1181 0.0000
-285.4273 0.0000
-284.9135 0.0000
-284.0730 0.0000
-284.6581 0.0000
-284.4758 0.0000
-283.4127 0.0000
-283.4600 0.0000
-283.7932 0.0000
-282.7853 0.0000
-283.1588 0.0000
-282.9080 0.0000
-282.6296 0.0000
-283.3044 0.0000
-283.2438 0.0000
-282.8835 0.0000
-282.6110 0.0000
-282.7572 0.0000
-282.2142 0.0000
-282.3148 0.0000
-282.1026 0.0000
-282.0465 0.0000
-282.2651 0.0000
-282.6670 0.0000
-283.7866 0.0000
-284.3678 0.0000
-285.5690 0.0000
-287.3973 0.0000
-286.0766 0.0000
-286.0799 0.0000
-287.1723 0.0000
-284.7011 0.0000
-286.1979 0.0000
-285.5314 0.0000
-285.3385 0.0000
-284.8550 0.0000
-284.8034 0.0000
-287.0199 0.0000
-285.4470 0.0000
-286.3710 0.0000
-283.9191 0.0000
-283.1909 0.0000
-285.0598 0.0000
-284.2499 0.0000
-283.2134 0.0000
-307.4201 0.0000
-305.8410 0.0000
-307.9981 0.0000
-306.5379 0.0000
-307.9588 0.0000
-306.5267 0.0000
-305.6375 0.0000
-306.8192 0.0000
-308.4359 0.0000
-307.6562 0.0000
-306.4440 0.0000
-306.8932 0.0000
-306.6436 0.0000
-307.4807 0.0000
-306.0883 0.0000
-306.7734 0.0000
-307.2921 0.0000
-305.4280 0.0000
-306.7651 0.0000
-305.8858 0.0000
-306.2338 0.0000
-305.0410 0.0000
-306.9641 0.0000
-305.3410 0.0000
-306.5207 0.0000
-303.6164 0.0000
-306.8953 0.0000
-306.9442 0.0000
-306.3551 0.0000
-305.6482 0.0000
-307.2715 0.0000
-305.9740 0.0000
-305.6739 0.0000
-306.4522 0.0000
-308.1811 0.0000
-307.2387 0.0000
-305.8977 0.0000
-307.5914 0.0000
-307.1297 0.0000
-307.3138 0.0000
-306.0670 0.0000
-306.2101 0.0000
-307.1080 0.0000
-308.8735 0.0000
-306.8796 0.0000
-305.8861 0.0000
-305.9270 0.0000
-306.3629 0.0000
-307.2474 0.0000
-306.1290 0.0000
-306.7756 0.0000
-306.1556 0.0000
-306.1334 0.0000
-305.1919 0.0000
-306.7132 0.0000
-307.5935 0.0000
-307.2049 0.0000
-306.0204 0.0000
-305.6676 0.0000
-306.8762 0.0000
-305.9771 0.0000
-307.6405 0.0000
-306.1373 0.0000
-307.2980 0.0000
-307.0036 0.0000
-306.9978 0.0000
-305.9229 0.0000
-305.6799 0.0000
-307.4217 0.0000
-307.0885 0.0000
-306.4611 0.0000
-307.1570 0.0000
-306.3653 0.0000
-306.8991 0.0000
-306.8609 0.0000
-305.2915 0.0000
-305.7822 0.0000
-306.6583 0.0000
-305.8268 0.0000
-306.0506 0.0000
-306.3273 0.0000
-306.1133 0.0000
-306.9883 0.0000
-307.1664 0.0000
-307.2850 0.0000
-306.2246 0.0000
-306.0179 0.0000
-305.6776 0.0000
-305.3021 0.0000
-307.1408 0.0000
-306.2236 0.0000
-304.9791 0.0000
-304.8537 0.0000
-305.7603 0.0000
-307.3651 0.0000
-306.7035 0.0000
-306.3697 0.0000
-306.7586 0.0000
-306.1340 0.0000
-305.4444 0.0000
-283.6019 0.0000
-285.1222 0.0000
-285.7558 0.0000
-285.0129 0.0000
-285.6887 0.0000
-283.4932 0.0000
-285.9964 0.0000
-285.2051 0.0000
-284.2348 0.0000
-284.3392 0.0000
-284.7257 0.0000
-283.8663 0.0000
-283.3295 0.0000
-282.1993 0.0000
-282.4804 0.0000
-283.7539 0.0000
-282.9807 0.0000
-282.3899 0.0000
-283.6167 0.0000
-281.7029 0.0000
-282.6970 0.0000
-281.2368 0.0000
-282.1350 0.0000
-282.1198 0.0000
-282.6781 0.0000
-283.6581 0.0000
-284.1188 0.0000
-282.8336 0.0000
-280.7219 0.0000
-281.3443 0.0000
-281.6114 0.0000
-282.1328 0.0000
-281.8621 0.0000
-282.2249 0.0000
-283.3166 0.0000
-281.7077 0.0000
-281.1791 0.0000
-283.6139 0.0000
-280.1743 0.0000
-280.1164 0.0000
-280.2700 0.0000
-280.2476 0.0000
-280.0154 0.0000
-279.4109 0.0000
-279.5505 0.0000
-279.1832 0.0000
-278.7635 0.0000
-279.4926 0.0000
-278.2845 0.0000
-278.1334 0.0000
-279.1010 0.0000
-278.2811 0.0000
-278.4976 0.0000
-278.8620 0.0000
-278.7133 0.0000
-278.8867 0.0000
-278.2359 0.0000
-279.8161 0.0000
-279.8874 0.0000
-280.3420 0.0000
-278.6763 0.0000
-278.5214 0.0000
-277.9073 0.0000
-277.6738 0.0000
-277.7187 0.0000
-277.1297 0.0000
-278.2634 0.0000
-278.2359 0.0000
-277.8319 0.0000
-278.9017 0.0000
-279.3140 0.0000
-278.9948 0.0000
-278.8274 0.0000
-278.4861 0.0000
-278.5749 0.0000
-278.7961 0.0000
-277.9866 0.0000
-278.3538 0.0000
-277.0683 0.0000
-277.5441 0.0000
-277.2909 0.0000
-277.0281 0.0000
-277.1775 0.0000
-277.5100 0.0000
-277.3087 0.0000
-277.4191 0.0000
-277.4432 0.0000
-278.2243 0.0000
-277.4770 0.0000
-278.2356 0.0000
-277.8408 0.0000
-278.0771 0.0000
-277.7350 0.0000
-278.4422 0.0000
-277.6112 0.0000
-276.8838 0.0000
-277.8435 0.0000
-277.4326 0.0000
-277.8428 0.0000
-277.3801 0.0000
-277.8850 0.0000
-277.9153 0.0000
-278.3317 0.0000
-277.5095 0.0000
-278.4004 0.0000
-277.8363 0.0000
-277.9852 0.0000
-277.5509 0.0000
-276.9403 0.0000
-277.6650 0.0000
-277.6576 0.0000
-277.6173 0.0000
-278.7362 0.0000
-277.3328 0.0000
-277.4355 0.0000
-276.9742 0.0000
-277.4620 0.0000
-277.2423 0.0000
-277.6614 0.0000
-277.7103 0.0000
-278.5010 0.0000
-277.8086 0.0000
-276.9623 0.0000
-276.7166 0.0000
-277.1097 0.0000
-277.3180 0.0000
-276.1372 0.0000
-275.7831 0.0000
-276.4895 0.0000
-276.5888 0.0000
-275.6942 0.0000
-276.2796 0.0000
-276.1097 0.0000
-276.7708 0.0000
-275.9987 0.0000
-276.1350 0.0000
-276.1411 0.0000
-276.0551 0.0000
-275.9635 0.0000
-276.3887 0.0000
-277.0065 0.0000
-276.1509 0.0000
-276.3444 0.0000
-277.0279 0.0000
-276.8773 0.0000
-277.3046 0.0000
-277.4088 0.0000
-277.8453 0.0000
-277.8048 0.0000
-277.8373 0.0000
-277.2918 0.0000
-277.9333 0.0000
-278.1993 0.0000
-278.0450 0.0000
-277.9970 0.0000
-278.1516 0.0000
-278.4540 0.0000
-278.3489 0.0000
-278.5703 0.0000
-278.2078 0.0000
-278.1325 0.0000
-278.5249 0.0000
-278.6906 0.0000
-278.4174 0.0000
-278.3767 0.0000
-278.8658 0.0000
-279.1779 0.0000
-278.1948 0.0000
-278.1346 0.0000
-278.1487 0.0000
-278.0776 0.0000
-278.7292 0.0000
-277.8717 0.0000
-277.2800 0.0000
-277.9305 0.0000
-278.1528 0.0000
-277.6992 0.0000
-277.7111 0.0000
-277.3410 0.0000
-277.5924 0.0000
-276.8054 0.0000
-276.6351 0.0000
-276.4521 0.0000
-275.4097 0.0000
-275.4631 0.0000
-275.5432 0.0000
-275.6220 0.0000
-275.5525 0.0000
-275.2065 0.0000
-275.5741 0.0000
-274.8484 0.0000
-275.9896 0.0000
-275.9180 0.0000
-275.6797 0.0000
-275.2415 0.0000
-275.6765 0.0000
-274.8744 0.0000
-275.7050 0.0000
-275.7303 0.0000
-276.0255 0.0000
-276.2813 0.0000
-275.6265 0.0000
-275.3803 0.0000
-275.4215 0.0000
-274.5653 0.0000
-275.5531 0.0000
-274.9514 0.0000
-275.0402 0.0000
-275.4628 0.0000
-274.8366 0.0000
-275.0507 0.0000
-274.9999 0.0000
-275.3906 0.0000
-275.5014 0.0000
-275.5867 0.0000
-275.3421 0.0000
-275.2960 0.0000
-275.6178 0.0000
-275.9666 0.0000
-275.7324 0.0000
-276.0983 0.0000
-275.8918 0.0000
-275.9777 0.0000
-275.7583 0.0000
-275.7726 0.0000
-275.2811 0.0000
-275.3765 0.0000
-274.8706 0.0000
-275.5350 0.0000
-275.4430 0.0000
-275.9959 0.0000
-276.1272 0.0000
-276.2674 0.0000
-276.0504 0.0000
-275.9044 0.0000
-276.2076 0.0000
-275.5926 0.0000
-275.8735 0.0000
-276.2432 0.0000
-275.8245 0.0000
-276.2959 0.0000
-276.4587 0.0000
-276.4128 0.0000
-276.6527 0.0000
-277.4720 0.0000
-277.0642 0.0000
-277.1138 0.0000
-277.4120 0.0000
-278.0133 0.0000
-278.4035 0.0000
-279.2177 0.0000
-278.8286 0.0000
-278.8857 0.0000
-278.9566 0.0000
-279.6012 0.0000
-278.4547 0.0000
-278.7699 0.0000
-279.9087 0.0000
-280.4089 0.0000
-279.2317 0.0000
-280.0598 0.0000
-281.1781 0.0000
-280.5389 0.0000
-281.7298 0.0000
-279.6961 0.0000
-283.3334 0.0000
-281.2623 0.0000
-281.0408 0.0000
-281.8715 0.0000
-281.1520 0.0000
-281.5457 0.0000
-281.9092 0.0000
-280.5468 0.0000
-281.5602 0.0000
-281.0125 0.0000
-282.4016 0.0000
-281.8604 0.0000
-282.9322 0.0000
-282.0945 0.0000
-281.1389 0.0000
-281.5643 0.0000
-282.4749 0.0000
-281.2887 0.0000
-282.0347 0.0000
-281.6280 0.0000
-282.5351 0.0000
-281.7019 0.0000
-280.9190 0.0000
-280.5825 0.0000
-281.3619 0.0000
-280.7711 0.0000
-281.2620 0.0000
-281.0645 0.0000
-280.6702 0.0000
-280.9903 0.0000
-280.6727 0.0000
-280.2239 0.0000
-281.1628 0.0000
-281.2075 0.0000
-280.8787 0.0000
-281.2400 0.0000
-280.4297 0.0000
-281.0560 0.0000
-280.0148 0.0000
-280.2428 0.0000
-281.5654 0.0000
-282.2141 0.0000
-280.5740 0.0000
-280.4793 0.0000
-279.9943 0.0000
-281.1151 0.0000
-281.1163 0.0000
-281.2006 0.0000
-280.8422 0.0000
-281.6448 0.0000
-280.8484 0.0000
-281.7657 0.0000
-281.6458 0.0000
-281.4464 0.0000
-282.5479 0.0000
-282.2228 0.0000
-283.5044 0.0000
-282.3767 0.0000
-282.2731 0.0000
-282.0203 0.0000
-281.5880 0.0000
-282.1145 0.0000
-282.6320 0.0000
-283.1174 0.0000
-283.2628 0.0000
-283.6800 0.0000
-283.0470 0.0000
-283.0540 0.0000
-283.4354 0.0000
-282.7490 0.0000
-283.6563 0.0000
-283.8749 0.0000
-283.7515 0.0000
-283.6404 0.0000
-283.2954 0.0000
-283.5176 0.0000
-283.8982 0.0000
-284.0944 0.0000
-284.9334 0.0000
-284.9979 0.0000
-285.4400 0.0000
-285.1658 0.0000
-285.1828 0.0000
-284.3435 0.0000
-285.4853 0.0000
-285.2814 0.0000
-285.5397 0.0000
-285.3075 0.0000
-285.0964 0.0000
-284.9741 0.0000
-286.2822 0.0000
-284.2987 0.0000
-284.1001 0.0000
-283.9156 0.0000
-284.2722 0.0000
-283.5643 0.0000
-283.7415 0.0000
-283.9060 0.0000
-283.9090 0.0000
-283.4117 0.0000
-284.3090 0.0000
-283.8420 0.0000
-284.0718 0.0000
-283.6162 0.0000
-283.6477 0.0000
-282.9760 0.0000
-283.5042 0.0000
-282.7875 0.0000
-283.7614 0.0000
-283.3613 0.0000
-283.2543 0.0000
-283.8787 0.0000
-283.4907 0.0000
-283.2473 0.0000
-283.8912 0.0000
-284.1153 0.0000
-283.9558 0.0000
-284.2171 0.0000
-284.9571 0.0000
-284.3676 0.0000
-283.5783 0.0000
-283.4090 0.0000
-282.8478 0.0000
-282.5882 0.0000
-281.9386 0.0000
-282.2366 0.0000
-282.8572 0.0000
-283.1090 0.0000
-281.7779 0.0000
-281.7571 0.0000
-281.4493 0.0000
-282.0367 0.0000
-282.2521 0.0000
-282.0905 0.0000
-282.1050 0.0000
-281.7503 0.0000
-282.4440 0.0000
-282.0151 0.0000
-282.3355 0.0000
-281.7202 0.0000
-282.2192 0.0000
-282.2274 0.0000
-282.3266 0.0000
-282.5098 0.0000
-282.4243 0.0000
-282.1975 0.0000
-282.7551 0.0000
-282.1084 0.0000
-282.0221 0.0000
-282.4794 0.0000
-282.3030 0.0000
-282.8115 0.0000
-283.3922 0.0000
-283.2190 0.0000
-283.3084 0.0000
-283.0480 0.0000
-283.4140 0.0000
-283.6092 0.0000
-283.1078 0.0000
-283.3162 0.0000
-283.6469 0.0000
-283.5367 0.0000
-283.2588 0.0000
-283.0267 0.0000
-283.7560 0.0000
-283.6123 0.0000
-283.2399 0.0000
-283.8669 0.0000
-282.7042 0.0000
-282.5268 0.0000
-282.1224 0.0000
-282.4762 0.0000
-282.7735 0.0000
-282.4415 0.0000
-282.8465 0.0000
-282.8356 0.0000
-282.7931 0.0000
-282.5255 0.0000
-282.7922 0.0000
-282.9441 0.0000
-282.9585 0.0000
-282.8581 0.0000
-283.9949 0.0000
-283.4737 0.0000
-282.6251 0.0000
-283.4882 0.0000
-283.2662 0.0000
-283.5826 0.0000
-283.6368 0.0000
-283.0770 0.0000
-283.5546 0.0000
-282.5453 0.0000
-283.3545 0.0000
-283.4551 0.0000
-283.1369 0.0000
-283.9764 0.0000
-284.0105 0.0000
-282.8447 0.0000
-283.5693 0.0000
-283.7523 0.0000
-284.1691 0.0000
-284.1665 0.0000
-284.3087 0.0000
-284.8682 0.0000
-284.9666 0.0000
-284.7367 0.0000
-284.6769 0.0000
-284.8506 0.0000
-284.6562 0.0000
-285.0401 0.0000
-285.4523 0.0000
-286.6679 0.0000
-284.8530 0.0000
-284.8079 0.0000
-286.3573 0.0000
-286.8797 0.0000
-286.6105 0.0000
-287.5344 0.0000
-286.5528 0.0000
-285.6200 0.0000
-288.2833 0.0000
-286.4010 0.0000
-286.5356 0.0000
-286.5908 0.0000
-286.4159 0.0000
-286.2886 0.0000
-286.8912 0.0000
-286.7721 0.0000
-286.9382 0.0000
-286.7760 0.0000
-287.1884 0.0000
-286.9004 0.0000
-287.1142 0.0000
-287.5421 0.0000
-287.2713 0.0000
-286.7062 0.0000
-286.8645 0.0000
-287.2701 0.0000
-287.2822 0.0000
-287.8446 0.0000
-286.9478 0.0000
-287.5935 0.0000
-286.1241 0.0000
-287.4633 0.0000
-286.7043 0.0000
-288.3659 0.0000
-288.1000 0.0000
-288.2066 0.0000
-289.2291 0.0000
-290.4043 0.0000
-289.3587 0.0000
-289.7671 0.0000
-289.0850 0.0000
-288.7660 0.0000
-288.2716 0.0000
-289.6435 0.0000
-289.1744 0.0000
-289.7318 0.0000
-289.8050 0.0000
-288.2524 0.0000
-289.4711 0.0000
-289.8821 0.0000
-290.1691 0.0000
-289.8777 0.0000
-289.7258 0.0000
-290.1349 0.0000
-289.9370 0.0000
-290.3771 0.0000
-289.6093 0.0000
-288.7263 0.0000
-289.7113 0.0000
-289.7058 0.0000
-289.2814 0.0000
-291.3696 0.0000
-289.8015 0.0000
-291.0481 0.0000
-289.6784 0.0000
-290.6957 0.0000
-287.7282 0.0000
-289.8934 0.0000
-290.8629 0.0000
-291.3646 0.0000
-291.4981 0.0000
-292.1587 0.0000
-291.8828 0.0000
-291.2797 0.0000
-291.5245 0.0000
-292.4733 0.0000
-293.5367 0.0000
-292.6493 0.0000
-292.9645 0.0000
-291.6691 0.0000
-292.1820 0.0000
-292.4635 0.0000
-292.2579 0.0000
-292.2541 0.0000
-292.2606 0.0000
-292.1253 0.0000
-293.7054 0.0000
-293.3396 0.0000
-293.6041 0.0000
-294.2421 0.0000
-296.2427 0.0000
-294.5737 0.0000
-292.6245 0.0000
-293.4648 0.0000
-295.7438 0.0000
-294.7425 0.0000
-294.4271 0.0000
-296.1688 0.0000
-297.0582 0.0000
-297.3261 0.0000
-296.9399 0.0000
-297.6891 0.0000
-296.0538 0.0000
-296.6674 0.0000
-295.2018 0.0000
-297.1511 0.0000
-293.9205 0.0000
-294.5709 0.0000
-294.3549 0.0000
-297.2843 0.0000
-296.9771 0.0000
-295.5113 0.0000
-294.0160 0.0000
-293.9612 0.0000
-294.0935 0.0000
-295.4075 0.0000
-295.5050 0.0000
-295.4922 0.0000
-295.0998 0.0000
-295.3560 0.0000
-295.8579 0.0000
-294.7059 0.0000
-297.0905 0.0000
-307.2675 0.0000
-307.7219 0.0000
-307.6741 0.0000
-307.2044 0.0000
-305.8927 0.0000
-304.7256 0.0000
-306.4811 0.0000
-308.8777 0.0000
-305.9872 0.0000
-304.1201 0.0000
-305.8462 0.0000
-306.9304 0.0000
-306.6297 0.0000
-305.5120 0.0000
-306.9023 0.0000
-306.5815 0.0000
-306.9708 0.0000
-307.0123 0.0000
-307.6140 0.0000
-308.2645 0.0000
-306.6693 0.0000
-306.2256 0.0000
-305.8380 0.0000
-306.3904 0.0000
-307.9612 0.0000
-305.5383 0.0000
-305.9790 0.0000
-307.1743 0.0000
-306.0755 0.0000
-307.0972 0.0000
-308.5812 0.0000
-306.3542 0.0000
-305.6031 0.0000
-305.5684 0.0000
-306.1302 0.0000
-305.8423 0.0000
-306.4744 0.0000
-305.8432 0.0000
-307.0205 0.0000
-305.7318 0.0000
-306.9053 0.0000
-305.6957 0.0000
-306.7774 0.0000
-306.9657 0.0000
-307.3979 0.0000
-307.1694 0.0000
-306.5238 0.0000
-307.5899 0.0000
-308.1854 0.0000
-307.3434 0.0000
-307.4643 0.0000
-306.9704 0.0000
-307.3735 0.0000
-308.1482 0.0000
-306.1453 0.0000
-305.7301 0.0000
-308.1933 0.0000
-307.2673 0.0000
-306.2823 0.0000
-306.4166 0.0000
-306.8903 0.0000
-305.8882 0.0000
-308.5581 0.0000
-307.7016 0.0000
-305.3262 0.0000
-306.0170 0.0000
-307.4336 0.0000
-307.4116 0.0000
-306.3756 0.0000
-306.8912 0.0000
-307.3781 0.0000
-305.0732 0.0000
-306.6131 0.0000
-306.2224 0.0000
-308.4903 0.0000
-310.1459 0.0000
-306.2343 0.0000
-306.0081 0.0000
-304.8390 0.0000
-306.9463 0.0000
-305.7434 0.0000
-307.2995 0.0000
-307.0744 0.0000
-306.9084 0.0000
-307.4948 0.0000
-304.8818 0.0000
-307.2248 0.0000
-307.7595 0.0000
-306.7275 0.0000
-307.2351 0.0000
-305.6754 0.0000
-307.1703 0.0000
-307.1292 0.0000
-306.8066 0.0000
-307.6227 0.0000
-305.0353 0.0000
-305.1650 0.0000
-306.0902 0.0000
-307.7687 0.0000
-306.8263 0.0000
-289.8447 0.0000
-290.8243 0.0000
-291.4377 0.0000
-292.3293 0.0000
-291.4734 0.0000
-290.2235 0.0000
-289.9170 0.0000
-289.2191 0.0000
-289.4614 0.0000
-288.9179 0.0000
-290.4478 0.0000
-289.9757 0.0000
-291.4625 0.0000
-289.7454 0.0000
-288.0205 0.0000
-287.7351 0.0000
-288.1119 0.0000
-287.6997 0.0000
-286.8701 0.0000
-285.2683 0.0000
-284.4478 0.0000
-283.2872 0.0000
-282.9043 0.0000
-282.4622 0.0000
-282.4980 0.0000
-283.0361 0.0000
-282.1213 0.0000
-282.0352 0.0000
-281.8501 0.0000
-281.8821 0.0000
-282.3022 0.0000
-281.8824 0.0000
-282.3721 0.0000
-283.1257 0.0000
-282.3014 0.0000
-282.0036 0.0000
-282.8802 0.0000
-282.2522 0.0000
-282.9097 0.0000
-282.3320 0.0000
-282.0094 0.0000
-282.1609 0.0000
-282.5036 0.0000
-283.2900 0.0000
-281.8619 0.0000
-282.1300 0.0000
-281.5792 0.0000
-282.8260 0.0000
-284.1435 0.0000
-282.5117 0.0000
-282.5873 0.0000
-282.0235 0.0000
-282.8114 0.0000
-282.8482 0.0000
-283.6683 0.0000
-283.2333 0.0000
-282.9043 0.0000
-284.2195 0.0000
-282.8866 0.0000
-283.4397 0.0000
-284.7819 0.0000
-283.4012 0.0000
-282.7964 0.0000
-282.6723 0.0000
-283.3846 0.0000
-282.7601 0.0000
-283.0816 0.0000
-282.9807 0.0000
-283.4167 0.0000
-282.7420 0.0000
-282.5397 0.0000
-282.5442 0.0000
-281.4232 0.0000
-282.9170 0.0000
-281.7122 0.0000
-282.3849 0.0000
-281.2299 0.0000
-282.9579 0.0000
-281.8185 0.0000
-282.5255 0.0000
-282.5402 0.0000
-282.2657 0.0000
-283.0617 0.0000
-281.3534 0.0000
-283.9784 0.0000
-283.2219 0.0000
-281.5355 0.0000
-281.5428 0.0000
-281.3633 0.0000
-279.7052 0.0000
-279.8644 0.0000
-279.9255 0.0000
-279.9417 0.0000
-280.4461 0.0000
-279.3903 0.0000
-281.2851 0.0000
-281.4071 0.0000
-281.2223 0.0000
-280.6586 0.0000
-280.3584 0.0000
-280.2300 0.0000
-280.6325 0.0000
-280.2206 0.0000
-280.0045 0.0000
-280.0200 0.0000
-279.6312 0.0000
-280.9543 0.0000
-280.9753 0.0000
-280.8273 0.0000
-281.0672 0.0000
-280.8671 0.0000
-280.4941 0.0000
-279.8382 0.0000
-279.8301 0.0000
-279.4917 0.0000
-279.4401 0.0000
-279.2655 0.0000
-279.7517 0.0000
-279.5617 0.0000
-279.9775 0.0000
-280.2101 0.0000
-280.2415 0.0000
-279.7903 0.0000
-279.8403 0.0000
-279.6757 0.0000
-280.2516 0.0000
-279.8706 0.0000
-280.3406 0.0000
-280.3143 0.0000
-281.0316 0.0000
-280.4598 0.0000
-281.3472 0.0000
-280.7700 0.0000
-281.2569 0.0000
-280.7707 0.0000
-281.0734 0.0000
-280.9966 0.0000
-280.3871 0.0000
-280.9109 0.0000
-280.9798 0.0000
-280.8769 0.0000
-281.5495 0.0000
-281.4933 0.0000
-280.4074 0.0000
-280.3967 0.0000
-279.9745 0.0000
-280.0738 0.0000
-279.4455 0.0000
-279.4331 0.0000
-280.0940 0.0000
-278.7420 0.0000
-279.4008 0.0000
-279.3723 0.0000
-279.1032 0.0000
-279.3483 0.0000
-279.4014 0.0000
-279.5348 0.0000
-280.2044 0.0000
-279.3710 0.0000
-280.1097 0.0000
-279.7252 0.0000
-280.3453 0.0000
-280.6545 0.0000
-280.6134 0.0000
-280.8720 0.0000
-280.5876 0.0000
-280.2153 0.0000
-280.2754 0.0000
-279.7973 0.0000
-280.2814 0.0000
-280.4685 0.0000
-281.0097 0.0000
-280.4453 0.0000
-280.2388 0.0000
-280.6745 0.0000
-279.3805 0.0000
-279.9050 0.0000
-279.5273 0.0000
-278.0813 0.0000
-278.1307 0.0000
-277.9446 0.0000
-277.5848 0.0000
-277.9907 0.0000
-277.8027 0.0000
-277.8415 0.0000
-278.1998 0.0000
-278.3745 0.0000
-278.1380 0.0000
-278.7510 0.0000
-278.8218 0.0000
-277.3840 0.0000
-278.1468 0.0000
-277.5369 0.0000
-277.3906 0.0000
-278.1968 0.0000
-278.4785 0.0000
-277.7621 0.0000
-277.9297 0.0000
-278.7586 0.0000
-278.0178 0.0000
-278.8072 0.0000
-278.9429 0.0000
-278.6718 0.0000
-279.2623 0.0000
-278.7653 0.0000
-278.6173 0.0000
-279.7965 0.0000
-278.6711 0.0000
-278.7332 0.0000
-278.7679 0.0000
-278.3376 0.0000
-278.2227 0.0000
-278.6345 0.0000
-278.5449 0.0000
-279.1758 0.0000
-279.0356 0.0000
-278.5829 0.0000
-278.7594 0.0000
-278.2279 0.0000
-278.5346 0.0000
-278.8103 0.0000
-278.6064 0.0000
-278.4115 0.0000
-279.2771 0.0000
-279.1022 0.0000
-278.5500 0.0000
-278.4001 0.0000
-279.1758 0.0000
-278.8637 0.0000
-278.8074 0.0000
-278.2853 0.0000
-278.4642 0.0000
-279.3912 0.0000
-278.5618 0.0000
-278.2186 0.0000
-278.8996 0.0000
-278.8563 0.0000
-278.9232 0.0000
-278.5462 0.0000
-278.4855 0.0000
-278.4772 0.0000
-278.8608 0.0000
-278.8242 0.0000
-278.5209 0.0000
-278.2406 0.0000
-278.3359 0.0000
-279.0381 0.0000
-279.0297 0.0000
-279.1645 0.0000
-278.5780 0.0000
-278.8070 0.0000
-279.0286 0.0000
-278.1518 0.0000
-279.1150 0.0000
-278.9140 0.0000
-278.7451 0.0000
-278.9097 0.0000
-278.6679 0.0000
-278.5949 0.0000
-278.7231 0.0000
-278.4419 0.0000
-279.1836 0.0000
-279.2858 0.0000
-279.4964 0.0000
-279.5034 0.0000
-278.4768 0.0000
-278.5661 0.0000
-278.8964 0.0000
-279.5355 0.0000
-279.0125 0.0000
-278.3481 0.0000
-279.4322 0.0000
-278.4871 0.0000
-278.4268 0.0000
-279.0811 0.0000
-278.8509 0.0000
-278.4265 0.0000
-278.3560 0.0000
-279.1226 0.0000
-278.9655 0.0000
-279.0977 0.0000
-278.7880 0.0000
-278.7426 0.0000
-279.0451 0.0000
-278.2836 0.0000
-278.1664 0.0000
-278.2719 0.0000
-279.0327 0.0000
-278.4939 0.0000
-278.9252 0.0000
-278.8747 0.0000
-278.6223 0.0000
-278.3037 0.0000
-279.4710 0.0000
-278.0319 0.0000
-279.1506 0.0000
-278.3904 0.0000
-278.9811 0.0000
