-100.0000 -100.0000
-317.1130 0.0000
-316.9584 0.0000
-316.4457 0.0000
-315.9238 0.0000
-315.5775 0.0000
-316.2964 0.0000
-316.6352 0.0000
-316.1377 0.0000
-317.1850 0.0000
-315.4588 0.0000
-315.3745 0.0000
-315.1852 0.0000
-315.5321 0.0000
-314.3525 0.0000
-313.8638 0.0000
-314.3865 0.0000
-315.2749 0.0000
-314.0957 0.0000
-314.0508 0.0000
-314.2188 0.0000
-315.1630 0.0000
-315.3913 0.0000
-315.4369 0.0000
-314.7216 0.0000
-314.4199 0.0000
-314.0451 0.0000
-313.3972 0.0000
-314.3527 0.0000
-314.2137 0.0000
-313.2968 0.0000
-312.1536 0.0000
-312.3253 0.0000
-311.9915 0.0000
-312.4848 0.0000
-312.2796 0.0000
-311.8590 0.0000
-311.8920 0.0000
-313.0477 0.0000
-311.0243 0.0000
-311.3582 0.0000
-311.9909 0.0000
-312.3989 0.0000
-311.9445 0.0000
-311.9081 0.0000
-311.9003 0.0000
-312.3185 0.0000
-311.5068 0.0000
-311.7074 0.0000
-311.5500 0.0000
-310.7216 0.0000
-311.1929 0.0000
-311.5340 0.0000
-311.7265 0.0000
-311.6409 0.0000
-311.9172 0.0000
-311.7859 0.0000
-311.9810 0.0000
-312.2974 0.0000
-312.5078 0.0000
-312.2501 0.0000
-311.9141 0.0000
-312.5912 0.0000
-312.9644 0.0000
-313.0261 0.0000
-314.6183 0.0000
-312.2822 0.0000
-312.7460 0.0000
-312.7205 0.0000
-312.5522 0.0000
-312.9160 0.0000
-313.5551 0.0000
-313.2767 0.0000
-313.0154 0.0000
-313.5207 0.0000
-313.1064 0.0000
-312.3661 0.0000
-312.1981 0.0000
-312.2119 0.0000
-312.5851 0.0000
-312.6148 0.0000
-312.5010 0.0000
-313.0510 0.0000
-313.7724 0.0000
-314.5241 0.0000
-314.8305 0.0000
-314.7319 0.0000
-315.2417 0.0000
-314.8881 0.0000
-314.8775 0.0000
-315.3090 0.0000
-315.5923 0.0000
-316.1621 0.0000
-316.1924 0.0000
-317.4319 0.0000
-317.2452 0.0000
-317.3180 0.0000
-317.2178 0.0000
-317.3467 0.0000
-317.1967 0.0000
-316.4616 0.0000
-316.9028 0.0000
-316.3900 0.0000
-316.2766 0.0000
-316.6417 0.0000
-316.9550 0.0000
-316.7122 0.0000
-317.7506 0.0000
-317.5613 0.0000
-317.5372 0.0000
-317.6961 0.0000
-318.2340 0.0000
-317.6993 0.0000
-318.1853 0.0000
-318.4224 0.0000
-318.1850 0.0000
-317.8122 0.0000
-318.0663 0.0000
-318.2095 0.0000
-317.6334 0.0000
-317.1812 0.0000
-316.9619 0.0000
-317.4486 0.0000
-316.8391 0.0000
-317.3628 0.0000
-317.4290 0.0000
-316.9316 0.0000
-317.6397 0.0000
-317.9422 0.0000
-318.0639 0.0000
-317.3769 0.0000
-317.9596 0.0000
-317.3829 0.0000
-317.5319 0.0000
-318.0858 0.0000
-318.5442 0.0000
-318.3918 0.0000
-318.0111 0.0000
-318.3951 0.0000
-318.4294 0.0000
-317.6834 0.0000
-317.6149 0.0000
-317.2497 0.0000
-317.3936 0.0000
-317.5607 0.0000
-317.0268 0.0000
-317.0054 0.0000
-316.7789 0.0000
-317.6660 0.0000
-317.7192 0.0000
-317.3131 0.0000
-316.8537 0.0000
-317.6049 0.0000
-318.2307 0.0000
-317.9714 0.0000
-317.9706 0.0000
-319.3478 0.0000
-319.7418 0.0000
-320.2478 0.0000
-320.3077 0.0000
-320.0824 0.0000
-319.3566 0.0000
-319.2412 0.0000
-319.6649 0.0000
-319.3484 0.0000
-319.3314 0.0000
-318.9692 0.0000
-319.4416 0.0000
-319.2069 0.0000
-319.4129 0.0000
-319.0029 0.0000
-319.2528 0.0000
-319.3577 0.0000
-318.9679 0.0000
-319.8421 0.0000
-319.9964 0.0000
-319.9844 0.0000
-320.4607 0.0000
-320.8801 0.0000
-320.2128 0.0000
-319.4191 0.0000
-320.0625 0.0000
-320.4516 0.0000
-320.1480 0.0000
-319.6352 0.0000
-319.3660 0.0000
-319.0687 0.0000
-318.2536 0.0000
-318.6446 0.0000
-318.4685 0.0000
-317.8867 0.0000
-318.2209 0.0000
-317.8589 0.0000
-318.2999 0.0000
-318.6543 0.0000
-317.8127 0.0000
-317.8626 0.0000
-318.2626 0.0000
-318.1362 0.0000
-318.7824 0.0000
-319.0362 0.0000
-318.8153 0.0000
-316.8631 0.0000
-315.9735 0.0000
-316.7160 0.0000
-316.5009 0.0000
-316.1862 0.0000
-317.2340 0.0000
-317.3179 0.0000
-317.2082 0.0000
-316.4965 0.0000
-315.7543 0.0000
-316.3140 0.0000
-315.7493 0.0000
-315.6302 0.0000
-314.5501 0.0000
-313.2591 0.0000
-313.7063 0.0000
-314.2539 0.0000
-314.1554 0.0000
-315.6545 0.0000
-313.6850 0.0000
-314.0852 0.0000
-314.9835 0.0000
-315.1946 0.0000
-316.1848 0.0000
-316.6233 0.0000
-314.7593 0.0000
-317.7636 0.0000
-317.0107 0.0000
-316.7236 0.0000
-317.5496 0.0000
-317.8054 0.0000
-318.7368 0.0000
-318.3647 0.0000
-318.4453 0.0000
-319.0644 0.0000
-318.4243 0.0000
-319.2777 0.0000
-318.4525 0.0000
-318.6870 0.0000
-317.5611 0.0000
-318.8463 0.0000
-317.6470 0.0000
-318.9547 0.0000
-318.1885 0.0000
-317.5830 0.0000
-317.5946 0.0000
-318.4877 0.0000
-317.8597 0.0000
-318.0161 0.0000
-319.0372 0.0000
-318.5122 0.0000
-318.6198 0.0000
-318.2551 0.0000
-319.0695 0.0000
-318.0612 0.0000
-318.6024 0.0000
-318.3296 0.0000
-319.5292 0.0000
-317.8258 0.0000
-317.9048 0.0000
-317.9677 0.0000
-318.6314 0.0000
-319.4166 0.0000
-319.3243 0.0000
-319.8942 0.0000
-318.7131 0.0000
-319.5569 0.0000
-320.0847 0.0000
-320.5638 0.0000
-320.2549 0.0000
-319.0859 0.0000
-318.0456 0.0000
-319.2440 0.0000
-319.1535 0.0000
-318.1883 0.0000
-319.2093 0.0000
-319.0493 0.0000
-318.7737 0.0000
-318.8428 0.0000
-318.5085 0.0000
-318.1242 0.0000
-318.0179 0.0000
-319.2266 0.0000
-318.7220 0.0000
-318.3320 0.0000
-317.8448 0.0000
-319.3132 0.0000
-319.3540 0.0000
-318.7389 0.0000
-319.1945 0.0000
-319.1574 0.0000
-319.6337 0.0000
-319.1187 0.0000
-320.0868 0.0000
-320.2536 0.0000
-320.8289 0.0000
-320.3211 0.0000
-320.5894 0.0000
-320.5859 0.0000
-320.4858 0.0000
-320.8305 0.0000
-319.8829 0.0000
-320.9039 0.0000
-322.0725 0.0000
-322.1251 0.0000
-322.3487 0.0000
-322.8489 0.0000
-322.4242 0.0000
-322.5716 0.0000
-322.8314 0.0000
-321.8440 0.0000
-322.9236 0.0000
-323.8496 0.0000
-324.4798 0.0000
-325.1602 0.0000
-323.6850 0.0000
-325.9948 0.0000
-323.2134 0.0000
-322.1918 0.0000
-321.8062 0.0000
-323.4371 0.0000
-321.8915 0.0000
-321.1399 0.0000
-324.4604 0.0000
-321.7096 0.0000
-320.2963 0.0000
-319.8490 0.0000
-320.7937 0.0000
-320.3354 0.0000
-320.1840 0.0000
-321.5506 0.0000
-322.0152 0.0000
-322.7592 0.0000
-321.0026 0.0000
-321.1746 0.0000
-322.5976 0.0000
-322.6361 0.0000
-322.8028 0.0000
-323.0108 0.0000
-323.2009 0.0000
-323.6442 0.0000
-321.9768 0.0000
-323.7237 0.0000
-323.5577 0.0000
-323.1187 0.0000
-321.8882 0.0000
-322.1248 0.0000
-322.5030 0.0000
-322.6241 0.0000
-322.6402 0.0000
-323.5785 0.0000
-322.2081 0.0000
-322.1015 0.0000
-322.0392 0.0000
-321.0125 0.0000
-321.6285 0.0000
-322.4249 0.0000
-322.5682 0.0000
-321.4895 0.0000
-322.1073 0.0000
-321.8183 0.0000
-320.9454 0.0000
-321.2028 0.0000
-321.6109 0.0000
-323.1627 0.0000
-321.6632 0.0000
-322.2900 0.0000
-321.9238 0.0000
-319.9593 0.0000
-320.3343 0.0000
-320.0054 0.0000
-319.0901 0.0000
-319.1764 0.0000
-319.1852 0.0000
-320.5674 0.0000
-319.2541 0.0000
-318.8663 0.0000
-318.0914 0.0000
-319.6440 0.0000
-320.7463 0.0000
-318.4616 0.0000
-318.4194 0.0000
-318.4611 0.0000
-318.9895 0.0000
-317.9814 0.0000
-318.4338 0.0000
-317.3338 0.0000
-317.6001 0.0000
-318.0438 0.0000
-317.4326 0.0000
-317.8732 0.0000
-317.6967 0.0000
-316.3033 0.0000
-317.0918 0.0000
-315.3591 0.0000
-314.2220 0.0000
-314.3613 0.0000
-314.1492 0.0000
-313.6346 0.0000
-313.3779 0.0000
-313.2661 0.0000
-312.2208 0.0000
-313.4417 0.0000
-313.5322 0.0000
-312.7869 0.0000
-312.3151 0.0000
-313.4221 0.0000
-313.1050 0.0000
-313.9182 0.0000
-313.6206 0.0000
-313.9413 0.0000
-314.0797 0.0000
-314.5551 0.0000
-314.5689 0.0000
-315.1411 0.0000
-314.7205 0.0000
-314.7417 0.0000
-315.1012 0.0000
-315.2377 0.0000
-315.0431 0.0000
-315.0009 0.0000
-315.8308 0.0000
-315.6479 0.0000
-316.3365 0.0000
-316.3310 0.0000
-315.5429 0.0000
-316.2244 0.0000
-315.6734 0.0000
-315.5793 0.0000
-315.8266 0.0000
-317.1832 0.0000
-317.0898 0.0000
-316.1702 0.0000
-316.8118 0.0000
-314.6880 0.0000
-315.1576 0.0000
-316.8014 0.0000
-315.4513 0.0000
-317.1478 0.0000
-315.3097 0.0000
-314.5754 0.0000
-315.1441 0.0000
-316.4647 0.0000
-316.4366 0.0000
-316.3982 0.0000
-316.7654 0.0000
-316.3175 0.0000
-316.5123 0.0000
-316.5000 0.0000
-317.6101 0.0000
-317.9010 0.0000
-316.2122 0.0000
-315.8624 0.0000
-315.4088 0.0000
-316.3641 0.0000
-315.9115 0.0000
-316.5065 0.0000
-315.5837 0.0000
-315.0064 0.0000
-316.0797 0.0000
-316.4290 0.0000
-315.3018 0.0000
-315.0352 0.0000
-314.2472 0.0000
-315.1850 0.0000
-315.1050 0.0000
-315.0418 0.0000
-314.8820 0.0000
-316.3342 0.0000
-314.4787 0.0000
-314.2659 0.0000
-315.3446 0.0000
-315.3176 0.0000
-314.9354 0.0000
-315.2278 0.0000
-314.2113 0.0000
-313.5348 0.0000
-313.2508 0.0000
-314.8670 0.0000
-316.1396 0.0000
-316.0049 0.0000
-317.8926 0.0000
-316.1049 0.0000
-315.9295 0.0000
-316.8162 0.0000
-317.1252 0.0000
-315.4011 0.0000
-315.1974 0.0000
-316.5833 0.0000
-316.1434 0.0000
-314.8914 0.0000
-316.1865 0.0000
-315.9690 0.0000
-317.3914 0.0000
-316.2728 0.0000
-315.4807 0.0000
-314.7620 0.0000
-315.4041 0.0000
-314.4770 0.0000
-315.5766 0.0000
-325.4874 0.0000
-325.9751 0.0000
-327.3095 0.0000
-325.5952 0.0000
-327.3829 0.0000
-328.0986 0.0000
-327.7839 0.0000
-326.9936 0.0000
-326.3307 0.0000
-327.2100 0.0000
-327.9577 0.0000
-327.5918 0.0000
-326.9226 0.0000
-329.0147 0.0000
-326.1628 0.0000
-328.1207 0.0000
-326.4508 0.0000
-325.9551 0.0000
-325.1716 0.0000
-325.0943 0.0000
-324.7483 0.0000
-324.6171 0.0000
-324.3656 0.0000
-324.3713 0.0000
-325.3781 0.0000
-323.2860 0.0000
-323.7545 0.0000
-324.0337 0.0000
-324.0186 0.0000
-324.2312 0.0000
-324.4641 0.0000
-324.5595 0.0000
-323.4704 0.0000
-325.3643 0.0000
-323.9942 0.0000
-322.8990 0.0000
-322.8251 0.0000
-324.9150 0.0000
-324.8620 0.0000
-323.2529 0.0000
-324.8011 0.0000
-323.9296 0.0000
-323.2331 0.0000
-325.2919 0.0000
-326.1863 0.0000
-324.7962 0.0000
-326.1363 0.0000
-325.2558 0.0000
-324.9209 0.0000
-323.7344 0.0000
-324.7795 0.0000
-324.5686 0.0000
-325.2692 0.0000
-324.1406 0.0000
-325.3530 0.0000
-325.0720 0.0000
-325.6668 0.0000
-325.0707 0.0000
-323.9145 0.0000
-325.4094 0.0000
-326.4529 0.0000
-323.9981 0.0000
-325.8147 0.0000
-325.8036 0.0000
-324.8639 0.0000
-324.9100 0.0000
-325.2993 0.0000
-325.9805 0.0000
-325.3022 0.0000
-325.1308 0.0000
-324.4952 0.0000
-324.4963 0.0000
-324.2660 0.0000
-325.3531 0.0000
-324.4634 0.0000
-324.2757 0.0000
-325.3769 0.0000
-323.7330 0.0000
-326.2398 0.0000
-325.6282 0.0000
-324.3565 0.0000
-325.0975 0.0000
-325.6197 0.0000
-325.6671 0.0000
-325.8240 0.0000
-325.5503 0.0000
-324.4791 0.0000
-327.1423 0.0000
-324.9490 0.0000
-325.9202 0.0000
-326.6441 0.0000
-326.2501 0.0000
-326.2292 0.0000
-327.1175 0.0000
-326.0623 0.0000
-326.8910 0.0000
-326.7757 0.0000
-327.4810 0.0000
-325.2034 0.0000
-324.2419 0.0000
-325.7758 0.0000
-324.9833 0.0000
-324.5374 0.0000
-325.2847 0.0000
-325.7584 0.0000
-324.6199 0.0000
-325.1736 0.0000
-326.2186 0.0000
-326.9393 0.0000
-327.6127 0.0000
-327.9948 0.0000
-327.1340 0.0000
-327.7140 0.0000
-328.5794 0.0000
-326.6407 0.0000
-327.3831 0.0000
-329.8445 0.0000
-329.2272 0.0000
-327.5375 0.0000
-325.4346 0.0000
-327.5172 0.0000
-328.0223 0.0000
-326.6614 0.0000
-325.8001 0.0000
-326.2138 0.0000
-324.1042 0.0000
-325.3164 0.0000
-325.1576 0.0000
-325.9773 0.0000
-326.6795 0.0000
-327.2655 0.0000
-325.5858 0.0000
-325.7147 0.0000
-325.6297 0.0000
-325.1739 0.0000
-325.8325 0.0000
-325.4128 0.0000
-326.1442 0.0000
-325.4074 0.0000
-325.3765 0.0000
-325.8169 0.0000
-326.2969 0.0000
-324.8273 0.0000
-326.7148 0.0000
-326.8755 0.0000
-326.3815 0.0000
-326.7541 0.0000
-325.8197 0.0000
-325.1233 0.0000
-324.5313 0.0000
-324.5716 0.0000
-324.9723 0.0000
-325.3579 0.0000
-325.4308 0.0000
-327.2516 0.0000
-324.7861 0.0000
-325.0868 0.0000
-324.3375 0.0000
-325.2526 0.0000
-325.6057 0.0000
-324.1594 0.0000
-324.4896 0.0000
-324.0122 0.0000
-322.9772 0.0000
-324.2507 0.0000
-324.6882 0.0000
-323.6155 0.0000
-325.1920 0.0000
-324.6601 0.0000
-324.2539 0.0000
-325.2333 0.0000
-326.1969 0.0000
-326.0342 0.0000
-326.5379 0.0000
-326.5401 0.0000
-325.1576 0.0000
-326.5657 0.0000
-325.6972 0.0000
-325.4057 0.0000
-325.8567 0.0000
-326.3435 0.0000
-326.3921 0.0000
-326.6849 0.0000
-328.3256 0.0000
-327.9116 0.0000
-326.2466 0.0000
-327.6029 0.0000
-328.0037 0.0000
-326.5319 0.0000
-326.2760 0.0000
-325.9324 0.0000
-326.4179 0.0000
-327.3751 0.0000
-326.7289 0.0000
-326.7835 0.0000
-327.6970 0.0000
-328.0657 0.0000
-328.1692 0.0000
-328.6878 0.0000
-328.1327 0.0000
-314.3404 0.0000
-314.5066 0.0000
-314.8623 0.0000
-314.9299 0.0000
-314.5676 0.0000
-314.4984 0.0000
-315.2792 0.0000
-315.1043 0.0000
-315.1053 0.0000
-314.1348 0.0000
-315.4211 0.0000
-316.7641 0.0000
-315.7158 0.0000
-315.6821 0.0000
-316.5968 0.0000
-316.8634 0.0000
-316.0131 0.0000
-317.4469 0.0000
-317.0801 0.0000
-318.9933 0.0000
-316.6852 0.0000
-316.9130 0.0000
-318.1577 0.0000
-317.6318 0.0000
-318.6124 0.0000
-317.2523 0.0000
-315.9587 0.0000
-316.2586 0.0000
-315.7274 0.0000
-316.8146 0.0000
-317.4243 0.0000
-315.0358 0.0000
-315.8538 0.0000
-315.5887 0.0000
-316.1406 0.0000
-315.5382 0.0000
-315.7311 0.0000
-314.4431 0.0000
-314.2995 0.0000
-314.9595 0.0000
-315.2281 0.0000
-314.8567 0.0000
-314.5533 0.0000
-315.0590 0.0000
-315.6465 0.0000
-315.4687 0.0000
-315.0463 0.0000
-315.3722 0.0000
-315.9965 0.0000
-316.3844 0.0000
-314.8915 0.0000
-316.7534 0.0000
-315.7893 0.0000
-315.8094 0.0000
-316.5385 0.0000
-316.7856 0.0000
-315.7712 0.0000
-316.0736 0.0000
-315.5761 0.0000
-317.3036 0.0000
-317.4329 0.0000
-317.7641 0.0000
-317.3589 0.0000
-317.3596 0.0000
-317.1202 0.0000
-317.7832 0.0000
-317.9751 0.0000
-317.9612 0.0000
-318.1949 0.0000
-318.4673 0.0000
-317.7311 0.0000
-317.3750 0.0000
-318.6640 0.0000
-317.6962 0.0000
-317.4882 0.0000
-316.8119 0.0000
-316.5306 0.0000
-316.0782 0.0000
-316.7744 0.0000
-315.3250 0.0000
-316.1167 0.0000
-315.7808 0.0000
-314.4488 0.0000
-316.4025 0.0000
-315.1162 0.0000
-316.5372 0.0000
-315.2584 0.0000
-316.2077 0.0000
-317.2350 0.0000
-316.2833 0.0000
-315.2668 0.0000
-315.5166 0.0000
-315.3677 0.0000
-315.3430 0.0000
-316.2490 0.0000
-316.2897 0.0000
-315.0371 0.0000
-314.2781 0.0000
-313.6783 0.0000
-314.9768 0.0000
-321.3508 0.0000
-321.5113 0.0000
-322.1883 0.0000
-320.4617 0.0000
-320.5470 0.0000
-320.6033 0.0000
-321.2301 0.0000
-321.3695 0.0000
-320.5421 0.0000
-320.9236 0.0000
-321.3599 0.0000
-320.9828 0.0000
-321.4598 0.0000
-321.8559 0.0000
-320.6404 0.0000
-320.8449 0.0000
-320.9212 0.0000
-320.9624 0.0000
-321.1811 0.0000
-320.6376 0.0000
-321.2206 0.0000
-320.2705 0.0000
-320.3200 0.0000
-320.8444 0.0000
-320.5469 0.0000
-321.2515 0.0000
-320.9986 0.0000
-321.5605 0.0000
-321.6899 0.0000
-321.2941 0.0000
-320.7144 0.0000
-322.1697 0.0000
-320.9479 0.0000
-321.3795 0.0000
-321.1138 0.0000
-321.0174 0.0000
-320.2028 0.0000
-321.4223 0.0000
-320.9003 0.0000
-321.6552 0.0000
-321.5551 0.0000
-320.7500 0.0000
-321.0309 0.0000
-321.8206 0.0000
-320.5844 0.0000
-321.2809 0.0000
-320.1951 0.0000
-320.4632 0.0000
-320.6254 0.0000
-320.4444 0.0000
-321.6207 0.0000
-321.3462 0.0000
-320.8317 0.0000
-320.9747 0.0000
-320.3088 0.0000
-321.2352 0.0000
-321.5806 0.0000
-321.2140 0.0000
-320.5350 0.0000
-320.3104 0.0000
-320.5514 0.0000
-320.9235 0.0000
-321.0068 0.0000
-321.4869 0.0000
-320.8163 0.0000
-320.7218 0.0000
-320.9239 0.0000
-322.2669 0.0000
-321.7545 0.0000
-320.6737 0.0000
-319.8788 0.0000
-321.5751 0.0000
-321.3511 0.0000
-320.5042 0.0000
-321.2680 0.0000
-320.8555 0.0000
-320.5619 0.0000
-321.9657 0.0000
-321.6176 0.0000
-320.5518 0.0000
-320.5549 0.0000
-320.8120 0.0000
-319.7575 0.0000
-321.3922 0.0000
-321.3608 0.0000
-321.1814 0.0000
-320.6794 0.0000
-320.8721 0.0000
-320.1815 0.0000
-320.9790 0.0000
-321.2119 0.0000
-320.1930 0.0000
-320.9895 0.0000
-321.7212 0.0000
-321.4742 0.0000
-320.6575 0.0000
-320.7423 0.0000
-320.4008 0.0000
-320.9688 0.0000
-320.5458 0.0000
-321.4205 0.0000
-321.7822 0.0000
-321.2675 0.0000
-321.5005 0.0000
-320.5209 0.0000
-320.7224 0.0000
-320.9997 0.0000
-320.4289 0.0000
-321.0326 0.0000
-321.1438 0.0000
-320.8080 0.0000
-320.3096 0.0000
-320.1574 0.0000
-319.7736 0.0000
-320.5841 0.0000
-320.9949 0.0000
-320.0896 0.0000
-321.0645 0.0000
-320.8450 0.0000
-320.9708 0.0000
-320.9294 0.0000
-320.9577 0.0000
-320.9445 0.0000
-320.3444 0.0000
-321.3865 0.0000
-321.0880 0.0000
-320.6462 0.0000
-321.4904 0.0000
-321.9072 0.0000
-322.6445 0.0000
-321.7946 0.0000
-321.5651 0.0000
-321.6412 0.0000
-322.4799 0.0000
-322.6742 0.0000
-322.2149 0.0000
-322.7994 0.0000
-323.5663 0.0000
-323.6572 0.0000
-324.1520 0.0000
-323.4359 0.0000
-323.6728 0.0000
-323.4803 0.0000
-323.2126 0.0000
-322.5832 0.0000
-323.8576 0.0000
-323.3011 0.0000
-323.4938 0.0000
-323.3533 0.0000
-322.9025 0.0000
-323.7755 0.0000
-322.5973 0.0000
-322.3689 0.0000
-322.8307 0.0000
-322.4575 0.0000
-321.9682 0.0000
-322.2035 0.0000
-321.8418 0.0000
-321.3318 0.0000
-321.3268 0.0000
-320.3269 0.0000
-322.0220 0.0000
-320.5927 0.0000
-321.6395 0.0000
-321.2264 0.0000
-320.5716 0.0000
-321.7747 0.0000
-321.9402 0.0000
-321.0696 0.0000
-321.1407 0.0000
-320.7658 0.0000
-321.0939 0.0000
-321.4771 0.0000
-320.2942 0.0000
-322.4748 0.0000
-322.1761 0.0000
-322.2652 0.0000
-322.9781 0.0000
-323.2001 0.0000
-322.9617 0.0000
-322.1677 0.0000
-322.6192 0.0000
-323.1752 0.0000
-321.4257 0.0000
-322.6440 0.0000
-322.3825 0.0000
-322.5790 0.0000
-322.3334 0.0000
-322.0833 0.0000
-321.3757 0.0000
-322.6974 0.0000
-323.8983 0.0000
-322.0384 0.0000
-321.7725 0.0000
-322.0448 0.0000
-322.4411 0.0000
-322.3384 0.0000
-323.0103 0.0000
-322.9137 0.0000
-323.6283 0.0000
-319.8949 0.0000
-319.5528 0.0000
-319.4627 0.0000
-319.3906 0.0000
-319.0158 0.0000
-319.7034 0.0000
-319.1146 0.0000
-320.1811 0.0000
-320.7558 0.0000
-319.0321 0.0000
-321.3878 0.0000
-320.0791 0.0000
-319.9390 0.0000
-320.6480 0.0000
-319.6147 0.0000
-320.4528 0.0000
-320.5364 0.0000
-319.5651 0.0000
-319.4589 0.0000
-318.1108 0.0000
-316.7945 0.0000
-316.6152 0.0000
-316.8472 0.0000
-316.6338 0.0000
-316.5498 0.0000
-316.3904 0.0000
-316.2308 0.0000
-316.7888 0.0000
-318.0817 0.0000
-316.5320 0.0000
-317.0209 0.0000
-316.4562 0.0000
-316.3703 0.0000
-315.4431 0.0000
-314.5674 0.0000
-315.6109 0.0000
-315.4290 0.0000
-314.9160 0.0000
-315.3354 0.0000
-315.0948 0.0000
-315.5476 0.0000
-316.2301 0.0000
-315.7986 0.0000
-315.3025 0.0000
-316.4283 0.0000
-316.1414 0.0000
-315.9092 0.0000
-315.9995 0.0000
-315.8975 0.0000
-315.8650 0.0000
-314.8870 0.0000
-314.7830 0.0000
-314.7120 0.0000
-314.3723 0.0000
-314.7679 0.0000
-314.1441 0.0000
-314.1762 0.0000
-314.2298 0.0000
-314.7948 0.0000
-314.9156 0.0000
-314.6738 0.0000
-314.6764 0.0000
-314.8981 0.0000
-314.8774 0.0000
-314.8441 0.0000
-314.1052 0.0000
-314.4601 0.0000
-314.0241 0.0000
-314.1948 0.0000
-315.1936 0.0000
-314.9962 0.0000
-314.2485 0.0000
-314.7273 0.0000
-313.7305 0.0000
-313.4078 0.0000
-313.4808 0.0000
-315.8099 0.0000
-313.7673 0.0000
-314.8463 0.0000
-313.2751 0.0000
-313.8343 0.0000
-312.6969 0.0000
-312.5694 0.0000
-313.3871 0.0000
-312.5451 0.0000
-312.6577 0.0000
-313.4607 0.0000
-312.2218 0.0000
-311.9342 0.0000
-312.2536 0.0000
-311.9933 0.0000
-311.6885 0.0000
-311.2241 0.0000
-310.1230 0.0000
-311.7314 0.0000
-309.8833 0.0000
-310.3675 0.0000
-310.4292 0.0000
-310.3539 0.0000
-310.8476 0.0000
-324.2526 0.0000
-324.6460 0.0000
-325.1313 0.0000
-325.2497 0.0000
-326.3500 0.0000
-324.1010 0.0000
-324.9307 0.0000
-324.5021 0.0000
-325.7333 0.0000
-324.5199 0.0000
-325.1151 0.0000
-325.3365 0.0000
-324.7970 0.0000
-325.6760 0.0000
-324.8059 0.0000
-324.4795 0.0000
-325.3873 0.0000
-325.9367 0.0000
-324.5081 0.0000
-325.5976 0.0000
-324.7504 0.0000
-324.8291 0.0000
-325.7058 0.0000
-325.1811 0.0000
-324.1013 0.0000
-325.3083 0.0000
-324.4781 0.0000
-324.8718 0.0000
-324.5305 0.0000
-325.0037 0.0000
-325.6263 0.0000
-325.6316 0.0000
-325.6116 0.0000
-325.7531 0.0000
-324.5004 0.0000
-324.3737 0.0000
-325.0016 0.0000
-325.5007 0.0000
-324.6515 0.0000
-326.0477 0.0000
-325.0982 0.0000
-325.3659 0.0000
-324.2407 0.0000
-325.8453 0.0000
-325.0444 0.0000
-325.5827 0.0000
-326.2184 0.0000
-324.3962 0.0000
-324.6225 0.0000
-325.5863 0.0000
-324.2750 0.0000
-325.0038 0.0000
-325.4869 0.0000
-325.0520 0.0000
-325.1547 0.0000
-325.0208 0.0000
-324.8121 0.0000
-324.5518 0.0000
-325.2988 0.0000
-324.4829 0.0000
-324.5248 0.0000
-324.9325 0.0000
-326.2221 0.0000
-324.9557 0.0000
-324.4779 0.0000
-325.3374 0.0000
-324.1317 0.0000
-325.0085 0.0000
-325.2473 0.0000
-325.5175 0.0000
-324.8466 0.0000
-324.8389 0.0000
-324.2796 0.0000
-325.9225 0.0000
-325.5695 0.0000
-325.2319 0.0000
-324.6220 0.0000
-325.5026 0.0000
-325.3274 0.0000
-324.3947 0.0000
-324.0848 0.0000
-324.9907 0.0000
-324.8202 0.0000
-324.7930 0.0000
-325.2799 0.0000
-324.8360 0.0000
-323.4901 0.0000
-324.7772 0.0000
-324.9408 0.0000
-325.5375 0.0000
-324.0746 0.0000
-325.4389 0.0000
-325.5237 0.0000
-325.9375 0.0000
-325.3926 0.0000
-325.0032 0.0000
-324.7385 0.0000
-325.4968 0.0000
-325.3325 0.0000
-324.8748 0.0000
-325.4131 0.0000
-324.0084 0.0000
-325.3239 0.0000
-325.0810 0.0000
-324.3870 0.0000
-325.4309 0.0000
-325.0038 0.0000
-325.1181 0.0000
-324.6943 0.0000
-324.3503 0.0000
-325.0820 0.0000
-325.0597 0.0000
-325.2791 0.0000
-325.1281 0.0000
-325.8199 0.0000
-325.7092 0.0000
-325.0648 0.0000
-324.7191 0.0000
-325.8501 0.0000
-325.7862 0.0000
-323.9862 0.0000
-324.0704 0.0000
-324.5143 0.0000
-325.0893 0.0000
-325.0680 0.0000
-325.2773 0.0000
-324.4944 0.0000
-325.1940 0.0000
-325.6825 0.0000
-323.9418 0.0000
-324.3730 0.0000
-325.0240 0.0000
-325.2868 0.0000
-324.7687 0.0000
-324.8492 0.0000
-324.9714 0.0000
-324.7613 0.0000
-324.6304 0.0000
-325.3237 0.0000
-325.7099 0.0000
-325.0535 0.0000
-324.6451 0.0000
-324.9315 0.0000
-324.5355 0.0000
-325.5314 0.0000
-325.4311 0.0000
-324.9813 0.0000
-324.5655 0.0000
-325.2199 0.0000
-324.6728 0.0000
-324.9329 0.0000
-325.2425 0.0000
-324.8744 0.0000
-325.5978 0.0000
-324.4921 0.0000
-325.8148 0.0000
-325.3949 0.0000
-324.7362 0.0000
-324.9389 0.0000
-324.9685 0.0000
-324.4305 0.0000
-324.1033 0.0000
-324.9103 0.0000
-325.0268 0.0000
-325.1987 0.0000
-325.3913 0.0000
-325.0993 0.0000
-324.8027 0.0000
-324.7130 0.0000
-324.6700 0.0000
-324.8039 0.0000
-325.0639 0.0000
-325.1777 0.0000
-324.2777 0.0000
-325.4104 0.0000
-324.2916 0.0000
-324.8285 0.0000
-325.0834 0.0000
-324.7480 0.0000
-325.9863 0.0000
-325.0331 0.0000
-324.9381 0.0000
-325.0169 0.0000
-324.8233 0.0000
-323.8751 0.0000
-325.4018 0.0000
-325.4002 0.0000
-325.3651 0.0000
-324.8929 0.0000
-325.2389 0.0000
-324.9480 0.0000
-325.4500 0.0000
-326.2855 0.0000
-325.6506 0.0000
-324.6620 0.0000
-326.0521 0.0000
-325.3727 0.0000
-324.7930 0.0000
-325.1573 0.0000
-325.5248 0.0000
-324.9509 0.0000
-325.7451 0.0000
-324.3731 0.0000
-325.8211 0.0000
-325.0483 0.0000
-324.6951 0.0000
-324.7411 0.0000
-324.2480 0.0000
-324.6562 0.0000
-325.3347 0.0000
-325.4233 0.0000
-325.3168 0.0000
-324.5525 0.0000
-325.0892 0.0000
-325.8016 0.0000
-325.4163 0.0000
-325.2644 0.0000
-325.2074 0.0000
-325.3173 0.0000
-324.0723 0.0000
-325.3706 0.0000
-324.3766 0.0000
-325.6892 0.0000
-325.9982 0.0000
-324.2746 0.0000
-324.2266 0.0000
-325.1310 0.0000
-325.6508 0.0000
-324.8931 0.0000
-325.0268 0.0000
-325.7310 0.0000
-324.2922 0.0000
-325.1736 0.0000
-324.5506 0.0000
-325.7483 0.0000
-325.7720 0.0000
-325.2085 0.0000
-325.5768 0.0000
-324.0233 0.0000
-325.1105 0.0000
-325.2397 0.0000
-324.9291 0.0000
-324.3981 0.0000
-325.0781 0.0000
-324.8900 0.0000
-325.2399 0.0000
-325.7631 0.0000
-325.9265 0.0000
-324.5718 0.0000
-325.4700 0.0000
-325.3211 0.0000
-324.9488 0.0000
-325.8040 0.0000
-326.2068 0.0000
-325.3584 0.0000
-324.4839 0.0000
-325.6325 0.0000
-324.8037 0.0000
-324.6202 0.0000
-325.1390 0.0000
-325.1029 0.0000
-325.4325 0.0000
-325.4999 0.0000
-323.9646 0.0000
-325.8331 0.0000
-324.8326 0.0000
-325.5907 0.0000
-324.8755 0.0000
-325.8454 0.0000
-324.0695 0.0000
-326.2005 0.0000
-324.7509 0.0000
-325.9102 0.0000
-325.1908 0.0000
-324.8627 0.0000
-324.0531 0.0000
-324.3874 0.0000
-324.6753 0.0000
-325.0669 0.0000
-325.4676 0.0000
-325.7467 0.0000
-324.3891 0.0000
-325.7463 0.0000
-324.2943 0.0000
-325.6825 0.0000
-325.2565 0.0000
-325.4624 0.0000
-325.3886 0.0000
-325.4084 0.0000
-325.1412 0.0000
-325.1068 0.0000
-325.2839 0.0000
-324.6794 0.0000
-324.9483 0.0000
-324.2474 0.0000
-325.0805 0.0000
-325.3147 0.0000
-325.5476 0.0000
-324.5498 0.0000
-325.7940 0.0000
-307.3303 0.0000
-307.3696 0.0000
-307.6473 0.0000
-307.7570 0.0000
-308.4837 0.0000
-308.5263 0.0000
-307.3578 0.0000
-308.7263 0.0000
-307.9869 0.0000
-308.5414 0.0000
-307.8424 0.0000
-308.4602 0.0000
-308.7610 0.0000
-309.0869 0.0000
-308.6468 0.0000
-308.9674 0.0000
-308.1827 0.0000
-307.9158 0.0000
-307.8662 0.0000
-307.7627 0.0000
-307.6869 0.0000
-307.2602 0.0000
-306.8681 0.0000
-307.4894 0.0000
-306.8286 0.0000
-306.6852 0.0000
-306.9043 0.0000
-305.8932 0.0000
-306.4978 0.0000
-307.1117 0.0000
-305.6737 0.0000
-305.5641 0.0000
-305.9890 0.0000
-306.0466 0.0000
-305.7739 0.0000
-305.9572 0.0000
-306.2333 0.0000
-305.4060 0.0000
-304.9425 0.0000
-305.6689 0.0000
-306.2174 0.0000
-305.5569 0.0000
-305.4284 0.0000
-305.0620 0.0000
-305.0488 0.0000
-304.7273 0.0000
-305.0894 0.0000
-304.3650 0.0000
-303.6188 0.0000
-303.8452 0.0000
-304.2816 0.0000
-304.9148 0.0000
-303.9892 0.0000
-304.2908 0.0000
-304.3040 0.0000
-303.9298 0.0000
-304.8198 0.0000
-305.2626 0.0000
-304.4162 0.0000
-304.6924 0.0000
-305.0182 0.0000
-305.5616 0.0000
-304.5275 0.0000
-304.4735 0.0000
-304.7568 0.0000
-305.2352 0.0000
-304.4983 0.0000
-305.0751 0.0000
-304.7142 0.0000
-304.9651 0.0000
-305.1251 0.0000
-304.4516 0.0000
-305.4324 0.0000
-306.0876 0.0000
-306.9452 0.0000
-305.8079 0.0000
-306.9062 0.0000
-305.9498 0.0000
-305.9438 0.0000
-304.9356 0.0000
-305.4810 0.0000
-303.3263 0.0000
-302.9390 0.0000
-303.2207 0.0000
-302.4388 0.0000
-302.5563 0.0000
-302.6785 0.0000
-303.0553 0.0000
-302.8277 0.0000
-304.6395 0.0000
-305.1699 0.0000
-305.9761 0.0000
-304.6630 0.0000
-305.1960 0.0000
-305.2475 0.0000
-305.3713 0.0000
-305.3780 0.0000
-305.5759 0.0000
-307.0601 0.0000
-305.8471 0.0000
-306.3620 0.0000
-305.9805 0.0000
-305.8636 0.0000
-305.9866 0.0000
-305.0321 0.0000
-304.3134 0.0000
-304.0183 0.0000
-304.3220 0.0000
-303.4338 0.0000
-303.6582 0.0000
-304.4752 0.0000
-304.4535 0.0000
-303.6336 0.0000
-303.8623 0.0000
-303.9710 0.0000
-303.3660 0.0000
-303.7328 0.0000
-303.2245 0.0000
-303.2869 0.0000
-303.0107 0.0000
-303.8030 0.0000
-303.9077 0.0000
-304.1689 0.0000
-304.9282 0.0000
-304.1688 0.0000
-304.4172 0.0000
-304.5188 0.0000
-304.2278 0.0000
-304.5236 0.0000
-304.3871 0.0000
-305.2434 0.0000
-305.4968 0.0000
-306.1316 0.0000
-305.4034 0.0000
-305.9744 0.0000
-305.9232 0.0000
-306.5407 0.0000
-306.4373 0.0000
-305.9940 0.0000
-306.5687 0.0000
-307.2004 0.0000
-306.2536 0.0000
-305.8713 0.0000
-306.3629 0.0000
-306.4203 0.0000
-306.2875 0.0000
-306.3681 0.0000
-307.0007 0.0000
-306.6128 0.0000
-305.6094 0.0000
-306.3933 0.0000
-305.8018 0.0000
-305.6993 0.0000
-305.9009 0.0000
-305.4499 0.0000
-305.6130 0.0000
-305.8105 0.0000
-306.2962 0.0000
-306.0018 0.0000
-305.4721 0.0000
-305.9894 0.0000
-305.8135 0.0000
-306.1665 0.0000
-305.6471 0.0000
-305.8684 0.0000
-305.8497 0.0000
-306.0824 0.0000
-306.1147 0.0000
-305.6301 0.0000
-305.9479 0.0000
-305.7936 0.0000
-305.3746 0.0000
-306.7088 0.0000
-305.6608 0.0000
-305.9756 0.0000
-305.1710 0.0000
-305.7337 0.0000
-305.4847 0.0000
-305.9763 0.0000
-306.0542 0.0000
-305.9905 0.0000
-306.3963 0.0000
-305.7464 0.0000
-305.5711 0.0000
-305.2365 0.0000
-305.3826 0.0000
-305.8731 0.0000
-305.4904 0.0000
-305.3549 0.0000
-304.6183 0.0000
-304.9218 0.0000
-304.8989 0.0000
-305.0688 0.0000
-305.2242 0.0000
-306.2950 0.0000
-305.2435 0.0000
-303.7468 0.0000
-303.4775 0.0000
-303.6081 0.0000
-302.7219 0.0000
-303.6009 0.0000
-304.3965 0.0000
-303.7573 0.0000
-303.6669 0.0000
-303.5504 0.0000
-303.8297 0.0000
-303.2448 0.0000
-302.9457 0.0000
-302.5688 0.0000
-302.3358 0.0000
-303.3473 0.0000
-302.5702 0.0000
-302.5434 0.0000
-302.7734 0.0000
-302.6859 0.0000
-302.8517 0.0000
-302.7290 0.0000
-302.1761 0.0000
-301.9511 0.0000
-301.5684 0.0000
-301.4943 0.0000
-300.9433 0.0000
-301.5654 0.0000
-301.7328 0.0000
-301.9157 0.0000
-301.0678 0.0000
-299.3349 0.0000
-301.3569 0.0000
-301.1752 0.0000
-301.6626 0.0000
-300.3237 0.0000
-300.2449 0.0000
-301.0009 0.0000
-300.7483 0.0000
-301.0620 0.0000
-301.2238 0.0000
-300.5822 0.0000
-300.5083 0.0000
-299.9185 0.0000
-300.6865 0.0000
-301.0300 0.0000
-299.8018 0.0000
-299.9420 0.0000
-300.1720 0.0000
-299.1053 0.0000
-300.2973 0.0000
-300.4174 0.0000
-299.9212 0.0000
-299.6729 0.0000
-300.0861 0.0000
-301.0032 0.0000
-301.3502 0.0000
-301.3910 0.0000
-301.8412 0.0000
-300.2764 0.0000
-301.9727 0.0000
-300.9377 0.0000
-301.6939 0.0000
-302.2255 0.0000
-302.1392 0.0000
-302.7000 0.0000
-301.3207 0.0000
-301.7009 0.0000
-302.2860 0.0000
-301.5969 0.0000
-302.0053 0.0000
-301.8375 0.0000
-301.8123 0.0000
-302.0112 0.0000
-302.1671 0.0000
-302.0135 0.0000
-301.5728 0.0000
-301.6775 0.0000
-301.9962 0.0000
-301.6322 0.0000
-302.3486 0.0000
-303.0071 0.0000
-303.0677 0.0000
-302.0951 0.0000
-302.9806 0.0000
-302.8530 0.0000
-302.2710 0.0000
-303.5687 0.0000
-303.3750 0.0000
-303.4993 0.0000
-302.6336 0.0000
-303.1906 0.0000
-302.8863 0.0000
-302.7601 0.0000
-302.8026 0.0000
-303.0890 0.0000
-302.9739 0.0000
-302.5325 0.0000
-303.3793 0.0000
-302.5754 0.0000
-302.8975 0.0000
-302.3535 0.0000
-302.0830 0.0000
-301.7654 0.0000
-301.6286 0.0000
-302.0494 0.0000
-301.2680 0.0000
-301.5896 0.0000
-301.4743 0.0000
-300.7581 0.0000
-302.0682 0.0000
-300.1589 0.0000
-300.6362 0.0000
-300.6514 0.0000
-301.2306 0.0000
-300.7783 0.0000
-301.7418 0.0000
-301.1094 0.0000
-301.2397 0.0000
-301.1869 0.0000
-301.6423 0.0000
-300.1912 0.0000
-299.7386 0.0000
-299.4132 0.0000
-299.3210 0.0000
-298.4414 0.0000
-299.6736 0.0000
-298.8874 0.0000
-298.4394 0.0000
-298.7830 0.0000
-298.7266 0.0000
-298.7681 0.0000
-298.3081 0.0000
-297.5947 0.0000
-298.2317 0.0000
-298.0369 0.0000
-298.3581 0.0000
-298.3927 0.0000
-297.2024 0.0000
-297.1122 0.0000
-296.8216 0.0000
-296.8825 0.0000
-297.6152 0.0000
-297.8073 0.0000
-297.9842 0.0000
-299.0160 0.0000
-297.5256 0.0000
-297.3706 0.0000
-297.4750 0.0000
-297.1363 0.0000
-297.5672 0.0000
-296.8612 0.0000
-297.2817 0.0000
-297.3651 0.0000
-297.4047 0.0000
-296.9071 0.0000
-296.0030 0.0000
-297.0014 0.0000
-296.5723 0.0000
-297.2459 0.0000
-297.0835 0.0000
-297.2572 0.0000
-296.9366 0.0000
-296.8647 0.0000
-295.9430 0.0000
-296.5380 0.0000
-296.5925 0.0000
-296.4303 0.0000
-297.0356 0.0000
-296.2590 0.0000
-295.9411 0.0000
-296.4746 0.0000
-296.1723 0.0000
-296.5827 0.0000
-296.7291 0.0000
-296.0033 0.0000
-296.5140 0.0000
-296.0784 0.0000
-296.2003 0.0000
-295.6999 0.0000
-295.8161 0.0000
-295.6992 0.0000
-295.3986 0.0000
-294.7627 0.0000
-295.6797 0.0000
-295.2091 0.0000
-296.1360 0.0000
-296.0644 0.0000
-296.1559 0.0000
-296.6615 0.0000
-297.0927 0.0000
-297.1967 0.0000
-297.1288 0.0000
-297.8994 0.0000
-297.5546 0.0000
-298.1925 0.0000
-298.5235 0.0000
-299.3103 0.0000
-299.3153 0.0000
-300.1629 0.0000
-300.6006 0.0000
-299.1456 0.0000
-299.9256 0.0000
-299.5488 0.0000
-299.4454 0.0000
-299.6004 0.0000
-299.4545 0.0000
-298.9558 0.0000
-298.7862 0.0000
-298.9421 0.0000
-299.7477 0.0000
-299.0613 0.0000
-299.2930 0.0000
-298.6493 0.0000
-298.2507 0.0000
-298.2681 0.0000
-298.7149 0.0000
-299.1377 0.0000
-299.1376 0.0000
-299.0854 0.0000
-298.8113 0.0000
-298.6623 0.0000
-299.0708 0.0000
-299.7461 0.0000
-299.6867 0.0000
-299.4668 0.0000
-301.0866 0.0000
-299.5864 0.0000
-299.2431 0.0000
-299.8933 0.0000
-299.3980 0.0000
-300.1464 0.0000
-299.7750 0.0000
-298.9389 0.0000
-299.3931 0.0000
-299.5929 0.0000
-300.3811 0.0000
-299.7558 0.0000
-299.1475 0.0000
-299.4778 0.0000
-298.8528 0.0000
-298.5305 0.0000
-299.2685 0.0000
-299.6654 0.0000
-299.2964 0.0000
-299.3627 0.0000
-299.7951 0.0000
-299.4766 0.0000
-300.4705 0.0000
-299.4231 0.0000
-300.8479 0.0000
-299.9663 0.0000
-298.4642 0.0000
-298.2653 0.0000
-297.6280 0.0000
-297.9501 0.0000
-298.5406 0.0000
-298.7437 0.0000
-298.2508 0.0000
-298.6571 0.0000
-298.1827 0.0000
-298.0124 0.0000
-298.0089 0.0000
-297.7642 0.0000
-297.8413 0.0000
-299.0088 0.0000
-298.1263 0.0000
-298.3019 0.0000
-298.5621 0.0000
-298.7933 0.0000
-298.3012 0.0000
-298.0877 0.0000
-298.4105 0.0000
-297.3519 0.0000
-297.9041 0.0000
-297.3155 0.0000
-297.1626 0.0000
-296.6116 0.0000
-296.0597 0.0000
-295.9523 0.0000
-296.5060 0.0000
-295.9693 0.0000
-296.0197 0.0000
-295.9117 0.0000
-295.5516 0.0000
-296.0775 0.0000
-295.7312 0.0000
-295.8372 0.0000
-295.7035 0.0000
-297.0874 0.0000
-296.5276 0.0000
-295.4193 0.0000
-295.7387 0.0000
-295.6787 0.0000
-295.2844 0.0000
-296.1161 0.0000
-296.1745 0.0000
-296.0697 0.0000
-296.6722 0.0000
-296.3204 0.0000
-296.3380 0.0000
-296.3057 0.0000
-296.2283 0.0000
-296.6955 0.0000
-296.7850 0.0000
-305.9992 0.0000
-305.9321 0.0000
-307.0052 0.0000
-304.6522 0.0000
-306.5649 0.0000
-305.3543 0.0000
-305.9565 0.0000
-305.4517 0.0000
-305.8078 0.0000
-305.5145 0.0000
-307.2081 0.0000
-307.2215 0.0000
-305.5520 0.0000
-307.3295 0.0000
-306.2483 0.0000
-304.9794 0.0000
-307.4399 0.0000
-305.0875 0.0000
-307.9188 0.0000
-306.4216 0.0000
-306.1344 0.0000
-306.9910 0.0000
-306.0116 0.0000
-305.7316 0.0000
-306.9398 0.0000
-306.0488 0.0000
-306.8737 0.0000
-305.8829 0.0000
-304.6067 0.0000
-306.1470 0.0000
-306.3601 0.0000
-306.7219 0.0000
-306.0676 0.0000
-306.6755 0.0000
-306.3451 0.0000
-307.5811 0.0000
-307.2851 0.0000
-305.8998 0.0000
-305.6838 0.0000
-306.4438 0.0000
-307.8346 0.0000
-304.9828 0.0000
-306.2771 0.0000
-305.4611 0.0000
-306.4338 0.0000
-305.9391 0.0000
-305.6666 0.0000
-306.2397 0.0000
-306.5402 0.0000
-305.9835 0.0000
-306.1181 0.0000
-305.4511 0.0000
-305.6744 0.0000
-306.6937 0.0000
-306.7785 0.0000
-307.0153 0.0000
-306.5162 0.0000
-306.6865 0.0000
-306.1813 0.0000
-305.7713 0.0000
-306.0036 0.0000
-306.4691 0.0000
-305.9357 0.0000
-307.5063 0.0000
-305.1553 0.0000
-305.7756 0.0000
-305.8821 0.0000
-306.9981 0.0000
-305.9225 0.0000
-305.3804 0.0000
-305.2158 0.0000
-307.1682 0.0000
-305.9147 0.0000
-306.4328 0.0000
-305.3419 0.0000
-305.9893 0.0000
-306.4069 0.0000
-307.7938 0.0000
-305.8940 0.0000
-307.6614 0.0000
-307.1039 0.0000
-306.5002 0.0000
-307.2269 0.0000
-306.1688 0.0000
-305.3465 0.0000
-306.7919 0.0000
-306.0186 0.0000
-305.3411 0.0000
-305.4407 0.0000
-306.7059 0.0000
-305.7580 0.0000
-306.4982 0.0000
-305.5374 0.0000
-306.3639 0.0000
-307.2921 0.0000
-307.4431 0.0000
-306.0514 0.0000
-306.5267 0.0000
-308.1100 0.0000
-305.1346 0.0000
-296.5524 0.0000
-296.6764 0.0000
-297.6846 0.0000
-296.9510 0.0000
-296.5311 0.0000
-297.3566 0.0000
-297.5246 0.0000
-297.7748 0.0000
-296.4908 0.0000
-297.2239 0.0000
-297.1789 0.0000
-296.8789 0.0000
-296.9889 0.0000
-296.8818 0.0000
-297.3201 0.0000
-296.8719 0.0000
-296.4001 0.0000
-297.5502 0.0000
-296.9286 0.0000
-296.6451 0.0000
-297.4262 0.0000
-296.3677 0.0000
-296.6406 0.0000
-297.2603 0.0000
-296.9312 0.0000
-296.6715 0.0000
-296.4746 0.0000
-295.9119 0.0000
-297.3545 0.0000
-295.9428 0.0000
-295.9070 0.0000
-296.6269 0.0000
-296.7563 0.0000
-297.0860 0.0000
-296.9145 0.0000
-296.6207 0.0000
-297.5288 0.0000
-296.1100 0.0000
-296.6945 0.0000
-296.5828 0.0000
-295.8483 0.0000
-295.3727 0.0000
-295.7332 0.0000
-295.1379 0.0000
-295.8749 0.0000
-295.8496 0.0000
-295.2450 0.0000
-295.6622 0.0000
-295.0837 0.0000
-295.2531 0.0000
-294.7600 0.0000
-294.7898 0.0000
-295.3428 0.0000
-293.8373 0.0000
-293.9547 0.0000
-294.5456 0.0000
-293.1553 0.0000
-292.7927 0.0000
-292.5736 0.0000
-293.0979 0.0000
-293.0397 0.0000
-292.6839 0.0000
-292.3164 0.0000
-293.5683 0.0000
-293.3127 0.0000
-293.4966 0.0000
-293.2481 0.0000
-293.3294 0.0000
-292.4151 0.0000
-292.4987 0.0000
-292.6076 0.0000
-292.6089 0.0000
-292.3008 0.0000
-292.1563 0.0000
-293.1503 0.0000
-292.0947 0.0000
-291.5594 0.0000
-292.1363 0.0000
-293.2127 0.0000
-292.9252 0.0000
-292.3101 0.0000
-292.0819 0.0000
-292.3271 0.0000
-292.4243 0.0000
-293.3047 0.0000
-292.4949 0.0000
-292.1573 0.0000
-292.6189 0.0000
-292.3993 0.0000
-292.7475 0.0000
-292.3662 0.0000
-292.9421 0.0000
-292.1552 0.0000
-292.9143 0.0000
-293.6282 0.0000
-292.5065 0.0000
-293.3551 0.0000
-293.0235 0.0000
-293.7819 0.0000
-293.3336 0.0000
-304.5197 0.0000
-305.8680 0.0000
-305.3146 0.0000
-305.9950 0.0000
-304.7014 0.0000
-305.8322 0.0000
-305.7495 0.0000
-305.1081 0.0000
-305.0324 0.0000
-306.3927 0.0000
-304.9493 0.0000
-305.0372 0.0000
-304.8755 0.0000
-304.7754 0.0000
-307.1120 0.0000
-305.2685 0.0000
-305.5348 0.0000
-306.2992 0.0000
-307.2942 0.0000
-305.1985 0.0000
-306.0641 0.0000
-304.6412 0.0000
-307.0212 0.0000
-304.7465 0.0000
-305.2064 0.0000
-304.2497 0.0000
-306.2810 0.0000
-306.4818 0.0000
-304.6565 0.0000
-305.2008 0.0000
-305.4326 0.0000
-304.6621 0.0000
-306.5386 0.0000
-305.7823 0.0000
-305.2113 0.0000
-305.7980 0.0000
-306.0527 0.0000
-306.0447 0.0000
-306.4032 0.0000
-305.1845 0.0000
-305.7269 0.0000
-304.4920 0.0000
-307.0755 0.0000
-304.6611 0.0000
-305.3404 0.0000
-305.8471 0.0000
-305.4599 0.0000
-307.0000 0.0000
-305.1111 0.0000
-306.7927 0.0000
-305.9751 0.0000
-306.3353 0.0000
-305.9946 0.0000
-305.5325 0.0000
-304.2856 0.0000
-305.8763 0.0000
-306.8849 0.0000
-304.4129 0.0000
-304.4964 0.0000
-306.7382 0.0000
-303.6247 0.0000
-305.6877 0.0000
-306.8122 0.0000
-304.8945 0.0000
-306.9603 0.0000
-307.9026 0.0000
-305.3441 0.0000
-305.5574 0.0000
-306.3944 0.0000
-305.6921 0.0000
-305.3049 0.0000
-306.0481 0.0000
-304.7669 0.0000
-306.6930 0.0000
-305.7597 0.0000
-304.0768 0.0000
-305.7123 0.0000
-306.6511 0.0000
-306.0766 0.0000
-305.7995 0.0000
-303.1940 0.0000
-304.8548 0.0000
-306.2234 0.0000
-304.4857 0.0000
-303.9062 0.0000
-306.0578 0.0000
-304.8156 0.0000
-307.0254 0.0000
-306.7059 0.0000
-304.7441 0.0000
-302.8910 0.0000
-304.8330 0.0000
-305.6572 0.0000
-304.4573 0.0000
-305.8077 0.0000
-305.0609 0.0000
-306.2199 0.0000
-305.7670 0.0000
-306.4151 0.0000
-305.7976 0.0000
-304.6078 0.0000
-304.9341 0.0000
-304.9143 0.0000
-305.4716 0.0000
-304.8662 0.0000
-307.5562 0.0000
-304.9542 0.0000
-306.5455 0.0000
-304.6192 0.0000
-305.1975 0.0000
-304.6642 0.0000
-306.1766 0.0000
-307.0464 0.0000
-304.5772 0.0000
-305.7746 0.0000
-304.6899 0.0000
-304.8228 0.0000
-305.1870 0.0000
-306.6699 0.0000
-305.2910 0.0000
-305.6100 0.0000
-305.8876 0.0000
-305.2519 0.0000
-306.4268 0.0000
-304.9774 0.0000
-305.6754 0.0000
-306.2783 0.0000
-305.2669 0.0000
-304.6961 0.0000
-305.3251 0.0000
-305.8541 0.0000
-304.8802 0.0000
-305.4971 0.0000
-304.8572 0.0000
-305.1898 0.0000
-304.8197 0.0000
-304.8490 0.0000
-306.5689 0.0000
-305.6598 0.0000
-305.8062 0.0000
-305.4734 0.0000
-304.4854 0.0000
-306.2631 0.0000
-305.1790 0.0000
-305.6868 0.0000
-306.3634 0.0000
-305.8517 0.0000
-306.5158 0.0000
-303.5765 0.0000
-304.5940 0.0000
-306.2239 0.0000
-306.2624 0.0000
-304.7404 0.0000
-306.1065 0.0000
-304.8748 0.0000
-307.4420 0.0000
-304.8737 0.0000
-305.5808 0.0000
-306.3701 0.0000
-305.4337 0.0000
-306.5394 0.0000
-306.1861 0.0000
-304.9425 0.0000
-307.0116 0.0000
-307.5493 0.0000
-305.3196 0.0000
-305.3862 0.0000
-305.8930 0.0000
-305.5701 0.0000
-304.9986 0.0000
-306.4413 0.0000
-304.8319 0.0000
-306.0257 0.0000
-307.5199 0.0000
-304.8028 0.0000
-304.3630 0.0000
-306.7339 0.0000
-305.0526 0.0000
-306.7722 0.0000
-305.8352 0.0000
-305.6457 0.0000
-306.0047 0.0000
-305.0777 0.0000
-305.9254 0.0000
-305.0044 0.0000
-307.1536 0.0000
-305.1816 0.0000
-306.2941 0.0000
-305.8333 0.0000
-306.1335 0.0000
-304.6688 0.0000
-304.4187 0.0000
-306.2604 0.0000
-307.4482 0.0000
-306.0855 0.0000
-305.7314 0.0000
-308.0664 0.0000
-305.1624 0.0000
-305.0929 0.0000
-306.3688 0.0000
-306.4235 0.0000
-305.8977 0.0000
-304.4607 0.0000
-306.6448 0.0000
-305.0851 0.0000
-306.1148 0.0000
-305.2441 0.0000
-305.7213 0.0000
-305.9561 0.0000
-305.4141 0.0000
-307.0011 0.0000
-305.3404 0.0000
-305.6800 0.0000
-305.6413 0.0000
-304.7890 0.0000
-305.8641 0.0000
-305.4749 0.0000
-305.7626 0.0000
-304.3442 0.0000
-304.9643 0.0000
-306.0925 0.0000
-305.5726 0.0000
-305.2744 0.0000
-305.2652 0.0000
-305.9930 0.0000
-306.2334 0.0000
-304.4094 0.0000
-304.9302 0.0000
-306.0921 0.0000
-305.2183 0.0000
-306.2304 0.0000
-304.8692 0.0000
-304.9095 0.0000
-304.6757 0.0000
-306.3647 0.0000
-304.4058 0.0000
-306.7386 0.0000
-307.4266 0.0000
-305.1360 0.0000
-305.9698 0.0000
-306.8224 0.0000
-306.2722 0.0000
-305.0801 0.0000
-305.2258 0.0000
-305.3816 0.0000
-304.7460 0.0000
-305.5085 0.0000
-304.8816 0.0000
-304.4752 0.0000
-305.0000 0.0000
-304.0376 0.0000
-304.0635 0.0000
-305.3528 0.0000
-304.4131 0.0000
-302.6681 0.0000
-302.5866 0.0000
-304.1135 0.0000
-301.8948 0.0000
-302.9813 0.0000
-302.9929 0.0000
-302.8250 0.0000
-303.8147 0.0000
-304.4725 0.0000
-304.4163 0.0000
-303.9719 0.0000
-304.5537 0.0000
-303.8790 0.0000
-304.7580 0.0000
-304.2452 0.0000
-305.8870 0.0000
-305.7986 0.0000
-307.3366 0.0000
-305.5651 0.0000
-306.3128 0.0000
-305.1053 0.0000
-305.0815 0.0000
-305.2459 0.0000
-305.4073 0.0000
-304.8874 0.0000
-306.3266 0.0000
-305.2744 0.0000
-305.2647 0.0000
-304.8861 0.0000
-306.3488 0.0000
-306.6110 0.0000
-306.7530 0.0000
-307.8390 0.0000
-305.5117 0.0000
-306.2966 0.0000
-305.2854 0.0000
-305.5192 0.0000
-307.9562 0.0000
-304.9049 0.0000
-306.8418 0.0000
-306.3734 0.0000
-305.9935 0.0000
-304.9715 0.0000
-305.9296 0.0000
-306.2430 0.0000
-306.7902 0.0000
-307.0883 0.0000
-306.1439 0.0000
-305.9808 0.0000
-305.2582 0.0000
-306.1771 0.0000
-305.4983 0.0000
-306.4541 0.0000
-305.6579 0.0000
-305.5627 0.0000
-304.9896 0.0000
-305.6901 0.0000
-304.7039 0.0000
-304.9425 0.0000
-304.7760 0.0000
-303.2375 0.0000
-303.8664 0.0000
-303.1249 0.0000
-304.1497 0.0000
-302.6464 0.0000
-302.1686 0.0000
-304.0563 0.0000
-304.1207 0.0000
-304.0362 0.0000
-304.1435 0.0000
-303.3314 0.0000
-303.5417 0.0000
-302.4182 0.0000
-304.0310 0.0000
-303.9761 0.0000
-303.8468 0.0000
-304.9560 0.0000
-305.5741 0.0000
-304.5431 0.0000
-305.0266 0.0000
-304.8129 0.0000
-304.6771 0.0000
-304.3211 0.0000
-303.7364 0.0000
-303.8297 0.0000
-303.5944 0.0000
-304.2402 0.0000
-305.1271 0.0000
-303.9089 0.0000
-304.4829 0.0000
-304.7176 0.0000
-303.9620 0.0000
-303.8801 0.0000
-303.3976 0.0000
-303.8881 0.0000
-304.5317 0.0000
-304.4108 0.0000
-304.5981 0.0000
-303.8458 0.0000
-304.2747 0.0000
-304.4740 0.0000
-304.8380 0.0000
-302.9100 0.0000
-304.1587 0.0000
-303.6738 0.0000
-303.8490 0.0000
-302.3838 0.0000
-302.3983 0.0000
-301.9770 0.0000
-303.5767 0.0000
-303.0641 0.0000
-301.5145 0.0000
-302.0010 0.0000
-300.7527 0.0000
-301.8445 0.0000
-301.9463 0.0000
-301.1630 0.0000
-301.5324 0.0000
-301.6583 0.0000
-300.9520 0.0000
-299.9393 0.0000
-299.9336 0.0000
-300.3631 0.0000
-299.6820 0.0000
-299.6092 0.0000
-298.8511 0.0000
-298.5555 0.0000
-298.5238 0.0000
-298.6305 0.0000
-299.1692 0.0000
-299.4840 0.0000
-300.0565 0.0000
-300.3149 0.0000
-300.3358 0.0000
-299.7605 0.0000
-299.9401 0.0000
-299.5802 0.0000
-300.3227 0.0000
-299.7591 0.0000
-300.3626 0.0000
-299.9307 0.0000
-299.8181 0.0000
-299.3522 0.0000
-299.3620 0.0000
-298.9517 0.0000
-298.6879 0.0000
-299.0303 0.0000
-298.9036 0.0000
-299.1902 0.0000
-299.7829 0.0000
-299.4891 0.0000
-299.8553 0.0000
-299.4194 0.0000
-299.6873 0.0000
-299.5324 0.0000
-299.6786 0.0000
-300.1946 0.0000
-299.3502 0.0000
-299.5033 0.0000
-299.6986 0.0000
-299.6537 0.0000
-299.6868 0.0000
-300.3127 0.0000
-299.9972 0.0000
-299.9830 0.0000
-299.9485 0.0000
-300.1033 0.0000
-300.1560 0.0000
-299.4603 0.0000
-299.6535 0.0000
-300.4958 0.0000
-299.8683 0.0000
-299.3415 0.0000
-299.5296 0.0000
-299.8558 0.0000
-299.4392 0.0000
-299.8824 0.0000
-299.3364 0.0000
-298.9402 0.0000
-299.0529 0.0000
-298.8541 0.0000
-299.2816 0.0000
-298.9412 0.0000
-298.6803 0.0000
-299.8707 0.0000
-299.5626 0.0000
-299.4997 0.0000
-299.7066 0.0000
-300.0717 0.0000
-300.0558 0.0000
-300.2616 0.0000
-300.3776 0.0000
-299.9562 0.0000
-300.0808 0.0000
-300.4929 0.0000
-300.6348 0.0000
-300.9486 0.0000
-301.3831 0.0000
-300.8398 0.0000
-301.4826 0.0000
-302.3351 0.0000
-301.6166 0.0000
-301.6829 0.0000
-300.9628 0.0000
-300.9457 0.0000
-301.0447 0.0000
-301.1893 0.0000
-301.1172 0.0000
-301.8994 0.0000
-301.3668 0.0000
-302.0367 0.0000
-301.8208 0.0000
-301.9552 0.0000
-302.3045 0.0000
-303.1634 0.0000
-302.2882 0.0000
-302.9938 0.0000
-303.4863 0.0000
-303.6391 0.0000
-303.6410 0.0000
-303.9106 0.0000
-303.2373 0.0000
-303.3584 0.0000
-304.3833 0.0000
-303.8986 0.0000
-302.8990 0.0000
-302.6554 0.0000
-303.7362 0.0000
-302.3406 0.0000
-301.4979 0.0000
-302.1211 0.0000
-302.6435 0.0000
-301.6342 0.0000
-301.7876 0.0000
-301.3715 0.0000
-301.6583 0.0000
-301.8495 0.0000
-301.0990 0.0000
-301.0869 0.0000
-302.3754 0.0000
-301.6075 0.0000
-302.4707 0.0000
-301.2324 0.0000
-301.3302 0.0000
-300.6170 0.0000
-300.7205 0.0000
-300.5950 0.0000
-300.3799 0.0000
-300.9154 0.0000
-300.3035 0.0000
-300.6513 0.0000
-300.6033 0.0000
-300.4809 0.0000
-299.3966 0.0000
-298.9569 0.0000
-299.5618 0.0000
-299.1617 0.0000
-299.8847 0.0000
-300.1380 0.0000
-300.6840 0.0000
-299.8022 0.0000
-301.6152 0.0000
-300.6258 0.0000
-300.3558 0.0000
-300.2313 0.0000
-300.6793 0.0000
-300.5542 0.0000
-300.0295 0.0000
-299.3442 0.0000
-299.1058 0.0000
-300.0630 0.0000
-300.0018 0.0000
-301.0863 0.0000
-299.9965 0.0000
-300.3372 0.0000
-299.9702 0.0000
-300.1913 0.0000
-299.8101 0.0000
-299.8333 0.0000
-299.9163 0.0000
-299.5846 0.0000
-299.6041 0.0000
-299.4367 0.0000
-299.4301 0.0000
-300.0044 0.0000
-299.5706 0.0000
-299.6806 0.0000
-299.0413 0.0000
-300.2941 0.0000
-299.3664 0.0000
-300.4352 0.0000
-299.6617 0.0000
-300.0309 0.0000
-298.9411 0.0000
-299.5121 0.0000
-300.1258 0.0000
-299.7572 0.0000
-299.8750 0.0000
-299.6463 0.0000
-300.1395 0.0000
-300.0637 0.0000
-300.1715 0.0000
-299.7829 0.0000
-299.5535 0.0000
-300.1699 0.0000
-300.2286 0.0000
-300.5350 0.0000
-300.2602 0.0000
-300.8894 0.0000
-300.3929 0.0000
-300.5029 0.0000
-301.0994 0.0000
-300.6166 0.0000
-300.2163 0.0000
-300.6503 0.0000
-300.6712 0.0000
-301.1672 0.0000
-301.9552 0.0000
-302.4091 0.0000
-302.5285 0.0000
-303.5834 0.0000
-303.8897 0.0000
-303.3192 0.0000
-303.6163 0.0000
-305.2901 0.0000
-303.5407 0.0000
-303.4177 0.0000
-303.5462 0.0000
-304.0783 0.0000
-302.8528 0.0000
-302.0034 0.0000
-302.3530 0.0000
-303.1381 0.0000
-302.1406 0.0000
-301.3071 0.0000
-301.2950 0.0000
-300.9267 0.0000
-301.1577 0.0000
-301.2440 0.0000
-302.1054 0.0000
-300.5220 0.0000
-301.3076 0.0000
-301.4553 0.0000
-301.5140 0.0000
-301.7566 0.0000
-301.0736 0.0000
-302.4065 0.0000
-302.1551 0.0000
-301.3144 0.0000
-301.6180 0.0000
-301.8407 0.0000
-301.2039 0.0000
-301.0589 0.0000
-301.2916 0.0000
-301.2340 0.0000
-300.1570 0.0000
-300.3989 0.0000
-301.2556 0.0000
-300.6330 0.0000
-301.0468 0.0000
-300.4714 0.0000
-301.9060 0.0000
-300.9166 0.0000
-301.2378 0.0000
-300.4511 0.0000
-300.4959 0.0000
-301.3689 0.0000
-301.5387 0.0000
-301.8228 0.0000
-300.9403 0.0000
-301.7361 0.0000
-302.4783 0.0000
-302.3797 0.0000
-301.7698 0.0000
-301.8061 0.0000
-301.2127 0.0000
-301.9059 0.0000
-300.8779 0.0000
-301.6768 0.0000
-301.8744 0.0000
-301.8214 0.0000
-302.5596 0.0000
-303.2088 0.0000
-301.8094 0.0000
-302.6429 0.0000
-303.1189 0.0000
-303.7654 0.0000
-302.5521 0.0000
-302.0466 0.0000
-302.2887 0.0000
-302.0045 0.0000
-301.3367 0.0000
-302.5617 0.0000
-301.8053 0.0000
-301.3829 0.0000
-301.0460 0.0000
-301.4901 0.0000
-300.4137 0.0000
-300.2549 0.0000
-300.5689 0.0000
-299.2380 0.0000
-299.4899 0.0000
-299.3545 0.0000
-299.5484 0.0000
-299.5904 0.0000
-299.8332 0.0000
-299.1994 0.0000
-298.8993 0.0000
-298.4854 0.0000
-298.5658 0.0000
-298.5809 0.0000
-298.3666 0.0000
-298.6600 0.0000
-298.8425 0.0000
-298.6779 0.0000
-299.9107 0.0000
-299.6361 0.0000
-300.5761 0.0000
-299.1648 0.0000
-299.7569 0.0000
-298.2735 0.0000
-298.7591 0.0000
-298.8100 0.0000
-299.5448 0.0000
-299.9210 0.0000
-299.0787 0.0000
-299.8179 0.0000
-300.0108 0.0000
-300.3726 0.0000
-300.3761 0.0000
-300.1176 0.0000
-300.5823 0.0000
-300.6719 0.0000
-299.5736 0.0000
-299.6264 0.0000
-299.4525 0.0000
-298.9113 0.0000
-300.2228 0.0000
-300.1937 0.0000
-300.1728 0.0000
-300.2652 0.0000
-300.0779 0.0000
-298.8421 0.0000
-299.5485 0.0000
-299.5997 0.0000
-299.3884 0.0000
-297.1918 0.0000
-296.6517 0.0000
-297.0422 0.0000
-295.9574 0.0000
-297.3698 0.0000
-297.4081 0.0000
-297.1087 0.0000
-297.9492 0.0000
-298.4058 0.0000
-298.3215 0.0000
-298.6237 0.0000
-299.3832 0.0000
-299.6080 0.0000
-298.5909 0.0000
-298.8602 0.0000
-299.7792 0.0000
-300.1412 0.0000
-299.5548 0.0000
-299.5356 0.0000
-299.8778 0.0000
-299.9768 0.0000
-298.3353 0.0000
-298.4076 0.0000
-297.5977 0.0000
-298.1935 0.0000
-298.0974 0.0000
-298.0696 0.0000
-297.9090 0.0000
-297.4438 0.0000
-297.9460 0.0000
-297.3267 0.0000
-296.9268 0.0000
-297.6706 0.0000
-298.0941 0.0000
-297.9342 0.0000
-297.3484 0.0000
-297.8355 0.0000
-298.1928 0.0000
-297.3907 0.0000
-298.1459 0.0000
-298.0688 0.0000
-298.4266 0.0000
-298.8408 0.0000
-298.2872 0.0000
-297.9488 0.0000
-297.5714 0.0000
-298.3579 0.0000
-298.9882 0.0000
-299.2164 0.0000
-298.7815 0.0000
-298.8507 0.0000
-298.6656 0.0000
-298.1080 0.0000
-299.4464 0.0000
-297.8595 0.0000
-298.3172 0.0000
-298.8006 0.0000
-297.6959 0.0000
-298.1432 0.0000
-298.0274 0.0000
-297.9083 0.0000
-298.9810 0.0000
-298.6292 0.0000
-299.1020 0.0000
-298.8324 0.0000
-298.5792 0.0000
-298.7323 0.0000
-298.8953 0.0000
-299.0508 0.0000
-298.9361 0.0000
-299.2038 0.0000
-299.2159 0.0000
-298.8275 0.0000
-298.9443 0.0000
-299.8359 0.0000
-299.1864 0.0000
-298.5534 0.0000
-298.7176 0.0000
-299.1310 0.0000
-299.3161 0.0000
-298.9179 0.0000
-298.5786 0.0000
-299.0234 0.0000
-299.0269 0.0000
-298.4870 0.0000
-299.0222 0.0000
-298.3492 0.0000
-298.1733 0.0000
-299.3245 0.0000
-299.2102 0.0000
-300.2662 0.0000
-299.0483 0.0000
-299.2303 0.0000
-298.9551 0.0000
-298.9869 0.0000
-299.4663 0.0000
-299.4744 0.0000
-299.3844 0.0000
-298.7699 0.0000
-299.4036 0.0000
-299.7987 0.0000
-300.8013 0.0000
-298.3835 0.0000
-299.0439 0.0000
-298.8502 0.0000
-299.8172 0.0000
-299.1807 0.0000
-299.5905 0.0000
-299.3007 0.0000
-298.8660 0.0000
-298.8908 0.0000
-299.1891 0.0000
-299.6154 0.0000
-298.6402 0.0000
-299.2770 0.0000
-299.2207 0.0000
-300.0762 0.0000
-299.9288 0.0000
-298.6480 0.0000
-300.7507 0.0000
-299.5176 0.0000
-299.1617 0.0000
-298.7291 0.0000
-299.7170 0.0000
-299.1569 0.0000
-299.9194 0.0000
-299.9077 0.0000
-299.7121 0.0000
-299.0570 0.0000
-299.7747 0.0000
-300.2462 0.0000
-300.5632 0.0000
-298.7521 0.0000
-298.8747 0.0000
-299.3065 0.0000
-298.1989 0.0000
-298.6088 0.0000
-298.0010 0.0000
-298.1082 0.0000
-297.7958 0.0000
-298.1061 0.0000
-298.3515 0.0000
-298.8843 0.0000
-298.7569 0.0000
-298.3127 0.0000
-298.0194 0.0000
-299.0994 0.0000
-298.1277 0.0000
-298.0122 0.0000
-298.3441 0.0000
-297.8782 0.0000
-297.4784 0.0000
-298.7678 0.0000
-297.5678 0.0000
-298.4288 0.0000
-297.8077 0.0000
-297.5837 0.0000
-297.6549 0.0000
-297.8276 0.0000
-296.9885 0.0000
-296.7890 0.0000
-296.2122 0.0000
-295.7595 0.0000
-295.8875 0.0000
-295.8988 0.0000
-295.1481 0.0000
-295.4859 0.0000
-295.5476 0.0000
-295.3058 0.0000
-295.8782 0.0000
-295.5692 0.0000
-294.8608 0.0000
-294.7816 0.0000
-295.8853 0.0000
-295.5665 0.0000
-295.1198 0.0000
-294.2917 0.0000
-294.7708 0.0000
-295.0592 0.0000
-294.1712 0.0000
-293.9150 0.0000
-294.1626 0.0000
-294.4053 0.0000
-293.8992 0.0000
-294.7130 0.0000
-295.2630 0.0000
-294.4397 0.0000
-294.3060 0.0000
-294.5909 0.0000
-294.1130 0.0000
-294.7888 0.0000
-295.5423 0.0000
-294.6289 0.0000
-294.6959 0.0000
-295.6401 0.0000
-295.5286 0.0000
-295.3007 0.0000
-294.5414 0.0000
-295.7334 0.0000
-294.3027 0.0000
-306.4126 0.0000
-308.0569 0.0000
-306.1560 0.0000
-307.3854 0.0000
-306.8000 0.0000
-308.4975 0.0000
-305.3367 0.0000
-308.9793 0.0000
-304.8567 0.0000
-305.3744 0.0000
-306.7793 0.0000
-305.9812 0.0000
-306.7303 0.0000
-306.3726 0.0000
-306.0495 0.0000
-307.5930 0.0000
-305.8246 0.0000
-305.0979 0.0000
-305.6853 0.0000
-305.8873 0.0000
-305.3711 0.0000
-306.3175 0.0000
-306.7377 0.0000
-306.0771 0.0000
-306.9194 0.0000
-305.5302 0.0000
-306.7710 0.0000
-307.9445 0.0000
-305.1859 0.0000
-307.4145 0.0000
-306.5338 0.0000
-307.2477 0.0000
-306.1944 0.0000
-306.4820 0.0000
-306.5478 0.0000
-305.9491 0.0000
-305.2316 0.0000
-307.0393 0.0000
-306.7274 0.0000
-306.7627 0.0000
-307.4481 0.0000
-306.6235 0.0000
-306.5006 0.0000
-306.5933 0.0000
-308.1675 0.0000
-307.5247 0.0000
-304.5864 0.0000
-307.3890 0.0000
-306.8959 0.0000
-306.4730 0.0000
-306.7820 0.0000
-307.8079 0.0000
-306.3852 0.0000
-307.6431 0.0000
-305.7881 0.0000
-306.1063 0.0000
-307.4901 0.0000
-307.6233 0.0000
-306.4836 0.0000
-307.9227 0.0000
-305.6273 0.0000
-305.7867 0.0000
-306.4993 0.0000
-306.3142 0.0000
-305.3318 0.0000
-307.6170 0.0000
-306.3744 0.0000
-306.5586 0.0000
-306.7448 0.0000
-305.7874 0.0000
-306.2609 0.0000
-306.3287 0.0000
-306.6545 0.0000
-306.0044 0.0000
-305.7053 0.0000
-306.5371 0.0000
-307.2625 0.0000
-306.4318 0.0000
-306.6742 0.0000
-307.5935 0.0000
-306.7902 0.0000
-308.0356 0.0000
-306.9262 0.0000
-305.5723 0.0000
-306.9537 0.0000
-305.2966 0.0000
-304.8209 0.0000
-306.0006 0.0000
-306.7305 0.0000
-307.5678 0.0000
-307.8405 0.0000
-305.5279 0.0000
-306.8954 0.0000
-306.6842 0.0000
-306.4791 0.0000
-308.6349 0.0000
-306.1138 0.0000
-306.9298 0.0000
-307.1115 0.0000
-305.6949 0.0000
-306.1475 0.0000
-305.9311 0.0000
-307.9628 0.0000
-306.8869 0.0000
-305.5975 0.0000
-307.4331 0.0000
-307.3871 0.0000
-306.2439 0.0000
-306.7201 0.0000
-304.1637 0.0000
-306.1986 0.0000
-307.5456 0.0000
-305.4043 0.0000
-305.8706 0.0000
-306.3986 0.0000
-306.1693 0.0000
-306.4259 0.0000
-305.6618 0.0000
-306.4660 0.0000
-307.9950 0.0000
-306.4552 0.0000
-306.7165 0.0000
-306.7815 0.0000
-305.9289 0.0000
-306.2619 0.0000
-307.5875 0.0000
-305.4359 0.0000
-306.9125 0.0000
-306.9047 0.0000
-307.2852 0.0000
-305.8432 0.0000
-305.7919 0.0000
-306.1822 0.0000
-306.0007 0.0000
-306.2614 0.0000
-307.3187 0.0000
-305.9793 0.0000
-306.7558 0.0000
-305.7939 0.0000
-306.0981 0.0000
-307.1689 0.0000
-306.8474 0.0000
-306.8393 0.0000
-307.5797 0.0000
-306.4630 0.0000
-306.6702 0.0000
-307.8645 0.0000
-306.5267 0.0000
-306.9924 0.0000
-305.4519 0.0000
-307.0569 0.0000
-306.2506 0.0000
-306.7054 0.0000
-305.3118 0.0000
-307.1908 0.0000
-305.6913 0.0000
-305.1781 0.0000
-307.3458 0.0000
-307.1376 0.0000
-307.8254 0.0000
-306.9506 0.0000
-306.8575 0.0000
-305.8687 0.0000
-306.1032 0.0000
-306.5502 0.0000
-305.2031 0.0000
-305.0806 0.0000
-306.7430 0.0000
-306.6560 0.0000
-306.9289 0.0000
-307.0181 0.0000
-306.2436 0.0000
-306.1693 0.0000
-306.0615 0.0000
-305.9265 0.0000
-305.7833 0.0000
-306.5627 0.0000
-305.3723 0.0000
-306.0227 0.0000
-306.9334 0.0000
-307.3127 0.0000
-308.1812 0.0000
-306.9080 0.0000
-307.3237 0.0000
-304.5980 0.0000
-306.8727 0.0000
-305.8056 0.0000
-305.8399 0.0000
-305.5118 0.0000
-306.5738 0.0000
-307.2164 0.0000
-306.1374 0.0000
-307.7051 0.0000
-306.0791 0.0000
-306.0442 0.0000
-305.0792 0.0000
-305.2206 0.0000
-305.8514 0.0000
-306.9348 0.0000
-306.2125 0.0000
-304.6912 0.0000
-305.5196 0.0000
-306.0956 0.0000
-305.6139 0.0000
-306.5627 0.0000
-306.1582 0.0000
-306.8739 0.0000
-305.9229 0.0000
-305.7824 0.0000
-306.6624 0.0000
-307.4688 0.0000
-304.0106 0.0000
-306.8147 0.0000
-306.2691 0.0000
-306.7393 0.0000
-306.5819 0.0000
-306.6709 0.0000
-307.4163 0.0000
-306.0917 0.0000
-306.2732 0.0000
-306.7212 0.0000
-305.4165 0.0000
-306.4106 0.0000
-308.0020 0.0000
-305.0789 0.0000
-306.8088 0.0000
-305.9766 0.0000
-306.3263 0.0000
-306.6621 0.0000
-305.2634 0.0000
-306.7093 0.0000
-305.6985 0.0000
-306.1331 0.0000
-306.2963 0.0000
-306.4277 0.0000
-305.9184 0.0000
-306.8438 0.0000
-308.0164 0.0000
-306.3449 0.0000
-305.9449 0.0000
-306.1254 0.0000
-305.8548 0.0000
-306.1586 0.0000
-305.6037 0.0000
-305.9636 0.0000
-306.2460 0.0000
-306.4336 0.0000
-307.0638 0.0000
-306.8272 0.0000
-305.3710 0.0000
-306.1199 0.0000
-305.7982 0.0000
-307.6210 0.0000
-306.2740 0.0000
-308.3674 0.0000
-305.5957 0.0000
-305.9331 0.0000
-306.9197 0.0000
-307.6397 0.0000
-306.1774 0.0000
-307.6871 0.0000
-307.4746 0.0000
-305.9726 0.0000
-305.6339 0.0000
-306.7642 0.0000
-305.4638 0.0000
-306.1876 0.0000
-305.6951 0.0000
-307.7792 0.0000
-307.7837 0.0000
-307.5020 0.0000
-304.1947 0.0000
-305.5437 0.0000
-307.2952 0.0000
-307.5280 0.0000
-305.0685 0.0000
-306.6276 0.0000
-305.5348 0.0000
-305.2017 0.0000
-307.2863 0.0000
-306.8106 0.0000
-306.8381 0.0000
-306.1776 0.0000
-305.2033 0.0000
-306.0881 0.0000
-306.3302 0.0000
-306.7292 0.0000
-306.9649 0.0000
-306.0592 0.0000
-307.0882 0.0000
-305.0544 0.0000
-307.6746 0.0000
-307.7506 0.0000
-304.3910 0.0000
-306.1129 0.0000
-305.5807 0.0000
-306.2994 0.0000
-305.3855 0.0000
-308.0270 0.0000
-306.9103 0.0000
-306.3455 0.0000
-304.8715 0.0000
-306.6488 0.0000
-305.1846 0.0000
-306.1825 0.0000
-305.2353 0.0000
-308.1259 0.0000
-306.1568 0.0000
-305.6590 0.0000
-306.5757 0.0000
-308.3067 0.0000
-305.5395 0.0000
-306.0807 0.0000
-305.8885 0.0000
-308.1027 0.0000
-306.8278 0.0000
-306.9074 0.0000
-305.5299 0.0000
-305.9495 0.0000
-307.4935 0.0000
-307.1119 0.0000
-305.7688 0.0000
-305.3107 0.0000
-308.3658 0.0000
-307.7226 0.0000
-305.4083 0.0000
-306.1767 0.0000
-306.3595 0.0000
-306.5790 0.0000
-307.1123 0.0000
-305.9160 0.0000
-307.6492 0.0000
-307.1061 0.0000
-306.5245 0.0000
-304.8070 0.0000
-307.1179 0.0000
-306.3833 0.0000
-307.4304 0.0000
-307.1677 0.0000
-305.1020 0.0000
-306.9273 0.0000
-307.0655 0.0000
-305.0743 0.0000
-306.3837 0.0000
-304.8537 0.0000
-306.4985 0.0000
-307.4784 0.0000
-305.2965 0.0000
-306.1981 0.0000
-307.2141 0.0000
-305.9377 0.0000
-307.5096 0.0000
-305.9531 0.0000
-307.1597 0.0000
-307.7162 0.0000
-306.0001 0.0000
-306.1233 0.0000
-306.9467 0.0000
-304.5716 0.0000
-306.0345 0.0000
-306.1863 0.0000
-307.1368 0.0000
-308.5477 0.0000
-306.7776 0.0000
-304.9867 0.0000
-305.9618 0.0000
-306.6968 0.0000
-305.2580 0.0000
-305.8941 0.0000
-305.9708 0.0000
-305.7741 0.0000
-308.7196 0.0000
-307.8213 0.0000
-306.5199 0.0000
-306.9883 0.0000
-306.2353 0.0000
-306.0833 0.0000
-307.7164 0.0000
-307.0419 0.0000
-307.0813 0.0000
-307.4096 0.0000
-306.7987 0.0000
-306.8661 0.0000
-307.1010 0.0000
-305.9850 0.0000
-306.6395 0.0000
-306.2842 0.0000
-306.2966 0.0000
-305.1702 0.0000
-304.5344 0.0000
-306.3838 0.0000
-305.4020 0.0000
-307.8154 0.0000
-307.7202 0.0000
-307.6904 0.0000
-306.5552 0.0000
-308.1019 0.0000
-305.5685 0.0000
-306.5331 0.0000
-306.5459 0.0000
-294.2495 0.0000
-295.4616 0.0000
-294.6409 0.0000
-295.1028 0.0000
-295.5629 0.0000
-295.0040 0.0000
-295.2922 0.0000
-294.2888 0.0000
-294.2606 0.0000
-295.4304 0.0000
-294.2780 0.0000
-294.9822 0.0000
-294.7114 0.0000
-294.0764 0.0000
-294.1316 0.0000
-294.1169 0.0000
-294.5849 0.0000
-295.2302 0.0000
-295.8004 0.0000
-295.9953 0.0000
-294.8824 0.0000
-295.4239 0.0000
-295.5095 0.0000
-294.6722 0.0000
-294.9391 0.0000
-294.9908 0.0000
-295.3470 0.0000
-296.3055 0.0000
-296.1978 0.0000
-296.5283 0.0000
-295.5966 0.0000
-296.3201 0.0000
-296.4452 0.0000
-296.3865 0.0000
-297.3962 0.0000
-297.7214 0.0000
-296.8466 0.0000
-296.2458 0.0000
-296.5396 0.0000
-296.6217 0.0000
-296.6426 0.0000
-296.6462 0.0000
-296.7090 0.0000
-295.9615 0.0000
-296.1263 0.0000
-295.3923 0.0000
-295.4072 0.0000
-295.7039 0.0000
-295.9895 0.0000
-295.7559 0.0000
-296.3587 0.0000
-296.0214 0.0000
-296.3879 0.0000
-295.9246 0.0000
-296.0387 0.0000
-296.4633 0.0000
-296.8372 0.0000
-296.8578 0.0000
-296.4742 0.0000
-296.6698 0.0000
-297.4155 0.0000
-297.1566 0.0000
-296.4893 0.0000
-296.4768 0.0000
-295.6891 0.0000
-296.3256 0.0000
-296.5861 0.0000
-297.1686 0.0000
-296.7271 0.0000
-296.0832 0.0000
-295.8380 0.0000
-296.7700 0.0000
-296.5362 0.0000
-297.0154 0.0000
-297.2789 0.0000
-298.0132 0.0000
-297.9254 0.0000
-297.5023 0.0000
-297.7194 0.0000
-297.5991 0.0000
-298.2011 0.0000
-298.9080 0.0000
-299.9445 0.0000
-299.8931 0.0000
-300.4746 0.0000
-300.7064 0.0000
-300.5984 0.0000
-300.8985 0.0000
-300.0413 0.0000
-300.4929 0.0000
-300.2320 0.0000
-299.8792 0.0000
-300.3517 0.0000
-300.0732 0.0000
-299.6101 0.0000
-299.7290 0.0000
-299.3091 0.0000
-300.6789 0.0000
-300.1200 0.0000
-301.3223 0.0000
-300.3993 0.0000
-301.0301 0.0000
-299.9694 0.0000
-300.1101 0.0000
-300.5407 0.0000
-300.4440 0.0000
-300.6562 0.0000
-301.2006 0.0000
-301.0087 0.0000
-300.8124 0.0000
-301.6847 0.0000
-302.1284 0.0000
-301.5614 0.0000
-302.2029 0.0000
-302.1136 0.0000
-302.2329 0.0000
-301.9527 0.0000
-301.8862 0.0000
-300.8971 0.0000
-299.7290 0.0000
-301.3787 0.0000
-301.5590 0.0000
-300.7952 0.0000
-300.9041 0.0000
-301.7241 0.0000
-301.2373 0.0000
-301.5838 0.0000
-302.1229 0.0000
-302.4418 0.0000
-302.3847 0.0000
-302.1839 0.0000
-301.8282 0.0000
-301.9377 0.0000
-301.9095 0.0000
-301.4371 0.0000
-302.2967 0.0000
-301.9250 0.0000
-301.1062 0.0000
-301.1068 0.0000
-301.7007 0.0000
-301.3543 0.0000
-301.9824 0.0000
-301.0430 0.0000
-301.3311 0.0000
-301.6500 0.0000
-302.5703 0.0000
-301.4783 0.0000
-302.8053 0.0000
-302.9041 0.0000
-302.3647 0.0000
-302.7499 0.0000
-302.8065 0.0000
-302.4341 0.0000
-301.5581 0.0000
-303.0573 0.0000
-302.8321 0.0000
-303.3972 0.0000
-303.4995 0.0000
-303.1735 0.0000
-302.7395 0.0000
-303.0797 0.0000
-303.4172 0.0000
-302.5251 0.0000
-302.3014 0.0000
-302.1878 0.0000
-302.5549 0.0000
-302.3753 0.0000
-303.3677 0.0000
-303.6912 0.0000
-301.5536 0.0000
-303.2348 0.0000
-304.9440 0.0000
-304.5139 0.0000
-303.1959 0.0000
-305.5353 0.0000
-304.6429 0.0000
-304.8418 0.0000
-304.7879 0.0000
-305.4937 0.0000
-304.1883 0.0000
-305.2346 0.0000
-302.8801 0.0000
-303.3960 0.0000
-304.5791 0.0000
-303.8322 0.0000
-303.3378 0.0000
-303.0894 0.0000
-303.3071 0.0000
-303.7700 0.0000
-304.1596 0.0000
-305.5206 0.0000
-303.6673 0.0000
-305.5471 0.0000
-304.9264 0.0000
-303.7960 0.0000
-304.6647 0.0000
-305.0443 0.0000
-303.3226 0.0000
-303.5080 0.0000
-302.7588 0.0000
-293.8852 0.0000
-292.6356 0.0000
-293.5068 0.0000
-294.1138 0.0000
-294.7070 0.0000
-293.6200 0.0000
-295.6001 0.0000
-294.7549 0.0000
-294.6600 0.0000
-294.5064 0.0000
-294.9686 0.0000
-295.1140 0.0000
-294.3261 0.0000
-293.3327 0.0000
-294.2549 0.0000
-293.4544 0.0000
-292.8635 0.0000
-294.2386 0.0000
-294.4648 0.0000
-293.3916 0.0000
-292.3501 0.0000
-294.4421 0.0000
-293.0128 0.0000
-291.8668 0.0000
-291.0020 0.0000
-292.1524 0.0000
-289.9964 0.0000
-291.8672 0.0000
-293.4173 0.0000
-291.4384 0.0000
-289.6131 0.0000
-292.3710 0.0000
-292.3108 0.0000
-294.3115 0.0000
-294.0304 0.0000
-292.9821 0.0000
-293.6930 0.0000
-294.0668 0.0000
-295.0410 0.0000
-296.2386 0.0000
-296.6997 0.0000
-296.1104 0.0000
-297.8358 0.0000
-297.3538 0.0000
-298.5639 0.0000
-296.5411 0.0000
-300.2911 0.0000
-297.4144 0.0000
-297.6507 0.0000
-298.5627 0.0000
-297.6313 0.0000
-295.8628 0.0000
-295.0878 0.0000
-296.4235 0.0000
-295.5660 0.0000
-294.4674 0.0000
-295.7081 0.0000
-296.1395 0.0000
-295.6727 0.0000
-294.6389 0.0000
-295.7591 0.0000
-293.9646 0.0000
-295.3913 0.0000
-293.5765 0.0000
-292.5591 0.0000
-291.5117 0.0000
-292.9003 0.0000
-292.7712 0.0000
-293.3593 0.0000
-294.2373 0.0000
-293.1701 0.0000
-292.8590 0.0000
-293.2525 0.0000
-292.4550 0.0000
-291.3343 0.0000
-293.8337 0.0000
-293.5784 0.0000
-293.8065 0.0000
-294.3092 0.0000
-293.0609 0.0000
-294.2919 0.0000
-293.5176 0.0000
-292.2998 0.0000
-294.3606 0.0000
-292.8583 0.0000
-292.0796 0.0000
-292.5084 0.0000
-289.9719 0.0000
-289.8357 0.0000
-290.1214 0.0000
-289.9378 0.0000
-287.7366 0.0000
-289.3181 0.0000
-290.6805 0.0000
-289.9006 0.0000
-289.6237 0.0000
-290.1030 0.0000
-289.1645 0.0000
-287.7522 0.0000
-290.2327 0.0000
-306.8281 0.0000
-307.0301 0.0000
-307.5315 0.0000
-306.7717 0.0000
-307.0093 0.0000
-307.0234 0.0000
-307.4356 0.0000
-306.4907 0.0000
-307.5984 0.0000
-307.2481 0.0000
-307.8471 0.0000
-307.9428 0.0000
-307.6295 0.0000
-307.0761 0.0000
-307.3629 0.0000
-305.4540 0.0000
-307.0401 0.0000
-305.0263 0.0000
-307.3520 0.0000
-306.9893 0.0000
-306.3622 0.0000
-306.4896 0.0000
-304.7723 0.0000
-306.4777 0.0000
-307.4391 0.0000
-306.0623 0.0000
-306.0396 0.0000
-304.5093 0.0000
-307.6598 0.0000
-305.3326 0.0000
-306.9850 0.0000
-307.4212 0.0000
-305.5879 0.0000
-305.2783 0.0000
-306.4118 0.0000
-306.2578 0.0000
-307.1236 0.0000
-307.8021 0.0000
-306.0081 0.0000
-303.9898 0.0000
-306.8111 0.0000
-305.4310 0.0000
-306.4592 0.0000
-306.4712 0.0000
-305.5948 0.0000
-306.8754 0.0000
-305.9975 0.0000
-305.7656 0.0000
-306.6604 0.0000
-307.1662 0.0000
-307.1918 0.0000
-308.1410 0.0000
-306.1479 0.0000
-307.1164 0.0000
-306.1680 0.0000
-307.6924 0.0000
-307.0822 0.0000
-306.8136 0.0000
-305.4563 0.0000
-306.7332 0.0000
-306.3211 0.0000
-306.7880 0.0000
-305.6804 0.0000
-305.3489 0.0000
-306.1223 0.0000
-305.2624 0.0000
-306.9839 0.0000
-306.4123 0.0000
-305.5461 0.0000
-305.1419 0.0000
-305.4273 0.0000
-306.6409 0.0000
-307.0196 0.0000
-305.9312 0.0000
-306.6790 0.0000
-306.0624 0.0000
-305.2580 0.0000
-306.4942 0.0000
-304.0441 0.0000
-307.0038 0.0000
-307.1502 0.0000
-306.1990 0.0000
-305.6318 0.0000
-306.1633 0.0000
-305.0489 0.0000
-306.3937 0.0000
-306.7485 0.0000
-306.5244 0.0000
-304.3432 0.0000
-305.8930 0.0000
-306.3802 0.0000
-307.5052 0.0000
-306.8737 0.0000
-305.1520 0.0000
-307.1792 0.0000
-305.7162 0.0000
-306.0477 0.0000
-305.8404 0.0000
-305.9051 0.0000
-306.4149 0.0000
-305.8031 0.0000
-306.2768 0.0000
-306.9973 0.0000
-306.5808 0.0000
-304.5867 0.0000
-304.4527 0.0000
-304.4666 0.0000
-303.1860 0.0000
-304.6213 0.0000
-307.8625 0.0000
-307.1861 0.0000
-307.1304 0.0000
-307.6980 0.0000
-306.5044 0.0000
-306.0292 0.0000
-307.0291 0.0000
-306.9863 0.0000
-306.6153 0.0000
-306.7534 0.0000
-307.2849 0.0000
-308.3988 0.0000
-308.5296 0.0000
-305.1337 0.0000
-305.5304 0.0000
-306.8726 0.0000
-306.0309 0.0000
-306.7461 0.0000
-306.9921 0.0000
-307.4473 0.0000
-306.3914 0.0000
-305.4945 0.0000
-306.2362 0.0000
-306.2812 0.0000
-305.4127 0.0000
-306.1014 0.0000
-307.6677 0.0000
-307.9950 0.0000
-308.3646 0.0000
-305.5890 0.0000
-306.1483 0.0000
-305.7202 0.0000
-306.1590 0.0000
-306.0158 0.0000
-305.7806 0.0000
-306.1278 0.0000
-306.0379 0.0000
-305.6240 0.0000
-305.9716 0.0000
-306.0359 0.0000
-305.6918 0.0000
-305.4993 0.0000
-305.8396 0.0000
-305.3929 0.0000
-305.2848 0.0000
-306.9733 0.0000
-304.9293 0.0000
-306.1001 0.0000
-304.9000 0.0000
-307.6875 0.0000
-305.6904 0.0000
-306.0082 0.0000
-306.3072 0.0000
-305.2713 0.0000
-305.0778 0.0000
-307.3984 0.0000
-306.0769 0.0000
-305.9435 0.0000
-306.8042 0.0000
-305.4423 0.0000
-307.0417 0.0000
-306.1075 0.0000
-304.9298 0.0000
-306.1839 0.0000
-306.1643 0.0000
-307.9047 0.0000
-306.4324 0.0000
-306.9019 0.0000
-306.4084 0.0000
-304.8017 0.0000
-306.4957 0.0000
-306.8065 0.0000
-305.6524 0.0000
-306.3584 0.0000
-304.8995 0.0000
-306.9945 0.0000
-306.1363 0.0000
-307.5551 0.0000
-305.5160 0.0000
-306.8398 0.0000
-306.6648 0.0000
-306.5590 0.0000
-307.4211 0.0000
-305.0258 0.0000
-307.0666 0.0000
-306.2125 0.0000
-307.4069 0.0000
-306.1330 0.0000
-306.1418 0.0000
-306.4623 0.0000
-306.9068 0.0000
-283.5038 0.0000
-284.9544 0.0000
-283.1509 0.0000
-284.9689 0.0000
-283.6441 0.0000
-284.5673 0.0000
-285.0541 0.0000
-284.1719 0.0000
-282.9094 0.0000
-282.6149 0.0000
-283.5034 0.0000
-283.8299 0.0000
-282.5156 0.0000
-283.1671 0.0000
-284.0213 0.0000
-283.3211 0.0000
-282.8106 0.0000
-283.6930 0.0000
-282.4373 0.0000
-283.4595 0.0000
-283.3379 0.0000
-283.9193 0.0000
-283.0006 0.0000
-284.1633 0.0000
-283.1996 0.0000
-285.2648 0.0000
-282.9666 0.0000
-283.2580 0.0000
-283.7777 0.0000
-283.3051 0.0000
-282.4978 0.0000
-282.3755 0.0000
-283.2962 0.0000
-282.5409 0.0000
-282.3504 0.0000
-280.6086 0.0000
-280.1526 0.0000
-280.6006 0.0000
-280.0480 0.0000
-279.5753 0.0000
-280.9567 0.0000
-280.3501 0.0000
-282.3472 0.0000
-280.3338 0.0000
-281.9629 0.0000
-281.6148 0.0000
-281.2451 0.0000
-282.2426 0.0000
-281.1921 0.0000
-280.6376 0.0000
-281.0330 0.0000
-281.0623 0.0000
-281.9290 0.0000
-281.9336 0.0000
-280.7951 0.0000
-282.9067 0.0000
-281.2154 0.0000
-284.2891 0.0000
-284.6928 0.0000
-285.2787 0.0000
-284.8306 0.0000
-282.8773 0.0000
-283.5753 0.0000
-282.6823 0.0000
-282.3604 0.0000
-281.4462 0.0000
-283.2294 0.0000
-284.1069 0.0000
-283.5383 0.0000
-283.0130 0.0000
-283.0514 0.0000
-282.2680 0.0000
-281.9809 0.0000
-280.2380 0.0000
-281.2788 0.0000
-283.1503 0.0000
-282.3978 0.0000
-283.0439 0.0000
-282.0697 0.0000
-283.3404 0.0000
-282.8046 0.0000
-282.9210 0.0000
-283.4891 0.0000
-283.2245 0.0000
-283.8160 0.0000
-283.5818 0.0000
-284.3874 0.0000
-284.4976 0.0000
-284.9967 0.0000
-284.4376 0.0000
-284.4757 0.0000
-285.0550 0.0000
-286.3592 0.0000
-284.9229 0.0000
-283.9925 0.0000
-285.9594 0.0000
-284.9026 0.0000
-283.8403 0.0000
-283.8376 0.0000
-285.0617 0.0000
-306.7704 0.0000
-307.4276 0.0000
-305.2580 0.0000
-305.7580 0.0000
-305.4891 0.0000
-308.2781 0.0000
-305.7074 0.0000
-306.9630 0.0000
-308.4055 0.0000
-306.3216 0.0000
-304.9099 0.0000
-306.6412 0.0000
-305.5437 0.0000
-306.2947 0.0000
-306.1679 0.0000
-305.3757 0.0000
-307.3236 0.0000
-306.6333 0.0000
-304.8874 0.0000
-306.9003 0.0000
-305.9291 0.0000
-307.6412 0.0000
-308.0661 0.0000
-306.8785 0.0000
-307.0479 0.0000
-305.3356 0.0000
-305.7165 0.0000
-307.4585 0.0000
-308.7349 0.0000
-307.4859 0.0000
-305.4989 0.0000
-306.2589 0.0000
-305.0301 0.0000
-305.7718 0.0000
-306.2748 0.0000
-307.2194 0.0000
-306.5912 0.0000
-305.3064 0.0000
-309.1876 0.0000
-307.4637 0.0000
-306.4089 0.0000
-306.2420 0.0000
-305.6239 0.0000
-306.8625 0.0000
-306.2976 0.0000
-307.8194 0.0000
-305.7764 0.0000
-306.7283 0.0000
-307.4705 0.0000
-305.9071 0.0000
-307.7829 0.0000
-306.4611 0.0000
-307.4416 0.0000
-306.0294 0.0000
-307.5713 0.0000
-307.8074 0.0000
-306.2244 0.0000
-305.9064 0.0000
-304.9640 0.0000
-305.3218 0.0000
-308.3507 0.0000
-307.5097 0.0000
-306.1348 0.0000
-307.3045 0.0000
-307.1361 0.0000
-305.8368 0.0000
-304.8859 0.0000
-306.5177 0.0000
-306.3055 0.0000
-308.3068 0.0000
-307.4917 0.0000
-305.6974 0.0000
-305.1159 0.0000
-307.1709 0.0000
-304.5148 0.0000
-306.6508 0.0000
-305.4817 0.0000
-309.4704 0.0000
-307.4163 0.0000
-305.3637 0.0000
-305.9512 0.0000
-306.6563 0.0000
-306.2456 0.0000
-308.0128 0.0000
-305.7118 0.0000
-306.7406 0.0000
-305.4897 0.0000
-307.0182 0.0000
-308.5712 0.0000
-304.9337 0.0000
-306.7991 0.0000
-307.1521 0.0000
-306.9607 0.0000
-307.3714 0.0000
-306.6754 0.0000
-307.3038 0.0000
-304.9110 0.0000
-305.2551 0.0000
-306.8293 0.0000
-307.6398 0.0000
-306.5338 0.0000
-307.8258 0.0000
-308.1504 0.0000
-306.7957 0.0000
-304.5218 0.0000
-306.6671 0.0000
-307.7829 0.0000
-306.7074 0.0000
-307.1761 0.0000
-307.3025 0.0000
-305.5771 0.0000
-306.0737 0.0000
-305.7091 0.0000
-306.2561 0.0000
-307.7873 0.0000
-306.8655 0.0000
-308.0327 0.0000
-306.2357 0.0000
-306.7669 0.0000
-307.9836 0.0000
-308.5152 0.0000
-306.5345 0.0000
-306.9592 0.0000
-305.6969 0.0000
-307.1726 0.0000
-307.3643 0.0000
-303.4489 0.0000
-307.0759 0.0000
-306.1096 0.0000
-305.9458 0.0000
-306.5021 0.0000
-305.1858 0.0000
-306.2647 0.0000
-308.0743 0.0000
-306.9204 0.0000
-306.9379 0.0000
-306.5431 0.0000
-306.9271 0.0000
-306.3638 0.0000
-305.0156 0.0000
-308.4980 0.0000
-307.9485 0.0000
-306.2317 0.0000
-306.7659 0.0000
-305.9049 0.0000
-306.5675 0.0000
-306.2007 0.0000
-306.6348 0.0000
-305.7264 0.0000
-308.2257 0.0000
-306.3593 0.0000
-306.2568 0.0000
-305.1937 0.0000
-306.5892 0.0000
-307.0757 0.0000
-304.8138 0.0000
-306.9020 0.0000
-306.5302 0.0000
-307.8737 0.0000
-307.4697 0.0000
-305.1398 0.0000
-307.2868 0.0000
-306.4142 0.0000
-307.4608 0.0000
-306.5811 0.0000
-305.9219 0.0000
-304.8540 0.0000
-306.9749 0.0000
-306.5035 0.0000
-307.6603 0.0000
-306.4136 0.0000
-306.9996 0.0000
-306.6827 0.0000
-305.9794 0.0000
-306.4829 0.0000
-308.3943 0.0000
-305.7435 0.0000
-305.9829 0.0000
-307.3311 0.0000
-307.3542 0.0000
-305.8471 0.0000
-305.1721 0.0000
-305.4682 0.0000
-305.4449 0.0000
-306.7558 0.0000
-305.8372 0.0000
-305.8557 0.0000
-305.3866 0.0000
-306.0105 0.0000
-306.6663 0.0000
-307.3629 0.0000
-306.9569 0.0000
-307.8730 0.0000
-307.5271 0.0000
-305.9600 0.0000
-305.8314 0.0000
-305.1771 0.0000
-305.4129 0.0000
-306.8998 0.0000
-305.0296 0.0000
-306.2076 0.0000
-307.6383 0.0000
-307.0222 0.0000
-306.5392 0.0000
-305.7628 0.0000
-307.2638 0.0000
-304.5250 0.0000
-307.3909 0.0000
-305.7718 0.0000
-305.7926 0.0000
-306.3670 0.0000
-306.0053 0.0000
-305.9445 0.0000
-305.2823 0.0000
-308.4933 0.0000
-306.8560 0.0000
-308.6473 0.0000
-306.0640 0.0000
-305.6729 0.0000
-305.6773 0.0000
-306.5966 0.0000
-306.4244 0.0000
-307.0243 0.0000
-306.6313 0.0000
-305.4931 0.0000
-305.7810 0.0000
-306.4087 0.0000
-306.3300 0.0000
-306.7667 0.0000
-306.9488 0.0000
-305.0835 0.0000
-306.3129 0.0000
-308.4448 0.0000
-307.6872 0.0000
-306.6469 0.0000
-306.2684 0.0000
-307.0643 0.0000
-306.8165 0.0000
-304.9420 0.0000
-307.0695 0.0000
-307.0552 0.0000
-305.6954 0.0000
-305.7593 0.0000
-306.0066 0.0000
-305.1976 0.0000
-306.1729 0.0000
-307.4741 0.0000
-305.6930 0.0000
-306.2538 0.0000
-306.7839 0.0000
-306.9961 0.0000
-305.8983 0.0000
-306.8775 0.0000
-306.0816 0.0000
-305.3666 0.0000
-307.0724 0.0000
-308.2493 0.0000
-303.8921 0.0000
-306.3409 0.0000
-307.3092 0.0000
-307.3789 0.0000
-306.5808 0.0000
-307.3914 0.0000
-304.9304 0.0000
-308.4850 0.0000
-305.2977 0.0000
-307.9752 0.0000
-307.7907 0.0000
-305.7682 0.0000
-306.9699 0.0000
-308.2532 0.0000
-306.7856 0.0000
-307.6802 0.0000
-307.4208 0.0000
-307.2089 0.0000
-306.2546 0.0000
-306.7374 0.0000
-306.2688 0.0000
-307.0823 0.0000
-307.0236 0.0000
-306.1717 0.0000
-306.7083 0.0000
-305.7343 0.0000
-307.2719 0.0000
-306.5173 0.0000
-304.6089 0.0000
-306.9689 0.0000
-307.5418 0.0000
-307.6510 0.0000
-306.8356 0.0000
-307.3571 0.0000
-304.9057 0.0000
-306.5289 0.0000
-307.1309 0.0000
-304.8037 0.0000
-308.0573 0.0000
-308.1461 0.0000
-306.4170 0.0000
-305.5791 0.0000
-306.6973 0.0000
-306.3548 0.0000
-306.8128 0.0000
-306.9576 0.0000
-306.4811 0.0000
-308.1783 0.0000
-306.0527 0.0000
-305.5038 0.0000
-308.2820 0.0000
-306.9023 0.0000
-307.9515 0.0000
-307.0211 0.0000
-307.1756 0.0000
-307.2528 0.0000
-306.5132 0.0000
-304.3917 0.0000
-305.8066 0.0000
-306.3307 0.0000
-307.0544 0.0000
-307.6259 0.0000
-307.3602 0.0000
-307.0224 0.0000
-304.4243 0.0000
-307.0235 0.0000
-307.2355 0.0000
-308.5411 0.0000
-306.5335 0.0000
-307.9392 0.0000
-307.0517 0.0000
-306.0332 0.0000
-307.3958 0.0000
-308.2057 0.0000
-305.6341 0.0000
-307.2428 0.0000
-305.6127 0.0000
-307.0686 0.0000
-305.5967 0.0000
-305.1483 0.0000
-306.8807 0.0000
-307.6741 0.0000
-307.6525 0.0000
-307.0488 0.0000
-306.3562 0.0000
-307.5454 0.0000
-305.2570 0.0000
-305.5713 0.0000
-304.0698 0.0000
-306.8228 0.0000
-306.0861 0.0000
-307.0791 0.0000
-304.8379 0.0000
-307.7410 0.0000
-307.7878 0.0000
-307.3152 0.0000
-305.8770 0.0000
-307.2688 0.0000
-305.5661 0.0000
-306.2218 0.0000
-306.9100 0.0000
-306.4113 0.0000
-307.7698 0.0000
-306.5574 0.0000
-307.1013 0.0000
-305.7382 0.0000
-307.3375 0.0000
-304.6547 0.0000
-306.1640 0.0000
-307.4234 0.0000
-308.1627 0.0000
-307.5518 0.0000
-305.0941 0.0000
-306.1208 0.0000
-304.8002 0.0000
-308.0551 0.0000
-308.2160 0.0000
-306.6927 0.0000
-306.2124 0.0000
-306.6775 0.0000
-305.8051 0.0000
-308.3576 0.0000
-306.3923 0.0000
-306.5745 0.0000
-305.5891 0.0000
-306.3624 0.0000
-306.7089 0.0000
-307.7315 0.0000
-306.7707 0.0000
-307.3794 0.0000
-306.9279 0.0000
-306.3444 0.0000
-306.7013 0.0000
-305.3842 0.0000
-305.6543 0.0000
-306.0266 0.0000
-306.5097 0.0000
-307.9572 0.0000
-308.2164 0.0000
-307.8466 0.0000
-305.5336 0.0000
-306.1411 0.0000
-307.2630 0.0000
-306.5623 0.0000
-306.7232 0.0000
-309.2645 0.0000
-306.6101 0.0000
-306.5011 0.0000
-308.9168 0.0000
-307.0494 0.0000
-307.6229 0.0000
-306.8957 0.0000
-305.8666 0.0000
-305.2655 0.0000
-304.8356 0.0000
-306.7259 0.0000
-306.7050 0.0000
-306.3377 0.0000
-307.1227 0.0000
-306.6191 0.0000
-305.7460 0.0000
-307.6207 0.0000
-306.7947 0.0000
-305.6481 0.0000
-308.1273 0.0000
-307.2074 0.0000
-306.0967 0.0000
-305.9793 0.0000
-306.9027 0.0000
-305.6972 0.0000
-304.9500 0.0000
-307.1359 0.0000
-308.0239 0.0000
-307.1937 0.0000
-307.1441 0.0000
-306.2137 0.0000
-305.6026 0.0000
-307.6299 0.0000
-305.7907 0.0000
-306.6222 0.0000
-307.8772 0.0000
-307.7013 0.0000
-305.7600 0.0000
-307.0375 0.0000
-305.3374 0.0000
-307.7535 0.0000
-305.6528 0.0000
-306.8400 0.0000
-305.1779 0.0000
-304.7505 0.0000
-307.0017 0.0000
-305.5313 0.0000
-305.1556 0.0000
-307.0719 0.0000
-306.0548 0.0000
-305.7460 0.0000
-306.6359 0.0000
-307.2758 0.0000
-307.3084 0.0000
-308.0659 0.0000
-308.0758 0.0000
-307.0032 0.0000
-307.6762 0.0000
-306.3895 0.0000
-306.2986 0.0000
-307.4526 0.0000
-306.2057 0.0000
-306.1282 0.0000
-305.6536 0.0000
-305.4844 0.0000
-306.2617 0.0000
-306.9300 0.0000
-306.1806 0.0000
-305.3919 0.0000
-307.0940 0.0000
-306.3750 0.0000
-306.7818 0.0000
-305.8617 0.0000
-305.2255 0.0000
-305.7374 0.0000
-306.8934 0.0000
-309.1284 0.0000
-305.6717 0.0000
-306.0451 0.0000
-306.6613 0.0000
-305.1757 0.0000
-306.5816 0.0000
-306.1840 0.0000
-304.5516 0.0000
-305.8686 0.0000
-305.7979 0.0000
-306.6999 0.0000
-308.2932 0.0000
-307.7022 0.0000
-306.0330 0.0000
-306.8431 0.0000
-306.4458 0.0000
-305.6633 0.0000
-306.3045 0.0000
-308.3984 0.0000
-305.8808 0.0000
-306.4154 0.0000
-304.5594 0.0000
-306.6423 0.0000
-307.4248 0.0000
-306.8667 0.0000
-307.7341 0.0000
-306.6931 0.0000
-307.1501 0.0000
-306.1881 0.0000
-307.4254 0.0000
-306.6413 0.0000
-307.1915 0.0000
-306.4971 0.0000
-305.6695 0.0000
-306.3103 0.0000
-305.6946 0.0000
-306.0063 0.0000
-307.3392 0.0000
-306.6116 0.0000
-305.9856 0.0000
-305.9040 0.0000
-308.9102 0.0000
-305.6450 0.0000
-306.8644 0.0000
-306.4569 0.0000
-305.9059 0.0000
-307.7097 0.0000
-306.5776 0.0000
-306.3088 0.0000
-307.5283 0.0000
-306.2032 0.0000
-305.9475 0.0000
-305.4002 0.0000
-307.3329 0.0000
-305.0765 0.0000
-307.2528 0.0000
-308.3680 0.0000
-305.1151 0.0000
-305.9583 0.0000
-307.0989 0.0000
-305.8625 0.0000
-307.0658 0.0000
-305.4180 0.0000
-307.6308 0.0000
-305.1597 0.0000
-307.6992 0.0000
-306.7625 0.0000
-306.5412 0.0000
-305.8229 0.0000
-306.8409 0.0000
-305.5463 0.0000
-305.5888 0.0000
-306.3486 0.0000
-306.4619 0.0000
-305.6924 0.0000
-304.9721 0.0000
-305.7757 0.0000
-306.4435 0.0000
-307.3588 0.0000
-306.1713 0.0000
-305.8245 0.0000
-306.8765 0.0000
-307.8315 0.0000
-307.5009 0.0000
-307.0262 0.0000
-305.5758 0.0000
-305.8621 0.0000
-305.7641 0.0000
-306.1531 0.0000
-305.9261 0.0000
-306.0631 0.0000
-307.6181 0.0000
-307.3125 0.0000
-306.0165 0.0000
-308.0173 0.0000
-307.9587 0.0000
-305.4813 0.0000
-305.3450 0.0000
-304.8494 0.0000
-306.4684 0.0000
-305.4406 0.0000
-307.2584 0.0000
-306.2532 0.0000
-307.6294 0.0000
-303.9420 0.0000
-307.3490 0.0000
-304.9342 0.0000
-306.0393 0.0000
-303.7301 0.0000
-303.2972 0.0000
-306.4646 0.0000
-307.0229 0.0000
-306.5104 0.0000
-306.3217 0.0000
-305.2088 0.0000
-306.1223 0.0000
-306.0681 0.0000
-306.4280 0.0000
-306.5060 0.0000
-305.8282 0.0000
-306.7485 0.0000
-305.9205 0.0000
-296.0099 0.0000
-294.0427 0.0000
-295.5077 0.0000
-295.1483 0.0000
-295.7920 0.0000
-298.9870 0.0000
-294.6468 0.0000
-294.7784 0.0000
-296.6016 0.0000
-298.8318 0.0000
-297.7316 0.0000
-295.6898 0.0000
-295.7356 0.0000
-298.1430 0.0000
-294.1430 0.0000
-296.7241 0.0000
-296.2960 0.0000
-296.4234 0.0000
-296.6518 0.0000
-294.3620 0.0000
-296.0458 0.0000
-296.8464 0.0000
-297.2819 0.0000
-295.8851 0.0000
-294.5030 0.0000
-296.6707 0.0000
-298.1060 0.0000
-295.1558 0.0000
-296.5210 0.0000
-295.5394 0.0000
-293.5938 0.0000
-296.0784 0.0000
-295.9856 0.0000
-296.0443 0.0000
-298.0632 0.0000
-296.2880 0.0000
-295.4855 0.0000
-297.1051 0.0000
-295.5085 0.0000
-296.4775 0.0000
-295.8511 0.0000
-297.6714 0.0000
-296.3443 0.0000
-294.7861 0.0000
-296.4240 0.0000
-295.4805 0.0000
-296.6260 0.0000
-294.2838 0.0000
-293.7749 0.0000
-292.3440 0.0000
-290.2119 0.0000
-292.7876 0.0000
-292.5514 0.0000
-291.8699 0.0000
-292.3191 0.0000
-292.6709 0.0000
-291.0839 0.0000
-290.4304 0.0000
-290.2686 0.0000
-289.7394 0.0000
-290.0264 0.0000
-289.8591 0.0000
-287.6514 0.0000
-289.2190 0.0000
-290.3503 0.0000
-289.0640 0.0000
-288.9726 0.0000
-289.5314 0.0000
-290.2047 0.0000
-289.8828 0.0000
-289.2605 0.0000
-289.6992 0.0000
-290.8509 0.0000
-290.2632 0.0000
-289.0664 0.0000
-287.8000 0.0000
-290.5231 0.0000
-290.2925 0.0000
-292.2880 0.0000
-290.0574 0.0000
-291.9668 0.0000
-290.9384 0.0000
-290.3342 0.0000
-290.8023 0.0000
-289.4864 0.0000
-292.0036 0.0000
-289.2596 0.0000
-289.9082 0.0000
-290.9656 0.0000
-289.3839 0.0000
-290.6350 0.0000
-290.3407 0.0000
-289.9458 0.0000
-289.7102 0.0000
-289.1364 0.0000
-290.7890 0.0000
-291.8025 0.0000
-292.3427 0.0000
-290.3943 0.0000
-291.3622 0.0000
-307.5624 0.0000
-306.6301 0.0000
-307.1852 0.0000
-305.6234 0.0000
-305.8956 0.0000
-305.9052 0.0000
-306.7372 0.0000
-307.8954 0.0000
-306.5489 0.0000
-305.8318 0.0000
-304.7320 0.0000
-306.7509 0.0000
-306.5896 0.0000
-306.9886 0.0000
-308.9819 0.0000
-307.5878 0.0000
-306.8308 0.0000
-307.4776 0.0000
-306.5764 0.0000
-306.8428 0.0000
-308.6053 0.0000
-308.9414 0.0000
-308.3040 0.0000
-307.1526 0.0000
-307.2897 0.0000
-305.7624 0.0000
-307.6213 0.0000
-307.9530 0.0000
-306.3384 0.0000
-306.4111 0.0000
-306.9934 0.0000
-305.6980 0.0000
-305.2930 0.0000
-307.2446 0.0000
-308.2303 0.0000
-307.9886 0.0000
-306.5402 0.0000
-307.6849 0.0000
-305.2558 0.0000
-305.5889 0.0000
-305.5738 0.0000
-305.5554 0.0000
-305.4812 0.0000
-306.1510 0.0000
-306.2536 0.0000
-307.4772 0.0000
-306.1490 0.0000
-306.5136 0.0000
-303.7057 0.0000
-305.3304 0.0000
-306.4095 0.0000
-307.4081 0.0000
-306.9064 0.0000
-306.2134 0.0000
-305.4059 0.0000
-307.5058 0.0000
-305.6541 0.0000
-304.8546 0.0000
-307.8194 0.0000
-304.8724 0.0000
-305.8516 0.0000
-306.3668 0.0000
-306.4757 0.0000
-307.4423 0.0000
-305.2751 0.0000
-307.3435 0.0000
-306.7853 0.0000
-306.9828 0.0000
-306.6207 0.0000
-306.1897 0.0000
-307.1500 0.0000
-305.7127 0.0000
-307.5545 0.0000
-307.1444 0.0000
-307.8133 0.0000
-305.2697 0.0000
-308.9654 0.0000
-305.9851 0.0000
-307.7643 0.0000
-305.0794 0.0000
-306.3429 0.0000
-307.4871 0.0000
-305.8650 0.0000
-306.5144 0.0000
-305.5324 0.0000
-306.3024 0.0000
-307.6470 0.0000
-306.2258 0.0000
-306.9780 0.0000
-308.6780 0.0000
-307.4066 0.0000
-305.3459 0.0000
-305.3520 0.0000
-305.9282 0.0000
-307.1424 0.0000
-305.8687 0.0000
-307.1130 0.0000
-307.0100 0.0000
-307.8162 0.0000
-307.4710 0.0000
-307.1986 0.0000
-307.1838 0.0000
-306.2336 0.0000
-308.7539 0.0000
-306.5172 0.0000
-306.3510 0.0000
-305.9877 0.0000
-305.3597 0.0000
-307.1126 0.0000
-306.4142 0.0000
-306.3895 0.0000
-306.2382 0.0000
-308.5204 0.0000
-306.3649 0.0000
-306.2494 0.0000
-305.6360 0.0000
-306.3496 0.0000
-304.8528 0.0000
-306.0116 0.0000
-306.2271 0.0000
-305.9577 0.0000
-306.1465 0.0000
-306.6797 0.0000
-307.0692 0.0000
-307.2533 0.0000
-306.6679 0.0000
-307.5536 0.0000
-305.3776 0.0000
-306.4653 0.0000
-306.1087 0.0000
-305.7099 0.0000
-305.7573 0.0000
-305.4219 0.0000
-307.8284 0.0000
-307.4769 0.0000
-305.6481 0.0000
-307.0289 0.0000
-305.7331 0.0000
-307.1052 0.0000
-304.8543 0.0000
-305.6429 0.0000
-307.7108 0.0000
-308.2217 0.0000
-307.0830 0.0000
-306.8059 0.0000
-307.1178 0.0000
-306.8542 0.0000
-306.5959 0.0000
-306.4011 0.0000
-307.5715 0.0000
-307.6602 0.0000
-304.8992 0.0000
-306.3244 0.0000
-307.3981 0.0000
-308.2860 0.0000
-306.7564 0.0000
-307.0733 0.0000
-305.2050 0.0000
-305.9953 0.0000
-307.2124 0.0000
-306.8432 0.0000
-306.4286 0.0000
-305.6694 0.0000
-306.7185 0.0000
-307.7800 0.0000
-305.1251 0.0000
-309.1928 0.0000
-306.1811 0.0000
-305.5399 0.0000
-305.3603 0.0000
-307.4629 0.0000
-307.1749 0.0000
-307.3491 0.0000
-306.0472 0.0000
-306.4978 0.0000
-306.7999 0.0000
-307.3713 0.0000
-305.2031 0.0000
-306.3350 0.0000
-307.3535 0.0000
-306.5929 0.0000
-307.2043 0.0000
-306.1351 0.0000
-307.9423 0.0000
-305.4302 0.0000
-307.1772 0.0000
-306.6440 0.0000
-306.5558 0.0000
-308.1093 0.0000
-307.1642 0.0000
-306.0383 0.0000
-308.2173 0.0000
-305.1720 0.0000
-306.0482 0.0000
-306.9852 0.0000
-306.0515 0.0000
-305.7182 0.0000
-307.4202 0.0000
-306.8219 0.0000
-306.2667 0.0000
-307.6516 0.0000
-307.3881 0.0000
-306.8166 0.0000
-308.8884 0.0000
-305.1531 0.0000
-305.1010 0.0000
-306.1575 0.0000
-304.8008 0.0000
-304.8724 0.0000
-307.0077 0.0000
-305.6895 0.0000
-305.4858 0.0000
-305.3607 0.0000
-307.5623 0.0000
-305.6407 0.0000
-306.8108 0.0000
-306.9924 0.0000
-305.3297 0.0000
-305.8541 0.0000
-305.8066 0.0000
-305.9302 0.0000
-306.3615 0.0000
-307.0973 0.0000
-307.9832 0.0000
-306.3123 0.0000
-305.5966 0.0000
-305.6583 0.0000
-308.9924 0.0000
-305.4959 0.0000
-308.3295 0.0000
-305.2553 0.0000
-306.2811 0.0000
-307.3804 0.0000
-306.3751 0.0000
-305.0407 0.0000
-306.1922 0.0000
-306.9489 0.0000
-307.2474 0.0000
-307.8766 0.0000
-305.9768 0.0000
-306.7810 0.0000
-306.8814 0.0000
-306.6801 0.0000
-306.1840 0.0000
-305.6096 0.0000
-307.5705 0.0000
-306.0387 0.0000
-307.1033 0.0000
-306.8117 0.0000
-307.5889 0.0000
-306.0946 0.0000
-305.1058 0.0000
-304.5181 0.0000
-305.8369 0.0000
-304.1912 0.0000
-305.2507 0.0000
-306.3111 0.0000
-305.8875 0.0000
-305.9698 0.0000
-307.4193 0.0000
-304.9000 0.0000
-308.3623 0.0000
-306.7813 0.0000
-307.1609 0.0000
-305.4962 0.0000
-306.7277 0.0000
-307.4518 0.0000
-306.4655 0.0000
-307.4080 0.0000
-307.6193 0.0000
-307.4671 0.0000
-307.2987 0.0000
-306.8411 0.0000
-304.9430 0.0000
-308.0013 0.0000
-307.2417 0.0000
-305.3939 0.0000
-306.1668 0.0000
-306.0840 0.0000
-306.3618 0.0000
-305.6619 0.0000
-306.6439 0.0000
-306.8135 0.0000
-306.8219 0.0000
-306.2001 0.0000
-305.5303 0.0000
-307.4976 0.0000
-306.3337 0.0000
-306.4569 0.0000
-305.1683 0.0000
-307.5205 0.0000
-305.2060 0.0000
-305.8359 0.0000
-306.1315 0.0000
-305.8319 0.0000
-304.3096 0.0000
-306.6954 0.0000
-306.4677 0.0000
