-100.0000 -100.0000
-317.1130 0.0000
-316.9584 0.0000
-316.4457 0.0000
-315.9238 0.0000
-315.5775 0.0000
-316.2964 0.0000
-315.9361 0.0000
-315.7513 0.0000
-316.8276 0.0000
-316.1120 0.0000
-316.0600 0.0000
-315.8802 0.0000
-316.2888 0.0000
-315.0175 0.0000
-314.5055 0.0000
-315.0579 0.0000
-315.9607 0.0000
-315.6454 0.0000
-315.5663 0.0000
-315.7961 0.0000
-316.7745 0.0000
-317.0783 0.0000
-317.2419 0.0000
-316.8181 0.0000
-316.5816 0.0000
-316.2579 0.0000
-315.6487 0.0000
-316.6538 0.0000
-317.3392 0.0000
-316.5212 0.0000
-315.4278 0.0000
-315.6724 0.0000
-315.2708 0.0000
-315.7479 0.0000
-315.5473 0.0000
-315.0748 0.0000
-315.1066 0.0000
-316.2895 0.0000
-314.2253 0.0000
-314.5465 0.0000
-315.0947 0.0000
-315.5523 0.0000
-315.0745 0.0000
-314.9230 0.0000
-314.9021 0.0000
-315.4176 0.0000
-314.9982 0.0000
-315.2606 0.0000
-315.2238 0.0000
-314.3942 0.0000
-314.8901 0.0000
-315.1364 0.0000
-315.1853 0.0000
-315.1671 0.0000
-315.4539 0.0000
-315.1405 0.0000
-315.4280 0.0000
-315.6762 0.0000
-315.7558 0.0000
-315.4877 0.0000
-315.0996 0.0000
-315.7077 0.0000
-316.1212 0.0000
-316.3597 0.0000
-318.0310 0.0000
-315.5874 0.0000
-316.0861 0.0000
-316.4520 0.0000
-316.7624 0.0000
-317.3721 0.0000
-317.8103 0.0000
-317.4318 0.0000
-317.0500 0.0000
-317.3782 0.0000
-317.4627 0.0000
-316.6705 0.0000
-316.4679 0.0000
-316.7048 0.0000
-317.0345 0.0000
-317.0362 0.0000
-317.1141 0.0000
-317.5577 0.0000
-317.9888 0.0000
-318.6415 0.0000
-318.9735 0.0000
-318.6826 0.0000
-319.1419 0.0000
-319.2454 0.0000
-319.4243 0.0000
-319.8506 0.0000
-320.0014 0.0000
-320.3515 0.0000
-320.5064 0.0000
-321.5845 0.0000
-321.3216 0.0000
-321.5210 0.0000
-321.5362 0.0000
-321.7653 0.0000
-321.5939 0.0000
-320.9774 0.0000
-321.4020 0.0000
-321.8084 0.0000
-321.6108 0.0000
-321.9046 0.0000
-322.1343 0.0000
-321.5625 0.0000
-322.5068 0.0000
-321.9783 0.0000
-322.1218 0.0000
-322.0772 0.0000
-322.5778 0.0000
-321.3670 0.0000
-321.7855 0.0000
-321.4242 0.0000
-321.2038 0.0000
-321.0349 0.0000
-321.1647 0.0000
-321.2732 0.0000
-320.6540 0.0000
-320.2305 0.0000
-319.9804 0.0000
-320.1927 0.0000
-320.0775 0.0000
-320.5823 0.0000
-320.7558 0.0000
-320.2728 0.0000
-320.8428 0.0000
-320.9925 0.0000
-321.3691 0.0000
-320.7870 0.0000
-321.4316 0.0000
-321.5871 0.0000
-321.7258 0.0000
-322.3078 0.0000
-323.1963 0.0000
-323.0839 0.0000
-322.8288 0.0000
-323.4132 0.0000
-323.4059 0.0000
-322.7167 0.0000
-323.3291 0.0000
-323.1646 0.0000
-323.1562 0.0000
-323.2955 0.0000
-323.1288 0.0000
-323.0353 0.0000
-322.9082 0.0000
-323.6673 0.0000
-323.6254 0.0000
-323.1539 0.0000
-322.5704 0.0000
-323.2441 0.0000
-323.8700 0.0000
-323.9286 0.0000
-323.9524 0.0000
-325.3100 0.0000
-325.3929 0.0000
-326.0138 0.0000
-325.8614 0.0000
-325.5554 0.0000
-324.8827 0.0000
-324.9374 0.0000
-325.4154 0.0000
-325.5010 0.0000
-325.6109 0.0000
-325.3331 0.0000
-326.0300 0.0000
-325.6784 0.0000
-325.7378 0.0000
-325.4577 0.0000
-325.6948 0.0000
-325.7120 0.0000
-325.1433 0.0000
-325.8071 0.0000
-326.1773 0.0000
-326.0431 0.0000
-326.7431 0.0000
-326.4881 0.0000
-326.0678 0.0000
-325.4708 0.0000
-326.0114 0.0000
-326.4202 0.0000
-326.0764 0.0000
-325.6049 0.0000
-325.8683 0.0000
-325.6797 0.0000
-324.8405 0.0000
-325.1198 0.0000
-324.9945 0.0000
-324.5148 0.0000
-324.6772 0.0000
-324.2863 0.0000
-325.0513 0.0000
-324.8555 0.0000
-324.4117 0.0000
-324.4010 0.0000
-324.7013 0.0000
-324.5510 0.0000
-325.1925 0.0000
-325.3481 0.0000
-325.0325 0.0000
-324.9401 0.0000
-324.3613 0.0000
-324.9599 0.0000
-324.3162 0.0000
-324.1358 0.0000
-324.7506 0.0000
-324.8230 0.0000
-324.0365 0.0000
-323.4801 0.0000
-323.0643 0.0000
-322.8502 0.0000
-322.2650 0.0000
-322.2614 0.0000
-321.2684 0.0000
-319.9561 0.0000
-320.4027 0.0000
-321.0101 0.0000
-321.1064 0.0000
-322.3835 0.0000
-322.0000 0.0000
-322.4501 0.0000
-323.5936 0.0000
-323.4792 0.0000
-324.3579 0.0000
-324.6928 0.0000
-323.5387 0.0000
-324.7720 0.0000
-324.4048 0.0000
-324.0987 0.0000
-324.8131 0.0000
-325.5526 0.0000
-325.4251 0.0000
-325.8958 0.0000
-325.8672 0.0000
-325.9051 0.0000
-325.9212 0.0000
-326.6403 0.0000
-325.9563 0.0000
-326.1746 0.0000
-325.5884 0.0000
-325.8801 0.0000
-325.2525 0.0000
-326.2681 0.0000
-325.1707 0.0000
-324.6100 0.0000
-324.6714 0.0000
-325.3198 0.0000
-325.4673 0.0000
-325.8012 0.0000
-326.4466 0.0000
-325.3873 0.0000
-325.0704 0.0000
-325.1134 0.0000
-325.4844 0.0000
-325.0531 0.0000
-325.5358 0.0000
-325.3920 0.0000
-326.2220 0.0000
-325.8989 0.0000
-326.2546 0.0000
-326.3767 0.0000
-326.7763 0.0000
-327.2347 0.0000
-327.1087 0.0000
-327.5245 0.0000
-326.6761 0.0000
-326.4901 0.0000
-326.5879 0.0000
-327.1069 0.0000
-327.2726 0.0000
-326.7199 0.0000
-326.0017 0.0000
-326.6033 0.0000
-326.7834 0.0000
-326.1622 0.0000
-326.1487 0.0000
-326.1331 0.0000
-325.7656 0.0000
-325.9180 0.0000
-325.7377 0.0000
-325.4245 0.0000
-325.0097 0.0000
-326.1136 0.0000
-326.2141 0.0000
-325.9651 0.0000
-325.6108 0.0000
-326.1750 0.0000
-325.7907 0.0000
-325.1808 0.0000
-325.4439 0.0000
-325.2662 0.0000
-325.5835 0.0000
-325.3851 0.0000
-326.0508 0.0000
-326.2388 0.0000
-326.6095 0.0000
-326.3662 0.0000
-326.8178 0.0000
-327.0682 0.0000
-327.0194 0.0000
-327.9352 0.0000
-327.4837 0.0000
-328.3485 0.0000
-328.8470 0.0000
-328.8907 0.0000
-329.1767 0.0000
-329.1350 0.0000
-328.7946 0.0000
-329.2519 0.0000
-329.3963 0.0000
-328.8977 0.0000
-329.9385 0.0000
-330.5366 0.0000
-330.3389 0.0000
-330.8619 0.0000
-330.2192 0.0000
-331.7445 0.0000
-329.8065 0.0000
-329.0516 0.0000
-329.5545 0.0000
-330.8990 0.0000
-330.9736 0.0000
-330.4045 0.0000
-332.3258 0.0000
-330.3357 0.0000
-329.4296 0.0000
-329.9093 0.0000
-329.9933 0.0000
-329.7535 0.0000
-329.1365 0.0000
-330.3451 0.0000
-330.5938 0.0000
-331.1437 0.0000
-330.7624 0.0000
-330.8361 0.0000
-331.6320 0.0000
-331.5722 0.0000
-331.7596 0.0000
-331.9849 0.0000
-332.2054 0.0000
-332.6706 0.0000
-331.7770 0.0000
-332.3404 0.0000
-332.1828 0.0000
-332.2785 0.0000
-331.4639 0.0000
-330.8924 0.0000
-331.1129 0.0000
-331.1886 0.0000
-331.2142 0.0000
-331.8399 0.0000
-331.4772 0.0000
-331.4473 0.0000
-331.4527 0.0000
-330.5549 0.0000
-330.2293 0.0000
-330.6985 0.0000
-330.8346 0.0000
-330.7030 0.0000
-331.2830 0.0000
-330.9533 0.0000
-330.2800 0.0000
-329.9630 0.0000
-330.5903 0.0000
-331.3390 0.0000
-330.4762 0.0000
-331.0011 0.0000
-331.2624 0.0000
-329.9773 0.0000
-331.0667 0.0000
-330.8815 0.0000
-330.3986 0.0000
-330.5126 0.0000
-330.4698 0.0000
-331.5061 0.0000
-331.6572 0.0000
-331.2973 0.0000
-330.8221 0.0000
-331.8962 0.0000
-332.9846 0.0000
-332.6120 0.0000
-332.1621 0.0000
-332.4960 0.0000
-332.7268 0.0000
-332.0730 0.0000
-332.3702 0.0000
-331.7362 0.0000
-330.9066 0.0000
-330.3979 0.0000
-329.8352 0.0000
-330.1190 0.0000
-329.9306 0.0000
-328.7818 0.0000
-328.1844 0.0000
-326.9205 0.0000
-325.8659 0.0000
-325.9752 0.0000
-325.5231 0.0000
-325.1240 0.0000
-324.5481 0.0000
-334.0415 0.0000
-333.3867 0.0000
-334.1554 0.0000
-333.9552 0.0000
-333.6927 0.0000
-333.3845 0.0000
-333.7533 0.0000
-334.5597 0.0000
-334.2436 0.0000
-334.2214 0.0000
-334.1721 0.0000
-334.4823 0.0000
-334.8619 0.0000
-334.2495 0.0000
-334.3175 0.0000
-333.7727 0.0000
-333.2920 0.0000
-333.5540 0.0000
-333.8757 0.0000
-333.2748 0.0000
-333.0365 0.0000
-333.7904 0.0000
-332.8183 0.0000
-333.3968 0.0000
-333.7090 0.0000
-333.5537 0.0000
-333.7629 0.0000
-333.5332 0.0000
-333.5820 0.0000
-333.8498 0.0000
-334.9277 0.0000
-334.7953 0.0000
-334.4731 0.0000
-334.9930 0.0000
-334.3612 0.0000
-333.8863 0.0000
-334.0412 0.0000
-333.4246 0.0000
-333.7909 0.0000
-333.0055 0.0000
-332.5709 0.0000
-332.1563 0.0000
-332.7708 0.0000
-332.5177 0.0000
-332.8192 0.0000
-332.9891 0.0000
-332.7324 0.0000
-332.6082 0.0000
-332.7188 0.0000
-333.1021 0.0000
-333.8681 0.0000
-333.3569 0.0000
-332.7193 0.0000
-332.7371 0.0000
-333.5297 0.0000
-333.1805 0.0000
-333.6524 0.0000
-332.4097 0.0000
-331.9038 0.0000
-332.5634 0.0000
-332.6112 0.0000
-332.9376 0.0000
-332.3430 0.0000
-331.7990 0.0000
-331.9800 0.0000
-331.9928 0.0000
-331.4922 0.0000
-331.2855 0.0000
-332.0764 0.0000
-331.7935 0.0000
-330.9958 0.0000
-331.4384 0.0000
-331.0222 0.0000
-330.6759 0.0000
-330.8573 0.0000
-330.0809 0.0000
-330.6177 0.0000
-330.1829 0.0000
-330.7878 0.0000
-331.6828 0.0000
-331.7551 0.0000
-332.8523 0.0000
-332.7556 0.0000
-332.1932 0.0000
-332.6107 0.0000
-332.5742 0.0000
-331.6020 0.0000
-331.1263 0.0000
-331.9900 0.0000
-332.2558 0.0000
-331.6609 0.0000
-331.5803 0.0000
-331.4925 0.0000
-332.1160 0.0000
-331.9905 0.0000
-331.5158 0.0000
-330.5536 0.0000
-331.9245 0.0000
-331.7351 0.0000
-332.1544 0.0000
-331.7733 0.0000
-331.7859 0.0000
-333.2531 0.0000
-331.9136 0.0000
-333.2592 0.0000
-333.5718 0.0000
-333.1436 0.0000
-332.6811 0.0000
-332.1386 0.0000
-332.4993 0.0000
-333.2421 0.0000
-332.8734 0.0000
-332.6301 0.0000
-333.5264 0.0000
-332.6607 0.0000
-334.6121 0.0000
-333.7295 0.0000
-333.4290 0.0000
-332.8734 0.0000
-332.9968 0.0000
-333.0202 0.0000
-332.8393 0.0000
-332.6259 0.0000
-332.7392 0.0000
-333.3061 0.0000
-332.3412 0.0000
-332.3166 0.0000
-332.5360 0.0000
-332.5074 0.0000
-332.4439 0.0000
-332.6163 0.0000
-332.5954 0.0000
-331.8001 0.0000
-332.5304 0.0000
-331.5757 0.0000
-330.6827 0.0000
-329.9661 0.0000
-330.9118 0.0000
-330.5853 0.0000
-329.5694 0.0000
-330.5506 0.0000
-330.1887 0.0000
-329.2227 0.0000
-329.5822 0.0000
-330.2658 0.0000
-329.4054 0.0000
-330.5701 0.0000
-329.6923 0.0000
-329.6273 0.0000
-328.6210 0.0000
-328.5473 0.0000
-328.2549 0.0000
-328.8923 0.0000
-327.7077 0.0000
-328.5869 0.0000
-328.3419 0.0000
-328.3000 0.0000
-327.8270 0.0000
-326.9258 0.0000
-327.2097 0.0000
-328.1476 0.0000
-327.7614 0.0000
-328.3436 0.0000
-328.0110 0.0000
-327.7127 0.0000
-328.3093 0.0000
-328.5469 0.0000
-329.1554 0.0000
-329.5847 0.0000
-329.3331 0.0000
-328.6475 0.0000
-329.0559 0.0000
-328.8387 0.0000
-329.4874 0.0000
-329.2010 0.0000
-329.2302 0.0000
-329.6957 0.0000
-328.5586 0.0000
-330.2811 0.0000
-330.1453 0.0000
-329.9455 0.0000
-330.3814 0.0000
-331.3404 0.0000
-331.1126 0.0000
-331.3859 0.0000
-331.4166 0.0000
-330.8031 0.0000
-332.2872 0.0000
-331.7623 0.0000
-331.7910 0.0000
-332.0421 0.0000
-332.5871 0.0000
-331.9421 0.0000
-332.3817 0.0000
-332.0123 0.0000
-332.2604 0.0000
-332.2958 0.0000
-332.6033 0.0000
-331.6837 0.0000
-330.8707 0.0000
-325.4350 0.0000
-325.3976 0.0000
-324.9578 0.0000
-325.2534 0.0000
-326.1601 0.0000
-325.0096 0.0000
-324.3475 0.0000
-324.5138 0.0000
-325.0166 0.0000
-325.4119 0.0000
-325.1728 0.0000
-324.5416 0.0000
-324.6608 0.0000
-325.3721 0.0000
-324.1360 0.0000
-323.5551 0.0000
-325.7196 0.0000
-325.2992 0.0000
-324.4551 0.0000
-324.4733 0.0000
-324.3827 0.0000
-324.9739 0.0000
-323.4776 0.0000
-322.3783 0.0000
-322.3894 0.0000
-321.3922 0.0000
-322.5158 0.0000
-322.5315 0.0000
-323.1881 0.0000
-323.4860 0.0000
-323.7972 0.0000
-322.0938 0.0000
-322.3296 0.0000
-322.6192 0.0000
-321.7990 0.0000
-321.6795 0.0000
-321.9894 0.0000
-322.3407 0.0000
-321.2445 0.0000
-321.3166 0.0000
-321.7626 0.0000
-322.2282 0.0000
-321.8380 0.0000
-322.5204 0.0000
-322.4095 0.0000
-321.4381 0.0000
-322.5405 0.0000
-322.0562 0.0000
-320.4071 0.0000
-319.8581 0.0000
-320.7292 0.0000
-321.2403 0.0000
-321.8757 0.0000
-322.7062 0.0000
-324.0889 0.0000
-321.8049 0.0000
-322.5883 0.0000
-321.6918 0.0000
-322.4275 0.0000
-323.1331 0.0000
-322.1305 0.0000
-323.1078 0.0000
-323.0018 0.0000
-322.2149 0.0000
-322.3329 0.0000
-322.9142 0.0000
-322.3367 0.0000
-323.1670 0.0000
-322.7828 0.0000
-322.8551 0.0000
-323.7195 0.0000
-324.3498 0.0000
-322.8525 0.0000
-323.3240 0.0000
-323.5438 0.0000
-322.6850 0.0000
-323.0803 0.0000
-322.6912 0.0000
-321.9831 0.0000
-322.4431 0.0000
-322.4696 0.0000
-322.2549 0.0000
-322.2725 0.0000
-323.4960 0.0000
-323.0685 0.0000
-322.3226 0.0000
-323.1549 0.0000
-323.6508 0.0000
-322.8266 0.0000
-323.3426 0.0000
-322.7921 0.0000
-322.7506 0.0000
-323.8550 0.0000
-323.6768 0.0000
-323.9513 0.0000
-325.1337 0.0000
-324.3433 0.0000
-323.8555 0.0000
-323.8605 0.0000
-323.4439 0.0000
-332.8900 0.0000
-332.1593 0.0000
-332.4068 0.0000
-332.0049 0.0000
-332.4953 0.0000
-332.4637 0.0000
-332.7751 0.0000
-331.7439 0.0000
-332.2650 0.0000
-331.4959 0.0000
-331.3207 0.0000
-332.5723 0.0000
-332.9022 0.0000
-332.6548 0.0000
-333.2706 0.0000
-333.5040 0.0000
-332.7003 0.0000
-333.0624 0.0000
-333.0330 0.0000
-333.9305 0.0000
-333.4721 0.0000
-333.6085 0.0000
-333.8687 0.0000
-333.7656 0.0000
-334.3416 0.0000
-333.3140 0.0000
-332.2822 0.0000
-333.5818 0.0000
-333.1649 0.0000
-333.8747 0.0000
-334.5948 0.0000
-334.0237 0.0000
-334.9068 0.0000
-335.4340 0.0000
-335.7853 0.0000
-336.0699 0.0000
-336.1452 0.0000
-335.3168 0.0000
-335.0456 0.0000
-335.6125 0.0000
-336.1385 0.0000
-336.0121 0.0000
-335.8004 0.0000
-336.3007 0.0000
-336.2904 0.0000
-336.5290 0.0000
-336.4234 0.0000
-336.0948 0.0000
-336.6744 0.0000
-336.2407 0.0000
-336.0409 0.0000
-336.6990 0.0000
-336.5982 0.0000
-336.7704 0.0000
-337.0622 0.0000
-336.5793 0.0000
-336.3712 0.0000
-336.6298 0.0000
-336.8153 0.0000
-337.6431 0.0000
-337.7355 0.0000
-338.0762 0.0000
-338.1869 0.0000
-338.1608 0.0000
-338.3485 0.0000
-338.3318 0.0000
-338.4433 0.0000
-338.7341 0.0000
-338.6980 0.0000
-338.8161 0.0000
-338.6554 0.0000
-338.8747 0.0000
-339.2794 0.0000
-338.6200 0.0000
-338.2536 0.0000
-338.3854 0.0000
-338.1910 0.0000
-337.9609 0.0000
-338.3337 0.0000
-337.6189 0.0000
-338.5519 0.0000
-338.1652 0.0000
-337.3689 0.0000
-338.1313 0.0000
-338.0291 0.0000
-338.3651 0.0000
-337.8593 0.0000
-338.8369 0.0000
-339.4156 0.0000
-338.7052 0.0000
-338.2555 0.0000
-337.9897 0.0000
-337.6335 0.0000
-337.5676 0.0000
-338.0775 0.0000
-337.9922 0.0000
-338.1071 0.0000
-337.8692 0.0000
-337.9890 0.0000
-337.9434 0.0000
-342.1692 0.0000
-343.3010 0.0000
-344.4321 0.0000
-341.7296 0.0000
-342.0273 0.0000
-342.4403 0.0000
-342.1764 0.0000
-342.1309 0.0000
-342.2684 0.0000
-342.7891 0.0000
-343.2598 0.0000
-343.5065 0.0000
-344.4663 0.0000
-345.4653 0.0000
-344.1032 0.0000
-344.1580 0.0000
-343.2986 0.0000
-343.1116 0.0000
-343.7560 0.0000
-342.9133 0.0000
-343.0805 0.0000
-343.3137 0.0000
-343.4896 0.0000
-343.1766 0.0000
-343.3813 0.0000
-344.4477 0.0000
-344.1068 0.0000
-345.3525 0.0000
-345.2612 0.0000
-344.3825 0.0000
-344.3472 0.0000
-345.7330 0.0000
-345.5912 0.0000
-346.4609 0.0000
-346.7075 0.0000
-347.1963 0.0000
-345.9400 0.0000
-346.4814 0.0000
-347.1192 0.0000
-346.2984 0.0000
-346.4484 0.0000
-346.5521 0.0000
-346.8220 0.0000
-347.7215 0.0000
-346.5156 0.0000
-347.4694 0.0000
-347.1663 0.0000
-347.1196 0.0000
-346.8692 0.0000
-346.7662 0.0000
-346.7770 0.0000
-347.8907 0.0000
-348.4761 0.0000
-348.5539 0.0000
-347.7339 0.0000
-348.1363 0.0000
-348.5976 0.0000
-349.3597 0.0000
-346.4406 0.0000
-347.3148 0.0000
-347.9076 0.0000
-349.0435 0.0000
-348.8298 0.0000
-347.7193 0.0000
-347.5855 0.0000
-347.7318 0.0000
-346.7250 0.0000
-348.6109 0.0000
-349.3269 0.0000
-348.6703 0.0000
-347.7648 0.0000
-348.1627 0.0000
-348.8809 0.0000
-347.7732 0.0000
-347.7416 0.0000
-347.4474 0.0000
-348.4550 0.0000
-348.4456 0.0000
-349.3227 0.0000
-348.0596 0.0000
-350.0974 0.0000
-347.7079 0.0000
-347.7788 0.0000
-347.9223 0.0000
-348.0980 0.0000
-349.0436 0.0000
-347.8458 0.0000
-347.6569 0.0000
-347.2116 0.0000
-347.2770 0.0000
-348.1100 0.0000
-346.2326 0.0000
-346.1965 0.0000
-347.0556 0.0000
-348.3986 0.0000
-346.0672 0.0000
-347.2451 0.0000
-345.9414 0.0000
-347.9090 0.0000
-347.3624 0.0000
-346.7378 0.0000
-347.4763 0.0000
-346.8948 0.0000
-348.4065 0.0000
-347.8365 0.0000
-348.1526 0.0000
-348.4531 0.0000
-346.7761 0.0000
-348.5294 0.0000
-346.8837 0.0000
-348.6932 0.0000
-348.3584 0.0000
-346.7493 0.0000
-345.8719 0.0000
-346.8016 0.0000
-346.0190 0.0000
-345.7155 0.0000
-345.7872 0.0000
-344.9474 0.0000
-346.5165 0.0000
-346.0270 0.0000
-345.1795 0.0000
-345.3368 0.0000
-345.1783 0.0000
-346.3986 0.0000
-346.0276 0.0000
-344.8825 0.0000
-345.5732 0.0000
-346.8851 0.0000
-345.8694 0.0000
-344.5130 0.0000
-345.7871 0.0000
-345.8322 0.0000
-345.9850 0.0000
-345.4537 0.0000
-345.1010 0.0000
-344.9910 0.0000
-344.7337 0.0000
-345.8066 0.0000
-345.3031 0.0000
-346.1489 0.0000
-345.9820 0.0000
-345.5970 0.0000
-345.6378 0.0000
-345.7753 0.0000
-346.5833 0.0000
-345.3879 0.0000
-346.4523 0.0000
-344.9893 0.0000
-344.9106 0.0000
-344.7415 0.0000
-343.8107 0.0000
-345.5796 0.0000
-345.2146 0.0000
-344.6270 0.0000
-344.6723 0.0000
-345.9118 0.0000
-345.0537 0.0000
-345.2791 0.0000
-344.7031 0.0000
-344.1219 0.0000
-344.8315 0.0000
-345.0049 0.0000
-345.3731 0.0000
-345.8532 0.0000
-345.7675 0.0000
-346.8542 0.0000
-345.8129 0.0000
-344.6767 0.0000
-345.2352 0.0000
-344.6804 0.0000
-344.3580 0.0000
-343.8862 0.0000
-343.6679 0.0000
-344.9671 0.0000
-343.8605 0.0000
-343.4758 0.0000
-343.4229 0.0000
-343.6909 0.0000
-343.3818 0.0000
-343.0673 0.0000
-343.4188 0.0000
-343.7172 0.0000
-342.0635 0.0000
-342.8498 0.0000
-343.0469 0.0000
-342.8785 0.0000
-342.9751 0.0000
-342.9121 0.0000
-342.6209 0.0000
-343.0695 0.0000
-343.5270 0.0000
-343.1691 0.0000
-343.4522 0.0000
-343.8911 0.0000
-343.5838 0.0000
-343.6280 0.0000
-344.0902 0.0000
-344.1905 0.0000
-343.4709 0.0000
-343.7020 0.0000
-343.6996 0.0000
-344.1491 0.0000
-343.0321 0.0000
-343.3512 0.0000
-343.7234 0.0000
-343.6718 0.0000
-343.7279 0.0000
-344.5571 0.0000
-343.3368 0.0000
-344.0825 0.0000
-343.6956 0.0000
-343.3160 0.0000
-343.2775 0.0000
-342.8986 0.0000
-343.5666 0.0000
-343.0690 0.0000
-342.7551 0.0000
-342.6153 0.0000
-342.0538 0.0000
-342.0184 0.0000
-341.9383 0.0000
-342.9426 0.0000
-342.8496 0.0000
-342.6278 0.0000
-342.1619 0.0000
-342.6110 0.0000
-342.4590 0.0000
-343.3119 0.0000
-343.7144 0.0000
-343.9703 0.0000
-343.8091 0.0000
-342.9594 0.0000
-343.1007 0.0000
-342.7501 0.0000
-342.2736 0.0000
-341.6026 0.0000
-341.8273 0.0000
-341.9833 0.0000
-341.8995 0.0000
-342.1706 0.0000
-341.9549 0.0000
-342.2922 0.0000
-341.7275 0.0000
-341.7733 0.0000
-340.8075 0.0000
-340.1640 0.0000
-340.7392 0.0000
-340.4160 0.0000
-340.8354 0.0000
-340.4456 0.0000
-340.1853 0.0000
-339.7990 0.0000
-339.6886 0.0000
-340.5299 0.0000
-340.6029 0.0000
-340.5679 0.0000
-340.6598 0.0000
-341.3529 0.0000
-341.6443 0.0000
-341.5867 0.0000
-341.3092 0.0000
-341.3423 0.0000
-341.9672 0.0000
-341.8413 0.0000
-341.8984 0.0000
-341.7156 0.0000
-341.7280 0.0000
-342.1669 0.0000
-341.8342 0.0000
-341.5493 0.0000
-341.4754 0.0000
-341.8118 0.0000
-341.3893 0.0000
-341.1664 0.0000
-342.0578 0.0000
-342.4404 0.0000
-342.2094 0.0000
-342.7902 0.0000
-342.8484 0.0000
-342.7282 0.0000
-342.6382 0.0000
-343.0249 0.0000
-342.6382 0.0000
-342.7951 0.0000
-342.7324 0.0000
-343.6984 0.0000
-342.0661 0.0000
-342.4780 0.0000
-342.9149 0.0000
-343.4265 0.0000
-343.5533 0.0000
-344.1614 0.0000
-343.2720 0.0000
-343.8828 0.0000
-344.4995 0.0000
-344.7311 0.0000
-344.0674 0.0000
-343.5913 0.0000
-344.5299 0.0000
-344.2298 0.0000
-344.3010 0.0000
-344.0113 0.0000
-344.8252 0.0000
-346.3000 0.0000
-345.7114 0.0000
-346.8208 0.0000
-345.3543 0.0000
-346.6660 0.0000
-346.0661 0.0000
-347.0460 0.0000
-346.0123 0.0000
-346.1146 0.0000
-346.2661 0.0000
-346.2293 0.0000
-346.2208 0.0000
-346.2103 0.0000
-347.1539 0.0000
-346.3567 0.0000
-346.8441 0.0000
-346.2908 0.0000
-346.3176 0.0000
-346.1537 0.0000
-346.7770 0.0000
-346.5762 0.0000
-346.2995 0.0000
-346.2309 0.0000
-345.9012 0.0000
-346.7505 0.0000
-346.7065 0.0000
-346.5581 0.0000
-346.6218 0.0000
-346.6797 0.0000
-347.7146 0.0000
-346.3622 0.0000
-345.6380 0.0000
-346.8328 0.0000
-346.0242 0.0000
-346.3737 0.0000
-347.0299 0.0000
-346.6893 0.0000
-346.7404 0.0000
-345.8441 0.0000
-346.5708 0.0000
-346.8187 0.0000
-346.7244 0.0000
-347.0733 0.0000
-346.7593 0.0000
-346.8777 0.0000
-347.6578 0.0000
-347.1053 0.0000
-347.1101 0.0000
-347.7438 0.0000
-346.4625 0.0000
-347.8855 0.0000
-347.7221 0.0000
-347.5182 0.0000
-347.5294 0.0000
-347.6985 0.0000
-346.4744 0.0000
-346.3215 0.0000
-346.0879 0.0000
-346.7096 0.0000
-346.2044 0.0000
-345.4333 0.0000
-345.1754 0.0000
-345.3350 0.0000
-345.0364 0.0000
-345.2926 0.0000
-345.2759 0.0000
-345.5134 0.0000
-345.4347 0.0000
-344.5662 0.0000
-346.4442 0.0000
-345.6588 0.0000
-345.0826 0.0000
-345.1936 0.0000
-345.1312 0.0000
-344.5628 0.0000
-343.2526 0.0000
-343.6703 0.0000
-344.5610 0.0000
-343.8946 0.0000
-343.6024 0.0000
-343.9800 0.0000
-343.9326 0.0000
-342.1847 0.0000
-343.7163 0.0000
-343.9684 0.0000
-344.4204 0.0000
-343.8704 0.0000
-343.7926 0.0000
-343.9035 0.0000
-344.1186 0.0000
-345.3053 0.0000
-344.7625 0.0000
-344.7997 0.0000
-344.2412 0.0000
-344.5903 0.0000
-344.2030 0.0000
-343.8742 0.0000
-343.1641 0.0000
-344.1118 0.0000
-343.8742 0.0000
-344.0207 0.0000
-344.6494 0.0000
-344.7236 0.0000
-344.9595 0.0000
-344.8168 0.0000
-344.3343 0.0000
-344.7208 0.0000
-344.1796 0.0000
-344.8769 0.0000
-344.2156 0.0000
-345.2800 0.0000
-344.7813 0.0000
-344.2714 0.0000
-344.2962 0.0000
-344.2609 0.0000
-344.4930 0.0000
-344.1285 0.0000
-343.9866 0.0000
-343.3054 0.0000
-343.8743 0.0000
-343.8927 0.0000
-343.4590 0.0000
-343.6748 0.0000
-343.3323 0.0000
-343.7467 0.0000
-342.9635 0.0000
-343.2687 0.0000
-342.9475 0.0000
-342.4682 0.0000
-342.3112 0.0000
-342.2814 0.0000
-342.1113 0.0000
-342.0186 0.0000
-341.8556 0.0000
-342.2647 0.0000
-342.5330 0.0000
-342.2103 0.0000
-342.0217 0.0000
-342.5219 0.0000
-342.3492 0.0000
-342.5102 0.0000
-342.5180 0.0000
-342.7204 0.0000
-342.3562 0.0000
-341.8879 0.0000
-342.2325 0.0000
-342.6823 0.0000
-341.7776 0.0000
-341.5207 0.0000
-341.4644 0.0000
-341.2646 0.0000
-341.3824 0.0000
-341.9948 0.0000
-341.4856 0.0000
-340.8614 0.0000
-340.7929 0.0000
-340.2879 0.0000
-340.4958 0.0000
-340.5235 0.0000
-340.7102 0.0000
-340.6930 0.0000
-340.6336 0.0000
-340.9454 0.0000
-340.7862 0.0000
-340.3453 0.0000
-340.4228 0.0000
-340.3918 0.0000
-340.5817 0.0000
-340.9748 0.0000
-340.7038 0.0000
-340.8371 0.0000
-340.9395 0.0000
-340.9199 0.0000
-341.2128 0.0000
-340.7977 0.0000
-341.8019 0.0000
-341.8333 0.0000
-341.4497 0.0000
-341.1920 0.0000
-341.2124 0.0000
-340.9367 0.0000
-341.5145 0.0000
-341.3198 0.0000
-341.0006 0.0000
-341.2104 0.0000
-341.2700 0.0000
-341.4868 0.0000
-340.9059 0.0000
-342.2811 0.0000
-341.7284 0.0000
-341.1330 0.0000
-340.9373 0.0000
-341.4532 0.0000
-341.2781 0.0000
-341.4136 0.0000
-341.2995 0.0000
-341.3558 0.0000
-341.6951 0.0000
-341.3903 0.0000
-342.3083 0.0000
-342.4690 0.0000
-341.7426 0.0000
-341.1858 0.0000
-342.3467 0.0000
-342.2130 0.0000
-342.0752 0.0000
-342.3481 0.0000
-342.4175 0.0000
-342.0774 0.0000
-342.3565 0.0000
-342.3109 0.0000
-342.3095 0.0000
-342.8851 0.0000
-342.8691 0.0000
-343.7053 0.0000
-342.3561 0.0000
-342.1529 0.0000
-341.4621 0.0000
-342.6144 0.0000
-342.6624 0.0000
-341.3060 0.0000
-340.9928 0.0000
-341.5405 0.0000
-341.4053 0.0000
-340.8948 0.0000
-340.6930 0.0000
-341.0367 0.0000
-341.0576 0.0000
-341.0085 0.0000
-341.0905 0.0000
-341.2447 0.0000
-341.3438 0.0000
-341.4357 0.0000
-341.7510 0.0000
-341.9161 0.0000
-342.1156 0.0000
-342.0110 0.0000
-342.5046 0.0000
-342.1525 0.0000
-341.4831 0.0000
-342.3349 0.0000
-342.3733 0.0000
-342.4838 0.0000
-342.4451 0.0000
-342.0807 0.0000
-342.1611 0.0000
-342.2945 0.0000
-342.1264 0.0000
-342.3888 0.0000
-342.7000 0.0000
-342.0072 0.0000
-342.1829 0.0000
-342.7424 0.0000
-341.7370 0.0000
-342.0741 0.0000
-342.0471 0.0000
-342.5111 0.0000
-342.7527 0.0000
-342.4792 0.0000
-341.6865 0.0000
-342.6485 0.0000
-342.8673 0.0000
-342.7039 0.0000
-342.8527 0.0000
-343.4686 0.0000
-343.2201 0.0000
-343.6224 0.0000
-343.1146 0.0000
-344.0163 0.0000
-344.0659 0.0000
-344.1260 0.0000
-343.6180 0.0000
-343.9050 0.0000
-344.2770 0.0000
-344.0938 0.0000
-344.6332 0.0000
-345.5268 0.0000
-344.5612 0.0000
-344.4094 0.0000
-344.4076 0.0000
-344.9369 0.0000
-345.1384 0.0000
-345.3456 0.0000
-344.6744 0.0000
-345.7501 0.0000
-345.1322 0.0000
-344.5705 0.0000
-345.3881 0.0000
-345.0682 0.0000
-345.7967 0.0000
-345.7420 0.0000
-346.2470 0.0000
-345.6644 0.0000
-346.2487 0.0000
-345.4127 0.0000
-346.3303 0.0000
-346.8040 0.0000
-346.6379 0.0000
-346.6855 0.0000
-347.1080 0.0000
-346.5881 0.0000
-346.6210 0.0000
-346.2201 0.0000
-346.5723 0.0000
-346.0643 0.0000
-345.4880 0.0000
-345.7289 0.0000
-345.6937 0.0000
-346.0146 0.0000
-345.7404 0.0000
-346.0914 0.0000
-346.3525 0.0000
-346.1989 0.0000
-345.7221 0.0000
-345.8322 0.0000
-345.6335 0.0000
-346.7201 0.0000
-346.1979 0.0000
-345.9670 0.0000
-345.4196 0.0000
-346.8991 0.0000
-346.4308 0.0000
-347.8992 0.0000
-346.6212 0.0000
-346.3591 0.0000
-346.1325 0.0000
-345.3736 0.0000
-345.3354 0.0000
-345.2659 0.0000
-345.9333 0.0000
-345.0756 0.0000
-345.8170 0.0000
-346.4761 0.0000
-346.5009 0.0000
-347.1028 0.0000
-346.9828 0.0000
-345.5589 0.0000
-345.5951 0.0000
-346.4549 0.0000
-345.7363 0.0000
-344.8467 0.0000
-345.3827 0.0000
-345.1696 0.0000
-345.0278 0.0000
-345.3374 0.0000
-346.1961 0.0000
-344.3224 0.0000
-345.0479 0.0000
-343.6892 0.0000
-345.7846 0.0000
-345.0445 0.0000
-345.1057 0.0000
-345.3986 0.0000
-344.5727 0.0000
-346.0158 0.0000
-345.5803 0.0000
-345.9424 0.0000
-346.9723 0.0000
-347.3323 0.0000
-347.0625 0.0000
-347.4498 0.0000
-348.0295 0.0000
-347.3365 0.0000
-347.4289 0.0000
-347.8971 0.0000
-347.6294 0.0000
-346.9858 0.0000
-347.9231 0.0000
-348.5987 0.0000
-347.3726 0.0000
-347.9234 0.0000
-347.8701 0.0000
-348.2986 0.0000
-348.2977 0.0000
-348.2114 0.0000
-347.2317 0.0000
-346.1821 0.0000
-346.6831 0.0000
-346.2612 0.0000
-346.2983 0.0000
-346.0596 0.0000
-346.0467 0.0000
-344.8555 0.0000
-346.3424 0.0000
-347.2732 0.0000
-346.1046 0.0000
-346.2142 0.0000
-346.2226 0.0000
-347.1496 0.0000
-345.9161 0.0000
-346.1079 0.0000
-345.7653 0.0000
-345.2912 0.0000
-345.1954 0.0000
-344.9298 0.0000
-344.3740 0.0000
-344.9555 0.0000
-345.7559 0.0000
-346.0545 0.0000
-346.5674 0.0000
-347.2806 0.0000
-346.9435 0.0000
-345.8202 0.0000
-346.2975 0.0000
-346.0627 0.0000
-345.3398 0.0000
-346.8174 0.0000
-346.5584 0.0000
-346.3647 0.0000
-346.3373 0.0000
-346.9337 0.0000
-346.8479 0.0000
-346.8820 0.0000
-346.6910 0.0000
-347.3243 0.0000
-346.0932 0.0000
-347.2044 0.0000
-346.7824 0.0000
-347.1201 0.0000
-345.8584 0.0000
-347.0901 0.0000
-346.8626 0.0000
-347.0167 0.0000
-345.7651 0.0000
-346.4058 0.0000
-345.6990 0.0000
-346.2778 0.0000
-346.3011 0.0000
-345.8362 0.0000
-347.1049 0.0000
-345.6215 0.0000
-346.7551 0.0000
-345.5516 0.0000
-345.6113 0.0000
-346.0738 0.0000
-345.1676 0.0000
-344.2676 0.0000
-345.1125 0.0000
-345.3356 0.0000
-345.5042 0.0000
-346.9603 0.0000
-347.6034 0.0000
-347.7832 0.0000
-347.4804 0.0000
-348.6471 0.0000
-349.3336 0.0000
-348.7559 0.0000
-349.5368 0.0000
-348.4475 0.0000
-348.6585 0.0000
-347.6319 0.0000
-348.1750 0.0000
-347.5135 0.0000
-346.7426 0.0000
-346.7031 0.0000
-346.7709 0.0000
-346.3749 0.0000
-347.5807 0.0000
-346.8486 0.0000
-346.2421 0.0000
-345.5320 0.0000
-345.1912 0.0000
-345.5450 0.0000
-346.1662 0.0000
-345.6494 0.0000
-346.5884 0.0000
-347.0971 0.0000
-346.8062 0.0000
-346.2509 0.0000
-346.7155 0.0000
-345.8570 0.0000
-346.8692 0.0000
-347.5624 0.0000
-349.3138 0.0000
-348.6107 0.0000
-348.9014 0.0000
-349.1267 0.0000
-348.6962 0.0000
-350.1301 0.0000
-349.8760 0.0000
-349.2730 0.0000
-350.4841 0.0000
-352.1181 0.0000
-352.8881 0.0000
-351.3372 0.0000
-351.7099 0.0000
-352.4637 0.0000
-352.7846 0.0000
-353.0193 0.0000
-352.7422 0.0000
-353.6715 0.0000
-352.2578 0.0000
-356.0947 0.0000
-356.3981 0.0000
-356.5102 0.0000
-356.0085 0.0000
-355.8844 0.0000
-356.4731 0.0000
-356.9841 0.0000
-356.6793 0.0000
-354.2884 0.0000
-355.2284 0.0000
-357.9486 0.0000
-359.4064 0.0000
-358.3015 0.0000
-359.3304 0.0000
-358.6183 0.0000
-360.7353 0.0000
-358.5724 0.0000
-358.7810 0.0000
-359.9300 0.0000
-359.4166 0.0000
-359.0240 0.0000
-359.8241 0.0000
-359.0992 0.0000
-360.4151 0.0000
-361.8949 0.0000
-359.3037 0.0000
-358.3030 0.0000
-357.5041 0.0000
-358.6209 0.0000
-358.3707 0.0000
-358.6416 0.0000
-357.1002 0.0000
-356.2437 0.0000
-356.7088 0.0000
-356.0096 0.0000
-356.8330 0.0000
-355.3162 0.0000
-356.4993 0.0000
-355.0263 0.0000
-355.8895 0.0000
-356.0201 0.0000
-356.4052 0.0000
-355.3280 0.0000
-356.4967 0.0000
-357.1997 0.0000
-355.8234 0.0000
-357.6163 0.0000
-358.2196 0.0000
-355.7228 0.0000
-356.7455 0.0000
-356.5406 0.0000
-356.3044 0.0000
-356.0069 0.0000
-355.4422 0.0000
-355.4275 0.0000
-356.0457 0.0000
-354.8284 0.0000
-356.2278 0.0000
-355.4071 0.0000
-355.2851 0.0000
-355.5601 0.0000
-355.2148 0.0000
-354.4981 0.0000
-354.9698 0.0000
-355.1023 0.0000
-354.2689 0.0000
-353.6295 0.0000
-353.9146 0.0000
-354.8591 0.0000
-352.4852 0.0000
-353.7465 0.0000
-353.1718 0.0000
-352.2314 0.0000
-352.4558 0.0000
-352.1496 0.0000
-352.8325 0.0000
-352.0447 0.0000
-350.7775 0.0000
-351.5558 0.0000
-354.6810 0.0000
-352.6634 0.0000
-354.0059 0.0000
-355.2234 0.0000
-354.6098 0.0000
-355.7875 0.0000
-354.9802 0.0000
-354.6131 0.0000
-354.5169 0.0000
-353.8249 0.0000
-354.1098 0.0000
-355.6442 0.0000
-354.6715 0.0000
-355.8454 0.0000
-354.7078 0.0000
-356.5635 0.0000
-353.7408 0.0000
-355.5497 0.0000
-355.9588 0.0000
-356.1638 0.0000
-355.6074 0.0000
-354.7592 0.0000
-354.2651 0.0000
-353.6966 0.0000
-354.0248 0.0000
-353.8931 0.0000
-354.7049 0.0000
-355.7560 0.0000
-353.6119 0.0000
-352.4316 0.0000
-353.8536 0.0000
-351.8410 0.0000
-350.8470 0.0000
-350.3285 0.0000
-350.9466 0.0000
-351.1034 0.0000
-350.9722 0.0000
-350.7326 0.0000
-350.3182 0.0000
-350.0420 0.0000
-350.6879 0.0000
-350.1172 0.0000
-349.9184 0.0000
-350.3148 0.0000
-350.2508 0.0000
-350.5850 0.0000
-350.5411 0.0000
-349.8406 0.0000
-349.3924 0.0000
-349.3729 0.0000
-349.8624 0.0000
-348.0362 0.0000
-346.4768 0.0000
-348.8376 0.0000
-347.0227 0.0000
-347.5166 0.0000
-345.5437 0.0000
-347.4637 0.0000
-348.0866 0.0000
-348.2821 0.0000
-346.8531 0.0000
-348.1454 0.0000
-348.6624 0.0000
-347.7105 0.0000
-348.4219 0.0000
-351.0117 0.0000
-349.7338 0.0000
-350.8407 0.0000
-351.7270 0.0000
-352.2228 0.0000
-352.5778 0.0000
-353.7374 0.0000
-353.7377 0.0000
-351.6288 0.0000
-352.3466 0.0000
-350.9153 0.0000
-351.4373 0.0000
-353.6572 0.0000
-352.6195 0.0000
-351.2788 0.0000
-351.8720 0.0000
-351.6648 0.0000
-352.0000 0.0000
-351.6681 0.0000
-351.8559 0.0000
-351.7668 0.0000
-352.0192 0.0000
-351.4691 0.0000
-351.7402 0.0000
-351.7181 0.0000
-351.2703 0.0000
-351.6272 0.0000
-351.6843 0.0000
-350.4622 0.0000
-350.9663 0.0000
-351.7788 0.0000
-351.3526 0.0000
-351.7044 0.0000
-351.6620 0.0000
-350.2857 0.0000
-352.5136 0.0000
-352.7529 0.0000
-352.8547 0.0000
-353.0456 0.0000
-353.8231 0.0000
-356.5328 0.0000
-353.9727 0.0000
-355.7297 0.0000
-353.7493 0.0000
-353.7366 0.0000
-354.4619 0.0000
-353.8244 0.0000
-354.6256 0.0000
-354.5106 0.0000
-354.9214 0.0000
-355.1425 0.0000
-355.0875 0.0000
-354.8900 0.0000
-354.8189 0.0000
-355.6393 0.0000
-354.8366 0.0000
-352.7764 0.0000
-353.6738 0.0000
-355.4875 0.0000
-354.7313 0.0000
-354.0096 0.0000
-354.0394 0.0000
-352.7791 0.0000
-353.1619 0.0000
-353.8281 0.0000
-354.2048 0.0000
-353.7362 0.0000
-353.4773 0.0000
-355.4683 0.0000
-355.4058 0.0000
-357.5279 0.0000
-358.0510 0.0000
-357.0317 0.0000
-359.0521 0.0000
-358.7962 0.0000
-358.3760 0.0000
-357.4102 0.0000
-360.4205 0.0000
-362.1552 0.0000
-360.1936 0.0000
-361.6682 0.0000
-360.6339 0.0000
-359.9935 0.0000
-359.0697 0.0000
-357.6290 0.0000
-357.4440 0.0000
-356.9769 0.0000
-357.8232 0.0000
-358.3330 0.0000
-359.3619 0.0000
-357.4847 0.0000
-357.4791 0.0000
-359.1773 0.0000
-357.8616 0.0000
-356.8506 0.0000
-356.0264 0.0000
-355.2255 0.0000
-356.5025 0.0000
-355.8578 0.0000
-356.2930 0.0000
-354.9891 0.0000
-357.0245 0.0000
-358.0047 0.0000
-358.4357 0.0000
-355.6303 0.0000
-356.7284 0.0000
-355.4130 0.0000
-355.4094 0.0000
-356.8455 0.0000
-356.6323 0.0000
-356.8132 0.0000
-356.4354 0.0000
-356.7525 0.0000
-356.5803 0.0000
-356.0624 0.0000
-356.4960 0.0000
-356.1140 0.0000
-355.4304 0.0000
-356.7475 0.0000
-354.9872 0.0000
-358.2217 0.0000
-357.7444 0.0000
-358.9117 0.0000
-359.0558 0.0000
-361.1672 0.0000
-359.5788 0.0000
-358.3837 0.0000
-357.4728 0.0000
-357.6438 0.0000
-358.6029 0.0000
-359.6662 0.0000
-359.9990 0.0000
-360.4485 0.0000
-358.9994 0.0000
-361.4074 0.0000
-363.2613 0.0000
-361.0565 0.0000
-361.0648 0.0000
-361.2983 0.0000
-360.1537 0.0000
-361.2813 0.0000
-362.5037 0.0000
-360.4077 0.0000
-361.5145 0.0000
-359.3445 0.0000
-357.8968 0.0000
-358.4175 0.0000
-358.2022 0.0000
-356.8039 0.0000
-356.8083 0.0000
-356.7958 0.0000
-357.7737 0.0000
-356.1251 0.0000
-358.1115 0.0000
-358.5400 0.0000
-356.5994 0.0000
-354.5054 0.0000
-354.5067 0.0000
-355.7325 0.0000
-354.4181 0.0000
-357.4944 0.0000
-357.4771 0.0000
-356.6869 0.0000
-358.2752 0.0000
-357.1974 0.0000
-357.7145 0.0000
-358.7075 0.0000
-358.6716 0.0000
-359.7311 0.0000
-361.4479 0.0000
-359.1389 0.0000
-356.7258 0.0000
-355.5905 0.0000
-356.9260 0.0000
-356.7223 0.0000
-357.5326 0.0000
-357.4655 0.0000
-359.2348 0.0000
-357.5320 0.0000
-357.5700 0.0000
-360.2766 0.0000
-357.6731 0.0000
-357.8198 0.0000
-358.1447 0.0000
-357.8141 0.0000
-357.0806 0.0000
-357.5677 0.0000
-359.5268 0.0000
-358.6242 0.0000
-358.9165 0.0000
-359.9671 0.0000
-360.1156 0.0000
-360.3834 0.0000
-359.5620 0.0000
-358.3614 0.0000
-357.0830 0.0000
-357.5594 0.0000
-356.6255 0.0000
-358.4557 0.0000
-360.3595 0.0000
-359.0504 0.0000
-359.3386 0.0000
-358.1507 0.0000
-359.2089 0.0000
-360.2404 0.0000
-358.2683 0.0000
-360.8726 0.0000
-361.1376 0.0000
-360.5267 0.0000
-359.9567 0.0000
-360.5907 0.0000
-361.3018 0.0000
-359.8651 0.0000
-360.2026 0.0000
-361.2833 0.0000
-360.3840 0.0000
-358.0972 0.0000
-361.0538 0.0000
-361.4972 0.0000
-363.1647 0.0000
-361.8622 0.0000
-364.7365 0.0000
-367.8350 0.0000
-367.1737 0.0000
-366.9631 0.0000
-369.2520 0.0000
-368.1174 0.0000
-368.3425 0.0000
-368.8854 0.0000
-367.8172 0.0000
-368.2818 0.0000
-368.6351 0.0000
-369.7631 0.0000
-365.9938 0.0000
-369.2122 0.0000
-368.1199 0.0000
-367.1054 0.0000
-365.2659 0.0000
-368.2497 0.0000
-368.7385 0.0000
-367.6695 0.0000
-370.6051 0.0000
-366.4462 0.0000
-368.8753 0.0000
-365.9219 0.0000
-366.5746 0.0000
-368.0404 0.0000
-368.8482 0.0000
-369.0334 0.0000
-368.9465 0.0000
-367.2950 0.0000
-367.7273 0.0000
-369.0131 0.0000
-367.2477 0.0000
-366.7650 0.0000
-367.2269 0.0000
-369.0106 0.0000
-366.7449 0.0000
-366.9761 0.0000
-368.1884 0.0000
-366.1270 0.0000
-370.1591 0.0000
-366.3497 0.0000
-366.2295 0.0000
-366.6221 0.0000
-366.9965 0.0000
-364.8869 0.0000
-365.2706 0.0000
-364.7949 0.0000
-364.5873 0.0000
-364.3004 0.0000
-363.8652 0.0000
-365.2198 0.0000
-362.1089 0.0000
-364.4027 0.0000
-365.8534 0.0000
-367.2285 0.0000
-365.7618 0.0000
-364.0944 0.0000
-366.8597 0.0000
-364.3403 0.0000
-364.1859 0.0000
-365.3510 0.0000
-363.9177 0.0000
-365.6281 0.0000
-364.1612 0.0000
-364.8878 0.0000
-364.3005 0.0000
-364.1397 0.0000
-366.2062 0.0000
-368.4966 0.0000
-365.1302 0.0000
-367.0552 0.0000
-365.2339 0.0000
-363.5057 0.0000
-363.3629 0.0000
-363.3194 0.0000
-362.4408 0.0000
-364.1454 0.0000
-364.1548 0.0000
-363.8942 0.0000
-364.5421 0.0000
-367.0357 0.0000
-363.4758 0.0000
-363.0012 0.0000
-365.5621 0.0000
-368.0682 0.0000
-367.5660 0.0000
-368.1338 0.0000
-365.6079 0.0000
-367.4271 0.0000
-364.5781 0.0000
-365.7050 0.0000
-365.9519 0.0000
-366.6879 0.0000
-365.9038 0.0000
-365.0264 0.0000
-365.2606 0.0000
-364.8954 0.0000
-364.6512 0.0000
-363.8763 0.0000
-364.5030 0.0000
-366.0091 0.0000
-363.6259 0.0000
-363.0402 0.0000
-363.5001 0.0000
-366.2043 0.0000
-366.8975 0.0000
-368.4313 0.0000
-365.6749 0.0000
-367.4922 0.0000
-366.1357 0.0000
-365.7971 0.0000
-365.3743 0.0000
-362.6049 0.0000
-366.2428 0.0000
-366.2274 0.0000
-363.9428 0.0000
-364.0802 0.0000
-363.3045 0.0000
-363.3616 0.0000
-365.3111 0.0000
-365.8942 0.0000
-365.4138 0.0000
-365.8097 0.0000
-368.1178 0.0000
-367.1655 0.0000
-364.9226 0.0000
-369.2286 0.0000
-370.3617 0.0000
-368.1778 0.0000
-366.8257 0.0000
-369.6181 0.0000
-367.9010 0.0000
-367.6050 0.0000
-367.6882 0.0000
-365.1781 0.0000
-369.5190 0.0000
-367.7246 0.0000
-368.2227 0.0000
-368.7984 0.0000
-364.2428 0.0000
-369.1810 0.0000
-369.4035 0.0000
-369.2063 0.0000
-370.3357 0.0000
-369.7721 0.0000
-371.1561 0.0000
-368.9456 0.0000
-369.0288 0.0000
-370.5572 0.0000
-370.1324 0.0000
-367.6416 0.0000
-370.8783 0.0000
-371.3010 0.0000
-371.9604 0.0000
-370.4001 0.0000
-369.1696 0.0000
-370.2485 0.0000
-369.8315 0.0000
-368.8148 0.0000
-368.9339 0.0000
-370.8334 0.0000
-369.5374 0.0000
-369.6346 0.0000
-371.5659 0.0000
-372.9525 0.0000
-370.2018 0.0000
-369.3244 0.0000
-371.0866 0.0000
-371.2105 0.0000
-371.8158 0.0000
-369.1359 0.0000
-367.9956 0.0000
-369.3279 0.0000
-369.0110 0.0000
-369.5049 0.0000
-369.3187 0.0000
-367.6922 0.0000
-367.6752 0.0000
-365.4155 0.0000
-367.5792 0.0000
-363.0272 0.0000
-362.1381 0.0000
-362.2598 0.0000
-360.8633 0.0000
-359.1933 0.0000
-360.4539 0.0000
-362.6277 0.0000
-359.7267 0.0000
-361.2697 0.0000
-361.6870 0.0000
-363.0594 0.0000
-361.0947 0.0000
-363.0133 0.0000
-360.0494 0.0000
-358.3628 0.0000
-360.9592 0.0000
-359.9281 0.0000
-360.5897 0.0000
-361.5442 0.0000
-360.1706 0.0000
-358.8696 0.0000
-360.7145 0.0000
-359.7379 0.0000
-361.4716 0.0000
-362.5268 0.0000
-360.0748 0.0000
-359.9109 0.0000
-360.2480 0.0000
-360.5453 0.0000
-361.1239 0.0000
-359.9986 0.0000
-359.1159 0.0000
-359.4071 0.0000
-361.4912 0.0000
-360.5425 0.0000
-359.6999 0.0000
-358.6046 0.0000
-360.3158 0.0000
-361.9439 0.0000
-360.5584 0.0000
-361.6678 0.0000
-360.0482 0.0000
-362.2902 0.0000
-362.8908 0.0000
-365.4520 0.0000
-363.6266 0.0000
-362.3761 0.0000
-362.1903 0.0000
-368.3211 0.0000
-368.1518 0.0000
-368.3277 0.0000
-369.3551 0.0000
-370.2625 0.0000
-368.5284 0.0000
-367.1811 0.0000
-367.7711 0.0000
-368.5089 0.0000
-368.5843 0.0000
-369.4527 0.0000
-371.4417 0.0000
-367.3780 0.0000
-371.1989 0.0000
-369.0367 0.0000
-366.7769 0.0000
-368.8960 0.0000
-367.6957 0.0000
-369.0892 0.0000
-368.5286 0.0000
-370.3962 0.0000
-367.0256 0.0000
-366.1117 0.0000
-367.7290 0.0000
-367.6392 0.0000
-369.0572 0.0000
-370.3398 0.0000
-368.9103 0.0000
-369.5158 0.0000
-370.3210 0.0000
-371.7031 0.0000
-372.3520 0.0000
-370.8676 0.0000
-369.5824 0.0000
-369.9972 0.0000
-371.4271 0.0000
-370.8740 0.0000
-369.6598 0.0000
-370.9827 0.0000
-372.7448 0.0000
-370.9595 0.0000
-371.4112 0.0000
-369.6679 0.0000
-371.7875 0.0000
-372.1181 0.0000
-372.1308 0.0000
-372.8784 0.0000
-373.3955 0.0000
-371.6580 0.0000
-373.3402 0.0000
-374.9199 0.0000
-373.9313 0.0000
-371.6229 0.0000
-373.5321 0.0000
-372.9292 0.0000
-373.1976 0.0000
-372.0108 0.0000
-371.7995 0.0000
-372.9158 0.0000
-375.0707 0.0000
-373.5043 0.0000
-372.6834 0.0000
-374.3073 0.0000
-374.4438 0.0000
-373.8699 0.0000
-373.6693 0.0000
-373.6822 0.0000
-374.5248 0.0000
-373.3448 0.0000
-372.2847 0.0000
-372.6735 0.0000
-373.2901 0.0000
-374.1105 0.0000
-371.7060 0.0000
-372.6240 0.0000
-369.4381 0.0000
-373.3368 0.0000
-373.2018 0.0000
-376.7214 0.0000
-376.0222 0.0000
-375.9663 0.0000
-376.7441 0.0000
-376.9330 0.0000
-378.1071 0.0000
-376.5550 0.0000
-375.4751 0.0000
-376.8502 0.0000
-377.6513 0.0000
-378.1655 0.0000
-377.6020 0.0000
-375.8092 0.0000
-375.8019 0.0000
-375.4469 0.0000
-377.9623 0.0000
-381.3796 0.0000
-379.2048 0.0000
-380.0769 0.0000
-384.3562 0.0000
-380.0178 0.0000
-382.2359 0.0000
-380.9330 0.0000
-382.7738 0.0000
-379.4896 0.0000
-377.1950 0.0000
-374.8607 0.0000
-373.5662 0.0000
-372.7129 0.0000
-371.9166 0.0000
-373.0575 0.0000
-371.0769 0.0000
-372.9219 0.0000
-373.9738 0.0000
-374.7810 0.0000
-373.6455 0.0000
-374.2330 0.0000
-373.0016 0.0000
-374.3949 0.0000
-373.1933 0.0000
-373.2627 0.0000
-376.6027 0.0000
-376.8645 0.0000
-376.4157 0.0000
-377.7415 0.0000
-376.2219 0.0000
-377.7799 0.0000
-375.4696 0.0000
-375.5945 0.0000
-373.1539 0.0000
-379.0109 0.0000
-380.8858 0.0000
-380.5377 0.0000
-381.6132 0.0000
-379.9124 0.0000
-378.0988 0.0000
-378.6521 0.0000
-377.1900 0.0000
-377.7117 0.0000
-379.4310 0.0000
-377.7561 0.0000
-381.1050 0.0000
-381.5512 0.0000
-379.5924 0.0000
-379.2979 0.0000
-379.2426 0.0000
-378.5017 0.0000
-378.0800 0.0000
-377.1578 0.0000
-377.5128 0.0000
-374.7570 0.0000
-374.5114 0.0000
-372.9538 0.0000
-370.8700 0.0000
-369.9778 0.0000
-371.5879 0.0000
-369.9072 0.0000
-370.4671 0.0000
-368.8106 0.0000
-368.1206 0.0000
-371.2006 0.0000
-370.4745 0.0000
-373.2734 0.0000
-372.7609 0.0000
-371.5754 0.0000
-372.5253 0.0000
-374.6042 0.0000
-372.4178 0.0000
-374.2280 0.0000
-375.5485 0.0000
-375.0579 0.0000
-372.4322 0.0000
-374.1715 0.0000
-372.5552 0.0000
-370.2379 0.0000
-370.9774 0.0000
-371.3068 0.0000
-369.2222 0.0000
-369.0421 0.0000
-369.6860 0.0000
-372.4166 0.0000
-369.7675 0.0000
-368.7992 0.0000
-366.6963 0.0000
-367.2093 0.0000
-366.4187 0.0000
-366.8773 0.0000
-366.3194 0.0000
-366.5750 0.0000
-366.1533 0.0000
-368.5689 0.0000
-370.3750 0.0000
-370.0458 0.0000
-368.7520 0.0000
-370.4737 0.0000
-369.5290 0.0000
-371.7814 0.0000
-370.2073 0.0000
-368.4657 0.0000
-368.8785 0.0000
-370.5130 0.0000
-371.2236 0.0000
-369.6026 0.0000
-368.5954 0.0000
-370.1796 0.0000
-368.7526 0.0000
-370.2419 0.0000
-370.7066 0.0000
-371.2078 0.0000
-373.2178 0.0000
-373.0480 0.0000
-371.2870 0.0000
-370.3117 0.0000
-374.4095 0.0000
-373.3458 0.0000
-375.1118 0.0000
-375.4993 0.0000
-376.3304 0.0000
-374.6550 0.0000
-374.1077 0.0000
-372.3325 0.0000
-371.9906 0.0000
-374.9706 0.0000
-371.9930 0.0000
-372.9547 0.0000
-373.4689 0.0000
-373.5662 0.0000
-373.9892 0.0000
-373.7770 0.0000
-371.4271 0.0000
-370.2648 0.0000
-374.1150 0.0000
-372.3614 0.0000
-372.9231 0.0000
-372.6788 0.0000
-371.4427 0.0000
-374.6533 0.0000
-374.4706 0.0000
-375.2745 0.0000
-372.0281 0.0000
-370.6543 0.0000
-371.1509 0.0000
-371.0946 0.0000
-370.3647 0.0000
-372.7172 0.0000
-368.8354 0.0000
-369.2809 0.0000
-370.8598 0.0000
-372.8744 0.0000
-369.4922 0.0000
-365.4137 0.0000
-367.6217 0.0000
-370.4846 0.0000
-369.8779 0.0000
-370.4529 0.0000
-370.8020 0.0000
-371.2689 0.0000
-372.5456 0.0000
-371.4958 0.0000
-369.9235 0.0000
-370.4483 0.0000
-369.6358 0.0000
-371.6284 0.0000
-372.1008 0.0000
-372.8960 0.0000
-373.9720 0.0000
-371.6370 0.0000
-371.0969 0.0000
-373.0123 0.0000
-369.5037 0.0000
-373.0465 0.0000
-368.2271 0.0000
-369.9547 0.0000
-371.5125 0.0000
-370.6870 0.0000
-366.2307 0.0000
-365.6838 0.0000
-367.1173 0.0000
-368.2401 0.0000
-368.6893 0.0000
-365.9282 0.0000
-367.6811 0.0000
-366.7676 0.0000
-364.5198 0.0000
-362.1453 0.0000
-367.2991 0.0000
-368.2301 0.0000
-364.9895 0.0000
-364.0610 0.0000
-364.2913 0.0000
-363.5328 0.0000
-365.0259 0.0000
-362.1666 0.0000
-364.3312 0.0000
-363.3080 0.0000
-364.3266 0.0000
-364.7230 0.0000
-361.9468 0.0000
-360.7900 0.0000
-360.0577 0.0000
-360.9049 0.0000
-359.7399 0.0000
-362.5424 0.0000
-363.5448 0.0000
-360.5522 0.0000
-359.4001 0.0000
-359.8349 0.0000
-359.1839 0.0000
-358.5437 0.0000
-357.0486 0.0000
-354.9261 0.0000
-354.7984 0.0000
-355.0976 0.0000
-355.0525 0.0000
-355.8567 0.0000
-354.7744 0.0000
-355.1797 0.0000
-354.6383 0.0000
-354.9618 0.0000
-354.8401 0.0000
-355.5887 0.0000
-356.4235 0.0000
-355.3181 0.0000
-356.3211 0.0000
-356.2473 0.0000
-357.3140 0.0000
-354.0103 0.0000
-356.9899 0.0000
-357.5182 0.0000
-357.8450 0.0000
-355.8244 0.0000
-359.3701 0.0000
-360.8324 0.0000
-358.5376 0.0000
-362.3351 0.0000
-362.9979 0.0000
-364.8309 0.0000
-362.5570 0.0000
-362.2206 0.0000
-360.2982 0.0000
-358.7337 0.0000
-362.2528 0.0000
-358.7866 0.0000
-358.8148 0.0000
-360.7739 0.0000
-362.0884 0.0000
-362.0349 0.0000
-363.1612 0.0000
-361.9440 0.0000
-361.7234 0.0000
-361.8533 0.0000
-363.5765 0.0000
-364.4154 0.0000
-363.6859 0.0000
-360.9942 0.0000
-361.7173 0.0000
-361.6002 0.0000
-362.3965 0.0000
-364.7847 0.0000
-363.7083 0.0000
-365.7531 0.0000
-365.1375 0.0000
-363.2812 0.0000
-360.6612 0.0000
-360.6364 0.0000
-362.0744 0.0000
-361.5471 0.0000
-362.2610 0.0000
-362.5094 0.0000
-363.7670 0.0000
-358.5412 0.0000
-358.4908 0.0000
-358.2626 0.0000
-357.9445 0.0000
-358.6734 0.0000
-360.7314 0.0000
-360.2306 0.0000
-361.0742 0.0000
-359.6174 0.0000
-357.8783 0.0000
-357.9684 0.0000
-360.7681 0.0000
-361.7970 0.0000
-361.2219 0.0000
-362.3329 0.0000
-363.3348 0.0000
-358.7899 0.0000
-360.0303 0.0000
-360.6144 0.0000
-362.1040 0.0000
-363.3440 0.0000
-363.0733 0.0000
-362.0263 0.0000
-362.3507 0.0000
-363.0236 0.0000
-359.9594 0.0000
-359.3071 0.0000
-360.7094 0.0000
-361.8923 0.0000
-362.2505 0.0000
-363.1662 0.0000
-362.4654 0.0000
-360.7199 0.0000
-363.3313 0.0000
-363.2276 0.0000
-363.2976 0.0000
-363.3787 0.0000
-361.4850 0.0000
-365.1828 0.0000
-364.4428 0.0000
-365.4756 0.0000
-366.2362 0.0000
-366.4698 0.0000
-366.3672 0.0000
-363.5946 0.0000
-364.5344 0.0000
-368.5378 0.0000
-367.5971 0.0000
-369.6460 0.0000
-370.9718 0.0000
-367.5371 0.0000
-368.4752 0.0000
-367.8947 0.0000
-368.4769 0.0000
-370.5090 0.0000
-367.5338 0.0000
-371.3121 0.0000
-370.8730 0.0000
-370.8321 0.0000
-370.8730 0.0000
-370.3878 0.0000
-371.1575 0.0000
-368.2373 0.0000
-371.4856 0.0000
-373.5013 0.0000
-371.2067 0.0000
-374.2572 0.0000
-374.1771 0.0000
-375.5041 0.0000
-378.3568 0.0000
-377.6609 0.0000
-376.0996 0.0000
-374.9476 0.0000
-373.3870 0.0000
-369.7581 0.0000
-366.5240 0.0000
-368.5892 0.0000
-368.2899 0.0000
-370.0982 0.0000
-371.3197 0.0000
-372.0488 0.0000
-372.0265 0.0000
-371.2264 0.0000
-369.9986 0.0000
-370.0171 0.0000
-370.0711 0.0000
-372.1706 0.0000
-371.6738 0.0000
-373.2393 0.0000
-372.5855 0.0000
-372.4386 0.0000
-370.0119 0.0000
-370.1726 0.0000
-369.5150 0.0000
-370.3965 0.0000
-369.5678 0.0000
-372.0170 0.0000
-367.9626 0.0000
-372.1797 0.0000
-370.1587 0.0000
-372.2554 0.0000
-371.6511 0.0000
-372.4555 0.0000
-371.1857 0.0000
-371.5099 0.0000
-370.1203 0.0000
-370.1448 0.0000
-372.2171 0.0000
-373.2485 0.0000
-372.6388 0.0000
-373.9689 0.0000
-372.9494 0.0000
-369.6036 0.0000
-370.2994 0.0000
-371.1974 0.0000
-373.0494 0.0000
-373.8029 0.0000
-373.5109 0.0000
-371.9182 0.0000
-371.6357 0.0000
-371.2602 0.0000
-371.8212 0.0000
-371.0932 0.0000
-372.3282 0.0000
-371.5458 0.0000
-373.3343 0.0000
-375.2327 0.0000
-373.5882 0.0000
-370.1997 0.0000
-371.3373 0.0000
-372.1466 0.0000
-372.3405 0.0000
-371.5677 0.0000
-370.4228 0.0000
-372.5296 0.0000
-370.6578 0.0000
-372.2608 0.0000
-369.7958 0.0000
-369.7598 0.0000
-368.3814 0.0000
-369.5982 0.0000
-370.9867 0.0000
-368.4256 0.0000
-372.2354 0.0000
-374.2771 0.0000
-373.0282 0.0000
-372.7244 0.0000
-372.4724 0.0000
-372.1405 0.0000
-373.8393 0.0000
-372.0780 0.0000
-373.6145 0.0000
-372.8191 0.0000
-373.2584 0.0000
-371.7057 0.0000
-371.1548 0.0000
-375.6016 0.0000
-373.7198 0.0000
-374.2834 0.0000
-372.4612 0.0000
-375.3654 0.0000
-373.2312 0.0000
-375.0644 0.0000
-373.3194 0.0000
-371.8756 0.0000
-375.0374 0.0000
-371.8322 0.0000
-374.1779 0.0000
-374.4809 0.0000
-374.0481 0.0000
-372.3586 0.0000
-371.8328 0.0000
-373.9093 0.0000
-376.5008 0.0000
-378.0932 0.0000
-379.1541 0.0000
-377.2807 0.0000
-378.5199 0.0000
-377.1789 0.0000
-380.3884 0.0000
-378.6724 0.0000
-380.8424 0.0000
-381.1290 0.0000
-380.5295 0.0000
-380.6365 0.0000
-382.1640 0.0000
-382.9183 0.0000
-383.1179 0.0000
-382.9599 0.0000
-383.2626 0.0000
-386.2993 0.0000
-386.1610 0.0000
-384.2877 0.0000
-384.2417 0.0000
-382.3172 0.0000
-386.8709 0.0000
-388.3050 0.0000
-389.4663 0.0000
-392.0463 0.0000
-390.2114 0.0000
-390.4848 0.0000
-391.0352 0.0000
-391.4076 0.0000
-389.0059 0.0000
-391.4483 0.0000
-388.5768 0.0000
-390.3379 0.0000
-391.4477 0.0000
-388.7481 0.0000
-392.2761 0.0000
-394.3215 0.0000
-391.5481 0.0000
-392.1609 0.0000
-392.9671 0.0000
-394.0378 0.0000
-391.9085 0.0000
-394.1795 0.0000
-395.2773 0.0000
-394.0099 0.0000
-391.9747 0.0000
-391.4793 0.0000
-391.4363 0.0000
-391.6177 0.0000
-390.3561 0.0000
-392.4284 0.0000
-391.2099 0.0000
-388.7164 0.0000
-389.1453 0.0000
-390.3551 0.0000
-390.3950 0.0000
-392.3637 0.0000
-393.4546 0.0000
-393.0098 0.0000
-388.1698 0.0000
-390.1230 0.0000
-387.9563 0.0000
-390.2647 0.0000
-391.1607 0.0000
-391.3712 0.0000
-390.1214 0.0000
-389.0666 0.0000
-388.4274 0.0000
-389.8383 0.0000
-389.9908 0.0000
-389.3360 0.0000
-387.7792 0.0000
-389.4008 0.0000
-388.0323 0.0000
-389.4345 0.0000
-387.7111 0.0000
-387.0892 0.0000
-387.9611 0.0000
-391.1977 0.0000
-388.7742 0.0000
-391.1351 0.0000
-389.8817 0.0000
-386.9391 0.0000
-387.1702 0.0000
-384.6650 0.0000
-388.1659 0.0000
-383.1039 0.0000
-384.6135 0.0000
-384.4650 0.0000
-383.6992 0.0000
-384.8919 0.0000
-385.2659 0.0000
-386.7707 0.0000
-387.3306 0.0000
-385.8646 0.0000
-384.9540 0.0000
-385.7770 0.0000
-387.1290 0.0000
-385.8442 0.0000
-384.3124 0.0000
-385.0898 0.0000
-387.8229 0.0000
-386.2038 0.0000
-389.1073 0.0000
-386.9715 0.0000
-383.7898 0.0000
-386.6615 0.0000
-386.8603 0.0000
-386.3859 0.0000
-385.7056 0.0000
-386.0986 0.0000
-385.3269 0.0000
-385.5176 0.0000
-384.2514 0.0000
-383.0686 0.0000
-383.1189 0.0000
-381.6068 0.0000
-384.4938 0.0000
-384.4611 0.0000
-383.2493 0.0000
-380.4648 0.0000
-381.2205 0.0000
-382.4845 0.0000
-379.1807 0.0000
-380.0658 0.0000
-380.6063 0.0000
-382.3108 0.0000
-383.0933 0.0000
-380.5611 0.0000
-379.5431 0.0000
-383.3292 0.0000
-378.7730 0.0000
-378.8503 0.0000
-378.4964 0.0000
-380.2783 0.0000
-377.3093 0.0000
-376.2969 0.0000
-377.7437 0.0000
-376.2907 0.0000
-375.3565 0.0000
-375.4746 0.0000
-377.5103 0.0000
-375.3088 0.0000
-375.2708 0.0000
-376.8188 0.0000
-375.8399 0.0000
-375.2845 0.0000
-373.3956 0.0000
-371.7202 0.0000
-373.1656 0.0000
-371.3683 0.0000
-371.4655 0.0000
-370.8074 0.0000
-370.4673 0.0000
-371.4449 0.0000
-372.2594 0.0000
-371.4172 0.0000
-368.7118 0.0000
-369.3115 0.0000
-366.9900 0.0000
-367.2724 0.0000
-370.9411 0.0000
-372.1620 0.0000
-370.2156 0.0000
-372.8810 0.0000
-372.5582 0.0000
-374.3368 0.0000
-371.4674 0.0000
-375.6146 0.0000
-373.1730 0.0000
-371.3845 0.0000
-372.5246 0.0000
-371.3204 0.0000
-375.6752 0.0000
-376.0688 0.0000
-376.6931 0.0000
-376.5806 0.0000
-377.5156 0.0000
-375.3367 0.0000
-374.0600 0.0000
-376.5479 0.0000
-375.9811 0.0000
-373.4139 0.0000
-373.1495 0.0000
-371.8482 0.0000
-372.4840 0.0000
-373.5457 0.0000
-371.6282 0.0000
-373.1132 0.0000
-369.6087 0.0000
-372.8583 0.0000
-374.0022 0.0000
-373.5666 0.0000
-372.9225 0.0000
-373.9884 0.0000
-375.5462 0.0000
-374.7119 0.0000
-376.2196 0.0000
-379.7580 0.0000
-373.4729 0.0000
-377.5764 0.0000
-375.1041 0.0000
-376.7345 0.0000
-374.3380 0.0000
-378.6944 0.0000
-376.4237 0.0000
-376.8133 0.0000
-379.3892 0.0000
-381.4287 0.0000
-379.1036 0.0000
-377.1375 0.0000
-375.0514 0.0000
-374.8849 0.0000
-375.6210 0.0000
-377.0207 0.0000
-375.8655 0.0000
-377.5383 0.0000
-376.1338 0.0000
-377.9403 0.0000
-375.0506 0.0000
-376.8721 0.0000
-377.5833 0.0000
-375.6311 0.0000
-375.7664 0.0000
-376.1087 0.0000
-371.8717 0.0000
-369.1693 0.0000
-370.6042 0.0000
-374.0208 0.0000
-371.3799 0.0000
-371.5069 0.0000
-370.1152 0.0000
-369.5083 0.0000
-369.3652 0.0000
-370.5974 0.0000
-370.4117 0.0000
-369.1486 0.0000
-371.2565 0.0000
-372.2139 0.0000
-369.4618 0.0000
-368.7159 0.0000
-368.0244 0.0000
-365.3192 0.0000
-369.3653 0.0000
-370.0487 0.0000
-371.4683 0.0000
-370.4884 0.0000
-372.3156 0.0000
-371.8283 0.0000
-369.4805 0.0000
-370.3984 0.0000
-369.8987 0.0000
-371.1047 0.0000
-370.0658 0.0000
-370.8281 0.0000
-372.6632 0.0000
-373.0367 0.0000
-370.5335 0.0000
-371.8155 0.0000
-370.7012 0.0000
-370.1524 0.0000
-369.6761 0.0000
-367.5319 0.0000
-369.9843 0.0000
-371.1767 0.0000
-368.6749 0.0000
-371.4445 0.0000
-372.6547 0.0000
-373.5427 0.0000
-368.3323 0.0000
-374.1839 0.0000
-371.4585 0.0000
-372.2249 0.0000
-372.1438 0.0000
-374.3525 0.0000
-371.4421 0.0000
-371.5146 0.0000
-370.0008 0.0000
-369.9614 0.0000
-372.9423 0.0000
-372.5109 0.0000
-371.3053 0.0000
-368.0173 0.0000
-373.2205 0.0000
-372.6121 0.0000
-371.3313 0.0000
-373.0816 0.0000
-370.5047 0.0000
-368.2130 0.0000
-371.3541 0.0000
-372.0664 0.0000
-372.1651 0.0000
-371.5043 0.0000
-372.4102 0.0000
-374.4308 0.0000
-371.3189 0.0000
-369.1217 0.0000
-368.3959 0.0000
-370.5757 0.0000
-371.2553 0.0000
-368.9588 0.0000
-369.9011 0.0000
-372.0560 0.0000
-373.1112 0.0000
-371.7859 0.0000
-370.2872 0.0000
-370.6027 0.0000
-372.3618 0.0000
-369.7978 0.0000
-372.1789 0.0000
-374.8356 0.0000
-376.9070 0.0000
-370.9984 0.0000
-375.2752 0.0000
-374.8492 0.0000
-376.7591 0.0000
-376.3177 0.0000
-375.6530 0.0000
-374.2825 0.0000
-375.2627 0.0000
-372.8989 0.0000
-373.1187 0.0000
-371.7539 0.0000
-370.5215 0.0000
-370.2149 0.0000
-372.1623 0.0000
-371.6454 0.0000
-373.2202 0.0000
-371.3165 0.0000
-370.7531 0.0000
-368.6620 0.0000
-369.3001 0.0000
-367.2987 0.0000
-367.1048 0.0000
-366.7971 0.0000
-363.7574 0.0000
-365.0531 0.0000
-365.2952 0.0000
-365.9509 0.0000
-366.6452 0.0000
-364.6970 0.0000
-362.8923 0.0000
-364.3028 0.0000
-362.7997 0.0000
-363.8896 0.0000
-363.5416 0.0000
-367.7280 0.0000
-364.2504 0.0000
-365.1641 0.0000
-364.1445 0.0000
-364.9569 0.0000
-364.6950 0.0000
-364.0911 0.0000
-364.1697 0.0000
-365.5236 0.0000
-364.5864 0.0000
-365.6361 0.0000
-361.0788 0.0000
-360.8395 0.0000
-361.8546 0.0000
-362.1312 0.0000
-362.1634 0.0000
-362.1684 0.0000
-359.9241 0.0000
-361.8425 0.0000
-361.4935 0.0000
-362.3486 0.0000
-362.9140 0.0000
-364.0123 0.0000
-364.5991 0.0000
-362.9344 0.0000
-364.8156 0.0000
-366.0090 0.0000
-364.9242 0.0000
-363.5284 0.0000
-363.1481 0.0000
-363.8458 0.0000
-363.9157 0.0000
-366.7606 0.0000
-362.2586 0.0000
-364.8986 0.0000
-365.1891 0.0000
-364.2281 0.0000
-364.8537 0.0000
-363.8543 0.0000
-365.6474 0.0000
-366.5714 0.0000
-364.2930 0.0000
-365.9893 0.0000
-363.9208 0.0000
-367.3285 0.0000
-367.0432 0.0000
-368.4137 0.0000
-368.0968 0.0000
-369.4461 0.0000
-367.9801 0.0000
-368.5806 0.0000
-369.8957 0.0000
-372.7016 0.0000
-371.2504 0.0000
-368.9147 0.0000
-372.1827 0.0000
-371.5697 0.0000
-371.0816 0.0000
-369.8145 0.0000
-371.7190 0.0000
-370.8559 0.0000
-369.5922 0.0000
-369.7654 0.0000
-371.8757 0.0000
-369.8077 0.0000
-370.4190 0.0000
-368.9390 0.0000
-369.7466 0.0000
-369.1423 0.0000
-370.3937 0.0000
-366.6213 0.0000
-364.7072 0.0000
-367.4406 0.0000
-364.0492 0.0000
-366.9150 0.0000
-364.0014 0.0000
-364.1256 0.0000
-366.1147 0.0000
-363.0537 0.0000
-366.5335 0.0000
-365.2007 0.0000
-365.2865 0.0000
-366.3079 0.0000
-367.2984 0.0000
-368.3338 0.0000
-366.8070 0.0000
-368.8725 0.0000
-369.1586 0.0000
-369.6996 0.0000
-367.7396 0.0000
-369.8445 0.0000
-365.7260 0.0000
-368.2287 0.0000
-366.6629 0.0000
-366.1721 0.0000
-366.5609 0.0000
-366.6296 0.0000
-366.9079 0.0000
-366.4108 0.0000
-365.3775 0.0000
-368.7249 0.0000
-366.8199 0.0000
-366.3307 0.0000
-365.9375 0.0000
-362.9987 0.0000
-364.0432 0.0000
-364.4656 0.0000
-364.6750 0.0000
-364.8075 0.0000
-367.9234 0.0000
-365.8992 0.0000
-367.9747 0.0000
-369.2015 0.0000
-368.0572 0.0000
-369.1556 0.0000
-366.1863 0.0000
-369.5081 0.0000
-370.9108 0.0000
-371.6556 0.0000
-371.9933 0.0000
-372.6526 0.0000
-370.9577 0.0000
-371.5356 0.0000
-373.2303 0.0000
-372.2283 0.0000
-371.0364 0.0000
-370.8465 0.0000
-373.7101 0.0000
-371.5565 0.0000
-371.7206 0.0000
-372.9148 0.0000
-371.1871 0.0000
-370.0483 0.0000
-374.3815 0.0000
-374.2183 0.0000
-374.1991 0.0000
-371.4102 0.0000
-375.1064 0.0000
-372.8359 0.0000
-373.2451 0.0000
-373.6961 0.0000
-374.1059 0.0000
-371.3240 0.0000
-374.1250 0.0000
-374.6594 0.0000
-374.8306 0.0000
-374.3644 0.0000
-374.6596 0.0000
-373.4972 0.0000
-372.4874 0.0000
-373.1767 0.0000
-373.5693 0.0000
-377.1823 0.0000
-376.3354 0.0000
-374.5361 0.0000
-375.9518 0.0000
-372.9660 0.0000
-374.4984 0.0000
-373.7157 0.0000
-372.1376 0.0000
-370.8749 0.0000
-370.9185 0.0000
-369.9043 0.0000
-372.8961 0.0000
-376.2165 0.0000
-376.4464 0.0000
-375.8990 0.0000
-374.9736 0.0000
-376.5630 0.0000
-374.5763 0.0000
-374.1401 0.0000
-373.9121 0.0000
-374.1980 0.0000
-374.7565 0.0000
-372.6730 0.0000
-375.4824 0.0000
-372.1592 0.0000
-373.5880 0.0000
-377.5747 0.0000
-374.1779 0.0000
-376.2688 0.0000
-374.1309 0.0000
-372.9290 0.0000
-371.6650 0.0000
-372.2836 0.0000
-371.4781 0.0000
-372.3275 0.0000
-373.7863 0.0000
-373.9042 0.0000
-373.8532 0.0000
-375.1858 0.0000
-374.8340 0.0000
-375.6238 0.0000
-378.0452 0.0000
-377.7916 0.0000
-378.1876 0.0000
-376.9079 0.0000
-375.8078 0.0000
-376.9062 0.0000
-377.2843 0.0000
-379.0355 0.0000
-376.4741 0.0000
-374.1516 0.0000
-377.6997 0.0000
-377.9152 0.0000
-378.8415 0.0000
-376.6309 0.0000
-377.8202 0.0000
-376.3391 0.0000
-375.9572 0.0000
-377.8278 0.0000
-375.7199 0.0000
-377.1628 0.0000
-375.7850 0.0000
-376.5326 0.0000
-379.2254 0.0000
-377.4143 0.0000
-375.5433 0.0000
-378.6191 0.0000
-375.1621 0.0000
-375.9806 0.0000
-373.7699 0.0000
-374.6303 0.0000
-376.3389 0.0000
-372.6949 0.0000
-375.8913 0.0000
-373.9092 0.0000
-376.1187 0.0000
-376.4032 0.0000
-379.0198 0.0000
-382.5180 0.0000
-385.5131 0.0000
-385.4390 0.0000
-386.3796 0.0000
-385.7771 0.0000
-387.6682 0.0000
-384.0837 0.0000
-385.3018 0.0000
-384.6895 0.0000
-384.6019 0.0000
-384.5662 0.0000
-387.6011 0.0000
-383.5994 0.0000
-381.4454 0.0000
-384.5781 0.0000
-381.6443 0.0000
-382.8677 0.0000
-383.2125 0.0000
-381.2109 0.0000
-385.1437 0.0000
-383.5008 0.0000
-384.4958 0.0000
-383.4557 0.0000
-381.9010 0.0000
-382.1772 0.0000
-381.6078 0.0000
-383.1057 0.0000
-379.7292 0.0000
-377.8921 0.0000
-379.9301 0.0000
-382.3692 0.0000
-380.5303 0.0000
-379.7270 0.0000
-378.9542 0.0000
-380.6612 0.0000
-380.0040 0.0000
-379.2400 0.0000
-380.0869 0.0000
-377.7615 0.0000
-379.1382 0.0000
-376.6324 0.0000
-376.1679 0.0000
-375.7893 0.0000
-377.4187 0.0000
-374.5234 0.0000
-375.0058 0.0000
-374.5897 0.0000
-376.9581 0.0000
-375.7977 0.0000
-377.5867 0.0000
-379.1251 0.0000
-379.9033 0.0000
-379.5659 0.0000
-379.5312 0.0000
-380.7147 0.0000
-377.8957 0.0000
-376.6534 0.0000
-375.3919 0.0000
-376.0219 0.0000
-377.7316 0.0000
-375.0084 0.0000
-376.9687 0.0000
-374.7068 0.0000
-375.4447 0.0000
-376.8811 0.0000
-374.4965 0.0000
-375.6868 0.0000
-375.7431 0.0000
-376.8400 0.0000
-376.5497 0.0000
-377.3253 0.0000
-376.9101 0.0000
-375.3086 0.0000
-376.6957 0.0000
-375.3774 0.0000
-375.4474 0.0000
-375.9992 0.0000
-373.4030 0.0000
-374.1726 0.0000
-377.8468 0.0000
-379.6057 0.0000
-376.8183 0.0000
-377.6315 0.0000
-379.3513 0.0000
-376.4113 0.0000
-378.9974 0.0000
-374.8865 0.0000
-374.7598 0.0000
-376.4438 0.0000
-373.1157 0.0000
-374.6823 0.0000
-373.9099 0.0000
-374.4117 0.0000
-372.3996 0.0000
-375.5120 0.0000
-375.1330 0.0000
-372.3080 0.0000
-370.4938 0.0000
-370.6145 0.0000
-371.8760 0.0000
-371.6070 0.0000
-372.2850 0.0000
-375.3463 0.0000
-373.1902 0.0000
-372.1647 0.0000
-373.7119 0.0000
-372.0912 0.0000
-372.6986 0.0000
-373.1276 0.0000
-372.3273 0.0000
-372.4802 0.0000
-372.9248 0.0000
-373.8043 0.0000
-374.1130 0.0000
-375.9634 0.0000
-378.0179 0.0000
-377.6407 0.0000
-379.5913 0.0000
-378.7258 0.0000
-377.4144 0.0000
-377.7389 0.0000
-380.5962 0.0000
-381.2069 0.0000
-378.3720 0.0000
-379.0111 0.0000
-377.4907 0.0000
-376.5156 0.0000
-378.2898 0.0000
-379.2498 0.0000
-378.0026 0.0000
-379.0612 0.0000
-380.7089 0.0000
-380.7775 0.0000
-378.6856 0.0000
-382.5631 0.0000
-383.5743 0.0000
-381.0764 0.0000
-382.6709 0.0000
-379.5197 0.0000
-382.4487 0.0000
-383.2553 0.0000
-383.3670 0.0000
-382.4169 0.0000
-380.5044 0.0000
-381.0165 0.0000
-383.0915 0.0000
-382.1820 0.0000
-382.5975 0.0000
-380.8012 0.0000
-381.4672 0.0000
-382.0713 0.0000
-381.5927 0.0000
-380.8385 0.0000
-381.1130 0.0000
-380.3047 0.0000
-381.3268 0.0000
-384.2148 0.0000
-384.3164 0.0000
-386.8061 0.0000
-384.3204 0.0000
-383.1417 0.0000
-387.3092 0.0000
-385.8951 0.0000
-386.4404 0.0000
-388.0191 0.0000
-391.0619 0.0000
-391.4901 0.0000
-389.0252 0.0000
-390.2325 0.0000
-393.8671 0.0000
-393.2297 0.0000
-393.2271 0.0000
-394.1345 0.0000
-394.7137 0.0000
-391.7555 0.0000
-394.7742 0.0000
-390.7789 0.0000
-392.0834 0.0000
-389.7482 0.0000
-388.3183 0.0000
-388.6601 0.0000
-390.4288 0.0000
-390.7670 0.0000
-390.9201 0.0000
-389.3237 0.0000
-388.8838 0.0000
-391.8767 0.0000
-394.0037 0.0000
-397.3058 0.0000
-398.3177 0.0000
-398.8879 0.0000
-398.2540 0.0000
-398.3089 0.0000
-397.5330 0.0000
-399.3523 0.0000
-400.2051 0.0000
-397.2321 0.0000
-398.6471 0.0000
-399.7934 0.0000
-399.9702 0.0000
-398.8452 0.0000
-401.4494 0.0000
-401.2737 0.0000
-402.9474 0.0000
-399.7383 0.0000
-400.6524 0.0000
-401.1030 0.0000
-398.6331 0.0000
-401.1570 0.0000
-399.5298 0.0000
-403.2616 0.0000
-402.3592 0.0000
-404.3840 0.0000
-402.6929 0.0000
-402.6741 0.0000
-402.2003 0.0000
-403.4006 0.0000
-402.2024 0.0000
-400.3490 0.0000
-398.9501 0.0000
-397.9372 0.0000
-400.7652 0.0000
-401.2064 0.0000
-401.3943 0.0000
-400.8220 0.0000
-400.1002 0.0000
-399.2803 0.0000
-401.1789 0.0000
-400.6435 0.0000
-400.9634 0.0000
-399.2927 0.0000
-402.3186 0.0000
-401.8835 0.0000
-402.8041 0.0000
-402.3167 0.0000
-402.0146 0.0000
-403.2868 0.0000
-398.8159 0.0000
-404.3452 0.0000
-405.0887 0.0000
-404.0772 0.0000
-406.4605 0.0000
-404.0549 0.0000
-405.2155 0.0000
-406.3324 0.0000
-405.7367 0.0000
-404.0196 0.0000
-399.6624 0.0000
-405.5883 0.0000
-402.9862 0.0000
-403.1145 0.0000
-403.1260 0.0000
-403.6929 0.0000
-402.6815 0.0000
-403.8804 0.0000
-403.9621 0.0000
-404.0195 0.0000
-404.7862 0.0000
-404.6929 0.0000
-403.7829 0.0000
-402.6504 0.0000
-403.9607 0.0000
-406.3835 0.0000
-403.0990 0.0000
-404.5127 0.0000
-403.5025 0.0000
-402.6808 0.0000
-405.4222 0.0000
-408.7170 0.0000
-407.6249 0.0000
-407.5742 0.0000
-407.3113 0.0000
-407.2438 0.0000
-406.6857 0.0000
-407.9709 0.0000
-406.6149 0.0000
-405.6670 0.0000
-410.8169 0.0000
-412.1839 0.0000
-410.7970 0.0000
-413.8111 0.0000
-412.8962 0.0000
-411.4707 0.0000
-412.5494 0.0000
-410.6500 0.0000
-412.0235 0.0000
-412.3570 0.0000
-413.3921 0.0000
-412.0635 0.0000
-411.0808 0.0000
-410.5563 0.0000
-411.5685 0.0000
-410.1643 0.0000
-408.3041 0.0000
-408.0991 0.0000
-407.9862 0.0000
-408.5314 0.0000
-409.4257 0.0000
-407.8089 0.0000
-406.8739 0.0000
-407.6395 0.0000
-404.6744 0.0000
-404.4271 0.0000
-405.0135 0.0000
-402.2374 0.0000
-403.6707 0.0000
-404.2205 0.0000
-403.8859 0.0000
-403.6428 0.0000
-406.0742 0.0000
-404.9692 0.0000
-402.9316 0.0000
-402.5782 0.0000
-398.5767 0.0000
-401.1864 0.0000
-402.9580 0.0000
-402.0607 0.0000
-401.3514 0.0000
-403.5862 0.0000
-402.0513 0.0000
-403.2680 0.0000
-401.7279 0.0000
-400.6479 0.0000
-403.2544 0.0000
-403.4469 0.0000
-404.1933 0.0000
-405.0316 0.0000
-405.9895 0.0000
-404.7022 0.0000
-403.8433 0.0000
-402.4740 0.0000
-400.7595 0.0000
-399.5727 0.0000
-399.3890 0.0000
-398.9624 0.0000
-400.0302 0.0000
-399.2842 0.0000
-400.3244 0.0000
-398.0212 0.0000
-397.8196 0.0000
-396.0178 0.0000
-395.8686 0.0000
-397.5440 0.0000
-397.4722 0.0000
-395.4983 0.0000
-395.7769 0.0000
-393.4228 0.0000
-396.6042 0.0000
-397.4349 0.0000
-395.8178 0.0000
-394.6190 0.0000
-396.3697 0.0000
-393.6663 0.0000
-391.8657 0.0000
-390.6076 0.0000
-393.0793 0.0000
-394.9815 0.0000
-397.4625 0.0000
-395.3399 0.0000
-393.1834 0.0000
-393.7930 0.0000
-392.0814 0.0000
-392.5512 0.0000
-393.1359 0.0000
-394.4450 0.0000
-392.0395 0.0000
-396.5064 0.0000
-396.1653 0.0000
-396.0280 0.0000
-396.3066 0.0000
-397.8224 0.0000
-398.4113 0.0000
-394.9878 0.0000
-395.8549 0.0000
-395.5785 0.0000
-398.5604 0.0000
-396.9597 0.0000
-395.7031 0.0000
-399.5045 0.0000
-397.2039 0.0000
-396.0070 0.0000
-397.5357 0.0000
-394.4352 0.0000
-394.7401 0.0000
-395.4032 0.0000
-394.4953 0.0000
-392.9951 0.0000
-393.1285 0.0000
-393.5677 0.0000
-392.6146 0.0000
-389.8616 0.0000
-388.7567 0.0000
-385.6905 0.0000
-389.8458 0.0000
-390.2692 0.0000
-390.0079 0.0000
-393.6982 0.0000
-387.7056 0.0000
-388.0146 0.0000
-387.0968 0.0000
-385.3485 0.0000
-384.7307 0.0000
-386.0674 0.0000
-384.9264 0.0000
-386.0391 0.0000
-385.6699 0.0000
-385.5352 0.0000
-383.6412 0.0000
-385.6108 0.0000
-385.6061 0.0000
-384.9445 0.0000
-386.8523 0.0000
-385.0753 0.0000
-384.9687 0.0000
-388.5632 0.0000
-386.4128 0.0000
-386.3714 0.0000
-384.6839 0.0000
-385.7357 0.0000
-386.0415 0.0000
-384.2100 0.0000
-387.6515 0.0000
-386.0221 0.0000
-384.1076 0.0000
-386.8426 0.0000
-386.9427 0.0000
-385.2825 0.0000
-386.4333 0.0000
-384.1338 0.0000
-386.2748 0.0000
-387.0844 0.0000
-387.9120 0.0000
-385.6491 0.0000
-387.6804 0.0000
-385.2436 0.0000
-385.8393 0.0000
-383.1685 0.0000
-383.5898 0.0000
-387.4055 0.0000
-387.1777 0.0000
-385.2964 0.0000
-385.8095 0.0000
-385.1865 0.0000
-383.9882 0.0000
-384.7045 0.0000
-385.3278 0.0000
-386.7827 0.0000
-386.3354 0.0000
-389.0114 0.0000
-388.0675 0.0000
-389.7981 0.0000
-386.6556 0.0000
-388.0147 0.0000
-385.3418 0.0000
-388.2003 0.0000
-388.6096 0.0000
-387.0679 0.0000
-388.2537 0.0000
-389.0243 0.0000
-387.2919 0.0000
-386.7652 0.0000
-384.5064 0.0000
-385.7257 0.0000
-383.6682 0.0000
-388.5343 0.0000
-389.1629 0.0000
-389.0478 0.0000
-389.3218 0.0000
-390.1252 0.0000
-393.0550 0.0000
-389.4249 0.0000
-390.0737 0.0000
-388.8990 0.0000
-389.1117 0.0000
-387.7462 0.0000
-389.4314 0.0000
-391.4100 0.0000
-389.8171 0.0000
-388.5702 0.0000
-388.0622 0.0000
-387.9647 0.0000
-387.5599 0.0000
-387.0505 0.0000
-387.0589 0.0000
-387.9760 0.0000
-386.5362 0.0000
-388.9457 0.0000
-389.7061 0.0000
-389.1835 0.0000
-388.8941 0.0000
-386.2727 0.0000
-383.9675 0.0000
-385.3251 0.0000
-384.8881 0.0000
-384.4572 0.0000
-387.0097 0.0000
-389.2400 0.0000
-391.5573 0.0000
-389.0987 0.0000
-390.9017 0.0000
-392.3603 0.0000
-394.6012 0.0000
-394.7458 0.0000
-395.0378 0.0000
-396.9035 0.0000
-399.0992 0.0000
-398.8338 0.0000
-400.4371 0.0000
-396.1164 0.0000
-395.1543 0.0000
-397.2236 0.0000
-396.6778 0.0000
-396.8610 0.0000
-396.6198 0.0000
-394.2385 0.0000
-393.0681 0.0000
-390.7194 0.0000
-392.6459 0.0000
-393.1232 0.0000
-393.8142 0.0000
-394.7681 0.0000
-397.5549 0.0000
-392.5666 0.0000
-394.2010 0.0000
-395.1833 0.0000
-394.1407 0.0000
-394.8640 0.0000
-394.8247 0.0000
-393.8082 0.0000
-395.4608 0.0000
-395.2433 0.0000
-393.1108 0.0000
-393.9342 0.0000
-398.4603 0.0000
-395.3419 0.0000
-394.8701 0.0000
-394.8991 0.0000
-393.6435 0.0000
-392.4725 0.0000
-392.6360 0.0000
-393.2889 0.0000
-393.2660 0.0000
-393.6188 0.0000
-390.2149 0.0000
-390.7528 0.0000
-390.5309 0.0000
-392.3878 0.0000
-394.5074 0.0000
-395.3527 0.0000
-396.9304 0.0000
-391.9142 0.0000
-395.4830 0.0000
-395.7188 0.0000
-397.2183 0.0000
-394.3563 0.0000
-391.3811 0.0000
-398.5103 0.0000
-396.2887 0.0000
-394.2232 0.0000
-395.6929 0.0000
-393.9824 0.0000
-396.4516 0.0000
-393.7801 0.0000
-394.0161 0.0000
-394.9446 0.0000
-394.0013 0.0000
-394.7749 0.0000
-393.7120 0.0000
-392.1243 0.0000
-395.3043 0.0000
-391.6409 0.0000
-395.5696 0.0000
-396.6245 0.0000
-395.2381 0.0000
-398.2403 0.0000
-399.7016 0.0000
-397.4414 0.0000
-400.3126 0.0000
-398.1893 0.0000
-395.7267 0.0000
-395.5553 0.0000
-396.6351 0.0000
-397.4322 0.0000
-395.4307 0.0000
-397.6513 0.0000
-398.5725 0.0000
-397.7494 0.0000
-398.9243 0.0000
-398.8086 0.0000
-398.5042 0.0000
-399.9115 0.0000
-400.0048 0.0000
-399.4293 0.0000
-401.9535 0.0000
-398.7167 0.0000
-398.7337 0.0000
-401.5389 0.0000
-400.4449 0.0000
-400.2549 0.0000
-399.6156 0.0000
-401.2811 0.0000
-398.9066 0.0000
-400.1807 0.0000
-399.0732 0.0000
-401.1086 0.0000
-401.7704 0.0000
-400.6947 0.0000
-402.3679 0.0000
-400.2786 0.0000
-399.7157 0.0000
-402.2680 0.0000
-398.7446 0.0000
-397.9774 0.0000
-399.6169 0.0000
-400.1502 0.0000
-399.7197 0.0000
-399.1871 0.0000
-399.8303 0.0000
-399.7974 0.0000
-401.4937 0.0000
-403.4627 0.0000
-400.7487 0.0000
-401.1020 0.0000
-399.4320 0.0000
-402.0552 0.0000
-402.1302 0.0000
-401.8744 0.0000
-400.4106 0.0000
-399.2380 0.0000
-399.9470 0.0000
-403.0317 0.0000
-399.3453 0.0000
-400.3294 0.0000
-400.0252 0.0000
-400.9922 0.0000
-401.0764 0.0000
-398.3975 0.0000
-400.3322 0.0000
-402.5284 0.0000
-399.3746 0.0000
-399.1485 0.0000
-399.7115 0.0000
-400.9901 0.0000
-401.3983 0.0000
-402.8305 0.0000
-403.6609 0.0000
-399.2973 0.0000
-402.5850 0.0000
-401.7069 0.0000
-401.6912 0.0000
-401.3364 0.0000
-404.0283 0.0000
-402.3936 0.0000
-401.0499 0.0000
-400.8889 0.0000
-402.2559 0.0000
-403.8872 0.0000
-402.7115 0.0000
-402.8533 0.0000
-399.6021 0.0000
-399.7545 0.0000
-397.6219 0.0000
-398.6515 0.0000
-401.3256 0.0000
-398.7140 0.0000
-399.4256 0.0000
-400.8712 0.0000
-399.2279 0.0000
-400.0181 0.0000
-402.0658 0.0000
-399.8800 0.0000
-403.0319 0.0000
-400.0888 0.0000
-401.8329 0.0000
-401.8487 0.0000
-402.0009 0.0000
-403.4635 0.0000
-402.9732 0.0000
-400.5812 0.0000
-402.2369 0.0000
-404.4308 0.0000
-401.7407 0.0000
-404.0296 0.0000
-403.7798 0.0000
-403.6726 0.0000
-404.5739 0.0000
-403.9500 0.0000
-403.9820 0.0000
-403.4811 0.0000
-404.5762 0.0000
-403.4448 0.0000
-403.4126 0.0000
-404.2615 0.0000
-400.5109 0.0000
-404.9525 0.0000
-404.0847 0.0000
-404.8210 0.0000
-404.5992 0.0000
-406.5311 0.0000
-407.4604 0.0000
-406.7209 0.0000
-405.5359 0.0000
-406.8296 0.0000
-404.8364 0.0000
-405.0676 0.0000
-407.2764 0.0000
-398.9739 0.0000
-398.9919 0.0000
-398.5646 0.0000
-401.3205 0.0000
-398.7056 0.0000
-398.9906 0.0000
-397.3666 0.0000
-398.6719 0.0000
-398.0471 0.0000
-401.9299 0.0000
-399.6142 0.0000
-399.1243 0.0000
-400.9530 0.0000
-402.1169 0.0000
-401.6468 0.0000
-400.2059 0.0000
-403.3333 0.0000
-404.0316 0.0000
-401.7780 0.0000
-400.7833 0.0000
-398.3212 0.0000
-399.3714 0.0000
-398.4866 0.0000
-402.5095 0.0000
-403.1296 0.0000
-403.1163 0.0000
-402.7970 0.0000
-404.3303 0.0000
-401.3342 0.0000
-400.2533 0.0000
-403.2404 0.0000
-404.9172 0.0000
-404.9777 0.0000
-404.6400 0.0000
-403.8175 0.0000
-405.4722 0.0000
-405.2323 0.0000
-406.1952 0.0000
-407.2789 0.0000
-408.2304 0.0000
-407.9539 0.0000
-409.6061 0.0000
-410.2187 0.0000
-412.6507 0.0000
-410.5188 0.0000
-411.1644 0.0000
-411.4370 0.0000
-410.6184 0.0000
-410.5357 0.0000
-411.4022 0.0000
-410.2559 0.0000
-410.6533 0.0000
-410.3117 0.0000
-408.7061 0.0000
-408.3389 0.0000
-411.5450 0.0000
-412.8758 0.0000
-411.5372 0.0000
-412.9775 0.0000
-407.3671 0.0000
-405.6758 0.0000
-407.4486 0.0000
-407.5085 0.0000
-405.4514 0.0000
-404.6257 0.0000
-403.8999 0.0000
-403.4317 0.0000
-402.1525 0.0000
-403.0109 0.0000
-404.7348 0.0000
-403.6637 0.0000
-404.5954 0.0000
-403.4990 0.0000
-404.8879 0.0000
-404.6334 0.0000
-406.2973 0.0000
-404.5401 0.0000
-404.6226 0.0000
-404.2196 0.0000
-405.6971 0.0000
-405.3858 0.0000
-406.8279 0.0000
-405.3817 0.0000
-404.7748 0.0000
-406.4941 0.0000
-405.7470 0.0000
-406.4218 0.0000
-404.2733 0.0000
-404.7374 0.0000
-404.7872 0.0000
-407.1028 0.0000
-405.7083 0.0000
-402.8274 0.0000
-402.8118 0.0000
-402.1462 0.0000
-399.7799 0.0000
-401.5672 0.0000
-403.0100 0.0000
-403.8172 0.0000
-402.1904 0.0000
-402.7864 0.0000
-402.1938 0.0000
-403.2234 0.0000
-403.5922 0.0000
-402.6502 0.0000
-404.0611 0.0000
-405.8251 0.0000
-403.7082 0.0000
-403.8418 0.0000
-403.7937 0.0000
-404.1981 0.0000
-403.7376 0.0000
-405.9957 0.0000
-405.0190 0.0000
-404.8318 0.0000
-406.5069 0.0000
-404.4864 0.0000
-406.9071 0.0000
-406.6477 0.0000
-406.6966 0.0000
-409.8803 0.0000
-410.2629 0.0000
-409.5350 0.0000
-412.3823 0.0000
-406.5401 0.0000
-406.7632 0.0000
-408.1737 0.0000
-407.3796 0.0000
-406.4340 0.0000
-406.9613 0.0000
-406.1572 0.0000
-405.6252 0.0000
-405.8217 0.0000
-405.2197 0.0000
-403.4716 0.0000
-405.0264 0.0000
-404.0494 0.0000
-402.8953 0.0000
-403.1327 0.0000
-404.6689 0.0000
-403.4923 0.0000
-404.6063 0.0000
-402.1207 0.0000
-401.4034 0.0000
-403.7559 0.0000
-402.6014 0.0000
-404.7486 0.0000
-403.8087 0.0000
-405.5466 0.0000
-404.1615 0.0000
-402.5429 0.0000
-402.3022 0.0000
-403.6564 0.0000
-402.9272 0.0000
-405.7956 0.0000
-402.3663 0.0000
-404.5615 0.0000
-405.1293 0.0000
-402.8639 0.0000
-408.8519 0.0000
-409.5386 0.0000
-408.9335 0.0000
-407.7888 0.0000
-407.1739 0.0000
-409.0611 0.0000
-407.2611 0.0000
-409.8429 0.0000
-406.2054 0.0000
-408.3713 0.0000
-407.8106 0.0000
-409.4365 0.0000
-410.6012 0.0000
-411.1684 0.0000
-411.5339 0.0000
-409.7104 0.0000
-407.8823 0.0000
-407.8436 0.0000
-410.3428 0.0000
-405.8200 0.0000
-406.5379 0.0000
-405.4698 0.0000
-405.6117 0.0000
-405.8020 0.0000
-407.3594 0.0000
-406.0968 0.0000
-405.5488 0.0000
-401.5158 0.0000
-401.3528 0.0000
-398.2657 0.0000
-398.6880 0.0000
-399.0608 0.0000
-399.7941 0.0000
-398.3140 0.0000
-397.6336 0.0000
-397.7218 0.0000
-398.3504 0.0000
-395.8124 0.0000
-400.0445 0.0000
-397.5602 0.0000
-398.8700 0.0000
-395.8123 0.0000
-395.4887 0.0000
-398.0901 0.0000
-398.5865 0.0000
-397.0165 0.0000
-397.5102 0.0000
-397.3806 0.0000
-399.8911 0.0000
-397.1104 0.0000
-398.2630 0.0000
-398.3830 0.0000
-400.1087 0.0000
-398.5888 0.0000
-397.5754 0.0000
-401.3052 0.0000
-400.3824 0.0000
-404.1223 0.0000
-401.5839 0.0000
-399.3396 0.0000
-398.7240 0.0000
-396.0184 0.0000
-396.1297 0.0000
-394.1597 0.0000
-393.4252 0.0000
-395.8536 0.0000
-393.9368 0.0000
-396.2655 0.0000
-399.2683 0.0000
-400.7707 0.0000
-402.0106 0.0000
-402.6368 0.0000
-403.4928 0.0000
-401.0804 0.0000
-403.8871 0.0000
-402.6176 0.0000
-401.5327 0.0000
-402.0668 0.0000
-403.1046 0.0000
-399.9099 0.0000
-400.7929 0.0000
-399.5786 0.0000
-399.9804 0.0000
-398.0508 0.0000
-399.6933 0.0000
-396.8113 0.0000
-394.1196 0.0000
-397.9050 0.0000
-395.6331 0.0000
-393.1612 0.0000
-393.9737 0.0000
-395.5259 0.0000
-396.5379 0.0000
-392.2959 0.0000
-395.9501 0.0000
-395.1381 0.0000
-395.6442 0.0000
-393.3362 0.0000
-395.1929 0.0000
-391.8387 0.0000
-393.0907 0.0000
-393.2270 0.0000
-392.3787 0.0000
-391.2502 0.0000
-394.2662 0.0000
-397.1141 0.0000
-397.5986 0.0000
-397.6410 0.0000
-397.3570 0.0000
-395.9951 0.0000
-397.5808 0.0000
-396.3681 0.0000
-396.4322 0.0000
-396.4824 0.0000
-394.6988 0.0000
-395.9571 0.0000
-398.4978 0.0000
-396.9481 0.0000
-399.6591 0.0000
-398.1372 0.0000
-398.7299 0.0000
-399.8771 0.0000
-397.4172 0.0000
-398.1808 0.0000
-399.1044 0.0000
-400.4058 0.0000
-400.3100 0.0000
-400.5967 0.0000
-399.3120 0.0000
-400.6317 0.0000
-401.6754 0.0000
-400.2514 0.0000
-402.7574 0.0000
-401.5370 0.0000
-401.3521 0.0000
-401.1137 0.0000
-402.2209 0.0000
-402.5943 0.0000
-401.7094 0.0000
-400.8924 0.0000
-402.0399 0.0000
-405.7049 0.0000
-401.6442 0.0000
-406.3296 0.0000
-397.2835 0.0000
-401.2472 0.0000
-398.5923 0.0000
-399.0205 0.0000
-401.4412 0.0000
-401.4544 0.0000
-399.8513 0.0000
-399.1948 0.0000
-399.0946 0.0000
-401.5166 0.0000
-399.2208 0.0000
-399.4478 0.0000
-401.5945 0.0000
-399.4887 0.0000
-401.0690 0.0000
-399.2645 0.0000
-398.3694 0.0000
-400.0131 0.0000
-400.5273 0.0000
-400.7024 0.0000
-400.3522 0.0000
-397.8799 0.0000
-400.7629 0.0000
-400.8348 0.0000
-399.6132 0.0000
-400.2531 0.0000
-399.9134 0.0000
-401.8861 0.0000
-404.8426 0.0000
-406.8385 0.0000
-408.9906 0.0000
-409.2792 0.0000
-410.0812 0.0000
-407.4732 0.0000
-406.5785 0.0000
-406.8714 0.0000
-407.6386 0.0000
-407.0404 0.0000
-408.9579 0.0000
-408.2199 0.0000
-407.4347 0.0000
-408.5923 0.0000
-408.1744 0.0000
-409.2011 0.0000
-408.5775 0.0000
-410.1680 0.0000
-406.5191 0.0000
-406.6851 0.0000
-408.3777 0.0000
-406.3101 0.0000
-404.7384 0.0000
-407.0763 0.0000
-408.1995 0.0000
-408.9761 0.0000
-407.8188 0.0000
-407.1442 0.0000
-405.0008 0.0000
-408.0313 0.0000
-406.7076 0.0000
-408.1792 0.0000
-407.3068 0.0000
-406.7978 0.0000
-407.7317 0.0000
-408.2039 0.0000
-411.0584 0.0000
-409.3591 0.0000
-409.8255 0.0000
-408.9950 0.0000
-411.7348 0.0000
-410.0680 0.0000
-410.4990 0.0000
-407.7862 0.0000
-408.8777 0.0000
-408.8589 0.0000
-407.6939 0.0000
-410.6365 0.0000
-411.9454 0.0000
-408.7260 0.0000
-410.6402 0.0000
-410.4912 0.0000
-409.9371 0.0000
-412.1288 0.0000
-408.8513 0.0000
-410.7950 0.0000
-411.7892 0.0000
-413.5882 0.0000
-411.2520 0.0000
-409.5898 0.0000
-407.7851 0.0000
-409.1166 0.0000
-408.2487 0.0000
-409.6168 0.0000
-411.7830 0.0000
-410.8254 0.0000
-411.4968 0.0000
-408.6884 0.0000
-412.3849 0.0000
-412.8333 0.0000
-410.8539 0.0000
-409.0352 0.0000
-410.0862 0.0000
-408.8117 0.0000
-409.9690 0.0000
-407.0674 0.0000
-405.6701 0.0000
-406.8319 0.0000
-405.9448 0.0000
-405.4991 0.0000
-406.6648 0.0000
-406.9791 0.0000
-404.4019 0.0000
-405.8174 0.0000
-404.4873 0.0000
-406.5634 0.0000
-406.7847 0.0000
-408.5284 0.0000
-408.3966 0.0000
-407.5620 0.0000
-409.2521 0.0000
-408.0532 0.0000
-408.3061 0.0000
-406.1906 0.0000
-408.6173 0.0000
-409.1919 0.0000
-407.4927 0.0000
-406.7784 0.0000
-406.9282 0.0000
-406.5212 0.0000
-405.3507 0.0000
-408.4605 0.0000
-409.3070 0.0000
-409.4584 0.0000
-409.8770 0.0000
-409.9050 0.0000
-409.8508 0.0000
-407.7783 0.0000
-411.5327 0.0000
-408.5968 0.0000
-410.3550 0.0000
-410.0783 0.0000
-410.1336 0.0000
-407.5415 0.0000
-405.7546 0.0000
-406.7799 0.0000
-406.7360 0.0000
-406.1375 0.0000
-404.7842 0.0000
-404.1988 0.0000
-405.4990 0.0000
-405.5971 0.0000
-404.2879 0.0000
-404.6553 0.0000
-402.8364 0.0000
-402.2693 0.0000
-401.8080 0.0000
-403.6009 0.0000
-402.7393 0.0000
-402.6304 0.0000
-399.8583 0.0000
-401.6925 0.0000
-402.1679 0.0000
-402.7599 0.0000
-403.2239 0.0000
-405.6287 0.0000
-406.1883 0.0000
-405.9473 0.0000
-407.1494 0.0000
-407.5220 0.0000
-406.6541 0.0000
-407.9928 0.0000
-408.7813 0.0000
-408.6299 0.0000
-407.3975 0.0000
-405.1835 0.0000
-408.7483 0.0000
-409.5820 0.0000
-409.3783 0.0000
-408.3104 0.0000
-409.2797 0.0000
-409.3009 0.0000
-409.3370 0.0000
-409.7164 0.0000
-412.2200 0.0000
-409.4663 0.0000
-411.6702 0.0000
-408.8801 0.0000
-411.9145 0.0000
-411.1460 0.0000
-408.5753 0.0000
-408.8220 0.0000
-408.3885 0.0000
-409.8520 0.0000
-408.9741 0.0000
-408.5965 0.0000
-411.1717 0.0000
-408.4196 0.0000
-410.2713 0.0000
-409.6036 0.0000
-409.1684 0.0000
-409.2444 0.0000
-411.0489 0.0000
-411.1864 0.0000
-412.4760 0.0000
-407.9526 0.0000
-412.9387 0.0000
-410.5503 0.0000
-414.6541 0.0000
-412.1171 0.0000
-410.8344 0.0000
-412.0830 0.0000
-413.6707 0.0000
-414.0447 0.0000
-415.0987 0.0000
-412.1856 0.0000
-411.6502 0.0000
-412.5000 0.0000
-413.0174 0.0000
-411.6762 0.0000
-412.4960 0.0000
-412.0667 0.0000
-409.1353 0.0000
-412.3839 0.0000
-412.7530 0.0000
-412.1539 0.0000
-411.7455 0.0000
-411.5722 0.0000
-414.1189 0.0000
-409.9796 0.0000
-405.9126 0.0000
-410.5678 0.0000
-408.8142 0.0000
-412.7178 0.0000
-410.8747 0.0000
-412.0663 0.0000
-411.5831 0.0000
-413.1548 0.0000
-413.7921 0.0000
-411.0462 0.0000
-412.4312 0.0000
-411.5917 0.0000
-410.7906 0.0000
-412.2355 0.0000
-413.0424 0.0000
-412.1043 0.0000
-413.7494 0.0000
-415.8512 0.0000
-411.9684 0.0000
-411.5699 0.0000
-411.4899 0.0000
-412.2977 0.0000
-411.3377 0.0000
-412.8059 0.0000
-413.6428 0.0000
-413.8063 0.0000
-413.7796 0.0000
-413.2104 0.0000
-414.8928 0.0000
-415.2661 0.0000
-416.7326 0.0000
-416.4984 0.0000
-417.4454 0.0000
-414.8756 0.0000
-414.3924 0.0000
-414.8454 0.0000
-414.1315 0.0000
-416.1926 0.0000
-415.5762 0.0000
-416.2000 0.0000
-416.8238 0.0000
-416.3761 0.0000
-417.2453 0.0000
-415.9801 0.0000
-415.1746 0.0000
-413.8244 0.0000
-413.3998 0.0000
-413.9365 0.0000
-414.0178 0.0000
-412.4864 0.0000
-412.6129 0.0000
-412.8757 0.0000
-414.0455 0.0000
-413.9482 0.0000
-411.7477 0.0000
-412.9837 0.0000
-412.5774 0.0000
-412.0594 0.0000
-409.4113 0.0000
-412.6797 0.0000
-412.1437 0.0000
-412.5476 0.0000
-411.7776 0.0000
-413.6712 0.0000
-410.4457 0.0000
-411.3716 0.0000
-411.0936 0.0000
-413.7712 0.0000
-414.2237 0.0000
-415.0832 0.0000
-412.0591 0.0000
-410.8306 0.0000
-410.6430 0.0000
-412.7924 0.0000
-414.4010 0.0000
-411.1508 0.0000
-412.8982 0.0000
-412.5281 0.0000
-412.1302 0.0000
-410.8758 0.0000
-410.2996 0.0000
-411.1243 0.0000
-411.1506 0.0000
-411.6131 0.0000
-411.3568 0.0000
-409.2001 0.0000
-410.1083 0.0000
-409.3846 0.0000
-409.8060 0.0000
-410.2979 0.0000
-409.9499 0.0000
-411.2024 0.0000
-411.6002 0.0000
-408.2569 0.0000
-411.2596 0.0000
-412.6818 0.0000
-413.2691 0.0000
-412.7012 0.0000
-414.0147 0.0000
-413.5694 0.0000
-413.8439 0.0000
-414.7740 0.0000
-412.7562 0.0000
-411.8423 0.0000
-412.6323 0.0000
-412.9609 0.0000
-413.1289 0.0000
-412.3484 0.0000
-412.6718 0.0000
-409.9879 0.0000
-410.9387 0.0000
-413.1989 0.0000
-413.2486 0.0000
-412.7767 0.0000
-411.3179 0.0000
-410.2007 0.0000
-411.0984 0.0000
-411.2400 0.0000
-411.8108 0.0000
-409.5302 0.0000
-409.1912 0.0000
-407.9763 0.0000
-410.8740 0.0000
-407.5796 0.0000
-405.8183 0.0000
-404.5233 0.0000
-403.5832 0.0000
-405.6678 0.0000
-405.1165 0.0000
-404.3639 0.0000
-403.3628 0.0000
-406.6772 0.0000
-404.7474 0.0000
-408.1190 0.0000
-405.9240 0.0000
-406.6602 0.0000
-401.4096 0.0000
-407.1586 0.0000
-406.2118 0.0000
-406.0456 0.0000
-406.0941 0.0000
-406.6488 0.0000
-406.4763 0.0000
-406.8701 0.0000
-407.2518 0.0000
-405.8613 0.0000
-407.1196 0.0000
-406.6392 0.0000
-405.5045 0.0000
-404.4919 0.0000
-406.9196 0.0000
-408.8576 0.0000
-408.4159 0.0000
-407.1279 0.0000
-407.6973 0.0000
-407.0073 0.0000
-408.7444 0.0000
-410.0408 0.0000
-409.7152 0.0000
-412.4071 0.0000
-412.4192 0.0000
-410.4837 0.0000
-409.2890 0.0000
-410.0147 0.0000
-410.7677 0.0000
-410.6405 0.0000
-410.1769 0.0000
-412.2208 0.0000
-412.7870 0.0000
-411.4877 0.0000
-413.8585 0.0000
-413.1807 0.0000
-417.1888 0.0000
-414.7173 0.0000
-414.8913 0.0000
-412.3282 0.0000
-413.3358 0.0000
-411.8700 0.0000
-413.5272 0.0000
-412.7400 0.0000
-413.1716 0.0000
-412.2296 0.0000
-413.7759 0.0000
-412.5782 0.0000
-414.9376 0.0000
-415.6724 0.0000
-417.0922 0.0000
-415.9127 0.0000
-416.4397 0.0000
-413.6268 0.0000
-414.5179 0.0000
-417.5686 0.0000
-413.5080 0.0000
-414.9830 0.0000
-413.1686 0.0000
-415.4734 0.0000
-414.8638 0.0000
-417.0646 0.0000
-417.6528 0.0000
-417.9057 0.0000
-416.6951 0.0000
-416.3798 0.0000
-416.8623 0.0000
-416.6850 0.0000
-417.9679 0.0000
-417.7563 0.0000
-415.5289 0.0000
-416.8746 0.0000
-414.5358 0.0000
-418.8687 0.0000
-414.1331 0.0000
-414.0553 0.0000
-414.5676 0.0000
-412.4223 0.0000
-414.1590 0.0000
-414.7326 0.0000
-412.8867 0.0000
-414.7415 0.0000
-415.0089 0.0000
-415.7380 0.0000
-415.5561 0.0000
-413.9549 0.0000
-415.7972 0.0000
-415.2193 0.0000
-415.3334 0.0000
-416.1874 0.0000
-418.4857 0.0000
-414.9484 0.0000
-414.6058 0.0000
-414.5498 0.0000
-414.9003 0.0000
-415.1839 0.0000
-415.2230 0.0000
-414.1904 0.0000
-414.9691 0.0000
-415.1208 0.0000
-416.1452 0.0000
-416.2776 0.0000
-416.5195 0.0000
-417.9697 0.0000
-418.5508 0.0000
-416.8084 0.0000
-418.4632 0.0000
-417.9942 0.0000
-417.0885 0.0000
-416.3654 0.0000
-417.6782 0.0000
-418.1026 0.0000
-417.4173 0.0000
-416.5727 0.0000
-415.4809 0.0000
-416.0291 0.0000
-415.5483 0.0000
-415.2789 0.0000
-414.3719 0.0000
-413.7923 0.0000
-412.1136 0.0000
-411.0607 0.0000
-410.2994 0.0000
-412.4920 0.0000
-411.4800 0.0000
-410.8055 0.0000
-410.6056 0.0000
-410.3530 0.0000
-409.7308 0.0000
-411.0169 0.0000
-407.3585 0.0000
-406.1616 0.0000
-403.5474 0.0000
-405.6733 0.0000
-406.3529 0.0000
-407.9426 0.0000
-407.5448 0.0000
-407.2420 0.0000
-406.8206 0.0000
-406.0008 0.0000
-407.5259 0.0000
-407.9519 0.0000
-405.9350 0.0000
-407.0505 0.0000
-407.3310 0.0000
-407.0895 0.0000
-408.2906 0.0000
-406.9770 0.0000
-409.1137 0.0000
-408.2148 0.0000
-408.9912 0.0000
-406.4693 0.0000
-406.7078 0.0000
-406.8116 0.0000
-407.6182 0.0000
-406.9750 0.0000
-405.8117 0.0000
-406.0356 0.0000
-406.6278 0.0000
-406.9064 0.0000
-407.4981 0.0000
-405.5580 0.0000
-404.1677 0.0000
-404.1884 0.0000
-405.4901 0.0000
-405.3391 0.0000
-405.4676 0.0000
-403.5164 0.0000
-403.6912 0.0000
-404.8049 0.0000
-404.3697 0.0000
-405.2614 0.0000
-403.2870 0.0000
-403.0875 0.0000
-401.2884 0.0000
-399.7613 0.0000
-401.8466 0.0000
-399.7520 0.0000
-401.7194 0.0000
-401.2059 0.0000
-401.2951 0.0000
-400.1919 0.0000
-399.1115 0.0000
-401.7696 0.0000
-403.8676 0.0000
-403.0871 0.0000
-402.7947 0.0000
-399.5785 0.0000
-405.0968 0.0000
-403.5944 0.0000
-399.3331 0.0000
-401.3263 0.0000
-401.9121 0.0000
-402.7637 0.0000
-405.5242 0.0000
-404.7688 0.0000
-404.2481 0.0000
-403.1260 0.0000
-400.8090 0.0000
-400.8330 0.0000
-398.2160 0.0000
-403.1699 0.0000
-402.0256 0.0000
-401.1718 0.0000
-401.2045 0.0000
-400.7106 0.0000
-399.6713 0.0000
-398.2270 0.0000
-400.6042 0.0000
-402.0948 0.0000
-399.5835 0.0000
-400.4166 0.0000
-398.9924 0.0000
-398.3779 0.0000
-399.7378 0.0000
-400.1243 0.0000
-399.7968 0.0000
-399.3978 0.0000
-397.9371 0.0000
-397.9778 0.0000
-396.5201 0.0000
-397.5369 0.0000
-394.3201 0.0000
-397.0407 0.0000
-396.7555 0.0000
-395.5460 0.0000
-396.6485 0.0000
-396.7966 0.0000
-395.0677 0.0000
-393.2502 0.0000
-395.0838 0.0000
-394.1381 0.0000
-391.7104 0.0000
-391.9329 0.0000
-395.2551 0.0000
-396.0098 0.0000
-394.2664 0.0000
-393.6020 0.0000
-395.2474 0.0000
-394.5686 0.0000
-396.1492 0.0000
-393.2866 0.0000
-395.2412 0.0000
-395.0402 0.0000
-395.0073 0.0000
-394.0871 0.0000
-391.5403 0.0000
-392.6796 0.0000
-389.9901 0.0000
-384.7993 0.0000
-390.2608 0.0000
-389.6320 0.0000
-389.1220 0.0000
-387.1736 0.0000
-390.3026 0.0000
-391.4648 0.0000
-393.5747 0.0000
-391.2646 0.0000
-394.7676 0.0000
-392.7817 0.0000
-392.6057 0.0000
-393.9002 0.0000
-395.1107 0.0000
-394.8319 0.0000
-394.4375 0.0000
-393.6300 0.0000
-392.9474 0.0000
-392.6086 0.0000
-393.4607 0.0000
-394.6032 0.0000
-394.4779 0.0000
-395.5815 0.0000
-395.7931 0.0000
-398.5111 0.0000
-400.2785 0.0000
-397.6092 0.0000
-400.6665 0.0000
-402.8343 0.0000
-400.3225 0.0000
-401.2802 0.0000
-399.2441 0.0000
-396.8659 0.0000
-401.0224 0.0000
-401.4407 0.0000
-398.5633 0.0000
-401.6145 0.0000
-403.0122 0.0000
-402.8689 0.0000
-402.4577 0.0000
-401.8326 0.0000
-400.5590 0.0000
-398.7078 0.0000
-400.5374 0.0000
-401.3740 0.0000
-401.1296 0.0000
-402.6269 0.0000
-402.8360 0.0000
-406.3944 0.0000
-406.7089 0.0000
-405.3151 0.0000
-406.0196 0.0000
-406.6043 0.0000
-405.7147 0.0000
-404.5775 0.0000
-402.7904 0.0000
-403.3552 0.0000
-404.9248 0.0000
-405.1432 0.0000
-405.3020 0.0000
-405.0111 0.0000
-404.4342 0.0000
-404.4071 0.0000
-403.3564 0.0000
-404.1068 0.0000
-405.3872 0.0000
-404.5564 0.0000
-405.4589 0.0000
