-100.0000 -100.0000
-317.1130 0.0000
-316.9584 0.0000
-316.4457 0.0000
-315.9238 0.0000
-315.5775 0.0000
-316.2964 0.0000
-315.9361 0.0000
-315.7513 0.0000
-316.8276 0.0000
-315.0808 0.0000
-315.0038 0.0000
-314.8093 0.0000
-315.1774 0.0000
-313.9727 0.0000
-313.4531 0.0000
-313.9796 0.0000
-314.8996 0.0000
-313.6807 0.0000
-313.6368 0.0000
-313.7812 0.0000
-314.7598 0.0000
-315.0092 0.0000
-315.2142 0.0000
-314.7941 0.0000
-314.4645 0.0000
-314.1425 0.0000
-313.5052 0.0000
-314.5013 0.0000
-314.3379 0.0000
-312.5149 0.0000
-311.3106 0.0000
-311.4820 0.0000
-311.0114 0.0000
-311.4826 0.0000
-311.2957 0.0000
-310.9201 0.0000
-310.9209 0.0000
-312.1160 0.0000
-311.2712 0.0000
-311.5633 0.0000
-312.2581 0.0000
-312.0703 0.0000
-311.0744 0.0000
-311.0707 0.0000
-311.0895 0.0000
-311.5464 0.0000
-311.1772 0.0000
-311.3960 0.0000
-311.2636 0.0000
-310.4563 0.0000
-310.9007 0.0000
-311.2632 0.0000
-311.4185 0.0000
-311.2238 0.0000
-311.5986 0.0000
-311.3595 0.0000
-311.6848 0.0000
-311.9494 0.0000
-312.0249 0.0000
-311.9447 0.0000
-311.7310 0.0000
-312.4303 0.0000
-312.8838 0.0000
-312.9593 0.0000
-314.6810 0.0000
-312.1916 0.0000
-312.6519 0.0000
-312.5519 0.0000
-312.8703 0.0000
-313.4016 0.0000
-313.9149 0.0000
-313.6503 0.0000
-313.2249 0.0000
-313.5500 0.0000
-313.7063 0.0000
-312.9725 0.0000
-312.7633 0.0000
-312.8904 0.0000
-313.1859 0.0000
-313.1710 0.0000
-313.1933 0.0000
-313.6637 0.0000
-314.2219 0.0000
-314.2987 0.0000
-314.6117 0.0000
-314.3650 0.0000
-314.7990 0.0000
-314.5628 0.0000
-314.8106 0.0000
-315.2646 0.0000
-315.5807 0.0000
-315.9785 0.0000
-316.0735 0.0000
-317.1808 0.0000
-315.9266 0.0000
-316.3636 0.0000
-315.9714 0.0000
-316.2075 0.0000
-316.0955 0.0000
-315.4138 0.0000
-315.9565 0.0000
-316.8210 0.0000
-316.3315 0.0000
-316.8020 0.0000
-316.9257 0.0000
-316.7886 0.0000
-317.8397 0.0000
-316.3865 0.0000
-316.3323 0.0000
-316.4690 0.0000
-317.0443 0.0000
-316.5603 0.0000
-317.0635 0.0000
-317.2550 0.0000
-317.0775 0.0000
-316.7304 0.0000
-317.0701 0.0000
-317.1421 0.0000
-316.6465 0.0000
-316.3013 0.0000
-316.3155 0.0000
-316.7776 0.0000
-316.8822 0.0000
-317.3941 0.0000
-316.9947 0.0000
-316.4523 0.0000
-317.0955 0.0000
-317.2626 0.0000
-317.5567 0.0000
-316.9340 0.0000
-317.5768 0.0000
-317.9897 0.0000
-317.8012 0.0000
-318.2507 0.0000
-319.2201 0.0000
-318.0991 0.0000
-317.7337 0.0000
-318.0671 0.0000
-318.0780 0.0000
-317.4536 0.0000
-317.2863 0.0000
-316.9225 0.0000
-316.7395 0.0000
-316.8734 0.0000
-316.2217 0.0000
-316.2277 0.0000
-315.9409 0.0000
-317.0773 0.0000
-316.0548 0.0000
-315.5210 0.0000
-315.5963 0.0000
-316.4914 0.0000
-316.3406 0.0000
-316.0939 0.0000
-316.2618 0.0000
-317.7867 0.0000
-316.7576 0.0000
-317.0081 0.0000
-317.6868 0.0000
-318.2363 0.0000
-316.9355 0.0000
-316.9548 0.0000
-317.1255 0.0000
-317.4816 0.0000
-317.0644 0.0000
-316.6851 0.0000
-317.2831 0.0000
-316.8908 0.0000
-317.0056 0.0000
-316.5873 0.0000
-316.8221 0.0000
-316.6376 0.0000
-316.1532 0.0000
-317.1237 0.0000
-317.3801 0.0000
-317.2367 0.0000
-318.0747 0.0000
-318.5379 0.0000
-318.5197 0.0000
-317.6909 0.0000
-318.4833 0.0000
-318.8245 0.0000
-318.3443 0.0000
-317.8867 0.0000
-318.0336 0.0000
-317.8243 0.0000
-317.0161 0.0000
-317.4583 0.0000
-317.2206 0.0000
-316.6961 0.0000
-316.8509 0.0000
-316.4375 0.0000
-317.1472 0.0000
-317.0048 0.0000
-315.6796 0.0000
-315.9564 0.0000
-316.2580 0.0000
-316.0172 0.0000
-316.4949 0.0000
-316.7129 0.0000
-316.4822 0.0000
-319.1578 0.0000
-318.4996 0.0000
-319.9396 0.0000
-319.0110 0.0000
-318.9785 0.0000
-319.7788 0.0000
-319.8900 0.0000
-318.9692 0.0000
-318.4708 0.0000
-318.6141 0.0000
-319.0539 0.0000
-318.4080 0.0000
-318.8770 0.0000
-317.9832 0.0000
-316.9244 0.0000
-317.4555 0.0000
-317.9467 0.0000
-318.0092 0.0000
-319.0896 0.0000
-317.9038 0.0000
-318.0804 0.0000
-318.8800 0.0000
-318.0124 0.0000
-318.6066 0.0000
-318.7433 0.0000
-317.6749 0.0000
-318.7606 0.0000
-317.0557 0.0000
-317.4825 0.0000
-318.3197 0.0000
-318.9686 0.0000
-319.6961 0.0000
-320.0235 0.0000
-320.1162 0.0000
-320.2964 0.0000
-319.7674 0.0000
-320.4485 0.0000
-319.7763 0.0000
-320.0662 0.0000
-319.5273 0.0000
-320.2984 0.0000
-319.5876 0.0000
-319.8934 0.0000
-318.9463 0.0000
-319.2499 0.0000
-319.4011 0.0000
-320.2151 0.0000
-320.2933 0.0000
-320.5666 0.0000
-321.4009 0.0000
-320.9604 0.0000
-320.6166 0.0000
-320.5384 0.0000
-320.9485 0.0000
-320.1993 0.0000
-320.2566 0.0000
-319.9967 0.0000
-320.8477 0.0000
-319.6835 0.0000
-319.6841 0.0000
-319.7179 0.0000
-320.1895 0.0000
-320.8476 0.0000
-320.7380 0.0000
-321.2902 0.0000
-320.3975 0.0000
-320.4197 0.0000
-320.3007 0.0000
-320.8706 0.0000
-320.7108 0.0000
-319.6102 0.0000
-319.5821 0.0000
-320.5505 0.0000
-320.5505 0.0000
-320.1095 0.0000
-320.5112 0.0000
-320.4318 0.0000
-320.1672 0.0000
-320.6575 0.0000
-320.3863 0.0000
-320.0830 0.0000
-320.1458 0.0000
-321.1868 0.0000
-320.6012 0.0000
-320.2161 0.0000
-319.9297 0.0000
-320.8558 0.0000
-320.3164 0.0000
-319.7605 0.0000
-319.9617 0.0000
-319.8114 0.0000
-320.3169 0.0000
-320.0987 0.0000
-320.5791 0.0000
-320.1762 0.0000
-320.5981 0.0000
-320.4362 0.0000
-320.9188 0.0000
-320.7883 0.0000
-320.9623 0.0000
-319.2989 0.0000
-318.8459 0.0000
-319.3937 0.0000
-320.0531 0.0000
-319.0238 0.0000
-319.2561 0.0000
-319.5905 0.0000
-319.4689 0.0000
-319.7624 0.0000
-319.9677 0.0000
-319.2780 0.0000
-320.9676 0.0000
-321.7442 0.0000
-321.4937 0.0000
-321.3724 0.0000
-320.6366 0.0000
-322.9931 0.0000
-322.5236 0.0000
-322.0900 0.0000
-322.5379 0.0000
-324.4710 0.0000
-324.5290 0.0000
-323.7433 0.0000
-326.9282 0.0000
-326.6917 0.0000
-325.6344 0.0000
-326.3766 0.0000
-326.7781 0.0000
-326.3672 0.0000
-326.2466 0.0000
-326.8322 0.0000
-327.1809 0.0000
-328.0091 0.0000
-326.3379 0.0000
-326.4735 0.0000
-327.4858 0.0000
-326.5181 0.0000
-326.5974 0.0000
-326.6628 0.0000
-326.6551 0.0000
-327.0508 0.0000
-325.4156 0.0000
-326.0381 0.0000
-326.5511 0.0000
-326.5983 0.0000
-325.6442 0.0000
-325.8700 0.0000
-326.8578 0.0000
-327.0178 0.0000
-326.8046 0.0000
-327.7208 0.0000
-326.4365 0.0000
-326.7557 0.0000
-326.7831 0.0000
-325.8269 0.0000
-326.3588 0.0000
-327.4449 0.0000
-328.3596 0.0000
-328.3170 0.0000
-329.0045 0.0000
-328.6573 0.0000
-327.8938 0.0000
-327.4452 0.0000
-328.3770 0.0000
-329.6336 0.0000
-328.4190 0.0000
-328.8963 0.0000
-329.1439 0.0000
-327.6568 0.0000
-327.8737 0.0000
-327.4095 0.0000
-326.8907 0.0000
-326.9267 0.0000
-327.2403 0.0000
-328.6804 0.0000
-327.4023 0.0000
-326.9737 0.0000
-326.4995 0.0000
-327.0020 0.0000
-328.0343 0.0000
-325.8125 0.0000
-325.9499 0.0000
-325.9224 0.0000
-326.3564 0.0000
-325.4248 0.0000
-325.9304 0.0000
-325.0700 0.0000
-325.1431 0.0000
-325.5278 0.0000
-325.5061 0.0000
-326.0423 0.0000
-325.4123 0.0000
-323.9874 0.0000
-324.9363 0.0000
-323.4302 0.0000
-323.6721 0.0000
-325.1000 0.0000
-324.7729 0.0000
-324.3102 0.0000
-324.5566 0.0000
-324.5327 0.0000
-323.5826 0.0000
-324.7881 0.0000
-324.6549 0.0000
-323.9615 0.0000
-324.1622 0.0000
-324.9010 0.0000
-324.7760 0.0000
-325.0412 0.0000
-323.8550 0.0000
-324.4880 0.0000
-324.8961 0.0000
-325.0351 0.0000
-324.5188 0.0000
-325.0253 0.0000
-323.8819 0.0000
-324.1396 0.0000
-324.2261 0.0000
-324.3592 0.0000
-323.8046 0.0000
-323.9174 0.0000
-324.7365 0.0000
-324.4573 0.0000
-325.2593 0.0000
-325.2360 0.0000
-325.2555 0.0000
-325.6181 0.0000
-324.9114 0.0000
-324.8491 0.0000
-325.0397 0.0000
-326.4554 0.0000
-326.4271 0.0000
-327.1558 0.0000
-327.7808 0.0000
-326.6349 0.0000
-325.6971 0.0000
-327.0138 0.0000
-326.2115 0.0000
-326.9069 0.0000
-325.6068 0.0000
-324.8402 0.0000
-325.4119 0.0000
-326.6427 0.0000
-326.5194 0.0000
-326.6593 0.0000
-327.0602 0.0000
-326.8774 0.0000
-326.8733 0.0000
-326.8689 0.0000
-327.6410 0.0000
-328.6050 0.0000
-326.3901 0.0000
-325.6606 0.0000
-324.9249 0.0000
-326.0352 0.0000
-325.4750 0.0000
-325.8658 0.0000
-325.0397 0.0000
-324.4391 0.0000
-325.0058 0.0000
-325.8842 0.0000
-324.9013 0.0000
-324.5349 0.0000
-323.7240 0.0000
-325.0116 0.0000
-325.0007 0.0000
-324.5663 0.0000
-324.3270 0.0000
-325.7042 0.0000
-323.8380 0.0000
-323.4207 0.0000
-323.8085 0.0000
-323.7063 0.0000
-323.3235 0.0000
-323.9297 0.0000
-322.8416 0.0000
-323.5793 0.0000
-323.0438 0.0000
-323.9263 0.0000
-325.0658 0.0000
-323.9778 0.0000
-325.4126 0.0000
-325.2891 0.0000
-324.9533 0.0000
-325.5399 0.0000
-326.3224 0.0000
-324.8550 0.0000
-324.2060 0.0000
-325.1833 0.0000
-324.8810 0.0000
-323.7827 0.0000
-324.8559 0.0000
-324.5739 0.0000
-325.5272 0.0000
-324.6628 0.0000
-323.9734 0.0000
-322.9264 0.0000
-323.3003 0.0000
-322.7712 0.0000
-323.4089 0.0000
-322.7399 0.0000
-323.3171 0.0000
-325.1036 0.0000
-323.4486 0.0000
-323.4899 0.0000
-324.2319 0.0000
-323.8037 0.0000
-323.2386 0.0000
-322.9306 0.0000
-323.6428 0.0000
-324.4862 0.0000
-324.5088 0.0000
-324.1338 0.0000
-325.2283 0.0000
-322.6547 0.0000
-324.1721 0.0000
-322.8132 0.0000
-322.3478 0.0000
-321.6841 0.0000
-321.6375 0.0000
-321.3970 0.0000
-321.4868 0.0000
-321.1657 0.0000
-321.1872 0.0000
-321.9338 0.0000
-320.2767 0.0000
-321.4906 0.0000
-321.6487 0.0000
-321.7283 0.0000
-322.1795 0.0000
-322.3575 0.0000
-322.7633 0.0000
-321.6285 0.0000
-322.3798 0.0000
-321.8363 0.0000
-321.4361 0.0000
-321.3919 0.0000
-322.3458 0.0000
-322.1476 0.0000
-320.8913 0.0000
-322.0696 0.0000
-320.3007 0.0000
-319.8185 0.0000
-321.4162 0.0000
-322.0919 0.0000
-321.1167 0.0000
-322.1618 0.0000
-321.3804 0.0000
-321.1538 0.0000
-320.6278 0.0000
-320.6708 0.0000
-320.1939 0.0000
-320.6358 0.0000
-320.3224 0.0000
-320.6985 0.0000
-319.8901 0.0000
-319.8172 0.0000
-319.5847 0.0000
-318.7269 0.0000
-318.7671 0.0000
-319.9711 0.0000
-319.1885 0.0000
-319.8400 0.0000
-319.0065 0.0000
-318.2413 0.0000
-318.5408 0.0000
-318.7514 0.0000
-319.5048 0.0000
-318.7655 0.0000
-318.3489 0.0000
-317.7482 0.0000
-317.6017 0.0000
-317.4317 0.0000
-317.9728 0.0000
-317.6564 0.0000
-317.7271 0.0000
-318.7056 0.0000
-317.2349 0.0000
-317.9536 0.0000
-319.0038 0.0000
-318.6058 0.0000
-319.3685 0.0000
-320.5711 0.0000
-320.0514 0.0000
-321.0334 0.0000
-320.8747 0.0000
-320.5677 0.0000
-322.3615 0.0000
-320.4829 0.0000
-321.1349 0.0000
-321.2603 0.0000
-321.6878 0.0000
-321.4201 0.0000
-322.4642 0.0000
-321.3543 0.0000
-321.7221 0.0000
-321.5292 0.0000
-322.0841 0.0000
-320.3243 0.0000
-319.6588 0.0000
-320.1964 0.0000
-319.2779 0.0000
-318.9511 0.0000
-319.2460 0.0000
-319.6660 0.0000
-318.6699 0.0000
-318.0088 0.0000
-318.3588 0.0000
-318.2675 0.0000
-318.5907 0.0000
-317.9947 0.0000
-317.4621 0.0000
-318.4873 0.0000
-318.7728 0.0000
-317.9700 0.0000
-317.3692 0.0000
-318.9674 0.0000
-317.9732 0.0000
-317.5891 0.0000
-317.3879 0.0000
-317.3392 0.0000
-317.8764 0.0000
-317.1290 0.0000
-316.2452 0.0000
-316.0413 0.0000
-314.9733 0.0000
-315.5223 0.0000
-315.4637 0.0000
-316.3581 0.0000
-315.8502 0.0000
-316.3307 0.0000
-314.8297 0.0000
-315.9682 0.0000
-316.4213 0.0000
-315.5702 0.0000
-315.0842 0.0000
-315.4519 0.0000
-316.1727 0.0000
-314.5537 0.0000
-314.0759 0.0000
-313.9063 0.0000
-314.2533 0.0000
-313.0096 0.0000
-313.5127 0.0000
-313.1057 0.0000
-312.8047 0.0000
-313.1773 0.0000
-312.4004 0.0000
-311.3094 0.0000
-311.8639 0.0000
-312.8900 0.0000
-313.0960 0.0000
-314.0377 0.0000
-314.0838 0.0000
-314.2441 0.0000
-313.5685 0.0000
-313.8021 0.0000
-312.5250 0.0000
-313.9329 0.0000
-313.7276 0.0000
-312.8240 0.0000
-312.6162 0.0000
-312.5357 0.0000
-311.8385 0.0000
-311.8795 0.0000
-312.6901 0.0000
-311.8184 0.0000
-312.1462 0.0000
-311.8004 0.0000
-311.7814 0.0000
-312.6681 0.0000
-314.4868 0.0000
-312.6198 0.0000
-313.0254 0.0000
-313.0754 0.0000
-312.5647 0.0000
-312.9698 0.0000
-312.3585 0.0000
-312.6405 0.0000
-312.6369 0.0000
-312.6662 0.0000
-312.7872 0.0000
-312.9107 0.0000
-314.4261 0.0000
-313.6351 0.0000
-313.2786 0.0000
-314.0074 0.0000
-314.4260 0.0000
-313.3645 0.0000
-313.9854 0.0000
-313.6939 0.0000
-314.4495 0.0000
-315.0857 0.0000
-314.5292 0.0000
-314.4559 0.0000
-315.3913 0.0000
-314.4597 0.0000
-314.3192 0.0000
-314.4020 0.0000
-314.1105 0.0000
-321.2258 0.0000
-320.9761 0.0000
-321.2469 0.0000
-320.9277 0.0000
-320.9457 0.0000
-321.0317 0.0000
-321.5061 0.0000
-320.1511 0.0000
-320.8795 0.0000
-320.2055 0.0000
-320.8774 0.0000
-322.2070 0.0000
-321.5141 0.0000
-320.7128 0.0000
-321.6509 0.0000
-321.2270 0.0000
-320.1213 0.0000
-321.1853 0.0000
-320.7618 0.0000
-321.8571 0.0000
-320.3406 0.0000
-320.3370 0.0000
-321.4589 0.0000
-321.0010 0.0000
-321.5486 0.0000
-320.4837 0.0000
-319.8636 0.0000
-321.3444 0.0000
-320.7027 0.0000
-321.6614 0.0000
-321.8666 0.0000
-320.4407 0.0000
-321.8350 0.0000
-321.5632 0.0000
-321.2155 0.0000
-320.9764 0.0000
-321.3697 0.0000
-320.1882 0.0000
-320.5117 0.0000
-321.2291 0.0000
-321.5030 0.0000
-321.2640 0.0000
-321.1575 0.0000
-321.1884 0.0000
-321.1975 0.0000
-321.1948 0.0000
-320.7659 0.0000
-320.6586 0.0000
-321.3614 0.0000
-321.1355 0.0000
-319.7153 0.0000
-321.3836 0.0000
-320.6265 0.0000
-320.7679 0.0000
-321.4607 0.0000
-321.1645 0.0000
-320.2782 0.0000
-321.2319 0.0000
-320.7295 0.0000
-322.4007 0.0000
-320.8152 0.0000
-321.0071 0.0000
-320.5688 0.0000
-320.8135 0.0000
-320.9537 0.0000
-320.9009 0.0000
-320.8674 0.0000
-320.6897 0.0000
-321.2986 0.0000
-321.2815 0.0000
-320.7521 0.0000
-320.3780 0.0000
-321.3127 0.0000
-320.8102 0.0000
-320.5692 0.0000
-320.2444 0.0000
-320.3174 0.0000
-320.0464 0.0000
-321.0149 0.0000
-319.7560 0.0000
-321.1078 0.0000
-320.6937 0.0000
-319.8679 0.0000
-321.2835 0.0000
-320.3086 0.0000
-321.4261 0.0000
-319.6107 0.0000
-321.9229 0.0000
-321.5529 0.0000
-321.0953 0.0000
-319.8229 0.0000
-320.6770 0.0000
-319.9321 0.0000
-320.7978 0.0000
-321.4407 0.0000
-321.4661 0.0000
-320.5745 0.0000
-319.9234 0.0000
-320.1322 0.0000
-320.9657 0.0000
-319.4676 0.0000
-321.0471 0.0000
-322.6849 0.0000
-318.6263 0.0000
-319.7491 0.0000
-319.6531 0.0000
-319.9354 0.0000
-319.9677 0.0000
-320.1925 0.0000
-320.7185 0.0000
-321.5313 0.0000
-321.6991 0.0000
-323.0875 0.0000
-323.8269 0.0000
-321.4872 0.0000
-321.9596 0.0000
-320.8222 0.0000
-320.5069 0.0000
-322.3798 0.0000
-322.3597 0.0000
-323.0634 0.0000
-322.7053 0.0000
-322.9300 0.0000
-323.2845 0.0000
-323.2204 0.0000
-325.5842 0.0000
-323.4722 0.0000
-324.6683 0.0000
-326.7326 0.0000
-326.7980 0.0000
-326.6702 0.0000
-329.6419 0.0000
-326.5808 0.0000
-327.7466 0.0000
-328.1669 0.0000
-328.6429 0.0000
-327.5593 0.0000
-330.2980 0.0000
-329.9598 0.0000
-329.9314 0.0000
-329.4190 0.0000
-328.3947 0.0000
-329.3199 0.0000
-330.8546 0.0000
-326.2189 0.0000
-328.6952 0.0000
-327.1250 0.0000
-327.7331 0.0000
-326.3296 0.0000
-326.1596 0.0000
-328.3730 0.0000
-329.8637 0.0000
-329.4367 0.0000
-330.6294 0.0000
-327.5943 0.0000
-330.2828 0.0000
-330.8900 0.0000
-331.7059 0.0000
-327.5646 0.0000
-327.9822 0.0000
-328.9375 0.0000
-331.0188 0.0000
-329.3312 0.0000
-328.3738 0.0000
-329.0928 0.0000
-328.7889 0.0000
-328.3600 0.0000
-332.3565 0.0000
-334.7379 0.0000
-334.7359 0.0000
-332.5299 0.0000
-335.5526 0.0000
-336.9295 0.0000
-334.4260 0.0000
-335.6295 0.0000
-335.1423 0.0000
-335.4708 0.0000
-338.0604 0.0000
-340.2588 0.0000
-337.6381 0.0000
-339.6817 0.0000
-337.1940 0.0000
-335.0871 0.0000
-336.1364 0.0000
-336.0878 0.0000
-337.5176 0.0000
-336.8054 0.0000
-337.1595 0.0000
-335.3100 0.0000
-335.7322 0.0000
-337.0403 0.0000
-333.7924 0.0000
-334.7055 0.0000
-336.8902 0.0000
-336.9740 0.0000
-333.2690 0.0000
-334.4920 0.0000
-333.0547 0.0000
-335.4560 0.0000
-333.6855 0.0000
-327.0133 0.0000
-327.7678 0.0000
-327.1263 0.0000
-327.7971 0.0000
-327.2195 0.0000
-327.7345 0.0000
-328.1983 0.0000
-326.9403 0.0000
-327.2510 0.0000
-327.3448 0.0000
-327.1239 0.0000
-326.9163 0.0000
-326.0102 0.0000
-325.9584 0.0000
-326.7597 0.0000
-326.6869 0.0000
-326.0997 0.0000
-326.7287 0.0000
-326.3338 0.0000
-326.4786 0.0000
-326.4938 0.0000
-326.4101 0.0000
-326.5785 0.0000
-325.9200 0.0000
-327.7976 0.0000
-326.2580 0.0000
-326.0930 0.0000
-326.7607 0.0000
-327.2996 0.0000
-328.2426 0.0000
-326.8337 0.0000
-327.0752 0.0000
-327.1760 0.0000
-327.8694 0.0000
-327.1235 0.0000
-326.7186 0.0000
-327.7482 0.0000
-327.6594 0.0000
-328.0109 0.0000
-328.3233 0.0000
-328.2903 0.0000
-328.8110 0.0000
-328.1565 0.0000
-328.3179 0.0000
-327.5099 0.0000
-328.2974 0.0000
-326.8711 0.0000
-327.5350 0.0000
-326.4941 0.0000
-326.1690 0.0000
-326.1642 0.0000
-324.4695 0.0000
-324.4652 0.0000
-324.7206 0.0000
-323.5958 0.0000
-322.9510 0.0000
-323.7581 0.0000
-323.2355 0.0000
-322.8054 0.0000
-323.1494 0.0000
-322.0862 0.0000
-323.0396 0.0000
-322.2432 0.0000
-323.5234 0.0000
-323.6855 0.0000
-322.8913 0.0000
-323.4787 0.0000
-323.2411 0.0000
-322.0920 0.0000
-322.6854 0.0000
-322.5207 0.0000
-322.3431 0.0000
-322.5353 0.0000
-321.5818 0.0000
-323.2171 0.0000
-322.6033 0.0000
-322.9223 0.0000
-323.6846 0.0000
-323.9010 0.0000
-323.6213 0.0000
-323.1322 0.0000
-323.3158 0.0000
-324.1005 0.0000
-321.6689 0.0000
-323.1999 0.0000
-323.2225 0.0000
-323.3383 0.0000
-323.1803 0.0000
-323.1142 0.0000
-322.5560 0.0000
-323.9125 0.0000
-324.7938 0.0000
-322.6656 0.0000
-323.1787 0.0000
-323.2247 0.0000
-323.9664 0.0000
-323.2232 0.0000
-324.0532 0.0000
-323.2661 0.0000
-323.9446 0.0000
-322.9584 0.0000
-323.7860 0.0000
-323.4689 0.0000
-323.1581 0.0000
-322.9791 0.0000
-323.0010 0.0000
-322.9260 0.0000
-323.3930 0.0000
-323.6016 0.0000
-322.3545 0.0000
-322.5800 0.0000
-322.1876 0.0000
-322.6442 0.0000
-323.2359 0.0000
-322.3632 0.0000
-322.9973 0.0000
-323.2220 0.0000
-322.4760 0.0000
-322.1980 0.0000
-320.9998 0.0000
-321.4369 0.0000
-322.6532 0.0000
-322.7653 0.0000
-322.0545 0.0000
-322.0161 0.0000
-321.4282 0.0000
-321.9262 0.0000
-322.6334 0.0000
-323.2591 0.0000
-323.3299 0.0000
-323.3594 0.0000
-323.4559 0.0000
-323.0693 0.0000
-322.1036 0.0000
-322.4777 0.0000
-322.1294 0.0000
-321.9268 0.0000
-321.8043 0.0000
-322.1727 0.0000
-322.4436 0.0000
-322.4439 0.0000
-323.3660 0.0000
-323.2172 0.0000
-321.6703 0.0000
-322.3753 0.0000
-320.7210 0.0000
-321.1759 0.0000
-321.5194 0.0000
-321.0910 0.0000
-321.3360 0.0000
-320.6789 0.0000
-319.9764 0.0000
-319.9606 0.0000
-319.7625 0.0000
-319.8385 0.0000
-319.6249 0.0000
-318.9104 0.0000
-319.7079 0.0000
-319.9146 0.0000
-320.1077 0.0000
-319.9970 0.0000
-319.9217 0.0000
-320.2371 0.0000
-320.4049 0.0000
-320.4290 0.0000
-319.9785 0.0000
-320.4499 0.0000
-319.9265 0.0000
-319.6711 0.0000
-320.7150 0.0000
-319.5151 0.0000
-319.1831 0.0000
-319.8616 0.0000
-319.2178 0.0000
-318.8126 0.0000
-319.3813 0.0000
-321.5296 0.0000
-319.7928 0.0000
-320.2964 0.0000
-319.5790 0.0000
-319.6075 0.0000
-318.7336 0.0000
-318.9374 0.0000
-319.5133 0.0000
-319.5432 0.0000
-319.9963 0.0000
-320.3749 0.0000
-319.1960 0.0000
-318.6835 0.0000
-318.8247 0.0000
-318.1867 0.0000
-318.3446 0.0000
-318.2475 0.0000
-317.1824 0.0000
-318.1687 0.0000
-316.8235 0.0000
-317.0603 0.0000
-317.3340 0.0000
-316.8900 0.0000
-317.5678 0.0000
-316.8232 0.0000
-316.7269 0.0000
-316.6549 0.0000
-316.8032 0.0000
-317.7840 0.0000
-316.4934 0.0000
-316.0238 0.0000
-315.9502 0.0000
-316.5714 0.0000
-316.4956 0.0000
-315.9322 0.0000
-316.8888 0.0000
-316.0831 0.0000
-316.9156 0.0000
-316.2867 0.0000
-316.0394 0.0000
-317.4099 0.0000
-318.0875 0.0000
-317.6152 0.0000
-318.2811 0.0000
-317.1779 0.0000
-317.4872 0.0000
-318.6366 0.0000
-317.6814 0.0000
-316.5712 0.0000
-316.4578 0.0000
-316.0411 0.0000
-315.6886 0.0000
-315.1625 0.0000
-315.2841 0.0000
-315.5838 0.0000
-315.7949 0.0000
-315.3626 0.0000
-315.5947 0.0000
-314.2961 0.0000
-313.2740 0.0000
-314.2595 0.0000
-315.1095 0.0000
-313.8219 0.0000
-315.0404 0.0000
-315.0229 0.0000
-315.3881 0.0000
-314.0395 0.0000
-314.7314 0.0000
-314.4722 0.0000
-315.3312 0.0000
-316.8679 0.0000
-314.7677 0.0000
-315.0776 0.0000
-315.8747 0.0000
-314.7596 0.0000
-315.1045 0.0000
-315.9036 0.0000
-315.1804 0.0000
-315.0330 0.0000
-314.7634 0.0000
-314.5208 0.0000
-314.2624 0.0000
-314.8951 0.0000
-313.6927 0.0000
-313.8019 0.0000
-314.1908 0.0000
-316.0626 0.0000
-314.1475 0.0000
-313.3893 0.0000
-314.0719 0.0000
-312.7467 0.0000
-313.0844 0.0000
-312.9078 0.0000
-313.8478 0.0000
-313.3347 0.0000
-313.3362 0.0000
-312.7327 0.0000
-313.4119 0.0000
-313.3476 0.0000
-312.5509 0.0000
-311.6263 0.0000
-312.8027 0.0000
-313.1730 0.0000
-312.1648 0.0000
-311.2310 0.0000
-311.1770 0.0000
-311.1887 0.0000
-311.1726 0.0000
-311.2512 0.0000
-310.9390 0.0000
-309.7793 0.0000
-309.5103 0.0000
-309.8869 0.0000
-310.1046 0.0000
-309.5141 0.0000
-310.3698 0.0000
-310.7790 0.0000
-310.9978 0.0000
-310.5744 0.0000
-310.5530 0.0000
-310.3037 0.0000
-311.0961 0.0000
-311.1774 0.0000
-311.0168 0.0000
-311.6976 0.0000
-310.4262 0.0000
-310.7663 0.0000
-310.6613 0.0000
-309.8111 0.0000
-310.0717 0.0000
-309.8963 0.0000
-309.6384 0.0000
-309.3271 0.0000
-309.1151 0.0000
-310.0180 0.0000
-310.5720 0.0000
-310.0289 0.0000
-310.4820 0.0000
-310.4833 0.0000
-310.4822 0.0000
-309.9440 0.0000
-309.8151 0.0000
-310.7608 0.0000
-310.6375 0.0000
-308.9950 0.0000
-308.6368 0.0000
-308.5973 0.0000
-308.7071 0.0000
-308.8509 0.0000
-308.9303 0.0000
-308.4128 0.0000
-309.3695 0.0000
-309.7770 0.0000
-309.0263 0.0000
-308.9953 0.0000
-309.2799 0.0000
-309.5346 0.0000
-308.8801 0.0000
-308.8066 0.0000
-308.6042 0.0000
-308.9459 0.0000
-308.4774 0.0000
-309.6383 0.0000
-309.2305 0.0000
-308.9100 0.0000
-308.9860 0.0000
-308.6637 0.0000
-308.9333 0.0000
-309.4343 0.0000
-309.6137 0.0000
-309.2654 0.0000
-309.6447 0.0000
-310.6067 0.0000
-310.6948 0.0000
-309.9453 0.0000
-310.0445 0.0000
-310.4993 0.0000
-310.5963 0.0000
-309.6198 0.0000
-310.0430 0.0000
-309.7799 0.0000
-309.9796 0.0000
-310.8078 0.0000
-310.4148 0.0000
-309.4000 0.0000
-310.4047 0.0000
-309.7388 0.0000
-309.7771 0.0000
-310.2517 0.0000
-310.1646 0.0000
-309.4162 0.0000
-308.9686 0.0000
-308.9155 0.0000
-308.7911 0.0000
-308.8912 0.0000
-308.9010 0.0000
-308.5206 0.0000
-308.2636 0.0000
-309.4155 0.0000
-309.0680 0.0000
-309.3378 0.0000
-308.7670 0.0000
-308.3365 0.0000
-308.5883 0.0000
-308.9515 0.0000
-309.0533 0.0000
-308.9104 0.0000
-308.5009 0.0000
-307.5538 0.0000
-308.0140 0.0000
-308.4586 0.0000
-309.4288 0.0000
-308.6584 0.0000
-308.5444 0.0000
-308.5567 0.0000
-309.3299 0.0000
-309.1477 0.0000
-309.0431 0.0000
-309.6375 0.0000
-310.6366 0.0000
-310.0445 0.0000
-308.5411 0.0000
-307.6355 0.0000
-308.2278 0.0000
-307.1275 0.0000
-307.8915 0.0000
-307.5439 0.0000
-308.1560 0.0000
-307.8174 0.0000
-307.8424 0.0000
-308.2345 0.0000
-307.0501 0.0000
-307.0346 0.0000
-308.0825 0.0000
-307.5590 0.0000
-307.8457 0.0000
-307.1989 0.0000
-307.0829 0.0000
-308.6018 0.0000
-308.1386 0.0000
-307.1128 0.0000
-308.2338 0.0000
-306.8318 0.0000
-307.0900 0.0000
-307.9638 0.0000
-306.9519 0.0000
-308.0746 0.0000
-308.0686 0.0000
-306.8725 0.0000
-306.8954 0.0000
-307.1187 0.0000
-308.4447 0.0000
-307.8840 0.0000
-307.8062 0.0000
-307.6427 0.0000
-306.8178 0.0000
-307.5495 0.0000
-306.5269 0.0000
-308.5575 0.0000
-307.7197 0.0000
-307.3443 0.0000
-308.0700 0.0000
-306.4990 0.0000
-307.3737 0.0000
-308.1983 0.0000
-307.6262 0.0000
-307.3413 0.0000
-307.9635 0.0000
-307.6161 0.0000
-306.9470 0.0000
-307.7505 0.0000
-308.3223 0.0000
-308.2570 0.0000
-307.6603 0.0000
-308.0326 0.0000
-307.5119 0.0000
-308.5490 0.0000
-307.8383 0.0000
-308.2883 0.0000
-307.6421 0.0000
-307.4712 0.0000
-307.6769 0.0000
-307.5300 0.0000
-308.1078 0.0000
-307.6358 0.0000
-307.7290 0.0000
-308.4215 0.0000
-307.2444 0.0000
-308.7663 0.0000
-306.7125 0.0000
-308.1672 0.0000
-307.9089 0.0000
-307.8900 0.0000
-307.0061 0.0000
-308.8842 0.0000
-306.9890 0.0000
-308.1555 0.0000
-308.1931 0.0000
-306.8127 0.0000
-307.2222 0.0000
-307.4403 0.0000
-307.1150 0.0000
-307.3756 0.0000
-308.4265 0.0000
-308.2452 0.0000
-307.2364 0.0000
-308.7139 0.0000
-306.4972 0.0000
-308.3858 0.0000
-307.7058 0.0000
-308.1677 0.0000
-308.3597 0.0000
-308.1051 0.0000
-307.5716 0.0000
-308.0764 0.0000
-308.1422 0.0000
-307.1720 0.0000
-306.4561 0.0000
-307.2323 0.0000
-308.1042 0.0000
-307.9711 0.0000
-308.0338 0.0000
-307.1018 0.0000
-307.7204 0.0000
-316.2977 0.0000
-316.4529 0.0000
-316.8937 0.0000
-315.8071 0.0000
-315.1556 0.0000
-315.6218 0.0000
-314.5883 0.0000
-317.1359 0.0000
-315.0029 0.0000
-314.9753 0.0000
-315.6509 0.0000
-315.3241 0.0000
-316.0268 0.0000
-315.9946 0.0000
-315.5097 0.0000
-315.3753 0.0000
-314.8361 0.0000
-315.0753 0.0000
-315.5106 0.0000
-316.0392 0.0000
-317.6292 0.0000
-315.7748 0.0000
-314.4928 0.0000
-316.2019 0.0000
-316.8756 0.0000
-315.6429 0.0000
-318.2756 0.0000
-314.2101 0.0000
-315.1157 0.0000
-316.1169 0.0000
-314.4713 0.0000
-315.4925 0.0000
-315.0888 0.0000
-316.3263 0.0000
-315.8268 0.0000
-316.2925 0.0000
-317.2020 0.0000
-315.4582 0.0000
-315.6994 0.0000
-316.4186 0.0000
-315.6246 0.0000
-316.2122 0.0000
-317.8019 0.0000
-315.5089 0.0000
-315.3359 0.0000
-314.3998 0.0000
-314.9910 0.0000
-316.4498 0.0000
-316.2114 0.0000
-316.7504 0.0000
-315.2823 0.0000
-316.4075 0.0000
-313.3594 0.0000
-315.4009 0.0000
-314.7080 0.0000
-315.1417 0.0000
-317.8728 0.0000
-315.4676 0.0000
-315.3305 0.0000
-315.6613 0.0000
-316.2258 0.0000
-316.7285 0.0000
-315.7107 0.0000
-315.2431 0.0000
-317.2486 0.0000
-317.2327 0.0000
-317.2673 0.0000
-316.1670 0.0000
-314.6116 0.0000
-315.8609 0.0000
-315.4910 0.0000
-315.9116 0.0000
-316.8781 0.0000
-315.9778 0.0000
-316.9542 0.0000
-316.4661 0.0000
-316.7100 0.0000
-315.3256 0.0000
-315.9978 0.0000
-313.8614 0.0000
-315.3800 0.0000
-315.2205 0.0000
-315.9815 0.0000
-315.7375 0.0000
-316.0635 0.0000
-315.1357 0.0000
-314.4191 0.0000
-315.5043 0.0000
-317.7361 0.0000
-317.4660 0.0000
-316.9837 0.0000
-316.7651 0.0000
-315.8622 0.0000
-316.5678 0.0000
-314.4690 0.0000
-315.7210 0.0000
-314.8616 0.0000
-315.3992 0.0000
-316.0175 0.0000
-316.4270 0.0000
-315.5034 0.0000
-316.1341 0.0000
-316.2538 0.0000
-317.0654 0.0000
-317.2881 0.0000
-315.4749 0.0000
-314.3744 0.0000
-317.1388 0.0000
-316.4831 0.0000
-315.4328 0.0000
-317.3422 0.0000
-316.1906 0.0000
-315.4070 0.0000
-315.6708 0.0000
-317.5467 0.0000
-316.6633 0.0000
-315.8756 0.0000
-314.9557 0.0000
-316.9875 0.0000
-314.6010 0.0000
-315.7889 0.0000
-313.9940 0.0000
-318.0207 0.0000
-316.3052 0.0000
-315.5169 0.0000
-315.5544 0.0000
-316.2287 0.0000
-314.2669 0.0000
-315.1135 0.0000
-315.5693 0.0000
-316.4330 0.0000
-316.0084 0.0000
-316.0832 0.0000
-316.7067 0.0000
-314.6320 0.0000
-317.6999 0.0000
-314.8905 0.0000
-316.2940 0.0000
-316.6306 0.0000
-314.2090 0.0000
-315.7184 0.0000
-314.8984 0.0000
-314.9034 0.0000
-315.2917 0.0000
-317.4004 0.0000
-316.7965 0.0000
-316.2320 0.0000
-315.4029 0.0000
-317.7362 0.0000
-316.6536 0.0000
-315.8400 0.0000
-316.9337 0.0000
-314.9402 0.0000
-315.2440 0.0000
-314.2602 0.0000
-315.6949 0.0000
-315.4509 0.0000
-314.3693 0.0000
-315.9242 0.0000
-316.6596 0.0000
-315.6783 0.0000
-316.5554 0.0000
-316.6924 0.0000
-314.8469 0.0000
-314.6607 0.0000
-315.5969 0.0000
-316.1831 0.0000
-316.6145 0.0000
-316.2816 0.0000
-316.5684 0.0000
-315.5779 0.0000
-315.9746 0.0000
-315.0329 0.0000
-315.1277 0.0000
-316.4294 0.0000
-316.7840 0.0000
-316.4300 0.0000
-317.7283 0.0000
-315.6527 0.0000
-315.0592 0.0000
-315.6990 0.0000
-316.0205 0.0000
-315.6999 0.0000
-315.1229 0.0000
-315.0162 0.0000
-317.6009 0.0000
-316.2200 0.0000
-316.7057 0.0000
-314.1141 0.0000
-315.1664 0.0000
-316.6707 0.0000
-316.3843 0.0000
-314.7531 0.0000
-316.5942 0.0000
-315.4593 0.0000
-314.2915 0.0000
-318.0533 0.0000
-315.1640 0.0000
-315.9427 0.0000
-315.9123 0.0000
-315.8290 0.0000
-316.8203 0.0000
-316.1604 0.0000
-314.9891 0.0000
-314.2441 0.0000
-313.6274 0.0000
-317.3480 0.0000
-316.5422 0.0000
-315.9921 0.0000
-316.5472 0.0000
-317.0968 0.0000
-317.3289 0.0000
-316.0210 0.0000
-315.0274 0.0000
-314.8075 0.0000
-316.4936 0.0000
-315.4466 0.0000
-316.3637 0.0000
-316.7735 0.0000
-317.0735 0.0000
-316.9765 0.0000
-314.4872 0.0000
-314.9454 0.0000
-316.7836 0.0000
-317.1906 0.0000
-317.1810 0.0000
-314.0034 0.0000
-315.3558 0.0000
-316.8651 0.0000
-316.4160 0.0000
-315.4336 0.0000
-316.9208 0.0000
-315.8666 0.0000
-315.4157 0.0000
-313.8470 0.0000
-316.6036 0.0000
-316.0680 0.0000
-316.3196 0.0000
-315.4420 0.0000
-315.2854 0.0000
-315.6538 0.0000
-316.0737 0.0000
-316.6280 0.0000
-315.6641 0.0000
-315.0642 0.0000
-316.7527 0.0000
-315.2692 0.0000
-314.6230 0.0000
-316.4317 0.0000
-315.9422 0.0000
-316.9795 0.0000
-316.5416 0.0000
-314.5828 0.0000
-315.0391 0.0000
-314.5659 0.0000
-316.4804 0.0000
-315.9688 0.0000
-317.2668 0.0000
-316.2331 0.0000
-316.5658 0.0000
-316.4404 0.0000
-315.1639 0.0000
-316.3715 0.0000
-316.2076 0.0000
-317.0195 0.0000
-314.7951 0.0000
-315.4597 0.0000
-315.3924 0.0000
-316.0065 0.0000
-316.5160 0.0000
-316.0590 0.0000
-315.7972 0.0000
-314.6045 0.0000
-314.8239 0.0000
-315.3782 0.0000
-319.0615 0.0000
-314.5256 0.0000
-315.4609 0.0000
-316.2317 0.0000
-315.2679 0.0000
-315.3342 0.0000
-316.5468 0.0000
-316.5194 0.0000
-316.5126 0.0000
-315.2501 0.0000
-314.9621 0.0000
-316.6185 0.0000
-317.3096 0.0000
-315.5796 0.0000
-315.3090 0.0000
-317.5784 0.0000
-315.9776 0.0000
-315.8618 0.0000
-316.6092 0.0000
-314.8300 0.0000
-316.8001 0.0000
-314.6317 0.0000
-315.0432 0.0000
-316.1675 0.0000
-315.7904 0.0000
-316.3686 0.0000
-315.7031 0.0000
-317.0456 0.0000
-316.5097 0.0000
-316.5678 0.0000
-315.4631 0.0000
-314.8193 0.0000
-313.2140 0.0000
-314.8579 0.0000
-315.8151 0.0000
-316.5719 0.0000
-316.5496 0.0000
-316.0029 0.0000
-315.9046 0.0000
-315.9780 0.0000
-316.8181 0.0000
-315.3870 0.0000
-314.7045 0.0000
-316.0027 0.0000
-314.0368 0.0000
-316.0519 0.0000
-315.6061 0.0000
-314.6270 0.0000
-315.5139 0.0000
-315.9695 0.0000
-316.0135 0.0000
-316.0847 0.0000
-316.0909 0.0000
-316.4022 0.0000
-313.7741 0.0000
-317.4950 0.0000
-314.6256 0.0000
-315.4461 0.0000
-316.9249 0.0000
-317.7120 0.0000
-315.4231 0.0000
-316.3265 0.0000
-317.3941 0.0000
-316.0857 0.0000
-317.0185 0.0000
-318.1085 0.0000
-313.5580 0.0000
-315.1961 0.0000
-316.8260 0.0000
-315.4954 0.0000
-315.9323 0.0000
-316.8931 0.0000
-317.3869 0.0000
-314.7488 0.0000
-315.1170 0.0000
-314.6018 0.0000
-314.0406 0.0000
-316.6162 0.0000
-316.9308 0.0000
-315.6145 0.0000
-314.2849 0.0000
-316.5642 0.0000
-316.3597 0.0000
-316.6884 0.0000
-314.8308 0.0000
-315.7918 0.0000
-314.8275 0.0000
-317.1670 0.0000
-314.8150 0.0000
-316.7596 0.0000
-315.0720 0.0000
-316.1819 0.0000
-314.5976 0.0000
-314.0519 0.0000
-315.4345 0.0000
-315.2023 0.0000
-314.4900 0.0000
-317.5790 0.0000
-316.7827 0.0000
-315.4868 0.0000
-316.3507 0.0000
-315.3396 0.0000
-315.5410 0.0000
-315.7926 0.0000
-317.3593 0.0000
-317.6620 0.0000
-317.6033 0.0000
-316.7692 0.0000
-316.2438 0.0000
-316.6788 0.0000
-315.0402 0.0000
-316.7193 0.0000
-315.4046 0.0000
-316.5724 0.0000
-315.3747 0.0000
-315.9526 0.0000
-316.7239 0.0000
-317.0564 0.0000
-315.6558 0.0000
-317.3910 0.0000
-316.1562 0.0000
-314.6000 0.0000
-314.9652 0.0000
-315.8265 0.0000
-315.3156 0.0000
-314.8204 0.0000
-316.6223 0.0000
-314.9321 0.0000
-314.1467 0.0000
-316.4070 0.0000
-317.3156 0.0000
-315.8072 0.0000
-316.0754 0.0000
-316.9300 0.0000
-314.6037 0.0000
-317.4500 0.0000
-316.7176 0.0000
-315.7692 0.0000
-316.0578 0.0000
-316.4165 0.0000
-316.3993 0.0000
-315.5783 0.0000
-316.2693 0.0000
-317.2728 0.0000
-316.1242 0.0000
-316.9145 0.0000
-316.2154 0.0000
-315.6292 0.0000
-314.7457 0.0000
-316.2176 0.0000
-315.0348 0.0000
-315.8397 0.0000
-315.4529 0.0000
-315.7105 0.0000
-316.0479 0.0000
-315.5128 0.0000
-316.8578 0.0000
-317.4035 0.0000
-315.2438 0.0000
-315.4993 0.0000
-314.4535 0.0000
-316.2093 0.0000
-317.2145 0.0000
-315.5279 0.0000
-315.9959 0.0000
-315.4720 0.0000
-316.8553 0.0000
-315.7846 0.0000
-316.7035 0.0000
-315.2296 0.0000
-316.3333 0.0000
-315.4450 0.0000
-314.6347 0.0000
-316.7978 0.0000
-316.2320 0.0000
-315.9097 0.0000
-315.0855 0.0000
-315.9821 0.0000
-315.9952 0.0000
-315.5271 0.0000
-315.7160 0.0000
-315.2551 0.0000
-314.9756 0.0000
-315.4566 0.0000
-315.0010 0.0000
-318.2676 0.0000
-316.5323 0.0000
-316.7532 0.0000
-316.5791 0.0000
-316.3968 0.0000
-315.7130 0.0000
-315.3298 0.0000
-316.4740 0.0000
-314.8176 0.0000
-316.0456 0.0000
-317.2151 0.0000
-315.0195 0.0000
-314.7258 0.0000
-315.4345 0.0000
-315.9965 0.0000
-317.6942 0.0000
-314.6196 0.0000
-315.9550 0.0000
-315.4115 0.0000
-316.2701 0.0000
-315.3849 0.0000
-316.8906 0.0000
-315.4696 0.0000
-317.1096 0.0000
-314.1470 0.0000
-316.4184 0.0000
-315.7045 0.0000
-316.8236 0.0000
-313.8194 0.0000
-314.7118 0.0000
-314.9819 0.0000
-317.4383 0.0000
-315.0702 0.0000
-316.3692 0.0000
-317.5367 0.0000
-315.7043 0.0000
-315.5375 0.0000
-315.0448 0.0000
-317.9849 0.0000
-315.0159 0.0000
-317.5074 0.0000
-315.1134 0.0000
-315.9714 0.0000
-317.4694 0.0000
-315.7371 0.0000
-316.5485 0.0000
-315.9030 0.0000
-316.3220 0.0000
-317.1626 0.0000
-317.0694 0.0000
-316.0003 0.0000
-315.2940 0.0000
-315.7226 0.0000
-316.5416 0.0000
-316.4075 0.0000
-316.4254 0.0000
-315.6096 0.0000
-317.3813 0.0000
-316.8161 0.0000
-315.8737 0.0000
-317.3917 0.0000
-315.4464 0.0000
-316.1990 0.0000
-317.4353 0.0000
-315.8636 0.0000
-315.1720 0.0000
-314.8864 0.0000
-316.5067 0.0000
-318.0425 0.0000
-316.1074 0.0000
-316.8016 0.0000
-315.7142 0.0000
-315.7416 0.0000
-315.8009 0.0000
-316.4525 0.0000
-314.2062 0.0000
-314.8037 0.0000
-316.5553 0.0000
-316.1750 0.0000
-316.9739 0.0000
-314.7240 0.0000
-317.6700 0.0000
-317.7914 0.0000
-318.6357 0.0000
-317.6127 0.0000
-317.5178 0.0000
-318.0225 0.0000
-318.3806 0.0000
-315.5030 0.0000
-316.5976 0.0000
-317.3293 0.0000
-318.6305 0.0000
-316.1615 0.0000
-316.1754 0.0000
-317.1873 0.0000
-315.0820 0.0000
-314.6563 0.0000
-316.5157 0.0000
-317.1966 0.0000
-317.9989 0.0000
-316.7597 0.0000
-318.0198 0.0000
-316.0433 0.0000
-315.6106 0.0000
-315.8891 0.0000
-317.2709 0.0000
-317.0611 0.0000
-317.4280 0.0000
-317.4815 0.0000
-316.9099 0.0000
-316.5887 0.0000
-316.6436 0.0000
-318.2993 0.0000
-318.1807 0.0000
-320.6983 0.0000
-319.2616 0.0000
-317.7601 0.0000
-315.1445 0.0000
-318.8074 0.0000
-317.1112 0.0000
-316.3746 0.0000
-317.8064 0.0000
-317.1636 0.0000
-318.9951 0.0000
-318.4109 0.0000
-317.0390 0.0000
-318.0013 0.0000
-319.8730 0.0000
-316.9438 0.0000
-316.3740 0.0000
-316.2603 0.0000
-317.1174 0.0000
-317.7641 0.0000
-316.5336 0.0000
-315.3688 0.0000
-315.0016 0.0000
-315.8137 0.0000
-315.3292 0.0000
-314.5551 0.0000
-316.0252 0.0000
-314.4335 0.0000
-314.8164 0.0000
-314.6986 0.0000
-315.2747 0.0000
-314.0793 0.0000
-315.4271 0.0000
-314.1360 0.0000
-313.8662 0.0000
-313.9585 0.0000
-315.0570 0.0000
-314.4806 0.0000
-316.1588 0.0000
-316.8107 0.0000
-316.5516 0.0000
-317.4989 0.0000
-316.2208 0.0000
-316.5443 0.0000
-316.8146 0.0000
-314.9096 0.0000
-315.1944 0.0000
-313.8849 0.0000
-313.2551 0.0000
-314.4217 0.0000
-314.0419 0.0000
-314.8922 0.0000
-313.2174 0.0000
-313.4062 0.0000
-313.4811 0.0000
-313.3277 0.0000
-312.8372 0.0000
-313.9670 0.0000
-313.5879 0.0000
-313.9799 0.0000
-315.0410 0.0000
-315.0958 0.0000
-314.6773 0.0000
-315.9011 0.0000
-315.2843 0.0000
-315.4388 0.0000
-315.8402 0.0000
-315.3745 0.0000
-315.9728 0.0000
-316.6223 0.0000
-315.3427 0.0000
-317.2176 0.0000
-317.3615 0.0000
-317.2140 0.0000
-318.0303 0.0000
-317.8634 0.0000
-317.9764 0.0000
-317.6920 0.0000
-316.6479 0.0000
-318.4815 0.0000
-315.9483 0.0000
-318.0898 0.0000
-317.8499 0.0000
-316.6458 0.0000
-317.8135 0.0000
-318.0187 0.0000
-318.1289 0.0000
-317.3251 0.0000
-318.3961 0.0000
-318.5120 0.0000
-318.7941 0.0000
-318.9372 0.0000
-319.4729 0.0000
-320.4399 0.0000
-319.0099 0.0000
-318.3780 0.0000
-318.6325 0.0000
-318.4640 0.0000
-317.8751 0.0000
-317.7458 0.0000
-316.8491 0.0000
-316.4031 0.0000
-318.2145 0.0000
-316.5080 0.0000
-316.8254 0.0000
-316.6144 0.0000
-317.3515 0.0000
-315.4147 0.0000
-316.0689 0.0000
-317.0621 0.0000
-316.7867 0.0000
-317.9341 0.0000
-318.1659 0.0000
-317.4972 0.0000
-315.8266 0.0000
-317.9755 0.0000
-319.5028 0.0000
-320.7462 0.0000
-321.0449 0.0000
-320.3637 0.0000
-319.6720 0.0000
-318.7005 0.0000
-317.5059 0.0000
-316.1536 0.0000
-318.0831 0.0000
-316.9676 0.0000
-315.9925 0.0000
-317.1926 0.0000
-315.8313 0.0000
-317.9360 0.0000
-315.3132 0.0000
-317.4694 0.0000
-316.6478 0.0000
-317.1955 0.0000
-317.2432 0.0000
-317.2560 0.0000
-317.2728 0.0000
-317.9018 0.0000
-317.5980 0.0000
-316.7440 0.0000
-319.5507 0.0000
-317.6153 0.0000
-318.6426 0.0000
-319.9648 0.0000
-318.1474 0.0000
-317.4346 0.0000
-317.5993 0.0000
-316.6636 0.0000
-318.0897 0.0000
-317.8469 0.0000
-317.3728 0.0000
-317.0295 0.0000
-318.7082 0.0000
-316.5783 0.0000
-316.6782 0.0000
-318.4746 0.0000
-317.4520 0.0000
-318.4454 0.0000
-318.6807 0.0000
-317.0532 0.0000
-317.0526 0.0000
-317.3720 0.0000
-316.3872 0.0000
-317.3088 0.0000
-317.2910 0.0000
-317.4309 0.0000
-316.9964 0.0000
-317.0253 0.0000
-318.4760 0.0000
-317.0375 0.0000
-320.7136 0.0000
-319.1979 0.0000
-318.2910 0.0000
-318.8068 0.0000
-319.2219 0.0000
-318.5359 0.0000
-319.0713 0.0000
-319.9603 0.0000
-319.5368 0.0000
-318.7098 0.0000
-319.3543 0.0000
-320.9660 0.0000
-319.2959 0.0000
-317.8217 0.0000
-319.2066 0.0000
-319.7504 0.0000
-318.0611 0.0000
-320.7410 0.0000
-319.1050 0.0000
-317.8268 0.0000
-318.8914 0.0000
-317.7774 0.0000
-318.3956 0.0000
-317.9087 0.0000
-318.5281 0.0000
-319.3466 0.0000
-318.4515 0.0000
-319.0983 0.0000
-317.0813 0.0000
-319.8283 0.0000
-318.6257 0.0000
-318.6088 0.0000
-319.6795 0.0000
-319.2459 0.0000
-318.5546 0.0000
-317.6151 0.0000
-319.2950 0.0000
-321.1409 0.0000
-322.5266 0.0000
-323.1557 0.0000
-323.8811 0.0000
-324.5300 0.0000
-323.2850 0.0000
-324.7636 0.0000
-323.1577 0.0000
-323.3156 0.0000
-325.3394 0.0000
-326.6023 0.0000
-324.3219 0.0000
-324.5704 0.0000
-325.2806 0.0000
-323.8905 0.0000
-324.3588 0.0000
-323.9366 0.0000
-323.2475 0.0000
-324.7408 0.0000
-324.6397 0.0000
-312.1886 0.0000
-312.1328 0.0000
-312.4020 0.0000
-313.8670 0.0000
-314.0568 0.0000
-311.3161 0.0000
-312.4100 0.0000
-312.5857 0.0000
-312.6754 0.0000
-312.6343 0.0000
-313.5370 0.0000
-313.8509 0.0000
-312.6006 0.0000
-314.8886 0.0000
-311.6467 0.0000
-312.9635 0.0000
-312.8746 0.0000
-314.9749 0.0000
-314.0514 0.0000
-314.7288 0.0000
-315.5405 0.0000
-313.7258 0.0000
-315.1574 0.0000
-311.9967 0.0000
-315.6727 0.0000
-313.8483 0.0000
-313.4338 0.0000
-313.4419 0.0000
-314.4846 0.0000
-312.6098 0.0000
-312.6578 0.0000
-314.5228 0.0000
-312.4791 0.0000
-313.3696 0.0000
-313.3862 0.0000
-314.1765 0.0000
-315.0468 0.0000
-313.9869 0.0000
-314.0796 0.0000
-313.5436 0.0000
-313.7675 0.0000
-314.5576 0.0000
-314.6096 0.0000
-315.1556 0.0000
-315.0067 0.0000
-313.6193 0.0000
-312.3792 0.0000
-313.0932 0.0000
-315.9792 0.0000
-316.5209 0.0000
-316.2801 0.0000
-314.6624 0.0000
-316.8830 0.0000
-314.2402 0.0000
-316.6615 0.0000
-314.4455 0.0000
-314.9746 0.0000
-313.6874 0.0000
-313.7135 0.0000
-312.9786 0.0000
-314.6310 0.0000
-313.3413 0.0000
-314.2729 0.0000
-311.7652 0.0000
-312.5130 0.0000
-313.0685 0.0000
-312.9021 0.0000
-312.3575 0.0000
-311.6251 0.0000
-313.0116 0.0000
-310.9658 0.0000
-314.2000 0.0000
-314.2663 0.0000
-312.6553 0.0000
-313.7569 0.0000
-313.8696 0.0000
-312.6349 0.0000
-314.2012 0.0000
-312.1069 0.0000
-311.8424 0.0000
-311.1682 0.0000
-310.9405 0.0000
-312.0569 0.0000
-310.6305 0.0000
-313.7096 0.0000
-309.5172 0.0000
-312.8844 0.0000
-313.1212 0.0000
-312.1216 0.0000
-309.9855 0.0000
-311.8717 0.0000
-311.1800 0.0000
-309.7702 0.0000
-308.4734 0.0000
-307.1459 0.0000
-311.0975 0.0000
-309.0771 0.0000
-308.2367 0.0000
-310.5585 0.0000
-307.9475 0.0000
-306.2115 0.0000
-307.6411 0.0000
-308.7247 0.0000
-308.2247 0.0000
-307.8586 0.0000
-308.2066 0.0000
-309.2627 0.0000
-308.8299 0.0000
-307.4777 0.0000
-308.1444 0.0000
-305.3560 0.0000
-305.1048 0.0000
-305.7842 0.0000
-305.3201 0.0000
-306.1394 0.0000
-304.6403 0.0000
-305.1442 0.0000
-305.1229 0.0000
-306.0143 0.0000
-304.0746 0.0000
-303.7311 0.0000
-304.2547 0.0000
-304.6743 0.0000
-304.0292 0.0000
-303.8819 0.0000
-303.8018 0.0000
-304.3893 0.0000
-304.9056 0.0000
-304.3584 0.0000
-304.2547 0.0000
-303.8165 0.0000
-306.0302 0.0000
-305.8785 0.0000
-306.6791 0.0000
-304.3701 0.0000
-305.5304 0.0000
-303.5827 0.0000
-302.1561 0.0000
-302.9939 0.0000
-300.7225 0.0000
-301.8629 0.0000
-303.4782 0.0000
-304.7608 0.0000
-303.4941 0.0000
-303.3730 0.0000
-304.4968 0.0000
-302.2767 0.0000
-302.4717 0.0000
-303.5935 0.0000
-301.1103 0.0000
-302.1515 0.0000
-301.8498 0.0000
-300.9640 0.0000
-301.3096 0.0000
-302.8018 0.0000
-298.9469 0.0000
-299.5915 0.0000
-301.7346 0.0000
-302.5911 0.0000
-303.6278 0.0000
-302.1046 0.0000
-301.8639 0.0000
-301.3723 0.0000
-300.0573 0.0000
-302.7787 0.0000
-302.9055 0.0000
-302.8081 0.0000
-301.0079 0.0000
-301.9643 0.0000
-301.8414 0.0000
-301.3913 0.0000
-299.4611 0.0000
-301.7896 0.0000
-300.7608 0.0000
-302.1766 0.0000
-301.0513 0.0000
-301.4232 0.0000
-302.0085 0.0000
-302.7057 0.0000
-301.6748 0.0000
-304.0342 0.0000
-303.3603 0.0000
-302.9822 0.0000
-301.3559 0.0000
-300.7577 0.0000
-300.3797 0.0000
-300.2822 0.0000
-300.9907 0.0000
-301.8789 0.0000
-301.8977 0.0000
-302.1436 0.0000
-300.9231 0.0000
-302.3915 0.0000
-302.2036 0.0000
-301.7267 0.0000
-301.3827 0.0000
-303.2117 0.0000
-300.6205 0.0000
-300.9870 0.0000
-300.3643 0.0000
-299.1450 0.0000
-300.8290 0.0000
-301.6354 0.0000
-300.0696 0.0000
-300.7494 0.0000
-301.7274 0.0000
-300.5530 0.0000
-299.9662 0.0000
-301.7547 0.0000
-301.8058 0.0000
-301.0327 0.0000
-299.8813 0.0000
-300.5077 0.0000
-301.3342 0.0000
-303.0960 0.0000
-302.8235 0.0000
-304.6098 0.0000
-302.7357 0.0000
-301.7857 0.0000
-304.1839 0.0000
-303.4180 0.0000
-304.6838 0.0000
-305.0671 0.0000
-304.5742 0.0000
-304.4273 0.0000
-303.4880 0.0000
-302.4391 0.0000
-302.1016 0.0000
-304.6187 0.0000
-302.1459 0.0000
-302.8115 0.0000
-301.6626 0.0000
-300.8022 0.0000
-301.2890 0.0000
-303.2992 0.0000
-304.8249 0.0000
-305.1205 0.0000
-306.3935 0.0000
-304.3139 0.0000
-306.3194 0.0000
-303.6365 0.0000
-303.6144 0.0000
-306.4030 0.0000
-305.4594 0.0000
-304.9739 0.0000
-303.9089 0.0000
-305.8700 0.0000
-306.7080 0.0000
-304.6199 0.0000
-304.9477 0.0000
-305.3229 0.0000
-303.7266 0.0000
-303.6176 0.0000
-305.0380 0.0000
-303.9963 0.0000
-304.1870 0.0000
-306.7522 0.0000
-303.6768 0.0000
-304.4376 0.0000
-304.3159 0.0000
-306.2842 0.0000
-306.0659 0.0000
-307.8072 0.0000
-307.7838 0.0000
-308.3401 0.0000
-309.4729 0.0000
-308.8562 0.0000
-307.9638 0.0000
-307.9011 0.0000
-307.6251 0.0000
-307.5926 0.0000
-305.8530 0.0000
-304.9929 0.0000
-307.4797 0.0000
-308.7460 0.0000
-308.4353 0.0000
-308.4594 0.0000
-308.0883 0.0000
-308.0388 0.0000
-310.0369 0.0000
-308.7682 0.0000
-309.1793 0.0000
-308.5452 0.0000
-308.8213 0.0000
-308.8700 0.0000
-308.5389 0.0000
-308.5458 0.0000
-309.8320 0.0000
-309.2805 0.0000
-309.8075 0.0000
-309.0593 0.0000
-308.9370 0.0000
-307.4366 0.0000
-306.1021 0.0000
-307.9526 0.0000
-308.7610 0.0000
-309.5817 0.0000
-309.0923 0.0000
-309.2798 0.0000
-309.4682 0.0000
-308.6001 0.0000
-310.2345 0.0000
-310.9628 0.0000
-309.8893 0.0000
-309.5775 0.0000
-311.1831 0.0000
-311.5071 0.0000
-312.1697 0.0000
-311.8504 0.0000
-312.0251 0.0000
-311.8568 0.0000
-312.6951 0.0000
-313.8485 0.0000
-310.5550 0.0000
-309.8843 0.0000
-310.5701 0.0000
-310.3503 0.0000
-310.3579 0.0000
-309.8425 0.0000
-310.3664 0.0000
-311.6948 0.0000
-307.9330 0.0000
-307.8880 0.0000
-307.3609 0.0000
-309.5684 0.0000
-306.3502 0.0000
-307.4820 0.0000
-306.2307 0.0000
-307.8569 0.0000
-307.9730 0.0000
-307.6183 0.0000
-307.7054 0.0000
-307.5644 0.0000
-306.6478 0.0000
-307.5974 0.0000
-310.0138 0.0000
-306.2533 0.0000
-306.6915 0.0000
-304.0522 0.0000
-305.6825 0.0000
-305.3259 0.0000
-304.1499 0.0000
-301.7617 0.0000
-302.0736 0.0000
-301.8191 0.0000
-303.0356 0.0000
-302.6693 0.0000
-302.4214 0.0000
-300.4590 0.0000
-301.1638 0.0000
-300.8677 0.0000
-300.1421 0.0000
-302.1929 0.0000
-301.7819 0.0000
-300.6503 0.0000
-300.9367 0.0000
-303.8369 0.0000
-304.0741 0.0000
-301.5283 0.0000
-302.3054 0.0000
-303.7918 0.0000
-301.4506 0.0000
-301.6078 0.0000
-300.4965 0.0000
-302.0901 0.0000
-299.8682 0.0000
-300.3226 0.0000
-299.0596 0.0000
-297.4220 0.0000
-299.1611 0.0000
-296.5064 0.0000
-297.0426 0.0000
-296.6194 0.0000
-297.4365 0.0000
-298.6799 0.0000
-295.8250 0.0000
-296.6137 0.0000
-296.4299 0.0000
-295.8034 0.0000
-297.6462 0.0000
-299.9994 0.0000
-299.3182 0.0000
-300.2244 0.0000
-299.6035 0.0000
-299.7618 0.0000
-299.8841 0.0000
-300.0145 0.0000
-299.9859 0.0000
-298.1046 0.0000
-298.5038 0.0000
-298.8817 0.0000
-300.3704 0.0000
-298.9291 0.0000
-299.6002 0.0000
-297.4097 0.0000
-296.3580 0.0000
-299.2030 0.0000
-296.6743 0.0000
-296.6914 0.0000
-297.0864 0.0000
-297.7847 0.0000
-297.6346 0.0000
-295.3847 0.0000
-297.1719 0.0000
-298.0952 0.0000
-298.5324 0.0000
-299.7020 0.0000
-297.1343 0.0000
-296.4839 0.0000
-295.5436 0.0000
-298.2433 0.0000
-297.6222 0.0000
-297.5108 0.0000
-297.1571 0.0000
-296.7210 0.0000
-295.8964 0.0000
-296.3191 0.0000
-297.5633 0.0000
-296.4793 0.0000
-295.0876 0.0000
-292.7322 0.0000
-295.4021 0.0000
-294.6159 0.0000
-296.1953 0.0000
-297.1607 0.0000
-297.3004 0.0000
-295.4940 0.0000
-296.4407 0.0000
-295.0566 0.0000
-296.6350 0.0000
-295.6177 0.0000
-294.8433 0.0000
-294.4541 0.0000
-294.7291 0.0000
-294.8307 0.0000
-295.8504 0.0000
-294.7635 0.0000
-296.7060 0.0000
-293.6037 0.0000
-294.5183 0.0000
-294.8621 0.0000
-293.1149 0.0000
-293.0635 0.0000
-293.8069 0.0000
-292.0793 0.0000
-293.3688 0.0000
-292.2863 0.0000
-294.3811 0.0000
-294.9794 0.0000
-292.5324 0.0000
-291.9474 0.0000
-292.2327 0.0000
-291.3385 0.0000
-290.7121 0.0000
-291.8957 0.0000
-290.6029 0.0000
-294.0756 0.0000
-293.0180 0.0000
-293.6681 0.0000
-292.2632 0.0000
-291.2808 0.0000
-292.5178 0.0000
-293.3492 0.0000
-292.8671 0.0000
-292.5505 0.0000
-291.7495 0.0000
-293.0629 0.0000
-293.7954 0.0000
-293.3527 0.0000
-291.6280 0.0000
-291.6569 0.0000
-290.7940 0.0000
-291.0761 0.0000
-293.6932 0.0000
-291.2179 0.0000
-292.1892 0.0000
-290.3628 0.0000
-291.3150 0.0000
-290.6985 0.0000
-291.3719 0.0000
-290.7353 0.0000
-291.0838 0.0000
-289.7073 0.0000
-291.0698 0.0000
-291.0021 0.0000
-291.8456 0.0000
-290.2529 0.0000
-291.5973 0.0000
-290.8957 0.0000
-291.6633 0.0000
-290.3978 0.0000
-291.9052 0.0000
-291.4524 0.0000
-289.4943 0.0000
-289.1151 0.0000
-288.3504 0.0000
-287.9646 0.0000
-286.9885 0.0000
-289.0069 0.0000
-288.9272 0.0000
-289.1078 0.0000
-289.3137 0.0000
-289.6531 0.0000
-287.4075 0.0000
-288.4726 0.0000
-288.3855 0.0000
-288.8237 0.0000
-288.9958 0.0000
-289.6241 0.0000
-288.5152 0.0000
-290.4019 0.0000
-288.2106 0.0000
-289.1645 0.0000
-288.3277 0.0000
-290.8405 0.0000
-289.6692 0.0000
-289.8734 0.0000
-290.8502 0.0000
-289.5127 0.0000
-289.6776 0.0000
-289.7757 0.0000
-289.0684 0.0000
-287.9836 0.0000
-288.8193 0.0000
-286.8258 0.0000
-286.2303 0.0000
-286.2091 0.0000
-286.2508 0.0000
-286.8110 0.0000
-286.8136 0.0000
-287.6695 0.0000
-286.7667 0.0000
-286.5885 0.0000
-287.7577 0.0000
-287.9118 0.0000
-287.1412 0.0000
-285.9436 0.0000
-288.1178 0.0000
-287.4305 0.0000
-288.4179 0.0000
-289.2622 0.0000
-288.4251 0.0000
-289.5642 0.0000
-289.7835 0.0000
-290.6341 0.0000
-291.7853 0.0000
-292.0268 0.0000
-293.9082 0.0000
-291.7930 0.0000
-292.1462 0.0000
-289.9823 0.0000
-290.0176 0.0000
-290.1305 0.0000
-292.5236 0.0000
-290.4224 0.0000
-290.8091 0.0000
-292.5861 0.0000
-290.8923 0.0000
-291.3206 0.0000
-290.8034 0.0000
-288.8130 0.0000
-291.0600 0.0000
-292.6654 0.0000
-290.3285 0.0000
-290.7233 0.0000
-288.9720 0.0000
-289.6610 0.0000
-288.9327 0.0000
-290.2763 0.0000
-288.4159 0.0000
-289.1447 0.0000
-288.6216 0.0000
-289.8859 0.0000
-288.4889 0.0000
-288.2175 0.0000
-288.9404 0.0000
-289.6337 0.0000
-290.3144 0.0000
-288.0168 0.0000
-290.3173 0.0000
-290.4750 0.0000
-290.0403 0.0000
-290.9556 0.0000
-289.8804 0.0000
-290.1129 0.0000
-290.5448 0.0000
-291.5248 0.0000
-291.1563 0.0000
-291.7906 0.0000
-292.2748 0.0000
-293.3573 0.0000
-289.9875 0.0000
-290.5001 0.0000
-291.3568 0.0000
-289.0824 0.0000
-290.7021 0.0000
-291.9816 0.0000
-291.0532 0.0000
-291.2620 0.0000
-291.0936 0.0000
-291.4344 0.0000
-291.0792 0.0000
-290.9442 0.0000
-289.8357 0.0000
-290.7856 0.0000
-290.9607 0.0000
-291.3595 0.0000
-290.3514 0.0000
-292.2667 0.0000
-291.2584 0.0000
-292.3819 0.0000
-293.0739 0.0000
-292.8211 0.0000
-291.6302 0.0000
-290.9928 0.0000
-292.2775 0.0000
-294.1909 0.0000
-293.1962 0.0000
-294.3471 0.0000
-294.3895 0.0000
-293.9857 0.0000
-292.9314 0.0000
-294.6386 0.0000
-292.2682 0.0000
-291.5477 0.0000
-291.3027 0.0000
-293.0416 0.0000
-291.1046 0.0000
-292.9275 0.0000
-293.8239 0.0000
-291.0376 0.0000
-292.0339 0.0000
-293.4620 0.0000
-293.5796 0.0000
-292.8250 0.0000
-291.1898 0.0000
-290.7732 0.0000
-291.1875 0.0000
-290.4405 0.0000
-292.0300 0.0000
-290.1636 0.0000
-290.8498 0.0000
-290.5559 0.0000
-289.5372 0.0000
-289.8490 0.0000
-288.7919 0.0000
-290.3047 0.0000
-291.2642 0.0000
-294.4188 0.0000
-292.7723 0.0000
-290.3869 0.0000
-291.0210 0.0000
-290.6966 0.0000
-292.2109 0.0000
-291.4952 0.0000
-290.9232 0.0000
-292.2752 0.0000
-290.4905 0.0000
-292.4064 0.0000
-292.5640 0.0000
-292.9168 0.0000
-292.8536 0.0000
-292.5703 0.0000
-291.5745 0.0000
-291.8841 0.0000
-293.5774 0.0000
-293.3626 0.0000
-292.6197 0.0000
-294.2514 0.0000
-294.2373 0.0000
-295.0528 0.0000
-293.4569 0.0000
-293.2343 0.0000
-293.7306 0.0000
-294.0871 0.0000
-293.9870 0.0000
-293.1765 0.0000
-293.2744 0.0000
-293.3404 0.0000
-292.8011 0.0000
-291.5551 0.0000
-291.6976 0.0000
-291.0623 0.0000
-292.1398 0.0000
-290.5016 0.0000
-290.3187 0.0000
-288.3437 0.0000
-288.8149 0.0000
-291.1848 0.0000
-288.4281 0.0000
-290.4989 0.0000
-290.0018 0.0000
-290.6640 0.0000
-289.5634 0.0000
-290.2506 0.0000
-290.5286 0.0000
-290.9297 0.0000
-289.5837 0.0000
-289.6480 0.0000
-289.4925 0.0000
-291.1048 0.0000
-291.6516 0.0000
-287.4355 0.0000
-290.1101 0.0000
-290.0883 0.0000
-291.1211 0.0000
-289.3124 0.0000
-290.5241 0.0000
-290.2908 0.0000
-289.2674 0.0000
-287.8570 0.0000
-288.9215 0.0000
-290.1914 0.0000
-287.7232 0.0000
-288.9202 0.0000
-289.0853 0.0000
-290.4171 0.0000
-291.1804 0.0000
-290.8563 0.0000
-294.1939 0.0000
-295.0119 0.0000
-294.3288 0.0000
-294.0195 0.0000
-296.1214 0.0000
-291.7250 0.0000
-293.9564 0.0000
-294.2192 0.0000
-293.3976 0.0000
-292.9597 0.0000
-295.3506 0.0000
-296.9029 0.0000
-295.6059 0.0000
-293.6620 0.0000
-294.2017 0.0000
-295.1070 0.0000
-292.1767 0.0000
-296.2237 0.0000
-295.6884 0.0000
-295.1336 0.0000
-294.7465 0.0000
-295.4073 0.0000
-296.5329 0.0000
-296.7113 0.0000
-297.4479 0.0000
-297.1597 0.0000
-296.3662 0.0000
-297.6061 0.0000
-296.5968 0.0000
-297.2525 0.0000
-298.2988 0.0000
-295.3467 0.0000
-294.9379 0.0000
-296.0032 0.0000
-294.8405 0.0000
-294.4015 0.0000
-293.7736 0.0000
-292.7869 0.0000
-294.3937 0.0000
-294.9899 0.0000
-294.4604 0.0000
-294.7573 0.0000
-294.5490 0.0000
-292.1346 0.0000
-295.5222 0.0000
-294.6555 0.0000
-294.6475 0.0000
-294.4604 0.0000
-295.5669 0.0000
-294.8835 0.0000
-297.3747 0.0000
-295.5377 0.0000
-294.1028 0.0000
-295.4658 0.0000
-294.7985 0.0000
-293.8327 0.0000
-295.1082 0.0000
-294.8506 0.0000
-294.7348 0.0000
-294.6806 0.0000
-292.0828 0.0000
-295.0805 0.0000
-292.7945 0.0000
-293.4797 0.0000
-294.5680 0.0000
-294.6814 0.0000
-294.0699 0.0000
-293.3685 0.0000
-294.2934 0.0000
-296.7390 0.0000
-294.7878 0.0000
-296.9514 0.0000
-297.6419 0.0000
-295.6993 0.0000
-295.7574 0.0000
-297.0413 0.0000
-295.7024 0.0000
-295.9623 0.0000
-294.8125 0.0000
-295.2252 0.0000
-296.1117 0.0000
-297.7810 0.0000
-293.9615 0.0000
-297.1414 0.0000
-295.6149 0.0000
-296.2103 0.0000
-294.3926 0.0000
-297.0007 0.0000
-293.3589 0.0000
-297.8251 0.0000
-296.7396 0.0000
-295.4997 0.0000
-296.5786 0.0000
-295.5528 0.0000
-295.6746 0.0000
-297.1650 0.0000
-295.4702 0.0000
-297.9962 0.0000
-297.6616 0.0000
-297.2613 0.0000
-296.9133 0.0000
-297.6650 0.0000
-295.1551 0.0000
-295.1136 0.0000
-296.6671 0.0000
-295.8134 0.0000
-296.2554 0.0000
-297.4769 0.0000
-295.1250 0.0000
-296.2944 0.0000
-294.3718 0.0000
-295.8853 0.0000
-295.2868 0.0000
-295.3602 0.0000
-297.0116 0.0000
-295.6912 0.0000
-297.1472 0.0000
-297.1426 0.0000
-296.5269 0.0000
-295.4315 0.0000
-296.0027 0.0000
-294.6834 0.0000
-296.9598 0.0000
-296.7407 0.0000
-297.3586 0.0000
-293.7000 0.0000
-293.7197 0.0000
-297.8243 0.0000
-295.2354 0.0000
-295.8468 0.0000
-296.5383 0.0000
-295.7000 0.0000
-295.1256 0.0000
-295.9507 0.0000
-296.7048 0.0000
-297.2655 0.0000
-296.1092 0.0000
-293.8336 0.0000
-295.5350 0.0000
-296.9539 0.0000
-295.0736 0.0000
-298.5405 0.0000
-295.5403 0.0000
-295.6077 0.0000
-295.7759 0.0000
-295.7586 0.0000
-293.9934 0.0000
-294.7755 0.0000
-296.8932 0.0000
-295.6821 0.0000
-297.9194 0.0000
-297.2516 0.0000
-297.0973 0.0000
-295.5817 0.0000
-295.3267 0.0000
-296.7841 0.0000
-295.5994 0.0000
-295.6429 0.0000
-297.0943 0.0000
-296.6706 0.0000
-293.9635 0.0000
-297.2904 0.0000
-295.3910 0.0000
-296.0908 0.0000
-297.1179 0.0000
-296.9467 0.0000
-296.8558 0.0000
-296.9667 0.0000
-296.5216 0.0000
-295.6737 0.0000
-295.7950 0.0000
-295.7310 0.0000
-296.9448 0.0000
-294.9708 0.0000
-296.1435 0.0000
-295.9481 0.0000
-293.7808 0.0000
-296.9084 0.0000
-297.3758 0.0000
-295.8185 0.0000
-296.8321 0.0000
-295.3645 0.0000
-297.6977 0.0000
-295.3723 0.0000
-297.1357 0.0000
-295.6363 0.0000
-295.4471 0.0000
-294.8200 0.0000
-295.8933 0.0000
-294.7791 0.0000
-296.7412 0.0000
-296.3625 0.0000
-294.8308 0.0000
-297.0274 0.0000
-295.4670 0.0000
-296.0169 0.0000
-296.4190 0.0000
-296.1401 0.0000
-297.0503 0.0000
-295.9121 0.0000
-293.1597 0.0000
-295.5476 0.0000
-296.2277 0.0000
-295.0012 0.0000
-295.3724 0.0000
-295.7655 0.0000
-293.5859 0.0000
-296.5192 0.0000
-296.0240 0.0000
-295.4424 0.0000
-295.5468 0.0000
-296.5919 0.0000
-296.4416 0.0000
-296.0764 0.0000
-297.0989 0.0000
-297.2546 0.0000
-295.7669 0.0000
-296.7625 0.0000
-295.9398 0.0000
-295.4784 0.0000
-296.9313 0.0000
-294.7959 0.0000
-294.0895 0.0000
-292.9402 0.0000
-293.1612 0.0000
-294.2859 0.0000
-293.9776 0.0000
-292.5814 0.0000
-295.3041 0.0000
-295.1189 0.0000
-297.1293 0.0000
-293.7693 0.0000
-293.6138 0.0000
-295.0578 0.0000
-294.9216 0.0000
-293.2284 0.0000
-293.9088 0.0000
-295.2290 0.0000
-293.0334 0.0000
-293.4596 0.0000
-292.5365 0.0000
-291.3515 0.0000
-293.1794 0.0000
-292.9464 0.0000
-294.1026 0.0000
-291.8186 0.0000
-293.1237 0.0000
-292.9848 0.0000
-293.4418 0.0000
-293.9812 0.0000
-293.2892 0.0000
-292.9441 0.0000
-292.2301 0.0000
-293.1971 0.0000
-292.5018 0.0000
-292.4735 0.0000
-293.6526 0.0000
-294.5072 0.0000
-293.8143 0.0000
-294.2003 0.0000
-293.7774 0.0000
-293.5941 0.0000
-293.0625 0.0000
-293.5444 0.0000
-292.4484 0.0000
-294.5764 0.0000
-294.5550 0.0000
-295.6085 0.0000
-296.0491 0.0000
-295.0044 0.0000
-295.8932 0.0000
-295.3936 0.0000
-295.9524 0.0000
-293.8235 0.0000
-295.7392 0.0000
-296.6589 0.0000
-297.3905 0.0000
-298.0084 0.0000
-296.2192 0.0000
-294.6456 0.0000
-294.4288 0.0000
-295.7673 0.0000
-296.9814 0.0000
-296.7353 0.0000
-296.5489 0.0000
-297.2954 0.0000
-295.9352 0.0000
-296.6733 0.0000
-297.5249 0.0000
-299.7325 0.0000
-299.6438 0.0000
-297.3410 0.0000
-301.8616 0.0000
-300.3070 0.0000
-301.4184 0.0000
-299.5307 0.0000
-300.4974 0.0000
-299.7683 0.0000
-298.9085 0.0000
-299.0511 0.0000
-299.7559 0.0000
-299.6008 0.0000
-302.5026 0.0000
-298.3020 0.0000
-297.1587 0.0000
-299.0441 0.0000
-296.5427 0.0000
-299.0681 0.0000
-296.8114 0.0000
-297.0578 0.0000
-298.1453 0.0000
-296.8502 0.0000
-298.4194 0.0000
-300.3978 0.0000
-300.2158 0.0000
-300.1818 0.0000
-299.8662 0.0000
-300.6598 0.0000
-299.1112 0.0000
-298.3216 0.0000
-299.5677 0.0000
-300.2546 0.0000
-301.2770 0.0000
-299.9266 0.0000
-300.3946 0.0000
-299.1351 0.0000
-299.6585 0.0000
-299.7109 0.0000
-298.5955 0.0000
-298.4158 0.0000
-297.9844 0.0000
-299.0201 0.0000
-299.2828 0.0000
-298.1675 0.0000
-296.9083 0.0000
-296.2516 0.0000
-294.9313 0.0000
-296.1437 0.0000
-295.2193 0.0000
-296.1917 0.0000
-295.7999 0.0000
-296.1566 0.0000
-295.2124 0.0000
-295.8382 0.0000
-295.2002 0.0000
-295.5652 0.0000
-296.6697 0.0000
-297.8714 0.0000
-296.0632 0.0000
-296.3953 0.0000
-295.8471 0.0000
-295.9874 0.0000
-299.5626 0.0000
-297.4285 0.0000
-295.1638 0.0000
-296.1560 0.0000
-298.6112 0.0000
-296.9814 0.0000
-298.0720 0.0000
-297.2747 0.0000
-295.4525 0.0000
-295.4588 0.0000
-295.5790 0.0000
-296.0277 0.0000
-298.1884 0.0000
-298.7178 0.0000
-299.7076 0.0000
-300.2635 0.0000
-299.7911 0.0000
-299.6712 0.0000
-299.7127 0.0000
-301.4062 0.0000
-298.2921 0.0000
-298.3852 0.0000
-300.3210 0.0000
-302.4582 0.0000
-302.4258 0.0000
-302.6734 0.0000
-302.3263 0.0000
-302.7797 0.0000
-301.6380 0.0000
-300.8133 0.0000
-302.6262 0.0000
-300.9230 0.0000
-301.6653 0.0000
-300.8655 0.0000
-300.8788 0.0000
-299.2551 0.0000
-300.8550 0.0000
-300.5336 0.0000
-301.9482 0.0000
-299.5502 0.0000
-299.3590 0.0000
-300.2141 0.0000
-298.7146 0.0000
-297.6368 0.0000
-297.0600 0.0000
-296.1079 0.0000
-298.7935 0.0000
-298.9027 0.0000
-298.4730 0.0000
-298.2671 0.0000
-297.8761 0.0000
-299.2273 0.0000
-297.0868 0.0000
-296.6424 0.0000
-297.3956 0.0000
-298.9384 0.0000
-298.8652 0.0000
-299.3276 0.0000
-297.3954 0.0000
-298.8410 0.0000
-297.7253 0.0000
-298.0788 0.0000
-298.9622 0.0000
-301.2305 0.0000
-297.9240 0.0000
-298.4871 0.0000
-298.4882 0.0000
-298.2436 0.0000
-299.7024 0.0000
-298.8195 0.0000
-298.8880 0.0000
-300.3058 0.0000
-301.1674 0.0000
-303.0330 0.0000
-301.7689 0.0000
-301.0250 0.0000
-303.4365 0.0000
-302.4585 0.0000
-301.7308 0.0000
-302.3005 0.0000
-301.8930 0.0000
-301.4666 0.0000
-300.6159 0.0000
-299.0200 0.0000
-300.9553 0.0000
-301.6989 0.0000
-300.7012 0.0000
-302.3051 0.0000
-301.8130 0.0000
-302.4142 0.0000
-302.3745 0.0000
-299.4917 0.0000
-301.2569 0.0000
-302.6503 0.0000
-302.1632 0.0000
-302.6536 0.0000
-305.4577 0.0000
-302.6357 0.0000
-303.3856 0.0000
-302.4542 0.0000
-301.3191 0.0000
-302.3169 0.0000
-303.5287 0.0000
-303.7774 0.0000
-303.7055 0.0000
-306.0512 0.0000
-302.0032 0.0000
-303.8536 0.0000
-303.4415 0.0000
-302.9600 0.0000
-302.5554 0.0000
-301.5698 0.0000
-301.6217 0.0000
-302.3901 0.0000
-302.0669 0.0000
-302.8564 0.0000
-302.4460 0.0000
-304.5787 0.0000
-304.3457 0.0000
-302.3435 0.0000
-304.5201 0.0000
-300.8007 0.0000
-300.0442 0.0000
-300.0835 0.0000
-300.6901 0.0000
-297.9058 0.0000
-298.9074 0.0000
-298.4569 0.0000
-298.3044 0.0000
-298.5884 0.0000
-299.9480 0.0000
-299.2268 0.0000
-297.3197 0.0000
-296.5966 0.0000
-296.7921 0.0000
-300.3198 0.0000
-297.3642 0.0000
-297.8035 0.0000
-298.9575 0.0000
-298.4267 0.0000
-298.7087 0.0000
-298.8227 0.0000
-298.1446 0.0000
-296.9791 0.0000
-295.4918 0.0000
-296.1150 0.0000
-296.8040 0.0000
-296.9743 0.0000
-296.8033 0.0000
-295.7033 0.0000
-298.1406 0.0000
-297.1771 0.0000
-298.2789 0.0000
-297.1891 0.0000
-296.8108 0.0000
-296.6286 0.0000
-296.6790 0.0000
-296.8055 0.0000
-298.0062 0.0000
-297.9245 0.0000
-296.2603 0.0000
-295.9786 0.0000
-297.0871 0.0000
-298.4363 0.0000
-298.0810 0.0000
-297.7181 0.0000
-297.1176 0.0000
-296.8348 0.0000
-297.8754 0.0000
-299.5921 0.0000
-301.9524 0.0000
-300.9461 0.0000
-299.6402 0.0000
-300.9235 0.0000
-300.1223 0.0000
-302.9132 0.0000
-301.1832 0.0000
-299.7846 0.0000
-302.1358 0.0000
-300.9265 0.0000
-299.8774 0.0000
-300.6065 0.0000
-298.9330 0.0000
-302.0200 0.0000
-300.6462 0.0000
-301.4267 0.0000
-300.1232 0.0000
-301.2533 0.0000
-301.4185 0.0000
-302.0491 0.0000
-300.4173 0.0000
-299.9094 0.0000
-299.8285 0.0000
-300.1624 0.0000
-299.3130 0.0000
-298.8462 0.0000
-298.0191 0.0000
-295.9897 0.0000
-297.0490 0.0000
-298.8295 0.0000
-298.7705 0.0000
-299.0779 0.0000
-299.2058 0.0000
-298.2158 0.0000
-296.4213 0.0000
-297.8304 0.0000
-299.7758 0.0000
-297.8408 0.0000
-298.0297 0.0000
-297.1230 0.0000
-297.9438 0.0000
-296.9751 0.0000
-297.4600 0.0000
-297.7876 0.0000
-297.2338 0.0000
-296.8081 0.0000
-295.2628 0.0000
-297.5880 0.0000
-296.4663 0.0000
-297.0556 0.0000
-297.0048 0.0000
-296.5845 0.0000
-297.9904 0.0000
-297.2230 0.0000
-298.3862 0.0000
-298.6404 0.0000
-296.4554 0.0000
-297.1264 0.0000
-295.2246 0.0000
-295.7951 0.0000
-298.3884 0.0000
-296.7387 0.0000
-295.8949 0.0000
-296.6811 0.0000
-295.4799 0.0000
-295.2837 0.0000
-294.5675 0.0000
-293.9449 0.0000
-294.2257 0.0000
-293.4282 0.0000
-293.7208 0.0000
-292.1083 0.0000
-293.5159 0.0000
-293.6380 0.0000
-292.9974 0.0000
-292.7790 0.0000
-292.8510 0.0000
-294.0922 0.0000
-293.6290 0.0000
-294.7075 0.0000
-293.6271 0.0000
-295.4464 0.0000
-294.6825 0.0000
-293.7741 0.0000
-297.1999 0.0000
-294.6679 0.0000
-294.2668 0.0000
-294.7200 0.0000
-294.6187 0.0000
-294.8692 0.0000
-294.6382 0.0000
-293.6072 0.0000
-294.8465 0.0000
-294.3983 0.0000
-294.5266 0.0000
-293.9838 0.0000
-293.5608 0.0000
-294.3642 0.0000
-294.0168 0.0000
-294.2608 0.0000
-293.1984 0.0000
-295.4203 0.0000
-292.2542 0.0000
-293.0271 0.0000
-291.0703 0.0000
-291.3021 0.0000
-290.5625 0.0000
-289.4695 0.0000
-291.5008 0.0000
-291.7494 0.0000
-292.3417 0.0000
-293.9868 0.0000
-294.0630 0.0000
-291.1788 0.0000
-291.4451 0.0000
-292.5699 0.0000
-292.6233 0.0000
-290.1288 0.0000
-292.1699 0.0000
-294.3084 0.0000
-291.6767 0.0000
-292.0998 0.0000
-291.1774 0.0000
-292.3290 0.0000
-291.6942 0.0000
-291.2725 0.0000
-291.1465 0.0000
-291.9452 0.0000
-292.5348 0.0000
-293.8949 0.0000
-294.7453 0.0000
-294.7408 0.0000
-294.1953 0.0000
-291.3588 0.0000
-295.6784 0.0000
-293.4880 0.0000
-295.0245 0.0000
-292.9161 0.0000
-294.4025 0.0000
-293.7308 0.0000
-294.7654 0.0000
-294.9670 0.0000
-294.5964 0.0000
-294.4624 0.0000
-295.6824 0.0000
-297.0477 0.0000
-295.2417 0.0000
-293.2724 0.0000
-296.0000 0.0000
-293.6860 0.0000
-294.6625 0.0000
-293.0099 0.0000
-295.5062 0.0000
-296.8473 0.0000
-295.6655 0.0000
-296.2745 0.0000
-295.7667 0.0000
-294.5643 0.0000
-295.0781 0.0000
-303.7472 0.0000
-304.7286 0.0000
-302.0486 0.0000
-303.1239 0.0000
-303.4346 0.0000
-304.8746 0.0000
-303.5198 0.0000
-304.3464 0.0000
-304.1738 0.0000
-304.2244 0.0000
-304.2673 0.0000
-302.2174 0.0000
-304.8471 0.0000
-303.1830 0.0000
-302.4909 0.0000
-304.2408 0.0000
-302.4639 0.0000
-303.4091 0.0000
-303.8661 0.0000
-304.0740 0.0000
-304.8699 0.0000
-302.6513 0.0000
-305.0540 0.0000
-303.9077 0.0000
-304.0186 0.0000
-303.0595 0.0000
-305.4836 0.0000
-304.8810 0.0000
-303.1857 0.0000
-304.2024 0.0000
-303.6582 0.0000
-304.5929 0.0000
-303.6302 0.0000
-301.9670 0.0000
-303.9315 0.0000
-303.7945 0.0000
-303.9171 0.0000
-304.3779 0.0000
-303.2591 0.0000
-303.7520 0.0000
-302.2751 0.0000
-304.2286 0.0000
-304.0853 0.0000
-303.8067 0.0000
-302.3327 0.0000
-304.0561 0.0000
-302.8084 0.0000
-303.8337 0.0000
-304.5792 0.0000
-303.4212 0.0000
-303.3712 0.0000
-305.3207 0.0000
-303.7943 0.0000
-303.2456 0.0000
-303.8460 0.0000
-305.1813 0.0000
-303.6618 0.0000
-302.6827 0.0000
-304.4539 0.0000
-306.2548 0.0000
-304.3914 0.0000
-304.3291 0.0000
-304.2143 0.0000
-303.7494 0.0000
-304.1353 0.0000
-304.4956 0.0000
-304.1730 0.0000
-304.5183 0.0000
-303.3242 0.0000
-302.8459 0.0000
-303.2726 0.0000
-303.9510 0.0000
-302.8169 0.0000
-303.7818 0.0000
-305.0121 0.0000
-301.9435 0.0000
-304.9142 0.0000
-303.7167 0.0000
-303.5706 0.0000
-303.7513 0.0000
-302.9932 0.0000
-303.6103 0.0000
-304.0628 0.0000
-303.8994 0.0000
-303.3445 0.0000
-304.3121 0.0000
-302.2665 0.0000
-305.2792 0.0000
-305.2058 0.0000
-305.3624 0.0000
-304.9862 0.0000
-305.5674 0.0000
-304.2373 0.0000
-302.8544 0.0000
-302.9364 0.0000
-304.1463 0.0000
-303.6227 0.0000
-303.6598 0.0000
-306.1384 0.0000
-303.8547 0.0000
-304.0222 0.0000
-304.6057 0.0000
-304.1673 0.0000
-304.0886 0.0000
-303.6971 0.0000
-304.0305 0.0000
-304.4486 0.0000
-303.8725 0.0000
-304.2660 0.0000
-304.3090 0.0000
-304.4649 0.0000
-305.2831 0.0000
-304.7947 0.0000
-304.0650 0.0000
-303.8301 0.0000
-302.9541 0.0000
-304.3179 0.0000
-302.3230 0.0000
-304.5343 0.0000
-304.1439 0.0000
-303.4804 0.0000
-303.5840 0.0000
-302.8490 0.0000
-303.8760 0.0000
-304.1347 0.0000
-303.3023 0.0000
-303.0036 0.0000
-301.9727 0.0000
-304.4786 0.0000
-303.2952 0.0000
-303.7071 0.0000
-304.1705 0.0000
-303.0501 0.0000
-302.7551 0.0000
-303.8881 0.0000
-303.5513 0.0000
-304.4120 0.0000
-304.8326 0.0000
-303.8193 0.0000
-302.5117 0.0000
-303.8045 0.0000
-302.9050 0.0000
-303.1590 0.0000
-304.5127 0.0000
-303.0547 0.0000
-303.8188 0.0000
-303.4097 0.0000
-302.9483 0.0000
-303.5529 0.0000
-304.5677 0.0000
-304.5823 0.0000
-305.1390 0.0000
-303.4072 0.0000
-304.2722 0.0000
-303.3236 0.0000
-304.9742 0.0000
-304.3046 0.0000
-303.8517 0.0000
-302.8042 0.0000
-304.4198 0.0000
-303.4490 0.0000
-304.0011 0.0000
-303.3766 0.0000
-303.0336 0.0000
-303.0854 0.0000
-302.1287 0.0000
-303.2665 0.0000
-302.4223 0.0000
-301.4062 0.0000
-301.4778 0.0000
-300.9751 0.0000
-301.7616 0.0000
-302.5062 0.0000
-301.1220 0.0000
-302.0339 0.0000
-300.5731 0.0000
-299.0688 0.0000
-300.5202 0.0000
-298.4256 0.0000
-298.8881 0.0000
-299.1954 0.0000
-299.3920 0.0000
-298.5439 0.0000
-298.1730 0.0000
-298.0980 0.0000
-297.7889 0.0000
-297.3794 0.0000
-297.0269 0.0000
-295.7374 0.0000
-297.3810 0.0000
-296.5975 0.0000
-298.1990 0.0000
-298.4770 0.0000
-297.6761 0.0000
-297.2000 0.0000
-296.9843 0.0000
-297.1366 0.0000
-296.8760 0.0000
-297.3348 0.0000
-297.4073 0.0000
-296.4645 0.0000
-298.0330 0.0000
-297.9960 0.0000
-297.3893 0.0000
-296.4296 0.0000
-296.5364 0.0000
-296.3137 0.0000
-295.8235 0.0000
-296.2407 0.0000
-298.0255 0.0000
-297.5692 0.0000
-297.5595 0.0000
-297.9826 0.0000
-297.2337 0.0000
-297.4556 0.0000
-297.3407 0.0000
-297.8033 0.0000
-297.0886 0.0000
-297.7877 0.0000
-297.7865 0.0000
-297.5239 0.0000
-298.1761 0.0000
-296.2181 0.0000
-296.9472 0.0000
-298.1764 0.0000
-296.1948 0.0000
-297.5934 0.0000
-297.4140 0.0000
-297.5865 0.0000
-297.2832 0.0000
-296.3936 0.0000
-297.1791 0.0000
-297.0961 0.0000
-296.5127 0.0000
-297.8023 0.0000
-297.7279 0.0000
-298.1385 0.0000
-298.3762 0.0000
-297.5606 0.0000
-297.4615 0.0000
-296.9346 0.0000
-296.9337 0.0000
-297.2663 0.0000
-296.6498 0.0000
-296.6165 0.0000
-297.2963 0.0000
-297.2374 0.0000
-297.3429 0.0000
-296.7610 0.0000
-297.8280 0.0000
-296.1099 0.0000
-297.4614 0.0000
-297.0183 0.0000
-296.7354 0.0000
-297.2853 0.0000
-296.8996 0.0000
-297.7637 0.0000
-296.7055 0.0000
-297.5184 0.0000
-297.1547 0.0000
-297.0458 0.0000
-296.9007 0.0000
-296.9283 0.0000
-296.9654 0.0000
-297.8843 0.0000
-297.4257 0.0000
-296.7798 0.0000
-297.2842 0.0000
-297.2826 0.0000
-297.1449 0.0000
-297.0473 0.0000
-296.5382 0.0000
-297.1271 0.0000
-297.0475 0.0000
-297.9787 0.0000
-297.6479 0.0000
-298.1755 0.0000
-297.4098 0.0000
-296.8389 0.0000
-297.7020 0.0000
-297.7878 0.0000
-297.5959 0.0000
-297.9274 0.0000
-297.0186 0.0000
-297.6692 0.0000
-297.8958 0.0000
-297.5908 0.0000
-296.9664 0.0000
-297.8855 0.0000
-297.3057 0.0000
-297.3817 0.0000
-298.1600 0.0000
-297.1478 0.0000
-297.6326 0.0000
-296.9362 0.0000
-297.2075 0.0000
-296.6227 0.0000
-297.5979 0.0000
-297.3106 0.0000
-297.2597 0.0000
-297.7671 0.0000
-297.1493 0.0000
-298.5321 0.0000
-298.7969 0.0000
-297.7178 0.0000
-297.0189 0.0000
-297.3723 0.0000
-298.1927 0.0000
-298.8773 0.0000
-299.1249 0.0000
-298.4649 0.0000
-299.5145 0.0000
-298.5263 0.0000
-299.4400 0.0000
-298.2558 0.0000
-298.4550 0.0000
-299.1101 0.0000
-298.4670 0.0000
-298.6383 0.0000
-298.5808 0.0000
-298.3548 0.0000
-297.5069 0.0000
-299.3566 0.0000
-299.0080 0.0000
-299.4226 0.0000
-297.6890 0.0000
-300.0585 0.0000
-300.0163 0.0000
-299.3326 0.0000
-298.8563 0.0000
-299.7695 0.0000
-298.9029 0.0000
-298.6195 0.0000
-298.3123 0.0000
-299.9404 0.0000
-300.1949 0.0000
-299.1226 0.0000
-299.9962 0.0000
-300.1963 0.0000
-301.1914 0.0000
-300.8649 0.0000
-300.4452 0.0000
-301.6505 0.0000
-301.9165 0.0000
-301.1434 0.0000
-300.4587 0.0000
-301.2598 0.0000
-301.8382 0.0000
-301.7443 0.0000
-301.5865 0.0000
-301.9468 0.0000
-301.4402 0.0000
-301.5523 0.0000
-300.6448 0.0000
-300.0665 0.0000
-301.8852 0.0000
-302.0212 0.0000
-301.5290 0.0000
-301.1353 0.0000
-301.5112 0.0000
-301.4389 0.0000
-302.4173 0.0000
-301.9978 0.0000
-302.7843 0.0000
-302.8257 0.0000
-303.3263 0.0000
-302.7683 0.0000
-302.2097 0.0000
-303.9894 0.0000
-302.8890 0.0000
-302.3908 0.0000
-302.9077 0.0000
-302.7611 0.0000
-302.9637 0.0000
-303.2042 0.0000
-302.6543 0.0000
-301.9930 0.0000
-302.4317 0.0000
-301.5146 0.0000
-301.4697 0.0000
-301.1938 0.0000
-301.6053 0.0000
-302.4878 0.0000
-303.1488 0.0000
-302.5115 0.0000
-302.2368 0.0000
-301.8272 0.0000
-301.8344 0.0000
-300.8067 0.0000
-301.7409 0.0000
-301.2755 0.0000
-300.3285 0.0000
-301.5721 0.0000
-301.1061 0.0000
-301.5820 0.0000
-302.1504 0.0000
-301.8862 0.0000
-301.8576 0.0000
-301.6853 0.0000
-301.5424 0.0000
-301.2235 0.0000
-301.7875 0.0000
-299.9691 0.0000
-300.4029 0.0000
-299.9493 0.0000
-301.6590 0.0000
-299.6257 0.0000
-300.0812 0.0000
-300.6887 0.0000
-300.7334 0.0000
-299.4074 0.0000
-300.7268 0.0000
-300.5836 0.0000
-300.3743 0.0000
-300.2557 0.0000
-300.0209 0.0000
-301.4925 0.0000
-299.3690 0.0000
-299.4462 0.0000
-300.2157 0.0000
-299.0959 0.0000
-300.2976 0.0000
-301.3144 0.0000
-301.4152 0.0000
-301.8942 0.0000
-300.6572 0.0000
-300.4798 0.0000
-300.8127 0.0000
-301.4305 0.0000
-301.6802 0.0000
-299.5587 0.0000
-299.6388 0.0000
-299.0682 0.0000
-298.7271 0.0000
-299.2938 0.0000
-299.1973 0.0000
-298.8810 0.0000
-298.0828 0.0000
-300.0484 0.0000
-299.7003 0.0000
-299.5352 0.0000
-299.5372 0.0000
-298.6149 0.0000
-299.8876 0.0000
-300.0227 0.0000
-300.8356 0.0000
-298.9508 0.0000
-299.6548 0.0000
-299.9191 0.0000
-299.6519 0.0000
-301.1693 0.0000
-299.5574 0.0000
-300.2006 0.0000
-299.4913 0.0000
-300.3057 0.0000
-300.6379 0.0000
-299.1368 0.0000
-298.3256 0.0000
-298.0515 0.0000
-298.6794 0.0000
-298.8462 0.0000
-299.5531 0.0000
-298.1070 0.0000
-299.1356 0.0000
-299.1682 0.0000
-298.1416 0.0000
-296.8850 0.0000
-298.0995 0.0000
-297.9173 0.0000
-299.4788 0.0000
-298.4308 0.0000
-298.0327 0.0000
-297.6109 0.0000
-298.3480 0.0000
-296.7055 0.0000
-296.9210 0.0000
-295.4500 0.0000
-297.2824 0.0000
-296.2234 0.0000
-294.7271 0.0000
-294.8537 0.0000
-295.4282 0.0000
-295.7045 0.0000
-296.5793 0.0000
-295.3891 0.0000
-296.4352 0.0000
-296.6719 0.0000
-297.0993 0.0000
-297.8104 0.0000
-297.0914 0.0000
-296.7262 0.0000
-297.1514 0.0000
-296.7543 0.0000
-297.9707 0.0000
-297.4328 0.0000
-298.1977 0.0000
-297.2354 0.0000
-297.4803 0.0000
-298.5471 0.0000
-298.8910 0.0000
-298.5987 0.0000
-299.1565 0.0000
-299.8434 0.0000
-299.6284 0.0000
-298.3223 0.0000
-299.8581 0.0000
-301.4779 0.0000
-301.5821 0.0000
-301.4406 0.0000
-302.5923 0.0000
-300.7491 0.0000
-301.3118 0.0000
-301.5168 0.0000
-301.4015 0.0000
-301.9211 0.0000
-301.3362 0.0000
-302.7246 0.0000
-302.2460 0.0000
-302.7712 0.0000
-303.3004 0.0000
-304.4799 0.0000
-302.4633 0.0000
-303.1094 0.0000
-302.1451 0.0000
-303.3652 0.0000
-304.3689 0.0000
-300.5163 0.0000
-300.7680 0.0000
-300.6377 0.0000
-301.0841 0.0000
-301.3730 0.0000
-299.5116 0.0000
-300.0069 0.0000
-301.1263 0.0000
-301.5999 0.0000
-302.0095 0.0000
-301.9831 0.0000
-301.6003 0.0000
-301.1617 0.0000
-300.6600 0.0000
-303.8657 0.0000
-304.9446 0.0000
-303.9370 0.0000
-304.4815 0.0000
-303.2827 0.0000
-303.0997 0.0000
-302.8939 0.0000
-303.1910 0.0000
-302.6048 0.0000
-303.7558 0.0000
-302.9822 0.0000
-303.0244 0.0000
-302.3762 0.0000
-303.0641 0.0000
-303.4127 0.0000
-302.2861 0.0000
-302.3761 0.0000
-302.3525 0.0000
-303.0435 0.0000
-303.6305 0.0000
-302.2922 0.0000
-303.8898 0.0000
-302.9997 0.0000
-303.6568 0.0000
-303.2911 0.0000
-303.5194 0.0000
-303.0517 0.0000
-303.3069 0.0000
-303.7544 0.0000
-304.8107 0.0000
-304.7831 0.0000
-305.6436 0.0000
-304.8616 0.0000
-303.9490 0.0000
-304.7577 0.0000
-306.3585 0.0000
-305.9070 0.0000
-305.2304 0.0000
-307.1200 0.0000
-307.9643 0.0000
-306.8369 0.0000
-307.4365 0.0000
-306.6076 0.0000
-307.0744 0.0000
-307.8870 0.0000
-307.3487 0.0000
-308.0948 0.0000
-307.0410 0.0000
-308.1520 0.0000
-308.2229 0.0000
-308.8806 0.0000
-308.7767 0.0000
-308.9426 0.0000
-309.7393 0.0000
-308.8788 0.0000
-309.2133 0.0000
-308.3814 0.0000
-309.1360 0.0000
-309.2548 0.0000
-308.0236 0.0000
-302.1275 0.0000
-303.9039 0.0000
-302.7821 0.0000
-302.8233 0.0000
-304.0893 0.0000
-304.5744 0.0000
-303.8399 0.0000
-303.4937 0.0000
-305.5397 0.0000
-306.3344 0.0000
-306.9557 0.0000
-306.8212 0.0000
-305.9360 0.0000
-306.7524 0.0000
-305.7974 0.0000
-306.9454 0.0000
-306.7861 0.0000
-306.9839 0.0000
-306.5052 0.0000
-306.1983 0.0000
-306.9812 0.0000
-308.3959 0.0000
-306.9668 0.0000
-306.7640 0.0000
-306.7098 0.0000
-307.3245 0.0000
-306.6275 0.0000
-306.0888 0.0000
-308.5137 0.0000
-308.6233 0.0000
-309.6391 0.0000
-308.3549 0.0000
-307.9946 0.0000
-305.9290 0.0000
-307.2524 0.0000
-307.5342 0.0000
-307.2455 0.0000
-306.4685 0.0000
-306.4167 0.0000
-305.7692 0.0000
-305.7086 0.0000
-306.8376 0.0000
-306.1962 0.0000
-306.4787 0.0000
-307.3160 0.0000
-307.0829 0.0000
-306.6180 0.0000
-307.6268 0.0000
-307.5937 0.0000
-306.7816 0.0000
-306.1412 0.0000
-307.0817 0.0000
-306.2788 0.0000
-307.5182 0.0000
-306.0512 0.0000
-305.7966 0.0000
-305.3623 0.0000
-305.9922 0.0000
-304.1031 0.0000
-304.8906 0.0000
-306.3285 0.0000
-305.7159 0.0000
-304.6414 0.0000
-306.3730 0.0000
-305.5538 0.0000
-306.1852 0.0000
-305.1772 0.0000
-305.6643 0.0000
-305.4305 0.0000
-305.9840 0.0000
-305.1567 0.0000
-305.4476 0.0000
-304.0688 0.0000
-305.0707 0.0000
-304.9044 0.0000
-303.9916 0.0000
-305.2455 0.0000
-306.2744 0.0000
-306.8525 0.0000
-305.2599 0.0000
-306.4928 0.0000
-305.9273 0.0000
-305.0267 0.0000
-306.6135 0.0000
-305.8454 0.0000
-304.9644 0.0000
-304.9293 0.0000
-303.8732 0.0000
-304.3263 0.0000
-305.8543 0.0000
-304.2147 0.0000
-304.9830 0.0000
-305.2322 0.0000
-305.6675 0.0000
-305.3432 0.0000
-304.9865 0.0000
-305.7979 0.0000
-306.2117 0.0000
-306.0629 0.0000
-306.4912 0.0000
-307.0424 0.0000
-307.0751 0.0000
-308.4683 0.0000
-304.6469 0.0000
-306.8005 0.0000
-308.2764 0.0000
-306.1697 0.0000
-306.3453 0.0000
-305.3997 0.0000
-306.8613 0.0000
-306.2946 0.0000
-305.5370 0.0000
-305.1257 0.0000
-305.8530 0.0000
-307.4120 0.0000
-308.6357 0.0000
-311.3409 0.0000
-308.9800 0.0000
-310.5761 0.0000
-309.7925 0.0000
-310.9374 0.0000
-312.6935 0.0000
-312.3266 0.0000
-313.0763 0.0000
-311.5792 0.0000
-311.9391 0.0000
-311.8545 0.0000
-311.3281 0.0000
-310.9758 0.0000
-311.7732 0.0000
-311.0761 0.0000
-310.8421 0.0000
-310.5160 0.0000
-310.6609 0.0000
-311.0193 0.0000
-311.9373 0.0000
-312.3550 0.0000
-310.5671 0.0000
-308.4742 0.0000
-310.5013 0.0000
-310.7013 0.0000
-310.5850 0.0000
-310.9992 0.0000
-310.8577 0.0000
-311.8957 0.0000
-312.6387 0.0000
-311.4363 0.0000
-311.2611 0.0000
-310.6233 0.0000
-312.3808 0.0000
-310.9810 0.0000
-310.9312 0.0000
-310.5521 0.0000
-309.9975 0.0000
-309.8019 0.0000
-309.8019 0.0000
-308.9504 0.0000
-309.8066 0.0000
-308.8352 0.0000
-310.3783 0.0000
-310.1930 0.0000
-310.0976 0.0000
-310.7598 0.0000
-307.9573 0.0000
-310.8033 0.0000
-312.1910 0.0000
-312.1583 0.0000
-311.6584 0.0000
-312.4329 0.0000
-312.1990 0.0000
-312.8050 0.0000
-313.6217 0.0000
-312.8309 0.0000
-312.3599 0.0000
-312.3414 0.0000
-311.4027 0.0000
-312.6964 0.0000
-312.7774 0.0000
-313.1527 0.0000
-313.5422 0.0000
-314.0092 0.0000
-315.3762 0.0000
-314.2001 0.0000
-315.1893 0.0000
-314.0182 0.0000
-314.6391 0.0000
-314.0191 0.0000
-314.9497 0.0000
-313.4468 0.0000
-315.2018 0.0000
-314.7077 0.0000
-314.4201 0.0000
-315.2153 0.0000
-315.5290 0.0000
-314.5302 0.0000
-314.5458 0.0000
-315.6598 0.0000
-314.9874 0.0000
-314.9652 0.0000
-313.8734 0.0000
-309.0469 0.0000
-309.4492 0.0000
-311.1110 0.0000
-309.4164 0.0000
-308.7863 0.0000
-312.1199 0.0000
-312.4187 0.0000
-313.1837 0.0000
-313.6623 0.0000
-312.2430 0.0000
-312.3773 0.0000
-311.3342 0.0000
-313.5879 0.0000
-313.6131 0.0000
-313.2149 0.0000
-314.6437 0.0000
-314.2931 0.0000
-313.1577 0.0000
-314.5627 0.0000
-315.2922 0.0000
-314.1669 0.0000
-315.5659 0.0000
-314.4900 0.0000
-312.6274 0.0000
-313.2098 0.0000
-314.0381 0.0000
-313.0418 0.0000
-312.5976 0.0000
-313.0357 0.0000
-315.1472 0.0000
-315.8949 0.0000
-315.6724 0.0000
-315.3245 0.0000
-314.1929 0.0000
-315.8389 0.0000
-315.7161 0.0000
-315.1434 0.0000
-317.0392 0.0000
-317.1794 0.0000
-316.4075 0.0000
-317.8281 0.0000
-316.7186 0.0000
-319.3872 0.0000
-316.9241 0.0000
-318.2298 0.0000
-316.7426 0.0000
-316.3387 0.0000
-318.3104 0.0000
-316.5400 0.0000
-314.7661 0.0000
-317.4643 0.0000
-316.7447 0.0000
-316.7017 0.0000
-317.5386 0.0000
-318.0009 0.0000
-318.3119 0.0000
-318.8431 0.0000
-320.0981 0.0000
-318.5655 0.0000
-319.5834 0.0000
-319.1294 0.0000
-319.2268 0.0000
-320.6203 0.0000
-320.4945 0.0000
-320.0070 0.0000
-319.1424 0.0000
-318.6832 0.0000
-318.4083 0.0000
-319.0710 0.0000
-318.2155 0.0000
-316.5587 0.0000
-316.6506 0.0000
-316.5173 0.0000
-315.9145 0.0000
-315.2360 0.0000
-313.1914 0.0000
-314.7121 0.0000
-315.0599 0.0000
-317.5149 0.0000
-314.6222 0.0000
-314.4675 0.0000
-314.5834 0.0000
-313.4087 0.0000
-314.6637 0.0000
-314.0441 0.0000
-311.9106 0.0000
-311.2229 0.0000
-311.3902 0.0000
-311.0924 0.0000
-313.2075 0.0000
-314.1626 0.0000
-313.7567 0.0000
-314.2145 0.0000
-314.5305 0.0000
-313.2362 0.0000
-313.6400 0.0000
-315.2646 0.0000
-314.7919 0.0000
-314.0573 0.0000
-312.5716 0.0000
-312.5583 0.0000
-313.2367 0.0000
-312.5979 0.0000
-314.0926 0.0000
-313.1801 0.0000
-313.1882 0.0000
-312.0870 0.0000
-313.3992 0.0000
-312.7723 0.0000
-313.1400 0.0000
-312.5140 0.0000
-311.1087 0.0000
-312.3900 0.0000
-312.2042 0.0000
-312.3453 0.0000
-313.1492 0.0000
-312.5697 0.0000
-312.4220 0.0000
-311.3555 0.0000
-314.8206 0.0000
-311.7311 0.0000
-313.0012 0.0000
-312.1769 0.0000
-312.0177 0.0000
-313.3430 0.0000
-312.7118 0.0000
-312.7342 0.0000
-313.5318 0.0000
-312.7987 0.0000
-312.5033 0.0000
-311.4258 0.0000
-313.7925 0.0000
-312.0396 0.0000
-313.5148 0.0000
-313.9799 0.0000
-312.1965 0.0000
-311.6127 0.0000
-312.5750 0.0000
-311.4585 0.0000
-312.4027 0.0000
-311.2256 0.0000
-312.0719 0.0000
-309.5116 0.0000
-309.9743 0.0000
-309.7171 0.0000
-309.8548 0.0000
-309.6282 0.0000
-310.0359 0.0000
-310.1149 0.0000
-308.6422 0.0000
-310.1511 0.0000
-310.3429 0.0000
-309.6109 0.0000
-308.5885 0.0000
-307.4355 0.0000
-307.2040 0.0000
-308.7991 0.0000
-307.6505 0.0000
-307.1971 0.0000
-307.4374 0.0000
-308.7518 0.0000
-309.6045 0.0000
-310.5363 0.0000
-308.3038 0.0000
-309.4140 0.0000
-308.8557 0.0000
-309.2030 0.0000
-309.5599 0.0000
-309.4808 0.0000
-310.0489 0.0000
-310.6248 0.0000
-310.6672 0.0000
-311.9688 0.0000
-311.4459 0.0000
-310.1737 0.0000
-309.4644 0.0000
-309.0240 0.0000
-310.0817 0.0000
-309.0014 0.0000
-311.3340 0.0000
-311.0357 0.0000
-312.2051 0.0000
-309.8826 0.0000
-310.9721 0.0000
-309.5708 0.0000
-308.6361 0.0000
-307.6890 0.0000
-307.1265 0.0000
-309.2889 0.0000
-309.5786 0.0000
-309.6190 0.0000
-308.5435 0.0000
-308.3919 0.0000
-308.9244 0.0000
-308.4908 0.0000
-308.6944 0.0000
-309.0727 0.0000
-307.6650 0.0000
-307.3199 0.0000
-306.1028 0.0000
-300.1908 0.0000
-299.8999 0.0000
-300.6390 0.0000
-300.5366 0.0000
-300.5744 0.0000
-301.1845 0.0000
-301.6784 0.0000
-301.6232 0.0000
-301.6511 0.0000
-301.6385 0.0000
-302.0301 0.0000
-302.0258 0.0000
-301.4442 0.0000
-301.2905 0.0000
-301.8750 0.0000
-302.1625 0.0000
-300.9253 0.0000
-300.8446 0.0000
-301.1281 0.0000
-301.4451 0.0000
-301.7629 0.0000
-302.4210 0.0000
-301.6290 0.0000
-302.0684 0.0000
-303.4331 0.0000
-303.2081 0.0000
-303.9707 0.0000
-304.2675 0.0000
-303.7263 0.0000
-303.9496 0.0000
-304.1077 0.0000
-303.3686 0.0000
-302.4897 0.0000
-302.6510 0.0000
-302.8516 0.0000
-303.9144 0.0000
-303.4904 0.0000
-302.7938 0.0000
-302.4840 0.0000
-303.1614 0.0000
-302.4343 0.0000
-301.1026 0.0000
-301.9697 0.0000
-301.8371 0.0000
-302.2056 0.0000
-301.8563 0.0000
-301.9457 0.0000
-301.6524 0.0000
-303.0473 0.0000
-301.3968 0.0000
-300.8388 0.0000
-301.4342 0.0000
-302.1763 0.0000
-302.6844 0.0000
-303.4543 0.0000
-304.3636 0.0000
-305.1412 0.0000
-304.4738 0.0000
-304.8270 0.0000
-306.0077 0.0000
-305.7707 0.0000
-304.0224 0.0000
-304.3646 0.0000
-303.8696 0.0000
-302.7652 0.0000
-301.9943 0.0000
-302.7002 0.0000
-302.7674 0.0000
-301.6771 0.0000
-302.6991 0.0000
-302.8229 0.0000
-302.6372 0.0000
-303.2447 0.0000
-303.4068 0.0000
-304.6879 0.0000
-305.9035 0.0000
-305.2571 0.0000
-306.5355 0.0000
-304.2775 0.0000
-304.1111 0.0000
-303.6092 0.0000
-306.0175 0.0000
-305.0298 0.0000
-305.6519 0.0000
-304.4089 0.0000
-303.9262 0.0000
-305.0700 0.0000
-305.0846 0.0000
-304.9155 0.0000
-305.6513 0.0000
-305.3022 0.0000
-304.3052 0.0000
-304.3654 0.0000
-304.5657 0.0000
-305.4475 0.0000
-304.8459 0.0000
-305.2829 0.0000
-307.8256 0.0000
-306.9840 0.0000
-307.2014 0.0000
-307.2447 0.0000
-306.3709 0.0000
-307.3981 0.0000
-307.7499 0.0000
-307.7552 0.0000
-306.4949 0.0000
-307.6669 0.0000
-310.4203 0.0000
-309.4502 0.0000
-309.2695 0.0000
-309.5773 0.0000
-308.5112 0.0000
-308.4082 0.0000
-309.1655 0.0000
-311.3648 0.0000
-310.9077 0.0000
-311.0068 0.0000
-310.5087 0.0000
-311.5336 0.0000
-310.5324 0.0000
-313.6157 0.0000
-311.3158 0.0000
-312.1098 0.0000
-310.4241 0.0000
-310.5888 0.0000
-310.3208 0.0000
-311.9837 0.0000
-310.9953 0.0000
-311.2010 0.0000
-311.0085 0.0000
-311.6994 0.0000
-310.8804 0.0000
-311.5251 0.0000
-311.1380 0.0000
-313.1606 0.0000
-310.8189 0.0000
-308.9468 0.0000
-310.3812 0.0000
-309.9304 0.0000
-310.2572 0.0000
-309.7000 0.0000
-312.8004 0.0000
-310.7896 0.0000
-308.7181 0.0000
-310.0289 0.0000
-311.9213 0.0000
-309.9591 0.0000
-309.7021 0.0000
-310.4428 0.0000
-311.0635 0.0000
-310.8321 0.0000
-309.2451 0.0000
-308.4973 0.0000
-308.8778 0.0000
-307.6464 0.0000
-309.4291 0.0000
-306.8752 0.0000
-307.5712 0.0000
-307.9247 0.0000
-306.8682 0.0000
-306.3022 0.0000
-305.7099 0.0000
-306.4278 0.0000
-305.8713 0.0000
-304.8840 0.0000
-305.9426 0.0000
-306.6798 0.0000
-307.3134 0.0000
-307.7790 0.0000
-307.3447 0.0000
-306.7602 0.0000
-306.6563 0.0000
-307.5413 0.0000
-307.4069 0.0000
-307.9267 0.0000
-306.6606 0.0000
-308.4404 0.0000
-307.5094 0.0000
-308.0862 0.0000
-308.5536 0.0000
-308.8305 0.0000
-307.5245 0.0000
-308.3610 0.0000
-308.5645 0.0000
-308.5979 0.0000
-307.6142 0.0000
-307.3176 0.0000
-308.3358 0.0000
-308.2383 0.0000
-308.2661 0.0000
-308.3806 0.0000
-308.0028 0.0000
-309.1141 0.0000
-308.3382 0.0000
-309.0622 0.0000
-308.3797 0.0000
-308.4623 0.0000
-308.2392 0.0000
-307.0681 0.0000
-306.7634 0.0000
-306.9613 0.0000
-308.7422 0.0000
-307.7915 0.0000
-309.0885 0.0000
-309.0682 0.0000
-309.1121 0.0000
-309.9614 0.0000
-310.4690 0.0000
-308.3255 0.0000
-308.6630 0.0000
-308.1836 0.0000
-309.0107 0.0000
-311.0161 0.0000
-310.0270 0.0000
-309.4192 0.0000
-309.6714 0.0000
-308.4715 0.0000
-307.9676 0.0000
-307.6259 0.0000
-308.3395 0.0000
-309.1722 0.0000
-307.3353 0.0000
-307.9824 0.0000
-309.3419 0.0000
-308.4669 0.0000
-307.5943 0.0000
-307.2403 0.0000
-306.1583 0.0000
-306.4385 0.0000
-305.8136 0.0000
-306.5386 0.0000
-306.3719 0.0000
-305.8997 0.0000
-306.1625 0.0000
-305.7777 0.0000
-305.1911 0.0000
-305.8021 0.0000
-304.3507 0.0000
-304.5007 0.0000
-305.6428 0.0000
-305.0656 0.0000
-306.2431 0.0000
-305.9768 0.0000
-306.0753 0.0000
-306.1327 0.0000
-306.2374 0.0000
-305.9006 0.0000
-305.2753 0.0000
-305.9729 0.0000
-304.2212 0.0000
-304.7700 0.0000
-304.0852 0.0000
-303.2746 0.0000
-301.8981 0.0000
-302.3445 0.0000
-302.5753 0.0000
-303.3289 0.0000
-301.8606 0.0000
-301.1308 0.0000
-302.3686 0.0000
-302.5892 0.0000
-303.9882 0.0000
-302.5230 0.0000
-302.7225 0.0000
-302.2404 0.0000
-302.6172 0.0000
-302.9949 0.0000
-302.5937 0.0000
-302.9182 0.0000
-302.5076 0.0000
-303.4036 0.0000
-304.3482 0.0000
-305.3240 0.0000
-304.9236 0.0000
-304.9212 0.0000
-303.7462 0.0000
-304.6279 0.0000
-304.0084 0.0000
-304.4442 0.0000
-305.3524 0.0000
-303.8059 0.0000
-304.2971 0.0000
-304.8983 0.0000
-303.2131 0.0000
-303.6284 0.0000
-304.4268 0.0000
-303.5334 0.0000
-303.9365 0.0000
-305.0123 0.0000
-305.3691 0.0000
-303.5503 0.0000
-304.9476 0.0000
-304.0897 0.0000
-304.6579 0.0000
-305.1770 0.0000
-304.6354 0.0000
-304.4296 0.0000
-304.1706 0.0000
-305.5655 0.0000
-305.1804 0.0000
-305.7429 0.0000
-306.8186 0.0000
-305.3227 0.0000
-305.7514 0.0000
-304.3982 0.0000
-304.6752 0.0000
-305.9821 0.0000
-303.7752 0.0000
-305.9571 0.0000
-306.1086 0.0000
-306.5988 0.0000
-305.8536 0.0000
-304.5540 0.0000
-305.5395 0.0000
-305.9304 0.0000
-305.1998 0.0000
-305.6034 0.0000
-305.3545 0.0000
-306.1691 0.0000
-304.8779 0.0000
-305.9944 0.0000
-303.9856 0.0000
-304.9728 0.0000
-303.7603 0.0000
-304.4719 0.0000
-303.9376 0.0000
-304.2052 0.0000
-305.2562 0.0000
-305.3414 0.0000
-306.5171 0.0000
-306.9799 0.0000
-305.2974 0.0000
-305.7922 0.0000
-305.5602 0.0000
-306.8578 0.0000
-306.0727 0.0000
-306.1762 0.0000
-306.5090 0.0000
-306.9563 0.0000
-305.6427 0.0000
-307.3471 0.0000
-309.3203 0.0000
-307.9091 0.0000
-307.6963 0.0000
-307.3171 0.0000
-307.2961 0.0000
-306.9620 0.0000
-307.2145 0.0000
-308.1065 0.0000
-309.6817 0.0000
-307.8685 0.0000
-307.6612 0.0000
-306.7308 0.0000
-308.3412 0.0000
-306.7682 0.0000
-306.5041 0.0000
-307.0961 0.0000
-305.4698 0.0000
-305.1796 0.0000
-305.8550 0.0000
-306.0176 0.0000
-307.6002 0.0000
-308.2146 0.0000
-309.0969 0.0000
-309.8103 0.0000
-310.4366 0.0000
-308.7711 0.0000
-309.5030 0.0000
-310.0511 0.0000
-310.3796 0.0000
-310.8562 0.0000
-310.2921 0.0000
-310.3715 0.0000
-309.6932 0.0000
-310.3929 0.0000
-311.5209 0.0000
-311.6872 0.0000
-310.4998 0.0000
-311.5949 0.0000
-310.8816 0.0000
-312.5282 0.0000
-311.2068 0.0000
-311.1870 0.0000
-313.1265 0.0000
-313.5098 0.0000
-313.2800 0.0000
-313.8889 0.0000
-313.2407 0.0000
-312.6085 0.0000
-312.6528 0.0000
-312.0389 0.0000
-312.0352 0.0000
-312.4533 0.0000
-313.5439 0.0000
-313.2919 0.0000
-314.7578 0.0000
-314.2421 0.0000
-314.7751 0.0000
