5.00 50000.00 4.00 25000.00 1.00 0.01 97.96 0.44 98.98 98.42 0.65 99.52 100.00 96.19 15.20 Cancer_0 
5.00 50000.00 4.00 12500.00 1.00 0.01 97.37 0.25 97.96 98.69 0.37 100.00 60.00 95.70 7.98 Cancer_1 
5.00 50000.00 4.00 8333.00 1.00 0.01 97.30 0.25 97.96 98.65 0.39 100.00 60.00 96.93 5.78 Cancer_2 
5.00 50000.00 4.00 6250.00 1.00 0.01 97.18 0.28 97.96 98.77 0.29 99.52 53.85 94.38 6.12 Cancer_3 
5.00 50000.00 4.00 5000.00 1.00 0.01 97.07 0.31 97.75 98.76 0.36 99.52 46.67 94.18 5.71 Cancer_4 
6.00 50000.00 4.00 25000.00 1.00 0.01 83.09 3.46 88.20 80.41 1.87 83.46 100.00 28.15 261.00 bank-additional_0 
6.00 50000.00 4.00 12500.00 1.00 0.01 80.05 0.63 82.77 79.75 0.41 81.51 60.00 28.97 165.42 bank-additional_1 
6.00 50000.00 4.00 8333.00 1.00 0.01 79.88 0.74 82.20 78.63 0.37 79.98 60.00 29.78 92.48 bank-additional_2 
6.00 50000.00 4.00 6250.00 1.00 0.01 80.09 0.96 83.19 79.67 0.58 81.63 50.00 28.43 107.84 bank-additional_3 
6.00 50000.00 4.00 5000.00 1.00 0.01 79.61 0.31 81.06 78.19 0.43 79.83 50.00 26.83 74.00 bank-additional_4 
7.00 50000.00 4.00 25000.00 1.00 0.01 95.22 2.36 97.89 90.09 2.40 93.65 100.00 26.23 303.14 PenDigit_0 
7.00 50000.00 4.00 12500.00 1.00 0.01 89.18 4.73 96.21 84.06 4.78 91.28 66.67 23.86 153.48 PenDigit_1 
7.00 50000.00 4.00 8333.00 1.00 0.01 89.79 4.11 96.28 85.49 3.91 92.14 60.00 26.48 103.65 PenDigit_2 
7.00 50000.00 4.00 6250.00 1.00 0.01 85.42 6.42 96.72 80.73 6.02 91.80 50.00 23.11 103.75 PenDigit_3 
7.00 50000.00 4.00 5000.00 1.00 0.01 90.10 3.86 95.89 85.51 3.80 91.19 50.00 22.69 98.32 PenDigit_4 
