5.28195190051 1 0 1.29957257931 1.20354867445 0.0265632788296 0.0234451926084
5.28195190051 2 1 1.30809445802 1.20964263075 -0.00722139424238 -0.00905537413331
5.28195190051 3 2 1.29957257931 1.20354867445 0.0429395556692 0.0603577907021
5.28195190051 4 3 1.29957257931 1.20354867445 0.16736292823 0.164885308013
5.28195190051 5 4 1.29529061518 1.200490096 -0.0039223567471 -0.00196872974849
5.28195190051 6 5 1.29529061518 1.200490096 -0.06398249219 -0.0566333261597
5.28195190051 7 6 1.29099444874 1.19434944143 0.0365663151279 0.0408087820537
5.28195190051 8 7 1.29099444874 1.200490096 -0.000991766215929 0.0131933055951
5.28195190051 9 8 1.28668393771 1.19434944143 0.0244141221287 0.0066057714654
5.28195190051 10 9 1.29099444874 1.200490096 -0.0233546506937 -0.0189323580526
5.28195190051 11 10 1.29099444874 1.200490096 -0.0357168273218 -0.0427833615813
5.28195190051 12 11 1.29099444874 1.200490096 0.0378111640425 0.0282213749296
5.28195190051 13 12 1.29099444874 1.200490096 0.0258552788143 0.0209364917561
5.28195190051 14 13 1.28668393771 1.19742370505 0.00294097638964 0.0113194493004
5.28195190051 15 14 1.28668393771 1.19434944143 -0.0627249224761 -0.0578100245088
5.28195190051 16 15 1.28668393771 1.19742370505 -0.063152908032 -0.0442450074436
5.28195190051 17 16 1.28668393771 1.19742370505 0.0029308494134 0.00672550618902
5.28195190051 18 17 1.28668393771 1.19742370505 0.0351828889371 0.0352293075225
5.28195190051 19 18 1.28668393771 1.19742370505 0.0914094203957 0.085255671947
5.28195190051 20 19 1.28668393771 1.19742370505 -0.0203254749473 -0.0217286454297
5.28195190051 21 20 1.28668393771 1.19434944143 0.0154600409801 -0.000302461060194
5.28195190051 22 21 1.28668393771 1.19434944143 -0.037335183361 -0.0306433866334
5.28195190051 23 22 1.28668393771 1.19434944143 0.0341761779454 0.0221572839434
5.28195190051 24 23 1.28668393771 1.19434944143 0.0298342515704 0.032944450936
5.28195190051 25 24 1.28668393771 1.19434944143 0.130845420646 0.128683042064
5.28195190051 26 25 1.28668393771 1.19434944143 -0.0801217873126 -0.0925101807899
5.28195190051 27 26 1.28668393771 1.19434944143 0.0400718937024 0.0320288084334
5.28195190051 28 27 1.28668393771 1.19434944143 0.0147478283771 0.0190136503035
5.28195190051 29 28 1.28668393771 1.19434944143 -0.0740656290785 -0.066615197218
5.28195190051 30 29 1.28668393771 1.19742370505 0.0309517193275 0.0302031845758
5.28195190051 31 30 1.28668393771 1.19742370505 0.0377592063516 0.0342610741106
5.28195190051 32 31 1.28668393771 1.19434944143 0.0153699225221 0.0222294438407
5.28195190051 33 32 1.28668393771 1.19434944143 -0.0478193602912 -0.0422298214654
5.28195190051 34 33 1.28668393771 1.19742370505 -0.0608060596533 -0.0510393414362
5.28195190051 35 34 1.28668393771 1.19742370505 0.0348169779617 0.0298716670474
5.28195190051 36 35 1.28668393771 1.19742370505 0.0286663914777 0.0237661152955
5.28195190051 37 36 1.28668393771 1.19742370505 -0.0280828032316 -0.034500992716
5.28195190051 38 37 1.28668393771 1.19434944143 0.0537815115047 0.0408057342823
5.28195190051 39 38 1.28668393771 1.19434944143 0.0388452377329 0.0344932971021
5.28195190051 40 39 1.28668393771 1.19434944143 -0.0550462010958 -0.0469882695996
5.28195190051 41 40 1.28668393771 1.19434944143 0.0460771967855 0.0514635081739
5.28195190051 42 41 1.28668393771 1.19434944143 -0.0255736341421 -0.0398176038772
5.28195190051 43 42 1.28668393771 1.19434944143 0.00999962510485 0.00528586517919
5.28195190051 44 43 1.28668393771 1.19434944143 0.0159035046283 0.0146063148432
5.28195190051 45 44 1.28668393771 1.19434944143 -0.0276508385861 -0.032337362222
5.28195190051 46 45 1.28668393771 1.19434944143 0.0657163369383 0.0605526774284
5.28195190051 47 46 1.28668393771 1.19434944143 -0.004257594868 -0.0181930586272
5.28195190051 48 47 1.28668393771 1.19434944143 0.0378693319814 0.0517787983882
5.28195190051 49 48 1.28668393771 1.19434944143 -0.0734598595937 -0.0684458541365
5.28195190051 50 49 1.28668393771 1.19434944143 0.0149701613669 -0.0142340892626
5.28195190051 51 50 1.28668393771 1.19434944143 -0.0002797014502 -0.00275080971302
5.28195190051 x 51 1.28668393771 1.19434944143 -19.72471328 -2.68798016807
5.28195190051 52 52 1.28668393771 1.19434944143 0.0214902873749 0.0194112288024
5.28195190051 x 53 1.28668393771 1.19434944143 -19.7032229926 -2.77336976419
5.28195190051 x 54 1.28668393771 1.19434944143 -19.7032229926 -2.77083483923
5.28195190051 x 55 1.28668393771 1.19434944143 -19.7032229926 -2.76796313325
5.28195190051 x 56 1.28668393771 1.19434944143 -19.7032229926 -2.8160031856
5.28195190051 x 57 1.28668393771 1.19434944143 -19.7032229926 -2.79731491803
5.28195190051 x 58 1.28668393771 1.19434944143 -19.7032229926 -2.65377213016
5.28195190051 x 59 1.28668393771 1.19434944143 -19.7032229926 -2.85701765078
5.28195190051 x 60 1.28668393771 1.19434944143 -19.7032229926 -2.89049810036
5.28195190051 53 61 1.30809445802 1.21267812518 7.9380957465 7.99205561898
5.28195190051 54 62 1.30809445802 1.20964263075 -0.0297174323234 -0.0246609251442
5.28195190051 55 63 1.30809445802 1.20964263075 0.027008856609 0.0232988571561
5.28195190051 56 64 1.30809445802 1.20964263075 0.0261347881246 0.0358008642806
5.28195190051 x 65 1.30809445802 1.20964263075 -20.0659661969 -1.77443639095
5.28195190051 57 66 1.30809445802 1.20964263075 -0.0812223806315 -0.0710189113576
5.28195190051 x 67 1.30809445802 1.20964263075 -20.1471885776 -1.64576880745
5.28195190051 x 68 1.30809445802 1.21267812518 -20.1471885776 -1.6693369644
5.28195190051 x 69 1.29957257931 1.20659949981 -20.1471885776 -1.71612111526
5.28195190051 x 70 1.29957257931 1.200490096 -20.1471885776 -1.70356160292
5.28195190051 58 71 1.30809445802 1.20964263075 -0.0345421468444 -0.0498984780666
5.28195190051 x 72 1.29957257931 1.20354867445 -20.1817307244 -1.85495531169
5.28195190051 59 73 1.29957257931 1.20354867445 0.0377102775665 0.0375380385381
5.28195190051 60 74 1.30384048104 1.20659949981 -0.0138337224239 -0.011787585118
5.28195190051 x 75 1.29957257931 1.20354867445 -20.1578541693 -1.60278010732
5.28195190051 61 76 1.30809445802 1.20964263075 -0.0441776235255 -0.056772735122
5.28195190051 62 77 1.29957257931 1.20354867445 -1.66311015592 -1.65432290575
5.28195190051 63 78 1.30809445802 1.20964263075 1.74746494584 1.7546919078
5.28195190051 64 79 1.29957257931 1.20354867445 0.0577214347267 0.0466191482363
5.28195190051 65 80 1.30384048104 1.20659949981 -0.00430489220825 0.00171480556789
5.28195190051 66 81 1.29957257931 1.19126724418 0.0331432924138 0.0328367090166
5.28195190051 67 82 1.29099444874 1.19742370505 0.0417313249877 0.0435829607775
5.28195190051 68 83 1.30809445802 1.20964263075 -0.0814624158459 -0.0693017700205
5.28195190051 69 84 1.29957257931 1.200490096 -0.0248826343076 -0.0132657918011
5.28195190051 x 85 1.28668393771 1.19434944143 -20.0957308931 -1.78176545468
5.28195190051 x 86 1.31233464567 1.21267812518 -20.0957308931 -1.59035378301
5.28195190051 x 87 1.29957257931 1.200490096 -20.0957308931 -1.57216672903
5.28195190051 70 88 1.29529061518 1.19126724418 -1.56640355102 -1.55269410164
5.28195190051 71 89 1.30384048104 1.20354867445 1.62085098073 1.60655310311
5.28195190051 72 90 1.30384048104 1.20964263075 -0.0077859124744 -0.00584207314245
5.28195190051 73 91 1.32077418374 1.23073387958 0.0067207746312 0.00793989814967
5.28195190051 74 92 1.32916013583 1.2366938848 0.101524353596 0.107552719713
5.28195190051 75 93 1.32497379429 1.23371748124 0.0381247077638 0.0312238253197
5.28195190051 76 94 1.30384048104 1.20964263075 -0.0762666005424 -0.0777947434827
5.28195190051 x 95 1.31656117721 1.22474487139 -19.9789661404 -1.69091311391
5.28195190051 77 96 1.30809445802 1.22173935797 0.0142097689324 0.019264371783
5.28195190051 x 97 1.32497379429 1.23371748124 -19.9647563715 -1.4374309227
5.28195190051 78 98 1.32077418374 1.2366938848 0.00230709346112 -2.00821737373e-05
5.28195190051 79 99 1.32077418374 1.23073387958 0.0968666750127 0.0839428104242
5.28195190051 80 100 1.33333333333 1.24852854569 -0.0377265595068 -0.0315198360578
5.28195190051 x 101 1.32497379429 1.23371748124 -19.9033091625 -1.50225414138
5.28195190051 81 102 1.32916013583 1.2366938848 0.0494546811924 0.0535697982192
5.28195190051 82 103 1.32497379429 1.23073387958 0.126318714444 0.113405748455
5.28195190051 x 104 1.3416407865 1.24852854569 -19.7275357669 -1.88241587464
5.28195190051 x 105 1.32497379429 1.23073387958 -19.7275357669 -1.85733662843
5.28195190051 83 106 1.3416407865 1.24558042223 0.028935915381 0.04232407639
5.28195190051 x 107 1.32497379429 1.23371748124 -19.6985998515 -1.63423027239
5.28195190051 84 108 1.32916013583 1.23371748124 0.0192090048362 0.023720708361
5.28195190051 x 109 1.34577528255 1.2514697242 -19.6793908467 -1.66038425954
5.28195190051 x 110 1.34577528255 1.2544040066 -19.6793908467 -1.6161623238
5.28195190051 x 111 1.28668393771 1.19434944143 -14.1725906387 -8.19040307711
5.28195190051 x 112 1.29099444874 1.19742370505 -14.1725906387 -5.7105147356
5.28195190051 x 113 1.28668393771 1.19434944143 -14.1725906387 -5.78369230999
5.28195190051 x 114 1.29099444874 1.19742370505 -14.1725906387 -8.39598799624
5.28195190051 x 115 1.28235893744 1.19126724418 -14.1725906387 -5.7211263415
5.28195190051 x 116 1.28668393771 1.19126724418 -14.1725906387 -5.70845995549
5.28195190051 x 117 1.28668393771 1.19434944143 -14.1725906387 -5.66205886754
5.28195190051 x 118 1.29099444874 1.200490096 -14.1725906387 -5.63848080968
5.28195190051 x 119 1.29099444874 1.19742370505 -14.1725906387 -5.65017927404
5.28195190051 x 120 1.29099444874 1.200490096 -14.1725906387 -8.11782660672
5.28195190051 x 121 1.31233464567 1.21570604032 -7.21428000533 -12.4356281597
5.28195190051 x 122 1.29957257931 1.20964263075 -7.21428000533 -15.2482434346
5.28195190051 x 123 1.29957257931 1.20659949981 -7.21428000533 -15.0751041539
5.28195190051 x 124 1.29957257931 1.20964263075 -7.21428000533 -15.197677067
5.28195190051 x 125 1.29957257931 1.20659949981 -7.21428000533 -12.4145537884
5.28195190051 x 126 1.29957257931 1.20659949981 -7.21428000533 -15.1436700793
5.28195190051 x 127 1.31233464567 1.21570604032 -7.21428000533 -12.5239891881
5.28195190051 x 128 1.29957257931 1.20964263075 -7.21428000533 -12.4002614618
5.28195190051 x 129 1.29957257931 1.20964263075 -7.21428000533 -12.4251613984
5.28195190051 x 130 1.29957257931 1.20964263075 -7.21428000533 -12.5042196634
5.28195190051 x 131 1.29957257931 1.20354867445 -5.30627477944 -16.7331003094
