20.0 1 0 1.29957257931 1.20354867445 0.00701529805487 0.00389721183372
20.0 2 1 1.30809445802 1.20964263075 -0.00190715285214 -0.00374113274307
20.0 3 2 1.29957257931 1.20354867445 0.0113402333837 0.0287584684166
20.0 4 3 1.29957257931 1.20354867445 0.0442001468419 0.0417225266253
20.0 5 4 1.29529061518 1.200490096 -0.00103588498374 0.000917742014873
20.0 6 5 1.29529061518 1.200490096 -0.0168976223111 -0.00954845628084
20.0 7 6 1.29099444874 1.19434944143 0.00965707588422 0.01389954281
20.0 8 7 1.29099444874 1.200490096 -0.000261923072454 0.0139231487386
20.0 9 8 1.28668393771 1.19434944143 0.00644771093884 -0.0113606397244
20.0 10 9 1.29099444874 1.200490096 -0.00616790708087 -0.00174561443974
20.0 11 10 1.29099444874 1.200490096 -0.00943272819761 -0.0164992624571
20.0 12 11 1.29099444874 1.200490096 0.00998583748874 0.000396048375829
20.0 13 12 1.29099444874 1.200490096 0.00682831695355 0.00190952989545
20.0 14 13 1.28668393771 1.19742370505 0.000776704791528 0.00915517770231
20.0 15 14 1.28668393771 1.19434944143 -0.0165655011741 -0.0116506032068
20.0 16 15 1.28668393771 1.19742370505 -0.0166785311301 0.00222936945828
20.0 17 16 1.28668393771 1.19742370505 0.00077403028146 0.00456868705708
20.0 18 17 1.28668393771 1.19742370505 0.00929171635432 0.00933813493974
20.0 19 18 1.28668393771 1.19742370505 0.0241410080892 0.0179872596405
20.0 20 19 1.28668393771 1.19742370505 -0.00536790905134 -0.00677107953372
20.0 21 20 1.28668393771 1.19434944143 0.00408295964182 -0.0116795423984
20.0 22 21 1.28668393771 1.19434944143 -0.00986013213548 -0.00316833540781
20.0 23 22 1.28668393771 1.19434944143 0.00902584640253 -0.00299304759948
20.0 24 23 1.28668393771 1.19434944143 0.00787915408912 0.0109893534547
20.0 25 24 1.28668393771 1.19434944143 0.0345559609126 0.0323935823313
20.0 x 25 1.28668393771 1.19434944143 -5.21146336937 -0.0335483648157
20.0 26 26 1.28668393771 1.19434944143 0.0108823426526 0.00291925418287
20.0 27 27 1.28668393771 1.19434944143 0.00432197384377 0.00860313759768
20.0 28 28 1.28668393771 1.19434944143 -0.0203255527139 -0.0127204726773
20.0 29 29 1.28668393771 1.19742370505 0.00973698824645 0.00885119208751
20.0 30 30 1.28668393771 1.19434944143 0.011069511683 0.00727249216371
20.0 31 31 1.28668393771 1.19434944143 0.0047297975779 0.0115967685496
20.0 32 32 1.28668393771 1.19434944143 -0.013195414644 -0.00763750234906
20.0 33 33 1.28668393771 1.19434944143 -0.0162958034537 -0.00691429765143
20.0 34 34 1.28668393771 1.19742370505 0.00790762083966 0.00327329505706
20.0 35 35 1.28668393771 1.19742370505 0.00907512654283 0.00412645286485
20.0 36 36 1.28668393771 1.19742370505 -0.00701612699344 -0.0134703333959
20.0 37 37 1.28668393771 1.19434944143 0.0148089828582 0.00145847244204
20.0 38 38 1.28668393771 1.19434944143 0.010703368156 0.00640915548176
20.0 39 39 1.28668393771 1.19434944143 -0.0149963710194 -0.00668301063581
20.0 40 40 1.28668393771 1.19434944143 0.0117843385467 0.0173972086328
20.0 41 41 1.28668393771 1.19434944143 -0.00951517009257 -0.0239533821051
20.0 42 42 1.28668393771 1.19434944143 0.00314112249205 -0.00173510817913
20.0 43 43 1.28668393771 1.19434944143 0.00411976065898 0.00291286122924
20.0 44 44 1.28668393771 1.19434944143 -0.00791463066088 -0.0120558585572
20.0 45 45 1.28668393771 1.19434944143 0.0158165898447 0.0104454903709
20.0 46 46 1.28668393771 1.19434944143 -0.00132075606103 -0.0150462060224
20.0 47 47 1.28668393771 1.19434944143 0.0100724408946 0.0236769152785
20.0 48 48 1.28668393771 1.19434944143 -0.0198596024937 -0.0143048927523
20.0 49 49 1.28668393771 1.19434944143 0.00344288827466 -0.0257554811219
20.0 50 50 1.28668393771 1.19434944143 4.54290698668e-05 -0.00242305681218
20.0 x 51 1.28668393771 1.19434944143 -5.19024451532 -0.703521331594
20.0 51 52 1.28668393771 1.19434944143 -0.729938875938 -0.732108639398
20.0 52 53 1.28668393771 1.19434944143 0.000180809068484 -0.00123808402621
20.0 53 54 1.28668393771 1.19434944143 0.704030027841 0.694775295942
20.0 x 55 1.28668393771 1.19434944143 -5.21597255435 -0.704250571735
20.0 54 56 1.28668393771 1.19434944143 0.000161145259708 -0.00707702329902
20.0 x 57 1.28668393771 1.19434944143 -5.21581140909 -0.722620478176
20.0 55 58 1.28668393771 1.19434944143 0.00239233487594 0.012966753176
20.0 x 59 1.28668393771 1.19434944143 -5.21341907422 -0.711283293632
20.0 x 60 1.28668393771 1.19434944143 -5.21341907422 -0.724222094251
20.0 56 61 1.28668393771 1.19742370505 47.4123600735 47.4393711513
20.0 57 62 1.28668393771 1.19742370505 0.683085045321 0.690781307425
20.0 58 63 1.28668393771 1.19742370505 -0.676428324634 -0.68005972152
20.0 59 64 1.28668393771 1.19742370505 0.00846537798389 0.0189885853577
20.0 60 65 1.28668393771 1.19742370505 0.0155873539844 0.0294698562378
20.0 61 66 1.28668393771 1.19742370505 0.674210792023 0.685525160953
20.0 62 67 1.28668393771 1.19742370505 -0.00200818065477 -0.000112779901092
20.0 63 68 1.28668393771 1.19742370505 -0.641350309272 -0.641900443923
20.0 64 69 1.28668393771 1.19742370505 0.647352995038 0.636105640979
20.0 65 70 1.28668393771 1.19742370505 -0.666595823137 -0.668656718592
20.0 66 71 1.29099444874 1.200490096 33.1292212688 33.0512733224
20.0 x 72 1.28668393771 1.19434944143 -5.20167264831 -0.795926524247
20.0 67 73 1.28668393771 1.19434944143 0.0120653533752 0.0149481398696
20.0 68 74 1.28668393771 1.19742370505 0.00290564061941 0.00393080839489
20.0 x 75 1.28668393771 1.19434944143 -5.18670165431 -0.716686328394
20.0 69 76 1.28668393771 1.19742370505 -0.7761923337 -0.787594801946
20.0 70 77 1.28668393771 1.19126724418 0.783580634969 0.792880070825
20.0 71 78 1.28235893744 1.18817705157 -0.74244128218 -0.734119536715
20.0 72 79 1.28668393771 1.19434944143 0.753388512901 0.742723404062
20.0 73 80 1.28668393771 1.19126724418 0.000339529066981 0.004783351234
20.0 74 81 1.28668393771 1.19434944143 1.33622184986 1.35416669944
20.0 75 82 1.28668393771 1.19434944143 0.734685095586 0.739593513649
20.0 76 83 1.28668393771 1.19434944143 -0.0125682111386 0.00196971203341
20.0 77 84 1.28668393771 1.19434944143 -0.665397874967 -0.654537362193
20.0 78 85 1.28668393771 1.19434944143 -0.0326433388877 -0.0543670559983
20.0 79 86 1.28668393771 1.19434944143 0.0092375617071 0.0172384810795
20.0 80 87 1.28668393771 1.19434944143 0.674423129042 0.683905249179
20.0 81 88 1.28668393771 1.19434944143 -0.641983074677 -0.627260828764
20.0 82 89 1.28668393771 1.19434944143 0.653497991786 0.638252622208
20.0 83 90 1.28668393771 1.19434944143 -0.678691672608 -0.675704406102
20.0 84 91 1.28668393771 1.19434944143 97.5618816809 97.506435426
20.0 85 92 1.28668393771 1.19434944143 0.0300606580122 0.0349059268665
20.0 86 93 1.28668393771 1.19434944143 0.00409558643974 -0.00541062430492
20.0 87 94 1.28668393771 1.19434944143 0.00532094254022 0.00700408968045
20.0 88 95 1.28668393771 1.19434944143 0.780341291268 0.771801058503
20.0 89 96 1.28668393771 1.19434944143 0.00934606070288 0.0166269272195
20.0 90 97 1.28668393771 1.19434944143 -0.00193477279585 -0.00406499688252
20.0 91 98 1.28668393771 1.19434944143 -0.00475733654813 -0.00870161846889
20.0 92 99 1.28668393771 1.19434944143 0.0154904633301 0.00134765883649
20.0 x 100 1.28668393771 1.19434944143 -5.13605348167 -0.793445855912
20.0 93 101 1.28668393771 1.19434944143 14.5301180601 14.5920391221
20.0 94 102 1.28668393771 1.19434944143 0.00477070035128 0.00789814856661
20.0 95 103 1.28668393771 1.19434944143 0.0280630634354 0.0187726166737
20.0 96 104 1.28668393771 1.19434944143 -0.0147735793753 -0.0300350850172
20.0 x 105 1.28668393771 1.19434944143 -5.15504474811 -0.795025441486
20.0 97 106 1.28668393771 1.19434944143 0.00510044417078 0.0195649842154
20.0 x 107 1.28668393771 1.19434944143 -5.14994430394 -0.727544500527
20.0 98 108 1.28668393771 1.19434944143 0.00459256257961 0.00776475037535
20.0 99 109 1.28668393771 1.19434944143 -0.737646896327 -0.727972971589
20.0 100 110 1.28668393771 1.19434944143 0.725172096145 0.72583065546
20.0 x 111 1.28668393771 1.19434944143 -5.15782654154 -0.682613666132
20.0 101 112 1.28668393771 1.19434944143 0.000347003954649 -0.0133188686597
20.0 x 113 1.28668393771 1.19434944143 -5.15747953759 -0.765067492465
20.0 102 114 1.28668393771 1.19434944143 0.00216849767088 -0.0158029235609
20.0 103 115 1.28668393771 1.19434944143 -0.742791671888 -0.742594777887
20.0 104 116 1.28668393771 1.19434944143 0.722531657971 0.711005878696
20.0 105 117 1.28668393771 1.19434944143 -0.742255699656 -0.742162875631
20.0 106 118 1.28668393771 1.19434944143 0.0018319498825 0.00658692243766
20.0 107 119 1.28668393771 1.19434944143 0.767490045642 0.776525902897
20.0 108 120 1.28668393771 1.19434944143 0.0123537469607 0.0282866361387
20.0 x 121 1.28668393771 1.19434944143 -5.136151011 -0.716771381641
20.0 109 122 1.28668393771 1.19434944143 -0.0196169082257 -0.0304352235085
20.0 110 123 1.28668393771 1.19434944143 -0.710783164032 -0.69987729022
20.0 111 124 1.28668393771 1.19434944143 -0.013776857049 -0.0204814315355
20.0 112 125 1.28668393771 1.19434944143 0.701144285269 0.707484128136
20.0 113 126 1.28668393771 1.19434944143 -0.00428741593103 -0.0109629963808
20.0 114 127 1.28668393771 1.19434944143 -0.0187831371669 -0.0210985527039
20.0 115 128 1.28668393771 1.19434944143 0.00610098251845 0.00719784856783
20.0 116 129 1.28668393771 1.19434944143 -0.671097741047 -0.657264280287
20.0 117 130 1.28668393771 1.19434944143 0.65901831145 0.64980778728
20.0 118 131 1.28668393771 1.19434944143 -0.00641775268869 -0.00808659923646
20.0 119 132 1.28668393771 1.19434944143 -0.00127389739785 -0.00410428863595
