14.3374232887 1 0 1.29957257931 1.20354867445 0.00978599559152 0.00666790937037
14.3374232887 2 1 1.30809445802 1.20964263075 6.99879313885 6.99695915896
14.3374232887 3 2 1.29957257931 1.20354867445 0.0158190675623 0.0332373025952
14.3374232887 4 3 1.29957257931 1.20354867445 0.0616570299303 0.0591794097138
14.3374232887 5 4 1.29529061518 1.200490096 -0.00144500858052 0.00050861841809
14.3374232887 6 5 1.29529061518 1.200490096 -0.0235713516589 -0.0162221856287
14.3374232887 7 6 1.29099444874 1.19434944143 0.013471145672 0.0177136125978
14.3374232887 8 7 1.29099444874 1.200490096 -0.000365369797877 0.0138197020132
14.3374232887 9 8 1.28668393771 1.19434944143 0.00899423949337 -0.0088141111699
14.3374232887 10 9 1.29099444874 1.200490096 -0.00860392687954 -0.00418163423842
14.3374232887 11 10 1.29099444874 1.200490096 -0.0131581916885 -0.020224725948
14.3374232887 12 11 1.29099444874 1.200490096 0.0139297519333 0.00433996282038
14.3374232887 13 12 1.29099444874 1.200490096 0.00952516615578 0.00460637909768
14.3374232887 14 13 1.28668393771 1.19742370505 0.00108346496562 0.0094619378764
14.3374232887 15 14 1.28668393771 1.19434944143 -0.0231080590152 -0.0181931610479
14.3374232887 16 15 1.28668393771 1.19742370505 -0.023265730242 -0.00435782965367
14.3374232887 17 16 1.28668393771 1.19742370505 0.00107973415567 0.0048743909313
14.3374232887 18 17 1.28668393771 1.19742370505 0.0129614871057 0.0130079056912
14.3374232887 19 18 1.28668393771 1.19742370505 0.033675518401 0.0275217699524
14.3374232887 20 19 1.28668393771 1.19742370505 -0.00748796899309 -0.00889113947546
14.3374232887 21 20 1.28668393771 1.19434944143 0.00569552779408 -0.0100669742462
14.3374232887 22 21 1.28668393771 1.19434944143 -0.013754399151 -0.00706260242329
14.3374232887 23 22 1.28668393771 1.19434944143 0.0125906116054 0.000571717603377
14.3374232887 24 23 1.28668393771 1.19434944143 0.0109910322524 0.014101231618
14.3374232887 25 24 1.28668393771 1.19434944143 0.0482038651112 0.0460414865299
14.3374232887 26 25 1.28668393771 1.19434944143 -0.0295171188187 -0.041905512296
14.3374232887 27 26 1.28668393771 1.19434944143 0.014762611861 0.00671952659199
14.3374232887 28 27 1.28668393771 1.19434944143 0.00543314642777 0.00969896835419
14.3374232887 29 28 1.28668393771 1.19434944143 -0.0272860110492 -0.0198355791887
14.3374232887 30 29 1.28668393771 1.19742370505 0.011402710894 0.0106541761423
14.3374232887 31 30 1.28668393771 1.19742370505 0.0139106105563 0.0104124783153
14.3374232887 32 31 1.28668393771 1.19434944143 0.00566232787031 0.0125218491889
14.3374232887 33 32 1.28668393771 1.19434944143 -0.0176168029558 -0.0120272641299
14.3374232887 34 33 1.28668393771 1.19742370505 -0.0224011439071 -0.01263442569
14.3374232887 35 34 1.28668393771 1.19742370505 0.0128266843498 0.00788137343557
14.3374232887 36 35 1.28668393771 1.19742370505 0.0105607889156 0.00566051273342
14.3374232887 37 36 1.28668393771 1.19742370505 -0.0103457931675 -0.0167639826519
14.3374232887 38 37 1.28668393771 1.19434944143 0.0198132782428 0.00683750102036
14.3374232887 39 38 1.28668393771 1.19434944143 0.014310707938 0.00995876730722
14.3374232887 40 39 1.28668393771 1.19434944143 -0.0202791938717 -0.0122212623756
14.3374232887 41 40 1.28668393771 1.19434944143 0.0169749844327 0.022361295821
14.3374232887 42 41 1.28668393771 1.19434944143 -0.00942140737142 -0.0236653771065
14.3374232887 43 42 1.28668393771 1.19434944143 0.00368389338609 -0.00102986653958
14.3374232887 44 43 1.28668393771 1.19434944143 0.00585890119895 0.00456171141382
14.3374232887 45 44 1.28668393771 1.19434944143 -0.0101866560315 -0.0148731796674
14.3374232887 46 45 1.28668393771 1.19434944143 0.0242101055256 0.0190464460156
14.3374232887 47 46 1.28668393771 1.19434944143 -0.00156851136022 -0.0155039751194
14.3374232887 48 47 1.28668393771 1.19434944143 0.0139511811852 0.027860647592
14.3374232887 49 48 1.28668393771 1.19434944143 -0.0270628436629 -0.0220488382057
14.3374232887 50 49 1.28668393771 1.19434944143 0.00551505460154 -0.023689196028
14.3374232887 51 50 1.28668393771 1.19434944143 -0.000103042895275 -0.0025741511581
14.3374232887 x 51 1.28668393771 1.19434944143 -7.26664650252 -0.981690513409
14.3374232887 52 52 1.28668393771 1.19434944143 0.00791708956041 0.00583803098786
14.3374232887 x 53 1.28668393771 1.19434944143 -7.25872941296 -1.02287560162
14.3374232887 53 54 1.28668393771 1.19434944143 -1.01740287577 -1.02658142584
14.3374232887 54 55 1.28668393771 1.19434944143 0.996827708766 0.990968135731
14.3374232887 x 56 1.28668393771 1.19434944143 -7.27930457996 -1.0136031174
14.3374232887 55 57 1.28668393771 1.19742370505 -0.00330973415352 -0.00906302984324
14.3374232887 56 58 1.28668393771 1.19742370505 -0.956908345686 -0.946609427257
14.3374232887 57 59 1.28668393771 1.19434944143 -0.0299062644095 -0.033205002201
14.3374232887 58 60 1.28668393771 1.19434944143 1.017731669 1.00659141248
14.3374232887 x 61 1.28668393771 1.19742370505 -7.2516972552 -1.05530395736
14.3374232887 59 62 1.28668393771 1.19434944143 -1.03983422428 -1.03221688321
14.3374232887 60 63 1.28668393771 1.19434944143 -0.00791412972195 -0.0114039771033
14.3374232887 61 64 1.28668393771 1.19434944143 0.0118087857398 0.0214973633167
14.3374232887 62 65 1.28668393771 1.19434944143 1.09282557223 1.10766734158
14.3374232887 63 66 1.28668393771 1.19434944143 -0.0306969194692 -0.0191271800546
14.3374232887 x 67 1.28668393771 1.19434944143 -7.22550817071 -0.993476912234
14.3374232887 64 68 1.28668393771 1.19434944143 0.0030068304216 0.00322469923275
14.3374232887 x 69 1.28668393771 1.19434944143 -7.22250134028 -1.03312127401
14.3374232887 x 70 1.28668393771 1.19434944143 -7.22250134028 -1.02349650757
14.3374232887 65 71 1.29099444874 1.200490096 20.2029380793 20.1798801468
14.3374232887 66 72 1.28668393771 1.19742370505 0.0154578183048 0.00307378233567
14.3374232887 x 73 1.28668393771 1.19742370505 -7.23234574325 -1.07518572572
14.3374232887 67 74 1.28668393771 1.19742370505 0.00106095027254 0.00114453376278
14.3374232887 x 75 1.28668393771 1.19742370505 -7.23128479297 -1.01950813933
14.3374232887 68 76 1.28668393771 1.19742370505 -0.0124712484353 -0.0241947277098
14.3374232887 69 77 1.29099444874 1.200490096 0.0229766600251 0.0322286760004
14.3374232887 70 78 1.29099444874 1.200490096 0.0014994052598 0.00942808869905
14.3374232887 x 79 1.28668393771 1.19742370505 -7.21927997612 -1.1092642629
14.3374232887 x 80 1.29529061518 1.20354867445 -7.21927997612 -1.06220695115
14.3374232887 71 81 1.29099444874 1.200490096 0.00931703931605 0.0103752890158
14.3374232887 72 82 1.29957257931 1.20354867445 -1.03085456344 -1.02615313159
14.3374232887 73 83 1.29957257931 1.20659949981 0.034937884525 0.0495317626528
14.3374232887 74 84 1.29529061518 1.200490096 0.98842624742 0.9996744202
14.3374232887 75 85 1.29529061518 1.200490096 -1.01293214256 -1.03434170246
14.3374232887 76 86 1.29529061518 1.20354867445 1.01225159846 1.02037118339
14.3374232887 77 87 1.29529061518 1.20354867445 -0.0120288995291 -0.00205245432332
14.3374232887 78 88 1.28668393771 1.19742370505 0.0206668244748 0.0352491337248
14.3374232887 79 89 1.29957257931 1.20659949981 -0.00739102262347 -0.0223103999236
14.3374232887 80 90 1.29957257931 1.20964263075 0.00260700475295 0.00412831707019
14.3374232887 81 91 1.30384048104 1.20964263075 0.00533675210748 0.00765885268553
14.3374232887 82 92 1.30384048104 1.20964263075 0.0309264862261 0.0345641249778
14.3374232887 83 93 1.30384048104 1.20964263075 -0.968632691369 -0.976797341252
14.3374232887 84 94 1.30384048104 1.21267812518 0.00742192106749 0.0106949948079
14.3374232887 85 95 1.29957257931 1.20659949981 -0.0320027817025 -0.0417710072253
14.3374232887 86 96 1.29957257931 1.20659949981 1.01052329688 1.01601170527
14.3374232887 x 97 1.29957257931 1.20354867445 -7.16070702212 -0.948167434118
14.3374232887 87 98 1.29957257931 1.20964263075 -0.00870458519414 -0.0117327820623
14.3374232887 x 99 1.29957257931 1.20964263075 -7.16941160731 -0.992048356784
14.3374232887 88 100 1.30384048104 1.20964263075 -0.977184416133 -0.970093880697
14.3374232887 89 101 1.28668393771 1.19434944143 6.93830493617 7.04037833202
14.3374232887 x 102 1.28668393771 1.19434944143 -7.24215952101 -0.784811197822
14.3374232887 90 103 1.28668393771 1.19434944143 0.0572975209105 0.0487096034857
14.3374232887 91 104 1.28668393771 1.19434944143 -0.900609806367 -0.916684287293
14.3374232887 92 105 1.28668393771 1.19434944143 0.84541575053 0.838130533918
14.3374232887 93 106 1.28668393771 1.19434944143 0.0127961661458 0.0270774620041
14.3374232887 94 107 1.28668393771 1.19434944143 -0.81527940305 -0.816747794339
14.3374232887 95 108 1.28668393771 1.19434944143 0.00565900122806 0.0097566580478
14.3374232887 96 109 1.28668393771 1.19434944143 0.0109664475963 0.0199170255482
14.3374232887 97 110 1.29099444874 1.200490096 0.0318840950057 0.0321850107648
14.3374232887 98 111 1.29099444874 1.200490096 0.707776718046 0.711807806036
14.3374232887 99 112 1.29099444874 1.200490096 -0.0120590841191 -0.0251344174592
14.3374232887 x 113 1.29099444874 1.200490096 -7.29831211509 -0.75415974662
14.3374232887 100 114 1.29099444874 1.200490096 -0.730163963808 -0.749064259096
14.3374232887 101 115 1.29099444874 1.200490096 0.00227380260118 -0.000799978559872
14.3374232887 102 116 1.29099444874 1.200490096 -0.0272353529165 -0.0352382681898
14.3374232887 103 117 1.29099444874 1.200490096 -0.000355826260881 -0.00313475863657
14.3374232887 104 118 1.29099444874 1.200490096 0.758324876918 0.76406494999
14.3374232887 105 119 1.29099444874 1.200490096 -0.714123794807 -0.705709916627
14.3374232887 106 120 1.29099444874 1.200490096 0.0427223992255 0.0582679194992
14.3374232887 107 121 1.28668393771 1.19434944143 64.083010469 63.9190174915
14.3374232887 108 122 1.28668393771 1.19434944143 -0.0352125238299 -0.0465557585364
14.3374232887 109 123 1.28668393771 1.19434944143 0.0198314611426 0.0328047966784
14.3374232887 110 124 1.28668393771 1.19434944143 -0.0192480894086 -0.0238967928005
14.3374232887 111 125 1.28668393771 1.19434944143 1.2439154099 1.24832382793
14.3374232887 112 126 1.28668393771 1.19434944143 0.00415051112365 -0.00212232356056
14.3374232887 x 127 1.28668393771 1.19434944143 -7.10165806165 -1.2421330299
14.3374232887 113 128 1.28668393771 1.19434944143 -1.23199590172 -1.23219983181
14.3374232887 114 129 1.28668393771 1.19434944143 0.0053802062245 0.0236791846873
14.3374232887 115 130 1.28668393771 1.19434944143 1.23192589902 1.22152861042
14.3374232887 116 131 1.28668393771 1.19742370505 -0.00575331123594 0.14921438762
14.3374232887 117 132 1.28668393771 1.19434944143 -0.0149554867308 -0.0187566666571
14.3374232887 118 133 1.28668393771 1.19434944143 0.69138809704 0.690572647395
