2.71441761659 1 0 1.29957257931 1.20354867445 0.051689158013 0.0485710717918
2.71441761659 2 1 1.30809445802 1.20964263075 -0.01405202236 -0.015886002251
2.71441761659 3 2 1.29957257931 1.20354867445 0.0835555539748 0.100973789008
2.71441761659 4 3 1.29957257931 1.20354867445 0.32566946642 0.323191846203
2.71441761659 5 4 1.29529061518 1.200490096 -0.00763246581814 -0.00567883881953
2.71441761659 6 5 1.29529061518 1.200490096 -0.124502745692 -0.117153579662
2.71441761659 7 6 1.29099444874 1.19434944143 0.0711539434844 0.0753964104102
2.71441761659 8 7 1.29099444874 1.200490096 -0.00192986569829 0.0122552061127
2.71441761659 9 8 1.28668393771 1.19434944143 0.0475071403856 0.0296987897223
2.71441761659 10 9 1.29099444874 1.200490096 -0.0454455279332 -0.0410232352921
2.71441761659 11 10 1.29099444874 1.200490096 -0.0695009355962 -0.0765674698557
2.71441761659 x 11 1.30809445802 1.20964263075 -28.0274881558 -11.0462494763
2.71441761659 x 12 1.29957257931 1.20354867445 -28.0274881558 -11.0637946934
2.71441761659 x 13 1.29957257931 1.20659949981 -28.0274881558 -11.0655541431
2.71441761659 x 14 1.30384048104 1.20659949981 -28.0274881558 -11.2117702221
2.71441761659 x 15 1.31233464567 1.21570604032 -28.0274881558 -11.1660723032
2.71441761659 x 16 1.30384048104 1.20659949981 -28.0274881558 -11.0692324351
2.71441761659 x 17 1.30384048104 1.20659949981 -28.0274881558 -11.0172840245
2.71441761659 x 18 1.30384048104 1.20659949981 -28.0274881558 -10.9211840995
2.71441761659 x 19 1.31233464567 1.21267812518 -28.0274881558 -11.1147663704
2.71441761659 x 20 1.29957257931 1.20659949981 -28.0274881558 -11.0604716798
2.71441761659 12 21 1.29099444874 1.200490096 -0.0836348553961 -0.0768526644699
2.71441761659 13 22 1.28668393771 1.19434944143 0.0581036606381 0.046154120672
2.71441761659 14 23 1.28668393771 1.19434944143 0.0703162321028 0.074222617778
2.71441761659 15 24 1.28668393771 1.19434944143 0.246831834074 0.244272578543
2.71441761659 16 25 1.28668393771 1.19126724418 -0.149007732589 -0.161938443524
2.71441761659 17 26 1.29099444874 1.200490096 0.102950031185 0.0950330539525
2.71441761659 18 27 1.28668393771 1.19434944143 0.0405399580597 0.0456262953423
2.71441761659 19 28 1.29099444874 1.200490096 -0.155335468089 -0.149147987027
2.71441761659 20 29 1.29099444874 1.19742370505 0.0640465498351 0.0632980728842
2.71441761659 21 30 1.28668393771 1.19434944143 0.07401265897 0.0697564489409
2.71441761659 x 31 1.30384048104 1.20659949981 -28.0274881558 -11.0253802787
2.71441761659 x 32 1.30384048104 1.20659949981 -28.0274881558 -11.1808323143
2.71441761659 x 33 1.30809445802 1.20964263075 -28.0274881558 -11.1176143753
2.71441761659 x 34 1.30384048104 1.20659949981 -28.0274881558 -10.9724089364
2.71441761659 x 35 1.30809445802 1.20964263075 -28.0274881558 -11.0042802529
2.71441761659 x 36 1.30809445802 1.20964263075 -28.0274881558 -11.0882385206
2.71441761659 x 37 1.29529061518 1.19742370505 -28.0274881558 -11.0252014393
2.71441761659 x 38 1.30384048104 1.20659949981 -28.0274881558 -10.976472925
2.71441761659 x 39 1.30384048104 1.20659949981 -28.0274881558 -11.2062649005
2.71441761659 x 40 1.29957257931 1.20659949981 -28.0274881558 -10.9512858302
2.71441761659 22 41 1.29099444874 1.19742370505 -0.0536841315652 -0.0675876059585
2.71441761659 23 42 1.29099444874 1.19742370505 0.0318024266972 0.0274844820099
2.71441761659 24 43 1.28668393771 1.19434944143 0.0433498345871 0.0438003038015
2.71441761659 25 44 1.28668393771 1.19434944143 -0.0540060592686 -0.05948510932
2.71441761659 26 45 1.28668393771 1.19434944143 0.124931821761 0.120814971942
2.71441761659 27 46 1.28668393771 1.19742370505 0.0108799974108 -0.00385067473001
2.71441761659 28 47 1.29099444874 1.19742370505 0.077214714313 0.0911526300686
2.71441761659 x 48 1.29099444874 1.19742370505 -38.3828328419 -0.132005407678
2.71441761659 29 49 1.29099444874 1.19742370505 0.0542919043782 0.0258368719636
2.71441761659 30 50 1.29099444874 1.19742370505 -0.00235297958451 -0.00486656654135
2.71441761659 x 51 1.30809445802 1.20964263075 -28.0274881558 -10.9149432528
2.71441761659 x 52 1.31233464567 1.21267812518 -28.0274881558 -10.9979537935
2.71441761659 x 53 1.30384048104 1.20659949981 -28.0274881558 -11.1237127934
2.71441761659 x 54 1.30384048104 1.20659949981 -28.0274881558 -14.6819688784
2.71441761659 x 55 1.30809445802 1.20964263075 -28.0274881558 -14.673229636
2.71441761659 x 56 1.30809445802 1.20964263075 -28.0274881558 -14.7650772428
2.71441761659 x 57 1.30384048104 1.21267812518 -28.0274881558 -14.7326805765
2.71441761659 x 58 1.31233464567 1.21267812518 -28.0274881558 -10.9614325512
2.71441761659 x 59 1.29957257931 1.20659949981 -28.0274881558 -14.8521263507
2.71441761659 x 60 1.30384048104 1.20659949981 -28.0274881558 -10.9853558547
2.71441761659 x 61 1.30809445802 1.21267812518 -28.0274881558 -11.0086567173
2.71441761659 x 62 1.30384048104 1.20659949981 -28.0274881558 -14.5952245345
2.71441761659 x 63 1.30384048104 1.20659949981 -28.0274881558 -14.7363466281
2.71441761659 x 64 1.29957257931 1.20354867445 -28.0274881558 -14.6187192906
2.71441761659 x 65 1.30809445802 1.20964263075 -28.0274881558 -10.8491406049
2.71441761659 x 66 1.30384048104 1.20659949981 -28.0274881558 -14.4861795536
2.71441761659 x 67 1.30384048104 1.20659949981 -28.0274881558 -14.6503689696
2.71441761659 x 68 1.30809445802 1.20964263075 -28.0274881558 -10.9721436341
2.71441761659 x 69 1.29957257931 1.20354867445 -28.0274881558 -14.7749162779
2.71441761659 x 70 1.30809445802 1.20964263075 -28.0274881558 -10.9361055764
2.71441761659 x 71 1.30809445802 1.20964263075 -28.0274881558 -14.9442277182
2.71441761659 x 72 1.30384048104 1.20964263075 -28.0274881558 -14.8708455862
2.71441761659 x 73 1.30384048104 1.20659949981 -28.0274881558 -10.9390562964
2.71441761659 x 74 1.30809445802 1.20964263075 -28.0274881558 -14.6484847714
2.71441761659 x 75 1.29957257931 1.20354867445 -28.0274881558 -14.4401224856
2.71441761659 x 76 1.30809445802 1.20964263075 -28.0274881558 -11.1012849776
2.71441761659 x 77 1.29957257931 1.20354867445 -28.0274881558 -10.8686541356
2.71441761659 x 78 1.30809445802 1.20964263075 -28.0274881558 -10.9889593022
2.71441761659 x 79 1.30384048104 1.20964263075 -28.0274881558 -14.9515315994
2.71441761659 x 80 1.30809445802 1.20964263075 -28.0274881558 -11.0183046334
2.71441761659 31 81 1.28668393771 1.19434944143 64.468146334 64.4340473539
2.71441761659 32 82 1.28668393771 1.19742370505 0.163334437148 0.167801939065
2.71441761659 33 83 1.28668393771 1.19742370505 -0.140064123004 -0.12489811618
2.71441761659 34 84 1.28668393771 1.19742370505 -0.0295600159661 -0.0201617510097
2.71441761659 x 85 1.28668393771 1.19434944143 -37.5761661273 -6.3624288269
2.71441761659 x 86 1.28668393771 1.19742370505 -37.5761661273 -6.02263861328
2.71441761659 35 87 1.28668393771 1.19742370505 -0.0705399929703 -0.0616283496042
2.71441761659 36 88 1.28668393771 1.19434944143 0.120938038679 0.134789274324
2.71441761659 37 89 1.28668393771 1.19434944143 -0.0298350027177 -0.0459933117129
2.71441761659 x 90 1.29099444874 1.200490096 -37.5556030844 -6.06568687163
2.71441761659 38 91 1.28668393771 1.19742370505 0.0406233527988 0.0429404111052
2.71441761659 x 92 1.28668393771 1.19742370505 -37.5149797316 -5.82233866566
2.71441761659 x 93 1.28668393771 1.19742370505 -37.5149797316 -6.02487510777
2.71441761659 x 94 1.28668393771 1.19742370505 -37.5149797316 -6.00500470995
2.71441761659 39 95 1.28668393771 1.19742370505 0.1096299334 0.0979117744289
2.71441761659 x 96 1.28668393771 1.19742370505 -37.4053497982 -6.04638661205
2.71441761659 40 97 1.29099444874 1.200490096 0.0135030262228 0.0116311533877
2.71441761659 x 98 1.28668393771 1.19742370505 -37.3918467719 -6.38439026709
2.71441761659 x 99 1.28668393771 1.19742370505 -37.3918467719 -6.31964765369
2.71441761659 41 100 1.29957257931 1.20659949981 -0.0586181826733 -0.0516751716911
2.71441761659 x 101 1.29099444874 1.200490096 -37.4504649546 -6.02555656409
2.71441761659 x 102 1.29529061518 1.20354867445 -37.4504649546 -6.16979413766
2.71441761659 x 103 1.29099444874 1.200490096 -37.4504649546 -6.30099247136
2.71441761659 x 104 1.30384048104 1.21267812518 -37.4504649546 -6.41644261723
2.71441761659 42 105 1.29529061518 1.20354867445 -0.163519906303 -0.169557375585
2.71441761659 x 106 1.29957257931 1.20659949981 -37.6139848609 -5.96320788672
2.71441761659 x 107 1.29529061518 1.20354867445 -37.6139848609 -6.08407046232
2.71441761659 43 108 1.29099444874 1.200490096 0.0480161635695 0.0528430646835
2.71441761659 44 109 1.29099444874 1.200490096 0.0045023853768 0.0160386220664
2.71441761659 45 110 1.30384048104 1.20964263075 -0.130208144844 -0.1277199434
2.71441761659 x 111 1.30384048104 1.21267812518 -37.6916744568 -5.76056069594
2.71441761659 46 112 1.29957257931 1.20659949981 -0.0575236380747 -0.0710043600466
2.71441761659 47 113 1.30384048104 1.20964263075 -0.159855690922 -0.184340031924
2.71441761659 x 114 1.29957257931 1.20659949981 -37.9090537858 -6.21707869714
2.71441761659 48 115 1.29529061518 1.20354867445 -0.126640196822 -0.126874737279
2.71441761659 49 116 1.29957257931 1.20354867445 -0.0623493146134 -0.0742015563627
2.71441761659 x 117 1.29957257931 1.20354867445 -38.0980432972 -5.89597076163
2.71441761659 50 118 1.29529061518 1.200490096 0.0678392082497 0.0748937766317
2.71441761659 x 119 1.29529061518 1.19742370505 -38.030204089 -5.72109632273
2.71441761659 x 120 1.29099444874 1.19434944143 -38.030204089 -5.70679464074
2.71441761659 51 121 1.24721912892 1.18507880105 0.0422846512251 0.0354007706427
2.71441761659 x 122 1.25166555703 1.18817705157 -37.9879194378 -0.201947242684
2.71441761659 x 123 1.23827837473 1.16631647405 -37.9879194378 -5.81095345813
