1.0 1 0 1.29957257931 1.20354867445 0.140305961097 0.137187874876
1.0 2 1 1.30809445802 1.20964263075 -0.0381430570428 -0.0399770369338
1.0 3 2 1.29957257931 1.20354867445 0.226804667674 0.244222902706
1.0 4 3 1.29957257931 1.20354867445 0.884002936837 0.881525316621
1.0 5 4 1.29529061518 1.200490096 -0.0207176996748 -0.0187640726762
1.0 6 5 1.29529061518 1.200490096 -0.337952446222 -0.330603280192
1.0 7 6 1.29099444874 1.19434944143 0.193141517684 0.19738398461
1.0 8 7 1.29099444874 1.200490096 -0.00523846144908 0.00894661036195
1.0 9 8 1.28668393771 1.19434944143 0.128954218777 0.111145868113
1.0 10 9 1.29099444874 1.200490096 -0.123358141617 -0.118935848976
1.0 11 10 1.29099444874 1.200490096 -0.188654563952 -0.195721098212
1.0 12 11 1.29099444874 1.200490096 0.199716749775 0.190126960662
1.0 13 12 1.29099444874 1.200490096 0.136566339071 0.131647552013
1.0 14 13 1.28668393771 1.19742370505 0.0155340958306 0.0239125687414
1.0 15 14 1.28668393771 1.19434944143 -0.331310023482 -0.326395125514
1.0 x 15 1.28668393771 1.19742370505 -105.386149457 -0.314662722013
1.0 16 16 1.28668393771 1.19434944143 0.0115105774525 0.0154348490591
1.0 17 17 1.28668393771 1.19434944143 0.177735062428 0.17771448758
1.0 18 18 1.28668393771 1.19434944143 0.475413061868 0.469430940692
1.0 19 19 1.28668393771 1.19434944143 -0.125339873306 -0.126423050647
1.0 20 20 1.28668393771 1.19434944143 0.0920946074908 0.0759036089001
1.0 21 21 1.28668393771 1.19434944143 -0.196992582045 -0.190291192335
1.0 22 22 1.28668393771 1.19434944143 0.199346513472 0.186802745997
1.0 23 23 1.28668393771 1.19434944143 0.161481886897 0.164714544365
1.0 24 24 1.28668393771 1.19434944143 0.714725019454 0.711999517508
1.0 25 25 1.28668393771 1.19434944143 -0.456346970529 -0.468772101387
1.0 26 26 1.28668393771 1.19434944143 0.217600486094 0.209383436396
1.0 27 27 1.28668393771 1.19434944143 0.0899771050309 0.0945246669231
1.0 28 28 1.28668393771 1.19434944143 -0.394451803403 -0.387009684256
1.0 29 29 1.28668393771 1.19434944143 0.188491659312 0.187890657892
1.0 30 30 1.28668393771 1.19434944143 0.22056965973 0.217189857253
1.0 31 31 1.28668393771 1.19434944143 0.0916181460522 0.0976445004805
1.0 32 32 1.28668393771 1.19434944143 -0.255311141144 -0.249581818309
1.0 33 33 1.28668393771 1.19434944143 -0.342755480502 -0.332835934757
1.0 34 34 1.28668393771 1.19434944143 0.165816149485 0.160752192682
1.0 35 35 1.28668393771 1.19434944143 0.164642303567 0.159570524161
1.0 36 36 1.28668393771 1.19434944143 -0.154598018705 -0.160988714095
1.0 37 37 1.28668393771 1.19434944143 0.304083801043 0.290729636391
1.0 38 38 1.28668393771 1.19434944143 0.223199204246 0.218485295219
1.0 39 39 1.28668393771 1.19434944143 -0.282321949982 -0.27392379478
1.0 40 40 1.28668393771 1.19434944143 0.232413240925 0.238060288674
1.0 41 41 1.28668393771 1.19434944143 -0.1628948811 -0.177002693824
1.0 42 42 1.28668393771 1.19434944143 0.0585247868081 0.0533610932739
1.0 43 43 1.28668393771 1.19434944143 0.0619703770649 0.0607343055801
1.0 44 44 1.28668393771 1.19434944143 -0.161523854493 -0.166300283235
1.0 45 45 1.28668393771 1.19434944143 0.31108176536 0.30572379564
1.0 46 46 1.28668393771 1.19434944143 -0.0357132316286 -0.0500915573027
1.0 47 47 1.28668393771 1.19434944143 0.187605572509 0.201650585679
1.0 x 48 1.28668393771 1.19434944143 -103.604498257 -0.392905998901
1.0 48 49 1.28668393771 1.19434944143 0.0668368048296 0.0379142236487
1.0 49 50 1.28668393771 1.19434944143 0.00176339665779 -0.000569197711741
1.0 50 51 1.28668393771 1.19434944143 0.177795997728 0.19207456588
1.0 51 52 1.28668393771 1.19434944143 0.166998433494 0.164940675959
1.0 x 53 1.28668393771 1.19434944143 -103.191103624 -16.2500915601
1.0 52 54 1.28668393771 1.19434944143 -0.309630724515 -0.3187487717
1.0 53 55 1.28668393771 1.19434944143 0.0349343501047 0.0289586681797
1.0 x 56 1.28668393771 1.19434944143 -103.465799999 -16.0675875429
1.0 54 57 1.28668393771 1.19434944143 -0.0438497290316 -0.048055380969
1.0 x 58 1.28668393771 1.19434944143 -103.509649728 -15.3425203838
1.0 55 59 1.28668393771 1.19434944143 0.443370365968 0.439624429054
1.0 x 60 1.28668393771 1.19434944143 -103.066279362 -17.3708747787
1.0 56 61 1.28668393771 1.19434944143 0.0390300977633 0.0374063369817
1.0 x 62 1.28668393771 1.19434944143 -103.027249264 -16.5279308466
1.0 x 63 1.28668393771 1.19434944143 -103.027249264 -16.8994843524
1.0 x 64 1.28668393771 1.19434944143 -103.027249264 -16.6026571456
1.0 57 65 1.28668393771 1.19434944143 0.466465509145 0.481744630558
1.0 58 66 1.28668393771 1.19434944143 -0.484234792242 -0.472441376449
1.0 59 67 1.28668393771 1.19434944143 -0.0776982592255 -0.0750529014389
1.0 60 68 1.28668393771 1.19742370505 0.0311601027337 0.0300810815378
1.0 x 69 1.28668393771 1.19434944143 -103.091556704 -16.0022522571
1.0 61 70 1.28668393771 1.19742370505 0.142433692937 0.140807510071
1.0 62 71 1.28668393771 1.19742370505 0.0869778194278 0.0721183590555
1.0 63 72 1.28668393771 1.19434944143 0.246322769509 0.233788436857
1.0 64 73 1.28668393771 1.19434944143 0.306116884053 0.308111635462
1.0 65 74 1.28668393771 1.19434944143 0.131046493142 0.132659427416
1.0 x 75 1.28668393771 1.19434944143 -102.178659045 -17.1046972458
1.0 66 76 1.28668393771 1.19434944143 -0.233004644444 -0.244935503626
1.0 67 77 1.28668393771 1.19434944143 0.37364092951 0.381835038134
1.0 x 78 1.28668393771 1.19434944143 -102.03802276 -17.3329611346
1.0 x 79 1.28668393771 1.19434944143 -102.03802276 -18.4294688443
1.0 x 80 1.28668393771 1.19434944143 -102.03802276 -17.9636936724
1.0 x 81 1.30809445802 1.20964263075 -5.30627477944 -100.604555377
1.0 x 82 1.31656117721 1.22474487139 -5.30627477944 -110.377897929
1.0 x 83 1.30384048104 1.20659949981 -5.30627477944 -101.17948262
1.0 x 84 1.29957257931 1.20354867445 -5.30627477944 -110.397656438
1.0 x 85 1.29957257931 1.20354867445 -5.30627477944 -111.386846929
1.0 x 86 1.31233464567 1.21267812518 -5.30627477944 -100.44679365
1.0 x 87 1.30384048104 1.20659949981 -5.30627477944 -100.854540352
1.0 x 88 1.29957257931 1.20659949981 -5.30627477944 -110.337513499
1.0 x 89 1.30809445802 1.21267812518 -5.30627477944 -100.839130244
1.0 x 90 1.31233464567 1.21872643265 -5.30627477944 -100.678597893
1.0 x 91 1.28668393771 1.19434944143 -10.1366143081 -108.332719766
1.0 x 92 1.28668393771 1.19434944143 -10.1366143081 -93.6528050361
1.0 x 93 1.28668393771 1.19434944143 -10.1366143081 -93.94672517
1.0 x 94 1.28668393771 1.19434944143 -10.1366143081 -108.412429675
1.0 x 95 1.28668393771 1.19434944143 -10.1366143081 -108.989980647
1.0 x 96 1.28668393771 1.19434944143 -10.1366143081 -93.8697424868
1.0 x 97 1.28668393771 1.19434944143 -10.1366143081 -108.339773933
1.0 x 98 1.28668393771 1.19434944143 -10.1366143081 -108.821046767
1.0 x 99 1.28668393771 1.19434944143 -10.1366143081 -108.637348791
1.0 x 100 1.28668393771 1.19434944143 -10.1366143081 -94.1322546476
1.0 x 101 1.29957257931 1.20659949981 -7.40199221656 -97.8763264321
1.0 x 102 1.30384048104 1.20659949981 -7.40199221656 -98.3576368178
1.0 x 103 1.29957257931 1.20354867445 -7.40199221656 -97.8693255483
1.0 x 104 1.31233464567 1.21267812518 -7.40199221656 -109.054991881
1.0 x 105 1.30384048104 1.20659949981 -7.40199221656 -98.943734425
1.0 x 106 1.30809445802 1.20964263075 -7.40199221656 -98.4204040875
1.0 x 107 1.30384048104 1.20659949981 -7.40199221656 -108.282227674
1.0 x 108 1.29957257931 1.20354867445 -7.40199221656 -98.5235234742
1.0 x 109 1.30809445802 1.20964263075 -7.40199221656 -108.446945461
1.0 x 110 1.30809445802 1.21267812518 -7.40199221656 -98.9459263765
1.0 x 111 1.31233464567 1.21570604032 -7.40199221656 -108.31380176
1.0 x 112 1.29957257931 1.20354867445 -7.40199221656 -108.749670717
1.0 x 113 1.30384048104 1.20659949981 -7.40199221656 -109.320455386
1.0 x 114 1.30384048104 1.20659949981 -7.40199221656 -98.6688650738
1.0 x 115 1.30809445802 1.20964263075 -7.40199221656 -98.8213096504
1.0 x 116 1.30809445802 1.21267812518 -7.40199221656 -98.576864912
1.0 x 117 1.30809445802 1.20964263075 -7.40199221656 -108.622666496
1.0 x 118 1.30384048104 1.20964263075 -7.40199221656 -98.5405558812
1.0 x 119 1.30384048104 1.20659949981 -7.40199221656 -108.011885103
1.0 x 120 1.30384048104 1.20659949981 -7.40199221656 -107.98630864
1.0 x 121 1.31233464567 1.21570604032 -7.40199221656 -98.7870106222
1.0 x 122 1.30384048104 1.20659949981 -7.40199221656 -99.1960132937
1.0 x 123 1.29957257931 1.20354867445 -7.40199221656 -98.9669787745
1.0 x 124 1.29957257931 1.20354867445 -7.40199221656 -108.899052095
1.0 x 125 1.30384048104 1.20659949981 -7.40199221656 -98.5669635711
1.0 x 126 1.30384048104 1.20659949981 -7.40199221656 -98.7208563157
1.0 x 127 1.31233464567 1.21570604032 -7.40199221656 -99.0996878262
1.0 x 128 1.29957257931 1.20354867445 -7.40199221656 -98.5077561526
1.0 x 129 1.30809445802 1.20964263075 -7.40199221656 -108.527025756
1.0 x 130 1.30384048104 1.20659949981 -7.40199221656 -108.916300807
1.0 x 131 1.29957257931 1.20354867445 -7.40199221656 -108.704286098
1.0 x 132 1.30384048104 1.20659949981 -7.40199221656 -98.7311288671
1.0 x 133 1.29957257931 1.20354867445 -7.40199221656 -98.8414307997
1.0 x 134 1.30809445802 1.20964263075 -7.40199221656 -108.92374174
1.0 x 135 1.30809445802 1.20964263075 -7.40199221656 -108.37464256
1.0 x 136 1.30384048104 1.20659949981 -7.40199221656 -98.5756687217
1.0 x 137 1.30384048104 1.20659949981 -7.40199221656 -108.664177367
1.0 x 138 1.30384048104 1.20659949981 -7.40199221656 -98.3807522742
1.0 x 139 1.29957257931 1.20354867445 -7.40199221656 -98.2385668062
