1.94588771758 1 0 1.29957257931 1.20354867445 0.0721038320095 0.0689857457883
1.94588771758 2 1 1.30809445802 1.20964263075 21.5203607624 21.5185267825
1.94588771758 3 2 1.29957257931 1.20354867445 0.116555886357 0.13397412139
1.94588771758 4 3 1.29957257931 1.20354867445 0.454292880752 0.451815260535
1.94588771758 5 4 1.29529061518 1.200490096 -0.0106469142529 -0.0086932872543
1.94588771758 6 5 1.29529061518 1.200490096 -0.173675203954 -0.166326037924
1.94588771758 7 6 1.29099444874 1.19434944143 0.0992562499572 0.103498716883
1.94588771758 8 7 1.29099444874 1.200490096 -0.00269206768806 0.011493004123
1.94588771758 9 8 1.28668393771 1.19434944143 0.0662701231998 0.0484617725365
1.94588771758 10 9 1.29099444874 1.200490096 -0.0633942752725 -0.0589719826314
1.94588771758 11 10 1.29099444874 1.200490096 -0.0969503852911 -0.104016919551
1.94588771758 12 11 1.29099444874 1.200490096 0.102635289781 0.0930455006681
1.94588771758 13 12 1.29099444874 1.200490096 0.0701820242954 0.0652632372373
1.94588771758 14 13 1.28668393771 1.19742370505 0.00798303812201 0.0163615110328
1.94588771758 15 14 1.28668393771 1.19434944143 -0.170261634569 -0.165346736601
1.94588771758 16 15 1.28668393771 1.19742370505 -0.171423366101 -0.152515465513
1.94588771758 17 16 1.28668393771 1.19742370505 0.00795554927932 0.0117502060549
1.94588771758 18 17 1.28668393771 1.19742370505 0.0955010535335 0.0955474721189
1.94588771758 19 18 1.28668393771 1.19742370505 0.248123341045 0.241969592596
1.94588771758 20 19 1.28668393771 1.19742370505 -0.0551718272627 -0.0565749977451
1.94588771758 21 20 1.28668393771 1.19434944143 0.0419650075895 0.0262025055493
1.94588771758 22 21 1.28668393771 1.19434944143 -0.101343279434 -0.0946514827063
1.94588771758 23 22 1.28668393771 1.19434944143 0.0927684194828 0.0807495254808
1.94588771758 24 23 1.28668393771 1.19434944143 0.0809826180407 0.0840928174063
1.94588771758 25 24 1.28668393771 1.19434944143 0.355169114852 0.35300673627
1.94588771758 x 25 1.28668393771 1.19434944143 -53.5638651943 -0.229872384432
1.94588771758 26 26 1.28668393771 1.19434944143 0.111849646352 0.103886557883
1.94588771758 27 27 1.28668393771 1.19434944143 0.0444216159517 0.0487027797056
1.94588771758 28 28 1.28668393771 1.19434944143 -0.208907765133 -0.201302685096
1.94588771758 29 29 1.28668393771 1.19742370505 0.100077596035 0.099191799876
1.94588771758 30 30 1.28668393771 1.19434944143 0.113773385617 0.109976366098
1.94588771758 31 31 1.28668393771 1.19434944143 0.0486132630899 0.0554802340616
1.94588771758 32 32 1.28668393771 1.19434944143 -0.13562359765 -0.130065685355
1.94588771758 33 33 1.28668393771 1.19434944143 -0.167489658385 -0.158108152583
1.94588771758 34 34 1.28668393771 1.19742370505 0.0812752017317 0.0766408759491
1.94588771758 35 35 1.28668393771 1.19742370505 0.0932749249698 0.0883262512918
1.94588771758 x 36 1.28668393771 1.19742370505 -53.4826005817 -0.0785665583133
1.94588771758 36 37 1.28668393771 1.19434944143 0.151312063974 0.137711463923
1.94588771758 37 38 1.28668393771 1.19434944143 0.117070671072 0.112581643885
1.94588771758 38 39 1.28668393771 1.19434944143 -0.150913191517 -0.142576715803
1.94588771758 39 40 1.28668393771 1.19434944143 0.122383161532 0.128020330377
1.94588771758 40 41 1.28668393771 1.19434944143 -0.0985489918047 -0.112979813278
1.94588771758 41 42 1.28668393771 1.19434944143 0.0389572589083 0.0339003086858
1.94588771758 42 43 1.28668393771 1.19434944143 0.0408375705454 0.0394893292672
1.94588771758 43 44 1.28668393771 1.19434944143 -0.0857828210439 -0.0899979314943
1.94588771758 44 45 1.28668393771 1.19434944143 0.159768468331 0.154186093039
1.94588771758 45 46 1.28668393771 1.19434944143 -0.0120572231159 -0.0259551888927
1.94588771758 46 47 1.28668393771 1.19434944143 0.102442957369 0.115677449089
1.94588771758 47 48 1.28668393771 1.19434944143 -0.200796434177 -0.194836614924
1.94588771758 48 49 1.28668393771 1.19434944143 0.0352747697234 0.00595235474656
1.94588771758 49 50 1.28668393771 1.19434944143 0.00715990014461 0.00446217405786
1.94588771758 50 51 1.28668393771 1.19434944143 0.0897629254984 0.103507807619
1.94588771758 51 52 1.28668393771 1.19434944143 0.0741871144616 0.0722365664686
1.94588771758 52 53 1.28668393771 1.19434944143 -0.211313727538 -0.212761544598
1.94588771758 x 54 1.28668393771 1.19434944143 -53.3028561093 -0.152725567346
1.94588771758 x 55 1.28668393771 1.19434944143 -53.3028561093 -7.3229410979
1.94588771758 x 56 1.28668393771 1.19434944143 -53.3028561093 -7.45138201649
1.94588771758 53 57 1.28668393771 1.19434944143 -0.0181514931103 -0.024074364419
1.94588771758 54 58 1.28668393771 1.19434944143 0.0341366055938 0.0443367213593
1.94588771758 x 59 1.28668393771 1.19434944143 -53.2868709968 -7.34336824206
1.94588771758 x 60 1.28668393771 1.19434944143 -53.2868709968 -7.41970415359
1.94588771758 x 61 1.30809445802 1.21267812518 -5.30627477944 -54.3168568348
1.94588771758 x 62 1.30384048104 1.20659949981 -5.30627477944 -54.2106926648
1.94588771758 x 63 1.30384048104 1.20659949981 -5.30627477944 -54.4041735829
1.94588771758 x 64 1.29957257931 1.20354867445 -5.30627477944 -54.2454179971
1.94588771758 x 65 1.30809445802 1.20964263075 -5.30627477944 -54.1657752439
1.94588771758 x 66 1.30384048104 1.20659949981 -5.30627477944 -49.417379586
1.94588771758 x 67 1.30384048104 1.20659949981 -5.30627477944 -49.0671180292
1.94588771758 x 68 1.30809445802 1.20964263075 -5.30627477944 -54.3478480031
1.94588771758 x 69 1.29957257931 1.20354867445 -5.30627477944 -54.4557722197
1.94588771758 x 70 1.30809445802 1.20964263075 -5.30627477944 -49.1041928302
1.94588771758 x 71 1.30809445802 1.20964263075 -5.30627477944 -54.6895646953
1.94588771758 x 72 1.30384048104 1.20964263075 -5.30627477944 -49.134565595
1.94588771758 x 73 1.30384048104 1.20659949981 -5.30627477944 -49.1091514174
1.94588771758 x 74 1.30809445802 1.20964263075 -5.30627477944 -54.2836371671
1.94588771758 x 75 1.29957257931 1.20354867445 -5.30627477944 -53.9980180737
1.94588771758 x 76 1.30809445802 1.20964263075 -5.30627477944 -54.4895544305
1.94588771758 x 77 1.29957257931 1.20354867445 -5.30627477944 -54.1145758197
1.94588771758 x 78 1.30809445802 1.20964263075 -5.30627477944 -49.1812198618
1.94588771758 x 79 1.30384048104 1.20964263075 -5.30627477944 -54.7017087437
1.94588771758 x 80 1.30809445802 1.20964263075 -5.30627477944 -54.4540476213
1.94588771758 x 81 1.30809445802 1.20964263075 -5.30627477944 -54.2950005568
1.94588771758 x 82 1.31656117721 1.22474487139 -5.30627477944 -49.1303163737
1.94588771758 x 83 1.30384048104 1.20659949981 -5.30627477944 -49.4372645449
1.94588771758 x 84 1.29957257931 1.20354867445 -5.30627477944 -54.1746051836
1.94588771758 x 85 1.29957257931 1.20354867445 -5.30627477944 -54.6999346091
1.94588771758 x 86 1.31233464567 1.21267812518 -5.30627477944 -49.0632257714
1.94588771758 x 87 1.30384048104 1.20659949981 -5.30627477944 -49.2719054257
1.94588771758 x 88 1.29957257931 1.20659949981 -5.30627477944 -49.0231098715
1.94588771758 x 89 1.30809445802 1.21267812518 -5.30627477944 -54.6255718337
1.94588771758 x 90 1.31233464567 1.21872643265 -5.30627477944 -54.3288921763
1.94588771758 x 91 1.30809445802 1.21267812518 -5.30627477944 -49.1883917204
1.94588771758 x 92 1.29957257931 1.20354867445 -5.30627477944 -54.0254144031
1.94588771758 x 93 1.29957257931 1.20354867445 -5.30627477944 -54.3083590542
1.94588771758 x 94 1.30384048104 1.20659949981 -5.30627477944 -54.2887908069
1.94588771758 x 95 1.30809445802 1.20964263075 -5.30627477944 -49.2470948167
1.94588771758 x 96 1.30384048104 1.20659949981 -5.30627477944 -53.9564688409
1.94588771758 x 97 1.30809445802 1.20964263075 -5.30627477944 -49.2963071394
1.94588771758 x 98 1.30384048104 1.20659949981 -5.30627477944 -49.1683251135
1.94588771758 x 99 1.30384048104 1.20659949981 -5.30627477944 -54.4068707026
1.94588771758 x 100 1.30809445802 1.20964263075 -5.30627477944 -49.3146249418
1.94588771758 x 101 1.29957257931 1.20659949981 -5.30627477944 -54.042963621
1.94588771758 x 102 1.30384048104 1.20659949981 -5.30627477944 -49.0683887788
1.94588771758 x 103 1.29957257931 1.20354867445 -5.30627477944 -54.4207184905
1.94588771758 x 104 1.31233464567 1.21267812518 -5.30627477944 -54.5752457906
1.94588771758 x 105 1.30384048104 1.20659949981 -5.30627477944 -49.3745866082
1.94588771758 x 106 1.30809445802 1.20964263075 -5.30627477944 -54.0068655955
1.94588771758 x 107 1.30384048104 1.20659949981 -5.30627477944 -54.1707998042
1.94588771758 x 108 1.29957257931 1.20354867445 -5.30627477944 -54.2966529248
1.94588771758 x 109 1.30809445802 1.20964263075 -5.30627477944 -49.2083361676
1.94588771758 x 110 1.30809445802 1.21267812518 -5.30627477944 -54.1095795631
1.94588771758 x 111 1.31233464567 1.21872643265 -8.14659602344 -45.0046767161
1.94588771758 x 112 1.30384048104 1.20964263075 -8.14659602344 -44.8477282605
1.94588771758 x 113 1.30809445802 1.21267812518 -8.14659602344 -52.2716134001
1.94588771758 x 114 1.29957257931 1.20964263075 -8.14659602344 -44.7796358984
1.94588771758 x 115 1.30809445802 1.21267812518 -8.14659602344 -51.8789190218
1.94588771758 x 116 1.30384048104 1.20964263075 -8.14659602344 -44.8511342023
1.94588771758 x 117 1.30809445802 1.21267812518 -8.14659602344 -51.9001100378
1.94588771758 x 118 1.29957257931 1.20964263075 -8.14659602344 -51.8704951219
1.94588771758 x 119 1.30384048104 1.21267812518 -8.14659602344 -51.5837969127
1.94588771758 x 120 1.30384048104 1.21267812518 -8.14659602344 -44.5351007828
1.94588771758 x 121 1.28668393771 1.19434944143 -5.13605348167 -55.825640489
1.94588771758 x 122 1.28668393771 1.19434944143 -5.13605348167 -48.0178787716
1.94588771758 x 123 1.28668393771 1.19434944143 -5.13605348167 -47.8919530619
1.94588771758 x 124 1.28668393771 1.19434944143 -5.13605348167 -47.8342694506
1.94588771758 x 125 1.28668393771 1.19434944143 -5.13605348167 -47.6747772896
1.94588771758 x 126 1.28668393771 1.19434944143 -5.13605348167 -47.7534692475
1.94588771758 x 127 1.28668393771 1.19434944143 -5.13605348167 -55.9368174485
1.94588771758 x 128 1.28668393771 1.19434944143 -5.13605348167 -47.58275945
1.94588771758 x 129 1.28668393771 1.19434944143 -5.13605348167 -47.7200972419
1.94588771758 x 130 1.28668393771 1.19434944143 -5.13605348167 -47.8900615672
1.94588771758 x 131 1.29957257931 1.20964263075 -8.14659602344 -44.9088739534
1.94588771758 x 132 1.30384048104 1.21267812518 -8.14659602344 -44.8157393323
1.94588771758 x 133 1.29957257931 1.20659949981 -8.14659602344 -51.9760511221
1.94588771758 x 134 1.31233464567 1.21570604032 -8.14659602344 -52.0597098325
1.94588771758 x 135 1.31233464567 1.21570604032 -8.14659602344 -45.0195145706
1.94588771758 x 136 1.30809445802 1.21267812518 -8.14659602344 -44.6507686628
1.94588771758 x 137 1.31656117721 1.21872643265 -8.14659602344 -51.9171469314
1.94588771758 x 138 1.30384048104 1.20964263075 -8.14659602344 -44.6420928893
1.94588771758 x 139 1.29957257931 1.20659949981 -8.14659602344 -51.9656609808
1.94588771758 x 140 1.29957257931 1.20964263075 -8.14659602344 -52.1119741852
1.94588771758 x 141 1.28668393771 1.19434944143 -5.13605348167 -47.639355664
1.94588771758 x 142 1.28668393771 1.19434944143 -5.13605348167 -47.620056694
