3.78647900941 1 0 1.29957257931 1.20354867445 0.0370544668935 0.0339363806724
3.78647900941 2 1 1.30809445802 1.20964263075 78.0879339432 78.0860999633
3.78647900941 3 2 1.29957257931 1.20354867445 0.0598985672731 0.077316802306
3.78647900941 4 3 1.29957257931 1.20354867445 0.233463049614 0.230985429397
3.78647900941 5 4 1.29529061518 1.200490096 -0.00547149465858 -0.00351786765996
3.78647900941 6 5 1.29529061518 1.200490096 -0.0892524282801 -0.0819032622498
3.78647900941 7 6 1.29099444874 1.19434944143 0.05100821032 0.0552506772457
3.78647900941 8 7 1.29099444874 1.200490096 -0.00138346507033 0.0128016067407
3.78647900941 9 8 1.28668393771 1.19434944143 0.0340564990473 0.016248148384
3.78647900941 10 9 1.29099444874 1.200490096 -0.0325785885279 -0.0281562958868
3.78647900941 11 10 1.29099444874 1.200490096 -0.0498232166303 -0.0568897508898
3.78647900941 12 11 1.29099444874 1.200490096 0.0527447133018 0.0431549241889
3.78647900941 13 12 1.29099444874 1.200490096 0.0360668417101 0.031148054652
3.78647900941 14 13 1.28668393771 1.19742370505 0.00410251734975 0.0124809902605
3.78647900941 15 14 1.28668393771 1.19434944143 -0.0874981804093 -0.082583282442
3.78647900941 16 15 1.28668393771 1.19742370505 -0.0880951992002 -0.0691872986118
3.78647900941 17 16 1.28668393771 1.19742370505 0.0040883907162 0.00788304749183
3.78647900941 18 17 1.28668393771 1.19742370505 0.0490783988567 0.0491248174421
3.78647900941 19 18 1.28668393771 1.19742370505 0.127511643557 0.121357895108
3.78647900941 20 19 1.28668393771 1.19742370505 -0.0283530374155 -0.0297562078978
3.78647900941 21 20 1.28668393771 1.19434944143 0.0215659964398 0.00580349439957
3.78647900941 22 21 1.28668393771 1.19434944143 -0.0520807436722 -0.0453889469446
3.78647900941 23 22 1.28668393771 1.19434944143 0.0476740865595 0.0356551925575
3.78647900941 24 23 1.28668393771 1.19434944143 0.0416173129154 0.044727512281
3.78647900941 25 24 1.28668393771 1.19434944143 0.182522923416 0.180360544835
3.78647900941 26 25 1.28668393771 1.19434944143 -0.111765950825 -0.124154344303
3.78647900941 27 26 1.28668393771 1.19434944143 0.0558983199358 0.0478552346668
3.78647900941 28 27 1.28668393771 1.19434944143 0.0205724949038 0.0248383168302
3.78647900941 29 28 1.28668393771 1.19434944143 -0.103317908088 -0.0958674762279
3.78647900941 30 29 1.28668393771 1.19742370505 0.0431761254504 0.0424275906987
3.78647900941 31 30 1.28668393771 1.19742370505 0.0526722348795 0.0491741026385
3.78647900941 32 31 1.28668393771 1.19434944143 0.0214402856253 0.0282998069439
3.78647900941 33 32 1.28668393771 1.19434944143 -0.066705654605 -0.0611161157792
3.78647900941 34 33 1.28668393771 1.19742370505 -0.084821461191 -0.0750547429739
3.78647900941 35 34 1.28668393771 1.19742370505 0.0485679710511 0.0436226601368
3.78647900941 36 35 1.28668393771 1.19742370505 0.0399882055518 0.0350879293696
3.78647900941 37 36 1.28668393771 1.19742370505 -0.0391741286646 -0.045592318149
3.78647900941 38 37 1.28668393771 1.19434944143 0.0750225621739 0.0620467849515
3.78647900941 39 38 1.28668393771 1.19434944143 0.0541871952172 0.0498352545864
3.78647900941 40 39 1.28668393771 1.19434944143 -0.0767867419232 -0.068728810427
3.78647900941 41 40 1.28668393771 1.19434944143 0.0642754222395 0.0696617336278
3.78647900941 42 41 1.28668393771 1.19434944143 -0.035673961251 -0.0499179309861
3.78647900941 43 42 1.28668393771 1.19434944143 0.0139489849793 0.00923522505368
3.78647900941 44 43 1.28668393771 1.19434944143 0.0221846064081 0.0208874166229
3.78647900941 x 44 1.28668393771 1.19434944143 -27.5330102464 -0.0432580828753
3.78647900941 45 45 1.28668393771 1.19434944143 0.0905134817235 0.0852269522296
3.78647900941 46 46 1.28668393771 1.19434944143 -0.010791185687 -0.0246503992276
3.78647900941 47 47 1.28668393771 1.19434944143 0.0547710198504 0.0686917718174
3.78647900941 48 48 1.28668393771 1.19434944143 -0.102930591359 -0.0979873216765
3.78647900941 49 49 1.28668393771 1.19434944143 0.0185361097596 -0.0106353803244
3.78647900941 50 50 1.28668393771 1.19434944143 -0.00108519371246 -0.00398546745119
3.78647900941 51 51 1.28668393771 1.19434944143 0.0396034446056 0.053339219651
3.78647900941 x 52 1.28668393771 1.19434944143 -27.4443931612 -3.75352708771
3.78647900941 x 53 1.28668393771 1.19434944143 -27.4443931612 -0.0933227207316
3.78647900941 x 54 1.28668393771 1.19434944143 -27.4443931612 -3.74105103848
3.78647900941 52 55 1.28668393771 1.19434944143 0.00430344655693 -0.00136722498364
3.78647900941 x 56 1.28668393771 1.19742370505 -27.4400897147 -3.79514142739
3.78647900941 53 57 1.28668393771 1.19742370505 -0.0192174494714 -0.0253336733027
3.78647900941 54 58 1.29529061518 1.20354867445 0.0107253818102 0.0205243155181
3.78647900941 x 59 1.28668393771 1.19742370505 -27.4485817823 -3.72113991743
3.78647900941 55 60 1.29529061518 1.20354867445 -0.00215985854974 -0.0130203122741
3.78647900941 x 61 1.28668393771 1.19434944143 -10.1366143081 -17.3772611507
3.78647900941 x 62 1.28668393771 1.19434944143 -10.1366143081 -21.1440625567
3.78647900941 x 63 1.28668393771 1.19434944143 -10.1366143081 -17.3136135095
3.78647900941 x 64 1.28668393771 1.19434944143 -10.1366143081 -17.3167207231
3.78647900941 x 65 1.28668393771 1.19434944143 -10.1366143081 -21.1191840684
3.78647900941 x 66 1.28668393771 1.19434944143 -10.1366143081 -17.4796986516
3.78647900941 x 67 1.28668393771 1.19434944143 -10.1366143081 -17.3725863065
3.78647900941 x 68 1.28668393771 1.19434944143 -10.1366143081 -21.2192613398
3.78647900941 x 69 1.28668393771 1.19434944143 -10.1366143081 -21.2799237991
3.78647900941 x 70 1.28668393771 1.19434944143 -10.1366143081 -17.3523833004
3.78647900941 x 71 1.28668393771 1.19434944143 -10.1366143081 -21.4023022265
3.78647900941 x 72 1.28668393771 1.19434944143 -10.1366143081 -21.3490635804
3.78647900941 x 73 1.28668393771 1.19434944143 -10.1366143081 -17.3183590999
3.78647900941 x 74 1.28668393771 1.19434944143 -10.1366143081 -21.1857048574
3.78647900941 x 75 1.28668393771 1.19434944143 -10.1366143081 -17.4226267573
3.78647900941 x 76 1.28668393771 1.19434944143 -10.1366143081 -21.2970712352
3.78647900941 x 77 1.28668393771 1.19434944143 -10.1366143081 -17.2976265452
3.78647900941 x 78 1.28668393771 1.19434944143 -10.1366143081 -17.3709082359
3.78647900941 x 79 1.28668393771 1.19434944143 -10.1366143081 -21.4049549652
3.78647900941 x 80 1.28668393771 1.19434944143 -10.1366143081 -21.2725026393
3.78647900941 x 81 1.30809445802 1.20964263075 -7.40199221656 -23.1890151486
3.78647900941 x 82 1.31656117721 1.22474487139 -7.40199221656 -23.1246654036
3.78647900941 x 83 1.30384048104 1.20659949981 -7.40199221656 -20.6872596853
3.78647900941 x 84 1.29957257931 1.20354867445 -7.40199221656 -23.1218810364
3.78647900941 x 85 1.29957257931 1.20354867445 -7.40199221656 -20.6453506827
3.78647900941 x 86 1.31233464567 1.21267812518 -7.40199221656 -23.1576463631
3.78647900941 x 87 1.30384048104 1.20659949981 -7.40199221656 -20.6039110271
3.78647900941 x 88 1.29957257931 1.20659949981 -7.40199221656 -23.1039939088
3.78647900941 x 89 1.30809445802 1.21267812518 -7.40199221656 -20.617079543
3.78647900941 x 90 1.31233464567 1.21872643265 -7.40199221656 -23.2059956376
3.78647900941 x 91 1.30809445802 1.21267812518 -28.0274881558 -2.53875882311
3.78647900941 x 92 1.29957257931 1.20354867445 -28.0274881558 -2.4220916708
3.78647900941 56 93 1.29957257931 1.20354867445 0.0388786075277 0.0788342051033
3.78647900941 x 94 1.30384048104 1.20659949981 -27.9886095483 -2.62799216397
3.78647900941 x 95 1.30809445802 1.20964263075 -27.9886095483 -2.7847754535
3.78647900941 57 96 1.30384048104 1.20659949981 0.0228754312302 0.0295635122551
3.78647900941 58 97 1.30809445802 1.20964263075 -0.0366478798367 -0.0408769471919
3.78647900941 59 98 1.29957257931 1.20354867445 -2.47538438811 -2.47703902722
3.78647900941 60 99 1.30384048104 1.20659949981 2.63333614613 2.62075761177
3.78647900941 x 100 1.30809445802 1.20964263075 -27.8444302389 -2.6780569088
3.78647900941 61 101 1.29529061518 1.20354867445 0.220877545958 0.234857062318
3.78647900941 62 102 1.29529061518 1.20354867445 0.0731487277485 0.0764244174583
3.78647900941 x 103 1.29529061518 1.20354867445 -27.5504039652 -2.80428932191
3.78647900941 x 104 1.30384048104 1.21267812518 -27.5504039652 -2.88461824029
3.78647900941 x 105 1.29529061518 1.20354867445 -27.5504039652 -2.85278398989
3.78647900941 63 106 1.29529061518 1.20354867445 0.0469839667296 0.062048321483
3.78647900941 x 107 1.29957257931 1.20354867445 -27.5034199985 -2.55184887034
3.78647900941 x 108 1.29957257931 1.20659949981 -27.5034199985 -2.61484802041
3.78647900941 64 109 1.29957257931 1.20659949981 -0.0134176118632 -0.00142991184709
3.78647900941 65 110 1.31233464567 1.21267812518 -0.0840614171593 -0.0865827307182
3.78647900941 x 111 1.28668393771 1.19742370505 -5.88986504682 -25.1814741116
3.78647900941 x 112 1.28668393771 1.19434944143 -5.88986504682 -25.3103782923
3.78647900941 x 113 1.28668393771 1.19434944143 -5.88986504682 -21.7876442535
3.78647900941 x 114 1.28668393771 1.19434944143 -5.88986504682 -21.6742504886
3.78647900941 x 115 1.28668393771 1.19434944143 -5.88986504682 -25.255772404
3.78647900941 x 116 1.28668393771 1.19742370505 -5.88986504682 -21.6936024429
3.78647900941 x 117 1.28668393771 1.19434944143 -5.88986504682 -25.2664430206
3.78647900941 x 118 1.28668393771 1.19434944143 -5.88986504682 -25.2491868801
3.78647900941 x 119 1.28668393771 1.19434944143 -5.88986504682 -21.6128143162
3.78647900941 x 120 1.28668393771 1.19434944143 -5.88986504682 -25.0851001689
3.78647900941 x 121 1.28668393771 1.19434944143 -5.21341907422 -25.9741042997
3.78647900941 x 122 1.28668393771 1.19434944143 -5.21341907422 -22.5195539061
3.78647900941 x 123 1.28668393771 1.19434944143 -5.21341907422 -25.9279782832
3.78647900941 x 124 1.28668393771 1.19434944143 -5.21341907422 -26.092796553
3.78647900941 x 125 1.28668393771 1.19434944143 -5.21341907422 -22.3725650121
3.78647900941 x 126 1.28668393771 1.19434944143 -5.21341907422 -26.0188674015
3.78647900941 x 127 1.28668393771 1.19742370505 -5.21341907422 -22.5065904099
3.78647900941 x 128 1.28668393771 1.19434944143 -5.21341907422 -22.3487452157
3.78647900941 x 129 1.28668393771 1.19434944143 -5.21341907422 -22.3875749396
3.78647900941 x 130 1.28668393771 1.19434944143 -5.21341907422 -22.463744668
3.78647900941 x 131 1.29957257931 1.20354867445 -5.30627477944 -22.8020662069
3.78647900941 x 132 1.30384048104 1.20659949981 -5.30627477944 -22.7725274937
3.78647900941 x 133 1.29957257931 1.20354867445 -5.30627477944 -22.7991850727
3.78647900941 x 134 1.30809445802 1.20964263075 -5.30627477944 -25.4708218038
3.78647900941 x 135 1.30809445802 1.20964263075 -5.30627477944 -22.8313053748
3.78647900941 x 136 1.30384048104 1.20659949981 -5.30627477944 -25.3535461468
