1.39495079396 1 0 1.29957257931 1.20354867445 0.100581297709 0.0974632114882
1.39495079396 2 1 1.30809445802 1.20964263075 -0.0273436577175 -0.0291776376084
1.39495079396 3 2 1.29957257931 1.20354867445 0.162589726215 0.180007961248
1.39495079396 4 3 1.29957257931 1.20354867445 0.633716214696 0.63123859448
1.39495079396 5 4 1.29529061518 1.200490096 -0.0148519214903 -0.0128982944917
1.39495079396 6 5 1.29529061518 1.200490096 -0.242268363647 -0.234919197617
1.39495079396 7 6 1.29099444874 1.19434944143 0.138457584684 0.142700051609
1.39495079396 8 7 1.29099444874 1.200490096 -0.00375530195886 0.0104297698522
1.39495079396 9 8 1.28668393771 1.19434944143 0.0924435609735 0.0746352103102
1.39495079396 10 9 1.29099444874 1.200490096 -0.088431894624 -0.0840096019829
1.39495079396 11 10 1.29099444874 1.200490096 -0.135241016937 -0.142307551196
1.39495079396 12 11 1.29099444874 1.200490096 0.143171178969 0.133581389856
1.39495079396 13 12 1.29099444874 1.200490096 0.0979004705127 0.0929816834546
1.39495079396 14 13 1.28668393771 1.19742370505 0.0111359453665 0.0195144182773
1.39495079396 x 14 1.28668393771 1.19434944143 -75.3107850741 -0.232591704356
1.39495079396 15 15 1.29529061518 1.20354867445 -0.234670753311 -0.21579604961
1.39495079396 16 16 1.29529061518 1.20354867445 0.0162268380616 0.0199462947579
1.39495079396 17 17 1.29099444874 1.200490096 0.129155618654 0.129236478849
1.39495079396 18 18 1.28668393771 1.19742370505 0.352297557043 0.345925131772
1.39495079396 19 19 1.29099444874 1.200490096 -0.0915576170561 -0.0931968266629
1.39495079396 20 20 1.28668393771 1.19742370505 0.0609881489164 0.0448493249875
1.39495079396 21 21 1.28668393771 1.19742370505 -0.152041281261 -0.145501470839
1.39495079396 22 22 1.28668393771 1.19434944143 0.119316194903 0.107431345378
1.39495079396 23 23 1.28668393771 1.19434944143 0.110899882163 0.114032027818
1.39495079396 24 24 1.28668393771 1.19434944143 0.488987839858 0.486592889551
1.39495079396 25 25 1.28668393771 1.19434944143 -0.303696031616 -0.316270016552
1.39495079396 26 26 1.28668393771 1.19434944143 0.142952341367 0.134518090395
1.39495079396 27 27 1.28668393771 1.19434944143 0.059125981242 0.0635746244857
1.39495079396 28 28 1.28668393771 1.19434944143 -0.275790728625 -0.268245252437
1.39495079396 29 29 1.29099444874 1.200490096 0.123990168512 0.123256177051
1.39495079396 30 30 1.28668393771 1.19742370505 0.147038531087 0.143541846928
1.39495079396 31 31 1.28668393771 1.19742370505 0.0557280644253 0.0624271194016
1.39495079396 32 32 1.28668393771 1.19742370505 -0.185354972814 -0.179721125541
1.39495079396 33 33 1.28668393771 1.19742370505 -0.22547599953 -0.215775503559
1.39495079396 34 34 1.29099444874 1.200490096 0.128064539141 0.123180835401
1.39495079396 35 35 1.29099444874 1.200490096 0.111828974577 0.106716314652
1.39495079396 x 36 1.29099444874 1.200490096 -74.7327717783 -0.107472678115
1.39495079396 36 37 1.28668393771 1.19742370505 0.20077146453 0.187646540802
1.39495079396 37 38 1.28668393771 1.19742370505 0.168650176714 0.164023377487
1.39495079396 38 39 1.28668393771 1.19742370505 -0.205515124194 -0.19739724761
1.39495079396 39 40 1.28668393771 1.19434944143 0.183503957947 0.188859797337
1.39495079396 40 41 1.28668393771 1.19742370505 -0.10878916745 -0.123013981364
1.39495079396 41 42 1.28668393771 1.19742370505 0.0368321541762 0.0319465064099
1.39495079396 42 43 1.28668393771 1.19434944143 0.0614513222891 0.0602237934937
1.39495079396 43 44 1.28668393771 1.19434944143 -0.10989442048 -0.114702577438
1.39495079396 44 45 1.28668393771 1.19434944143 0.223573881669 0.21814441352
1.39495079396 45 46 1.28668393771 1.19434944143 -0.0156630407545 -0.0299450348573
1.39495079396 46 47 1.28668393771 1.19434944143 0.13337195375 0.147159665587
1.39495079396 47 48 1.28668393771 1.19434944143 -0.284982241768 -0.279225559252
1.39495079396 48 49 1.28668393771 1.19434944143 0.053620685341 0.0243612957037
1.39495079396 49 50 1.28668393771 1.19434944143 0.00588415392394 0.00319216884535
1.39495079396 x 51 1.28668393771 1.19434944143 -74.3899560227 -10.6426041227
1.39495079396 x 52 1.28668393771 1.19434944143 -74.3899560227 -10.8441877949
1.39495079396 x 53 1.28668393771 1.19434944143 -74.3899560227 -10.8288571697
1.39495079396 x 54 1.28668393771 1.19434944143 -74.3899560227 -10.7988789507
1.39495079396 50 55 1.28668393771 1.19434944143 0.0128934897018 0.0079562941238
1.39495079396 51 56 1.28668393771 1.19434944143 0.0172696845824 0.00963483342673
1.39495079396 52 57 1.28668393771 1.19742370505 -0.0628020848901 -0.0686153514798
1.39495079396 x 58 1.29099444874 1.200490096 -74.4225949333 -10.5492136642
1.39495079396 x 59 1.28668393771 1.19742370505 -74.4225949333 -11.2796384399
1.39495079396 53 60 1.28668393771 1.19742370505 -0.0176796800002 -0.0294077578055
1.39495079396 x 61 1.29099444874 1.200490096 -74.4402746133 -11.3197062495
1.39495079396 54 62 1.28668393771 1.19742370505 -0.0937766333894 -0.0861078753632
1.39495079396 55 63 1.28668393771 1.19742370505 0.196124923234 0.191516879378
1.39495079396 56 64 1.28668393771 1.19742370505 0.147648964719 0.158328018108
1.39495079396 57 65 1.28668393771 1.19742370505 0.297378221569 0.312229775535
1.39495079396 x 66 1.28668393771 1.19742370505 -73.8928991371 -11.0718693428
1.39495079396 x 67 1.28668393771 1.19742370505 -73.8928991371 -11.3864771294
1.39495079396 x 68 1.29099444874 1.200490096 -73.8928991371 -11.4702878414
1.39495079396 58 69 1.28668393771 1.19434944143 0.107951399883 0.0974123575819
1.39495079396 x 70 1.28668393771 1.19434944143 -73.7849477372 -11.849769138
1.39495079396 59 71 1.28668393771 1.19434944143 0.112293826916 0.095401694324
1.39495079396 60 72 1.28668393771 1.19434944143 0.199724868925 0.18654063725
1.39495079396 61 73 1.28668393771 1.19434944143 0.241271940575 0.242536795667
1.39495079396 62 74 1.28668393771 1.19434944143 0.112125646192 0.113672186372
1.39495079396 x 75 1.28668393771 1.19434944143 -73.1195314546 -12.5350419835
1.39495079396 63 76 1.28668393771 1.19434944143 -0.163960858117 -0.175689864561
1.39495079396 x 77 1.28668393771 1.19434944143 -73.2834923127 -12.7200922467
1.39495079396 64 78 1.28668393771 1.19434944143 -0.0169759706435 -0.00859371633281
1.39495079396 65 79 1.28668393771 1.19434944143 0.124780962241 0.114267464022
1.39495079396 x 80 1.28668393771 1.19434944143 -73.1756873212 -13.5027032269
1.39495079396 66 81 1.28668393771 1.19434944143 0.00128505495057 0.00139941525644
1.39495079396 x 82 1.28668393771 1.19742370505 -73.1744022662 -13.0375073314
1.39495079396 x 83 1.28668393771 1.19434944143 -73.1744022662 -12.9082681297
1.39495079396 x 84 1.28668393771 1.19434944143 -73.1744022662 -13.054169033
1.39495079396 x 85 1.28668393771 1.19434944143 -73.1744022662 -13.7734323596
1.39495079396 x 86 1.28668393771 1.19434944143 -73.1744022662 -13.1405091126
1.39495079396 67 87 1.28668393771 1.19434944143 -0.0750242442324 -0.0659334188299
1.39495079396 x 88 1.28668393771 1.19434944143 -73.2494265104 -12.7256980494
1.39495079396 x 89 1.28668393771 1.19434944143 -73.2494265104 -13.387330208
1.39495079396 x 90 1.28668393771 1.19742370505 -73.2494265104 -12.9788349439
1.39495079396 x 91 1.28668393771 1.19434944143 -73.2494265104 -12.8593495259
1.39495079396 68 92 1.28668393771 1.19434944143 0.384150415186 0.388067391807
1.39495079396 x 93 1.28668393771 1.19434944143 -72.8652760952 -12.8997437071
1.39495079396 69 94 1.28668393771 1.19434944143 -0.251200709193 -0.247736099193
1.39495079396 x 95 1.28668393771 1.19434944143 -73.1164768044 -12.9621023681
1.39495079396 x 96 1.28668393771 1.19434944143 -73.1164768044 -12.0892807254
1.39495079396 x 97 1.28668393771 1.19434944143 -73.1164768044 -12.4948254983
1.39495079396 70 98 1.28668393771 1.19434944143 -0.126899341812 -0.131363057598
1.39495079396 71 99 1.28668393771 1.19434944143 0.214419013376 0.200403286177
1.39495079396 x 100 1.28668393771 1.19434944143 -73.0289571329 -13.0535706858
1.39495079396 72 101 1.28668393771 1.19434944143 0.497906645632 0.512313216738
1.39495079396 73 102 1.28668393771 1.19434944143 0.0629058286739 0.0646201450279
1.39495079396 74 103 1.28668393771 1.19434944143 0.320991711211 0.30978972022
1.39495079396 75 104 1.28668393771 1.19434944143 -0.161845352116 -0.176420531349
1.39495079396 x 105 1.28668393771 1.19434944143 -72.3089982995 -13.8283871167
1.39495079396 x 106 1.28668393771 1.19434944143 -72.3089982995 -13.1163541264
1.39495079396 76 107 1.28668393771 1.19434944143 -0.160376938676 -0.158623064266
1.39495079396 77 108 1.28668393771 1.19434944143 0.0712699385304 0.0751580873029
1.39495079396 x 109 1.28668393771 1.19434944143 -72.3981052996 -13.0685390689
1.39495079396 x 110 1.28668393771 1.19434944143 -72.3981052996 -12.8598707671
1.39495079396 x 111 1.29099444874 1.200490096 -11.5166398233 -73.06117692
1.39495079396 x 112 1.28668393771 1.19742370505 -11.5166398233 -73.3785587208
1.39495079396 x 113 1.28668393771 1.19742370505 -11.5166398233 -73.7904340156
1.39495079396 x 114 1.28668393771 1.19742370505 -11.5166398233 -62.4331420536
1.39495079396 x 115 1.29099444874 1.200490096 -11.5166398233 -73.2564686257
1.39495079396 x 116 1.29099444874 1.200490096 -11.5166398233 -62.5122627635
1.39495079396 x 117 1.28668393771 1.19742370505 -11.5166398233 -62.3420249046
1.39495079396 x 118 1.28668393771 1.19742370505 -11.5166398233 -62.2863883397
1.39495079396 x 119 1.28668393771 1.19742370505 -11.5166398233 -72.8441301908
1.39495079396 x 120 1.28668393771 1.19742370505 -11.5166398233 -62.2528730279
1.39495079396 x 121 1.29529061518 1.20354867445 -11.5166398233 -73.16024781
1.39495079396 x 122 1.29099444874 1.200490096 -11.5166398233 -73.6517725374
1.39495079396 x 123 1.28668393771 1.19742370505 -11.5166398233 -73.0647539264
1.39495079396 x 124 1.28668393771 1.19742370505 -11.5166398233 -62.5758366169
1.39495079396 x 125 1.28668393771 1.19742370505 -11.5166398233 -62.3564775888
1.39495079396 x 126 1.28668393771 1.19742370505 -11.5166398233 -62.4786106588
1.39495079396 x 127 1.29529061518 1.20354867445 -11.5166398233 -73.3162223352
1.39495079396 x 128 1.28668393771 1.19742370505 -11.5166398233 -62.2755891532
1.39495079396 x 129 1.28668393771 1.19742370505 -11.5166398233 -73.2082753358
1.39495079396 x 130 1.28668393771 1.19742370505 -11.5166398233 -62.7183111847
