10.278085328 1 0 1.29957257931 1.20354867445 0.0136509823201 0.010532896099
10.278085328 2 1 1.30809445802 1.20964263075 -0.00371110531052 -0.00554508520146
10.278085328 3 2 1.29957257931 1.20354867445 0.0220668208557 0.0394850558887
10.278085328 4 3 1.29957257931 1.20354867445 0.0860085228547 0.0835309026381
10.278085328 5 4 1.29529061518 1.200490096 -0.00201571586668 -6.208886807e-05
10.278085328 6 5 1.29529061518 1.200490096 -0.0328808757114 -0.0255317096811
10.278085328 7 6 1.29099444874 1.19434944143 0.0187915853508 0.0230340522766
10.278085328 8 7 1.29099444874 1.200490096 -0.000509672889638 0.0136753989214
10.278085328 9 8 1.28668393771 1.19434944143 0.0125465215224 -0.00526182914091
10.278085328 10 9 1.29099444874 1.200490096 -0.0120020546318 -0.00757976199069
10.278085328 11 10 1.29099444874 1.200490096 -0.018355029943 -0.0254215642025
10.278085328 12 11 1.29099444874 1.200490096 0.019431318519 0.00984152940614
10.278085328 13 12 1.29099444874 1.200490096 0.0132871380916 0.00836835103353
10.278085328 14 13 1.28668393771 1.19742370505 0.00151138031402 0.0098898532248
10.278085328 15 14 1.28668393771 1.19434944143 -0.0322346052701 -0.0273197073029
10.278085328 16 15 1.28668393771 1.19742370505 -0.0324545488733 -0.0135466482849
10.278085328 17 16 1.28668393771 1.19742370505 0.00150617601773 0.00530083279335
10.278085328 18 17 1.28668393771 1.19742370505 0.0180806367291 0.0181270553145
10.278085328 19 18 1.28668393771 1.19742370505 0.0469756911306 0.0408219426819
10.278085328 20 19 1.28668393771 1.19742370505 -0.0104453482921 -0.0118485187744
10.278085328 21 20 1.28668393771 1.19434944143 0.00794498101838 -0.00781752102186
10.278085328 22 21 1.28668393771 1.19434944143 -0.0191867100161 -0.0124949132884
10.278085328 23 22 1.28668393771 1.19434944143 0.0175632836554 0.0055443896534
10.278085328 24 23 1.28668393771 1.19434944143 0.0153319491669 0.0184421485325
10.278085328 25 24 1.28668393771 1.19434944143 0.0672420199089 0.0650796413276
10.278085328 26 25 1.28668393771 1.19434944143 -0.0411749283316 -0.053563321809
10.278085328 27 26 1.28668393771 1.19434944143 0.0205931171365 0.0125500318674
10.278085328 28 27 1.28668393771 1.19434944143 0.00757897192313 0.0118447938496
10.278085328 29 28 1.28668393771 1.19434944143 -0.0380626427771 -0.0306122109166
10.278085328 30 29 1.28668393771 1.19742370505 0.0159062206149 0.0151576858632
10.278085328 31 30 1.28668393771 1.19742370505 0.01940461724 0.015906484999
10.278085328 32 31 1.28668393771 1.19434944143 0.00789866875836 0.014758190077
10.278085328 33 32 1.28668393771 1.19434944143 -0.0245745732702 -0.0189850344444
10.278085328 34 33 1.28668393771 1.19742370505 -0.0312484934788 -0.0214817752618
10.278085328 35 34 1.28668393771 1.19742370505 0.0178925935177 0.0129472826034
10.278085328 36 35 1.28668393771 1.19742370505 0.0147317808827 0.00983150470051
10.278085328 37 36 1.28668393771 1.19742370505 -0.0144318723932 -0.0208500618776
10.278085328 38 37 1.28668393771 1.19434944143 0.0276385482157 0.0146627709933
10.278085328 39 38 1.28668393771 1.19434944143 0.0199627334003 0.0156107927695
10.278085328 40 39 1.28668393771 1.19434944143 -0.0282884775923 -0.0202305460961
10.278085328 41 40 1.28668393771 1.19434944143 0.0236792680119 0.0290655794002
10.278085328 42 41 1.28668393771 1.19434944143 -0.013142399693 -0.0273863694281
10.278085328 43 42 1.28668393771 1.19434944143 0.0051388500038 0.000425090078132
10.278085328 44 43 1.28668393771 1.19434944143 0.00817287887923 0.00687568909409
10.278085328 45 44 1.28668393771 1.19434944143 -0.0142098839189 -0.0188964075549
10.278085328 46 45 1.28668393771 1.19434944143 0.0337719059249 0.0286082464149
10.278085328 47 46 1.28668393771 1.19434944143 -0.00218799616727 -0.0161234599264
10.278085328 48 47 1.28668393771 1.19434944143 0.019461211271 0.0333706776778
10.278085328 49 48 1.28668393771 1.19434944143 -0.0377513352544 -0.0327373297973
10.278085328 50 49 1.28668393771 1.19434944143 0.00769322979517 -0.0215110208344
10.278085328 51 50 1.28668393771 1.19434944143 -0.000143739768577 -0.0026148480314
10.278085328 52 51 1.28668393771 1.19434944143 0.0153446449954 0.0289131852401
10.278085328 x 52 1.28668393771 1.19434944143 -10.1212696631 -1.40741775612
10.278085328 x 53 1.28668393771 1.19434944143 -10.1212696631 -1.40549160497
10.278085328 53 54 1.28668393771 1.19434944143 -0.027694045585 -0.0366729564117
10.278085328 54 55 1.28668393771 1.19434944143 -0.000317320746666 -0.00582670991893
10.278085328 55 56 1.28668393771 1.19434944143 -1.38382118776 -1.39065856618
10.278085328 56 57 1.28668393771 1.19742370505 1.37958905477 1.37402633945
10.278085328 x 58 1.28668393771 1.19742370505 -10.1535131625 -1.32387457085
10.278085328 x 59 1.28668393771 1.19434944143 -10.1535131625 -1.43522561907
10.278085328 x 60 1.28668393771 1.19742370505 -10.1535131625 -1.45538750468
10.278085328 57 61 1.29099444874 1.200490096 0.00430987111351 0.00211291425335
10.278085328 58 62 1.28668393771 1.19742370505 -1.36453056646 -1.35598041982
10.278085328 59 63 1.28668393771 1.19742370505 -0.0110291597123 -0.0153009958022
10.278085328 60 64 1.28668393771 1.19742370505 0.0164726750435 0.026669438089
10.278085328 61 65 1.29099444874 1.200490096 1.42848513079 1.4426518132
10.278085328 x 66 1.29099444874 1.200490096 -10.0798052117 -1.33561312417
10.278085328 x 67 1.29099444874 1.200490096 -10.0798052117 -1.38582124436
10.278085328 62 68 1.29529061518 1.20354867445 0.00515553002305 0.00560197879665
10.278085328 63 69 1.28668393771 1.19742370505 -1.42432971218 -1.4345952772
10.278085328 64 70 1.28668393771 1.19742370505 -0.0176604294963 -0.0212157613418
10.278085328 x 71 1.28668393771 1.19742370505 -5.83219199668 -4.15292030817
10.278085328 x 72 1.28668393771 1.19434944143 -5.83219199668 -5.51556638093
10.278085328 x 73 1.28668393771 1.19434944143 -5.83219199668 -5.44499184616
10.278085328 x 74 1.28668393771 1.19742370505 -5.83219199668 -4.1331093352
10.278085328 x 75 1.28668393771 1.19434944143 -5.83219199668 -4.15100188664
10.278085328 x 76 1.28668393771 1.19742370505 -5.83219199668 -5.49579917132
10.278085328 x 77 1.28668393771 1.19434944143 -5.83219199668 -4.11254019228
10.278085328 x 78 1.28668393771 1.19742370505 -5.83219199668 -5.41180330428
10.278085328 x 79 1.28668393771 1.19434944143 -5.83219199668 -5.53410303108
10.278085328 x 80 1.28668393771 1.19742370505 -5.83219199668 -5.47528063014
10.278085328 x 81 1.28235893744 1.18817705157 -5.16802659326 -6.45131935889
10.278085328 x 82 1.28668393771 1.19126724418 -5.16802659326 -6.42285640756
10.278085328 x 83 1.28668393771 1.19434944143 -5.16802659326 -6.39760411783
10.278085328 x 84 1.28235893744 1.18817705157 -5.16802659326 -4.90138089926
10.278085328 x 85 1.28235893744 1.18817705157 -5.16802659326 -4.95861017578
10.278085328 x 86 1.28668393771 1.19126724418 -5.16802659326 -4.86148962336
10.278085328 x 87 1.28668393771 1.19434944143 -5.16802659326 -4.90848540518
10.278085328 x 88 1.28668393771 1.19434944143 -5.16802659326 -4.85737971205
10.278085328 x 89 1.28235893744 1.18817705157 -5.16802659326 -4.92629514434
10.278085328 x 90 1.28235893744 1.18817705157 -5.16802659326 -6.45269993077
10.278085328 x 91 1.28235893744 1.18817705157 -5.16802659326 -4.89724545934
10.278085328 x 92 1.28668393771 1.19126724418 -5.16802659326 -4.85605727709
10.278085328 x 93 1.28235893744 1.18817705157 -5.16802659326 -6.45670072235
10.278085328 x 94 1.28235893744 1.19126724418 -5.16802659326 -4.93304239576
10.278085328 x 95 1.28235893744 1.18817705157 -5.16802659326 -4.90099306969
10.278085328 x 96 1.28668393771 1.19434944143 -5.16802659326 -6.37998733597
10.278085328 x 97 1.28235893744 1.18817705157 -5.16802659326 -6.44630886832
10.278085328 x 98 1.28668393771 1.19434944143 -5.16802659326 -4.91789589597
10.278085328 x 99 1.28235893744 1.19126724418 -5.16802659326 -4.88991185973
10.278085328 x 100 1.28235893744 1.18817705157 -5.16802659326 -6.46349498659
10.278085328 x 101 1.29957257931 1.20659949981 -7.40199221656 -3.77367431779
10.278085328 65 102 1.30384048104 1.20659949981 -2.89717509338 -2.8395827708
10.278085328 66 103 1.29529061518 1.200490096 -0.99181173696 -1.00345733159
10.278085328 67 104 1.30384048104 1.20964263075 1.01326601424 0.997872071771
10.278085328 x 105 1.29957257931 1.20354867445 -10.2777130327 -1.09419909964
10.278085328 68 106 1.30809445802 1.20964263075 0.0180523286484 0.0321048245
10.278085328 x 107 1.30809445802 1.20964263075 -10.259660704 -0.97955118508
10.278085328 69 108 1.30384048104 1.21267812518 -1.00401441755 -1.00105014026
10.278085328 70 109 1.31233464567 1.21267812518 0.0153083290904 0.0266281701782
10.278085328 71 110 1.32077418374 1.22474487139 0.0444828454603 0.0413727419286
10.278085328 x 111 1.28235893744 1.18817705157 -5.16802659326 -6.48076699139
10.278085328 x 112 1.28668393771 1.19126724418 -5.16802659326 -4.97841362085
10.278085328 x 113 1.28235893744 1.18817705157 -5.16802659326 -6.60437314949
10.278085328 x 114 1.28235893744 1.18817705157 -5.16802659326 -4.97061916979
10.278085328 x 115 1.28235893744 1.19126724418 -5.16802659326 -4.98623442016
10.278085328 x 116 1.28235893744 1.18817705157 -5.16802659326 -6.56687393055
10.278085328 x 117 1.28668393771 1.19126724418 -5.16802659326 -6.51556512
10.278085328 x 118 1.28668393771 1.19434944143 -5.16802659326 -6.50555788277
10.278085328 x 119 1.28235893744 1.18817705157 -5.16802659326 -4.93780110048
10.278085328 x 120 1.28235893744 1.19126724418 -5.16802659326 -4.90684677399
10.278085328 72 121 1.29529061518 1.20354867445 -0.000980955900669 -0.0764031847735
