7.36806299728 1 0 1.29957257931 1.20354867445 0.0190424486258 0.0159243624047
7.36806299728 2 1 1.30809445802 1.20964263075 40.1297224079 40.127888428
7.36806299728 3 2 1.29957257931 1.20354867445 0.0307821292729 0.0482003643059
7.36806299728 4 3 1.29957257931 1.20354867445 0.119977657244 0.117500037027
7.36806299728 5 4 1.29529061518 1.200490096 -0.00281182444863 -0.00085819745002
7.36806299728 6 5 1.29529061518 1.200490096 -0.0458672036798 -0.0385180376495
7.36806299728 7 6 1.29099444874 1.19434944143 0.0262133369049 0.0304558038307
7.36806299728 8 7 1.29099444874 1.200490096 -0.000710968602062 0.013474103209
7.36806299728 9 8 1.28668393771 1.19434944143 0.0175017801591 -0.000306570504184
7.36806299728 10 9 1.29099444874 1.200490096 -0.0167422756378 -0.0123199829967
7.36806299728 11 10 1.29099444874 1.200490096 -0.0256043635921 -0.0326708978517
7.36806299728 12 11 1.29099444874 1.200490096 0.0271057331959 0.017515944083
7.36806299728 13 12 1.29099444874 1.200490096 0.0185349038304 0.0136161167723
7.36806299728 14 13 1.28668393771 1.19742370505 0.00210830116902 0.0104867740798
7.36806299728 15 14 1.28668393771 1.19434944143 -0.0449656882147 -0.0400507902474
7.36806299728 16 15 1.28668393771 1.19742370505 -0.0452724987184 -0.0263645981301
7.36806299728 17 16 1.28668393771 1.19742370505 0.00210104143177 0.0058956982074
7.36806299728 18 17 1.28668393771 1.19742370505 0.0252215985606 0.025268017146
7.36806299728 19 18 1.28668393771 1.19742370505 0.0655287776396 0.0593750291909
7.36806299728 20 19 1.28668393771 1.19742370505 -0.0145707468932 -0.0159739173756
7.36806299728 21 20 1.28668393771 1.19434944143 0.0110828575796 -0.00467964446064
7.36806299728 22 21 1.29099444874 1.200490096 -0.0308113441664 -0.0222435029253
7.36806299728 23 22 1.28668393771 1.19434944143 0.0214055715977 0.00945603163159
7.36806299728 24 23 1.28668393771 1.19434944143 0.0259047213932 0.0298111070685
7.36806299728 25 24 1.28668393771 1.19434944143 0.0909336251595 0.0883743696284
7.36806299728 26 25 1.28668393771 1.19126724418 -0.0548949180397 -0.0678256289753
7.36806299728 27 26 1.29099444874 1.200490096 0.037927115767 0.0300101385348
7.36806299728 28 27 1.28668393771 1.19434944143 0.0149350482446 0.0200213855271
7.36806299728 29 28 1.29099444874 1.200490096 -0.0572260757297 -0.0510385946678
7.36806299728 30 29 1.29099444874 1.19742370505 0.0235949506972 0.0228464737463
7.36806299728 31 30 1.28668393771 1.19434944143 0.0272664966944 0.0230102866652
7.36806299728 32 31 1.28668393771 1.19434944143 0.0089871974298 0.033165111301
7.36806299728 33 32 1.28668393771 1.19434944143 -0.040725740935 -0.0350565289828
7.36806299728 34 33 1.28668393771 1.19434944143 -0.038341056266 -0.0287708989237
7.36806299728 35 34 1.28668393771 1.19742370505 0.031966148522 0.0265204811462
7.36806299728 36 35 1.28668393771 1.19742370505 0.0187414752528 0.0145794902314
7.36806299728 37 36 1.28668393771 1.19742370505 -0.0150612726317 -0.0218207082901
7.36806299728 38 37 1.28668393771 1.19434944143 0.0317910908854 0.0181908927369
7.36806299728 39 38 1.28668393771 1.19434944143 0.0303606126332 0.0255370764083
7.36806299728 40 39 1.28668393771 1.19434944143 -0.0388004989061 -0.0300159071582
7.36806299728 41 40 1.28668393771 1.19434944143 0.035134372638 0.0404874878262
7.36806299728 42 41 1.29099444874 1.19742370505 -0.0197774031663 -0.0524450452325
7.36806299728 43 42 1.29099444874 1.19742370505 0.0117161141686 0.00739816948128
7.36806299728 44 43 1.28668393771 1.19434944143 0.015970215608 0.0164206848224
7.36806299728 45 44 1.28668393771 1.19434944143 -0.0198960023463 -0.0253750523977
7.36806299728 46 45 1.28668393771 1.19434944143 0.0460252766549 0.0419084268367
7.36806299728 47 46 1.28668393771 1.19742370505 0.00400822531665 -0.0107224468242
7.36806299728 48 47 1.29099444874 1.19742370505 0.0284461439688 0.0423840597244
7.36806299728 49 48 1.29099444874 1.19742370505 -0.0507455172386 -0.0450063989607
7.36806299728 50 49 1.28668393771 1.19434944143 0.018396426316 -0.010352448867
7.36806299728 51 50 1.28668393771 1.19434944143 0.000114971853806 -0.00235976859901
7.36806299728 52 51 1.28668393771 1.19434944143 0.0294465473247 0.114246983057
7.36806299728 x 52 1.28668393771 1.19434944143 -14.2055111259 -1.67177411922
7.36806299728 x 53 1.28668393771 1.19434944143 -14.2055111259 -1.66828823535
7.36806299728 53 54 1.28668393771 1.19434944143 -0.0388009906204 -0.0483864975143
7.36806299728 x 55 1.28668393771 1.19434944143 -14.2443121166 -1.61721677235
7.36806299728 54 56 1.28668393771 1.19434944143 -0.00229759803369 -0.00604823064399
7.36806299728 x 57 1.28668393771 1.19742370505 -14.2466097146 -1.66429640054
7.36806299728 55 58 1.28668393771 1.19434944143 0.00885749565297 0.0201053538939
7.36806299728 x 59 1.28668393771 1.19434944143 -14.2377522189 -1.63809539996
7.36806299728 56 60 1.28668393771 1.19434944143 0.00798854402464 -0.00281777582015
7.36806299728 57 61 1.28668393771 1.19434944143 0.00356554751251 0.00171229151291
7.36806299728 58 62 1.28668393771 1.19434944143 -0.0235174975628 -0.0167867583805
7.36806299728 x 63 1.28668393771 1.19434944143 -14.249715625 -1.61777723828
7.36806299728 x 64 1.28668393771 1.19434944143 -14.249715625 -1.56711690119
7.36806299728 59 65 1.28668393771 1.19434944143 -1.55721892409 -1.54330773184
7.36806299728 60 66 1.28668393771 1.19434944143 0.0716477119124 0.0818193726859
7.36806299728 61 67 1.28668393771 1.19434944143 0.0139467822032 0.0152464176487
7.36806299728 62 68 1.28668393771 1.19742370505 -0.00163106180998 -0.00154866710881
7.36806299728 63 69 1.28668393771 1.19434944143 1.52669018903 1.51684328605
7.36806299728 x 70 1.28668393771 1.19434944143 -14.1962809277 -1.57878074335
7.36806299728 64 71 1.28668393771 1.19434944143 -0.0156449367187 -0.0297338000941
7.36806299728 65 72 1.28668393771 1.19434944143 0.0201492621017 0.00754722228322
7.36806299728 66 73 1.28668393771 1.19434944143 0.0252258648792 0.0260656184024
7.36806299728 x 74 1.28668393771 1.19434944143 -14.1665507375 -1.70145485941
7.36806299728 x 75 1.28668393771 1.19434944143 -14.1665507375 -1.61607108343
7.36806299728 x 76 1.28668393771 1.19434944143 -14.1665507375 -1.76649508927
7.36806299728 67 77 1.28668393771 1.19434944143 0.0510659549545 0.0593586394835
7.36806299728 68 78 1.28668393771 1.19434944143 0.000304311778306 0.00883286540673
7.36806299728 x 79 1.28668393771 1.19434944143 -14.1151804707 -1.76088416621
7.36806299728 69 80 1.28668393771 1.19434944143 -0.00959815491172 -0.00528121125794
7.36806299728 70 81 1.28668393771 1.19434944143 0.0170449198498 0.01925503695
7.36806299728 71 82 1.29099444874 1.200490096 0.024199261383 0.0265215180184
7.36806299728 72 83 1.28668393771 1.19742370505 -0.0424611653096 -0.0277125301016
7.36806299728 73 84 1.28668393771 1.19434944143 -0.0213326693721 -0.0103982259617
7.36806299728 74 85 1.28668393771 1.19434944143 -0.0427449616868 -0.0640949547949
7.36806299728 75 86 1.28668393771 1.19434944143 0.0479749777287 0.0581843788903
7.36806299728 76 87 1.28668393771 1.19434944143 -0.0319076796936 -0.0217578237474
7.36806299728 x 88 1.28668393771 1.19434944143 -14.1740059427 -1.42609414422
7.36806299728 77 89 1.28668393771 1.19742370505 -0.00645851443541 -0.0213703478767
7.36806299728 x 90 1.29099444874 1.200490096 -14.1804644572 -1.54948447654
7.36806299728 x 91 1.28668393771 1.19742370505 -5.83219199668 -10.0179745006
7.36806299728 x 92 1.28668393771 1.19434944143 -5.83219199668 -8.16159375295
7.36806299728 x 93 1.28668393771 1.19434944143 -5.83219199668 -10.0425949747
7.36806299728 x 94 1.28668393771 1.19742370505 -5.83219199668 -8.24218244883
7.36806299728 x 95 1.28668393771 1.19742370505 -5.83219199668 -10.116703321
7.36806299728 x 96 1.28668393771 1.19434944143 -5.83219199668 -8.18578558319
7.36806299728 x 97 1.28668393771 1.19742370505 -5.83219199668 -8.22817264717
7.36806299728 x 98 1.28668393771 1.19742370505 -5.83219199668 -10.0882335293
7.36806299728 x 99 1.28668393771 1.19434944143 -5.83219199668 -8.2029516225
7.36806299728 x 100 1.28668393771 1.19742370505 -5.83219199668 -10.0492510095
7.36806299728 x 101 1.28668393771 1.19434944143 -5.83219199668 -9.95503571982
7.36806299728 x 102 1.28668393771 1.19434944143 -5.83219199668 -10.0151291105
7.36806299728 x 103 1.28668393771 1.19434944143 -5.83219199668 -10.0695714345
7.36806299728 x 104 1.28668393771 1.19742370505 -5.83219199668 -10.1174418884
7.36806299728 x 105 1.28668393771 1.19434944143 -5.83219199668 -8.25525094481
7.36806299728 x 106 1.28668393771 1.19742370505 -5.83219199668 -8.19490779264
7.36806299728 x 107 1.28668393771 1.19434944143 -5.83219199668 -8.23994041016
7.36806299728 x 108 1.28668393771 1.19434944143 -5.83219199668 -8.2016629441
7.36806299728 x 109 1.28668393771 1.19742370505 -5.83219199668 -10.0137795692
7.36806299728 x 110 1.28668393771 1.19742370505 -5.83219199668 -9.98166385841
7.36806299728 x 111 1.28668393771 1.19434944143 -10.1366143081 -6.03207969652
7.36806299728 x 112 1.28668393771 1.19434944143 -10.1366143081 -4.13245670968
7.36806299728 x 113 1.28668393771 1.19434944143 -10.1366143081 -6.19229737032
7.36806299728 x 114 1.28668393771 1.19434944143 -10.1366143081 -4.11981321477
7.36806299728 78 115 1.28668393771 1.19434944143 -4.03086937743 -4.13415845105
7.36806299728 79 116 1.28668393771 1.19434944143 -0.00978891807235 -0.0225147378189
7.36806299728 80 117 1.28668393771 1.19434944143 0.0127081164353 0.0124439104458
7.36806299728 x 118 1.28668393771 1.19434944143 -14.1645644872 -1.9843695412
7.36806299728 81 119 1.28668393771 1.19434944143 0.0257235522342 0.0344240563247
7.36806299728 82 120 1.28668393771 1.19434944143 0.0352211585282 0.0532484240825
7.36806299728 x 121 1.29099444874 1.200490096 -7.99402974901 -6.03002554495
7.36806299728 x 122 1.29099444874 1.200490096 -7.99402974901 -7.54346013833
7.36806299728 x 123 1.29099444874 1.200490096 -7.99402974901 -7.41842546667
7.36806299728 x 124 1.29099444874 1.200490096 -7.99402974901 -7.51243551025
7.36806299728 x 125 1.28668393771 1.19434944143 -7.99402974901 -7.43781190738
7.36806299728 x 126 1.28668393771 1.19742370505 -7.99402974901 -7.47190525006
