0.81818 1.00000 0.25000 0.72500 0.41312 1.00000 1.00000 0.74257 0.00000 0.37097 1.00000 0.00000 0.85714 0.00000
0.87013 1.00000 1.00000 0.80000 0.50709 0.00000 1.00000 0.53465 1.00000 0.24194 0.66667 1.00000 0.42857 1.00000
0.87013 1.00000 1.00000 0.60000 0.40603 0.00000 1.00000 0.63861 1.00000 0.41935 0.66667 0.66667 1.00000 1.00000
0.48052 1.00000 0.75000 0.65000 0.44326 0.00000 0.00000 0.92574 0.00000 0.56452 1.00000 0.00000 0.42857 0.00000
0.53247 0.00000 0.50000 0.65000 0.36170 0.00000 1.00000 0.85149 0.00000 0.22581 0.33333 0.00000 0.42857 0.00000
0.72727 1.00000 0.50000 0.60000 0.41844 0.00000 0.00000 0.88119 0.00000 0.12903 0.33333 0.00000 0.42857 0.00000
0.80519 0.00000 1.00000 0.70000 0.47518 0.00000 1.00000 0.79208 0.00000 0.58065 1.00000 0.66667 0.42857 1.00000
0.74026 0.00000 1.00000 0.60000 0.62766 0.00000 0.00000 0.80693 1.00000 0.09677 0.33333 0.00000 0.42857 0.00000
0.81818 1.00000 1.00000 0.65000 0.45035 0.00000 1.00000 0.72772 0.00000 0.22581 0.66667 0.33333 1.00000 1.00000
0.68831 1.00000 1.00000 0.70000 0.35993 1.00000 1.00000 0.76733 1.00000 0.50000 1.00000 0.00000 1.00000 1.00000
0.74026 1.00000 1.00000 0.70000 0.34043 0.00000 0.00000 0.73267 0.00000 0.06452 0.66667 0.00000 0.85714 0.00000
0.72727 0.00000 0.50000 0.70000 0.52128 0.00000 1.00000 0.75743 0.00000 0.20968 0.66667 0.00000 0.42857 0.00000
0.72727 1.00000 0.75000 0.65000 0.45390 1.00000 1.00000 0.70297 1.00000 0.09677 0.66667 0.33333 0.85714 1.00000
0.57143 1.00000 0.50000 0.60000 0.46631 0.00000 0.00000 0.85644 0.00000 0.00000 0.33333 0.00000 1.00000 0.00000
0.67532 1.00000 0.75000 0.86000 0.35284 1.00000 0.00000 0.80198 0.00000 0.08065 0.33333 0.00000 1.00000 0.00000
0.74026 1.00000 0.75000 0.75000 0.29787 0.00000 0.00000 0.86139 0.00000 0.25806 0.33333 0.00000 0.42857 0.00000
0.62338 1.00000 0.50000 0.55000 0.40603 0.00000 0.00000 0.83168 0.00000 0.16129 1.00000 0.00000 1.00000 1.00000
0.70130 1.00000 1.00000 0.70000 0.42376 0.00000 0.00000 0.79208 0.00000 0.19355 0.33333 0.00000 0.42857 0.00000
0.62338 0.00000 0.75000 0.65000 0.48759 0.00000 0.00000 0.68812 0.00000 0.03226 0.33333 0.00000 0.42857 0.00000
0.63636 1.00000 0.50000 0.65000 0.47163 0.00000 0.00000 0.84653 0.00000 0.09677 0.33333 0.00000 0.42857 0.00000
0.83117 1.00000 0.25000 0.55000 0.37411 0.00000 1.00000 0.71287 1.00000 0.29032 0.66667 0.00000 0.42857 0.00000
0.75325 0.00000 0.25000 0.75000 0.50177 1.00000 1.00000 0.80198 0.00000 0.16129 0.33333 0.00000 0.42857 0.00000
0.75325 1.00000 0.50000 0.60000 0.50355 0.00000 1.00000 0.79208 0.00000 0.29032 0.66667 0.00000 0.42857 1.00000
0.75325 1.00000 0.75000 0.66000 0.39716 0.00000 1.00000 0.85644 0.00000 0.51613 0.33333 0.66667 1.00000 1.00000
0.77922 1.00000 1.00000 0.65000 0.36525 0.00000 1.00000 0.65347 1.00000 0.38710 0.66667 0.66667 1.00000 1.00000
0.64935 0.00000 0.75000 0.60000 0.38830 0.00000 0.00000 0.78218 0.00000 0.25806 0.66667 0.00000 0.42857 0.00000
0.75325 0.00000 0.75000 0.60000 0.60284 0.00000 0.00000 0.85149 0.00000 0.00000 0.33333 0.00000 0.42857 0.00000
0.85714 0.00000 0.25000 0.75000 0.40071 0.00000 0.00000 0.56436 0.00000 0.41935 1.00000 0.00000 0.42857 0.00000
0.55844 1.00000 1.00000 0.75000 0.43794 0.00000 0.00000 0.84653 0.00000 0.24194 0.33333 0.00000 0.42857 0.00000
0.51948 1.00000 1.00000 0.55000 0.29610 0.00000 1.00000 0.56436 1.00000 0.32258 0.66667 0.00000 1.00000 1.00000
0.89610 0.00000 0.25000 0.70000 0.42376 0.00000 0.00000 0.74752 0.00000 0.29032 0.33333 0.66667 0.42857 0.00000
0.77922 1.00000 1.00000 0.58500 0.40780 1.00000 0.00000 0.79208 1.00000 0.22581 0.33333 0.66667 1.00000 1.00000
0.83117 1.00000 0.75000 0.70000 0.59397 0.00000 0.00000 0.78218 0.00000 0.00000 0.33333 0.00000 0.42857 1.00000
0.76623 1.00000 1.00000 0.67500 0.41489 0.00000 0.00000 0.79703 0.00000 0.08065 0.66667 0.00000 1.00000 0.00000
0.57143 1.00000 0.75000 0.65000 0.41312 0.00000 0.00000 0.88614 1.00000 0.06452 0.33333 0.00000 0.42857 0.00000
0.54545 1.00000 1.00000 0.70000 0.40071 0.00000 0.00000 0.88119 0.00000 0.00000 0.33333 0.00000 0.42857 0.00000
0.55844 1.00000 1.00000 0.60000 0.31383 0.00000 1.00000 0.59406 1.00000 0.40323 0.66667 0.00000 1.00000 1.00000
0.74026 1.00000 1.00000 0.75000 0.48936 0.00000 1.00000 0.55446 1.00000 0.09677 0.66667 0.33333 0.85714 1.00000
0.71429 1.00000 1.00000 0.66000 0.62589 0.00000 0.00000 0.65347 1.00000 0.19355 0.66667 0.33333 1.00000 1.00000
0.79221 1.00000 0.75000 0.75000 0.43085 1.00000 0.00000 0.67822 1.00000 0.16129 0.66667 0.00000 0.42857 0.00000
0.84416 0.00000 1.00000 0.75000 0.39894 0.00000 1.00000 0.56436 0.00000 0.16129 0.66667 1.00000 1.00000 1.00000
0.51948 1.00000 0.25000 0.70000 0.35284 0.00000 0.00000 0.88119 1.00000 0.22581 0.33333 0.00000 1.00000 0.00000
0.92208 0.00000 0.50000 0.80000 0.53546 0.00000 0.00000 0.80198 0.00000 0.06452 0.33333 0.66667 0.42857 0.00000
0.76623 1.00000 0.75000 0.75000 0.37589 1.00000 0.00000 0.77723 0.00000 0.25806 0.33333 0.00000 0.42857 0.00000
0.79221 0.00000 1.00000 0.65000 0.58511 0.00000 1.00000 0.83663 0.00000 0.00000 0.33333 0.00000 0.42857 1.00000
0.75325 1.00000 0.75000 0.56000 0.40780 0.00000 1.00000 0.81683 0.00000 0.40323 0.66667 0.33333 1.00000 1.00000
0.66234 1.00000 0.75000 0.55000 0.31028 0.00000 0.00000 0.60891 0.00000 0.09677 0.33333 0.00000 0.42857 0.00000
0.64935 1.00000 1.00000 0.75000 0.43085 0.00000 1.00000 0.63366 0.00000 0.41935 0.66667 0.00000 1.00000 1.00000
0.84416 0.00000 0.75000 0.70000 0.73936 1.00000 1.00000 0.77723 0.00000 0.12903 0.33333 0.33333 0.42857 0.00000
0.68831 1.00000 0.75000 0.65000 0.34929 1.00000 1.00000 0.75248 0.00000 0.19355 1.00000 0.00000 0.42857 0.00000
0.53247 0.00000 0.50000 0.52500 0.35106 0.00000 0.00000 0.83168 0.00000 0.00000 0.33333 0.33333 0.42857 0.00000
0.84416 1.00000 1.00000 0.60000 0.31383 0.00000 0.00000 0.69307 0.00000 0.06452 0.33333 0.00000 1.00000 0.00000
0.57143 1.00000 1.00000 0.56000 0.51418 0.00000 1.00000 0.75743 0.00000 0.00000 0.33333 0.33333 0.42857 1.00000
0.57143 1.00000 0.50000 0.65000 0.38830 0.00000 1.00000 0.93069 0.00000 0.00000 0.33333 0.00000 0.42857 0.00000
0.77922 1.00000 1.00000 0.65000 0.44858 0.00000 0.00000 0.71287 1.00000 0.22581 0.33333 0.33333 1.00000 1.00000
0.70130 1.00000 1.00000 0.62000 0.47163 0.00000 1.00000 0.53960 1.00000 0.35484 0.66667 0.33333 1.00000 1.00000
0.64935 1.00000 0.75000 0.70000 0.41312 0.00000 0.00000 0.80693 0.00000 0.09677 0.66667 0.33333 1.00000 1.00000
0.53247 1.00000 1.00000 0.55000 0.30496 0.00000 1.00000 0.78218 0.00000 0.00000 0.33333 0.00000 1.00000 1.00000
0.70130 1.00000 0.75000 0.62500 0.48404 0.00000 1.00000 0.75248 0.00000 0.08065 1.00000 0.33333 0.42857 0.00000
0.66234 1.00000 0.25000 0.62500 0.37766 0.00000 1.00000 0.61881 1.00000 0.22581 0.33333 0.33333 0.42857 0.00000
0.66234 0.00000 1.00000 0.65000 0.54078 0.00000 0.00000 0.70297 1.00000 0.19355 0.66667 0.00000 1.00000 1.00000
0.59740 0.00000 0.75000 0.71000 0.31383 0.00000 1.00000 0.79208 1.00000 0.22581 1.00000 0.00000 0.42857 0.00000
0.75325 1.00000 1.00000 0.64000 0.38298 0.00000 1.00000 0.64851 1.00000 0.35484 0.66667 1.00000 1.00000 1.00000
0.70130 0.00000 0.75000 0.67500 0.53901 1.00000 0.00000 0.84158 0.00000 0.00000 0.33333 0.00000 0.42857 0.00000
0.70130 1.00000 1.00000 0.60000 0.33333 0.00000 0.00000 0.55941 0.00000 0.22581 0.66667 0.33333 1.00000 1.00000
0.77922 1.00000 1.00000 0.72500 0.50000 0.00000 1.00000 0.70297 1.00000 0.45161 0.66667 0.66667 1.00000 1.00000
0.77922 1.00000 0.75000 0.70000 0.32801 0.00000 1.00000 0.76733 0.00000 0.48387 0.66667 0.00000 0.42857 1.00000
0.70130 1.00000 0.75000 0.75000 0.41135 0.00000 1.00000 0.81683 0.00000 0.25806 0.33333 0.00000 1.00000 0.00000
0.76623 1.00000 1.00000 0.85000 0.57801 0.00000 1.00000 0.69307 1.00000 0.54839 1.00000 0.00000 1.00000 1.00000
0.59740 1.00000 0.75000 0.75000 0.40957 0.00000 0.00000 0.72772 0.00000 0.58065 0.66667 0.00000 0.42857 1.00000
0.84416 0.00000 0.75000 0.77500 0.47695 0.00000 0.00000 0.73267 0.00000 0.12903 0.33333 0.00000 0.42857 0.00000
0.87013 1.00000 1.00000 0.62500 0.45035 1.00000 0.00000 0.80693 0.00000 0.03226 0.66667 0.66667 1.00000 1.00000
0.80519 1.00000 1.00000 0.60000 0.47340 0.00000 0.00000 0.49010 1.00000 0.29032 0.66667 0.66667 1.00000 1.00000
0.84416 1.00000 1.00000 0.55000 0.43972 0.00000 1.00000 0.78218 0.00000 0.09677 0.33333 0.66667 0.85714 1.00000
0.57143 1.00000 1.00000 0.55000 0.34929 0.00000 1.00000 0.87624 0.00000 0.00000 0.33333 0.33333 0.42857 1.00000
0.84416 0.00000 0.75000 0.80000 0.63830 0.00000 1.00000 0.74752 0.00000 0.12903 0.33333 0.00000 0.42857 0.00000
0.77922 1.00000 1.00000 0.62500 0.45745 0.00000 1.00000 0.69802 1.00000 0.45161 0.66667 0.33333 1.00000 1.00000
0.66234 0.00000 0.75000 0.70000 0.54610 0.00000 1.00000 0.70297 0.00000 0.24194 0.33333 0.33333 0.42857 0.00000
0.62338 1.00000 0.50000 0.65000 0.43440 0.00000 1.00000 0.89109 0.00000 0.03226 0.66667 0.00000 0.42857 0.00000
0.75325 1.00000 1.00000 0.75000 0.47872 0.00000 1.00000 0.54950 1.00000 0.12903 0.33333 0.00000 1.00000 1.00000
0.58442 1.00000 1.00000 0.52000 0.36879 0.00000 1.00000 0.73267 1.00000 0.48387 0.66667 0.00000 0.42857 0.00000
0.68831 0.00000 1.00000 0.65000 0.46809 0.00000 1.00000 0.70792 0.00000 0.06452 0.66667 0.00000 0.42857 0.00000
0.50649 1.00000 0.75000 0.70000 0.56915 0.00000 1.00000 0.90099 0.00000 0.00000 0.33333 0.00000 0.42857 0.00000
0.88312 1.00000 0.75000 0.90000 0.48582 1.00000 1.00000 0.74257 1.00000 0.25806 0.66667 0.00000 1.00000 1.00000
0.67532 1.00000 0.50000 0.60000 0.57624 0.00000 0.00000 0.85149 0.00000 0.03226 0.33333 0.00000 0.42857 0.00000
0.57143 1.00000 0.75000 0.70000 0.41667 0.00000 1.00000 0.89109 0.00000 0.00000 0.33333 0.00000 0.42857 0.00000
0.61039 1.00000 0.75000 0.69000 0.45567 0.00000 1.00000 0.77228 0.00000 0.00000 0.33333 0.00000 0.42857 0.00000
0.68831 0.00000 0.75000 0.64000 0.38298 0.00000 1.00000 0.56931 0.00000 0.00000 0.33333 0.00000 0.00000 0.00000
0.68831 0.00000 1.00000 0.69000 0.41489 0.00000 1.00000 0.79208 0.00000 0.00000 0.33333 0.00000 0.42857 0.00000
0.66234 0.00000 0.75000 0.65000 0.45390 0.00000 1.00000 0.73762 0.00000 0.08065 0.33333 0.00000 0.42857 0.00000
0.85714 1.00000 1.00000 0.60000 0.53546 0.00000 1.00000 0.74752 0.00000 0.06452 0.66667 0.00000 0.42857 0.00000
0.80519 0.00000 1.00000 0.80000 0.29078 0.00000 1.00000 0.71782 0.00000 1.00000 1.00000 1.00000 1.00000 1.00000
0.80519 1.00000 0.75000 0.65000 0.40957 0.00000 0.00000 0.72277 0.00000 0.29032 0.66667 1.00000 1.00000 0.00000
0.57143 0.00000 0.75000 0.54000 0.25000 0.00000 0.00000 0.86634 0.00000 0.09677 0.66667 0.00000 0.42857 0.00000
0.81818 0.00000 0.75000 0.67500 0.44681 0.00000 1.00000 0.85149 0.00000 0.00000 0.33333 0.00000 0.42857 0.00000
0.67532 1.00000 1.00000 0.64000 0.45213 0.00000 0.00000 0.79703 1.00000 0.00000 0.33333 0.33333 1.00000 1.00000
0.76623 1.00000 1.00000 0.55000 0.42376 0.00000 1.00000 0.70297 1.00000 0.19355 0.66667 0.33333 1.00000 1.00000
0.77922 0.00000 1.00000 0.75000 0.45745 0.00000 1.00000 0.77723 0.00000 0.41935 0.66667 0.66667 1.00000 1.00000
0.67532 1.00000 0.50000 0.67000 0.35638 0.00000 0.00000 0.78218 0.00000 0.12903 0.33333 0.33333 0.42857 0.00000
0.62338 1.00000 1.00000 0.61000 0.39362 0.00000 1.00000 0.92079 0.00000 0.00000 0.33333 0.00000 0.42857 0.00000
0.58442 1.00000 1.00000 0.57500 0.46099 0.00000 1.00000 0.91584 0.00000 0.00000 0.33333 0.00000 0.42857 0.00000
0.44156 1.00000 0.25000 0.59000 0.32270 0.00000 1.00000 0.86139 0.00000 0.00000 0.33333 0.00000 0.42857 0.00000
0.74026 0.00000 1.00000 0.64000 0.53723 0.00000 1.00000 0.78713 0.00000 0.00000 0.33333 0.33333 0.42857 0.00000
0.92208 0.00000 0.75000 0.55000 0.46986 1.00000 1.00000 0.64356 0.00000 0.00000 0.33333 0.33333 0.42857 0.00000
0.63636 1.00000 0.75000 0.60000 0.33333 0.00000 0.00000 0.68812 0.00000 0.32258 0.66667 1.00000 1.00000 1.00000
0.70130 1.00000 0.50000 0.54000 0.54787 0.00000 0.00000 0.77228 0.00000 0.00000 0.33333 0.00000 1.00000 0.00000
0.76623 1.00000 1.00000 0.70000 0.31383 0.00000 0.00000 0.80198 1.00000 0.00000 0.33333 0.33333 1.00000 1.00000
0.74026 1.00000 0.75000 0.64000 0.40603 0.00000 1.00000 0.74257 0.00000 0.06452 0.66667 0.33333 1.00000 1.00000
0.79221 1.00000 1.00000 0.60000 0.46099 0.00000 0.00000 0.69307 1.00000 0.58065 0.66667 0.33333 1.00000 1.00000
0.50649 1.00000 1.00000 0.59000 0.38830 0.00000 0.00000 0.69307 0.00000 0.19355 0.66667 0.00000 1.00000 1.00000
0.79221 0.00000 1.00000 0.72500 0.54433 0.00000 1.00000 0.72277 1.00000 0.16129 0.66667 0.00000 1.00000 1.00000
0.72727 1.00000 1.00000 0.62500 0.44149 1.00000 1.00000 0.71287 1.00000 0.19355 0.66667 0.33333 0.42857 1.00000
0.67532 1.00000 0.25000 0.59000 0.32979 0.00000 1.00000 0.94059 0.00000 0.00000 0.66667 0.00000 0.85714 0.00000
0.55844 0.00000 1.00000 0.66000 0.60461 1.00000 1.00000 0.67327 1.00000 0.48387 0.66667 0.00000 1.00000 1.00000
0.80519 0.00000 0.75000 0.65000 0.46631 0.00000 0.00000 0.48020 0.00000 0.19355 0.66667 0.33333 1.00000 1.00000
0.53247 1.00000 0.50000 0.67500 0.35993 0.00000 0.00000 0.65347 0.00000 0.00000 0.66667 0.00000 0.85714 0.00000
0.75325 1.00000 0.75000 0.70000 0.37411 1.00000 1.00000 0.81683 0.00000 0.00000 0.33333 0.00000 0.42857 0.00000
0.45455 0.00000 1.00000 0.69000 0.32447 0.00000 0.00000 0.90099 0.00000 0.22581 0.33333 0.00000 0.42857 0.00000
0.81818 1.00000 1.00000 0.65000 0.58511 1.00000 1.00000 0.65347 1.00000 0.29032 0.33333 1.00000 1.00000 1.00000
0.84416 1.00000 1.00000 0.67500 0.45035 0.00000 1.00000 0.62871 0.00000 0.45161 0.66667 0.33333 1.00000 1.00000
0.62338 1.00000 1.00000 0.65000 0.45390 1.00000 1.00000 0.74257 1.00000 0.00000 0.33333 0.66667 1.00000 1.00000
0.81818 0.00000 1.00000 0.75000 0.72163 0.00000 1.00000 0.76238 0.00000 0.64516 0.66667 1.00000 1.00000 1.00000
0.66234 1.00000 0.75000 0.50000 0.39362 0.00000 0.00000 0.70792 1.00000 0.19355 0.66667 0.00000 0.42857 0.00000
0.71429 1.00000 1.00000 0.70000 0.38475 0.00000 0.00000 0.54950 1.00000 0.90323 1.00000 0.00000 1.00000 1.00000
0.84416 1.00000 0.25000 0.69000 0.50000 1.00000 1.00000 0.86139 0.00000 0.22581 0.66667 0.33333 0.42857 1.00000
0.58442 0.00000 0.50000 0.65000 0.41489 0.00000 1.00000 0.86634 0.00000 0.09677 0.66667 0.00000 0.42857 0.00000
0.72727 0.00000 1.00000 1.00000 0.51064 1.00000 1.00000 0.65842 1.00000 0.64516 1.00000 0.66667 1.00000 1.00000
0.70130 1.00000 1.00000 0.55000 0.42376 0.00000 0.00000 0.62376 1.00000 0.45161 0.66667 0.33333 1.00000 1.00000
0.57143 1.00000 0.50000 0.60000 0.39007 0.00000 0.00000 0.84158 0.00000 0.00000 0.33333 0.00000 0.42857 0.00000
0.80519 0.00000 1.00000 0.62000 0.37057 0.00000 0.00000 0.80693 0.00000 0.00000 0.33333 0.00000 0.42857 0.00000
0.70130 1.00000 0.75000 0.60000 0.45745 0.00000 1.00000 0.72772 0.00000 0.06452 0.66667 0.00000 1.00000 0.00000
0.66234 1.00000 0.75000 0.47000 0.40248 0.00000 0.00000 0.76238 1.00000 0.00000 0.33333 0.33333 1.00000 0.00000
0.37662 1.00000 0.50000 0.65000 0.36170 0.00000 1.00000 1.00000 0.00000 0.00000 0.33333 0.00000 0.42857 0.00000
0.66234 1.00000 1.00000 0.70000 0.46277 0.00000 1.00000 0.92079 1.00000 0.00000 0.33333 0.00000 0.42857 0.00000
0.55844 0.00000 0.75000 0.61000 0.37766 0.00000 0.00000 0.81683 0.00000 0.03226 0.66667 0.00000 0.42857 0.00000
0.71429 0.00000 0.50000 0.67500 0.44326 0.00000 1.00000 0.79703 0.00000 0.22581 0.66667 0.00000 0.42857 0.00000
0.90909 1.00000 1.00000 0.72500 0.30851 0.00000 0.00000 0.61881 1.00000 0.41935 1.00000 0.00000 1.00000 1.00000
0.80519 1.00000 0.50000 0.60000 0.49823 0.00000 1.00000 0.50990 0.00000 0.22581 0.66667 0.33333 1.00000 1.00000
0.45455 1.00000 1.00000 0.60000 0.35106 0.00000 0.00000 0.64356 1.00000 0.25806 0.66667 0.00000 1.00000 1.00000
0.66234 1.00000 0.75000 0.62500 0.43440 1.00000 1.00000 0.82178 0.00000 0.38710 0.66667 0.00000 0.42857 0.00000
0.76623 1.00000 0.50000 0.70000 0.39184 0.00000 0.00000 0.81188 1.00000 0.00000 0.33333 0.00000 0.42857 0.00000
0.76623 1.00000 0.25000 0.85000 0.51064 0.00000 1.00000 0.78713 0.00000 0.03226 0.66667 0.00000 1.00000 1.00000
0.67532 1.00000 0.50000 0.64000 0.36348 1.00000 0.00000 0.91089 0.00000 0.00000 0.33333 0.00000 0.42857 0.00000
0.83117 1.00000 0.75000 0.62500 0.54787 0.00000 0.00000 0.64851 1.00000 0.29032 0.66667 0.00000 1.00000 1.00000
0.75325 1.00000 0.75000 0.52500 0.42553 0.00000 1.00000 0.76238 1.00000 0.09677 0.66667 0.00000 1.00000 0.00000
0.61039 1.00000 0.75000 0.54000 0.43085 0.00000 0.00000 0.75248 0.00000 0.00000 0.33333 0.00000 0.42857 1.00000
0.74026 1.00000 1.00000 0.82500 0.51241 1.00000 1.00000 0.61386 0.00000 0.16129 0.66667 1.00000 1.00000 1.00000
0.53247 1.00000 0.75000 0.56000 0.44326 0.00000 0.00000 0.88614 0.00000 0.00000 0.33333 0.00000 0.42857 0.00000
0.58442 1.00000 0.50000 0.64000 0.54610 0.00000 1.00000 0.84158 0.00000 0.00000 0.33333 0.00000 0.42857 0.00000
0.77922 0.00000 0.75000 0.51000 0.56383 0.00000 0.00000 0.79208 0.00000 0.00000 0.33333 0.33333 0.42857 0.00000
0.67532 1.00000 0.25000 0.76000 0.52837 1.00000 0.00000 0.88119 0.00000 0.19355 0.66667 0.00000 1.00000 0.00000
0.54545 0.00000 1.00000 0.51000 0.46986 0.00000 1.00000 0.60396 0.00000 0.09677 0.66667 0.00000 0.42857 0.00000
0.87013 0.00000 0.75000 0.57500 1.00000 0.00000 1.00000 0.79208 0.00000 0.25806 0.66667 0.00000 1.00000 0.00000
0.71429 1.00000 1.00000 0.80000 0.51241 0.00000 1.00000 0.71782 1.00000 0.12903 0.66667 0.33333 1.00000 1.00000
0.83117 1.00000 1.00000 0.60000 0.43617 0.00000 1.00000 0.47525 1.00000 0.35484 1.00000 0.33333 0.42857 1.00000
0.90909 1.00000 1.00000 0.65000 0.57092 0.00000 1.00000 0.53960 0.00000 0.38710 0.66667 1.00000 0.42857 1.00000
0.66234 1.00000 1.00000 0.70000 0.53014 0.00000 0.00000 0.85644 1.00000 0.25806 0.33333 0.00000 1.00000 1.00000
0.75325 1.00000 1.00000 0.62500 0.53191 0.00000 1.00000 0.84653 0.00000 0.00000 0.33333 0.66667 1.00000 1.00000
0.77922 1.00000 1.00000 0.70000 0.51950 0.00000 1.00000 0.84158 0.00000 0.19355 0.66667 0.66667 1.00000 1.00000
0.88312 1.00000 0.75000 0.59000 0.49113 0.00000 0.00000 0.74752 0.00000 0.16129 0.33333 0.33333 1.00000 0.00000
0.59740 1.00000 0.50000 0.50500 0.34929 1.00000 0.00000 0.77228 0.00000 0.00000 0.33333 0.00000 1.00000 0.00000
1.00000 1.00000 1.00000 0.62500 0.53901 0.00000 1.00000 0.80198 1.00000 0.00000 0.33333 1.00000 0.42857 1.00000
0.70130 0.00000 0.75000 0.55000 0.37943 0.00000 0.00000 0.78218 0.00000 0.25806 0.66667 0.00000 0.42857 0.00000
0.75325 0.00000 1.00000 0.50000 0.43972 0.00000 1.00000 0.60396 0.00000 0.16129 0.66667 0.00000 0.42857 0.00000
0.62338 1.00000 0.75000 0.62000 0.45213 1.00000 0.00000 0.86634 0.00000 0.00000 0.33333 0.66667 0.42857 0.00000
0.74026 1.00000 1.00000 0.66000 0.36702 0.00000 0.00000 0.83168 1.00000 0.00000 0.33333 0.00000 1.00000 0.00000
0.67532 1.00000 0.75000 0.69000 0.39539 0.00000 0.00000 0.83663 0.00000 0.00000 0.33333 0.00000 0.42857 0.00000
0.70130 0.00000 0.50000 0.66000 0.51064 1.00000 1.00000 0.78713 1.00000 0.00000 0.33333 0.33333 0.42857 0.00000
0.45455 1.00000 1.00000 0.63000 0.50000 0.00000 1.00000 0.77228 1.00000 0.00000 0.33333 0.00000 1.00000 1.00000
0.58442 0.00000 0.50000 0.56000 0.28369 0.00000 0.00000 0.68317 0.00000 0.00000 0.66667 0.00000 0.42857 0.00000
0.90909 1.00000 0.75000 0.80000 0.47695 0.00000 0.00000 0.55446 1.00000 0.46774 0.66667 0.33333 1.00000 1.00000
0.68831 1.00000 1.00000 0.71000 0.40071 0.00000 1.00000 0.54950 1.00000 0.00000 0.33333 0.00000 1.00000 0.00000
0.76623 0.00000 1.00000 0.87000 0.44149 0.00000 0.00000 0.70792 1.00000 0.00000 0.66667 0.00000 0.42857 1.00000
0.80519 0.00000 1.00000 0.70000 0.69858 0.00000 1.00000 0.77723 0.00000 0.19355 0.66667 0.00000 0.42857 0.00000
0.83117 1.00000 1.00000 0.72500 0.37589 0.00000 1.00000 0.65347 0.00000 0.32258 0.66667 0.66667 0.85714 1.00000
0.74026 1.00000 1.00000 0.76000 0.48582 0.00000 0.00000 0.43564 1.00000 0.19355 0.66667 0.33333 1.00000 1.00000
0.67532 1.00000 1.00000 0.54000 0.41312 1.00000 0.00000 0.72772 0.00000 0.01613 0.33333 1.00000 1.00000 0.00000
0.72727 1.00000 1.00000 0.66000 0.32624 0.00000 1.00000 0.51980 1.00000 0.33871 0.66667 0.33333 0.85714 1.00000
0.55844 1.00000 0.75000 0.65000 0.55851 0.00000 0.00000 0.80198 0.00000 0.30645 0.33333 0.33333 0.42857 0.00000
0.68831 1.00000 0.75000 0.65000 0.43617 1.00000 1.00000 0.85644 0.00000 0.00000 0.33333 1.00000 0.42857 0.00000
0.62338 1.00000 1.00000 0.62000 0.48582 0.00000 1.00000 0.82178 0.00000 0.08065 0.66667 0.00000 1.00000 1.00000
0.72727 0.00000 1.00000 0.67000 0.72518 0.00000 1.00000 0.74257 1.00000 0.30645 0.66667 0.66667 1.00000 1.00000
0.54545 1.00000 0.25000 0.74000 0.43262 0.00000 1.00000 0.88119 0.00000 0.12903 0.33333 0.66667 0.42857 0.00000
0.76623 1.00000 0.25000 0.89000 0.47872 0.00000 1.00000 0.71782 0.00000 0.67742 1.00000 0.00000 1.00000 0.00000
0.77922 0.00000 1.00000 0.79000 0.54078 0.00000 1.00000 0.79703 0.00000 0.00000 0.33333 0.00000 0.42857 1.00000
0.81818 0.00000 0.50000 0.70000 0.34574 0.00000 0.00000 0.88614 0.00000 0.00000 0.33333 0.66667 0.42857 0.00000
0.54545 1.00000 0.75000 0.60000 0.42553 1.00000 0.00000 0.96040 0.00000 0.12903 1.00000 0.00000 1.00000 0.00000
0.85714 1.00000 0.50000 0.80000 0.43617 0.00000 0.00000 0.59406 1.00000 0.00000 0.66667 1.00000 0.85714 1.00000
0.70130 1.00000 0.50000 0.96000 0.50177 0.00000 1.00000 0.96535 0.00000 0.00000 0.33333 0.33333 1.00000 1.00000
0.89610 1.00000 0.75000 0.70000 0.45035 0.00000 1.00000 0.72277 0.00000 0.32258 0.66667 1.00000 1.00000 1.00000
0.64935 1.00000 0.75000 0.64500 0.34752 0.00000 0.00000 0.80693 0.00000 0.00000 0.33333 0.00000 0.42857 0.00000
0.66234 1.00000 1.00000 0.70000 0.52837 0.00000 0.00000 0.60396 1.00000 0.67742 0.66667 1.00000 1.00000 1.00000
0.55844 1.00000 1.00000 0.66000 0.43794 1.00000 1.00000 0.70792 1.00000 0.01613 0.66667 0.00000 1.00000 1.00000
0.80519 0.00000 1.00000 0.69000 0.52128 1.00000 0.00000 0.52475 0.00000 0.30645 0.66667 1.00000 0.42857 1.00000
0.88312 0.00000 0.75000 0.60000 0.37411 0.00000 1.00000 0.56931 0.00000 0.24194 0.66667 0.00000 0.42857 0.00000
0.87013 1.00000 1.00000 0.50000 0.53014 0.00000 1.00000 0.61881 1.00000 0.14516 0.66667 0.66667 0.42857 1.00000
0.89610 1.00000 0.25000 0.80000 0.41489 1.00000 1.00000 0.64851 0.00000 0.01613 0.66667 0.33333 0.42857 0.00000
0.58442 0.00000 1.00000 0.69000 0.41844 0.00000 1.00000 0.75248 1.00000 0.03226 0.66667 0.00000 0.42857 0.00000
0.64935 0.00000 0.50000 0.60000 0.43262 0.00000 0.00000 0.80198 0.00000 0.17742 0.33333 0.00000 0.42857 0.00000
0.76623 1.00000 0.25000 0.80000 0.48404 0.00000 1.00000 0.61881 0.00000 0.00000 0.33333 0.00000 0.42857 1.00000
0.64935 0.00000 1.00000 0.55000 0.45035 0.00000 1.00000 0.78713 0.00000 0.00000 0.33333 0.00000 0.42857 0.00000
0.83117 0.00000 1.00000 0.90000 0.57624 0.00000 0.00000 0.76238 1.00000 0.00000 0.33333 0.00000 0.42857 0.00000
0.74026 1.00000 0.75000 0.75000 0.22340 1.00000 0.00000 0.85644 0.00000 0.03226 0.33333 0.33333 1.00000 0.00000
0.83117 0.00000 0.75000 0.70000 0.55496 0.00000 0.00000 0.65842 0.00000 0.03226 0.33333 0.00000 1.00000 0.00000
0.55844 1.00000 1.00000 0.55000 0.37411 0.00000 0.00000 0.79703 0.00000 0.00000 0.33333 0.00000 1.00000 0.00000
0.58442 1.00000 1.00000 0.71000 0.54787 0.00000 1.00000 0.72772 1.00000 0.00000 0.66667 1.00000 1.00000 1.00000
0.75325 1.00000 1.00000 0.64000 0.45922 0.00000 1.00000 0.64356 1.00000 0.48387 0.66667 0.66667 1.00000 1.00000
0.64935 1.00000 1.00000 0.72000 0.35461 0.00000 1.00000 0.62376 1.00000 0.14516 0.66667 0.00000 1.00000 1.00000
0.71429 1.00000 0.50000 0.65000 0.46454 0.00000 0.00000 0.76733 0.00000 0.00000 0.33333 0.00000 0.42857 0.00000
0.80519 0.00000 1.00000 0.75000 0.43262 0.00000 0.00000 0.76238 1.00000 0.22581 0.66667 0.00000 0.42857 1.00000
0.48052 0.00000 0.75000 0.60000 0.38121 0.00000 0.00000 0.84158 0.00000 0.00000 0.33333 0.00000 0.42857 0.00000
0.49351 1.00000 0.25000 0.60000 0.40957 0.00000 0.00000 0.90099 1.00000 0.61290 0.66667 0.00000 1.00000 1.00000
0.53247 1.00000 0.75000 0.65000 0.37943 0.00000 1.00000 0.83168 0.00000 0.32258 0.66667 0.00000 0.42857 0.00000
