3.00 50000.00 4.00 100000.00 0.05 0.50 0.00 0.01 60.25 7.03 66.67 61.90 7.24 67.33 2.46 94.68 0.22 4.24 3.43e-06 1.74e-06 iris_1 
4.00 20000.00 4.00 100000.00 0.05 0.50 0.00 0.01 59.60 4.83 70.61 79.62 8.51 92.66 1.11 92.03 0.37 4.15 4.76e-06 2.53e-06 Ionosphere_0 
4.00 50000.00 4.00 100000.00 0.05 0.50 0.00 0.01 63.23 8.32 84.08 70.01 11.08 93.58 0.46 91.50 0.35 5.97 3.58e-06 1.39e-06 Ionosphere_1 
5.00 20000.00 4.00 100000.00 0.05 0.50 0.00 0.01 86.41 6.48 96.11 93.83 4.46 99.05 0.08 80.59 0.81 3.72 8.62e-06 4.19e-06 Cancer_0 
5.00 50000.00 4.00 100000.00 0.05 0.50 0.00 0.01 92.48 2.49 96.93 97.35 1.73 99.52 1.17 82.79 0.70 7.73 7.38e-06 4.85e-06 Cancer_1 
3.00 20000.00 4.00 100000.00 0.05 0.50 0.00 0.01 29.53 4.05 37.78 0.00 0.00 0.00 0.16 95.12 0.21 2.84 4.62e-06 3.26e-06 iris_3 
3.00 50000.00 4.00 100000.00 0.05 0.50 0.00 0.01 62.92 6.25 84.44 49.39 9.11 80.56 4.03 94.89 0.22 4.63 2.92e-06 1.41e-06 iris_4 
4.00 20000.00 4.00 100000.00 0.05 0.50 0.00 0.01 56.93 10.03 80.41 34.58 27.10 88.99 2.13 90.25 0.42 3.75 9.10e-06 4.97e-06 Ionosphere_2 
4.00 50000.00 4.00 100000.00 0.05 0.50 0.00 0.01 56.43 6.14 77.55 90.39 7.08 95.41 0.87 93.19 0.29 7.04 3.17e-06 1.79e-06 Ionosphere_3 
3.00 20000.00 4.00 100000.00 0.05 0.50 0.00 0.01 61.28 4.35 68.89 40.61 6.31 50.00 0.02 94.72 0.22 2.97 5.78e-06 3.41e-06 iris_7 
3.00 20000.00 4.00 100000.00 0.05 0.50 0.00 0.01 44.89 6.76 64.44 35.69 25.84 98.00 2.29 95.22 0.21 2.46 5.19e-06 2.45e-06 iris_9 
3.00 50000.00 4.00 100000.00 0.05 0.50 0.00 0.01 34.29 17.22 91.11 26.37 20.61 90.76 1.32 95.76 0.18 3.69 2.50e-06 1.24e-06 iris_10 
4.00 20000.00 4.00 100000.00 0.05 0.50 0.00 0.01 44.60 3.60 64.08 10.41 5.79 58.72 1.38 90.45 0.45 3.40 6.34e-06 7.78e-06 Ionosphere_5 
4.00 50000.00 4.00 100000.00 0.05 0.50 0.00 0.01 65.00 4.59 79.59 85.73 7.43 97.25 0.83 91.51 0.36 6.27 4.09e-06 1.18e-06 Ionosphere_6 
5.00 50000.00 4.00 100000.00 0.05 0.50 0.00 0.01 88.42 9.94 97.14 95.05 6.27 99.52 0.10 82.21 0.69 7.75 4.00e-06 1.85e-06 Cancer_4 
6.00 20000.00 4.00 100000.00 0.05 0.50 0.00 0.01 70.11 4.00 74.62 70.36 3.32 75.11 0.18 18.32 4.40 36.55 1.19e-06 5.94e-07 bank-additional_1 
