7.0 1 0 1.36626010213 1.5859229222 -0.0089118539387 -0.0164667147815
7.0 2 1 1.36626010213 1.5859229222 0.0741339465055 0.0768062754736
7.0 3 2 1.36626010213 1.5859229222 0.0474516159136 0.0393787751221
7.0 4 3 1.36626010213 1.5859229222 0.0100139219506 0.0130813041768
7.0 5 4 1.36626010213 1.5859229222 0.00906602178173 0.00824015953216
7.0 6 5 1.36626010213 1.5859229222 0.0927269673705 0.0723098783024
7.0 7 6 1.36626010213 1.5859229222 -0.0103353379963 -0.0163419943423
7.0 8 7 1.36626010213 1.5859229222 -0.00285040918893 0.0140472829243
7.0 9 8 1.36626010213 1.5859229222 0.0307670216122 0.0149923877061
7.0 10 9 1.36626010213 1.5859229222 -0.0444467028747 -0.0510422962005
7.0 11 10 1.36626010213 1.5859229222 -0.0648151390141 -0.0591007213205
7.0 12 11 1.36626010213 1.5859229222 0.0290409473675 0.0219025132975
7.0 13 12 1.36626010213 1.5859229222 0.0169017555243 0.0234662923963
7.0 14 13 1.36626010213 1.5859229222 -0.0169813014179 -0.0369604881209
7.0 15 14 1.36626010213 1.5859229222 0.0142874115569 0.0263774561022
7.0 16 15 1.36626010213 1.5859229222 -0.0793860126392 -0.0628628425108
7.0 17 16 1.36626010213 1.5859229222 -0.0669430254289 -0.0607482611924
7.0 18 17 1.36626010213 1.5859229222 -0.0314614284767 -0.0413204129339
7.0 19 18 1.36626010213 1.5859229222 -0.00748974421541 -0.0165309328988
7.0 20 19 1.36626010213 1.5859229222 0.0440054063569 0.0508561716058
7.0 21 20 1.36626010213 1.5859229222 0.00758123761273 -0.0108105739054
7.0 22 21 1.36626010213 1.5859229222 0.00113774501405 0.00538697984613
7.0 23 22 1.36626010213 1.5859229222 -0.0529920104833 -0.0441296119103
7.0 24 23 1.36626010213 1.5859229222 -0.0296717866452 -0.0290338170981
7.0 25 24 1.36626010213 1.5859229222 -0.0199801452048 -0.00814623617312
7.0 26 25 1.36626010213 1.5859229222 0.0221423426735 0.0317927527081
7.0 27 26 1.36626010213 1.5859229222 0.0451238855985 0.0516089300558
7.0 28 27 1.36626010213 1.5859229222 0.0131789774664 0.0132663906325
7.0 29 28 1.36626010213 1.5859229222 0.00835587464704 0.00858829336946
7.0 30 29 1.36626010213 1.5859229222 0.0108262453859 0.0102039635792
7.0 31 30 1.36626010213 1.5859229222 0.00552174525062 -0.000783572776767
7.0 32 31 1.36626010213 1.5859229222 0.0519051946729 0.0346809231523
7.0 33 32 1.36626010213 1.5859229222 0.0271957564523 0.0336531634504
7.0 34 33 1.36626010213 1.5859229222 0.0892145479058 0.0902010968968
7.0 35 34 1.36626010213 1.5859229222 -0.0174868390272 -0.020832387811
7.0 36 35 1.36626010213 1.5859229222 0.0202982386617 0.00803011953848
7.0 37 36 1.36626010213 1.5859229222 0.0173028384543 0.00928731612991
7.0 38 37 1.36626010213 1.5859229222 0.0614231648175 0.0466032179375
7.0 39 38 1.36626010213 1.5859229222 0.0901154739762 0.0754052642432
7.0 40 39 1.36626010213 1.5859229222 0.0327352084402 0.0146599583246
7.0 41 40 1.36626010213 1.5859229222 0.0371566701233 0.0467858631354
7.0 42 41 1.36626010213 1.5859229222 -0.028633586198 -0.03198646638
7.0 43 42 1.36626010213 1.5859229222 0.0088711907736 0.00231013130489
7.0 44 43 1.36626010213 1.5859229222 -0.0218332320195 -0.0313271503863
7.0 45 44 1.36626010213 1.5859229222 0.0476106510933 0.0451056408334
7.0 46 45 1.36626010213 1.5859229222 -0.0416435349308 -0.0430307157065
7.0 47 46 1.36626010213 1.5859229222 0.0451224266286 0.0417415874458
7.0 48 47 1.36626010213 1.5859229222 -0.0178654440269 -0.0291683559157
7.0 49 48 1.36626010213 1.5859229222 0.0746978054453 0.0735523833575
7.0 50 49 1.36626010213 1.5859229222 0.0822644611641 0.0764495798281
7.0 51 50 1.36626010213 1.5859229222 -0.00518837243298 -0.00200140413413
7.0 52 51 1.36626010213 1.5859229222 0.0224787319459 -0.00257196947929
7.0 x 52 1.36626010213 1.5859229222 -14.3221501721 -2.50380689745
7.0 53 53 1.36626010213 1.5859229222 -0.114555404892 -0.11050224007
7.0 54 54 1.36626010213 1.5859229222 -2.2960633871 -2.29014008731
7.0 55 55 1.36626010213 1.5859229222 2.29275883786 2.26811245745
7.0 56 56 1.36626010213 1.5859229222 -0.0516483726003 -0.0527800615594
7.0 57 57 1.36626010213 1.5859229222 0.0152231614665 0.0107353270117
7.0 x 58 1.36626010213 1.5859229222 -14.4764353373 -2.2225092944
7.0 58 59 1.36626010213 1.5859229222 0.0263837566141 0.0392977895466
7.0 x 60 1.36626010213 1.5859229222 -14.4500515807 -2.2817733377
7.0 59 61 1.36626010213 1.5859229222 -0.105940397186 -0.113077804152
7.0 x 62 1.36626010213 1.5859229222 -14.5559919779 -2.10244231053
7.0 x 63 1.36626010213 1.5859229222 -14.5559919779 -2.14942543443
7.0 x 64 1.36626010213 1.5859229222 -14.5559919779 -2.01284589425
7.0 60 65 1.36626010213 1.5859229222 0.0302524260962 0.0121827256541
7.0 x 66 1.36626010213 1.5859229222 -14.5257395518 -2.23415465528
7.0 61 67 1.36626010213 1.5859229222 -0.008470611281 -0.016690851374
7.0 62 68 1.36626010213 1.5859229222 0.0639417075715 0.065313753417
7.0 x 69 1.36626010213 1.5859229222 -14.4702684555 -2.25936024476
7.0 x 70 1.36626010213 1.5859229222 -14.4702684555 -2.15439613512
7.0 x 71 1.36626010213 1.5859229222 -14.4702684555 -2.26950596064
7.0 63 72 1.36626010213 1.5859229222 0.0209802142402 0.0101975189032
7.0 64 73 1.36626010213 1.5859229222 -0.053745365243 -0.0535546607863
7.0 65 74 1.36626010213 1.5859229222 -2.20618890137 -2.19857826162
7.0 66 75 1.36626010213 1.5859229222 0.0382692830805 0.0447922716237
7.0 67 76 1.36626010213 1.5859229222 2.16844509963 2.17413880275
7.0 x 77 1.36626010213 1.5859229222 -14.5025081252 -2.21894809625
7.0 68 78 1.36626010213 1.5859229222 -0.0372205900338 -0.0496668820253
7.0 69 79 1.36626010213 1.5859229222 0.0262084558243 0.0115597306591
7.0 70 80 1.36626010213 1.5859229222 0.0152410714032 0.022676141233
7.0 71 81 1.36626010213 1.5859229222 0.0405454174427 0.032017090663
7.0 x 82 1.36626010213 1.5859229222 -14.4577337705 -2.21314959571
7.0 x 83 1.36626010213 1.5859229222 -14.4577337705 -2.2466537112
7.0 x 84 1.36626010213 1.5859229222 -14.4577337705 -0.0373584291169
7.0 x 85 1.36626010213 1.5859229222 -14.4577337705 -2.28997601349
7.0 x 86 1.36626010213 1.5859229222 -14.4577337705 -2.27410348451
7.0 72 87 1.36626010213 1.5859229222 -0.0424284024956 -0.0569763230179
7.0 x 88 1.36626010213 1.5859229222 -14.500162173 -2.36408135526
7.0 73 89 1.36626010213 1.5859229222 -2.27001493441 -2.25955955629
7.0 74 90 1.36626010213 1.5859229222 2.34106524531 2.33621155011
7.0 75 91 1.36626010213 1.5859229222 -0.0241410713599 -0.0334368905105
7.0 76 92 1.36626010213 1.5859229222 -0.106811607644 -0.0995817763753
7.0 x 93 1.36626010213 1.5859229222 -14.5600645411 -2.34822028518
7.0 x 94 1.36626010213 1.5859229222 -14.5600645411 -2.2272868674
7.0 77 95 1.36626010213 1.5859229222 0.0371003952255 0.0227236103708
7.0 x 96 1.36626010213 1.5859229222 -14.5229641459 -2.35547999202
7.0 x 97 1.36626010213 1.5859229222 -14.5229641459 -2.40916221149
7.0 78 98 1.36626010213 1.5859229222 -0.0160737753758 -0.00680865054164
7.0 x 99 1.36626010213 1.5859229222 -14.5390379213 -2.23567280547
7.0 79 100 1.36626010213 1.5859229222 -0.0648982095316 -0.0909801181366
7.0 80 101 1.36626010213 1.5859229222 -0.00455291931655 0.0236312195544
7.0 81 102 1.36626010213 1.5859229222 0.0484948813556 0.0533778267737
7.0 82 103 1.36626010213 1.5859229222 0.0362771954003 0.0403436654805
7.0 x 104 1.36626010213 1.5859229222 -14.5237169734 -2.1874224574
7.0 x 105 1.36626010213 1.5859229222 -14.5237169734 -2.16835583194
7.0 x 106 1.36626010213 1.5859229222 -14.5237169734 -2.13677999962
7.0 83 107 1.36626010213 1.5859229222 0.0115039990797 0.00289829868704
7.0 x 108 1.36626010213 1.5859229222 -14.5122129743 -2.06283439684
7.0 x 109 1.36626010213 1.5859229222 -14.5122129743 -2.12330514279
7.0 x 110 1.36626010213 1.5859229222 -14.5122129743 -2.23849428029
7.0 84 111 1.36626010213 1.5859229222 -0.0189442134234 -0.0061864599771
7.0 85 112 1.36626010213 1.5859229222 0.0241618933815 0.0241272963228
7.0 86 113 1.36626010213 1.5859229222 0.0548344096194 0.0519930717037
7.0 87 114 1.36626010213 1.5859229222 0.0698545615384 0.0635506827548
7.0 x 115 1.36626010213 1.5859229222 -14.3823063232 -2.32412045569
7.0 88 116 1.36626010213 1.5859229222 0.0383519155294 0.0489480366158
7.0 x 117 1.36626010213 1.5859229222 -14.3439544076 -2.30028113791
7.0 89 118 1.36626010213 1.5859229222 0.0470008502082 0.0372568875222
7.0 x 119 1.36626010213 1.5859229222 -14.2969535574 -2.53454005901
7.0 90 120 1.36626010213 1.5859229222 0.00745731250156 0.00167601366856
7.0 91 121 1.36626010213 1.5859229222 0.0514274577911 0.0807969746874
7.0 x 122 1.36626010213 1.5859229222 -14.4607855165 -2.1791391839
7.0 92 123 1.36626010213 1.5859229222 -0.0646220318983 -0.0541239194428
7.0 x 124 1.36626010213 1.5859229222 -14.5254075484 -2.10646239456
7.0 x 125 1.36626010213 1.5859229222 -14.5254075484 -2.0875574383
7.0 x 126 1.36626010213 1.5859229222 -14.5254075484 -2.13266323468
7.0 93 127 1.36626010213 1.5859229222 -0.00438533559056 -0.00717186980497
7.0 x 128 1.36626010213 1.5859229222 -14.529792884 -2.03759467544
7.0 x 129 1.36626010213 1.5859229222 -14.529792884 -0.0500894123575
7.0 x 130 1.36626010213 1.5859229222 -14.529792884 -2.05870846438
7.0 94 131 1.36626010213 1.5859229222 0.0536148475048 0.01597329116
7.0 95 132 1.36626010213 1.5859229222 -0.015058415439 -0.0174142337105
7.0 96 133 1.36626010213 1.5859229222 -0.0350533418915 -0.0314192984246
7.0 x 134 1.36626010213 1.5859229222 -14.2859931548 -2.39657225954
7.0 x 135 1.36626010213 1.5859229222 -14.2859931548 -2.39199338628
7.0 x 136 1.36626010213 1.5859229222 -14.2859931548 -2.4673797033
7.0 97 137 1.36626010213 1.5859229222 -2.44472088668 -2.44553113891
7.0 98 138 1.36626010213 1.5859229222 2.34996571571 2.33471399448
7.0 x 139 1.36626010213 1.5859229222 -14.3807483257 -2.35757036617
7.0 99 140 1.36626010213 1.5859229222 -2.31653524415 -2.30462112354
7.0 100 141 1.36626010213 1.5859229222 -2.11810472554 -2.09630332266
7.0 101 142 1.36626010213 1.5859229222 2.14562783267 2.132846482
7.0 102 143 1.36626010213 1.5859229222 0.0594385188626 0.0658965116492
