17.0 1 0 1.36626010213 1.5859229222 -0.00366958691593 -0.0112244477588
17.0 2 1 1.36626010213 1.5859229222 0.0305257426787 0.0331980716468
17.0 3 2 1.36626010213 1.5859229222 0.0195389006703 0.0114660598788
17.0 4 3 1.36626010213 1.5859229222 0.0041233796267 0.00719076185298
17.0 5 4 1.36626010213 1.5859229222 0.00373306779248 0.00290720554291
17.0 6 5 1.36626010213 1.5859229222 0.0381816924467 0.0177646033786
17.0 7 6 1.36626010213 1.5859229222 -0.00425572741025 -0.0102623837562
17.0 8 7 1.36626010213 1.5859229222 -0.00117369790132 0.0157239942119
17.0 9 8 1.36626010213 1.5859229222 0.012668773605 -0.00310586030108
17.0 10 9 1.36626010213 1.5859229222 -0.0183015835366 -0.0248971768625
17.0 11 10 1.36626010213 1.5859229222 -0.0266885866529 -0.0209741689592
17.0 12 11 1.36626010213 1.5859229222 0.0119580371513 0.0048196030813
17.0 13 12 1.36626010213 1.5859229222 0.00695954639234 0.0135240832643
17.0 14 13 1.36626010213 1.5859229222 -0.00699230058385 -0.0269714872868
17.0 15 14 1.36626010213 1.5859229222 0.00588305181753 0.0179730963629
17.0 16 15 1.36626010213 1.5859229222 -0.0326883581455 -0.0161651880172
17.0 17 16 1.36626010213 1.5859229222 -0.0275647751766 -0.0213700109401
17.0 18 17 1.36626010213 1.5859229222 -0.0129547058433 -0.0228136903006
17.0 19 18 1.36626010213 1.5859229222 -0.00308401232399 -0.0121252010074
17.0 20 19 1.36626010213 1.5859229222 0.0181198732058 0.0249706384546
17.0 21 20 1.36626010213 1.5859229222 0.00312168607583 -0.0152701254423
17.0 22 21 1.36626010213 1.5859229222 0.000468483241078 0.00471771807317
17.0 23 22 1.36626010213 1.5859229222 -0.0218202396108 -0.0129578410378
17.0 24 23 1.36626010213 1.5859229222 -0.012217794501 -0.0115798249539
17.0 25 24 1.36626010213 1.5859229222 -0.00822711861373 0.00360679041792
17.0 26 25 1.36626010213 1.5859229222 0.0091174352185 0.0187678452531
17.0 27 26 1.36626010213 1.5859229222 0.0185804234817 0.025065467939
17.0 28 27 1.36626010213 1.5859229222 0.00542663778027 0.00551405094641
17.0 29 28 1.36626010213 1.5859229222 0.00344065426643 0.00367307298885
17.0 30 29 1.36626010213 1.5859229222 0.00445786574712 0.00383558394042
17.0 31 30 1.36626010213 1.5859229222 0.00227365980908 -0.00403165821831
17.0 32 31 1.36626010213 1.5859229222 0.0213727272183 0.00414845569767
17.0 33 32 1.36626010213 1.5859229222 0.0111982526568 0.017655659655
17.0 34 33 1.36626010213 1.5859229222 0.0367354020789 0.0377219510699
17.0 35 34 1.36626010213 1.5859229222 -0.00720046312883 -0.0105460119126
17.0 36 35 1.36626010213 1.5859229222 0.00835809827245 -0.00391002085073
17.0 37 36 1.36626010213 1.5859229222 0.00712469818707 -0.00089082413733
17.0 38 37 1.36626010213 1.5859229222 0.0252918913955 0.0104719445154
17.0 39 38 1.36626010213 1.5859229222 0.0371063716373 0.0223961619043
17.0 40 39 1.36626010213 1.5859229222 0.0134792034754 -0.00459604664025
17.0 41 40 1.36626010213 1.5859229222 0.0152998053449 0.024928998357
17.0 42 41 1.36626010213 1.5859229222 -0.0117903001992 -0.0151431803812
17.0 43 42 1.36626010213 1.5859229222 0.00365284325972 -0.00290821620899
17.0 44 43 1.36626010213 1.5859229222 -0.00899015436096 -0.0184840727278
17.0 45 44 1.36626010213 1.5859229222 0.0196043857443 0.0170993754843
17.0 46 45 1.36626010213 1.5859229222 -0.0171473379127 -0.0185345186884
17.0 47 46 1.36626010213 1.5859229222 0.0185798227294 0.0151989835466
17.0 48 47 1.36626010213 1.5859229222 -0.00735635930518 -0.018659271194
17.0 49 48 1.36626010213 1.5859229222 0.0307579198892 0.0296124978014
17.0 50 49 1.36626010213 1.5859229222 0.0338736016558 0.0280587203198
17.0 51 50 1.36626010213 1.5859229222 -0.00213638864887 0.00105057964998
17.0 52 51 1.36626010213 1.5859229222 0.00925594844832 -0.0157947529769
17.0 53 52 1.36626010213 1.5859229222 0.00794179860811 0.00490590455275
17.0 54 53 1.36626010213 1.5859229222 -1.0281413421 -1.02425663369
17.0 55 54 1.36626010213 1.5859229222 0.0286748048215 0.0342066454556
17.0 56 55 1.36626010213 1.5859229222 -0.0341801910361 -0.0584489848893
17.0 57 56 1.36626010213 1.5859229222 0.963339318655 0.962457531379
17.0 x 57 1.36626010213 1.5859229222 -5.95972156425 -0.96992787076
17.0 x 58 1.36626010213 1.5859229222 -5.95972156425 -0.896524749738
17.0 58 59 1.36626010213 1.5859229222 -0.913693609391 -0.900140893081
17.0 59 60 1.36626010213 1.5859229222 -0.00818831240203 -0.0194912084824
17.0 60 61 1.36626010213 1.5859229222 0.891543108763 0.884563108873
17.0 61 62 1.36626010213 1.5859229222 -0.00257133254993 0.00238012890387
17.0 x 63 1.36626010213 1.5859229222 -5.99263170983 -0.882504247051
17.0 62 64 1.36626010213 1.5859229222 -0.831343456792 -0.814278031099
17.0 63 65 1.36626010213 1.5859229222 0.824316683026 0.8066550522
17.0 64 66 1.36626010213 1.5859229222 -0.0122272079534 -0.0173396459327
17.0 65 67 1.36626010213 1.5859229222 -0.824960628597 -0.832672890439
17.0 66 68 1.36626010213 1.5859229222 0.847923205452 0.849393821687
17.0 x 69 1.36626010213 1.5859229222 -5.98892311469 -0.86376533395
17.0 67 70 1.36626010213 1.5859229222 -0.00714305324754 0.00365334906297
17.0 68 71 1.36626010213 1.5859229222 97.9348588809 98.1033747421
17.0 69 72 1.36626010213 1.5859229222 0.53183769621 0.519081853572
17.0 x 73 1.36626010213 1.5859229222 -6.14053129516 -0.539860577795
17.0 70 74 1.36626010213 1.5859229222 -0.00554200636271 0.00511622966084
17.0 71 75 1.36626010213 1.5859229222 -0.00293155998011 -0.000587142385627
17.0 72 76 1.36626010213 1.5859229222 0.0063112433756 0.00821308150277
17.0 73 77 1.36626010213 1.5859229222 -0.00836093315455 -0.0165913487702
17.0 x 78 1.36626010213 1.5859229222 -6.15105455128 -0.569988830947
17.0 x 79 1.36626010213 1.5859229222 -6.15105455128 -0.585934928131
17.0 74 80 1.36626010213 1.5859229222 0.00162061283883 0.00920788184007
17.0 x 81 1.36626010213 1.5859229222 -5.4806639964 -0.819001001598
17.0 75 82 1.36626010213 1.5859229222 -0.636907985866 -0.820465266377
17.0 x 83 1.36626010213 1.5859229222 -6.11757198227 -0.772376104378
17.0 76 84 1.36626010213 1.5859229222 -0.744143944607 -0.733852275602
17.0 77 85 1.36626010213 1.5859229222 -0.0152693922413 -0.0300128381623
17.0 78 86 1.36626010213 1.5859229222 -0.010448266165 -0.0200972678495
17.0 79 87 1.36626010213 1.5859229222 0.705832717506 0.691559066746
17.0 80 88 1.36626010213 1.5859229222 -0.769357184094 -0.780236509875
17.0 81 89 1.36626010213 1.5859229222 0.803273856942 0.815702650599
17.0 82 90 1.36626010213 1.5859229222 -0.820959057958 -0.82611199582
17.0 83 91 1.36626010213 1.5859229222 0.799193503197 0.890681685226
17.0 84 92 1.36626010213 1.5859229222 -0.0403436128836 -0.0345765438934
17.0 x 93 1.36626010213 1.5859229222 -6.10375553915 -0.721052726997
17.0 85 94 1.36626010213 1.5859229222 0.012500784904 0.0295086232139
17.0 86 95 1.36626010213 1.5859229222 0.013326775591 -0.000201730010879
17.0 x 96 1.36626010213 1.5859229222 -6.07792797866 -0.725472933988
17.0 87 97 1.36626010213 1.5859229222 0.0220901015322 0.00958854424136
17.0 x 98 1.36626010213 1.5859229222 -6.05583787713 -0.71522272019
17.0 x 99 1.36626010213 1.5859229222 -6.05583787713 -0.761339757442
17.0 88 100 1.36626010213 1.5859229222 -0.0244829692333 -0.0521935636901
17.0 89 101 1.36626010213 1.5859229222 2.26814980282 2.31039684571
17.0 90 102 1.36626010213 1.5859229222 0.0064119063425 0.0110930523563
17.0 91 103 1.36626010213 1.5859229222 0.0242776380065 0.028956567209
17.0 92 104 1.36626010213 1.5859229222 -0.00461678002817 -0.0117740817779
17.0 93 105 1.36626010213 1.5859229222 0.00173196438495 -0.000915800245346
17.0 94 106 1.36626010213 1.5859229222 0.953365599571 0.951114913546
17.0 95 107 1.36626010213 1.5859229222 0.0053380104415 -0.00091322231819
17.0 x 108 1.36626010213 1.5859229222 -5.81560133192 -0.881979644937
17.0 96 109 1.36626010213 1.5859229222 -0.927987628766 -0.915157703481
17.0 97 110 1.36626010213 1.5859229222 -0.00885110851468 -0.00673411674208
17.0 98 111 1.36626010213 1.5859229222 0.935977839355 0.947484632492
17.0 x 112 1.36626010213 1.5859229222 -5.81646222985 -0.920724090662
17.0 99 113 1.36626010213 1.5859229222 -0.894075034724 -0.898244980578
17.0 100 114 1.36626010213 1.5859229222 -0.0264531884029 -0.0312636595778
17.0 101 115 1.36626010213 1.5859229222 0.960403796944 0.958271080618
17.0 102 116 1.36626010213 1.5859229222 0.0186119196097 0.0289312114833
17.0 x 117 1.36626010213 1.5859229222 -5.75797473642 -0.942552512751
17.0 103 118 1.36626010213 1.5859229222 0.00739626838536 -0.00317381481439
17.0 104 119 1.36626010213 1.5859229222 -1.01412038119 -1.03865964182
17.0 105 120 1.36626010213 1.5859229222 -0.00738534558962 -0.0123485957708
17.0 106 121 1.36626010213 1.5859229222 0.957747656923 1.01635242425
17.0 x 122 1.36626010213 1.5859229222 -5.79469241228 -0.913398806377
17.0 107 123 1.36626010213 1.5859229222 -0.0194138279924 -0.0086282837208
17.0 108 124 1.36626010213 1.5859229222 -0.00685519014458 -0.00953043075636
17.0 x 125 1.36626010213 1.5859229222 -5.82096143042 -0.890942227224
17.0 x 126 1.36626010213 1.5859229222 -5.82096143042 -0.912822278399
17.0 x 127 1.36626010213 1.5859229222 -5.82096143042 -0.892498710336
17.0 109 128 1.36626010213 1.5859229222 -0.0270493778703 -0.0247758839021
17.0 x 129 1.36626010213 1.5859229222 -5.84801080829 -0.875500548475
17.0 x 130 1.36626010213 1.5859229222 -5.84801080829 -0.839799967804
17.0 110 131 1.36626010213 1.5859229222 1.05817160073 0.990031068916
17.0 111 132 1.36626010213 1.5859229222 -0.00803486359565 -0.0112212938646
17.0 112 133 1.36626010213 1.5859229222 -0.0131298395082 -0.00976423919693
17.0 113 134 1.36626010213 1.5859229222 0.00181923093073 0.00595144816416
