13.0 1 0 1.36626010213 1.5859229222 -0.00479869058238 -0.0123535514252
13.0 2 1 1.36626010213 1.5859229222 0.0399182788876 0.0425906078557
13.0 3 2 1.36626010213 1.5859229222 0.0255508701073 0.0174780293158
13.0 4 3 1.36626010213 1.5859229222 0.00539211181953 0.00845949404581
13.0 5 4 1.36626010213 1.5859229222 0.00488170403631 0.00405584178674
13.0 6 5 1.36626010213 1.5859229222 0.0499299055072 0.0295128164391
13.0 7 6 1.36626010213 1.5859229222 -0.00556518199802 -0.011571838344
13.0 8 7 1.36626010213 1.5859229222 -0.00153483571712 0.0153628563961
13.0 9 8 1.36626010213 1.5859229222 0.0165668577912 0.00079222388509
13.0 10 9 1.36626010213 1.5859229222 -0.0239328400095 -0.0305284333353
13.0 11 10 1.36626010213 1.5859229222 -0.0349004594691 -0.0291860417755
13.0 12 11 1.36626010213 1.5859229222 0.0156374331979 0.00849899912787
13.0 13 12 1.36626010213 1.5859229222 0.00910094528229 0.0156654821543
13.0 14 13 1.36626010213 1.5859229222 -0.00914377768657 -0.0291229643895
13.0 15 14 1.36626010213 1.5859229222 0.00769322160754 0.0197832661529
13.0 16 15 1.36626010213 1.5859229222 -0.042746314498 -0.0262231443696
13.0 17 16 1.36626010213 1.5859229222 -0.0360462444617 -0.0298514802252
13.0 18 17 1.36626010213 1.5859229222 -0.0169407691797 -0.026799753637
13.0 19 18 1.36626010213 1.5859229222 -0.00403293919291 -0.0130741278763
13.0 20 19 1.36626010213 1.5859229222 0.0236952188076 0.0305459840564
13.0 21 20 1.36626010213 1.5859229222 0.00408220486839 -0.0143096066497
13.0 22 21 1.36626010213 1.5859229222 0.000612631930641 0.00486186676273
13.0 23 22 1.36626010213 1.5859229222 -0.028534159491 -0.0196717609181
13.0 24 23 1.36626010213 1.5859229222 -0.0159771158859 -0.0153391463388
13.0 25 24 1.36626010213 1.5859229222 -0.0107585397256 0.00107536930601
13.0 26 25 1.36626010213 1.5859229222 0.0119227999011 0.0215732099357
13.0 27 26 1.36626010213 1.5859229222 0.0242974768607 0.030782521318
13.0 28 27 1.36626010213 1.5859229222 0.00709637248189 0.00718378564804
13.0 29 28 1.36626010213 1.5859229222 0.00449931711764 0.00473173584006
13.0 30 29 1.36626010213 1.5859229222 0.00582951674624 0.00520723493954
13.0 31 30 1.36626010213 1.5859229222 0.00297324744264 -0.00333207058475
13.0 32 31 1.36626010213 1.5859229222 0.0279489509777 0.0107246794571
13.0 33 32 1.36626010213 1.5859229222 0.0146438688589 0.0211012758571
13.0 34 33 1.36626010213 1.5859229222 0.0480386027185 0.0490251517095
13.0 35 34 1.36626010213 1.5859229222 -0.00941599024539 -0.0127615390292
13.0 36 35 1.36626010213 1.5859229222 0.0109298208178 -0.00133829830536
13.0 37 36 1.36626010213 1.5859229222 0.00931691301386 0.00130139068946
13.0 38 37 1.36626010213 1.5859229222 0.0330740118248 0.0182540649448
13.0 39 38 1.36626010213 1.5859229222 0.0485237167564 0.0338135070234
13.0 40 39 1.36626010213 1.5859229222 0.0176266506986 -0.000448599417053
13.0 41 40 1.36626010213 1.5859229222 0.0200074377587 0.0296366307708
13.0 42 41 1.36626010213 1.5859229222 -0.0154180848758 -0.0187709650578
13.0 43 42 1.36626010213 1.5859229222 0.00477679503194 -0.00178426443677
13.0 44 43 1.36626010213 1.5859229222 -0.0117563557028 -0.0212502740697
13.0 45 44 1.36626010213 1.5859229222 0.0256365044349 0.0231314941749
13.0 46 45 1.36626010213 1.5859229222 -0.0224234418858 -0.0238106226615
13.0 47 46 1.36626010213 1.5859229222 0.0242966912616 0.0209158520787
13.0 48 47 1.36626010213 1.5859229222 -0.00961985447601 -0.0209227663649
13.0 49 48 1.36626010213 1.5859229222 0.0402218952398 0.0390764731519
13.0 50 49 1.36626010213 1.5859229222 0.0442962483191 0.0384813669831
13.0 51 50 1.36626010213 1.5859229222 -0.00279373900237 0.000393229296477
13.0 x 51 1.36626010213 1.5859229222 -7.72403094831 -1.36089992459
13.0 x 52 1.36626010213 1.5859229222 -7.72403094831 -1.27418131822
13.0 52 53 1.36626010213 1.5859229222 -1.26024332946 -1.25636068021
13.0 53 54 1.36626010213 1.5859229222 0.0374657458779 0.0436699296325
13.0 54 55 1.36626010213 1.5859229222 -0.0446856914053 -0.0691231639361
13.0 55 56 1.36626010213 1.5859229222 0.00102661019222 -0.000173256694145
13.0 56 57 1.36626010213 1.5859229222 1.18536431998 1.18085376614
13.0 x 58 1.36626010213 1.5859229222 -7.80510329312 -1.11111007098
13.0 57 59 1.36626010213 1.5859229222 0.0142638194691 0.0270798574908
13.0 58 60 1.36626010213 1.5859229222 -1.14957020595 -1.16061803857
13.0 59 61 1.36626010213 1.5859229222 6.23231331723 6.36512270529
13.0 60 62 1.36626010213 1.5859229222 0.617961351604 0.619933647013
13.0 61 63 1.36626010213 1.5859229222 -0.611843971644 -0.616448595976
13.0 62 64 1.36626010213 1.5859229222 0.555526971811 0.573348409244
13.0 63 65 1.36626010213 1.5859229222 0.02123029528 0.00401392266556
13.0 64 66 1.36626010213 1.5859229222 -0.0183145683558 -0.0233916861456
13.0 65 67 1.36626010213 1.5859229222 -0.520416986442 -0.529752742567
13.0 66 68 1.36626010213 1.5859229222 0.00342176491012 0.00491322866839
13.0 67 69 1.36626010213 1.5859229222 -0.0187413578471 -0.0243132164997
13.0 68 70 1.36626010213 1.5859229222 0.541562876012 0.550922812946
13.0 69 71 1.36626010213 1.5859229222 -0.00375175152729 -0.0122056019427
13.0 x 72 1.36626010213 1.5859229222 -8.15385360895 -0.58596412129
13.0 x 73 1.36626010213 1.5859229222 -8.15385360895 -0.501615563993
13.0 70 74 1.36626010213 1.5859229222 -0.530558870774 -0.520764981339
13.0 71 75 1.36626010213 1.5859229222 0.0206259815521 0.0229395378928
13.0 72 76 1.36626010213 1.5859229222 0.508873328403 0.511927210243
13.0 73 77 1.36626010213 1.5859229222 -0.0104229344839 -0.0181531799455
13.0 74 78 1.36626010213 1.5859229222 -0.00593269869512 -0.0143981276223
13.0 75 79 1.36626010213 1.5859229222 0.011293804312 -0.00577519175459
13.0 x 80 1.36626010213 1.5859229222 -8.15997499863 -0.522190533932
13.0 76 81 1.36626010213 1.5859229222 0.0161779642089 0.00931730084802
13.0 77 82 1.36626010213 1.5859229222 0.00262389775089 0.00346478213892
13.0 78 83 1.36626010213 1.5859229222 -0.589713192968 -0.592397291476
13.0 79 84 1.36626010213 1.5859229222 0.0324462505615 0.0446286490448
13.0 80 85 1.36626010213 1.5859229222 -0.0199404324274 -0.036792058857
13.0 81 86 1.36626010213 1.5859229222 -0.0137013633094 -0.0223164714932
13.0 82 87 1.36626010213 1.5859229222 0.533564160467 0.520236536374
13.0 83 88 1.36626010213 1.5859229222 0.0157496867609 0.00544514191925
13.0 84 89 1.36626010213 1.5859229222 -0.617547603766 -0.604318306546
13.0 85 90 1.36626010213 1.5859229222 -0.0378822270003 -0.042800098789
13.0 86 91 1.36626010213 1.5859229222 1.38665479754 1.36938360182
13.0 x 92 1.36626010213 1.5859229222 -7.65200956878 -0.0410732014127
13.0 87 93 1.36626010213 1.5859229222 0.0183893339069 0.00307842068932
13.0 88 94 1.36626010213 1.5859229222 0.0135833946272 0.0292635285575
13.0 x 95 1.36626010213 1.5859229222 -7.62003684025 -1.38458272865
13.0 89 96 1.36626010213 1.5859229222 0.0127578858649 0.00419423764674
13.0 90 97 1.36626010213 1.5859229222 0.0211955355053 0.00799552083271
13.0 91 98 1.36626010213 1.5859229222 -0.00830844598141 -0.000534121092892
13.0 92 99 1.36626010213 1.5859229222 0.00456574402848 0.000836135447869
13.0 93 100 1.36626010213 1.5859229222 -1.41791516542 -1.44429873802
13.0 94 101 1.36626010213 1.5859229222 0.0651956251672 0.0920343843114
13.0 95 102 1.36626010213 1.5859229222 1.34168786203 1.34850089443
13.0 96 103 1.36626010213 1.5859229222 0.00946825879048 0.0111454510403
13.0 x 104 1.36626010213 1.5859229222 -7.59138954026 -1.32494361466
13.0 97 105 1.36626010213 1.5859229222 0.0110505599213 0.00695770561124
13.0 x 106 1.36626010213 1.5859229222 -7.58033898034 -1.30088585492
13.0 98 107 1.36626010213 1.5859229222 0.00475931828516 -0.00180100114556
13.0 99 108 1.36626010213 1.5859229222 0.0182185666582 0.0445484786924
13.0 100 109 1.36626010213 1.5859229222 0.00723259340985 0.0208875253259
13.0 x 110 1.36626010213 1.5859229222 -7.55012850199 -1.26477801171
13.0 x 111 1.36626010213 1.5859229222 -7.55012850199 -1.20696854355
13.0 101 112 1.36626010213 1.5859229222 0.0112898087236 0.011364358018
13.0 102 113 1.36626010213 1.5859229222 0.012985246157 0.00903523160363
13.0 103 114 1.36626010213 1.5859229222 -1.30907682522 -1.3166013965
13.0 104 115 1.36626010213 1.5859229222 1.3253019928 1.32277735322
13.0 105 116 1.36626010213 1.5859229222 0.0183505728912 0.0298020380521
13.0 x 117 1.36626010213 1.5859229222 -7.49127770663 -1.29720720875
13.0 x 118 1.36626010213 1.5859229222 -7.49127770663 -1.32237657948
13.0 x 119 1.36626010213 1.5859229222 -7.49127770663 -1.38907709481
13.0 x 120 1.36626010213 1.5859229222 -7.49127770663 -1.31213033733
13.0 106 121 1.36626010213 1.5859229222 0.0128690686385 0.0402970242908
13.0 x 122 1.36626010213 1.5859229222 -7.47840863799 -1.25678978648
13.0 107 123 1.36626010213 1.5859229222 -1.24044283197 -1.22836035033
13.0 108 124 1.36626010213 1.5859229222 1.23339980667 1.23162116135
13.0 x 125 1.36626010213 1.5859229222 -7.48545166329 -1.25112737169
13.0 109 126 1.36626010213 1.5859229222 -0.0104105124525 -0.0156484223158
13.0 x 127 1.36626010213 1.5859229222 -7.49586217575 -1.26559712774
13.0 110 128 1.36626010213 1.5859229222 -0.0236453487866 -0.0236344063136
13.0 x 129 1.36626010213 1.5859229222 -7.51950752453 -1.25580734362
13.0 111 130 1.36626010213 1.5859229222 -1.21284590195 -1.2117010486
13.0 112 131 1.36626010213 1.5859229222 1.22708404196 1.22938463967
13.0 113 132 1.36626010213 1.5859229222 -0.00770462317071 -0.0109701118689
13.0 x 133 1.36626010213 1.5859229222 -7.51297400769 -1.23775455442
13.0 114 134 1.36626010213 1.5859229222 -1.2246776085 -1.21828524181
13.0 115 135 1.36626010213 1.5859229222 1.21250792967 1.22042404393
13.0 116 136 1.36626010213 1.5859229222 0.0239463420673 0.0252790702983
13.0 117 137 1.36626010213 1.5859229222 -0.0200796157111 -0.0216528131179
