15.0 1 0 1.36626010213 1.5859229222 -0.00415886517139 -0.0117137260142
15.0 2 1 1.36626010213 1.5859229222 0.0345958417026 0.0372681706707
15.0 3 2 1.36626010213 1.5859229222 0.0221440874264 0.0140712466348
15.0 4 3 1.36626010213 1.5859229222 0.00467316357693 0.00774054580321
15.0 5 4 1.36626010213 1.5859229222 0.00423081016481 0.00340494791523
15.0 6 5 1.36626010213 1.5859229222 0.0432725847729 0.0228554957048
15.0 7 6 1.36626010213 1.5859229222 -0.00482315773162 -0.0108298140776
15.0 8 7 1.36626010213 1.5859229222 -0.00133019095483 0.0155675011584
15.0 9 8 1.36626010213 1.5859229222 0.014357943419 -0.00141669048707
15.0 10 9 1.36626010213 1.5859229222 -0.0207417946749 -0.0273373880007
15.0 11 10 1.36626010213 1.5859229222 -0.0302470648732 -0.0245326471796
15.0 12 11 1.36626010213 1.5859229222 0.0135524421049 0.00641400803481
15.0 13 12 1.36626010213 1.5859229222 0.00788748591132 0.0144520227833
15.0 14 13 1.36626010213 1.5859229222 -0.00792460732836 -0.0279037940313
15.0 15 14 1.36626010213 1.5859229222 0.00666745872654 0.0187575032719
15.0 16 15 1.36626010213 1.5859229222 -0.0370468058983 -0.0205236357699
15.0 17 16 1.36626010213 1.5859229222 -0.0312400785335 -0.025045314297
15.0 18 17 1.36626010213 1.5859229222 -0.0146819999558 -0.024540984413
15.0 19 18 1.36626010213 1.5859229222 -0.00349521396719 -0.0125364026506
15.0 20 19 1.36626010213 1.5859229222 0.0205358562999 0.0273866215487
15.0 21 20 1.36626010213 1.5859229222 0.00353791088594 -0.0148539006321
15.0 22 21 1.36626010213 1.5859229222 0.000530947673221 0.00478018250531
15.0 23 22 1.36626010213 1.5859229222 -0.0247296048922 -0.0158672063193
15.0 24 23 1.36626010213 1.5859229222 -0.0138468337678 -0.0132088642207
15.0 25 24 1.36626010213 1.5859229222 -0.00932406776222 0.00250984126943
15.0 26 25 1.36626010213 1.5859229222 0.0103330932476 0.0199835032822
15.0 27 26 1.36626010213 1.5859229222 0.0210578132793 0.0275428577366
15.0 28 27 1.36626010213 1.5859229222 0.00615018948431 0.00623760265045
15.0 29 28 1.36626010213 1.5859229222 0.00389940816862 0.00413182689104
15.0 30 29 1.36626010213 1.5859229222 0.00505224784674 0.00442996604004
15.0 31 30 1.36626010213 1.5859229222 0.00257681445029 -0.0037285035771
15.0 32 31 1.36626010213 1.5859229222 0.0242224241807 0.0069981526601
15.0 33 32 1.36626010213 1.5859229222 0.0126913530111 0.0191487600092
15.0 34 33 1.36626010213 1.5859229222 0.0416334556894 0.0426200046804
15.0 35 34 1.36626010213 1.5859229222 -0.00816052487934 -0.0115060736632
15.0 36 35 1.36626010213 1.5859229222 0.00947251137544 -0.00279560774774
15.0 37 36 1.36626010213 1.5859229222 0.00807465794535 5.91356209458e-05
15.0 38 37 1.36626010213 1.5859229222 0.0286641435815 0.0138441967015
15.0 39 38 1.36626010213 1.5859229222 0.0420538878556 0.0273436781226
15.0 40 39 1.36626010213 1.5859229222 0.0152764306054 -0.0027988195102
15.0 41 40 1.36626010213 1.5859229222 0.0173397793909 0.026968972403
15.0 42 41 1.36626010213 1.5859229222 -0.0133623402257 -0.0167152204077
15.0 43 42 1.36626010213 1.5859229222 0.00413988902768 -0.00242117044103
15.0 44 43 1.36626010213 1.5859229222 -0.0101888416091 -0.019682759976
15.0 45 44 1.36626010213 1.5859229222 0.0222183038436 0.0197132935836
15.0 46 45 1.36626010213 1.5859229222 -0.0194336496344 -0.02082083041
15.0 47 46 1.36626010213 1.5859229222 0.0210571324267 0.0176762932438
15.0 48 47 1.36626010213 1.5859229222 -0.00833720721254 -0.0196401191014
15.0 49 48 1.36626010213 1.5859229222 0.0348589758745 0.0337135537866
15.0 50 49 1.36626010213 1.5859229222 0.0383900818766 0.0325752005405
15.0 51 50 1.36626010213 1.5859229222 -0.00242124046872 0.000765727830126
15.0 x 51 1.36626010213 1.5859229222 -6.6941601552 -1.18278669484
15.0 x 52 1.36626010213 1.5859229222 -6.6941601552 -1.10467184062
15.0 52 53 1.36626010213 1.5859229222 -0.0529544026005 -0.0490717533468
15.0 53 54 1.36626010213 1.5859229222 0.00527808809631 0.0114822718509
15.0 54 55 1.36626010213 1.5859229222 -0.00636992009376 -0.0308073926245
15.0 55 56 1.36626010213 1.5859229222 -0.0232571054466 -0.024456972333
15.0 x 57 1.36626010213 1.5859229222 -6.77146349524 -1.02744912894
15.0 56 58 1.36626010213 1.5859229222 -0.00929299824859 0.0181049876004
15.0 x 59 1.36626010213 1.5859229222 -6.78075649349 -0.899002107664
15.0 x 60 1.36626010213 1.5859229222 -6.78075649349 -0.988583294581
15.0 57 61 1.36626010213 1.5859229222 -0.0491033894136 -0.0556860491044
15.0 58 62 1.36626010213 1.5859229222 -0.0025136614586 0.00223566343869
15.0 59 63 1.36626010213 1.5859229222 -0.0323701710087 -0.0357804284052
15.0 60 64 1.36626010213 1.5859229222 -0.824681816667 -0.809023286202
15.0 61 65 1.36626010213 1.5859229222 -0.0204972368521 -0.0382591586421
15.0 62 66 1.36626010213 1.5859229222 0.823192702702 0.819304643888
15.0 x 67 1.36626010213 1.5859229222 -6.88673006619 -0.824333620562
15.0 63 68 1.36626010213 1.5859229222 0.0331120804581 0.0339179075151
15.0 x 69 1.36626010213 1.5859229222 -6.85361798573 -0.883772641639
15.0 64 70 1.36626010213 1.5859229222 -0.00898744373457 0.00171788531763
15.0 x 71 1.36626010213 1.5859229222 -6.15703593234 -1.32346142426
15.0 65 72 1.36626010213 1.5859229222 -0.803451682778 -0.705129050773
15.0 66 73 1.36626010213 1.5859229222 -0.612935198924 -0.612952610049
15.0 67 74 1.36626010213 1.5859229222 0.00105754584179 0.0118113137057
15.0 68 75 1.36626010213 1.5859229222 0.570216539108 0.572298603241
15.0 x 76 1.36626010213 1.5859229222 -7.00214872909 -0.539869682412
15.0 69 77 1.36626010213 1.5859229222 -0.00895106265138 -0.0169717092625
15.0 70 78 1.36626010213 1.5859229222 -0.00559426600272 -0.0135194140663
15.0 71 79 1.36626010213 1.5859229222 0.00943920541567 -0.00698551851366
15.0 72 80 1.36626010213 1.5859229222 0.00355698343136 0.0120771367237
15.0 73 81 1.36626010213 1.5859229222 5.11386007795 5.03016621251
15.0 74 82 1.36626010213 1.5859229222 0.996261949007 0.996445385239
15.0 x 83 1.36626010213 1.5859229222 -6.71876802123 -0.986194824925
15.0 75 84 1.36626010213 1.5859229222 -0.955963997169 -0.943961897937
15.0 76 85 1.36626010213 1.5859229222 -0.0173053112068 -0.0288266179605
15.0 77 86 1.36626010213 1.5859229222 0.919490091638 0.910207179277
15.0 78 87 1.36626010213 1.5859229222 -0.0193774907945 -0.0339869290889
15.0 x 88 1.36626010213 1.5859229222 -6.79192472876 -0.995576789925
15.0 79 89 1.36626010213 1.5859229222 -0.945835273312 -0.934600659069
15.0 80 90 1.36626010213 1.5859229222 0.982559471708 0.977103864525
15.0 x 91 1.36626010213 1.5859229222 -5.38931129107 -2.2031342996
15.0 x 92 1.36626010213 1.5859229222 -5.38931129107 -2.14843278091
15.0 x 93 1.36626010213 1.5859229222 -5.38931129107 -1.35163363744
15.0 x 94 1.36626010213 1.5859229222 -5.38931129107 -2.1621124622
15.0 x 95 1.36626010213 1.5859229222 -5.38931129107 -2.22026882107
15.0 x 96 1.36626010213 1.5859229222 -5.38931129107 -1.32564331712
15.0 81 97 1.36626010213 1.5859229222 -2.30780699337 -2.2166743649
15.0 82 98 1.36626010213 1.5859229222 0.882058904869 0.892444164845
15.0 83 99 1.36626010213 1.5859229222 0.00884340313175 0.00685910725261
15.0 84 100 1.36626010213 1.5859229222 -0.0282739797918 -0.0529540890471
15.0 85 101 1.36626010213 1.5859229222 -1.83405658291 -1.87973321018
15.0 86 102 1.36626010213 1.5859229222 1.06674754803 1.07113167584
15.0 87 103 1.36626010213 1.5859229222 -1.03192925768 -1.02695375744
15.0 88 104 1.36626010213 1.5859229222 -0.00524720711163 -0.0128810385694
15.0 89 105 1.36626010213 1.5859229222 1.08257346584 1.07860171694
15.0 x 106 1.36626010213 1.5859229222 -6.62852393548 -1.06708178161
15.0 90 107 1.36626010213 1.5859229222 0.00377716608499 -0.00245499472088
15.0 x 108 1.36626010213 1.5859229222 -6.62474676939 -1.01594926352
15.0 x 109 1.36626010213 1.5859229222 -6.62474676939 -1.05023869133
15.0 91 110 1.36626010213 1.5859229222 -1.11334369674 -1.11259635359
15.0 92 111 1.36626010213 1.5859229222 1.10179762078 1.11169508766
15.0 93 112 1.36626010213 1.5859229222 0.00970295698937 0.0089405614494
15.0 x 113 1.36626010213 1.5859229222 -6.62658988836 -1.07825231091
15.0 94 114 1.36626010213 1.5859229222 0.0329539820244 0.0262847705509
15.0 95 115 1.36626010213 1.5859229222 0.000218803947811 0.000112787965556
15.0 96 116 1.36626010213 1.5859229222 0.0160940485103 0.0255849132479
15.0 97 117 1.36626010213 1.5859229222 -0.0322578931931 -0.0385139856712
15.0 x 118 1.36626010213 1.5859229222 -6.60958094707 -1.114698672
15.0 x 119 1.36626010213 1.5859229222 -6.60958094707 -1.17833452067
15.0 98 120 1.36626010213 1.5859229222 -1.10167745444 -1.10623190806
15.0 99 121 1.36626010213 1.5859229222 0.037486265687 0.0672922258726
15.0 100 122 1.36626010213 1.5859229222 1.0804017467 1.09175689751
15.0 101 123 1.36626010213 1.5859229222 -1.05668911243 -1.0448436596
15.0 102 124 1.36626010213 1.5859229222 -0.0123191141002 -0.0134796964973
15.0 103 125 1.36626010213 1.5859229222 1.02082095265 1.02459385992
15.0 x 126 1.36626010213 1.5859229222 -6.641557663 -1.05690986791
15.0 104 127 1.36626010213 1.5859229222 -1.02687242806 -1.0289334516
15.0 105 128 1.36626010213 1.5859229222 0.996740486579 1.00031961241
15.0 x 129 1.36626010213 1.5859229222 -6.67168960448 -1.01268913474
15.0 106 130 1.36626010213 1.5859229222 -0.0078511244373 -0.00685203554592
15.0 107 131 1.36626010213 1.5859229222 0.0281151563083 0.0304546155816
15.0 x 132 1.36626010213 1.5859229222 -6.65142557261 -1.02508259829
15.0 108 133 1.36626010213 1.5859229222 -0.0228710306344 -0.0183331085691
15.0 x 134 1.36626010213 1.5859229222 -6.67429660324 -0.93145417433
15.0 x 135 1.36626010213 1.5859229222 -6.67429660324 -0.926478051059
15.0 109 136 1.36626010213 1.5859229222 0.0271127001041 0.0277803684144
15.0 110 137 1.36626010213 1.5859229222 -0.990191923032 -0.991711775034
15.0 111 138 1.36626010213 1.5859229222 -0.00636542661587 -0.0205769369396
15.0 112 139 1.36626010213 1.5859229222 0.966339818839 0.962755370022
