19.0 1 0 1.36626010213 1.5859229222 -0.00328331460899 -0.0108381754518
19.0 2 1 1.36626010213 1.5859229222 0.0273125066073 0.0299848355754
19.0 3 2 1.36626010213 1.5859229222 0.017482174284 0.00940933349244
19.0 4 3 1.36626010213 1.5859229222 0.003689339666 0.00675672189227
19.0 5 4 1.36626010213 1.5859229222 0.003340113288 0.00251425103843
19.0 6 5 1.36626010213 1.5859229222 0.034162566926 0.0137454778579
19.0 7 6 1.36626010213 1.5859229222 -0.00380775610391 -0.00981441244987
19.0 8 7 1.36626010213 1.5859229222 -0.00105015075382 0.0158475413594
19.0 9 8 1.36626010213 1.5859229222 0.0113352184887 -0.0044394154174
19.0 10 9 1.36626010213 1.5859229222 -0.0163751010591 -0.0229706943849
19.0 11 10 1.36626010213 1.5859229222 -0.023879261742 -0.0181648440484
19.0 12 11 1.36626010213 1.5859229222 0.0106992963986 0.00356086232853
19.0 13 12 1.36626010213 1.5859229222 0.00622696256157 0.0127914994336
19.0 14 13 1.36626010213 1.5859229222 -0.00625626894344 -0.0262354556464
19.0 15 14 1.36626010213 1.5859229222 0.00526378320516 0.0173538277505
19.0 16 15 1.36626010213 1.5859229222 -0.0292474783407 -0.0127243082124
19.0 17 16 1.36626010213 1.5859229222 -0.0246632198949 -0.0184684556584
19.0 18 17 1.36626010213 1.5859229222 -0.0115910525967 -0.0214500370539
19.0 19 18 1.36626010213 1.5859229222 -0.00275937944778 -0.0118005681312
19.0 20 19 1.36626010213 1.5859229222 0.0162125181315 0.0230632833803
19.0 21 20 1.36626010213 1.5859229222 0.00279308754153 -0.0155987239766
19.0 22 21 1.36626010213 1.5859229222 0.000164682604897 0.021382218994
19.0 23 22 1.36626010213 1.5859229222 -0.0181533449735 -0.007375730878
19.0 24 23 1.36626010213 1.5859229222 -0.0107666462901 -0.0109179835658
19.0 25 24 1.36626010213 1.5859229222 -0.00648368187891 0.00631562464602
19.0 26 25 1.36626010213 1.5859229222 0.00868567042264 0.0181161590931
19.0 27 26 1.36626010213 1.5859229222 0.0171265042754 0.0232898539899
19.0 28 27 1.36626010213 1.5859229222 0.00592442790364 0.00627724599685
19.0 29 28 1.36626010213 1.5859229222 0.00336329612482 0.00455969307582
19.0 30 29 1.36626010213 1.5859229222 0.00433826407316 0.00408954249866
19.0 31 30 1.36626010213 1.5859229222 0.00238744406674 -0.00493984783982
19.0 32 31 1.36626010213 1.5859229222 0.0196996355037 -0.0525657144845
19.0 33 32 1.36626010213 1.5859229222 0.00853313262236 0.0149255461732
19.0 34 33 1.36626010213 1.5859229222 0.0311282351537 0.0321749326933
19.0 35 34 1.36626010213 1.5859229222 -0.00452470699546 -0.00776638752195
19.0 36 35 1.36626010213 1.5859229222 0.00662484119663 -0.00531671164656
19.0 37 36 1.36626010213 1.5859229222 0.00971155130856 0.00131592490289
19.0 38 37 1.36626010213 1.5859229222 0.0202622633753 0.00492552051707
19.0 39 38 1.36626010213 1.5859229222 0.034206053726 0.0196181535879
19.0 40 39 1.36626010213 1.5859229222 0.0121270740278 -0.00583189419736
19.0 41 40 1.36626010213 1.5859229222 0.0112526175143 0.0220260533157
19.0 42 41 1.36626010213 1.5859229222 -0.0109192237172 0.111613312122
19.0 43 42 1.36626010213 1.5859229222 0.00346664515289 -0.00195039022091
19.0 44 43 1.36626010213 1.5859229222 -0.00278523646285 -0.00917706897299
19.0 45 44 1.36626010213 1.5859229222 0.0196520981543 0.0171585511858
19.0 46 45 1.36626010213 1.5859229222 -0.0100324217033 -0.0112330946698
19.0 47 46 1.36626010213 1.5859229222 0.0146075934284 0.00971480891164
19.0 48 47 1.36626010213 1.5859229222 -0.00575263720275 -0.0168373330013
19.0 49 48 1.36626010213 1.5859229222 0.0285169659115 0.0309787040716
19.0 50 49 1.36626010213 1.5859229222 0.0267722441814 0.0209324999994
19.0 51 50 1.36626010213 1.5859229222 -0.00270669790889 0.0011887784019
19.0 52 51 1.36626010213 1.5859229222 -0.868726820099 -0.985216891256
19.0 53 52 1.36626010213 1.5859229222 0.000947052685009 0.00051210816969
19.0 54 53 1.36626010213 1.5859229222 0.0085265676027 0.011884155044
19.0 55 54 1.36626010213 1.5859229222 0.025634457706 0.0343595142743
19.0 56 55 1.36626010213 1.5859229222 -0.0305744204352 -0.0546695524244
19.0 57 56 1.36626010213 1.5859229222 0.000702417499942 0.00206947806636
19.0 58 57 1.36626010213 1.5859229222 0.81658175068 0.812095254954
19.0 x 58 1.36626010213 1.5859229222 -5.38792728554 -0.75644280714
19.0 x 59 1.36626010213 1.5859229222 -5.38792728554 -0.763276055524
19.0 59 60 1.36626010213 1.5859229222 -0.826022829358 -0.837041815526
19.0 60 61 1.36626010213 1.5859229222 0.788299936154 0.779712246037
19.0 61 62 1.36626010213 1.5859229222 -0.00524255892449 -0.00113489473006
19.0 62 63 1.36626010213 1.5859229222 -0.0259696204064 -0.0301963634605
19.0 63 64 1.36626010213 1.5859229222 -0.0157768694317 0.00282243449509
19.0 64 65 1.36626010213 1.5859229222 0.013197372544 -0.00347753658872
19.0 65 66 1.36626010213 1.5859229222 -0.0101834906335 -0.0161395534155
19.0 66 67 1.36626010213 1.5859229222 -0.000471472324331 -0.00788509163501
19.0 x 68 1.36626010213 1.5859229222 -5.47009681793 -0.705532894313
19.0 67 69 1.36626010213 1.5859229222 -0.00214337288428 -0.00627629120765
19.0 68 70 1.36626010213 1.5859229222 -0.00842380558936 0.00134171779404
19.0 69 71 1.36626010213 1.5859229222 -0.00266638437504 0.172920723666
19.0 70 72 1.36626010213 1.5859229222 0.0137875195185 0.0004863582459
19.0 71 73 1.36626010213 1.5859229222 -0.0249264239851 -0.0243443286437
19.0 72 74 1.36626010213 1.5859229222 -0.00448288842177 0.00616795769485
19.0 73 75 1.36626010213 1.5859229222 -0.00351294969104 -0.00145006601056
19.0 74 76 1.36626010213 1.5859229222 -0.442073134398 -0.439806926518
19.0 75 77 1.36626010213 1.5859229222 -0.0218831600234 -0.0300424676117
19.0 76 78 1.36626010213 1.5859229222 -0.00952337711216 -0.0174091131366
19.0 77 79 1.36626010213 1.5859229222 -0.0152452158378 -0.0317667149137
19.0 78 80 1.36626010213 1.5859229222 0.0210161136964 0.0292369664744
19.0 79 81 1.36626010213 1.5859229222 28.9045621909 28.9276679697
19.0 80 82 1.36626010213 1.5859229222 0.00965018837014 0.00992636803915
19.0 81 83 1.36626010213 1.5859229222 -0.0028222200857 -0.00409089026644
19.0 82 84 1.36626010213 1.5859229222 0.482526502729 0.495088678899
19.0 x 85 1.36626010213 1.5859229222 -5.49595362133 -0.490628821813
19.0 x 86 1.36626010213 1.5859229222 -5.49595362133 -0.479521589409
19.0 83 87 1.36626010213 1.5859229222 -0.0145228644375 -0.0274979790932
19.0 84 88 1.36626010213 1.5859229222 0.0105210092559 0.000559978446952
19.0 85 89 1.36626010213 1.5859229222 0.0244664264944 0.0377633209317
19.0 86 90 1.36626010213 1.5859229222 0.00553288162847 0.000285837348759
19.0 87 91 1.36626010213 1.5859229222 15.4188596816 15.4181328856
19.0 88 92 1.36626010213 1.5859229222 -0.445462402684 -0.440557311705
19.0 89 93 1.36626010213 1.5859229222 -0.0299227370406 -0.0487305560052
19.0 90 94 1.36626010213 1.5859229222 0.00255765455849 0.0163343327914
19.0 91 95 1.36626010213 1.5859229222 0.479452106491 0.462700469466
19.0 92 96 1.36626010213 1.5859229222 0.0126718242534 0.00583642360217
19.0 93 97 1.36626010213 1.5859229222 -0.534931376307 -0.540696084875
19.0 94 98 1.36626010213 1.5859229222 0.0316433401163 0.0415631647803
19.0 95 99 1.36626010213 1.5859229222 0.518006285449 0.51385286793
19.0 96 100 1.36626010213 1.5859229222 -0.556558605299 -0.578758481515
19.0 97 101 1.36626010213 1.5859229222 0.044615528883 0.0731884232728
19.0 98 102 1.36626010213 1.5859229222 0.00575166137945 0.0107022374531
19.0 99 103 1.36626010213 1.5859229222 0.518373383037 0.523923414867
19.0 x 104 1.36626010213 1.5859229222 -5.46886582553 -0.508701901677
19.0 100 105 1.36626010213 1.5859229222 0.0138280724053 0.0106663664275
19.0 101 106 1.36626010213 1.5859229222 -0.00942986305626 -0.00725013494696
19.0 x 107 1.36626010213 1.5859229222 -5.46446761618 -0.508974689938
19.0 102 108 1.36626010213 1.5859229222 -0.439315027447 -0.416053966365
19.0 103 109 1.36626010213 1.5859229222 0.0309050471905 0.0418448174383
19.0 104 110 1.36626010213 1.5859229222 0.441864890053 0.446614821464
19.0 105 111 1.36626010213 1.5859229222 -0.00488096297147 0.0073591906239
19.0 106 112 1.36626010213 1.5859229222 -0.430609508906 -0.428549265475
19.0 107 113 1.36626010213 1.5859229222 0.0134080387913 0.0112428479334
19.0 108 114 1.36626010213 1.5859229222 -0.0236854644415 -0.0309480010789
19.0 109 115 1.36626010213 1.5859229222 0.00607838267967 0.00317992626309
19.0 110 116 1.36626010213 1.5859229222 0.500782636953 0.508591126302
19.0 111 117 1.36626010213 1.5859229222 -0.0285128915606 -0.0362979049219
19.0 112 118 1.36626010213 1.5859229222 0.00552933283981 -0.00399004815091
19.0 113 119 1.36626010213 1.5859229222 0.0134455147354 -0.015069752976
19.0 114 120 1.36626010213 1.5859229222 0.00138056630306 -0.00606866500305
19.0 115 121 1.36626010213 1.5859229222 0.0130552464966 0.041275673361
19.0 116 122 1.36626010213 1.5859229222 -0.507536251738 -0.49776891921
19.0 117 123 1.36626010213 1.5859229222 0.472368106672 0.486016929219
19.0 118 124 1.36626010213 1.5859229222 -0.0141968786584 -0.0153540825588
19.0 119 125 1.36626010213 1.5859229222 -0.0137914961537 -0.00947860688272
19.0 120 126 1.36626010213 1.5859229222 -0.459671329937 -0.467170017796
19.0 121 127 1.36626010213 1.5859229222 0.000106163929923 0.0030134056559
19.0 122 128 1.36626010213 1.5859229222 0.448988277243 0.448497872123
19.0 123 129 1.36626010213 1.5859229222 -0.454529611658 -0.463704473885
19.0 124 130 1.36626010213 1.5859229222 0.425895890388 0.428891096985
19.0 125 131 1.36626010213 1.5859229222 -0.418731092248 -0.412734333227
19.0 126 132 1.36626010213 1.5859229222 0.431648876246 0.426720713818
19.0 127 133 1.36626010213 1.5859229222 -0.017487792396 -0.0150052102334
19.0 128 134 1.36626010213 1.5859229222 0.00762321842706 0.01090847453
19.0 129 135 1.36626010213 1.57634021862 -0.011472479457 -0.00193155414679
19.0 130 136 1.36626010213 1.5859229222 -0.395361486941 -0.394171499815
19.0 131 137 1.36626010213 1.5859229222 0.392537414999 0.392671158422
19.0 132 138 1.36626010213 1.5859229222 -0.394647829769 -0.408101880541
19.0 133 139 1.36626010213 1.57634021862 0.00349972858718 -0.00300161005096
19.0 134 140 1.36626010213 1.57634021862 0.390575239596 0.400989292776
19.0 x 141 1.3416407865 1.55699788832 -5.47920514834 -0.405083104558
19.0 135 142 1.36626010213 1.57634021862 0.0340216445028 0.0265977348945
19.0 136 143 1.36626010213 1.57634021862 0.0110889058665 0.0210721121572
19.0 137 144 1.36626010213 1.57634021862 0.00366219430013 -0.011118546535
19.0 x 145 1.36626010213 1.57634021862 -5.43043240367 -0.385542139901
19.0 138 146 1.36626010213 1.57634021862 -0.0152265825095 -0.0245405519838
19.0 x 147 1.36626010213 1.57634021862 -5.44565898618 -0.459169764472
19.0 139 148 1.36626010213 1.57634021862 0.0107558643666 0.0105561008785
19.0 x 149 1.36626010213 1.57634021862 -5.43490312181 -0.501310824016
19.0 x 150 1.36626010213 1.5859229222 -5.43490312181 -0.461537079051
19.0 x 151 1.36626010213 1.57634021862 -5.43490312181 -0.440292281494
19.0 140 152 1.36626010213 1.57634021862 -0.461541713249 -0.474405820009
19.0 141 153 1.36626010213 1.57634021862 0.478953171288 0.475555875596
19.0 142 154 1.36626010213 1.57634021862 -0.0114746628264 -0.0318349530409
19.0 143 155 1.36626010213 1.57634021862 -0.0124236629146 -0.00179188316582
19.0 144 156 1.36626010213 1.57634021862 -0.0245038402254 -0.0336656325156
19.0 145 157 1.36626010213 1.57634021862 -0.0115582361004 -0.0212543793888
