5.0 1 0 1.36626010213 1.5859229222 -0.0124765955142 -0.020031456357
5.0 2 1 1.36626010213 1.5859229222 0.103787525108 0.106459854076
5.0 3 2 1.36626010213 1.5859229222 0.0664322622791 0.0583594214876
5.0 4 3 1.36626010213 1.5859229222 0.0140194907308 0.0170868729571
5.0 5 4 1.36626010213 1.5859229222 0.0126924304944 0.0118665682448
5.0 6 5 1.36626010213 1.5859229222 0.129817754319 0.109400665251
5.0 7 6 1.36626010213 1.5859229222 -0.0144694731949 -0.0204761295408
5.0 8 7 1.36626010213 1.5859229222 -0.0039905728645 0.0129071192487
5.0 9 8 1.36626010213 1.5859229222 0.0430738302571 0.027299196351
5.0 10 9 1.36626010213 1.5859229222 -0.0622253840246 -0.0688209773504
5.0 11 10 1.36626010213 1.5859229222 -0.0907411946197 -0.0850267769261
5.0 12 11 1.36626010213 1.5859229222 0.0406573263146 0.0335188922445
5.0 13 12 1.36626010213 1.5859229222 0.023662457734 0.030226994606
5.0 14 13 1.36626010213 1.5859229222 -0.0237738219851 -0.043753008688
5.0 15 14 1.36626010213 1.5859229222 0.0200023761796 0.032092420725
5.0 16 15 1.36626010213 1.5859229222 -0.111140417695 -0.0946172475664
5.0 x 16 1.36626010213 1.5859229222 -20.7861175809 -0.087525471364
5.0 17 17 1.36626010213 1.5859229222 -0.0439497749927 -0.0540144596985
5.0 18 18 1.36626010213 1.5859229222 -0.00850643531508 -0.0171618824004
5.0 19 19 1.36626010213 1.5859229222 0.0617156581099 0.0685008216544
5.0 20 20 1.36626010213 1.5859229222 0.0110856641624 -0.00729998887181
5.0 21 21 1.36626010213 1.5859229222 0.00224898315609 0.00692411448132
5.0 22 22 1.36626010213 1.5859229222 -0.0748428791927 -0.0656593821918
5.0 23 23 1.36626010213 1.5859229222 -0.0427268329183 -0.042069501645
5.0 24 24 1.36626010213 1.5859229222 -0.0271481648056 -0.0149993921352
5.0 25 25 1.36626010213 1.5859229222 0.0314989809859 0.0407499942285
5.0 26 26 1.36626010213 1.5859229222 0.0644229940765 0.0709890234946
5.0 27 27 1.36626010213 1.5859229222 0.0178606446213 0.0179885125478
5.0 28 28 1.36626010213 1.5859229222 0.0125609846288 0.0128941296181
5.0 29 29 1.36626010213 1.5859229222 0.0137776593189 0.0133020487163
5.0 30 30 1.36626010213 1.5859229222 0.00841020007201 0.00192356306846
5.0 31 31 1.36626010213 1.5859229222 0.0739225619411 0.0568857887057
5.0 32 32 1.36626010213 1.5859229222 0.0371012630534 0.0435462803481
5.0 33 33 1.36626010213 1.5859229222 0.126114799742 0.127461561274
5.0 34 34 1.36626010213 1.5859229222 -0.0260232101545 -0.0296662336518
5.0 35 35 1.36626010213 1.5859229222 0.0295328199751 0.0173206929967
5.0 36 36 1.36626010213 1.5859229222 0.0238497657801 0.016008756014
5.0 37 37 1.36626010213 1.5859229222 0.0815107141513 0.0667652176076
5.0 38 38 1.36626010213 1.5859229222 0.123972970492 0.109102870376
5.0 39 39 1.36626010213 1.5859229222 0.047037766938 0.0290989942328
5.0 40 40 1.36626010213 1.5859229222 0.0458558728451 0.0556269708635
5.0 41 41 1.36626010213 1.5859229222 -0.0426090607276 -0.0462059835875
5.0 42 42 1.36626010213 1.5859229222 0.0127651566401 0.00649853403947
5.0 43 43 1.36626010213 1.5859229222 -0.0302433708891 -0.0396843648981
5.0 44 44 1.36626010213 1.5859229222 0.0643428784964 0.0616685421091
5.0 45 45 1.36626010213 1.5859229222 -0.0541982742854 -0.0553781369191
5.0 46 46 1.36626010213 1.5859229222 0.0627781356582 0.0597376194619
5.0 47 47 1.36626010213 1.5859229222 -0.0243265973499 -0.0354965299087
5.0 48 48 1.36626010213 1.5859229222 0.103305026733 0.102246625521
5.0 49 49 1.36626010213 1.5859229222 0.110812641097 0.104987647944
5.0 50 50 1.36626010213 1.5859229222 -0.00537668065712 -0.00190464324495
5.0 x 51 1.36626010213 1.5859229222 -19.9995847195 -3.65089577277
5.0 x 52 1.36626010213 1.5859229222 -19.9995847195 -3.46109752438
5.0 x 53 1.36626010213 1.5859229222 -19.9995847195 -3.42531428596
5.0 51 54 1.36626010213 1.5859229222 0.0141255632392 0.0203517358933
5.0 x 55 1.36626010213 1.5859229222 -19.9854591563 -3.51909129187
5.0 52 56 1.36626010213 1.5859229222 -0.0664065431193 -0.0679780720053
5.0 x 57 1.36626010213 1.5859229222 -20.0518656994 -3.32246075423
5.0 x 58 1.36626010213 1.5859229222 -20.0518656994 -3.15147365022
5.0 53 59 1.36626010213 1.5859229222 0.0389426679974 0.0525570848533
5.0 x 60 1.36626010213 1.5859229222 -20.0129230314 -3.22151120813
5.0 x 61 1.36626010213 1.5859229222 -20.0129230314 -3.17130619202
5.0 54 62 1.36626010213 1.5859229222 -3.1470895542 -3.1428547764
5.0 55 63 1.36626010213 1.5859229222 3.05277666891 3.05021890842
5.0 x 64 1.36626010213 1.5859229222 -20.1072359167 -0.05102011096
5.0 x 65 1.36626010213 1.5859229222 -20.1072359167 -3.15267721883
5.0 56 66 1.36626010213 1.5859229222 -0.0456748024485 -0.0508813204567
5.0 x 67 1.36626010213 1.5859229222 -20.1529107192 -3.01647005875
5.0 57 68 1.36626010213 1.5859229222 0.0865685953892 0.0874791805902
5.0 58 69 1.36626010213 1.5859229222 -0.0125414788384 -0.0170742814509
5.0 59 70 1.36626010213 1.5859229222 -0.0223669538878 -0.0122628889092
5.0 x 71 1.36626010213 1.5859229222 -8.94040967961 -11.3859282003
5.0 x 72 1.36626010213 1.5859229222 -8.94040967961 -14.4583011945
5.0 x 73 1.36626010213 1.5859229222 -8.94040967961 -11.428601336
5.0 x 74 1.36626010213 1.5859229222 -8.94040967961 -11.371755643
5.0 x 75 1.36626010213 1.5859229222 -8.94040967961 -14.2817050583
5.0 x 76 1.36626010213 1.5859229222 -8.94040967961 -11.322481185
5.0 x 77 1.36626010213 1.5859229222 -8.94040967961 -11.400174806
5.0 x 78 1.36626010213 1.5859229222 -8.94040967961 -11.4050258607
5.0 x 79 1.36626010213 1.5859229222 -8.94040967961 -11.3237508685
5.0 x 80 1.36626010213 1.5859229222 -8.94040967961 -11.3281954742
5.0 x 81 1.36626010213 1.5859229222 -9.07025947346 -10.8642670087
5.0 x 82 1.36626010213 1.5859229222 -9.07025947346 -10.882694286
5.0 x 83 1.36626010213 1.5859229222 -9.07025947346 -10.8975444711
5.0 x 84 1.36626010213 1.5859229222 -9.07025947346 -14.1628970309
5.0 x 85 1.36626010213 1.5859229222 -9.07025947346 -14.3232479496
5.0 x 86 1.36626010213 1.5859229222 -9.07025947346 -14.30267848
5.0 x 87 1.36626010213 1.5859229222 -9.07025947346 -10.9847014908
5.0 x 88 1.36626010213 1.5859229222 -9.07025947346 -14.3462220483
5.0 x 89 1.36626010213 1.5859229222 -9.07025947346 -10.8286842326
5.0 x 90 1.36626010213 1.5859229222 -9.07025947346 -10.8971069044
5.0 x 91 1.36626010213 1.5859229222 -5.90661190165 -14.2251027035
5.0 x 92 1.36626010213 1.5859229222 -5.90661190165 -17.4182084408
5.0 x 93 1.36626010213 1.5859229222 -5.90661190165 -17.6342678357
5.0 x 94 1.36626010213 1.5859229222 -5.90661190165 -14.1277762348
5.0 x 95 1.36626010213 1.5859229222 -5.90661190165 -17.5889887343
5.0 x 96 1.36626010213 1.5859229222 -5.90661190165 -14.1534939325
5.0 x 97 1.36626010213 1.5859229222 -5.90661190165 -17.5961109292
5.0 x 98 1.36626010213 1.5859229222 -5.90661190165 -14.2142737513
5.0 x 99 1.36626010213 1.5859229222 -5.90661190165 -14.1702769623
5.0 x 100 1.36626010213 1.5859229222 -5.90661190165 -14.3101760808
5.0 x 101 1.36626010213 1.5859229222 -7.0036978689 -13.9080370871
5.0 x 102 1.36626010213 1.5859229222 -7.0036978689 -15.6501437033
5.0 x 103 1.36626010213 1.5859229222 -7.0036978689 -15.5850085311
5.0 x 104 1.36626010213 1.5859229222 -7.0036978689 -15.6993301117
5.0 x 105 1.36626010213 1.5859229222 -7.0036978689 -13.8792210024
5.0 x 106 1.36626010213 1.5859229222 -7.0036978689 -15.6304891
5.0 x 107 1.36626010213 1.5859229222 -7.0036978689 -13.9051321772
5.0 x 108 1.36626010213 1.5859229222 -7.0036978689 -15.4690020467
5.0 x 109 1.36626010213 1.5859229222 -7.0036978689 -13.906150677
5.0 x 110 1.36626010213 1.5859229222 -7.0036978689 -13.895001763
5.0 x 111 1.36626010213 1.5859229222 -7.0036978689 -15.5727081616
5.0 x 112 1.36626010213 1.5859229222 -7.0036978689 -15.7104627451
5.0 x 113 1.36626010213 1.5859229222 -7.0036978689 -13.8762314159
5.0 x 114 1.36626010213 1.5859229222 -7.0036978689 -15.7709152766
5.0 x 115 1.36626010213 1.5859229222 -7.0036978689 -13.9380209626
5.0 x 116 1.36626010213 1.5859229222 -7.0036978689 -13.8569504221
5.0 x 117 1.36626010213 1.5859229222 -7.0036978689 -14.0505743208
5.0 x 118 1.36626010213 1.5859229222 -7.0036978689 -13.9057269574
5.0 x 119 1.36626010213 1.5859229222 -7.0036978689 -13.8987703922
5.0 x 120 1.36626010213 1.5859229222 -7.0036978689 -13.9381882236
5.0 x 121 1.36626010213 1.5859229222 -7.0036978689 -13.8363680576
5.0 x 122 1.36626010213 1.5859229222 -7.0036978689 -13.9398372814
5.0 x 123 1.36626010213 1.5859229222 -7.0036978689 -13.9982242435
5.0 x 124 1.36626010213 1.5859229222 -7.0036978689 -13.978101711
5.0 x 125 1.36626010213 1.5859229222 -7.0036978689 -13.9741269908
5.0 x 126 1.36626010213 1.5859229222 -7.0036978689 -13.9101269245
5.0 x 127 1.36626010213 1.5859229222 -7.0036978689 -13.8890476439
5.0 x 128 1.36626010213 1.5859229222 -7.0036978689 -15.6254506219
5.0 x 129 1.36626010213 1.5859229222 -7.0036978689 -15.7552396431
5.0 x 130 1.36626010213 1.5859229222 -7.0036978689 -13.9571461978
5.0 x 131 1.36626010213 1.5859229222 -7.0036978689 -15.6687308195
5.0 x 132 1.36626010213 1.5859229222 -7.0036978689 -13.9613478408
5.0 x 133 1.36626010213 1.5859229222 -7.0036978689 -13.977279328
5.0 x 134 1.36626010213 1.5859229222 -7.0036978689 -15.5993826457
5.0 x 135 1.36626010213 1.5859229222 -7.0036978689 -13.970655887
5.0 x 136 1.36626010213 1.5859229222 -7.0036978689 -13.854753052
5.0 x 137 1.36626010213 1.5859229222 -7.0036978689 -13.9978676249
5.0 x 138 1.36626010213 1.5859229222 -7.0036978689 -13.9915929091
5.0 x 139 1.36626010213 1.5859229222 -7.0036978689 -13.919966716
5.0 x 140 1.36626010213 1.5859229222 -7.0036978689 -13.8876553737
5.0 x 141 1.36626010213 1.5859229222 -7.0036978689 -13.9952145569
5.0 x 142 1.36626010213 1.5859229222 -7.0036978689 -15.730327375
5.0 x 143 1.36626010213 1.5859229222 -7.0036978689 -15.5443188312
5.0 x 144 1.36626010213 1.5859229222 -7.0036978689 -15.8329147363
5.0 x 145 1.36626010213 1.5859229222 -7.0036978689 -13.9127584216
5.0 x 146 1.36626010213 1.5859229222 -7.0036978689 -15.7144060568
5.0 x 147 1.36626010213 1.5859229222 -7.0036978689 -13.9252927706
5.0 x 148 1.36626010213 1.5859229222 -7.0036978689 -13.8834492429
5.0 x 149 1.36626010213 1.5859229222 -7.0036978689 -13.9831276088
5.0 x 150 1.36626010213 1.5859229222 -7.0036978689 -13.7914662841
5.0 x 151 1.36626010213 1.5859229222 -7.0036978689 -15.5977556056
5.0 x 152 1.36626010213 1.5859229222 -7.0036978689 -13.8589276161
5.0 x 153 1.36626010213 1.5859229222 -7.0036978689 -13.9467865867
5.0 x 154 1.36626010213 1.5859229222 -7.0036978689 -13.985881293
5.0 x 155 1.36626010213 1.5859229222 -7.0036978689 -13.9728495476
5.0 x 156 1.36626010213 1.5859229222 -7.0036978689 -15.7324195073
5.0 x 157 1.36626010213 1.5859229222 -7.0036978689 -13.9761199264
5.0 x 158 1.36626010213 1.5859229222 -7.0036978689 -13.9103590976
5.0 x 159 1.36626010213 1.5859229222 -7.0036978689 -13.9671001387
5.0 x 160 1.36626010213 1.5859229222 -7.0036978689 -13.827175631
5.0 x 161 1.36626010213 1.5859229222 -7.0036978689 -13.9674272486
5.0 x 162 1.36626010213 1.5859229222 -7.0036978689 -13.8690800477
5.0 x 163 1.36626010213 1.5859229222 -7.0036978689 -13.8595268489
5.0 x 164 1.36626010213 1.5859229222 -7.0036978689 -13.9198905341
5.0 x 165 1.36626010213 1.5859229222 -7.0036978689 -15.6470071259
5.0 x 166 1.36626010213 1.5859229222 -7.0036978689 -13.8671037907
5.0 x 167 1.36626010213 1.5859229222 -7.0036978689 -15.740086527
5.0 x 168 1.36626010213 1.5859229222 -7.0036978689 -15.6605416699
5.0 x 169 1.36626010213 1.5859229222 -7.0036978689 -15.6841838331
5.0 x 170 1.36626010213 1.5859229222 -7.0036978689 -15.6290426028
5.0 x 171 1.36626010213 1.5859229222 -7.0036978689 -15.5322960136
5.0 x 172 1.36626010213 1.5859229222 -7.0036978689 -13.8672883374
5.0 x 173 1.36626010213 1.5859229222 -7.0036978689 -14.0195219102
5.0 x 174 1.36626010213 1.5859229222 -7.0036978689 -13.8790684516
5.0 x 175 1.36626010213 1.5859229222 -7.0036978689 -15.5990908379
5.0 x 176 1.36626010213 1.5859229222 -7.0036978689 -13.9529875268
