9.0 1 0 1.36626010213 1.5859229222 -0.00693144195232 -0.0144863027952
9.0 2 1 1.36626010213 1.5859229222 0.0576597361709 0.060332065139
9.0 3 2 1.36626010213 1.5859229222 0.0369068123773 0.0288339715857
9.0 4 3 1.36626010213 1.5859229222 0.00778860596155 0.0108559881878
9.0 5 4 1.36626010213 1.5859229222 0.00705135027468 0.00622548802511
9.0 6 5 1.36626010213 1.5859229222 0.0721209746215 0.0517038855534
9.0 7 6 1.36626010213 1.5859229222 -0.00803859621936 -0.0140452525653
9.0 8 7 1.36626010213 1.5859229222 -0.00221698492472 0.0146807071885
9.0 9 8 1.36626010213 1.5859229222 0.0239299056984 0.00815527179229
9.0 10 9 1.36626010213 1.5859229222 -0.0345696577914 -0.0411652511172
9.0 11 10 1.36626010213 1.5859229222 -0.0504117747887 -0.0446973570951
9.0 12 11 1.36626010213 1.5859229222 0.0225874035081 0.015448969438
9.0 13 12 1.36626010213 1.5859229222 0.0131458098522 0.0197103467242
9.0 14 13 1.36626010213 1.5859229222 -0.0132076788806 -0.0331868655836
9.0 15 14 1.36626010213 1.5859229222 0.0111124312109 0.0232024757562
9.0 16 15 1.36626010213 1.5859229222 -0.0617446764971 -0.0452215063687
9.0 17 16 1.36626010213 1.5859229222 -0.0520667975558 -0.0458720333193
9.0 18 17 1.36626010213 1.5859229222 -0.0244699999263 -0.0343289843835
9.0 19 18 1.36626010213 1.5859229222 -0.00582535661198 -0.0148665452954
9.0 20 19 1.36626010213 1.5859229222 0.0342264271665 0.0410771924153
9.0 21 20 1.36626010213 1.5859229222 0.00589651814323 -0.0124952933749
9.0 22 21 1.36626010213 1.5859229222 0.000884912788703 0.00513414762079
9.0 23 22 1.36626010213 1.5859229222 -0.0412160081537 -0.0323536095807
9.0 24 23 1.36626010213 1.5859229222 -0.0230780562796 -0.0224400867325
9.0 25 24 1.36626010213 1.5859229222 -0.015540112937 -0.00370620390539
9.0 26 25 1.36626010213 1.5859229222 0.0172218220794 0.026872232114
9.0 27 26 1.36626010213 1.5859229222 0.0350963554655 0.0415813999228
9.0 28 27 1.36626010213 1.5859229222 0.0102503158072 0.0103377289733
9.0 29 28 1.36626010213 1.5859229222 0.00649901361436 0.00673143233678
9.0 30 29 1.36626010213 1.5859229222 0.0084204130779 0.0077981312712
9.0 31 30 1.36626010213 1.5859229222 0.00429469075048 -0.0020106272769
9.0 32 31 1.36626010213 1.5859229222 0.0403707069678 0.0231464354472
9.0 33 32 1.36626010213 1.5859229222 0.0211522550185 0.0276096620166
9.0 34 33 1.36626010213 1.5859229222 0.0693890928156 0.0703756418066
9.0 35 34 1.36626010213 1.5859229222 -0.0136008747989 -0.0169464235827
9.0 36 35 1.36626010213 1.5859229222 0.0157875189591 0.00351939983589
9.0 37 36 1.36626010213 1.5859229222 0.0134577632422 0.00544224091784
9.0 38 37 1.36626010213 1.5859229222 0.0477735726358 0.0329536257558
9.0 39 38 1.36626010213 1.5859229222 0.0700898130926 0.0553796033596
9.0 40 39 1.36626010213 1.5859229222 0.0254607176757 0.00738546756009
9.0 41 40 1.36626010213 1.5859229222 0.0288996323181 0.0385288253302
9.0 42 41 1.36626010213 1.5859229222 -0.0222705670429 -0.0256234472249
9.0 43 42 1.36626010213 1.5859229222 0.00689981504613 0.000338755577424
9.0 44 43 1.36626010213 1.5859229222 -0.0169814026818 -0.0264753210487
9.0 45 44 1.36626010213 1.5859229222 0.0370305064059 0.0345254961459
9.0 46 45 1.36626010213 1.5859229222 -0.0323894160573 -0.033776596833
9.0 47 46 1.36626010213 1.5859229222 0.0350952207112 0.0317143815283
9.0 48 47 1.36626010213 1.5859229222 -0.0138953453542 -0.0251982572431
9.0 49 48 1.36626010213 1.5859229222 0.0580982931241 0.0569528710363
9.0 50 49 1.36626010213 1.5859229222 0.0639834697943 0.0581685884583
9.0 51 50 1.36626010213 1.5859229222 -0.0040354007812 -0.000848432482355
9.0 x 51 1.36626010213 1.5859229222 -11.156933592 -1.95461069045
9.0 52 52 1.36626010213 1.5859229222 0.0148418348442 0.0119815986598
9.0 53 53 1.36626010213 1.5859229222 -0.0870136856273 -0.0832994927841
9.0 x 54 1.36626010213 1.5859229222 -11.2291054428 -1.68624321221
9.0 x 55 1.36626010213 1.5859229222 -11.2291054428 -1.83478343103
9.0 54 56 1.36626010213 1.5859229222 -1.74469741028 -1.74594964193
9.0 55 57 1.36626010213 1.5859229222 -0.00443741006007 -0.00958282940807
9.0 56 58 1.36626010213 1.5859229222 0.0725748305736 0.0994853640628
9.0 57 59 1.36626010213 1.5859229222 0.0922339252959 0.105001592755
9.0 58 60 1.36626010213 1.5859229222 -0.015458540935 -0.0262572683488
9.0 59 61 1.36626010213 1.5859229222 0.00989640098356 0.00280156713404
9.0 60 62 1.36626010213 1.5859229222 0.0197344476894 0.0252952590678
9.0 61 63 1.36626010213 1.5859229222 -0.0109640125613 -0.0133406904764
9.0 62 64 1.36626010213 1.5859229222 1.38119875124 1.39690085222
9.0 x 65 1.36626010213 1.5859229222 -11.4290244608 -1.3537101294
9.0 x 66 1.36626010213 1.5859229222 -11.4290244608 -1.32508622935
9.0 63 67 1.36626010213 1.5859229222 -0.00437492945535 -0.0129350915482
9.0 x 68 1.36626010213 1.5859229222 -11.4333993903 -1.26450237161
9.0 64 69 1.36626010213 1.5859229222 -0.00796532892494 -0.0131019854643
9.0 65 70 1.36626010213 1.5859229222 -0.0110356852243 -0.00128503464612
9.0 x 71 1.36626010213 1.5859229222 -11.6299567611 -0.926038997357
9.0 66 72 1.36626010213 1.5859229222 -1.03542603105 -0.956160817545
9.0 67 73 1.36626010213 1.5859229222 1.01192611621 1.01190870508
9.0 x 74 1.36626010213 1.5859229222 -11.6534566759 -0.956398336538
9.0 68 75 1.36626010213 1.5859229222 -0.00772784353361 -0.00583717937798
9.0 69 76 1.36626010213 1.5859229222 -0.914749884546 -0.912518820985
9.0 70 77 1.36626010213 1.5859229222 -0.0463216075707 -0.0542639730635
9.0 71 78 1.36626010213 1.5859229222 -0.0200368461452 -0.0276093234492
9.0 72 79 1.36626010213 1.5859229222 -0.0321763348073 -0.0489800683091
9.0 73 80 1.36626010213 1.5859229222 1.02185607453 1.02984593847
9.0 x 81 1.36626010213 1.5859229222 -11.652613118 -1.01354228819
9.0 74 82 1.36626010213 1.5859229222 0.00674531024088 0.00747901157225
9.0 75 83 1.36626010213 1.5859229222 -0.969828970608 -0.971785043478
9.0 76 84 1.36626010213 1.5859229222 0.0468031566778 0.0603549733065
9.0 77 85 1.36626010213 1.5859229222 0.931030873948 0.914295049322
9.0 x 86 1.36626010213 1.5859229222 -11.6378627477 -0.988981374557
9.0 x 87 1.36626010213 1.5859229222 -11.6378627477 -0.0455918972362
9.0 78 88 1.36626010213 1.5859229222 -1.00197294466 -1.01201496871
9.0 79 89 1.36626010213 1.5859229222 0.0213448629575 0.0333006880286
9.0 80 90 1.36626010213 1.5859229222 -0.0547467336936 -0.0590306105625
9.0 x 91 1.36626010213 1.5859229222 -8.94040967961 -2.43788775758
9.0 x 92 1.36626010213 1.5859229222 -8.94040967961 -4.02523098493
9.0 x 93 1.36626010213 1.5859229222 -8.94040967961 -4.15474613075
9.0 x 94 1.36626010213 1.5859229222 -8.94040967961 -4.05317128462
9.0 x 95 1.36626010213 1.5859229222 -8.94040967961 -4.12950685373
9.0 x 96 1.36626010213 1.5859229222 -8.94040967961 -2.39797355018
9.0 x 97 1.36626010213 1.5859229222 -8.94040967961 -4.13409456825
9.0 x 98 1.36626010213 1.5859229222 -8.94040967961 -3.99980786198
9.0 x 99 1.36626010213 1.5859229222 -8.94040967961 -4.07378748295
9.0 x 100 1.36626010213 1.5859229222 -8.94040967961 -2.49558587778
9.0 x 101 1.36626010213 1.5859229222 -8.94040967961 -3.95302762091
9.0 x 102 1.36626010213 1.5859229222 -8.94040967961 -4.059069983
9.0 x 103 1.36626010213 1.5859229222 -8.94040967961 -2.3819078904
9.0 x 104 1.36626010213 1.5859229222 -8.94040967961 -4.09203038218
9.0 x 105 1.36626010213 1.5859229222 -8.94040967961 -4.07519667586
9.0 x 106 1.36626010213 1.5859229222 -8.94040967961 -4.05222734157
9.0 x 107 1.36626010213 1.5859229222 -8.94040967961 -4.11443722015
9.0 x 108 1.36626010213 1.5859229222 -8.94040967961 -3.94712756911
9.0 x 109 1.36626010213 1.5859229222 -8.94040967961 -3.99800062401
9.0 x 110 1.36626010213 1.5859229222 -8.94040967961 -2.41004445448
9.0 x 111 1.36626010213 1.5859229222 -8.94040967961 -4.0126213114
9.0 x 112 1.36626010213 1.5859229222 -8.94040967961 -2.3988062565
9.0 x 113 1.36626010213 1.5859229222 -8.94040967961 -2.38287367735
9.0 x 114 1.36626010213 1.5859229222 -8.94040967961 -2.35807041691
9.0 x 115 1.36626010213 1.5859229222 -8.94040967961 -2.41817137429
9.0 x 116 1.36626010213 1.5859229222 -8.94040967961 -2.36902693938
9.0 x 117 1.36626010213 1.5859229222 -8.94040967961 -2.48651565676
9.0 x 118 1.36626010213 1.5859229222 -8.94040967961 -4.10678796882
9.0 x 119 1.36626010213 1.5859229222 -8.94040967961 -4.1991644644
9.0 x 120 1.36626010213 1.5859229222 -8.94040967961 -4.09367587013
9.0 x 121 1.36626010213 1.5859229222 -8.94040967961 -2.34803481623
9.0 x 122 1.36626010213 1.5859229222 -8.94040967961 -2.4121742037
9.0 x 123 1.36626010213 1.5859229222 -8.94040967961 -4.02620694169
9.0 x 124 1.36626010213 1.5859229222 -8.94040967961 -4.09782901558
9.0 x 125 1.36626010213 1.5859229222 -8.94040967961 -2.43794636304
9.0 x 126 1.36626010213 1.5859229222 -8.94040967961 -2.41173265729
9.0 x 127 1.36626010213 1.5859229222 -8.94040967961 -4.07671465545
9.0 x 128 1.36626010213 1.5859229222 -8.94040967961 -2.46468449781
9.0 x 129 1.36626010213 1.5859229222 -8.94040967961 -4.12182274759
9.0 x 130 1.36626010213 1.5859229222 -8.94040967961 -2.43063008917
9.0 x 131 1.36626010213 1.5859229222 -8.94040967961 -4.07078398435
9.0 x 132 1.36626010213 1.5859229222 -8.94040967961 -4.12926010746
9.0 x 133 1.36626010213 1.5859229222 -8.94040967961 -4.05411184478
9.0 x 134 1.36626010213 1.5859229222 -8.94040967961 -2.40164089618
9.0 x 135 1.36626010213 1.5859229222 -8.94040967961 -2.43518207689
9.0 x 136 1.36626010213 1.5859229222 -8.94040967961 -4.08780394693
9.0 x 137 1.36626010213 1.5859229222 -8.94040967961 -2.45689001483
9.0 x 138 1.36626010213 1.5859229222 -8.94040967961 -4.09993844449
9.0 x 139 1.36626010213 1.5859229222 -8.94040967961 -2.40941738668
9.0 x 140 1.36626010213 1.5859229222 -8.94040967961 -4.03033794947
9.0 x 141 1.36626010213 1.5859229222 -8.94040967961 -4.12583875777
9.0 x 142 1.36626010213 1.5859229222 -8.94040967961 -2.35874571145
9.0 x 143 1.36626010213 1.5859229222 -8.94040967961 -3.998059117
9.0 x 144 1.36626010213 1.5859229222 -8.94040967961 -4.16807511311
9.0 x 145 1.36626010213 1.5859229222 -8.94040967961 -2.40838901881
9.0 x 146 1.36626010213 1.5859229222 -8.94040967961 -2.44738095079
9.0 x 147 1.36626010213 1.5859229222 -8.94040967961 -4.12700113855
9.0 x 148 1.36626010213 1.5859229222 -8.94040967961 -4.11594954414
