3.0 1 0 1.36626010213 1.5859229222 -0.020794325857 -0.0283491866998
3.0 2 1 1.36626010213 1.5859229222 0.172979208513 0.175651537481
3.0 3 2 1.36626010213 1.5859229222 0.110720437132 0.10264759634
3.0 4 3 1.36626010213 1.5859229222 0.0233658178846 0.0264332001109
3.0 5 4 1.36626010213 1.5859229222 0.021154050824 0.0203281885745
3.0 6 5 1.36626010213 1.5859229222 0.216362923864 0.195945834796
3.0 7 6 1.36626010213 1.5859229222 -0.0241157886581 -0.0301224450041
3.0 8 7 1.36626010213 1.5859229222 -0.00665095477417 0.010246737339
3.0 9 8 1.36626010213 1.5859229222 0.0717897170952 0.0560150831891
3.0 10 9 1.36626010213 1.5859229222 -0.103708973374 -0.1103045667
3.0 11 10 1.36626010213 1.5859229222 -0.151235324366 -0.145520906673
3.0 12 11 1.36626010213 1.5859229222 0.0677622105243 0.0606237764542
3.0 13 12 1.36626010213 1.5859229222 0.0394374295566 0.0460019664286
3.0 x 13 1.36626010213 1.5859229222 -34.4520095291 -0.0596022233447
3.0 14 14 1.36626010213 1.5859229222 0.0312879362441 0.0434971139253
3.0 x 15 1.36626010213 1.5859229222 -34.4207215928 -0.166818512086
3.0 15 16 1.36626010213 1.5859229222 -0.15963025103 -0.153025349429
3.0 x 17 1.36626010213 1.5859229222 -34.5803518438 -0.081561703382
3.0 16 18 1.36626010213 1.5859229222 -0.013582723788 -0.0229465982526
3.0 17 19 1.36626010213 1.5859229222 0.105311954755 0.112257164302
3.0 18 20 1.36626010213 1.5859229222 0.0131189260025 -0.00540038801155
3.0 19 21 1.36626010213 1.5859229222 -0.000215062300356 0.00487822122352
3.0 20 22 1.36626010213 1.5859229222 -0.122301690705 -0.112190920885
3.0 21 23 1.36626010213 1.5859229222 -0.0689189151199 -0.0680651222324
3.0 22 24 1.36626010213 1.5859229222 -0.0456444210658 -0.0334727484504
3.0 23 25 1.36626010213 1.5859229222 0.0507299117049 0.0608430059891
3.0 24 26 1.36626010213 1.5859229222 0.112819774778 0.119088069085
3.0 25 27 1.36626010213 1.5859229222 0.0308517031875 0.0313121046199
3.0 26 28 1.36626010213 1.5859229222 0.0196532883148 0.0200762412652
3.0 27 29 1.36626010213 1.5859229222 0.027927382007 0.026932920082
3.0 28 30 1.36626010213 1.5859229222 0.0146239413899 0.00807089783965
3.0 29 31 1.36626010213 1.5859229222 0.123968718804 0.106350213186
3.0 30 32 1.36626010213 1.5859229222 0.0634628579326 0.0684064011895
3.0 31 33 1.36626010213 1.5859229222 0.208377057223 0.208995701378
3.0 32 34 1.36626010213 1.5859229222 -0.0383685967269 -0.0422927664157
3.0 33 35 1.36626010213 1.5859229222 0.0490742032001 0.0369522712497
3.0 34 36 1.36626010213 1.5859229222 0.0417111595887 0.0337242168505
3.0 35 37 1.36626010213 1.5859229222 0.135420024927 0.120170139547
3.0 36 38 1.36626010213 1.5859229222 0.205554058003 0.191090053002
3.0 37 39 1.36626010213 1.5859229222 0.0740088470255 0.056070717129
3.0 38 40 1.36626010213 1.5859229222 0.0727121804037 0.0828505855149
3.0 39 41 1.36626010213 1.5859229222 -0.0678368899999 -0.0703110659636
3.0 40 42 1.36626010213 1.5859229222 0.0185359444196 0.0127097056588
3.0 41 43 1.36626010213 1.5859229222 -0.0458155369585 -0.0543858023927
3.0 42 44 1.36626010213 1.5859229222 0.104272923373 0.10158842554
3.0 43 45 1.36626010213 1.5859229222 -0.0917653341049 -0.0939257823006
3.0 44 46 1.36626010213 1.5859229222 0.101984185119 0.0982057681002
3.0 45 47 1.36626010213 1.5859229222 -0.0409482568791 -0.0523015768742
3.0 46 48 1.36626010213 1.5859229222 0.171994063753 0.171308912781
3.0 47 49 1.36626010213 1.5859229222 0.179593941166 0.173930316022
3.0 48 50 1.36626010213 1.5859229222 -0.0135697827326 -0.0103242203419
3.0 x 51 1.36626010213 1.5859229222 -33.2036120071 -6.03116447307
3.0 x 52 1.36626010213 1.5859229222 -33.2036120071 -5.72924437649
3.0 x 53 1.36626010213 1.5859229222 -33.2036120071 -5.67383776417
3.0 x 54 1.36626010213 1.5859229222 -33.2036120071 -5.56243974609
3.0 x 55 1.36626010213 1.5859229222 -33.2036120071 -5.95008194009
3.0 49 56 1.36626010213 1.5859229222 -0.108595317774 -0.110429270875
3.0 x 57 1.36626010213 1.5859229222 -33.3122073249 -5.63678677554
3.0 50 58 1.36626010213 1.5859229222 -0.039924474505 -0.0129060623475
3.0 51 59 1.36626010213 1.5859229222 0.0603410873789 0.0726185771317
3.0 x 60 1.36626010213 1.5859229222 -33.291790712 -5.20351313234
3.0 52 61 1.36626010213 1.5859229222 -0.221131623845 -0.228314660919
3.0 53 62 1.36626010213 1.5859229222 -0.00265628449081 0.00270966295351
3.0 54 63 1.36626010213 1.5859229222 -0.156365705311 -0.159640277895
3.0 x 64 1.36626010213 1.5859229222 -33.6719443257 -4.45540081874
3.0 x 65 1.36626010213 1.5859229222 -33.6719443257 -4.82994259057
3.0 x 66 1.36626010213 1.5859229222 -33.6719443257 -4.7665447514
3.0 55 67 1.36626010213 1.5859229222 -0.0168876137098 -0.0248855448535
3.0 56 68 1.36626010213 1.5859229222 0.155084469467 0.1560137375
3.0 x 69 1.36626010213 1.5859229222 -33.5337474699 -4.83717211874
3.0 57 70 1.36626010213 1.5859229222 -0.0327363891072 -0.0223177498588
3.0 x 71 1.36626010213 1.5859229222 -33.566483859 -4.69586791602
3.0 x 72 1.36626010213 1.5859229222 -33.566483859 -4.7760785788
3.0 58 73 1.36626010213 1.5859229222 -0.120431549364 -0.119379954971
3.0 x 74 1.36626010213 1.5859229222 -33.6869154084 -4.32378113743
3.0 x 75 1.36626010213 1.5859229222 -33.6869154084 -4.24351632455
3.0 59 76 1.36626010213 1.5859229222 0.046043564934 0.0516446978825
3.0 x 77 1.36626010213 1.5859229222 -33.6408718435 -4.48369373846
3.0 60 78 1.36626010213 1.5859229222 -0.0624797836926 -0.0729531852295
3.0 x 79 1.36626010213 1.5859229222 -33.7033516272 -4.44265649465
3.0 x 80 1.36626010213 1.5859229222 -33.7033516272 -4.19155174941
3.0 61 81 1.36626010213 1.5859229222 0.0882567176832 0.0791958206445
3.0 62 82 1.36626010213 1.5859229222 0.0493372993365 0.0499342012144
3.0 x 83 1.36626010213 1.5859229222 -33.5657576101 -4.51262206453
3.0 63 84 1.36626010213 1.5859229222 -0.0863920216643 -0.0757262966762
3.0 64 85 1.36626010213 1.5859229222 0.0376034879445 0.0251277253854
3.0 65 86 1.36626010213 1.5859229222 -0.192792795563 -0.201669848354
3.0 66 87 1.36626010213 1.5859229222 -0.0903797581169 -0.104938964607
3.0 67 88 1.36626010213 1.5859229222 0.0711357083853 0.0591432002003
3.0 x 89 1.36626010213 1.5859229222 -33.8265829892 -4.52544929105
3.0 x 90 1.36626010213 1.5859229222 -33.8265829892 -4.76979139657
3.0 x 91 1.36626010213 1.5859229222 -33.8265829892 -4.67214625487
3.0 68 92 1.36626010213 1.5859229222 -0.227949610603 -0.221219583987
3.0 x 93 1.36626010213 1.5859229222 -34.0545325998 -4.44840208242
3.0 69 94 1.36626010213 1.5859229222 0.073950260514 0.0902792855431
3.0 x 95 1.36626010213 1.5859229222 -33.9805823392 -4.43536528439
3.0 x 96 1.36626010213 1.5859229222 -33.9805823392 -4.32554043827
3.0 x 97 1.36626010213 1.5859229222 -33.9805823392 -4.44561536635
3.0 x 98 1.36626010213 1.5859229222 -33.9805823392 -4.09286442941
3.0 70 99 1.36626010213 1.5859229222 0.0246165332103 0.0224603480812
3.0 71 100 1.36626010213 1.5859229222 -0.127241389923 -0.154093078804
3.0 x 101 1.36626010213 1.5859229222 -34.083207196 -4.13401215277
3.0 72 102 1.36626010213 1.5859229222 0.119707721481 0.123563556211
3.0 73 103 1.36626010213 1.5859229222 0.103362797485 0.106182978027
3.0 x 104 1.36626010213 1.5859229222 -33.860136677 -4.52601179713
3.0 74 105 1.36626010213 1.5859229222 0.0660907338158 0.0636764156133
3.0 75 106 1.36626010213 1.5859229222 -0.0321605652935 -0.0314375550349
3.0 76 107 1.36626010213 1.5859229222 0.0249403662058 0.0173177906074
3.0 77 108 1.36626010213 1.5859229222 0.122221248794 0.147782551443
3.0 78 109 1.36626010213 1.5859229222 0.0108007138686 0.0237682076222
3.0 79 110 1.36626010213 1.5859229222 0.0271362709142 0.0288991957922
3.0 80 111 1.36626010213 1.5859229222 -0.0469730181305 -0.0340185782402
3.0 81 112 1.36626010213 1.5859229222 0.0537926942602 0.054444614102
3.0 82 113 1.36626010213 1.5859229222 0.107715480106 0.104969580238
3.0 83 114 1.36626010213 1.5859229222 0.145844694591 0.141012984642
3.0 x 115 1.36626010213 1.5859229222 -33.3807280579 -4.46910559333
3.0 84 116 1.36626010213 1.5859229222 0.0823506240326 0.0917438520035
3.0 x 117 1.36626010213 1.5859229222 -33.2983774338 -4.3976742747
3.0 85 118 1.36626010213 1.5859229222 0.069063317643 0.0591322661583
3.0 86 119 1.36626010213 1.5859229222 0.0946276699924 0.0703212990227
3.0 87 120 1.36626010213 1.5859229222 0.00625543856275 0.000149870109325
3.0 88 121 1.36626010213 1.5859229222 0.082913425001 0.112245226513
3.0 89 122 1.36626010213 1.5859229222 -0.0367981398446 -0.0262481444568
3.0 x 123 1.36626010213 1.5859229222 -33.0823157225 -4.72072137575
3.0 x 124 1.36626010213 1.5859229222 -33.0823157225 -4.90980207662
3.0 90 125 1.36626010213 1.5859229222 -0.0500076690861 -0.0451610352411
3.0 91 126 1.36626010213 1.5859229222 -0.00343271775546 -0.00730666111872
3.0 92 127 1.36626010213 1.5859229222 -0.00945160480762 -0.00975282805919
3.0 x 128 1.36626010213 1.5859229222 -33.1452077141 -4.84585811417
3.0 x 129 1.36626010213 1.5859229222 -33.1452077141 -5.05461506751
3.0 93 130 1.36626010213 1.5859229222 -0.0564807432315 -0.0590766814148
3.0 94 131 1.36626010213 1.5859229222 0.108471891789 0.110077284618
3.0 x 132 1.36626010213 1.5859229222 -33.0932165656 -5.09268878862
3.0 95 133 1.36626010213 1.5859229222 -0.0678904848167 -0.0620769011263
3.0 x 134 1.36626010213 1.5859229222 -33.1611070504 -4.69574307728
3.0 96 135 1.36626010213 1.5859229222 -0.0644457793999 -0.0558155119635
3.0 x 136 1.36626010213 1.5859229222 -33.2255528298 -4.67855839754
3.0 97 137 1.36626010213 1.5859229222 -0.102540869157 -0.10293215731
3.0 98 138 1.36626010213 1.5859229222 -0.0540318135278 -0.0696009950072
3.0 99 139 1.36626010213 1.5859229222 0.0179498801779 0.013492581204
3.0 x 140 1.36626010213 1.5859229222 -33.3641756323 -4.37078124922
3.0 x 141 1.36626010213 1.5859229222 -33.3641756323 -4.60856394903
3.0 x 142 1.36626010213 1.5859229222 -33.3641756323 -4.577439521
3.0 100 143 1.36626010213 1.5859229222 0.0860134686881 0.093125863692
3.0 101 144 1.36626010213 1.5859229222 0.0344677415772 0.0176801279008
3.0 102 145 1.36626010213 1.5859229222 -0.00621171561565 0.00738198276446
3.0 103 146 1.36626010213 1.5859229222 -0.0855899463649 -0.0908501121389
3.0 104 147 1.36626010213 1.5859229222 0.0110319360502 -0.00225989644647
3.0 105 148 1.36626010213 1.5859229222 0.0468488388518 0.0469811151035
