1 x 0 1.36626010213 1.5859229222 -104.607227872 -0.0699378384137
1 1 1 1.36626010213 1.5859229222 0.526511822984 0.52930597065
1 2 2 1.36626010213 1.5859229222 0.323411043214 0.315435080124
1 3 3 1.36626010213 1.5859229222 0.0768060292586 0.0800713288104
1 4 4 1.36626010213 1.5859229222 0.0697232549662 0.0688433336561
1 5 5 1.36626010213 1.5859229222 0.657797297852 0.637338315374
1 6 6 1.36626010213 1.5859229222 -0.0528827649411 -0.0586558137914
1 7 7 1.36626010213 1.5859229222 -0.023397310355 -0.00655328523173
1 8 8 1.36626010213 1.5859229222 0.210206373114 0.194488590405
1 x 9 1.36626010213 1.5859229222 -102.819052126 -0.302222303897
1 9 10 1.36626010213 1.5859229222 -0.454088478895 -0.448249197095
1 10 11 1.36626010213 1.5859229222 0.203372917292 0.195638829297
1 11 12 1.36626010213 1.5859229222 0.119570877665 0.126299383938
1 12 13 1.36626010213 1.5859229222 -0.118069751365 -0.137570642961
1 13 14 1.36626010213 1.5859229222 0.0933359706552 0.104297205683
1 14 15 1.36626010213 1.5859229222 -0.550322868355 -0.533740711518
1 x 16 1.36626010213 1.5859229222 -103.525253459 -0.456001660849
1 x 17 1.36626010213 1.5859229222 -103.525253459 -0.233080489882
1 15 18 1.36626010213 1.5859229222 -0.0479676479715 -0.0570005745429
1 16 19 1.36626010213 1.5859229222 0.313318242967 0.3201961187
1 17 20 1.36626010213 1.5859229222 0.0517892920833 0.0334021290589
1 18 21 1.36626010213 1.5859229222 0.027223375308 0.032252004178
1 x 22 1.36626010213 1.5859229222 -103.180890197 -0.361623286431
1 19 23 1.36626010213 1.5859229222 -0.20482536866 -0.203269530153
1 20 24 1.36626010213 1.5859229222 -0.14762026419 -0.135529074866
1 21 25 1.36626010213 1.5859229222 0.129391198998 0.139171979648
1 22 26 1.36626010213 1.5859229222 0.324564407442 0.331154728839
1 23 27 1.36626010213 1.5859229222 0.0758422945754 0.0758042621651
1 24 28 1.36626010213 1.5859229222 0.0680191274778 0.0687776636103
1 25 29 1.36626010213 1.5859229222 0.0916572296875 0.0907101826995
1 26 30 1.36626010213 1.5859229222 0.0367112148061 0.0299023470713
1 27 31 1.36626010213 1.5859229222 0.359998369661 0.342094873832
1 28 32 1.36626010213 1.5859229222 0.166087200862 0.172002851542
1 29 33 1.36626010213 1.5859229222 0.625725536411 0.62652515329
1 30 34 1.36626010213 1.5859229222 -0.144953876158 -0.149249437808
1 31 35 1.36626010213 1.5859229222 0.117759536424 0.104840600261
1 32 36 1.36626010213 1.5859229222 0.120696565804 0.111994124223
1 33 37 1.36626010213 1.5859229222 0.367927909299 0.352791109915
1 34 38 1.36626010213 1.5859229222 0.604450744884 0.590183765539
1 35 39 1.36626010213 1.5859229222 0.218746901884 0.200527755057
1 36 40 1.36626010213 1.5859229222 0.181889479357 0.19141680058
1 37 41 1.36626010213 1.5859229222 -0.194367378889 -0.197873986328
1 38 42 1.36626010213 1.5859229222 0.0662868268438 0.0602495949842
1 x 43 1.36626010213 1.5859229222 -100.31690254 -0.141002748172
1 39 44 1.36626010213 1.5859229222 0.283676985477 0.279275835509
1 40 45 1.36626010213 1.5859229222 -0.237997265232 -0.238941935766
1 41 46 1.36626010213 1.5859229222 0.288876609602 0.285865421162
1 42 47 1.36626010213 1.5859229222 -0.108522895005 -0.119358161645
1 43 48 1.36626010213 1.5859229222 0.495241081411 0.494325035411
1 44 49 1.36626010213 1.5859229222 0.501699410326 0.49596205231
1 45 50 1.36626010213 1.5859229222 -0.0254023540777 -0.0223821126035
1 x 51 1.36626010213 1.5859229222 -99.1193309677 -18.4996306261
1 46 52 1.36626010213 1.5859229222 0.0981847276154 0.0946505005665
1 47 53 1.36626010213 1.5859229222 -0.709321152269 -0.70519175241
1 x 54 1.36626010213 1.5859229222 -99.7304673924 -16.3699854517
1 x 55 1.36626010213 1.5859229222 -99.7304673924 -17.466308553
1 x 56 1.36626010213 1.5859229222 -99.7304673924 -16.8506613893
1 x 57 1.36626010213 1.5859229222 -99.7304673924 -16.907066122
1 x 58 1.36626010213 1.5859229222 -99.7304673924 -16.1812040172
1 48 59 1.36626010213 1.5859229222 0.158421480995 0.170879958154
1 x 60 1.36626010213 1.5859229222 -99.5720459114 -16.340739045
1 x 61 1.36626010213 1.5859229222 -99.5720459114 -16.1087715381
1 x 62 1.36626010213 1.5859229222 -99.5720459114 -16.0081375216
1 x 63 1.36626010213 1.5859229222 -99.5720459114 -16.2912432651
1 49 64 1.36626010213 1.5859229222 -0.307696376022 -0.29005892783
1 x 65 1.36626010213 1.5859229222 -99.8797422874 -15.4941311007
1 x 66 1.36626010213 1.5859229222 -99.8797422874 -15.3323009681
1 x 67 1.36626010213 1.5859229222 -99.8797422874 -14.9304209631
1 50 68 1.36626010213 1.5859229222 0.367865830634 0.36872213724
1 x 69 1.36626010213 1.5859229222 -99.5118764568 -15.7420856546
1 x 70 1.36626010213 1.5859229222 -99.5118764568 -15.0909890581
1 x 71 1.36626010213 1.5859229222 -99.5118764568 -15.8122188794
1 51 72 1.36626010213 1.5859229222 0.174119538272 0.16285783189
1 x 73 1.36626010213 1.5859229222 -99.3377569185 -0.30422967613
1 52 74 1.36626010213 1.5859229222 -0.10355178623 -0.096059866995
1 x 75 1.36626010213 1.5859229222 -99.4413087048 -15.8075997518
1 53 76 1.36626010213 1.5859229222 0.116520218357 0.121291775539
1 x 77 1.36626010213 1.5859229222 -99.3247884864 -16.4755535781
1 x 78 1.36626010213 1.5859229222 -99.3247884864 -16.2376059828
1 x 79 1.36626010213 1.5859229222 -99.3247884864 -16.352667643
1 54 80 1.36626010213 1.5859229222 0.0608839729386 0.0681479237087
1 x 81 1.36626010213 1.5859229222 -9.51541916816 -104.143925794
1 x 82 1.36626010213 1.5859229222 -9.51541916816 -103.688469122
1 x 83 1.36626010213 1.5859229222 -9.51541916816 -103.927438948
1 x 84 1.36626010213 1.5859229222 -9.51541916816 -95.2747019322
1 x 85 1.36626010213 1.5859229222 -9.51541916816 -104.148286143
1 x 86 1.36626010213 1.5859229222 -9.51541916816 -95.7224222754
1 x 87 1.36626010213 1.5859229222 -9.51541916816 -104.585564101
1 x 88 1.36626010213 1.5859229222 -9.51541916816 -94.9014870827
1 x 89 1.36626010213 1.5859229222 -9.51541916816 -94.6198778913
1 x 90 1.36626010213 1.5859229222 -9.51541916816 -94.9903189767
1 x 91 1.36626010213 1.5859229222 -11.4524004044 -102.945559374
1 x 92 1.36626010213 1.5859229222 -11.4524004044 -92.3072750815
1 x 93 1.36626010213 1.5859229222 -11.4524004044 -103.340765626
1 x 94 1.36626010213 1.5859229222 -11.4524004044 -102.690561452
1 x 95 1.36626010213 1.5859229222 -11.4524004044 -91.4446983667
1 x 96 1.36626010213 1.5859229222 -11.4524004044 -102.816150994
1 x 97 1.36626010213 1.5859229222 -11.4524004044 -103.170636883
1 x 98 1.36626010213 1.5859229222 -11.4524004044 -102.146228719
1 x 99 1.36626010213 1.5859229222 -11.4524004044 -102.711722918
1 x 100 1.36626010213 1.5859229222 -11.4524004044 -92.0765126473
1 x 101 1.36626010213 1.5859229222 -11.4524004044 -101.881011049
1 x 102 1.36626010213 1.5859229222 -11.4524004044 -102.642316293
1 x 103 1.36626010213 1.5859229222 -11.4524004044 -102.338063703
1 x 104 1.36626010213 1.5859229222 -11.4524004044 -91.4167565936
1 x 105 1.36626010213 1.5859229222 -11.4524004044 -91.4100361134
1 x 106 1.36626010213 1.5859229222 -11.4524004044 -102.537911585
1 x 107 1.36626010213 1.5859229222 -11.4524004044 -103.048335951
1 x 108 1.36626010213 1.5859229222 -11.4524004044 -91.2280836047
1 x 109 1.36626010213 1.5859229222 -11.4524004044 -102.154184252
1 x 110 1.36626010213 1.5859229222 -11.4524004044 -102.904289399
1 x 111 1.36626010213 1.5859229222 -11.4524004044 -91.7575364681
1 x 112 1.36626010213 1.5859229222 -11.4524004044 -102.941333019
1 x 113 1.36626010213 1.5859229222 -11.4524004044 -91.3235494549
1 x 114 1.36626010213 1.5859229222 -11.4524004044 -103.209649175
1 x 115 1.36626010213 1.5859229222 -11.4524004044 -91.6384175852
1 x 116 1.36626010213 1.5859229222 -11.4524004044 -91.3431171462
1 x 117 1.36626010213 1.5859229222 -11.4524004044 -102.667262101
1 x 118 1.36626010213 1.5859229222 -11.4524004044 -102.961791627
1 x 119 1.36626010213 1.5859229222 -11.4524004044 -91.396495915
1 x 120 1.36626010213 1.5859229222 -11.4524004044 -102.887143704
1 x 121 1.36626010213 1.5859229222 -11.4524004044 -102.163391519
1 x 122 1.36626010213 1.5859229222 -11.4524004044 -91.653862541
1 x 123 1.36626010213 1.5859229222 -11.4524004044 -92.1072445008
1 x 124 1.36626010213 1.5859229222 -11.4524004044 -102.942740395
1 x 125 1.36626010213 1.5859229222 -11.4524004044 -91.8245534315
1 x 126 1.36626010213 1.5859229222 -11.4524004044 -103.110331529
1 x 127 1.36626010213 1.5859229222 -11.4524004044 -91.6675916083
1 x 128 1.36626010213 1.5859229222 -11.4524004044 -92.1129503935
1 x 129 1.36626010213 1.5859229222 -11.4524004044 -92.0468269846
1 x 130 1.36626010213 1.5859229222 -11.4524004044 -102.644787744
1 x 131 1.36626010213 1.5859229222 -11.4524004044 -91.1959563281
1 x 132 1.36626010213 1.5859229222 -11.4524004044 -103.217169174
1 x 133 1.36626010213 1.5859229222 -11.4524004044 -91.975348301
1 x 134 1.36626010213 1.5859229222 -11.4524004044 -91.5840579116
1 x 135 1.36626010213 1.5859229222 -11.4524004044 -102.400597991
1 x 136 1.36626010213 1.5859229222 -11.4524004044 -91.2735237902
1 x 137 1.36626010213 1.5859229222 -11.4524004044 -92.0253193322
1 x 138 1.36626010213 1.5859229222 -11.4524004044 -102.865942149
1 x 139 1.36626010213 1.5859229222 -11.4524004044 -102.691016292
1 x 140 1.36626010213 1.5859229222 -11.4524004044 -91.5306418248
1 x 141 1.36626010213 1.5859229222 -11.4524004044 -103.078151766
1 x 142 1.36626010213 1.5859229222 -11.4524004044 -102.990330318
1 x 143 1.36626010213 1.5859229222 -11.4524004044 -102.126207652
1 x 144 1.36626010213 1.5859229222 -11.4524004044 -103.474674481
