11.0 1 0 1.36626010213 1.5859229222 -0.00567117977917 -0.013226040622
11.0 2 1 1.36626010213 1.5859229222 0.0471761477762 0.0498484767443
11.0 3 2 1.36626010213 1.5859229222 0.0301964828541 0.0221236420626
11.0 4 3 1.36626010213 1.5859229222 0.00637249578672 0.009439878013
11.0 5 4 1.36626010213 1.5859229222 0.00576928658837 0.0049434243388
11.0 6 5 1.36626010213 1.5859229222 0.0590080701448 0.0385909810768
11.0 7 6 1.36626010213 1.5859229222 -0.00657703327039 -0.0125836896163
11.0 8 7 1.36626010213 1.5859229222 -0.00181389675659 0.0150837953566
11.0 9 8 1.36626010213 1.5859229222 0.0195790137532 0.00380437984713
11.0 10 9 1.36626010213 1.5859229222 -0.0282842654657 -0.0348798587915
11.0 11 10 1.36626010213 1.5859229222 -0.0412459975544 -0.0355315798608
11.0 12 11 1.36626010213 1.5859229222 0.0184806028703 0.0113421688002
11.0 13 12 1.36626010213 1.5859229222 0.0107556626063 0.0173201994783
11.0 14 13 1.36626010213 1.5859229222 -0.0108062827205 -0.0307854694234
11.0 15 14 1.36626010213 1.5859229222 0.00909198917255 0.0211820337179
11.0 16 15 1.36626010213 1.5859229222 -0.0505183716795 -0.0339952015511
11.0 17 16 1.36626010213 1.5859229222 -0.0426001070911 -0.0364053428546
11.0 18 17 1.36626010213 1.5859229222 -0.0200209090306 -0.0298798934879
11.0 19 18 1.36626010213 1.5859229222 -0.00476620086435 -0.0138073895478
11.0 20 19 1.36626010213 1.5859229222 0.028003440409 0.0348542056578
11.0 21 20 1.36626010213 1.5859229222 0.00482442393537 -0.0135673875827
11.0 22 21 1.36626010213 1.5859229222 0.000724019554394 0.00497325438648
11.0 23 22 1.36626010213 1.5859229222 -0.0337221884894 -0.0248597899164
11.0 24 23 1.36626010213 1.5859229222 -0.018882046047 -0.0182440764998
11.0 25 24 1.36626010213 1.5859229222 -0.0127146378576 -0.000880728825928
11.0 26 25 1.36626010213 1.5859229222 0.0140905817013 0.0237409917359
11.0 27 26 1.36626010213 1.5859229222 0.0287151999263 0.0352002443836
11.0 28 27 1.36626010213 1.5859229222 0.00838662202405 0.0084740351902
11.0 29 28 1.36626010213 1.5859229222 0.00531737477539 0.00554979349781
11.0 30 29 1.36626010213 1.5859229222 0.00688942888192 0.00626714707522
11.0 31 30 1.36626010213 1.5859229222 0.00351383788676 -0.00279148014063
11.0 32 31 1.36626010213 1.5859229222 0.0330305784282 0.0158063069076
11.0 33 32 1.36626010213 1.5859229222 0.0173063904697 0.0237637974678
11.0 34 33 1.36626010213 1.5859229222 0.0567728941219 0.0577594431129
11.0 35 34 1.36626010213 1.5859229222 -0.0111279884718 -0.0144735372556
11.0 36 35 1.36626010213 1.5859229222 0.0129170609665 0.00064894184333
11.0 37 36 1.36626010213 1.5859229222 0.0110108971982 0.0029953748738
11.0 38 37 1.36626010213 1.5859229222 0.0390874685202 0.0242675216402
11.0 39 38 1.36626010213 1.5859229222 0.0573462107121 0.0426360009791
11.0 40 39 1.36626010213 1.5859229222 0.0208314962801 0.00275624616451
11.0 41 40 1.36626010213 1.5859229222 0.0236451537148 0.0332743467269
11.0 42 41 1.36626010213 1.5859229222 -0.0182213730351 -0.0215742532171
11.0 43 42 1.36626010213 1.5859229222 0.00564530321956 -0.000915756249146
11.0 44 43 1.36626010213 1.5859229222 -0.0138938749215 -0.0233877932884
11.0 45 44 1.36626010213 1.5859229222 0.0302976870594 0.0277926767994
11.0 46 45 1.36626010213 1.5859229222 -0.0265004313196 -0.0278876120953
11.0 47 46 1.36626010213 1.5859229222 0.028714271491 0.0253334323081
11.0 48 47 1.36626010213 1.5859229222 -0.0113689189262 -0.0226718308151
11.0 49 48 1.36626010213 1.5859229222 0.0475349671016 0.0463895450137
11.0 50 49 1.36626010213 1.5859229222 0.0523501116499 0.0465352303138
11.0 51 50 1.36626010213 1.5859229222 -0.00330169154826 -0.000114723249411
11.0 52 51 1.36626010213 1.5859229222 0.014304647602 -0.0107460538233
11.0 53 52 1.36626010213 1.5859229222 0.012273688758 0.00923779470263
11.0 x 53 1.36626010213 1.5859229222 -9.10182187527 -1.5850610021
11.0 54 54 1.36626010213 1.5859229222 0.00520795130435 0.0111384656428
11.0 x 55 1.36626010213 1.5859229222 -9.09661392397 -1.6414195548
11.0 x 56 1.36626010213 1.5859229222 -9.09661392397 -1.56461840903
11.0 55 57 1.36626010213 1.5859229222 0.00955743130466 0.00427529980077
11.0 x 58 1.36626010213 1.5859229222 -9.08705649267 -1.49115994081
11.0 56 59 1.36626010213 1.5859229222 0.0167970192037 0.0296337612964
11.0 x 60 1.36626010213 1.5859229222 -9.07025947346 -1.54230454532
11.0 57 61 1.36626010213 1.5859229222 -0.0630588449874 -0.0701114868241
11.0 58 62 1.36626010213 1.5859229222 -0.00525786571461 0.000299730872884
11.0 59 63 1.36626010213 1.5859229222 -0.0433216673095 -0.0465305038306
11.0 60 64 1.36626010213 1.5859229222 -0.0320322759232 -0.0155052567856
11.0 61 65 1.36626010213 1.5859229222 -1.32329832293 -1.34134614201
11.0 62 66 1.36626010213 1.5859229222 -0.0143552603258 -0.0198331915753
11.0 63 67 1.36626010213 1.5859229222 0.0223605354251 0.0146229037388
11.0 64 68 1.36626010213 1.5859229222 1.34821529762 1.34905371202
11.0 65 69 1.36626010213 1.5859229222 -0.00706030317763 -0.0112923275873
11.0 x 70 1.36626010213 1.5859229222 -9.18806818078 -1.31365606695
11.0 66 71 1.36626010213 1.5859229222 -0.0126067558903 -0.0173436109961
11.0 x 72 1.36626010213 1.5859229222 -9.20067493667 -1.43427885501
11.0 x 73 1.36626010213 1.5859229222 -9.20067493667 -1.33974352034
11.0 x 74 1.36626010213 1.5859229222 -9.20067493667 -1.3669701823
11.0 67 75 1.36626010213 1.5859229222 -1.35108960948 -1.34510405987
11.0 68 76 1.36626010213 1.5859229222 1.36751583967 1.3738998199
11.0 x 77 1.36626010213 1.5859229222 -9.18424870648 -1.40343728256
11.0 69 78 1.36626010213 1.5859229222 -1.37019002262 -1.38231316186
11.0 70 79 1.36626010213 1.5859229222 1.37104695648 1.35524138799
11.0 x 80 1.36626010213 1.5859229222 -9.18339177262 -1.35504700576
11.0 71 81 1.36626010213 1.5859229222 90.2617114789 90.3665268615
11.0 x 82 1.36626010213 1.5859229222 -9.00219303458 -1.45743056891
11.0 72 83 1.36626010213 1.5859229222 0.00921675669209 0.00954705308665
11.0 73 84 1.36626010213 1.5859229222 -0.0219352042506 -0.0107245045636
11.0 74 85 1.36626010213 1.5859229222 0.0046610110146 -0.00826081271547
11.0 75 86 1.36626010213 1.5859229222 -0.0420213899833 -0.0517481080224
11.0 76 87 1.36626010213 1.5859229222 -0.0179858145492 -0.0329579325705
11.0 x 88 1.36626010213 1.5859229222 -9.07025767566 -1.52089054306
11.0 77 89 1.36626010213 1.5859229222 0.0315933093385 0.0425787103925
11.0 x 90 1.36626010213 1.5859229222 -9.03866436632 -1.54109249467
11.0 78 91 1.36626010213 1.5859229222 -0.815088260438 -0.733812755614
11.0 79 92 1.36626010213 1.5859229222 0.0350553440564 0.0399604350347
11.0 80 93 1.36626010213 1.5859229222 0.731563538398 0.712755719433
11.0 81 94 1.36626010213 1.5859229222 -0.778830499049 -0.765053820816
11.0 82 95 1.36626010213 1.5859229222 -0.0326900038481 -0.0494416408733
11.0 83 96 1.36626010213 1.5859229222 -0.00482742128855 -0.0116628219398
11.0 84 97 1.36626010213 1.5859229222 -0.036422708108 -0.0421874166755
11.0 85 98 1.36626010213 1.5859229222 0.937450663298 0.947370487962
11.0 86 99 1.36626010213 1.5859229222 0.0119441444965 0.00779072697705
11.0 87 100 1.36626010213 1.5859229222 -0.0377767146834 -0.0599765908991
11.0 x 101 1.36626010213 1.5859229222 -9.50504108533 -0.817915704737
11.0 88 102 1.36626010213 1.5859229222 -0.913611465819 -0.908936558958
11.0 89 103 1.36626010213 1.5859229222 0.979561201836 0.985278140685
11.0 90 104 1.36626010213 1.5859229222 -0.949322057338 -0.957530106515
11.0 91 105 1.36626010213 1.5859229222 0.00269034039484 -0.000849069410901
11.0 92 106 1.36626010213 1.5859229222 0.971973254133 0.973827887203
11.0 93 107 1.36626010213 1.5859229222 0.00659403356768 0.000859116956931
11.0 94 108 1.36626010213 1.5859229222 0.0389383270683 0.0624057173669
11.0 95 109 1.36626010213 1.5859229222 0.00784000509889 0.0182250282527
11.0 96 110 1.36626010213 1.5859229222 0.0093649868893 0.0148473872362
11.0 97 111 1.36626010213 1.5859229222 9.6098155391 9.53823760581
11.0 98 112 1.36626010213 1.5859229222 1.35695748758 1.35649774044
11.0 x 113 1.36626010213 1.5859229222 -9.13447752982 -1.35343740576
11.0 99 114 1.36626010213 1.5859229222 0.0504742939946 0.0451313657323
11.0 100 115 1.36626010213 1.5859229222 -1.45453652223 -1.4551313093
11.0 101 116 1.36626010213 1.5859229222 0.0449379458974 0.0561179902261
11.0 102 117 1.36626010213 1.5859229222 1.375189499 1.36823135482
11.0 103 118 1.36626010213 1.5859229222 0.0225790546786 0.0123430370982
11.0 104 119 1.36626010213 1.5859229222 0.0227711586291 -0.00437745300379
11.0 105 120 1.36626010213 1.5859229222 0.00955936492589 0.00417140300648
11.0 x 121 1.36626010213 1.5859229222 -9.3510124595 -0.720578527729
11.0 106 122 1.36626010213 1.5859229222 -0.0164518433077 0.108918591582
11.0 107 123 1.36626010213 1.5859229222 -0.0459825424392 -0.0327886357949
11.0 108 124 1.36626010213 1.5859229222 -0.0237086500086 -0.0257034945082
11.0 109 125 1.36626010213 1.5859229222 -0.0254759951559 -0.0209166598403
11.0 110 126 1.36626010213 1.5859229222 -0.829862853478 -0.838155666857
11.0 111 127 1.36626010213 1.5859229222 0.856788567116 0.859581170333
11.0 112 128 1.36626010213 1.5859229222 -0.0437457476014 -0.0426540004115
11.0 x 129 1.36626010213 1.5859229222 -9.47945152437 -0.830584453893
11.0 113 130 1.36626010213 1.5859229222 -0.780235723069 -0.776397690592
11.0 114 131 1.36626010213 1.5859229222 0.0350940211326 -0.103140737635
11.0 115 132 1.36626010213 1.5859229222 -0.0120280407856 -0.0155147079122
11.0 116 133 1.36626010213 1.5859229222 -0.0283968409058 -0.0251484080498
11.0 117 134 1.36626010213 1.5859229222 0.00281502785928 0.00655308598739
11.0 118 135 1.36626010213 1.5859229222 -1.49023099916 -1.47950607636
11.0 119 136 1.36626010213 1.5859229222 -0.0104948883819 -0.0106741067796
11.0 120 137 1.36626010213 1.5859229222 0.00512181279643 0.0057572678395
11.0 121 138 1.36626010213 1.5859229222 1.45293516791 1.4383995032
11.0 x 139 1.36626010213 1.5859229222 -9.10868747446 -1.45844792699
11.0 122 140 1.36626010213 1.5859229222 -1.43159184178 -1.42105123166
11.0 123 141 1.36626010213 1.57634021862 0.737639989429 0.848074292623
11.0 x 142 1.36626010213 1.5859229222 -9.52204725801 -0.794703774336
11.0 124 143 1.36626010213 1.57634021862 -0.709052722864 -0.698247938504
11.0 125 144 1.36626010213 1.57634021862 0.738050815294 0.723964608826
11.0 126 145 1.36626010213 1.57634021862 -0.00444393326728 0.00831475548023
11.0 127 146 1.36626010213 1.57634021862 -0.0240408378924 -0.0322279972676
11.0 x 147 1.36626010213 1.57634021862 -9.52153393674 -0.759596038528
11.0 128 148 1.36626010213 1.57634021862 -0.747541808306 -0.746628198025
