5.119711931911297143e-05
7.098758942447602749e-06
3.085265234403777868e-06
5.775704721600050107e-06
2.750160319919814356e-06
3.399182787688914686e-06
2.473337872288539074e-06
2.604806013550842181e-06
3.596370561353978701e-06
4.015858849015785381e-06
4.906949016003636643e-06
3.314854666314204223e-06
4.247065135132288560e-06
2.805283202178543434e-06
3.387877768545877188e-06
3.134235385005013086e-06
2.520106590964132920e-06
3.493103804430575110e-06
8.499400792061351240e-06
6.611390745092649013e-06
4.343777163740014657e-06
1.329718088527442887e-05
7.613060915900859982e-06
7.388333870039787143e-06
8.656580575916450471e-06
1.180385515908710659e-05
6.605289399885805324e-06
2.656689321156591177e-05
4.841718327952548862e-05
6.549670160893583670e-06
8.963131222117226571e-06
4.821209586225450039e-06
3.045813173230271786e-06
7.842133527447003871e-06
1.785536187526304275e-05
8.811552106635645032e-05
7.241862476803362370e-05
7.523389649577438831e-05
2.007678085647057742e-05
3.667062628665007651e-06
7.482153705495875329e-06
2.149481770175043494e-05
2.202291580033488572e-05
5.197674909140914679e-05
7.178967734944308177e-06
1.476456964155659080e-05
2.136695002263877541e-05
1.577678631292656064e-05
9.463929018238559365e-06
1.590273925103247166e-03
