1.0 1 0 0.7767058540014243 0.8837151016885368 -0.7924041744106489 -0.8097338434526193
1.0 x 1 0.7767058540014243 0.8837151016885368 -348.9393837084092 -0.4546928215870025
1.0 2 2 0.7767058540014243 0.8810167286666447 -0.03573924637623804 -0.05063835808090289
1.0 3 3 0.7767058540014243 0.8810167286666447 0.6890220557695557 0.6913276615481152
1.0 4 4 0.7767058540014243 0.8810167286666447 -0.005637161009246938 0.006860765856743001
1.0 5 5 0.7767058540014243 0.8810167286666447 -1.023650266174002 -1.0071263130877242
1.0 6 6 0.7767058540014243 0.8810167286666447 -0.0697918279625469 -0.07489318606928919
1.0 7 7 0.7767058540014243 0.8810167286666447 -0.9766228964191441 -0.9817861453986723
1.0 8 8 0.7767058540014243 0.8810167286666447 -0.1284561920130045 -0.13019977025436447
1.0 9 9 0.7767058540014243 0.8810167286666447 0.08158128660323882 0.07455977682312209
1.0 10 10 0.7767058540014243 0.8810167286666447 0.7750548977865037 0.7846843107719224
1.0 x 11 0.7767058540014243 0.8810167286666447 -349.6336230582041 -1.2085812348780962
1.0 11 12 0.7767058540014243 0.8810167286666447 0.7731629333989076 0.7877398005220755
1.0 12 13 0.7767058540014243 0.8810167286666447 0.13889010476526664 0.14326524219512748
1.0 13 14 0.7767058540014243 0.8810167286666447 -0.46596262679776146 -0.4684530807326439
1.0 14 15 0.7767058540014243 0.8810167286666447 -0.006592255059672425 -0.014889039315249875
1.0 15 16 0.7767058540014243 0.8810167286666447 1.8444600182480713 1.8326049921143976
1.0 16 17 0.7767058540014243 0.8810167286666447 -0.42980221886682557 -0.4270585238639626
1.0 17 18 0.7767058540014243 0.8810167286666447 0.38543715174961335 0.378718103136805
1.0 18 19 0.778021190852237 0.8837151016885368 2.1540061815726403 2.1585719067509217
1.0 19 20 0.778021190852237 0.8837151016885368 -0.007543110121957852 0.014855671789916869
1.0 20 21 0.7767058540014243 0.8837151016885368 -0.8578962890254047 -0.8708640515731076
1.0 x 22 0.7767058540014243 0.8810167286666447 -346.1054631683412 -1.5245801871882065
1.0 21 23 0.778021190852237 0.8864052604279183 0.0720435699341806 0.07790171276639057
1.0 22 24 0.7819539262260189 0.8864052604279183 0.917484729128887 0.9088101807543012
1.0 x 25 0.780645215808843 0.8864052604279183 -345.11593486927814 -2.232682441017829
1.0 23 26 0.7845647980188689 0.8864052604279183 0.6485684843939339 0.6627475308415285
1.0 24 27 0.787167010132215 0.8864052604279183 -0.45816603363726927 -0.4544181933610787
1.0 25 28 0.7884648956139658 0.8837151016885368 0.4931402170726642 0.48137189153655413
1.0 26 29 0.787167010132215 0.8864052604279183 0.13750944500992546 0.12955801411317225
1.0 27 30 0.787167010132215 0.8864052604279183 -0.2583764907458317 -0.27042901159040866
1.0 28 31 0.778021190852237 0.8837151016885368 -0.9538613917404746 -0.9650170095353303
1.0 x 32 0.780645215808843 0.8864052604279183 -345.5071206389252 -0.4945564473189279
1.0 29 33 0.7858669811523066 0.8864052604279183 1.4303155845256583 1.4324732154187245
1.0 30 34 0.7819539262260189 0.8864052604279183 0.9444958685591587 0.9579808682559303
1.0 31 35 0.7793343077204956 0.8837151016885368 0.3225810075739446 0.33166901690600525
1.0 x 36 0.778021190852237 0.8837151016885368 -342.8097281782664 -1.24862912556722
1.0 32 37 0.7832604499879573 0.8783100656536799 2.2602022305252376 2.2442796476169917
1.0 33 38 0.7858669811523066 0.8673989580239029 0.7401772385470053 0.7662821322001889
1.0 x 39 0.7884648956139658 0.8673989580239029 -339.8093487091942 -0.3629445532251907
1.0 34 40 0.7832604499879573 0.8673989580239029 0.3518495015762255 0.3460734682047075
1.0 35 41 0.7845647980188689 0.8728715609439694 -0.3667663929354603 -0.35378020725525516
1.0 36 42 0.7793343077204956 0.8563488385776752 0.10748558353805038 0.09801563816870384
1.0 37 43 0.7819539262260189 0.8673989580239029 -0.11933996703095318 -0.11270229991910696
1.0 x 44 0.787167010132215 0.8783100656536799 -339.8361199840463 -0.86451908908262
1.0 x 45 0.778021190852237 0.8810167286666447 -339.8361199840463 -0.6263178500006177
1.0 38 46 0.7832604499879573 0.870139561876632 -0.3087659657300037 -0.31885793598482337
1.0 39 47 0.7832604499879573 0.870139561876632 0.7239469532112253 0.7127462490231551
1.0 40 48 0.7593991813034942 0.8106434833777776 1.945296089083854 1.944337765129518
1.0 41 49 0.7416887820971493 0.7171371656006361 1.3475619869217326 1.3535908259340488
1.0 42 50 0.7375413752214849 0.7138093649734567 0.2381621039837114 0.2483987836612016
1.0 x 51 0.7375413752214849 0.7270291799999699 -335.8899188165758 -0.7768025920514958
1.0 x 52 0.7539941362266769 0.7464200272921789 -335.8899188165758 -1.0514537636248633
1.0 x 53 0.7485500640331334 0.7776643908280131 -335.8899188165758 -0.806431816428983
1.0 43 54 0.743066106927105 0.7270291799999699 -0.7702404429531953 -0.7684060223590166
1.0 x 55 0.7539941362266769 0.7367883976130072 -336.660159259529 -0.8817335426254829
1.0 44 56 0.7416887820971493 0.7237468644557459 0.3048432586408012 0.29403719132022843
1.0 45 57 0.7620873284043761 0.8135752957807666 -0.7084168177170227 -0.6873833497761268
1.0 46 58 0.7607444422008407 0.816496580927726 -0.34773610461184035 -0.34354505118483303
1.0 47 59 0.7647660267458418 0.8135752957807666 -0.39312935249841985 -0.39043915476634083
1.0 48 60 0.7593991813034942 0.8135752957807666 0.8526198515931469 0.869205513291945
1.0 49 61 0.7361537138319334 0.7171371656006361 0.883915399937905 0.8717066405517642
1.0 x 62 0.7375413752214849 0.7237468644557459 -336.0680630241844 -0.26499451525856443
1.0 50 63 0.7567014847443574 0.816496580927726 0.17454541445044924 0.19649471585933043
1.0 x 64 0.770095471201348 0.8535639569308374 -335.893517609734 -1.1218299919195545
1.0 51 65 0.7512770314032703 0.8017837257372732 0.08790864178558877 0.06146793120885263
1.0 52 66 0.7235450106338154 0.7037315505489968 1.719695949919526 1.7093072065271713
1.0 53 67 0.6568811479527993 0.5895922723535711 0.6606789068519561 0.6395685309603039
1.0 54 68 0.6584358984068521 0.5936168397046637 0.08205749984813338 0.08668910272922403
1.0 55 69 0.6568811479527993 0.5895922723535711 0.06372580051737486 0.0708851622944735
1.0 x 70 0.7263658595798609 0.7138093649734567 -333.2794508108114 -1.3160195467289668
1.0 56 71 0.6363237976534609 0.5648430038936652 0.17986548523725787 0.1929477739469121
1.0 57 72 0.6737861159606583 0.609449400220044 -0.6656367721275842 -0.6407742765822775
1.0 x 73 0.6630782771558663 0.5936168397046637 -333.7652220977017 -0.2338006571128517
1.0 x 74 0.6932334362514653 0.6248809410409238 -333.7652220977017 -0.4714874200946042
1.0 x 75 0.7221304540303205 0.7138093649734567 -333.7652220977017 -0.6121692164164187
1.0 58 76 0.6584358984068521 0.5855400437691199 0.7630325326579737 0.7362911182552523
1.0 x 77 0.6692180218256203 0.6055300708194983 -333.00218956504375 -0.8643672133452185
1.0 59 78 0.6216937087382038 0.5520524474738834 0.6771381487788517 0.6746044283401318
1.0 60 79 0.6216937087382038 0.5209880722517277 0.4055672599985769 0.4081482197333912
1.0 61 80 0.5156051500486066 0.3518657752744984 -0.17138950712239875 -0.1747318348784006
1.0 62 81 0.48494723850216875 0.31622776601683794 0.16638309374133087 0.14308285068926807
1.0 x 82 0.6200468350936172 0.4976133515281193 -331.9244905696474 -0.8001274699926739
1.0 63 83 0.47643873166512696 0.31622776601683794 0.8496283166782632 0.8456198358149152
1.0 64 84 0.5773502691896257 0.47809144373375745 -0.4469621982564149 -0.4552505984047457
1.0 x 85 0.6233362313067593 0.5255382728122436 -331.52182445122554 -0.3732137533248192
1.0 65 86 0.47643873166512696 0.3086066999241838 0.7448112226771286 0.7538420834117119
1.0 66 87 0.5737973107145337 0.4879500364742666 0.007922794149010315 0.0018621333311727994
1.0 67 88 0.6216937087382038 0.5389584311207967 0.002883508511160926 0.007260868193014858
1.0 x 89 0.6676883786326862 0.5855400437691199 -330.76620692588824 -0.9613040428849615
1.0 x 90 0.6266083599903659 0.5209880722517277 -330.76620692588824 -0.9140514570197524
1.0 68 91 0.6200468350936172 0.5163977794943222 1.265360959295947 1.254423128238443
1.0 x 92 0.6506249944749916 0.5855400437691199 -329.5008459665923 -1.127819566513864
1.0 69 93 0.5116235835128635 0.35856858280031806 0.5958379836813492 0.5949848530708266
1.0 x 94 0.616739895060721 0.50709255283711 -328.90500798291094 -0.8499031769113401
1.0 70 95 0.4677754866711918 0.30079260375911915 1.1960579325156004 1.187107542885201
1.0 71 96 0.47643873166512696 0.30079260375911915 -0.445560132666742 -0.46165365499808786
1.0 72 97 0.5055924464243811 0.3380617018914066 -0.12445115937441642 -0.1315669933875654
1.0 73 98 0.5035660156388033 0.3380617018914066 0.2003663597811851 0.2002884524818569
1.0 74 99 0.5156051500486066 0.3518657752744984 -0.7742763523687586 -0.7653353172124469
1.0 75 100 0.5096211351891646 0.3450327796711771 -0.2614567035357709 -0.28876618327305437
1.0 76 101 0.4807118103196312 0.30079260375911915 0.5821780693692631 0.5803363762279901
1.0 77 102 0.46338313130752623 0.2760262237369417 0.9352742767663358 0.9419148207297781
1.0 78 103 0.4655844887401418 0.2845213189769458 0.3349979074827729 0.34762316680283334
1.0 x 104 0.4699562699927744 0.2760262237369417 -327.2618777849415 -1.0546943062208243
1.0 79 105 0.4589487409616305 0.2845213189769458 -0.43773210277311136 -0.43066507441039903
1.0 80 106 0.5015313971540449 0.29277002188455997 -0.11215509516625843 -0.09986690321892411
1.0 81 107 0.5055924464243811 0.2760262237369417 0.7249372236745444 0.7370015497036491
1.0 82 108 0.4994884909146929 0.2845213189769458 -0.11710258864764 -0.11853286224240378
1.0 83 109 0.4994884909146929 0.2760262237369417 0.8657799289505874 0.8495564987382807
1.0 x 110 0.5136182249313151 0.2845213189769458 -326.33815041890335 -0.5767440983909466
1.0 84 111 0.5136182249313151 0.29277002188455997 0.5047123637961022 0.502993440486506
1.0 85 112 0.5215205078247639 0.3086066999241838 -0.31366334773821336 -0.3270563466064118
1.0 86 113 0.5136182249313151 0.29277002188455997 0.14575215826175736 0.1635969301721616
1.0 87 114 0.5388771177710738 0.3518657752744984 0.7398733086742482 0.7561357135192281
1.0 x 115 0.5369763107272132 0.33094381626464864 -325.26147593590946 -0.9848905983151042
1.0 88 116 0.5445397298475227 0.3518657752744984 0.31291654838963723 0.30959134325561877
1.0 89 117 0.5482823149915701 0.3518657752744984 -0.32758158158776496 -0.3209884601370163
1.0 90 118 0.5445397298475227 0.3518657752744984 0.2836557703099061 0.2672877701125458
1.0 91 119 0.5369763107272132 0.3518657752744984 -0.21405916736443942 -0.21629842956130574
1.0 92 120 0.5407712435330774 0.3518657752744984 0.046327245627310276 0.043606105818525975
1.0 93 121 0.5445397298475227 0.3518657752744984 -0.2730322599341548 -0.280508520660419
1.0 94 122 0.5426587579753616 0.3518657752744984 0.979066285240151 0.9747129772912615
1.0 95 123 0.5538487756217113 0.35856858280031806 -0.2836669174300823 -0.29597748415201863
1.0 96 124 0.5407712435330774 0.3450327796711771 0.5709307082727264 0.575496471380319
1.0 97 125 0.5666245623717936 0.35856858280031806 -1.109223820641546 -1.1140355040867576
1.0 98 126 0.5519995257992688 0.3518657752744984 0.278596274540746 0.27193391006298384
1.0 99 127 0.5737973107145337 0.3779644730092272 1.0914020304612109 1.0845650229214243
1.0 100 128 0.5755765314519714 0.3779644730092272 -0.2454532006194654 -0.24278442537499245
1.0 101 129 0.5648171428949156 0.3518657752744984 0.16318072706025077 0.14914808591126416
1.0 102 130 0.5445397298475227 0.3518657752744984 -0.30960084581721503 -0.33447204882619985
1.0 103 131 0.5648171428949156 0.3651483716701107 0.5931547869203087 0.5989998917309549
1.0 104 132 0.5648171428949156 0.3518657752744984 0.11552760400883244 0.11862820303213084
1.0 105 133 0.5593598444497264 0.3518657752744984 0.22414343789296254 0.2204238244012231
1.0 106 134 0.5702222147839637 0.35856858280031806 -0.32317575073358284 -0.32162365737070786
1.0 107 135 0.5445397298475227 0.3450327796711771 0.5487037843941494 0.5612244236251627
1.0 x 136 0.5611848406344145 0.3518657752744984 -323.1396642769195 -0.4542395011650342
1.0 108 137 0.5369763107272132 0.3380617018914066 1.1739906017134558 1.1611012973740458
1.0 x 138 0.5407712435330774 0.33094381626464864 -321.96567367520606 -0.2577554074927093
1.0 109 139 0.5369763107272132 0.33094381626464864 0.12098461451967069 0.10756778940850609
1.0 x 140 0.5630039210635431 0.3518657752744984 -321.8446890606864 -1.3013310128133924
1.0 110 141 0.5312330834549512 0.33094381626464864 1.3965082320867168 1.4222409068111403
1.0 111 142 0.535068751196664 0.3380617018914066 -0.7005027663865917 -0.7087714793549083
1.0 112 143 0.5684262348432536 0.3651483716701107 0.6245738437992259 0.6148848674782528
1.0 113 144 0.5965133869905148 0.3842122429322726 1.08704731373615 1.0625559024821882
1.0 114 145 0.5965133869905148 0.3842122429322726 0.027737648637696566 0.01759527964810559
1.0 115 146 0.5982250501558313 0.3842122429322726 -0.2589035360115872 -0.2602159852202419
1.0 116 147 0.5791185743078738 0.3779644730092272 0.3628052684699128 0.3758863320385899
1.0 117 148 0.6016337674898651 0.3842122429322726 -0.12556338777159226 -0.11771955571825288
1.0 118 149 0.6016337674898651 0.3842122429322726 1.1157699219450024 1.092427816908156
1.0 119 150 0.5947967981452528 0.3842122429322726 1.8301237533601693 1.8514880056607694
1.0 120 151 0.6016337674898651 0.3964124835860459 -0.08935477204090603 -0.07465103279187701
1.0 121 152 0.6117459675668944 0.3964124835860459 -0.3465887942588779 -0.3494594291362034
1.0 122 153 0.6083939096377063 0.3964124835860459 0.2684211338660134 0.2507466943684449
1.0 123 154 0.5982250501558313 0.3903600291794133 0.9801140599922178 0.9714708473456426
1.0 124 155 0.5896170466995431 0.3842122429322726 1.0128749033610234 0.9896918655249181
1.0 125 156 0.5426587579753616 0.3380617018914066 -0.2632079500105533 -0.2700603785054909
1.0 126 157 0.5519995257992688 0.3450327796711771 0.03415634880741436 0.036145190896377244
1.0 127 158 0.5702222147839637 0.37161167647860327 -0.38218528513834826 -0.40516966611480143
1.0 128 159 0.5538487756217113 0.3518657752744984 0.34470277040651354 0.33088101087469113
1.0 129 160 0.529304826335453 0.30079260375911915 0.460380078366029 0.4644345300072814
1.0 130 161 0.5234774396827916 0.2845213189769458 -0.8874575314465574 -0.9108405970820854
1.0 131 162 0.5312330834549512 0.3086066999241838 -1.5477976551492247 -1.5347198082300793
1.0 132 163 0.5388771177710738 0.3236694374850748 0.010614015627652407 0.027267052896519317
1.0 x 164 0.5426587579753616 0.3380617018914066 -316.8904214464389 -0.618162059838312
1.0 x 165 0.5254270830780441 0.2760262237369417 -316.8904214464389 -0.33675965046398915
1.0 133 166 0.529304826335453 0.29277002188455997 0.634023953151825 0.609347628542281
1.0 x 167 0.5234774396827916 0.2760262237369417 -316.25639749328707 -1.1631832514208895
1.0 134 168 0.5369763107272132 0.31622776601683794 -0.22193626344994755 -0.20010356160457832
1.0 135 169 0.535068751196664 0.31622776601683794 0.013755806165363538 0.02880459218215492
1.0 136 170 0.5482823149915701 0.3450327796711771 -0.7629335176144991 -0.7423040120070823
1.0 x 171 0.5826390843897161 0.37161167647860327 -317.22751146818615 -0.8386141290534965
1.0 137 172 0.5666245623717936 0.3518657752744984 0.1416451414586959 0.13157822063917024
1.0 138 173 0.5808814964202558 0.37161167647860327 0.29841924539010733 0.2784060419743355
1.0 139 174 0.5843913863444069 0.37161167647860327 -0.4113663400635801 -0.4173088934195732
1.0 140 175 0.5843913863444069 0.37161167647860327 0.19533957085383236 0.19926791436614621
1.0 141 176 0.5611848406344145 0.35856858280031806 0.632124857850215 0.6136241355632137
1.0 142 177 0.535068751196664 0.30079260375911915 -1.0352496076259854 -1.0462818223938086
1.0 143 178 0.5556918714833967 0.3450327796711771 1.4262894969635909 1.4188087866999126
1.0 x 179 0.5648171428949156 0.3518657752744984 -315.9803091033593 -0.28614670723970903
1.0 144 180 0.5611848406344145 0.35856858280031806 -0.491567988236568 -0.48660487251990503
1.0 145 181 0.5445397298475227 0.31622776601683794 -0.4044505942484875 -0.4145199560504693
1.0 146 182 0.5791185743078738 0.3651483716701107 1.1578967617228955 1.1450812216515942
1.0 147 183 0.5913486717104743 0.3779644730092272 0.2823189613006889 0.2657552769104825
1.0 148 184 0.6033309041969425 0.3779644730092272 -0.6460251809676834 -0.6440056766228963
1.0 149 185 0.6033309041969425 0.3779644730092272 -0.12816058656665064 -0.1404418769999154
1.0 150 186 0.5999318298015184 0.3779644730092272 0.7852321805556812 0.7670631868728321
1.0 151 187 0.6067109357092572 0.3842122429322726 0.694549477068108 0.6857454582834919
1.0 x 0 0.8976223991022857 0.9586697132212006 -388.9205474467791 -0.8487296456985689
1.0 1 1 0.8930543165283613 0.9536895771286428 -0.9593872314530927 -0.9665276606360464
1.0 x 2 0.8838473250904421 0.9461702252967461 -389.8799346782322 -1.830159806845927
1.0 2 3 0.8930543165283613 0.9561828874675149 2.4398241109940955 2.447053274281984
1.0 3 4 0.8964825606753831 0.9586697132212006 1.4227356544683403 1.4203673045698508
1.0 x 5 0.8792076745395966 0.9436504599035548 -386.01737491276975 -3.1329110271856564
1.0 4 6 0.8941985249624324 0.9586697132212006 1.2347246626412698 1.2367818995417394
1.0 5 7 0.8780439312439179 0.9411239481143202 -0.011255143189202954 -0.02630799895521818
1.0 6 8 0.8850034371936534 0.9511897312113419 2.834097710401977 2.8493570724028245
1.0 7 9 0.886158040994738 0.9511897312113419 -1.212387222851362 -1.2249619956055824
1.0 x 10 0.8873111423816805 0.9486832980505138 -383.17219490576707 -1.95682228790929
1.0 8 11 0.8873111423816805 0.9486832980505138 0.15165892131170722 0.13680414059419377
1.0 x 12 0.8627724370415466 0.933503385868831 -383.02053598445536 -0.8016377399243027
1.0 9 13 0.8792076745395966 0.9436504599035548 0.06297556930508108 0.0611979639766389
1.0 10 14 0.8838473250904421 0.9461702252967461 1.3470579739566801 1.3422975778778437
1.0 x 15 0.8722019240514312 0.933503385868831 -381.6105024411936 -2.2605316886058233
1.0 x 16 0.873373451676927 0.9360504666899516 -381.6105024411936 -3.427250281540438
1.0 x 17 0.8896128612743778 0.9511897312113419 -381.6105024411936 -1.904591936310993
1.0 x 18 0.8722019240514312 0.9360504666899516 -381.6105024411936 -1.5113245959508959
1.0 11 19 0.8815305522325516 0.9436504599035548 0.5723309637875786 0.5470843797396867
1.0 12 20 0.886158040994738 0.9436504599035548 -0.17420168198577812 -0.18777294138055822
1.0 x 21 0.8873111423816805 0.9486832980505138 -381.2123731593918 -1.1651061418197344
1.0 13 22 0.8896128612743778 0.9561828874675149 -0.3827720078028847 -0.36569097843656095
1.0 x 23 0.8907614903664373 0.9536895771286428 -381.5951451671947 -3.2165953299454486
1.0 14 24 0.8941985249624324 0.9561828874675149 -0.5625075070562957 -0.5499361701563714
1.0 x 25 0.9044312632922692 0.9660917830792959 -382.157652674251 -0.08986330738920856
1.0 x 26 0.886158040994738 0.9486832980505138 -382.157652674251 -2.924291838502853
1.0 x 27 0.8919086402176445 0.9561828874675149 -382.157652674251 -0.49843669336695484
1.0 15 28 0.8930543165283613 0.9561828874675149 0.7107273186909993 0.7034009980727092
1.0 16 29 0.8930543165283613 0.9561828874675149 0.9041867786755233 0.8760140086546642
1.0 17 30 0.90103326281292 0.9660917830792959 1.6485367287531858 1.639039029363886
1.0 18 31 0.8976223991022857 0.9586697132212006 1.1203456658749928 1.115397130691747
1.0 19 32 0.8987607919492229 0.9586697132212006 1.0023149399454496 1.0135211067248235
1.0 20 33 0.895341271147511 0.9586697132212006 0.9695066945001258 0.9594191466995028
1.0 21 34 0.8976223991022857 0.9586697132212006 2.581480629123803 2.5764288802954525
1.0 22 35 0.895341271147511 0.9586697132212006 -1.7512584713608703 -1.7552846544793965
1.0 23 36 0.8987607919492229 0.9561828874675149 2.33209167128814 2.3101381768866247
1.0 24 37 0.8976223991022857 0.9561828874675149 1.3860664288807243 1.4008369153947626
1.0 x 38 0.895341271147511 0.9561828874675149 -371.2536542898789 -2.530807578652656
1.0 x 39 0.895341271147511 0.9586697132212006 -371.2536542898789 -0.9209984087087548
1.0 25 40 0.8930543165283613 0.9561828874675149 0.6195742488674796 0.6128393481178023
1.0 x 41 0.895341271147511 0.9561828874675149 -370.63408004101143 -0.17568517240388815
1.0 x 42 0.8850034371936534 0.9511897312113419 -370.63408004101143 -2.041700151449106
1.0 26 43 0.8964825606753831 0.9536895771286428 3.1698701720361555 3.1986702796323243
1.0 27 44 0.8919086402176445 0.9511897312113419 0.28606850887041446 0.2629999843075268
1.0 28 45 0.895341271147511 0.9511897312113419 0.2825521902707351 0.2694551399851832
1.0 29 46 0.8930543165283613 0.9511897312113419 1.8548792517879633 1.838458536997507
1.0 30 47 0.8941985249624324 0.9536895771286428 0.25247256113908634 0.23017699444346817
1.0 31 48 0.8941985249624324 0.9536895771286428 0.1303627803016525 0.1247514066303097
1.0 x 49 0.8964825606753831 0.9536895771286428 -364.6578745766054 -0.7934740344303179
1.0 32 50 0.8919086402176445 0.9511897312113419 0.3637560747077373 0.37406082262913287
1.0 33 51 0.8930543165283613 0.9461702252967461 -0.8210863751140209 -0.824602205761721
1.0 34 52 0.8930543165283613 0.9511897312113419 1.437340902025312 1.4262705231024597
1.0 x 53 0.8907614903664373 0.9436504599035548 -363.6778639749864 -0.371548709346996
1.0 35 54 0.8964825606753831 0.9511897312113419 -2.055385716774765 -2.054206527406336
1.0 x 55 0.8941985249624324 0.9561828874675149 -365.73324969176116 -2.2058287303460133
1.0 36 56 0.8976223991022857 0.9511897312113419 -2.049468083539466 -2.0624558166749694
1.0 x 57 0.8896128612743778 0.9511897312113419 -367.7827177753006 -0.16116020936269138
1.0 37 58 0.9021673516983131 0.9561828874675149 -0.7504320476482462 -0.7543371978477182
1.0 x 59 0.8930543165283613 0.9511897312113419 -368.5331498229489 -2.1484648811666602
1.0 38 60 0.8976223991022857 0.9561828874675149 1.1475428951689537 1.124175851281791
1.0 x 61 0.886158040994738 0.9511897312113419 -367.3856069277799 -2.3720972478843976
1.0 39 62 0.90103326281292 0.9561828874675149 -0.02968300617277464 -0.015524258813741199
1.0 40 63 0.8998977447022775 0.9586697132212006 0.2885750841375625 0.27425165021566045
1.0 x 64 0.8998977447022775 0.9536895771286428 -367.12671484981513 -1.0234385412497602
1.0 41 65 0.8998977447022775 0.9536895771286428 0.4040626947145256 0.42041463958116765
1.0 42 66 0.90103326281292 0.9536895771286428 0.00971994192116199 0.013024340457775452
1.0 43 67 0.90103326281292 0.9536895771286428 0.1836710126949015 0.2039587750629437
1.0 44 68 0.90103326281292 0.9511897312113419 -0.23388325095396567 -0.2457848555286546
1.0 45 69 0.90103326281292 0.9536895771286428 -0.004939910730001884 -0.01178420854554929
1.0 46 70 0.8964825606753831 0.9511897312113419 1.6596010321790686 1.664469960790342
1.0 47 71 0.8987607919492229 0.9536895771286428 0.610981167320972 0.6143955422406009
1.0 x 72 0.8976223991022857 0.9511897312113419 -364.49750216266847 -0.5856041494166675
1.0 48 73 0.8941985249624324 0.9511897312113419 -1.3723929944634392 -1.3678346374004775
1.0 49 74 0.8919086402176445 0.9461702252967461 1.4128382142435498 1.409533609720711
1.0 x 75 0.895341271147511 0.9536895771286428 -364.45705694288836 -0.4721750255549182
1.0 x 76 0.895341271147511 0.9561828874675149 -364.45705694288836 -1.8640479539820092
1.0 50 77 0.8884627472042562 0.9461702252967461 1.868660095330938 1.8759213082530266
1.0 51 78 0.8873111423816805 0.9511897312113419 -1.8175292786293085 -1.8116446750208297
1.0 52 79 0.8815305522325516 0.9461702252967461 2.0303448158086894 2.0485790692093815
1.0 53 80 0.8826896987585606 0.9436504599035548 0.36445813569019947 0.3515845923744507
1.0 x 81 0.8710288207309602 0.9411239481143202 -362.01112317468784 -0.281642419951055
1.0 x 82 0.8792076745395966 0.9436504599035548 -362.01112317468784 -2.1157095391800738
1.0 54 83 0.8792076745395966 0.9461702252967461 0.9823302581158941 1.0013920903070357
1.0 x 84 0.8803698795076853 0.9486832980505138 -361.02879291657194 -2.59719117524682
1.0 55 85 0.8838473250904421 0.9436504599035548 1.2252062562120045 1.2169627015277626
1.0 x 86 0.8896128612743778 0.9436504599035548 -359.80358666035994 -1.9357988118171363
1.0 56 87 0.886158040994738 0.9436504599035548 3.241612743075791 3.23843442679717
1.0 57 88 0.8873111423816805 0.9385906354489059 -0.12616046486510868 -0.1467354772127294
1.0 58 89 0.8792076745395966 0.9360504666899516 0.3764944431563322 0.3626082107338391
1.0 59 90 0.886158040994738 0.9385906354489059 -0.34316314062141373 -0.3362983492651779
1.0 60 91 0.8815305522325516 0.9411239481143202 -0.6491643892985053 -0.6360402426539622
1.0 61 92 0.8745434099397928 0.9360504666899516 0.7574091246352168 0.7426932209575341
1.0 62 93 0.8792076745395966 0.9360504666899516 -0.5213870884431344 -0.5421474477648758
1.0 63 94 0.8780439312439179 0.9360504666899516 2.1506291113677776 2.1428173804320636
1.0 64 95 0.8722019240514312 0.9360504666899516 0.6683130898794047 0.6679665638696122
1.0 65 96 0.8674999926333221 0.9283882603225667 2.689978725844867 2.692304569183676
1.0 66 97 0.8722019240514312 0.933503385868831 0.20464061760725372 0.2241811700111498
1.0 x 98 0.8757118051300735 0.9309493362512627 -351.35438388802146 -3.0290720216457885
1.0 67 99 0.8460179792817016 0.9258200997725514 0.7465182093494604 0.7548807797093957
1.0 68 100 0.8214904903691042 0.9232447954800246 0.08906654586644436 0.12084776349658455
1.0 x 101 0.8745434099397928 0.9360504666899516 -350.51879913280555 -2.5846057938027514
1.0 69 102 0.8102109094497624 0.9154754164341269 -0.6178635142763937 -0.6286611800958042
1.0 70 103 0.8000511231108935 0.8997354108424374 0.6017315272832775 0.5816102345781928
1.0 71 104 0.7291757960281542 0.7867957924694432 1.4996261893001588 1.5113871296215393
1.0 72 105 0.7121498888665777 0.7432233529572065 0.7096507388976079 0.7091906816339417
1.0 73 106 0.713584230478596 0.7464200272921789 1.021787291939802 1.041327124947344
1.0 74 107 0.6991084009202141 0.7302967433402214 -0.44240560749068436 -0.41812670475599134
1.0 x 108 0.7235450106338154 0.7559289460184544 -347.7462725071518 -2.083206838086454
1.0 75 109 0.6813315484671214 0.6654751256486924 0.8520813750958496 0.850291198674995
1.0 76 110 0.6843264268510368 0.6725927091345493 -0.8371012773625921 -0.8383329437583029
1.0 77 111 0.6427191723920543 0.6210590034081188 3.0483766763414906 3.045468047334083
1.0 78 112 0.6117459675668944 0.5345224838248488 -0.001634313673264387 0.005527450167420511
1.0 79 113 0.6016337674898651 0.5163977794943222 0.4918297675475287 0.501450105007109
1.0 80 114 0.6050232803241139 0.5163977794943222 -0.459338382703379 -0.4774164003395356
1.0 x 115 0.6458931135338334 0.5976143046671968 -344.65205866190615 -2.8331739566204135
1.0 x 116 0.6050232803241139 0.5023753102820165 -344.65205866190615 -1.1126113157910709
1.0 81 117 0.5947967981452528 0.47308511264837305 -0.17518738465054184 -0.19365220661092053
1.0 x 118 0.6100722408529212 0.50709255283711 -344.8272460465567 -1.8762901082282042
1.0 82 119 0.5791185743078738 0.4309458036856673 1.6340767868812804 1.6257493160774459
1.0 83 120 0.5965133869905148 0.49280538030458115 0.358660773668646 0.3367662279091803
1.0 84 121 0.5896170466995431 0.4680252333449758 0.06843550408143528 0.07546754558276803
1.0 85 122 0.5930752408495852 0.47308511264837305 0.29592878138373635 0.3155237090487901
1.0 86 123 0.5843913863444069 0.4680252333449758 1.2653915686252049 1.2380294134428027
1.0 87 124 0.5913486717104743 0.47809144373375745 0.4354387826019206 0.4296279487742254
1.0 88 125 0.5843913863444069 0.4680252333449758 -0.2049971098957144 -0.2062504573359547
1.0 89 126 0.5843913863444069 0.4680252333449758 0.00719257080635316 0.034933564981002974
1.0 90 127 0.5843913863444069 0.4680252333449758 0.03100266787379269 0.016105107892087744
1.0 91 128 0.5930752408495852 0.4879500364742666 -0.5711951677702132 -0.583396106167811
1.0 92 129 0.5826390843897161 0.4525062483125562 1.2460215329423363 1.2341205308743781
1.0 93 130 0.587880321139975 0.47809144373375745 -0.8539880353802118 -0.8442582879712859
1.0 x 131 0.5826390843897161 0.4525062483125562 -341.11527739073813 -0.5596912388217845
1.0 x 132 0.6050232803241139 0.5433581647846062 -341.11527739073813 -1.7451264767816212
1.0 94 133 0.587880321139975 0.47308511264837305 -0.5247468970690647 -0.5139598897114297
1.0 x 134 0.5896170466995431 0.47308511264837305 -341.6400242878072 -0.1649205187324867
1.0 x 135 0.6100722408529212 0.5255382728122436 -341.6400242878072 -1.668018270400637
1.0 95 136 0.587880321139975 0.4680252333449758 -0.22830744067948672 -0.25259883341152545
1.0 96 137 0.587880321139975 0.4680252333449758 -0.09143233399061046 -0.08657421897291329
1.0 x 138 0.5947967981452528 0.47809144373375745 -341.9597640624773 -1.0384268100442569
1.0 97 139 0.5965133869905148 0.5209880722517277 0.17977634198553005 0.17638878319633022
1.0 98 140 0.5896170466995431 0.4680252333449758 -0.03182484073914793 -0.04011759877059262
1.0 99 141 0.5861384496930644 0.4680252333449758 0.02387852558109671 0.02510819417668131
1.0 100 142 0.5947967981452528 0.48304589153964794 -0.6524106833814471 -0.6451596377229976
1.0 101 143 0.6050232803241139 0.5389584311207967 -0.249422490720292 -0.2781095094321131
1.0 x 144 0.6630782771558663 0.6473388749701496 -342.68976720975155 -3.675971619243171
1.0 102 145 0.6033309041969425 0.5300494136893097 0.03334087957512111 0.07022519530090676
1.0 x 146 0.6506249944749916 0.6286796443643576 -342.65642633017643 -2.518505734148704
1.0 x 147 0.6458931135338334 0.6286796443643576 -342.65642633017643 -1.4632230399475077
1.0 103 148 0.6249744371050426 0.5855400437691199 -0.604660924257189 -0.5912059593373158
1.0 104 149 0.6100722408529212 0.5648430038936652 0.518418312272388 0.5301989896107102
1.0 105 150 0.6266083599903659 0.5814595756329395 -0.21182475005451806 -0.21155794241178683
1.0 106 151 0.6737861159606583 0.6690433824641326 -0.9133956114480384 -0.9232657792854013
1.0 107 152 0.6991084009202141 0.7270291799999699 0.49431028399641264 0.5025273782935358
1.0 108 153 0.6722668668663498 0.6690433824641326 0.9536481848456333 0.9853367068934347
1.0 109 154 0.6615344373960744 0.6618876325292973 0.6929539437979315 0.6762352596128665
1.0 110 155 0.6183955756104342 0.5814595756329395 2.001753690750718 2.001947533815951
1.0 111 156 0.6083939096377063 0.5690426379538917 0.7290948906001518 0.7362616820050505
1.0 112 157 0.5720125558134017 0.4472135954999579 1.6244312493041662 1.6367921481625274
1.0 113 158 0.5666245623717936 0.4472135954999579 2.0188363662536517 2.0344111096445374
1.0 x 159 0.5773502691896257 0.45773770821706344 -335.3528606941151 -2.2424871529160555
1.0 114 160 0.5630039210635431 0.4472135954999579 0.5001153476272293 0.47935243211921374
1.0 x 161 0.5666245623717936 0.4629100498862757 -334.8527453464879 -1.1051212416935812
1.0 115 162 0.5720125558134017 0.4418575508442684 -1.4020628404019249 -1.397930855816071
1.0 x 163 0.5755765314519714 0.4879500364742666 -336.2548081868898 -0.8754399098928332
1.0 116 164 0.5611848406344145 0.4364357804719847 0.7332389799702241 0.7163936291186133
1.0 117 165 0.5666245623717936 0.42538497969766276 -0.032330047957543684 -0.010927579976595325
1.0 x 166 0.5720125558134017 0.42538497969766276 -335.55389925487714 -1.6681051019723725
1.0 118 167 0.5720125558134017 0.4140393356054125 1.7252028012782148 1.7320509682961927
1.0 x 168 0.5791185743078738 0.42538497969766276 -333.8286964535989 -0.24412388097573512
1.0 x 169 0.5611848406344145 0.42538497969766276 -333.8286964535989 -0.8403705280583438
1.0 119 170 0.5702222147839637 0.4140393356054125 0.07140486614002839 0.04855865568154627
1.0 120 171 0.5611848406344145 0.4140393356054125 0.9276414149088055 0.9225770754946154
1.0 121 172 0.5611848406344145 0.4197504927816955 -1.4996371501067074 -1.513846179831404
1.0 122 173 0.5630039210635431 0.4197504927816955 -0.05101948733522477 -0.03549099282355428
1.0 123 174 0.5593598444497264 0.4197504927816955 -0.017624057024306694 -0.0247056636099785
1.0 x 175 0.5737973107145337 0.4418575508442684 -334.3979308670163 -1.5372923168276884
1.0 124 176 0.5648171428949156 0.4197504927816955 -2.27885718441928 -2.2674568486089015
1.0 125 177 0.5702222147839637 0.42538497969766276 2.8390130403259377 2.8325909394206406
1.0 126 178 0.5575288744161785 0.4197504927816955 1.6770808109386053 1.6808534204259047
1.0 127 179 0.5575288744161785 0.408248290463863 0.40895863079424544 0.4070234632609129
1.0 128 180 0.5593598444497264 0.408248290463863 -0.08076531042695478 -0.06493140808382236
1.0 129 181 0.5501440599584498 0.40237390808147827 1.4372393463489175 1.4390336723539292
1.0 130 182 0.5593598444497264 0.40237390808147827 0.6364688746243701 0.6292352435993962
1.0 131 183 0.5630039210635431 0.408248290463863 -1.2997989300723702 -1.2976296718330218
1.0 132 184 0.5666245623717936 0.4140393356054125 0.6694219477354295 0.6600979495346735
1.0 133 185 0.5808814964202558 0.4309458036856673 -0.05369794235645031 -0.05848341195169837
1.0 134 186 0.5791185743078738 0.42538497969766276 -0.706653639422882 -0.7035246880500665
1.0 x 187 0.5826390843897161 0.4197504927816955 -331.14952122294676 -2.8926989789700883
1.0 135 188 0.5947967981452528 0.4418575508442684 -0.2954152681501796 -0.2942643263905609
1.0 136 189 0.5947967981452528 0.4364357804719847 1.1138381733093183 1.099400615606612
1.0 x 190 0.6033309041969425 0.4472135954999579 -330.3310983177876 -0.5524993180946751
1.0 137 191 0.5896170466995431 0.4418575508442684 2.447350002081407 2.455477795087461
1.0 x 192 0.5861384496930644 0.4418575508442684 -327.8837483157062 -0.9368547383113253
1.0 138 193 0.5808814964202558 0.4309458036856673 -0.48723253686097223 -0.5179572332481541
1.0 x 194 0.5755765314519714 0.42538497969766276 -328.3709808525672 -0.6625529547286533
1.0 139 195 0.5826390843897161 0.42538497969766276 -0.33234266912995736 -0.32735722003025103
1.0 140 196 0.5930752408495852 0.4418575508442684 1.9772297467574163 1.9867061203806315
1.0 141 197 0.5999318298015184 0.4418575508442684 1.6308585568405078 1.6337272300935695
1.0 x 198 0.6033309041969425 0.4418575508442684 -325.0952352180992 -1.1082607237560467
1.0 x 199 0.6033309041969425 0.4472135954999579 -325.0952352180992 -0.7233313648895034
1.0 142 200 0.5982250501558313 0.4472135954999579 1.1946702918582446 1.206934453078702
1.0 x 201 0.6016337674898651 0.4472135954999579 -323.900564926241 -1.2675540774784793
1.0 x 202 0.6067109357092572 0.4525062483125562 -323.900564926241 -0.29794387077268425
1.0 143 203 0.5965133869905148 0.4418575508442684 -0.9538446428429097 -0.9476271246364831
1.0 144 204 0.6067109357092572 0.4525062483125562 0.13773355105030305 0.1514612500104704
1.0 x 205 0.6117459675668944 0.45773770821706344 -324.7166760180336 -1.690070001428893
1.0 145 206 0.6050232803241139 0.4472135954999579 1.0259514155577563 1.0567303996755584
1.0 146 207 0.6033309041969425 0.4472135954999579 -0.4448342331688764 -0.44676182412968046
1.0 147 208 0.5896170466995431 0.4364357804719847 0.859369169945353 0.8619511004827416
1.0 148 209 0.5965133869905148 0.4364357804719847 0.20309331230976113 0.21327410685094605
1.0 149 210 0.587880321139975 0.4364357804719847 1.0284357781726499 1.0452625816492116
1.0 x 211 0.5982250501558313 0.4364357804719847 -322.04466057521694 -2.0229970974992852
1.0 150 212 0.5861384496930644 0.4364357804719847 2.4306808016667105 2.4154353567601845
1.0 151 213 0.5808814964202558 0.4309458036856673 0.34254209023544036 0.3315370763412204
1.0 152 214 0.5826390843897161 0.4418575508442684 -0.7402581102768409 -0.7382247526747108
1.0 153 215 0.5720125558134017 0.4364357804719847 0.44256734090521377 0.44712330025583924
1.0 154 216 0.5791185743078738 0.4364357804719847 0.21191968473226552 0.22665247980694403
1.0 155 217 0.5791185743078738 0.4364357804719847 -1.2570618669993223 -1.2522886788521532
1.0 156 218 0.5826390843897161 0.4418575508442684 0.5255056008509769 0.5333328152012484
1.0 157 219 0.5826390843897161 0.4364357804719847 1.4326948278002192 1.4279236340943555
1.0 158 220 0.5861384496930644 0.4364357804719847 0.4844714700197983 0.47322115193227887
1.0 159 221 0.5861384496930644 0.4364357804719847 -1.3361367367931507 -1.3123813599635241
1.0 160 222 0.5843913863444069 0.4364357804719847 -0.11700143886491787 -0.12203081535528781
1.0 161 223 0.5826390843897161 0.4418575508442684 -1.4032220229307768 -1.3942704603825575
1.0 162 224 0.5826390843897161 0.4309458036856673 1.0297570322039178 1.0269076787108986
1.0 163 225 0.5808814964202558 0.4364357804719847 -0.21507733150195918 -0.21929783294442018
1.0 164 226 0.5808814964202558 0.4364357804719847 -0.005671997748777358 -0.019890119124312378
1.0 165 227 0.5737973107145337 0.42538497969766276 0.35835619694245224 0.3681940672183259
1.0 166 228 0.5702222147839637 0.4197504927816955 -0.12126710480629299 -0.11677551517144025
1.0 x 229 0.5648171428949156 0.4197504927816955 -319.981862139782 -1.638164925728745
1.0 x 230 0.5773502691896257 0.42538497969766276 -319.981862139782 -1.4987671547945354
1.0 167 231 0.5684262348432536 0.4197504927816955 0.8858033094248299 0.8543275651432509
1.0 168 232 0.5666245623717936 0.4197504927816955 -1.178733631015973 -1.2058801882550085
1.0 169 233 0.5666245623717936 0.4197504927816955 0.39244368823642617 0.40442852002053087
1.0 170 234 0.5648171428949156 0.4140393356054125 -1.1256447171407444 -1.1302090528595272
1.0 171 235 0.5648171428949156 0.4140393356054125 0.5333385015562158 0.5270115801135944
1.0 172 236 0.5648171428949156 0.4197504927816955 -1.2308079009160906 -1.2476141837432806
1.0 173 237 0.5755765314519714 0.4309458036856673 2.2473392931373724 2.246849677310024
1.0 174 238 0.5755765314519714 0.4309458036856673 -0.916860986347956 -0.9176838451895151
1.0 175 239 0.5630039210635431 0.4197504927816955 -1.1547091462078356 -1.1442403210780867
1.0 176 240 0.5773502691896257 0.4197504927816955 0.9115198499022767 0.8998848562297326
1.0 x 241 0.5773502691896257 0.42538497969766276 -320.61817387915346 -0.4183893141963324
1.0 177 242 0.5702222147839637 0.4197504927816955 1.8493864537460922 1.8502014064598313
1.0 178 243 0.5648171428949156 0.4197504927816955 -0.5749191219456407 -0.5647497899115876
1.0 x 244 0.5611848406344145 0.4197504927816955 -319.343706547353 -1.26897577686222
1.0 179 245 0.5648171428949156 0.4197504927816955 -0.9934862677858973 -1.0080890164343828
1.0 180 246 0.5630039210635431 0.4197504927816955 0.4713477577184335 0.49474325436989375
1.0 181 247 0.5684262348432536 0.4197504927816955 1.585246957478489 1.5592659486426328
1.0 182 248 0.5519995257992688 0.4140393356054125 0.5359623727882195 0.5297414584288447
1.0 x 249 0.5593598444497264 0.4140393356054125 -317.74463572715376 -0.20940967227733154
1.0 1 0 0.6050232803241139 0.4680252333449758 0.8633854388150439 0.8830443913141153
1.0 2 1 0.6100722408529212 0.4680252333449758 -0.060092224632342095 -0.07280152173723309
1.0 3 2 0.5999318298015184 0.4680252333449758 1.008729789591996 0.9879376799750901
1.0 4 3 0.5965133869905148 0.4629100498862757 0.34377241808653025 0.34433100240096337
1.0 5 4 0.5947967981452528 0.45773770821706344 -0.4968925758989826 -0.4970321570700946
1.0 6 5 0.5930752408495852 0.45773770821706344 0.7890458646297702 0.7908430323217317
1.0 7 6 0.5999318298015184 0.4680252333449758 -0.01873205269578193 -0.023073224488996402
1.0 8 7 0.5999318298015184 0.4680252333449758 0.10286194592140419 0.08590367916110608
1.0 9 8 0.5947967981452528 0.45773770821706344 0.6618946169764399 0.6542539897734514
1.0 x 9 0.5982250501558313 0.4629100498862757 -300.28278848302045 -1.402333448918796
1.0 10 10 0.5930752408495852 0.4629100498862757 -0.05630228387525449 -0.05013540388341653
1.0 11 11 0.5930752408495852 0.4629100498862757 0.4107452483108318 0.4182291721116087
1.0 12 12 0.5913486717104743 0.45773770821706344 0.8348125614928676 0.8507862238564314
1.0 13 13 0.5808814964202558 0.45773770821706344 1.2036940730873766 1.2053335944511048
1.0 x 14 0.5896170466995431 0.45773770821706344 -297.88983888400463 -0.5359628650629702
1.0 14 15 0.5773502691896257 0.4525062483125562 -0.35141449292655125 -0.3319573230091635
1.0 15 16 0.5913486717104743 0.45773770821706344 -0.8174566677782309 -0.8082341844489065
1.0 16 17 0.5947967981452528 0.45773770821706344 0.4984884541334509 0.5023831852471687
1.0 17 18 0.5773502691896257 0.4525062483125562 0.4712091683814492 0.4603526274224805
1.0 18 19 0.5737973107145337 0.4525062483125562 -0.020342995321414037 -0.030276935600113575
1.0 19 20 0.5445397298475227 0.4418575508442684 -0.29210473561806793 -0.3202043472415994
1.0 20 21 0.5720125558134017 0.4525062483125562 -0.24719093970213635 -0.23755791654821223
1.0 x 22 0.5791185743078738 0.4525062483125562 -298.64865109283613 -0.7209072106898873
1.0 21 23 0.5464142267158353 0.4472135954999579 0.1900710931091112 0.20456999499637618
1.0 22 24 0.535068751196664 0.4364357804719847 0.19457307204515928 0.21487497520661236
1.0 x 25 0.5156051500486066 0.40237390808147827 -298.26400692768186 -1.5303772125264175
1.0 x 26 0.5575288744161785 0.4525062483125562 -298.26400692768186 -0.604079385679853
1.0 23 27 0.5331543667007768 0.42538497969766276 -0.1853527707183389 -0.19208255226934057
1.0 24 28 0.5388771177710738 0.4197504927816955 -1.1838388552017705 -1.1728066149656513
1.0 x 29 0.5501440599584498 0.4472135954999579 -299.63319855360197 -0.8059361706336006
1.0 25 30 0.5519995257992688 0.4472135954999579 0.2552366067774301 0.25316312169687194
1.0 26 31 0.5556918714833967 0.4525062483125562 0.15746191898256257 0.13849711534541598
1.0 27 32 0.5445397298475227 0.4364357804719847 -0.26906459930592064 -0.265116042296512
1.0 x 33 0.5538487756217113 0.4472135954999579 -299.4895646271479 -0.858707517325513
1.0 28 34 0.529304826335453 0.42538497969766276 0.6357974880125994 0.6578575766999109
1.0 29 35 0.5254270830780441 0.4309458036856673 0.8767392006366208 0.8762565703686391
1.0 30 36 0.5407712435330774 0.4418575508442684 0.4007917935546743 0.39987749394347816
1.0 31 37 0.5519995257992688 0.4472135954999579 -0.25495692856856067 -0.254266477680261
1.0 32 38 0.5519995257992688 0.4418575508442684 -0.15813521502963113 -0.19119980461931618
1.0 33 39 0.5445397298475227 0.4418575508442684 1.0241197111919291 1.0105347337275248
1.0 x 40 0.5720125558134017 0.4525062483125562 -296.96520857735027 -0.598804968245986
1.0 34 41 0.5648171428949156 0.4472135954999579 -0.07861640485828048 -0.08194358155333248
1.0 x 42 0.5611848406344145 0.4418575508442684 -297.04382498220855 -0.2832402691402649
1.0 35 43 0.5331543667007768 0.4364357804719847 0.4240116626888266 0.42800149663816
1.0 36 44 0.5388771177710738 0.4364357804719847 0.7799614982732237 0.7884343046967217
1.0 37 45 0.5593598444497264 0.4472135954999579 -0.04579636664533382 -0.03425526751175312
1.0 38 46 0.5538487756217113 0.4472135954999579 -1.3336259849460248 -1.3278946841904542
1.0 39 47 0.5556918714833967 0.4472135954999579 0.046200869356084695 0.05270535525951914
1.0 40 48 0.5556918714833967 0.4472135954999579 0.07576900862318325 0.07323207942636145
1.0 41 49 0.5407712435330774 0.4364357804719847 1.5032420440362557 1.5074146941334448
1.0 42 50 0.5575288744161785 0.4472135954999579 1.0527249037572233 1.0297661819036819
1.0 43 51 0.5407712435330774 0.4418575508442684 1.7589962198328521 1.7476637833943016
1.0 44 52 0.5426587579753616 0.4472135954999579 -0.16609583304551734 -0.18209330262610024
1.0 45 53 0.5464142267158353 0.4472135954999579 0.1326066155912713 0.13206526224050208
1.0 46 54 0.5684262348432536 0.4472135954999579 -0.6082331350453387 -0.6277683683064481
1.0 47 55 0.5575288744161785 0.4472135954999579 -0.3529952193997019 -0.3553121729723898
1.0 48 56 0.5426587579753616 0.4472135954999579 -0.77878101476756 -0.7715115948027176
1.0 49 57 0.5464142267158353 0.4472135954999579 -0.07682872209267089 -0.08752675689686384
1.0 50 58 0.5593598444497264 0.4472135954999579 -0.45134088872424627 -0.46800923867482425
1.0 51 59 0.5388771177710738 0.4418575508442684 -0.51496187841866 -0.5343484480392249
1.0 52 60 0.5407712435330774 0.4364357804719847 1.228834608117836 1.2315519111638196
1.0 x 61 0.5519995257992688 0.4472135954999579 -294.37013659501685 -0.5399094802384354
1.0 x 62 0.5611848406344145 0.4472135954999579 -294.37013659501685 -0.8379554997398202
1.0 53 63 0.5445397298475227 0.4418575508442684 -0.06770299203100194 -0.08451675840694861
1.0 54 64 0.5331543667007768 0.4364357804719847 0.1722992469439646 0.16202671854350115
1.0 55 65 0.507610787569021 0.4197504927816955 -1.098089904914957 -1.1005016829952012
1.0 56 66 0.5015313971540449 0.408248290463863 -0.497241684657979 -0.5060077326515966
1.0 57 67 0.5136182249313151 0.42538497969766276 0.5442367651230597 0.5690043626537147
1.0 58 68 0.4994884909146929 0.40237390808147827 0.057121371498794815 0.08514199876029238
1.0 59 69 0.49537740461806995 0.408248290463863 0.6051520255147693 0.5850206065229315
1.0 60 70 0.5055924464243811 0.42538497969766276 0.7698370906275045 0.7741264320022765
1.0 61 71 0.4994884909146929 0.4197504927816955 0.11226031923956725 0.11340876822006862
1.0 62 72 0.5136182249313151 0.4197504927816955 0.5877336865038387 0.5647510016573847
1.0 x 73 0.5273695188451386 0.4309458036856673 -293.1845306711693 -2.1368094979683576
1.0 63 74 0.48494723850216875 0.40237390808147827 -1.359032824175415 -1.3512914545079013
1.0 64 75 0.4994884909146929 0.4140393356054125 0.9026114927844446 0.9061892095865574
1.0 65 76 0.5215205078247639 0.4309458036856673 0.2681541821552287 0.2652319744449869
1.0 66 77 0.5234774396827916 0.42538497969766276 -0.21062873628329726 -0.21338991745884073
1.0 67 78 0.5312330834549512 0.4364357804719847 0.3994359155885263 0.38750908515413585
1.0 68 79 0.529304826335453 0.4309458036856673 0.37972791144011353 0.3774468957612669
1.0 69 80 0.5519995257992688 0.4418575508442684 -0.15753573925752562 -0.16106360338582704
1.0 70 81 0.5519995257992688 0.4418575508442684 0.6946393401191244 0.6953310124141296
1.0 71 82 0.5482823149915701 0.4418575508442684 0.0888742205561357 0.0780887828272796
1.0 x 83 0.529304826335453 0.4309458036856673 -292.17828490824195 -0.04649030853741465
1.0 72 84 0.5234774396827916 0.42538497969766276 0.4423709460914438 0.4567122578012004
1.0 73 85 0.49123191412614137 0.3964124835860459 0.6622896906338838 0.6546875313809153
1.0 74 86 0.47643873166512696 0.3964124835860459 -0.11035509974402657 -0.10838235804908436
1.0 75 87 0.4589487409616305 0.3779644730092272 -0.29448290120421916 -0.30239676100512725
1.0 76 88 0.44994887235113873 0.3842122429322726 0.7269553924382421 0.7013598822722713
1.0 77 89 0.4677754866711918 0.3903600291794133 0.48694659542968566 0.47418550686154504
1.0 x 90 0.4807118103196312 0.3903600291794133 -290.26456028459694 -0.5935203106686799
1.0 78 91 0.4217986610095483 0.3518657752744984 -1.4369226178594658 -1.442150204124033
1.0 79 92 0.42900941686005123 0.35856858280031806 -1.2612795910142154 -1.2587830674199836
1.0 80 93 0.4407652761162758 0.3842122429322726 0.20857394364645643 0.2054558004697924
1.0 81 94 0.5195562051469971 0.4197504927816955 1.3393054550252828 1.3482620441888002
1.0 82 95 0.5116235835128635 0.4140393356054125 0.47905221799885567 0.5055778504352588
1.0 83 96 0.47428775575131993 0.3903600291794133 -0.46152395292438086 -0.4774454318726953
1.0 84 97 0.4611712660230654 0.3903600291794133 0.16864955584190966 0.1763037691090119
1.0 85 98 0.41936752455858656 0.3518657752744984 0.33623544705602626 0.353518557917198
1.0 86 99 0.45671540050146625 0.3842122429322726 -0.5926873961238925 -0.5905958986140547
1.0 87 100 0.5055924464243811 0.408248290463863 0.09465953777430514 0.10568335905750814
1.0 88 101 0.49123191412614137 0.3964124835860459 0.268752288201199 0.26963681411092466
1.0 89 102 0.5156051500486066 0.4140393356054125 -0.057877365807087244 -0.04666754217745961
1.0 90 103 0.4994884909146929 0.3964124835860459 0.6343268169263183 0.628567907213494
1.0 91 104 0.43374999631666106 0.3779644730092272 0.6466742261197851 0.6548782885186881
1.0 92 105 0.4242158651023073 0.35856858280031806 -0.6778444421088352 -0.6757959107335978
1.0 93 106 0.41198804755628937 0.3518657752744984 -0.402049623559094 -0.3959634987019456
1.0 94 107 0.4313862185207733 0.3651483716701107 -0.04112483963183422 -0.04495872850225169
1.0 95 108 0.41198804755628937 0.3518657752744984 0.9450776815579047 0.9280869491637986
1.0 96 109 0.4828341685877546 0.3842122429322726 -0.8226844185585378 -0.8171670467533261
1.0 97 110 0.48914599423994226 0.3903600291794133 -2.0522750297238304 -2.0616759993964706
1.0 98 111 0.48705114095537283 0.3903600291794133 1.019892220417205 1.0015828695398739
1.0 x 112 0.48914599423994226 0.3903600291794133 -291.92963017134286 -0.5360915849221612
1.0 99 113 0.5096211351891646 0.3903600291794133 1.3661982811229336 1.364953452415591
1.0 100 114 0.5096211351891646 0.3903600291794133 1.2038238015576326 1.19964943143043
1.0 101 115 0.4721269802506235 0.3903600291794133 -0.8613812653219384 -0.8883705242309077
1.0 x 116 0.4677754866711918 0.3842122429322726 -290.22098935398424 -0.15205046472377148
1.0 102 117 0.5175844477297374 0.408248290463863 0.28802152249022583 0.2963223093597662
1.0 103 118 0.48914599423994226 0.3903600291794133 0.17038105223986122 0.1618951554650323
1.0 104 119 0.5234774396827916 0.3964124835860459 0.15749139163403925 0.15253432652428955
1.0 105 120 0.529304826335453 0.408248290463863 2.072235968651171 2.06907888113156
1.0 106 121 0.5195562051469971 0.3903600291794133 -0.23989576968955362 -0.2579917250762662
1.0 107 122 0.48705114095537283 0.3903600291794133 -0.13049238197504565 -0.13186395542442142
1.0 108 123 0.5254270830780441 0.40237390808147827 -0.10160210683608284 -0.09789775968596359
1.0 x 124 0.5096211351891646 0.3964124835860459 -288.0048496774696 -1.5265974570504852
1.0 109 125 0.535068751196664 0.42538497969766276 0.2910064172035618 0.29333714063062644
1.0 110 126 0.5445397298475227 0.4309458036856673 0.7206121096882043 0.7257538608558036
1.0 111 127 0.5519995257992688 0.4418575508442684 -0.014948729921343329 0.003468268911007044
1.0 112 128 0.5519995257992688 0.4418575508442684 -0.055489402921296005 -0.04513701350245469
1.0 113 129 0.5369763107272132 0.42538497969766276 1.2095558248979614 1.200719478476799
1.0 114 130 0.5175844477297374 0.40237390808147827 -0.034930146358760794 -0.014937678278727162
1.0 115 131 0.5312330834549512 0.408248290463863 0.20048376742732898 0.20991291585386307
1.0 116 132 0.5136182249313151 0.3964124835860459 0.20050124727970342 0.1660744495191011
1.0 x 133 0.535068751196664 0.4197504927816955 -285.48805859017426 -0.4025345782543468
1.0 117 134 0.4828341685877546 0.3903600291794133 0.3851784767161348 0.39288419176128286
1.0 118 135 0.4655844887401418 0.3842122429322726 -0.630162821833153 -0.641704534259361
1.0 119 136 0.4361009620257156 0.3651483716701107 -0.121510145721345 -0.12782874337418093
1.0 x 137 0.5156051500486066 0.3964124835860459 -285.8545530810126 -0.6332155048810932
1.0 120 138 0.4407652761162758 0.3651483716701107 -0.3085981568639795 -0.29691650729802177
1.0 121 139 0.4589487409616305 0.3842122429322726 -0.5301521412545753 -0.5325798572009717
1.0 122 140 0.4313862185207733 0.3518657752744984 0.33987995606082677 0.34535273733024496
1.0 x 141 0.38637320504757067 0.29277002188455997 -286.35342342307035 -0.694294847604823
1.0 123 142 0.4544710851970273 0.37161167647860327 -0.07472078281205086 -0.07898861335746687
1.0 124 143 0.4169222120244322 0.3518657752744984 -0.16774711172303114 -0.1754923375827957
1.0 125 144 0.41198804755628937 0.3450327796711771 0.30348398947126043 0.31010467056108837
1.0 126 145 0.443079020497369 0.3779644730092272 -1.6815930579141423 -1.6529463718458146
1.0 127 146 0.44538074518321863 0.3779644730092272 -0.8024637980129796 -0.7920093937788408
1.0 128 147 0.4407652761162758 0.3779644730092272 0.8634563199647118 0.8272042234559365
1.0 129 148 0.41198804755628937 0.3450327796711771 2.11648293893586 2.1178120707092774
1.0 130 149 0.39681760631168644 0.3236694374850748 -0.18182503031431452 -0.20440983297103799
1.0 x 150 0.39163022499397865 0.3236694374850748 -285.97834995547504 -0.4856144294886917
1.0 131 151 0.399386031871406 0.31622776601683794 -1.3002039636077143 -1.2955642230462843
1.0 132 152 0.39681760631168644 0.3236694374850748 -0.5615472017759657 -0.5541128324214242
1.0 133 153 0.39681760631168644 0.33094381626464864 0.4782953889846908 0.48336396828034367
1.0 134 154 0.4313862185207733 0.3651483716701107 0.5317153088058149 0.5276093174925052
1.0 135 155 0.443079020497369 0.3779644730092272 -0.008955029546655169 5.594789541873979e-05
1.0 136 156 0.44538074518321863 0.3779644730092272 0.02546104021780593 0.014216130438001073
1.0 137 157 0.43374999631666106 0.37161167647860327 0.4341512811308803 0.418261226126873
1.0 138 158 0.4069940684815211 0.3380617018914066 1.0216157875873932 1.021121087474313
1.0 139 159 0.39681760631168644 0.3236694374850748 -1.2595382150359455 -1.2517052461114133
1.0 x 160 0.3942324478069829 0.3380617018914066 -286.61735555871473 -0.7888742436869904
1.0 x 161 0.39681760631168644 0.33094381626464864 -286.61735555871473 -0.9706167579503528
1.0 140 162 0.38637320504757067 0.3086066999241838 0.6718351756085212 0.6654403099847741
1.0 141 163 0.3942324478069829 0.31622776601683794 -0.11714246135164785 -0.12044708067807619
1.0 x 164 0.40447395713950485 0.3380617018914066 -286.06266284445786 -0.5450431876515154
1.0 x 165 0.41198804755628937 0.3450327796711771 -286.06266284445786 -0.41507735113847843
1.0 142 166 0.37563851570163515 0.2845213189769458 0.05848238216503887 0.05136812999725748
1.0 143 167 0.36738171586699064 0.2581988897471611 1.043328786470795 1.023958795245818
1.0 x 168 0.3617725053169077 0.2581988897471611 -284.960851675822 -0.8406373201430597
1.0 144 169 0.36738171586699064 0.23904572186687872 -0.6486429664525417 -0.6549349407563057
1.0 145 170 0.3617725053169077 0.2581988897471611 -0.7725567420795301 -0.7611582386558098
1.0 146 171 0.35893503009349875 0.23904572186687872 -0.8308627201887475 -0.832753891628812
1.0 147 172 0.38104366420218805 0.2845213189769458 -0.5895312544755029 -0.5769767234733365
1.0 148 173 0.3645878980140771 0.2760262237369417 0.8912331094493311 0.8890721075633792
1.0 149 174 0.4217986610095483 0.3518657752744984 -0.15726126255128747 -0.16402610742090928
1.0 150 175 0.4361009620257156 0.3651483716701107 0.4864864368639701 0.484038839470486
1.0 151 176 0.3942324478069829 0.30079260375911915 0.19990330307956583 0.2184251345239545
1.0 x 177 0.4169222120244322 0.3450327796711771 -286.38208377217677 -0.4173674886800143
1.0 152 178 0.4242158651023073 0.3380617018914066 0.6590123816537243 0.6587433116522448
1.0 153 179 0.41446247249213586 0.3380617018914066 -0.05881781421572896 -0.05762583865913484
1.0 x 180 0.3942324478069829 0.3086066999241838 -285.7818892047388 -0.7036906992519505
1.0 154 181 0.40949867100418313 0.3450327796711771 -0.3375702631389572 -0.3460162924052952
1.0 155 182 0.4019380452620016 0.3380617018914066 -1.1270093896644653 -1.1203572501104873
1.0 x 183 0.3783507423721787 0.2845213189769458 -287.2464688575422 -0.5845230613689125
1.0 156 184 0.41936752455858656 0.35856858280031806 -0.45870689877608584 -0.44346641817645605
1.0 157 185 0.4544710851970273 0.3903600291794133 -0.0449613293980633 -0.05136072376330958
