1.3949507939624208 x 0 0.7767058540014243 0.8837151016885368 -249.57653061372244 -0.5853813722563928
1.3949507939624208 x 1 0.778021190852237 0.8837151016885368 -249.57653061372244 -0.3271971963843612
1.3949507939624208 1 2 0.7767058540014243 0.8810167286666447 -0.024626611293740552 -0.03974167317528554
1.3949507939624208 2 3 0.7767058540014243 0.8810167286666447 0.47310456053489247 0.4750161820849996
1.3949507939624208 3 4 0.7767058540014243 0.8810167286666447 -0.010042877259905936 0.001555082744999936
1.3949507939624208 x 5 0.7767058540014243 0.8810167286666447 -249.1380955417412 -0.7007948987064481
1.3949507939624208 4 6 0.7767058540014243 0.8810167286666447 -0.0894607159640941 -0.09522357512091162
1.3949507939624208 x 7 0.7767058540014243 0.8810167286666447 -249.2275562577053 -0.7011288764327048
1.3949507939624208 5 8 0.7767058540014243 0.8810167286666447 -0.11649839852225341 -0.1175459598491102
1.3949507939624208 6 9 0.7767058540014243 0.8810167286666447 0.07492908879922311 0.06883796461454494
1.3949507939624208 7 10 0.7767058540014243 0.8810167286666447 0.5494125755828634 0.5592296280576079
1.3949507939624208 x 11 0.7767058540014243 0.8810167286666447 -248.71971299184546 -0.7827056624892066
1.3949507939624208 8 12 0.778021190852237 0.8810167286666447 0.4974213846121529 0.5120476639256708
1.3949507939624208 9 13 0.7767058540014243 0.8810167286666447 0.1088940618913341 0.11264496099630605
1.3949507939624208 x 14 0.7767058540014243 0.8810167286666447 -248.11339754534197 -0.3782044529422137
1.3949507939624208 10 15 0.7767058540014243 0.8810167286666447 -0.04938406922087779 -0.05812918557163016
1.3949507939624208 11 16 0.7767058540014243 0.8810167286666447 1.2142901865442468 1.2027350438026474
1.3949507939624208 12 17 0.7767058540014243 0.8837151016885368 -0.3815327555978456 -0.37839883474438807
1.3949507939624208 13 18 0.778021190852237 0.8837151016885368 0.26211938304660976 0.25409199035544816
1.3949507939624208 14 19 0.7858669811523066 0.8864052604279183 1.3487229195877717 1.3528887766494222
1.3949507939624208 15 20 0.7897606481653748 0.8810167286666447 0.0027563418199747503 0.02520829226162391
1.3949507939624208 16 21 0.7845647980188689 0.8890872794479687 -0.5811619668554897 -0.5939903011049807
1.3949507939624208 x 22 0.778021190852237 0.8837151016885368 -246.29758750601758 -0.9540554236274659
1.3949507939624208 17 23 0.7923457963166683 0.8864052604279183 0.02322526275432324 0.028968019683901503
1.3949507939624208 18 24 0.7897606481653748 0.8810167286666447 0.5951626933677119 0.5867518815204562
1.3949507939624208 x 25 0.7923457963166683 0.8837151016885368 -245.67919954989554 -1.6110583533985618
1.3949507939624208 19 26 0.7923457963166683 0.8810167286666447 0.40742290157706407 0.4206375754018552
1.3949507939624208 20 27 0.7923457963166683 0.8810167286666447 -0.3008258969107942 -0.2963527500743055
1.3949507939624208 21 28 0.7949225374153116 0.8837151016885368 0.27385270761973857 0.2627365903336454
1.3949507939624208 22 29 0.7923457963166683 0.8810167286666447 0.0166756482048811 0.009299525289492294
1.3949507939624208 23 30 0.7923457963166683 0.8810167286666447 -0.22104834840538956 -0.23214028493146088
1.3949507939624208 24 31 0.787167010132215 0.8810167286666447 -0.5383418954967851 -0.5486833204729749
1.3949507939624208 25 32 0.7910542782677079 0.8810167286666447 -0.319414177253293 -0.3214641143720769
1.3949507939624208 26 33 0.7974909529523829 0.8810167286666447 1.0021019269036628 1.0031759284094335
1.3949507939624208 27 34 0.7897606481653748 0.8755950357709131 0.6984987483828888 0.7107586755557236
1.3949507939624208 28 35 0.7884648956139658 0.8783100656536799 0.3579475005086863 0.366014116564088
1.3949507939624208 x 36 0.7845647980188689 0.8783100656536799 -244.30233043476488 -0.8745539976155499
1.3949507939624208 29 37 0.7832604499879573 0.8535639569308374 1.5610030154843173 1.5451756498497957
1.3949507939624208 30 38 0.7634278524455147 0.7988086367179802 0.3636541648899083 0.39017940927936934
1.3949507939624208 31 39 0.7674353752692952 0.8077010290825142 -0.2686714842816684 -0.2689670659371757
1.3949507939624208 32 40 0.7647660267458418 0.8047478161629565 0.275569187329495 0.27086842028921865
1.3949507939624208 33 41 0.7661018636184569 0.7867957924694432 -0.22383119873626356 -0.21141470585232014
1.3949507939624208 34 42 0.7620873284043761 0.7653197277702214 0.14806166536675391 0.13967934398735338
1.3949507939624208 35 43 0.7634278524455147 0.8047478161629565 -0.07675488752093429 -0.07019335272119065
1.3949507939624208 36 44 0.7845647980188689 0.8535639569308374 -0.575926879218116 -0.5781687630163503
1.3949507939624208 x 45 0.7858669811523066 0.8783100656536799 -243.0992268514514 -0.4097767696148935
1.3949507939624208 37 46 0.7858669811523066 0.8591246929842246 -0.1957156853750348 -0.2055583403244441
1.3949507939624208 38 47 0.7767058540014243 0.8309489698388166 0.4419593302125975 0.4306163178437714
1.3949507939624208 39 48 0.7539941362266769 0.7622023228463561 1.4082630306854753 1.4053662582908544
1.3949507939624208 40 49 0.7291757960281542 0.7037315505489968 0.9348737682743717 0.9425505853861011
1.3949507939624208 41 50 0.7305767114330592 0.7037315505489968 0.08878001585438255 0.09825349918611437
1.3949507939624208 x 51 0.7471828481629895 0.7171371656006361 -240.4210663917996 -0.6058459805147152
1.3949507939624208 42 52 0.7539941362266769 0.7171371656006361 -0.7978720400218151 -0.7867726305981932
1.3949507939624208 x 53 0.7634278524455147 0.8047478161629565 -241.2189384318214 -0.5781934691296726
1.3949507939624208 x 54 0.7580515330697288 0.7622023228463561 -241.2189384318214 -0.5383456958522004
1.3949507939624208 x 55 0.7539941362266769 0.7270291799999699 -241.2189384318214 -0.6138390361005861
1.3949507939624208 43 56 0.7539941362266769 0.720449595077698 0.22481566479208936 0.21426241512426714
1.3949507939624208 x 57 0.7647660267458418 0.8135752957807666 -240.99412276702932 -0.43142338351594844
1.3949507939624208 44 58 0.7471828481629895 0.7171371656006361 -0.2974174062523218 -0.29316446759449377
1.3949507939624208 45 59 0.7580515330697288 0.720449595077698 -0.3973177230923852 -0.39353124043273624
1.3949507939624208 46 60 0.7458131259329686 0.7171371656006361 0.6956047269969474 0.7121058046428175
1.3949507939624208 47 61 0.6932334362514653 0.6055300708194983 0.4752891712485052 0.4625560704234033
1.3949507939624208 48 62 0.6947068352276847 0.6055300708194983 -0.2577474790685983 -0.2441119697145666
1.3949507939624208 49 63 0.7333705140230591 0.7037315505489968 0.25319807731645483 0.2741573408278555
1.3949507939624208 x 64 0.7458131259329686 0.7270291799999699 -240.52251339988072 -0.7617925454897545
1.3949507939624208 50 65 0.7263658595798609 0.7003400534570263 0.0433185500199329 0.018126149320124796
1.3949507939624208 51 66 0.6692180218256203 0.5855400437691199 1.0720512474172494 1.0612935294645922
1.3949507939624208 52 67 0.6363237976534609 0.5209880722517277 0.2913677949265434 0.26942689290254407
1.3949507939624208 53 68 0.6363237976534609 0.49280538030458115 -0.1274216905942751 -0.12327053391211962
1.3949507939624208 54 69 0.6395294793910793 0.49280538030458115 0.19212772862582028 0.20106230490725352
1.3949507939624208 x 70 0.6828306295939399 0.5855400437691199 -239.05106976948545 -0.7806215133512353
1.3949507939624208 55 71 0.5254270830780441 0.3450327796711771 0.19403324258598786 0.2063805537771941
1.3949507939624208 56 72 0.6427191723920543 0.5345224838248488 -0.38073466147960744 -0.3559427626744309
1.3949507939624208 57 73 0.6427191723920543 0.5163977794943222 -0.1645537159776893 -0.16404345661450748
1.3949507939624208 58 74 0.6379286521509862 0.5209880722517277 -0.21735150518469482 -0.2015866151772343
1.3949507939624208 x 75 0.6722668668663498 0.5814595756329395 -239.61967640954146 -0.31287795863175916
1.3949507939624208 59 76 0.5388771177710738 0.3651483716701107 0.5110245984134849 0.4841389879902067
1.3949507939624208 60 77 0.6379286521509862 0.5209880722517277 -0.5910876114313623 -0.5860561518026088
1.3949507939624208 61 78 0.6266083599903659 0.4976133515281193 0.48064797722523167 0.4776691449837358
1.3949507939624208 62 79 0.5369763107272132 0.35856858280031806 0.15029894306067604 0.15267382553784614
1.3949507939624208 63 80 0.5096211351891646 0.31622776601683794 -0.2076229571637498 -0.21057941284419712
1.3949507939624208 64 81 0.5215205078247639 0.31622776601683794 0.030055123797239958 0.005468955665918429
1.3949507939624208 65 82 0.5195562051469971 0.33094381626464864 -0.6446070410346749 -0.6554596023497936
1.3949507939624208 66 83 0.5136182249313151 0.3236694374850748 0.7084569642046574 0.7025663783576022
1.3949507939624208 67 84 0.6216937087382038 0.5023753102820165 -0.1964744625685455 -0.20569645045875973
1.3949507939624208 68 85 0.6427191723920543 0.5255382728122436 -0.3703303694984754 -0.3732631287070092
1.3949507939624208 69 86 0.5843913863444069 0.48304589153964794 0.6355028945382344 0.6470511382684663
1.3949507939624208 70 87 0.6379286521509862 0.5209880722517277 -0.1516325579145814 -0.15762983015710574
1.3949507939624208 71 88 0.6813315484671214 0.5773502691896257 0.01332802411880607 0.016799445697699866
1.3949507939624208 x 89 0.6917568990345981 0.5936168397046637 -239.2521168837945 -0.7856583906174421
1.3949507939624208 x 90 0.6768143834253613 0.5690426379538917 -239.2521168837945 -0.6189771396462334
1.3949507939624208 72 91 0.6363237976534609 0.5345224838248488 0.8694493221864263 0.8579931991647811
1.3949507939624208 x 92 0.6917568990345981 0.5895922723535711 -238.3826675616081 -0.8992368992043112
1.3949507939624208 73 93 0.6314847631851217 0.5163977794943222 0.47556940717257135 0.4746964164549752
1.3949507939624208 x 94 0.6363237976534609 0.5255382728122436 -237.90709815443552 -0.7145822255857581
1.3949507939624208 74 95 0.48914599423994226 0.30079260375911915 0.9422839277210926 0.9332524163148719
1.3949507939624208 x 96 0.5773502691896257 0.47809144373375745 -236.96481422671442 -0.44981887886993377
1.3949507939624208 75 97 0.5116235835128635 0.3380617018914066 -0.020392131140681613 -0.02698771714921122
1.3949507939624208 76 98 0.5116235835128635 0.3450327796711771 0.03217926824495976 0.03070584808943977
1.3949507939624208 77 99 0.6050232803241139 0.48304589153964794 -0.5317612443031692 -0.5231413141706582
1.3949507939624208 78 100 0.5195562051469971 0.3450327796711771 -0.25401552835117513 -0.28212057473581353
1.3949507939624208 79 101 0.49743719481074805 0.29277002188455997 0.5730459701905204 0.5705772911058489
1.3949507939624208 80 102 0.49743719481074805 0.30079260375911915 0.581512154522045 0.5894641457242926
1.3949507939624208 81 103 0.49123191412614137 0.3086066999241838 0.2853391945218675 0.29779221754799323
1.3949507939624208 x 104 0.5035660156388033 0.31622776601683794 -236.29890654303006 -0.843661129880104
1.3949507939624208 82 105 0.49743719481074805 0.31622776601683794 -0.33965270935158287 -0.3335087883541803
1.3949507939624208 83 106 0.5035660156388033 0.30079260375911915 -0.07053092031972596 -0.059943768445577916
1.3949507939624208 84 107 0.5136182249313151 0.31622776601683794 0.532952747623483 0.5457146646621993
1.3949507939624208 85 108 0.5136182249313151 0.31622776601683794 -0.16612686469727578 -0.16883638273822044
1.3949507939624208 86 109 0.5175844477297374 0.31622776601683794 0.602570677110549 0.5873209176203602
1.3949507939624208 87 110 0.529304826335453 0.3450327796711771 -0.455402255831757 -0.4604676718950884
1.3949507939624208 88 111 0.5538487756217113 0.3450327796711771 0.34923048047639327 0.3466449700243288
1.3949507939624208 89 112 0.5648171428949156 0.3779644730092272 -0.17571567951455336 -0.19074764150408896
1.3949507939624208 90 113 0.5556918714833967 0.3651483716701107 -0.06729877848835031 -0.04827940715267687
1.3949507939624208 91 114 0.6016337674898651 0.42538497969766276 0.5555011738974258 0.5705011991175581
1.3949507939624208 x 115 0.587880321139975 0.408248290463863 -235.53337867212545 -0.6707808666414223
1.3949507939624208 92 116 0.6033309041969425 0.4418575508442684 0.10255200586721003 0.09942074100675313
1.3949507939624208 93 117 0.6050232803241139 0.4418575508442684 -0.19281245975409433 -0.18776250834176267
1.3949507939624208 94 118 0.6033309041969425 0.42538497969766276 0.09691961792972847 0.08044595462769166
1.3949507939624208 95 119 0.5982250501558313 0.4197504927816955 -0.20453435510231088 -0.20531729666492993
1.3949507939624208 96 120 0.5999318298015184 0.4197504927816955 -0.08484885912963591 -0.08555939029795923
1.3949507939624208 97 121 0.6033309041969425 0.4364357804719847 -0.21213093242729997 -0.21789259825416707
1.3949507939624208 98 122 0.6016337674898651 0.4140393356054125 0.5641621998559856 0.5595050647126527
1.3949507939624208 99 123 0.6100722408529212 0.4364357804719847 -0.09321472917451956 -0.1062352771321855
1.3949507939624208 100 124 0.5982250501558313 0.40237390808147827 0.43164963394130496 0.43511797763011373
1.3949507939624208 101 125 0.6117459675668944 0.4364357804719847 -0.8354999514185977 -0.8405799546591766
1.3949507939624208 102 126 0.6050232803241139 0.4197504927816955 -0.0063478432347778835 -0.008029861587544929
1.3949507939624208 103 127 0.6134151274703021 0.4418575508442684 0.6245149978027484 0.6169099395045521
1.3949507939624208 104 128 0.615079757742407 0.4418575508442684 -0.24778926955755765 -0.2445311831442325
1.3949507939624208 105 129 0.6100722408529212 0.4364357804719847 0.06933949378895932 0.05650927101848424
1.3949507939624208 106 130 0.6050232803241139 0.4197504927816955 -0.21254366168804495 -0.2391431244551825
1.3949507939624208 107 131 0.6117459675668944 0.4364357804719847 0.35845257632490757 0.3637232615340338
1.3949507939624208 108 132 0.6117459675668944 0.4309458036856673 -0.051976019656365224 -0.04786910504390107
1.3949507939624208 109 133 0.6083939096377063 0.42538497969766276 0.2310133335434159 0.22821362148363278
1.3949507939624208 110 134 0.6100722408529212 0.4309458036856673 -0.15219235615640514 -0.15126882754799453
1.3949507939624208 111 135 0.6033309041969425 0.408248290463863 0.3093959076946078 0.31945869414545314
1.3949507939624208 112 136 0.6083939096377063 0.42538497969766276 -0.2616440741601309 -0.24995635933152016
1.3949507939624208 113 137 0.6033309041969425 0.408248290463863 0.6255584143852104 0.6125690267271295
1.3949507939624208 114 138 0.6033309041969425 0.4140393356054125 -0.45213679587911315 -0.4618832206050172
1.3949507939624208 115 139 0.6100722408529212 0.4197504927816955 -0.048072908755756316 -0.06014114198819698
1.3949507939624208 x 140 0.615079757742407 0.4364357804719847 -235.17556470708598 -0.6690218054926049
1.3949507939624208 116 141 0.6067109357092572 0.4140393356054125 0.9947451896339885 1.0222434311121162
1.3949507939624208 x 142 0.6117459675668944 0.4197504927816955 -234.180819517452 -0.4267896186519522
1.3949507939624208 117 143 0.615079757742407 0.4418575508442684 0.40874743027819704 0.3998317923144157
1.3949507939624208 118 144 0.616739895060721 0.4472135954999579 0.58991114003706 0.564619198905973
1.3949507939624208 119 145 0.616739895060721 0.4418575508442684 0.23941470257403807 0.22976289564738295
1.3949507939624208 x 146 0.616739895060721 0.4418575508442684 -232.9427462445627 -0.24773991052828137
1.3949507939624208 120 147 0.616739895060721 0.4364357804719847 0.28673608985340593 0.299581088132129
1.3949507939624208 121 148 0.616739895060721 0.4472135954999579 -0.15280294208110945 -0.1447401725552595
1.3949507939624208 122 149 0.6183955756104342 0.4525062483125562 0.8055785094934151 0.7797244056173156
1.3949507939624208 123 150 0.6200468350936172 0.4525062483125562 1.143680250922472 1.166131831360758
1.3949507939624208 124 151 0.6233362313067593 0.45773770821706344 -0.17943319328574603 -0.16458896426971137
1.3949507939624208 125 152 0.6266083599903659 0.4629100498862757 -0.12998284897659573 -0.1335382276445216
1.3949507939624208 126 153 0.6266083599903659 0.45773770821706344 0.21847034331173631 0.20134022498095305
1.3949507939624208 127 154 0.6216937087382038 0.45773770821706344 0.6571284912993463 0.6476864542465819
1.3949507939624208 128 155 0.6183955756104342 0.4525062483125562 0.8121077207766234 0.7887691546757196
1.3949507939624208 129 156 0.6100722408529212 0.42538497969766276 0.16599772674376823 0.15938498378824306
1.3949507939624208 130 157 0.6134151274703021 0.42538497969766276 0.05302015176133068 0.05507949888610142
1.3949507939624208 131 158 0.616739895060721 0.4309458036856673 -0.2162954062750373 -0.23773378231715014
1.3949507939624208 132 159 0.616739895060721 0.42538497969766276 0.3546164581076141 0.3409443085110695
1.3949507939624208 133 160 0.587880321139975 0.3964124835860459 0.38750552718303766 0.39196568940195675
1.3949507939624208 x 161 0.5843913863444069 0.3842122429322726 -228.73641936572844 -0.7681761756449532
1.3949507939624208 x 162 0.6067109357092572 0.408248290463863 -228.73641936572844 -1.1612273225703404
1.3949507939624208 134 163 0.6033309041969425 0.408248290463863 0.00226734113559246 0.019797698099836225
1.3949507939624208 135 164 0.6083939096377063 0.408248290463863 -0.5518364991630733 -0.5517136458785501
1.3949507939624208 x 165 0.5843913863444069 0.3779644730092272 -229.28598852375592 -0.1813525063279826
1.3949507939624208 136 166 0.6016337674898651 0.3964124835860459 0.4436145035104744 0.4195513263050543
1.3949507939624208 137 167 0.5791185743078738 0.37161167647860327 -0.6396584422512035 -0.6347639556747708
1.3949507939624208 138 168 0.5913486717104743 0.3964124835860459 -0.180759906919576 -0.16312153768959092
1.3949507939624208 139 169 0.587880321139975 0.3964124835860459 0.13218021037954486 0.14829851551616002
1.3949507939624208 140 170 0.6067109357092572 0.3964124835860459 -0.4357727807451397 -0.4176361709646983
1.3949507939624208 x 171 0.616739895060721 0.42538497969766276 -229.96638493978182 -0.7305529261485901
1.3949507939624208 141 172 0.6100722408529212 0.40237390808147827 0.0967007676715923 0.08428651314468993
1.3949507939624208 142 173 0.6083939096377063 0.4197504927816955 0.11899192263408054 0.09960248653078452
1.3949507939624208 143 174 0.615079757742407 0.4197504927816955 -0.2665350721504751 -0.27450102927736
1.3949507939624208 144 175 0.6183955756104342 0.4197504927816955 0.12149935973832271 0.12437916891158807
1.3949507939624208 145 176 0.6033309041969425 0.3964124835860459 0.388460719733672 0.37051238319648405
1.3949507939624208 146 177 0.5720125558134017 0.35856858280031806 -0.3787881884172464 -0.3905373071192173
1.3949507939624208 147 178 0.5999318298015184 0.3842122429322726 0.7719955961399307 0.7632692599213158
1.3949507939624208 148 179 0.5999318298015184 0.3903600291794133 -0.0977203932590669 -0.07232992647760739
1.3949507939624208 149 180 0.6050232803241139 0.3964124835860459 -0.18052611746153957 -0.1732998086653481
1.3949507939624208 150 181 0.5808814964202558 0.37161167647860327 -0.15433457607724677 -0.16333810666731097
1.3949507939624208 151 182 0.6134151274703021 0.4197504927816955 0.7102764797995178 0.6980340887138823
1.3949507939624208 152 183 0.6183955756104342 0.4309458036856673 0.13449063114708792 0.11995130174622659
1.3949507939624208 153 184 0.6200468350936172 0.4418575508442684 -0.539967144607175 -0.5377778326393639
1.3949507939624208 x 185 0.6200468350936172 0.4418575508442684 -229.24184095489036 -0.10789251712972714
1.3949507939624208 154 186 0.6200468350936172 0.4418575508442684 0.2928254012752234 0.2740180762318971
1.3949507939624208 155 187 0.6216937087382038 0.4472135954999579 0.5328427818281796 0.5269096566509006
1.3949507939624208 156 188 0.6216937087382038 0.4525062483125562 0.419863345490171 0.42806906570322667
1.3949507939624208 157 189 0.6216937087382038 0.45773770821706344 -0.21388109458575855 -0.21989604770129745
1.3949507939624208 158 190 0.6200468350936172 0.4418575508442684 -0.5605444719344632 -0.5581997563992331
1.3949507939624208 159 191 0.6233362313067593 0.4629100498862757 0.24144763613188047 0.22093023217078667
1.3949507939624208 160 192 0.6216937087382038 0.4525062483125562 0.032879301820202045 0.04689120921131007
1.3949507939624208 161 193 0.6216937087382038 0.4525062483125562 0.738806307261882 0.7171526465196223
1.3949507939624208 162 194 0.6183955756104342 0.42538497969766276 -0.02243155755760995 -0.040317777605281435
1.3949507939624208 163 195 0.615079757742407 0.42538497969766276 0.3854784559266591 0.3771511481454013
1.3949507939624208 164 196 0.6183955756104342 0.42538497969766276 0.33652405846277134 0.33277423250387983
1.3949507939624208 165 197 0.6134151274703021 0.4197504927816955 -0.07618185351188345 -0.06955884183255989
1.3949507939624208 166 198 0.6183955756104342 0.42538497969766276 -0.4282338750637962 -0.4207049555557205
1.3949507939624208 167 199 0.616739895060721 0.42538497969766276 1.0367868895497452 1.0359899520013869
1.3949507939624208 168 200 0.616739895060721 0.42538497969766276 0.08058612940590137 0.07103800542518002
1.3949507939624208 169 201 0.6100722408529212 0.40237390808147827 -0.11926769675238802 -0.11707045153551121
1.3949507939624208 170 202 0.6134151274703021 0.4197504927816955 0.7189785848075587 0.7258130702967094
1.3949507939624208 x 203 0.6134151274703021 0.4140393356054125 -225.8453626123361 -0.11593046465063139
1.3949507939624208 171 204 0.615079757742407 0.4197504927816955 -0.8389989390209678 -0.8239479692702503
1.3949507939624208 172 205 0.6134151274703021 0.40237390808147827 -0.3089424942210428 -0.30601377911963823
1.3949507939624208 173 206 0.6117459675668944 0.40237390808147827 -0.17532327748628518 -0.17720321598577016
1.3949507939624208 174 207 0.616739895060721 0.4197504927816955 0.3914573425636547 0.40694906338194414
1.3949507939624208 175 208 0.6117459675668944 0.40237390808147827 0.4029707301316705 0.39802681863781686
1.3949507939624208 176 209 0.6134151274703021 0.4140393356054125 0.4898483713517976 0.4757449439873085
1.3949507939624208 177 210 0.6134151274703021 0.4140393356054125 -0.6766904388959745 -0.6514511794849511
1.3949507939624208 178 211 0.6134151274703021 0.4140393356054125 0.034845966914360815 0.026077252087674196
1.3949507939624208 179 212 0.6134151274703021 0.40237390808147827 0.3935000300345166 0.39893725963435145
1.3949507939624208 180 213 0.615079757742407 0.4140393356054125 -0.29615056349436486 -0.29107064244442427
1.3949507939624208 181 214 0.6083939096377063 0.3903600291794133 -0.06335205909846309 -0.0741124589510207
1.3949507939624208 182 215 0.6050232803241139 0.3842122429322726 -0.22647924613764303 -0.23637305157785704
1.3949507939624208 x 216 0.5982250501558313 0.3779644730092272 -226.71867718969483 -1.0467330463864926
1.3949507939624208 183 217 0.6083939096377063 0.3964124835860459 0.27486675593897303 0.2764543791385847
1.3949507939624208 184 218 0.6134151274703021 0.3964124835860459 0.23698243319768153 0.2221845054770597
1.3949507939624208 185 219 0.5982250501558313 0.3842122429322726 0.025920863329361055 0.02252693209649692
1.3949507939624208 186 220 0.6117459675668944 0.408248290463863 0.5807041152515069 0.5690603326363828
1.3949507939624208 187 221 0.616739895060721 0.4197504927816955 -0.4554145295359717 -0.4396617615279581
1.3949507939624208 188 222 0.6200468350936172 0.4309458036856673 -0.023886520674693656 -0.044546771017991205
1.3949507939624208 189 223 0.6183955756104342 0.4197504927816955 0.10147069623860716 0.08189164942999128
1.3949507939624208 190 224 0.6134151274703021 0.3964124835860459 0.824521941926406 0.8260557810691864
1.3949507939624208 191 225 0.6134151274703021 0.4140393356054125 -0.19837157086101342 -0.2009114180332574
1.3949507939624208 192 226 0.6100722408529212 0.3964124835860459 0.23281209768120448 0.2412555615340466
1.3949507939624208 193 227 0.5965133869905148 0.3964124835860459 -0.0622994432436883 -0.07020652067510014
1.3949507939624208 194 228 0.6083939096377063 0.3964124835860459 -0.2921421642376174 -0.32023398179367746
1.3949507939624208 x 229 0.587880321139975 0.3651483716701107 -225.47351251468407 -0.05553975759886498
1.3949507939624208 195 230 0.5965133869905148 0.3779644730092272 -0.123682201453164 -0.10075492361636407
1.3949507939624208 196 231 0.5773502691896257 0.35856858280031806 -0.2212975314851633 -0.23514150155438074
1.3949507939624208 x 232 0.5965133869905148 0.3779644730092272 -225.8184922476224 -0.6179162395862363
1.3949507939624208 197 233 0.5913486717104743 0.37161167647860327 0.5223798503973285 0.5119233820935847
1.3949507939624208 198 234 0.5982250501558313 0.3779644730092272 0.3172699820095204 0.3237516010217121
1.3949507939624208 x 235 0.5965133869905148 0.3779644730092272 -224.97884241521555 -0.5425239292614776
1.3949507939624208 199 236 0.6083939096377063 0.3964124835860459 0.1922129138903017 0.1923125945940285
1.3949507939624208 x 237 0.6134151274703021 0.4140393356054125 -224.78662950132525 -0.7040296821061247
1.3949507939624208 200 238 0.6050232803241139 0.3842122429322726 0.7625844821113503 0.7603804404640186
1.3949507939624208 201 239 0.5982250501558313 0.3779644730092272 0.3353072287262364 0.3286340656621576
1.3949507939624208 202 240 0.6083939096377063 0.3964124835860459 -0.22161646709312777 -0.20635248739247913
1.3949507939624208 203 241 0.6134151274703021 0.3964124835860459 -0.03532138785359962 -0.043169585802473875
1.3949507939624208 204 242 0.6067109357092572 0.3779644730092272 0.13688209433294674 0.13944070496756922
1.3949507939624208 x 243 0.6050232803241139 0.3842122429322726 -223.80879355110145 -0.378928635043593
1.3949507939624208 205 244 0.6050232803241139 0.3779644730092272 -0.1966376110292174 -0.20441556028038121
1.3949507939624208 206 245 0.6083939096377063 0.3964124835860459 0.20513032129346698 0.2063255523004841
1.3949507939624208 207 246 0.6083939096377063 0.3964124835860459 0.13224078203427325 0.11993916194145982
1.3949507939624208 208 247 0.6134151274703021 0.3964124835860459 -0.0918640138038711 -0.08464014612019355
1.3949507939624208 209 248 0.6067109357092572 0.3842122429322726 -0.48716955835820386 -0.47908642003451973
1.3949507939624208 210 249 0.6117459675668944 0.3964124835860459 -0.6517854326415886 -0.6404228654534734
1.3949507939624208 x 0 0.8976223991022857 0.9586697132212006 -278.8059257216039 -0.6047696584804783
1.3949507939624208 1 1 0.8930543165283613 0.9536895771286428 -0.6877570417576635 -0.6948974709406173
1.3949507939624208 x 2 0.8838473250904421 0.9461702252967461 -279.49368276336156 -1.3205424607246528
1.3949507939624208 2 3 0.8930543165283613 0.9561828874675149 1.7490395514695365 1.7562687147574252
1.3949507939624208 3 4 0.8964825606753831 0.9586697132212006 1.0199181653046026 1.0175498154061131
1.3949507939624208 x 5 0.8792076745395966 0.9436504599035548 -276.7247250465874 -2.2464344533507585
1.3949507939624208 4 6 0.8941985249624324 0.9586697132212006 0.8851385066665785 0.8871957435670481
1.3949507939624208 5 7 0.8780439312439179 0.9411239481143202 -0.008068487603964059 -0.023121343369979286
1.3949507939624208 6 8 0.8850034371936534 0.9511897312113419 2.031682925783798 2.0469422877846455
1.3949507939624208 x 9 0.886158040994738 0.9511897312113419 -273.815972101741 -0.8817002129480613
1.3949507939624208 x 10 0.8850034371936534 0.9486832980505138 -273.815972101741 -1.398782363910101
1.3949507939624208 7 11 0.8850034371936534 0.9486832980505138 0.0014688649671370513 -0.013014134532369326
1.3949507939624208 x 12 0.8603989182748355 0.933503385868831 -273.8145032367739 -0.7104672306224984
1.3949507939624208 8 13 0.873373451676927 0.9385906354489059 0.01931791135086769 0.017671803933296815
1.3949507939624208 9 14 0.8780439312439179 0.9411239481143202 1.010384551545883 1.005180395076252
1.3949507939624208 x 15 0.8651394440601536 0.933503385868831 -272.7848007738771 -1.6103880595792077
1.3949507939624208 x 16 0.8674999926333221 0.933503385868831 -272.7848007738771 -2.470084109847221
1.3949507939624208 x 17 0.8873111423816805 0.9511897312113419 -272.7848007738771 -1.2609150740595396
1.3949507939624208 x 18 0.8674999926333221 0.9360504666899516 -272.7848007738771 -1.156616867532449
1.3949507939624208 10 19 0.8780439312439179 0.9436504599035548 0.3966121488065255 0.3714758658028927
1.3949507939624208 11 20 0.8815305522325516 0.9461702252967461 -0.10944065474973286 -0.1224853824385832
1.3949507939624208 x 21 0.8815305522325516 0.9436504599035548 -272.49762927982033 -0.8955061116146794
1.3949507939624208 12 22 0.8850034371936534 0.9536895771286428 -0.39288824073179285 -0.37605753583812884
1.3949507939624208 x 23 0.8838473250904421 0.9486832980505138 -272.8905175205521 -2.293172488442366
1.3949507939624208 13 24 0.8907614903664373 0.9561828874675149 -0.4193747351164916 -0.4068533521719644
1.3949507939624208 14 25 0.90103326281292 0.9660917830792959 -0.07922852339794417 -0.07703959452618392
1.3949507939624208 15 26 0.895341271147511 0.9561828874675149 -1.9520062648259682 -1.9703368084510373
1.3949507939624208 16 27 0.8964825606753831 0.9586697132212006 -0.4225714929506239 -0.39326960655839116
1.3949507939624208 17 28 0.8976223991022857 0.9561828874675149 0.6017880266979319 0.5946993408824142
1.3949507939624208 18 29 0.8964825606753831 0.9586697132212006 0.6648166691419419 0.6373842413700288
1.3949507939624208 19 30 0.905561096666316 0.9660917830792959 1.1641768860245065 1.1546671273654283
1.3949507939624208 20 31 0.8998977447022775 0.9636241116594315 0.8256081153086257 0.8205810963758324
1.3949507939624208 21 32 0.90103326281292 0.9636241116594315 0.7207576115118286 0.7319833144049994
1.3949507939624208 22 33 0.8976223991022857 0.9611501047232549 0.7492629343347517 0.7389190662510998
1.3949507939624208 23 34 0.8998977447022775 0.9611501047232549 1.9201970000464144 1.914868460665076
1.3949507939624208 24 35 0.8976223991022857 0.9611501047232549 -1.4238957188956078 -1.4288081791103764
1.3949507939624208 25 36 0.8998977447022775 0.9611501047232549 1.7324947844277858 1.7104952505145548
1.3949507939624208 26 37 0.90103326281292 0.9611501047232549 0.85934074102056 0.874335577189953
1.3949507939624208 x 38 0.8976223991022857 0.9586697132212006 -267.9491514872244 -1.8396432871525406
1.3949507939624208 x 39 0.8976223991022857 0.9586697132212006 -267.9491514872244 -0.6529324527958806
1.3949507939624208 27 40 0.8964825606753831 0.9561828874675149 0.5184086800949785 0.5129149089667635
1.3949507939624208 28 41 0.8964825606753831 0.9561828874675149 -0.04614815460934096 -0.059043904015481985
1.3949507939624208 x 42 0.8919086402176445 0.9586697132212006 -267.4768909617388 -1.419674804879918
1.3949507939624208 29 43 0.9033000167416132 0.9561828874675149 2.232547266324616 2.2610625726078695
1.3949507939624208 30 44 0.8964825606753831 0.9561828874675149 0.2436901405626486 0.22072941049469819
1.3949507939624208 31 45 0.8998977447022775 0.9561828874675149 0.20221658793320785 0.18972108935977872
1.3949507939624208 32 46 0.90103326281292 0.9561828874675149 1.3869428896136924 1.3706921848764182
1.3949507939624208 33 47 0.90103326281292 0.9561828874675149 0.15135435211141157 0.1302044900903354
1.3949507939624208 34 48 0.8987607919492229 0.9561828874675149 0.1081276662321784 0.10144351545133645
1.3949507939624208 x 49 0.8998977447022775 0.9536895771286428 -263.152012058961 -0.5450675516457579
1.3949507939624208 35 50 0.8987607919492229 0.9561828874675149 0.25599084296067076 0.2653766454066897
1.3949507939624208 36 51 0.8964825606753831 0.9561828874675149 -0.5205121978568741 -0.5244295141352779
1.3949507939624208 37 52 0.895341271147511 0.9511897312113419 1.0138557614769752 1.0018136018287578
1.3949507939624208 38 53 0.8941985249624324 0.9511897312113419 -0.20481552602069542 -0.20345955360369317
1.3949507939624208 39 54 0.90103326281292 0.9511897312113419 -1.4228632875643825 -1.4224258167586754
1.3949507939624208 x 55 0.8976223991022857 0.9586697132212006 -264.0303564659653 -1.5214174884648628
1.3949507939624208 x 56 0.9021673516983131 0.9561828874675149 -264.0303564659653 -1.458040958301524
1.3949507939624208 40 57 0.8941985249624324 0.9511897312113419 -0.0920820114970411 -0.08657082977217101
1.3949507939624208 41 58 0.8930543165283613 0.9536895771286428 -0.5563604258234136 -0.5600266580681534
1.3949507939624208 x 59 0.8873111423816805 0.9536895771286428 -264.6787989032858 -1.5288472736007748
1.3949507939624208 42 60 0.8907614903664373 0.9536895771286428 0.8891214534443179 0.8650874718239265
1.3949507939624208 43 61 0.8826896987585606 0.9511897312113419 -1.7001883959721908 -1.7013348143068754
1.3949507939624208 44 62 0.8826896987585606 0.9536895771286428 0.02954025865665244 0.0432299118043602
1.3949507939624208 45 63 0.8826896987585606 0.9511897312113419 0.18866147537249844 0.17446618509112
1.3949507939624208 46 64 0.8873111423816805 0.9536895771286428 -0.5716725061510601 -0.5728107786405019
1.3949507939624208 47 65 0.886158040994738 0.9536895771286428 0.30343081058458665 0.31859251660796417
1.3949507939624208 48 66 0.8826896987585606 0.9536895771286428 -0.1317352133500549 -0.1272292066940679
1.3949507939624208 49 67 0.8873111423816805 0.9536895771286428 0.2695790256719306 0.28856036238107663
1.3949507939624208 50 68 0.8815305522325516 0.9436504599035548 -0.07230548045970409 -0.08366602932787259
1.3949507939624208 51 69 0.8838473250904421 0.9486832980505138 0.07989718713378124 0.07289444293436986
1.3949507939624208 52 70 0.8792076745395966 0.9436504599035548 1.0827021186684647 1.0870376950314835
1.3949507939624208 53 71 0.8873111423816805 0.9511897312113419 0.5340383937524393 0.5371158612464058
1.3949507939624208 54 72 0.8792076745395966 0.9411239481143202 -0.44675904319848314 -0.4529912202616231
1.3949507939624208 55 73 0.8627724370415466 0.9283882603225667 -1.1630428693755448 -1.1595385379462755
1.3949507939624208 56 74 0.8615864949867531 0.933503385868831 1.2129983503177755 1.2105088195349936
1.3949507939624208 57 75 0.8710288207309602 0.9385906354489059 -0.36804491656545224 -0.37752907978995154
1.3949507939624208 x 76 0.8815305522325516 0.9436504599035548 -264.5425782547558 -1.345954825744741
1.3949507939624208 58 77 0.8639567511708329 0.933503385868831 1.493096485209719 1.5001621368727172
1.3949507939624208 x 78 0.8615864949867531 0.9283882603225667 -263.0494817695461 -1.3497019317395882
1.3949507939624208 59 79 0.8615864949867531 0.933503385868831 1.2738610443844323 1.2921467682672017
1.3949507939624208 60 80 0.8544362759698652 0.9283882603225667 0.3087213573302847 0.2961944652735724
1.3949507939624208 x 81 0.8472257143423734 0.9283882603225667 -261.4668993678314 -0.23000653322961284
1.3949507939624208 x 82 0.8544362759698652 0.9283882603225667 -261.4668993678314 -1.6344126606283282
1.3949507939624208 61 83 0.8639567511708329 0.9360504666899516 0.8685638208731916 0.8864598388793183
1.3949507939624208 x 84 0.8568263121796352 0.9309493362512627 -260.5983355469582 -1.9840997036044712
1.3949507939624208 62 85 0.8745434099397928 0.9385906354489059 0.9653322436220151 0.9603153860669238
1.3949507939624208 x 86 0.8815305522325516 0.9436504599035548 -259.6330033033362 -1.3732421407280242
1.3949507939624208 63 87 0.8815305522325516 0.9461702252967461 2.4329417702865044 2.430659819281118
1.3949507939624208 64 88 0.8745434099397928 0.9360504666899516 -0.1320885512787413 -0.15392850002592695
1.3949507939624208 65 89 0.8674999926333221 0.9385906354489059 0.27621361999752025 0.26359387887944763
1.3949507939624208 66 90 0.8745434099397928 0.9360504666899516 -0.19339161151737017 -0.18635063262823337
1.3949507939624208 67 91 0.8698541353404697 0.9385906354489059 -0.4512743165869324 -0.43807053735153545
1.3949507939624208 68 92 0.8592097001276557 0.9360504666899516 0.526393814414746 0.512120527309861
1.3949507939624208 69 93 0.8651394440601536 0.9385906354489059 -0.2180963144692214 -0.23818229954181902
1.3949507939624208 70 94 0.8627724370415466 0.933503385868831 1.6317478324803574 1.6228043946041453
1.3949507939624208 71 95 0.8663205223494147 0.933503385868831 0.4511141024291021 0.45190792510538813
1.3949507939624208 72 96 0.8651394440601536 0.9283882603225667 1.9877919039899439 1.9900306495149493
1.3949507939624208 73 97 0.8686778614618108 0.9283882603225667 0.18315061915373576 0.20314889003171288
1.3949507939624208 x 98 0.8722019240514312 0.933503385868831 -253.13850043443654 -2.2673965433754972
1.3949507939624208 74 99 0.8663205223494147 0.9283882603225667 0.4837379627178393 0.4921231496203404
1.3949507939624208 75 100 0.8686778614618108 0.9385906354489059 0.12288102048717064 0.1558959091010763
1.3949507939624208 x 101 0.873373451676927 0.9360504666899516 -252.53188145123153 -1.9098355739366752
1.3949507939624208 76 102 0.8745434099397928 0.9385906354489059 -0.4597596199294287 -0.4696905863295626
1.3949507939624208 77 103 0.8484317302046146 0.9283882603225667 0.34791802092200896 0.32749273120492717
1.3949507939624208 78 104 0.8013281408799102 0.9050124966251124 1.166264762517926 1.1782038519489504
1.3949507939624208 79 105 0.7910542782677079 0.8917612321905989 0.38941341188771617 0.38961854392024975
1.3949507939624208 80 106 0.7923457963166683 0.8997354108424374 0.7507700228676697 0.7711082400631994
1.3949507939624208 81 107 0.7897606481653748 0.8890872794479687 -0.2755619516028105 -0.2527225311692689
1.3949507939624208 x 108 0.8013281408799102 0.8970852271450604 -250.61283680456845 -1.6306613097876834
1.3949507939624208 82 109 0.7620873284043761 0.8673989580239029 0.6654685288670521 0.6643641572918
1.3949507939624208 83 110 0.7607444422008407 0.8673989580239029 -0.7420644248780377 -0.7422003402501502
1.3949507939624208 84 111 0.7375413752214849 0.8106434833777776 2.3274475856429433 2.3235978030934348
1.3949507939624208 85 112 0.7020274466054166 0.7367883976130072 0.14137504157665148 0.1473654935592208
1.3949507939624208 86 113 0.6722668668663498 0.6725927091345493 0.353160313947825 0.36368733834686395
1.3949507939624208 87 114 0.6737861159606583 0.6761234037828132 -0.4076712420547608 -0.4253833207799289
1.3949507939624208 x 115 0.7375413752214849 0.7776643908280131 -248.27512100146677 -2.018732176632568
1.3949507939624208 x 116 0.6646185307460536 0.6399404734221844 -248.27512100146677 -0.7610771115068928
1.3949507939624208 88 117 0.6395294793910793 0.5855400437691199 -0.03557156601669931 -0.0528256445591353
1.3949507939624208 x 118 0.6768143834253613 0.6618876325292973 -248.31069256748347 -1.3601763063877002
1.3949507939624208 89 119 0.6016337674898651 0.50709255283711 1.2867037374320773 1.2775679804136644
1.3949507939624208 90 120 0.6314847631851217 0.5976143046671968 0.1073457074055284 0.08529178124629766
1.3949507939624208 91 121 0.6183955756104342 0.5563486402641868 0.08348484178893045 0.08955721349863666
1.3949507939624208 92 122 0.6249744371050426 0.5773502691896257 0.16171997662328863 0.17832463799990705
1.3949507939624208 93 123 0.6117459675668944 0.5563486402641868 0.8981981370292829 0.8711059272606576
1.3949507939624208 94 124 0.6200468350936172 0.5976143046671968 0.23175597767721 0.22628047001808227
1.3949507939624208 95 125 0.615079757742407 0.5563486402641868 -0.1028307866417606 -0.10402746166718657
1.3949507939624208 96 126 0.6134151274703021 0.5563486402641868 0.010961557030412905 0.03855775210283241
1.3949507939624208 97 127 0.6016337674898651 0.5255382728122436 0.18674815757634633 0.17256438834226628
1.3949507939624208 x 128 0.6266083599903659 0.5976143046671968 -245.44660526156215 -0.4786890369162222
1.3949507939624208 98 129 0.5913486717104743 0.4629100498862757 0.8762699018065518 0.864244187110728
1.3949507939624208 x 130 0.5982250501558313 0.50709255283711 -244.5703353597556 -0.6416456660284382
1.3949507939624208 99 131 0.5843913863444069 0.4472135954999579 -0.5518488604679419 -0.559167484452189
1.3949507939624208 x 132 0.5965133869905148 0.47308511264837305 -245.12218422022355 -1.2611697001197228
1.3949507939624208 x 133 0.5861384496930644 0.4418575508442684 -245.12218422022355 -0.3308540700397202
1.3949507939624208 100 134 0.5843913863444069 0.4472135954999579 -0.22661198057565457 -0.22687815162956326
1.3949507939624208 x 135 0.5947967981452528 0.47308511264837305 -245.3487962007992 -1.1376853534527243
1.3949507939624208 101 136 0.5843913863444069 0.4472135954999579 -0.17228897659856557 -0.19440539194900452
1.3949507939624208 102 137 0.5826390843897161 0.4472135954999579 0.09084603718767426 0.09310886342817071
1.3949507939624208 103 138 0.5843913863444069 0.4525062483125562 -0.7704950890263547 -0.7622154094663358
1.3949507939624208 104 139 0.5947967981452528 0.4680252333449758 0.15257756725731042 0.14693907343712453
1.3949507939624208 x 140 0.5896170466995431 0.4525062483125562 -246.04815666197914 -0.22968230343363416
1.3949507939624208 105 141 0.5947967981452528 0.4629100498862757 -0.08598615435241186 -0.08360998179020385
1.3949507939624208 106 142 0.5982250501558313 0.4680252333449758 -0.4067451411014531 -0.398655823180178
1.3949507939624208 x 143 0.6016337674898651 0.5163977794943222 -246.540887957433 -0.24248127171381384
1.3949507939624208 x 144 0.6216937087382038 0.5209880722517277 -246.540887957433 -2.780697744898333
1.3949507939624208 107 145 0.5965133869905148 0.47308511264837305 -0.07135201563573901 -0.03538029743506854
1.3949507939624208 x 146 0.615079757742407 0.5209880722517277 -246.61223997306874 -1.7534081517423488
1.3949507939624208 x 147 0.6067109357092572 0.5163977794943222 -246.61223997306874 -0.9522668190864749
1.3949507939624208 108 148 0.6050232803241139 0.4976133515281193 -0.37330601391991536 -0.36122162755430054
1.3949507939624208 109 149 0.5999318298015184 0.49280538030458115 0.329437139206334 0.34180935376627986
1.3949507939624208 110 150 0.6033309041969425 0.50709255283711 -0.025077960664503962 -0.025211139987703746
1.3949507939624208 x 151 0.6298634902579433 0.5855400437691199 -246.68118680844682 -0.6248897149457093
1.3949507939624208 111 152 0.5999318298015184 0.5163977794943222 0.18601166537141012 0.19310000930570936
1.3949507939624208 112 153 0.5965133869905148 0.511766315719159 0.8619332967031994 0.8938238999714088
1.3949507939624208 113 154 0.5930752408495852 0.4976133515281193 0.4632173031941136 0.44756978486302046
1.3949507939624208 114 155 0.5843913863444069 0.4629100498862757 1.333324154725716 1.3326217614224447
1.3949507939624208 115 156 0.5826390843897161 0.45773770821706344 0.5963290071520362 0.6052983511837908
1.3949507939624208 116 157 0.5737973107145337 0.4309458036856673 0.7904786323039161 0.8059772528862936
1.3949507939624208 117 158 0.5720125558134017 0.42538497969766276 1.2211895623189832 1.2352532148210855
1.3949507939624208 118 159 0.5826390843897161 0.42538497969766276 -1.6021443695636606 -1.5566382519564854
1.3949507939624208 119 160 0.5826390843897161 0.42538497969766276 0.4370367204805632 0.4161553539206011
1.3949507939624208 120 161 0.5913486717104743 0.4364357804719847 -0.7304533015880281 -0.7351013593764719
1.3949507939624208 x 162 0.5826390843897161 0.4364357804719847 -243.12426413734858 -0.8998730646667354
1.3949507939624208 x 163 0.5808814964202558 0.4472135954999579 -243.12426413734858 -0.41697660189819885
1.3949507939624208 121 164 0.6050232803241139 0.4525062483125562 0.5190767502724043 0.5027106997932833
1.3949507939624208 122 165 0.615079757742407 0.4629100498862757 -0.03978990628999668 -0.020384165623312356
1.3949507939624208 x 166 0.6134151274703021 0.4629100498862757 -242.64497729336617 -1.1057475922355593
1.3949507939624208 123 167 0.6117459675668944 0.4629100498862757 0.844984039169816 0.8514352688977169
1.3949507939624208 124 168 0.615079757742407 0.4629100498862757 -0.1426940021611074 -0.13206462669566577
1.3949507939624208 125 169 0.6117459675668944 0.45773770821706344 -0.23205306588684493 -0.2433459373197877
1.3949507939624208 126 170 0.6117459675668944 0.4525062483125562 -0.020083331170297924 -0.04419557217678971
1.3949507939624208 127 171 0.6067109357092572 0.4525062483125562 0.5934513192926829 0.5868823226878987
1.3949507939624208 x 172 0.6083939096377063 0.4525062483125562 -241.60137233412192 -0.9019605061361631
1.3949507939624208 128 173 0.6033309041969425 0.4525062483125562 -0.017150719175333506 0.0006408483265261111
1.3949507939624208 129 174 0.6050232803241139 0.4525062483125562 -0.07434279058992388 -0.0819497612597786
1.3949507939624208 130 175 0.6033309041969425 0.45773770821706344 -0.9521149673240927 -0.9437987725292487
1.3949507939624208 x 176 0.6050232803241139 0.45773770821706344 -242.64498081121127 -1.8378185770163213
1.3949507939624208 131 177 0.6033309041969425 0.4525062483125562 1.7827360933023613 1.7756496676348377
1.3949507939624208 132 178 0.587880321139975 0.4418575508442684 1.5056071385076848 1.5097487926357473
1.3949507939624208 133 179 0.5826390843897161 0.4364357804719847 0.4351466555097261 0.431275446821644
1.3949507939624208 x 180 0.5861384496930644 0.4364357804719847 -238.9214909238915 -0.3593486081126116
1.3949507939624208 134 181 0.5755765314519714 0.4364357804719847 1.0266283839541472 1.0273792960462345
1.3949507939624208 135 182 0.5791185743078738 0.4364357804719847 0.8132494873312623 0.8058443188550655
1.3949507939624208 x 183 0.5791185743078738 0.4364357804719847 -237.0816130526061 -0.9019613316783364
1.3949507939624208 136 184 0.5808814964202558 0.4364357804719847 0.429174654679116 0.4194933105041514
1.3949507939624208 x 185 0.6067109357092572 0.4472135954999579 -236.65243839792697 -0.6597971857912341
1.3949507939624208 137 186 0.5808814964202558 0.4364357804719847 -0.5646474325465363 -0.5588849968990814
1.3949507939624208 x 187 0.5791185743078738 0.4309458036856673 -237.2170858304735 -1.8917955955561467
1.3949507939624208 138 188 0.6016337674898651 0.4418575508442684 -0.25508093679945887 -0.2540367668379133
1.3949507939624208 139 189 0.5999318298015184 0.4418575508442684 0.8458655952066181 0.8319103292671741
1.3949507939624208 x 190 0.6067109357092572 0.4525062483125562 -236.62630117206635 -0.4293123450463554
1.3949507939624208 140 191 0.5896170466995431 0.4472135954999579 1.6894070947675175 1.6982614223077235
1.3949507939624208 141 192 0.5896170466995431 0.4472135954999579 -0.33224491195309724 -0.3454777388352852
1.3949507939624208 x 193 0.5808814964202558 0.4418575508442684 -235.26913898925193 -0.3989486113379428
1.3949507939624208 142 194 0.5826390843897161 0.4418575508442684 -0.49220312056706916 -0.5138989443934179
1.3949507939624208 143 195 0.5861384496930644 0.4418575508442684 -0.169020388110539 -0.16365473873287328
1.3949507939624208 144 196 0.5982250501558313 0.4525062483125562 1.658537939275618 1.6665439619752362
1.3949507939624208 145 197 0.6033309041969425 0.4472135954999579 1.0161021307146143 1.0187829925215226
1.3949507939624208 146 198 0.6033309041969425 0.4472135954999579 -0.5684162379233726 -0.5783379074060804
1.3949507939624208 147 199 0.6100722408529212 0.4472135954999579 -0.43898356430133845 -0.44727462584162936
1.3949507939624208 148 200 0.6134151274703021 0.4472135954999579 0.7106406204306666 0.72527513086726
1.3949507939624208 149 201 0.6117459675668944 0.4472135954999579 -1.0142377504294302 -0.997384713840205
1.3949507939624208 150 202 0.6183955756104342 0.45773770821706344 -0.30558296372691984 -0.2845463620589612
1.3949507939624208 151 203 0.6117459675668944 0.45773770821706344 -0.5707127993797485 -0.5631808153885629
1.3949507939624208 152 204 0.6183955756104342 0.4629100498862757 0.14059579987497273 0.1578462263845779
1.3949507939624208 x 205 0.6183955756104342 0.4629100498862757 -235.30241932339447 -0.9321612946097844
1.3949507939624208 153 206 0.6183955756104342 0.4629100498862757 0.7597832813959542 0.7911006552298829
1.3949507939624208 154 207 0.6183955756104342 0.45773770821706344 -0.5339608285500219 -0.5361784814834607
1.3949507939624208 155 208 0.6117459675668944 0.4472135954999579 0.4091465377827319 0.41351453713059527
1.3949507939624208 156 209 0.615079757742407 0.45773770821706344 0.0315385838964346 0.04038738473443004
1.3949507939624208 157 210 0.615079757742407 0.4472135954999579 0.70753439361755 0.7238248345562965
1.3949507939624208 158 211 0.6183955756104342 0.45773770821706344 -1.5692632639808437 -1.5778059357763823
1.3949507939624208 159 212 0.6183955756104342 0.4629100498862757 1.6741850902835154 1.6571051461705508
1.3949507939624208 160 213 0.615079757742407 0.4525062483125562 0.10445889675600029 0.09715367635880057
1.3949507939624208 x 214 0.6134151274703021 0.45773770821706344 -233.71899663219315 -0.49575057616692675
1.3949507939624208 161 215 0.6083939096377063 0.4525062483125562 0.1811728363654197 0.18419118379580368
1.3949507939624208 162 216 0.6134151274703021 0.4525062483125562 0.24641027718874398 0.2604398272493995
1.3949507939624208 163 217 0.615079757742407 0.4525062483125562 -0.5337248103250261 -0.5310329347750837
1.3949507939624208 164 218 0.615079757742407 0.45773770821706344 0.40933924206188976 0.4154438423510669
1.3949507939624208 165 219 0.615079757742407 0.4472135954999579 0.9626743086405725 0.9611834361159026
1.3949507939624208 166 220 0.6183955756104342 0.4525062483125562 0.4775755216912785 0.4628263242633466
1.3949507939624208 x 221 0.6183955756104342 0.45773770821706344 -231.97554925657028 -0.6061790799699907
1.3949507939624208 167 222 0.615079757742407 0.4472135954999579 -0.18259778080292222 -0.18612296808382212
1.3949507939624208 x 223 0.615079757742407 0.4472135954999579 -232.1581470373732 -0.700478965490106
1.3949507939624208 168 224 0.615079757742407 0.4472135954999579 0.7469357104603773 0.7413737975537913
1.3949507939624208 169 225 0.615079757742407 0.4472135954999579 0.06092341010065638 0.058130230903373104
1.3949507939624208 170 226 0.615079757742407 0.4472135954999579 0.04330407356115984 0.027996448248444494
1.3949507939624208 171 227 0.6050232803241139 0.4525062483125562 0.3266023376299074 0.3367480356933754
1.3949507939624208 172 228 0.5999318298015184 0.4525062483125562 -0.1455787527255552 -0.1403736788499259
1.3949507939624208 173 229 0.5982250501558313 0.4525062483125562 -1.130851483523486 -1.1323898549108264
1.3949507939624208 x 230 0.6050232803241139 0.4525062483125562 -232.25681174187014 -0.9950465861724354
1.3949507939624208 174 231 0.5947967981452528 0.4525062483125562 0.5566028216365453 0.5247211807579788
1.3949507939624208 x 232 0.5930752408495852 0.4525062483125562 -231.7002089202336 -0.8284523143043145
1.3949507939624208 175 233 0.5965133869905148 0.4525062483125562 0.11360756299168884 0.12732815276280007
1.3949507939624208 176 234 0.5982250501558313 0.4525062483125562 -0.6092486320151806 -0.6115976597777433
1.3949507939624208 177 235 0.5999318298015184 0.4525062483125562 0.4337136277455045 0.42735600976845944
1.3949507939624208 178 236 0.5999318298015184 0.4525062483125562 -0.9196468519841119 -0.9395991035775353
1.3949507939624208 179 237 0.6100722408529212 0.4472135954999579 1.423412910506329 1.4218653184937295
1.3949507939624208 180 238 0.6083939096377063 0.4525062483125562 -0.39218121242504367 -0.39095447968784924
1.3949507939624208 181 239 0.6033309041969425 0.4525062483125562 -0.6857492734808659 -0.6796866592484605
1.3949507939624208 1 0 0.6050232803241139 0.4680252333449758 0.618936124881202 0.6385950773802733
1.3949507939624208 2 1 0.6100722408529212 0.4680252333449758 -0.043078383045781266 -0.05578768015067226
1.3949507939624208 3 2 0.5999318298015184 0.4680252333449758 0.7231292988669793 0.7023371892500734
1.3949507939624208 4 3 0.5965133869905148 0.4629100498862757 0.24644053365497598 0.2469991179694091
1.3949507939624208 5 4 0.5947967981452528 0.45773770821706344 -0.3562079594847489 -0.35634754065586094
1.3949507939624208 6 5 0.5930752408495852 0.45773770821706344 0.5656442277712586 0.56744139546322
1.3949507939624208 7 6 0.5999318298015184 0.4680252333449758 -0.01342846842831591 -0.01776964022153038
1.3949507939624208 8 7 0.5999318298015184 0.4680252333449758 0.07373876294892057 0.056780496188622465
1.3949507939624208 9 8 0.5947967981452528 0.45773770821706344 0.4744931648064039 0.4668525376034154
1.3949507939624208 x 9 0.5982250501558313 0.4629100498862757 -215.26407224017817 -1.0010622516840044
1.3949507939624208 10 10 0.5930752408495852 0.4629100498862757 -0.04036148380211557 -0.03419460381027761
1.3949507939624208 11 11 0.5930752408495852 0.4629100498862757 0.29445142444350836 0.30193534824428525
1.3949507939624208 12 12 0.5913486717104743 0.45773770821706344 0.5984530530439258 0.6144267154074896
1.3949507939624208 13 13 0.5808814964202558 0.45773770821706344 0.8628935717999298 0.8645330931636579
1.3949507939624208 14 14 0.5896170466995431 0.45773770821706344 -0.3914861680059687 -0.38134509218369317
1.3949507939624208 15 15 0.5808814964202558 0.45773770821706344 -0.22753866676498546 -0.20824828629594094
1.3949507939624208 x 16 0.5947967981452528 0.45773770821706344 -214.16766050946387 -0.589860538446402
1.3949507939624208 16 17 0.587880321139975 0.45773770821706344 0.35209596528349607 0.35659425767434527
1.3949507939624208 17 18 0.5684262348432536 0.4472135954999579 0.26357300676261275 0.2519112321490127
1.3949507939624208 18 19 0.5593598444497264 0.4525062483125562 -0.05395730877032179 -0.06392699783401667
1.3949507939624208 x 20 0.5331543667007768 0.4197504927816955 -213.60594884618808 -0.2877828977159709
1.3949507939624208 x 21 0.5773502691896257 0.4525062483125562 -213.60594884618808 -0.22089452201822724
1.3949507939624208 x 22 0.5737973107145337 0.4525062483125562 -213.60594884618808 -0.5028693614274289
1.3949507939624208 19 23 0.5369763107272132 0.4309458036856673 0.12071018341222839 0.1346021533927626
1.3949507939624208 20 24 0.507610787569021 0.3964124835860459 0.12464830108459068 0.1452309369590239
1.3949507939624208 x 25 0.493309013936583 0.3779644730092272 -213.36059036169127 -1.122683855689445
1.3949507939624208 21 26 0.5464142267158353 0.4418575508442684 -0.42978843060151917 -0.40819875499926184
1.3949507939624208 22 27 0.5464142267158353 0.4418575508442684 -0.14491497367859552 -0.150597371353399
1.3949507939624208 x 28 0.5445397298475227 0.4418575508442684 -213.93529376597138 -0.8327428504231023
1.3949507939624208 23 29 0.5630039210635431 0.4525062483125562 -0.5611222678759873 -0.5604598147621118
1.3949507939624208 24 30 0.5773502691896257 0.4525062483125562 0.10289837799820134 0.0998709420660191
1.3949507939624208 25 31 0.5791185743078738 0.4525062483125562 0.0799919328858607 0.06109033843367229
1.3949507939624208 26 32 0.5684262348432536 0.4525062483125562 -0.14297652604838618 -0.139193239883042
1.3949507939624208 27 33 0.5773502691896257 0.4525062483125562 -0.6970722464251935 -0.6817905968280797
1.3949507939624208 28 34 0.5666245623717936 0.4525062483125562 0.5310558384212527 0.5544478533132349
1.3949507939624208 29 35 0.5702222147839637 0.4525062483125562 0.7260780373942453 0.7251739095642051
1.3949507939624208 30 36 0.5791185743078738 0.45773770821706344 0.19905154966181726 0.19899920112985114
1.3949507939624208 31 37 0.5861384496930644 0.45773770821706344 -0.18198166994667986 -0.18165468175988053
1.3949507939624208 32 38 0.5896170466995431 0.45773770821706344 -0.21166025989253967 -0.2445410036929161
1.3949507939624208 33 39 0.5861384496930644 0.45773770821706344 0.6886312381973596 0.6742617348087379
1.3949507939624208 x 40 0.6033309041969425 0.4629100498862757 -213.40239976160143 -0.41647456324119503
1.3949507939624208 34 41 0.5947967981452528 0.4629100498862757 -0.1142342690084206 -0.11774266914005693
1.3949507939624208 35 42 0.5947967981452528 0.45773770821706344 -0.15679267424425802 -0.16024851925720895
1.3949507939624208 36 43 0.5702222147839637 0.4525062483125562 0.5194735612175236 0.5236461962483645
1.3949507939624208 37 44 0.5791185743078738 0.45773770821706344 0.5113512427549836 0.5203546435212161
1.3949507939624208 38 45 0.5930752408495852 0.45773770821706344 -0.010901317686034417 0.0014113957437018598
1.3949507939624208 x 46 0.5947967981452528 0.45773770821706344 -212.65350321856764 -0.9299045428897728
1.3949507939624208 39 47 0.5947967981452528 0.45773770821706344 0.12277639373584748 0.12954052208462485
1.3949507939624208 40 48 0.5965133869905148 0.45773770821706344 0.13621414986886293 0.13304739685318623
1.3949507939624208 41 49 0.5755765314519714 0.45773770821706344 1.2153222606963823 1.2195948130035106
1.3949507939624208 42 50 0.5965133869905148 0.45773770821706344 0.6155169374853813 0.59079832699382
1.3949507939624208 43 51 0.5826390843897161 0.45773770821706344 1.229010584904728 1.2177463453948008
1.3949507939624208 44 52 0.5861384496930644 0.45773770821706344 -0.06281096787196816 -0.07770137631709417
1.3949507939624208 45 53 0.5896170466995431 0.45773770821706344 0.09354944807205356 0.09429730760879806
1.3949507939624208 46 54 0.6067109357092572 0.4680252333449758 -0.5687884383956998 -0.5885233801406855
1.3949507939624208 47 55 0.6016337674898651 0.4629100498862757 -0.2204062610185531 -0.22249416037752212
1.3949507939624208 48 56 0.5896170466995431 0.45773770821706344 -0.4993107868644415 -0.4918724569272399
1.3949507939624208 49 57 0.5930752408495852 0.45773770821706344 0.004313382204628624 -0.00561574665979947
1.3949507939624208 50 58 0.5982250501558313 0.4629100498862757 -0.2253186699937828 -0.2413548578693394
1.3949507939624208 51 59 0.5896170466995431 0.45773770821706344 -0.21070687803813826 -0.22939830297983121
1.3949507939624208 52 60 0.5861384496930644 0.45773770821706344 0.7947622585050738 0.7979007128530782
1.3949507939624208 53 61 0.5896170466995431 0.45773770821706344 -0.32730477032146155 -0.3541409392461503
1.3949507939624208 x 62 0.6033309041969425 0.4680252333449758 -210.55668457559872 -0.6465261456801841
1.3949507939624208 54 63 0.5913486717104743 0.4629100498862757 -0.03632709200286399 -0.05324187923352497
1.3949507939624208 55 64 0.5808814964202558 0.45773770821706344 0.16785559235216851 0.15791607875854652
1.3949507939624208 x 65 0.5593598444497264 0.4472135954999579 -210.42515607524942 -0.7216722274083622
1.3949507939624208 x 66 0.5666245623717936 0.4525062483125562 -210.42515607524942 -0.301524132266735
1.3949507939624208 56 67 0.5913486717104743 0.4629100498862757 0.2825455754095856 0.305737543512862
1.3949507939624208 57 68 0.5702222147839637 0.45773770821706344 0.01862633831308358 0.04538386942994066
1.3949507939624208 58 69 0.5684262348432536 0.45773770821706344 0.331674786951055 0.31253491071561257
1.3949507939624208 59 70 0.5808814964202558 0.45773770821706344 0.43202561306208054 0.43612513462682045
1.3949507939624208 60 71 0.5720125558134017 0.45773770821706344 0.16082150276355378 0.16052038531717017
1.3949507939624208 61 72 0.5826390843897161 0.4629100498862757 0.34178520673756907 0.3179334918446841
1.3949507939624208 62 73 0.6016337674898651 0.4629100498862757 -1.3745473458677395 -1.3712990981823054
1.3949507939624208 x 74 0.5861384496930644 0.4629100498862757 -210.23222439788023 -0.8515485146728281
1.3949507939624208 63 75 0.6050232803241139 0.4680252333449758 0.5026113057697046 0.507153025108039
1.3949507939624208 64 76 0.6100722408529212 0.47308511264837305 -0.06924338184629164 -0.07240625249772847
1.3949507939624208 65 77 0.6083939096377063 0.47308511264837305 0.004900325229669988 0.0031755088326690384
1.3949507939624208 66 78 0.6134151274703021 0.47308511264837305 0.14201471439758961 0.1313994272555874
1.3949507939624208 67 79 0.6134151274703021 0.47308511264837305 0.04789462666079203 0.045551195837077785
1.3949507939624208 x 80 0.6282380333797589 0.47308511264837305 -209.60404680766877 -0.2548030597724562
1.3949507939624208 68 81 0.6134151274703021 0.47308511264837305 0.41698659691437 0.4172945565753139
1.3949507939624208 69 82 0.6083939096377063 0.47308511264837305 0.094025595329299 0.0841237890092259
1.3949507939624208 70 83 0.6016337674898651 0.4629100498862757 0.16288185745440842 0.16028162736526497
1.3949507939624208 71 84 0.5755765314519714 0.45773770821706344 0.21368876229072953 0.22925016121729413
1.3949507939624208 72 85 0.5538487756217113 0.4418575508442684 0.5631774061959618 0.5537668558288544
1.3949507939624208 73 86 0.5538487756217113 0.4309458036856673 -0.09138355849165691 -0.08925937640654524
1.3949507939624208 74 87 0.5464142267158353 0.4364357804719847 -0.12640147860969364 -0.13511607413204274
1.3949507939624208 75 88 0.5388771177710738 0.408248290463863 0.6259391078506837 0.6014757030486635
1.3949507939624208 76 89 0.5501440599584498 0.4309458036856673 0.32093148380218395 0.3077521614501393
1.3949507939624208 77 90 0.5519995257992688 0.4309458036856673 -0.4313620103066569 -0.42094337243648283
1.3949507939624208 78 91 0.5035660156388033 0.3964124835860459 -0.7399606714186291 -0.7471194463581696
1.3949507939624208 x 92 0.5096211351891646 0.408248290463863 -208.59552371665777 -0.9083131696384612
1.3949507939624208 79 93 0.5234774396827916 0.4140393356054125 0.04065079242377578 0.03692289265842419
1.3949507939624208 80 94 0.5702222147839637 0.4525062483125562 0.6636852398201825 0.6727162744593045
1.3949507939624208 81 95 0.5538487756217113 0.4418575508442684 0.38367306253636 0.40883452376661467
1.3949507939624208 82 96 0.535068751196664 0.4309458036856673 -0.11063883137944686 -0.12469571576551175
1.3949507939624208 83 97 0.5312330834549512 0.4197504927816955 0.18699178355583967 0.19490021854181805
1.3949507939624208 84 98 0.5096211351891646 0.3903600291794133 0.15946815345654386 0.17593977570393804
1.3949507939624208 x 99 0.5312330834549512 0.42538497969766276 -207.2716935162445 -0.3372080592484963
1.3949507939624208 85 100 0.5369763107272132 0.42538497969766276 -0.10737391234368943 -0.09739792561123295
1.3949507939624208 86 101 0.5312330834549512 0.408248290463863 0.16176744240459584 0.1635003984578418
1.3949507939624208 87 102 0.5501440599584498 0.4364357804719847 -0.07678093476917525 -0.06678574556428885
1.3949507939624208 88 103 0.5464142267158353 0.4197504927816955 0.27321888891327717 0.2630279863134888
1.3949507939624208 89 104 0.48705114095537283 0.3779644730092272 0.5181161810874642 0.5258566934983548
1.3949507939624208 90 105 0.47643873166512696 0.3779644730092272 -0.2859199755356485 -0.2810981110645798
1.3949507939624208 x 106 0.4476706355737555 0.3651483716701107 -206.7886658264877 -0.20007545724374154
1.3949507939624208 91 107 0.5195562051469971 0.3842122429322726 -0.3464760961351203 -0.3500014528406723
1.3949507939624208 92 108 0.4828341685877546 0.3779644730092272 0.7218978747727647 0.7057587685095825
1.3949507939624208 93 109 0.5519995257992688 0.4140393356054125 -0.87694281598678 -0.8688829900527253
1.3949507939624208 x 110 0.5556918714833967 0.42538497969766276 -207.29018686383682 -1.1530385827813063
1.3949507939624208 94 111 0.5556918714833967 0.4140393356054125 0.7500967299579031 0.7333075209623132
1.3949507939624208 x 112 0.5519995257992688 0.4140393356054125 -206.54009013387892 -0.36222669530897633
1.3949507939624208 95 113 0.5684262348432536 0.42538497969766276 0.7662893596447873 0.7623760133323287
1.3949507939624208 96 114 0.5666245623717936 0.4309458036856673 0.6053445281665404 0.6015426433356481
1.3949507939624208 97 115 0.5312330834549512 0.3903600291794133 -0.13134110093088225 -0.15827939921749135
1.3949507939624208 98 116 0.5195562051469971 0.3964124835860459 0.15621010580812822 0.14579673585643604
1.3949507939624208 99 117 0.5611848406344145 0.42538497969766276 0.01582204191763026 0.02399079814625793
1.3949507939624208 100 118 0.5388771177710738 0.3964124835860459 0.2623348096423399 0.251548213321513
1.3949507939624208 101 119 0.5684262348432536 0.4309458036856673 -0.17427334500953862 -0.17966555681954333
1.3949507939624208 102 120 0.5684262348432536 0.4418575508442684 1.1388489286515835 1.136219337144638
1.3949507939624208 103 121 0.5630039210635431 0.4140393356054125 0.07485187642276969 0.05915445734765967
1.3949507939624208 104 122 0.5369763107272132 0.3964124835860459 0.26380669724747463 0.2617655516634727
1.3949507939624208 105 123 0.5630039210635431 0.4364357804719847 -0.16012963802975833 -0.15531115087406988
1.3949507939624208 106 124 0.5426587579753616 0.4140393356054125 -0.6980960450914324 -0.6960419496879524
1.3949507939624208 107 125 0.5519995257992688 0.4364357804719847 0.1497674628351433 0.15178880657009586
1.3949507939624208 108 126 0.5702222147839637 0.4364357804719847 0.2797220396596458 0.2872658531749721
1.3949507939624208 109 127 0.5720125558134017 0.4525062483125562 -0.1338689386898011 -0.11704041184373182
1.3949507939624208 110 128 0.5720125558134017 0.4525062483125562 -0.006530494296185907 0.0017207183090306444
1.3949507939624208 111 129 0.5575288744161785 0.42538497969766276 0.974669956214683 0.9641708775573079
1.3949507939624208 112 130 0.5369763107272132 0.4140393356054125 0.06693141242604383 0.08836617751225617
1.3949507939624208 113 131 0.5556918714833967 0.4140393356054125 -0.01655866854449073 -0.00740761082531094
1.3949507939624208 114 132 0.5331543667007768 0.4140393356054125 0.283061915759788 0.24755336608970424
1.3949507939624208 115 133 0.5630039210635431 0.4309458036856673 -0.38761625362619156 -0.37647682834131047
1.3949507939624208 116 134 0.5501440599584498 0.4140393356054125 0.09633950875019082 0.10477722669571676
1.3949507939624208 117 135 0.5312330834549512 0.3964124835860459 -0.2652573980303998 -0.2778020710188116
1.3949507939624208 118 136 0.49537740461806995 0.3779644730092272 0.11519308716876253 0.10763633684067031
1.3949507939624208 119 137 0.5501440599584498 0.4364357804719847 -0.6215902269923106 -0.6279334311288096
1.3949507939624208 120 138 0.5519995257992688 0.4364357804719847 -0.43757915572868455 -0.4233526763474629
1.3949507939624208 121 139 0.5593598444497264 0.4418575508442684 -0.45324457870088963 -0.45432098185304426
1.3949507939624208 122 140 0.5501440599584498 0.4309458036856673 0.40438166527485464 0.4096756225823128
1.3949507939624208 123 141 0.48914599423994226 0.3903600291794133 0.009773794767426125 0.013703554743102586
1.3949507939624208 124 142 0.507610787569021 0.3903600291794133 -0.11220054539441549 -0.11535190751081359
1.3949507939624208 125 143 0.47428775575131993 0.3842122429322726 0.08004157201395401 0.07155375188116864
1.3949507939624208 126 144 0.4677754866711918 0.3779644730092272 0.47528500542804863 0.48404232432699246
1.3949507939624208 x 145 0.4994884909146929 0.3903600291794133 -203.9197007551441 -1.1525688961705214
1.3949507939624208 x 146 0.47643873166512696 0.3903600291794133 -203.9197007551441 -0.5769809415892269
1.3949507939624208 127 147 0.4611712660230654 0.3779644730092272 0.4205827617304294 0.3824433278206243
1.3949507939624208 128 148 0.43843932174795375 0.33094381626464864 1.4949417136824366 1.4953006247019687
1.3949507939624208 129 149 0.41198804755628937 0.3086066999241838 -0.002709186412971576 -0.025994439966808613
1.3949507939624208 130 150 0.399386031871406 0.3086066999241838 -0.14315451635229692 -0.13029825196906586
1.3949507939624208 131 151 0.40447395713950485 0.30079260375911915 -0.7816514814993525 -0.7782119656560269
1.3949507939624208 132 152 0.40949867100418313 0.3086066999241838 -0.4876240808322052 -0.47981297028366043
1.3949507939624208 133 153 0.40447395713950485 0.30079260375911915 0.41916655066521 0.4231694889786013
1.3949507939624208 134 154 0.43843932174795375 0.3518657752744984 0.09300421831173367 0.08766583848534992
1.3949507939624208 135 155 0.4476706355737555 0.3518657752744984 -0.0232012452282504 -0.013404790709927283
1.3949507939624208 x 156 0.4544710851970273 0.3518657752744984 -202.93034602107937 -0.099524957044963
1.3949507939624208 136 157 0.4407652761162758 0.3518657752744984 0.1872032579302072 0.1696939960190207
1.3949507939624208 137 158 0.4069940684815211 0.31622776601683794 0.8360681711825748 0.8339454359408762
1.3949507939624208 138 159 0.39163022499397865 0.3086066999241838 -0.8496801587606058 -0.8438253306505317
1.3949507939624208 139 160 0.3890105954261185 0.30079260375911915 -0.38196864095439764 -0.3727284048061392
1.3949507939624208 x 161 0.39163022499397865 0.3086066999241838 -203.1387233916816 -0.8170572426633953
1.3949507939624208 140 162 0.37563851570163515 0.2845213189769458 0.5283442402756577 0.5233659636929815
1.3949507939624208 x 163 0.3837176876346476 0.30079260375911915 -202.61037915140594 -0.049861038199992436
1.3949507939624208 141 164 0.3890105954261185 0.29277002188455997 -0.23033404898950494 -0.22506531638578053
1.3949507939624208 142 165 0.41936752455858656 0.33094381626464864 -0.412261497497326 -0.4287616242251602
1.3949507939624208 143 166 0.3890105954261185 0.29277002188455997 0.20953632625185037 0.20496067238997284
1.3949507939624208 144 167 0.37015444739787384 0.2760262237369417 0.7071313290917374 0.6885668077617311
1.3949507939624208 145 168 0.3645878980140771 0.2672612419124244 -0.3606967961443672 -0.385609333501975
1.3949507939624208 x 169 0.35607494443328885 0.24880667576405965 -202.69700383869355 -0.44797588137350886
1.3949507939624208 146 170 0.37015444739787384 0.2672612419124244 -0.5194838897973568 -0.5100789420093861
1.3949507939624208 x 171 0.3645878980140771 0.2672612419124244 -203.2164877284909 -0.6226645485058953
1.3949507939624208 147 172 0.399386031871406 0.33094381626464864 -0.6839474153712786 -0.6710447255419183
1.3949507939624208 148 173 0.38637320504757067 0.31622776601683794 0.6237217998169342 0.6195733864759916
1.3949507939624208 x 174 0.478580040124665 0.3779644730092272 -203.27671334404525 -0.4239546418018847
1.3949507939624208 149 175 0.4069940684815211 0.33094381626464864 0.28035349612238747 0.27573504250335645
1.3949507939624208 150 176 0.3645878980140771 0.2581988897471611 0.2325716227736052 0.24979303108133877
1.3949507939624208 151 177 0.38637320504757067 0.30079260375911915 -0.21798937026892418 -0.21602349088658457
1.3949507939624208 152 178 0.4217986610095483 0.33094381626464864 0.3446319234047053 0.34548128185252835
1.3949507939624208 153 179 0.40949867100418313 0.33094381626464864 0.11999663419501871 0.12127614979866053
1.3949507939624208 x 180 0.38637320504757067 0.29277002188455997 -202.51714903781846 -0.19024990857408852
1.3949507939624208 x 181 0.41446247249213586 0.33094381626464864 -202.51714903781846 -0.2995812220799223
1.3949507939624208 x 182 0.38637320504757067 0.3086066999241838 -202.51714903781846 -0.7787011781072124
1.3949507939624208 154 183 0.3531916990504146 0.2581988897471611 -0.09425787349516668 -0.09272853530930547
1.3949507939624208 155 184 0.3729065629664843 0.2845213189769458 -0.30569149570766285 -0.29053441503538124
1.3949507939624208 156 185 0.38637320504757067 0.33094381626464864 -0.05433826156001942 -0.05805591204392613
1.3949507939624208 157 186 0.37563851570163515 0.2760262237369417 0.5874883692593471 0.5938855864423829
1.3949507939624208 x 187 0.33840719171268063 0.23904572186687872 -202.38394829932196 -0.07992141653838303
1.3949507939624208 158 188 0.3837176876346476 0.30079260375911915 0.3250303410334823 0.3138530433869846
1.3949507939624208 159 189 0.3890105954261185 0.33094381626464864 -0.09441244266494664 -0.09986597113208973
1.3949507939624208 160 190 0.39163022499397865 0.3236694374850748 -0.31812416904037377 -0.33388576855909946
1.3949507939624208 161 191 0.3837176876346476 0.31622776601683794 -0.015537361339710287 -0.022969138034824255
1.3949507939624208 162 192 0.3617725053169077 0.2760262237369417 0.9157054082646141 0.8980024656154626
1.3949507939624208 163 193 0.35893503009349875 0.2760262237369417 -0.6252367574013533 -0.6256991690520408
1.3949507939624208 164 194 0.35607494443328885 0.2760262237369417 -0.20447096373405316 -0.2231699842521664
1.3949507939624208 x 195 0.3502847220520294 0.2672612419124244 -202.4009942442043 -0.8733898187817886
1.3949507939624208 165 196 0.35607494443328885 0.2760262237369417 0.27389404534176265 0.2900423405735637
1.3949507939624208 166 197 0.38104366420218805 0.29277002188455997 0.2111950613274871 0.20290258953011175
1.3949507939624208 167 198 0.3783507423721787 0.2845213189769458 -0.45894235012872286 -0.46145966547220496
1.3949507939624208 168 199 0.3890105954261185 0.33094381626464864 0.19056477996724652 0.1803625978384673
1.3949507939624208 169 200 0.38104366420218805 0.30079260375911915 0.28666488292316217 0.2798515566578885
1.3949507939624208 x 201 0.3729065629664843 0.2845213189769458 -201.89761782477336 -0.16574786769021443
1.3949507939624208 170 202 0.38104366420218805 0.29277002188455997 0.7092885234647213 0.6922379518971127
1.3949507939624208 x 203 0.3837176876346476 0.30079260375911915 -201.18832930130864 -0.5996735683492602
1.3949507939624208 171 204 0.3729065629664843 0.29277002188455997 0.0845236755662313 0.10013371865079534
1.3949507939624208 x 205 0.3617725053169077 0.2845213189769458 -201.1038056257424 -1.0936012683459353
1.3949507939624208 172 206 0.3890105954261185 0.31622776601683794 0.857142775230443 0.8473063353318082
1.3949507939624208 x 207 0.399386031871406 0.3380617018914066 -200.24666285051197 -0.4407928610725378
1.3949507939624208 173 208 0.3942324478069829 0.33094381626464864 0.01925898002346571 0.021084211471929848
1.3949507939624208 174 209 0.39163022499397865 0.3236694374850748 0.4415780646123437 0.4393158564924704
1.3949507939624208 175 210 0.41198804755628937 0.3450327796711771 -0.0651259925043064 -0.05704121299777398
1.3949507939624208 176 211 0.4169222120244322 0.3450327796711771 0.23440649916020107 0.23080464434150372
1.3949507939624208 177 212 0.4361009620257156 0.3779644730092272 -0.3944959029797417 -0.4161949515132335
1.3949507939624208 178 213 0.44994887235113873 0.3903600291794133 -0.15008407103491095 -0.18988533922191664
1.3949507939624208 x 214 0.507610787569021 0.4197504927816955 -200.16112527323492 -1.0123118957902477
1.3949507939624208 179 215 0.41446247249213586 0.3450327796711771 -0.12722015707538503 -0.11847015687004614
1.3949507939624208 180 216 0.39163022499397865 0.33094381626464864 -0.3633717416255706 -0.356506313686765
1.3949507939624208 181 217 0.4217986610095483 0.3450327796711771 -0.815649051903307 -0.8380433086407493
1.3949507939624208 182 218 0.443079020497369 0.37161167647860327 0.484454275669151 0.4704270804812154
1.3949507939624208 183 219 0.4313862185207733 0.35856858280031806 -0.597331546441751 -0.5796632638824804
1.3949507939624208 184 220 0.4266193736570693 0.3518657752744984 0.015073544400451055 0.019321262845721776
1.3949507939624208 x 221 0.4361009620257156 0.3651483716701107 -201.56516995021133 -0.8389529185714935
1.3949507939624208 185 222 0.4361009620257156 0.3651483716701107 0.011302474675972007 0.0005190318373138325
1.3949507939624208 186 223 0.43843932174795375 0.3651483716701107 0.1782595019658686 0.18678546602902202
1.3949507939624208 187 224 0.39163022499397865 0.2845213189769458 0.6307934802692898 0.612197765915738
1.3949507939624208 188 225 0.3783507423721787 0.29277002188455997 0.0008035678587816619 -0.00023170454949195118
1.3949507939624208 189 226 0.38104366420218805 0.29277002188455997 0.6240761956746894 0.6161631785095096
1.3949507939624208 190 227 0.3502847220520294 0.2760262237369417 -0.04508821596411394 -0.03620906104353594
1.3949507939624208 191 228 0.34735341761384236 0.2672612419124244 -0.45102499027851195 -0.439157381219502
1.3949507939624208 192 229 0.34735341761384236 0.2672612419124244 1.2017126670180573 1.2033888470459146
1.3949507939624208 193 230 0.3443971645541891 0.2672612419124244 0.11885698635302333 0.11472316076128664
1.3949507939624208 194 231 0.35893503009349875 0.2760262237369417 0.08686612917452408 0.09794586894849999
1.3949507939624208 195 232 0.38104366420218805 0.3086066999241838 1.151276668146636 1.1610536746147488
1.3949507939624208 196 233 0.35893503009349875 0.2760262237369417 -0.41893281670212446 -0.4107819747228234
1.3949507939624208 x 234 0.37563851570163515 0.3086066999241838 -198.47626830201924 -0.37409635172366507
1.3949507939624208 197 235 0.3353720883255073 0.2581988897471611 -0.20639539717609523 -0.19945665396934942
1.3949507939624208 x 236 0.3645878980140771 0.2760262237369417 -198.68266369919533 -0.664896915021842
1.3949507939624208 198 237 0.3729065629664843 0.2760262237369417 0.5808413097096548 0.5682673921479591
1.3949507939624208 199 238 0.3617725053169077 0.2760262237369417 0.0631326995811321 0.051730418765913555
1.3949507939624208 200 239 0.37563851570163515 0.2845213189769458 -0.8755355356253176 -0.8880807048688837
1.3949507939624208 201 240 0.37563851570163515 0.2845213189769458 0.04815007133404947 0.026931139548736382
1.3949507939624208 202 241 0.4019380452620016 0.33094381626464864 0.06784233908300052 0.06306952517263653
1.3949507939624208 203 242 0.3890105954261185 0.30079260375911915 0.5746292584896082 0.5699073107645063
1.3949507939624208 204 243 0.4069940684815211 0.33094381626464864 0.5815895542566238 0.5855935008478639
1.3949507939624208 205 244 0.39681760631168644 0.3236694374850748 0.5662815339962037 0.5616195429590505
1.3949507939624208 206 245 0.3890105954261185 0.3086066999241838 -0.24050120165779276 -0.24524154542800147
1.3949507939624208 207 246 0.38637320504757067 0.30079260375911915 0.5583855091151406 0.5596955458898663
1.3949507939624208 208 247 0.3729065629664843 0.2760262237369417 0.25036954199390493 0.2577104592307933
1.3949507939624208 209 248 0.3443971645541891 0.2581988897471611 0.5189223561616245 0.5238954436438803
1.3949507939624208 210 249 0.3353720883255073 0.2581988897471611 0.23584580127689492 0.22419441372767324
