7.368062997280774 1 0 0.7767058540014243 0.8837151016885368 -0.10754579252417784 -0.12487546156614826
7.368062997280774 2 1 0.7767058540014243 0.8837151016885368 -0.06109370720461982 -0.0656442453705921
7.368062997280774 3 2 0.7767058540014243 0.8810167286666447 -0.006917899885621637 -0.021963335578476517
7.368062997280774 4 3 0.7767058540014243 0.8810167286666447 0.09178377654672687 0.0938478112317469
7.368062997280774 5 4 0.7767058540014243 0.8810167286666447 0.00033732818072707005 0.01298352973184791
7.368062997280774 6 5 0.7767058540014243 0.8810167286666447 -0.14051890007828405 -0.12437802237038653
7.368062997280774 7 6 0.7767058540014243 0.8810167286666447 -0.008783664447314266 -0.014042459124361528
7.368062997280774 8 7 0.7767058540014243 0.8810167286666447 -0.13570233753203098 -0.14128375709626795
7.368062997280774 9 8 0.7767058540014243 0.8810167286666447 -0.020222371130536487 -0.022067340967574012
7.368062997280774 10 9 0.7767058540014243 0.8810167286666447 0.01158405317269029 0.004597604311236125
7.368062997280774 11 10 0.7767058540014243 0.8810167286666447 0.1082893570219099 0.11750544788851158
7.368062997280774 x 11 0.7767058540014243 0.8810167286666447 -47.51960487845013 -0.1717672096102305
7.368062997280774 12 12 0.7767058540014243 0.8810167286666447 0.10744931622481602 0.12231710222901881
7.368062997280774 13 13 0.7767058540014243 0.8810167286666447 0.01413998380464676 0.018487130096268345
7.368062997280774 x 14 0.7767058540014243 0.8810167286666447 -47.39801557842067 -0.0677838127163426
7.368062997280774 14 15 0.7767058540014243 0.8810167286666447 -0.0024434193618390054 -0.01115560243897562
7.368062997280774 15 16 0.7767058540014243 0.8810167286666447 0.25360015646388945 0.241761651628579
7.368062997280774 16 17 0.7767058540014243 0.8810167286666447 -0.06316212054177583 -0.06062461915776396
7.368062997280774 17 18 0.7767058540014243 0.8810167286666447 0.04852086048082782 0.04174842773019094
7.368062997280774 18 19 0.778021190852237 0.8837151016885368 0.29983271614474205 0.3038511839135012
7.368062997280774 19 20 0.780645215808843 0.8864052604279183 0.0026154680325518598 0.0250835130780942
7.368062997280774 20 21 0.778021190852237 0.8837151016885368 -0.11982595130087503 -0.13304863406845158
7.368062997280774 21 22 0.7767058540014243 0.8810167286666447 -0.20744394075135375 -0.20883894397292835
7.368062997280774 22 23 0.7793343077204956 0.8837151016885368 0.010015572765084357 0.015524778639033343
7.368062997280774 23 24 0.778021190852237 0.8837151016885368 0.13372462609564906 0.12489932201112453
7.368062997280774 x 25 0.778021190852237 0.8837151016885368 -47.04258161039377 -0.32957666299226673
7.368062997280774 24 26 0.778021190852237 0.8837151016885368 0.09708175877011627 0.11169434872294914
7.368062997280774 25 27 0.7793343077204956 0.8837151016885368 -0.05333110187514478 -0.04967887566247953
7.368062997280774 26 28 0.780645215808843 0.8837151016885368 0.07470163797184881 0.06236867316916772
7.368062997280774 27 29 0.7793343077204956 0.8837151016885368 0.015559050378101347 0.0077339692005864435
7.368062997280774 28 30 0.7793343077204956 0.8837151016885368 -0.03130777847079713 -0.04403979413400094
7.368062997280774 29 31 0.778021190852237 0.8837151016885368 -0.14426232119632232 -0.15615400635294918
7.368062997280774 30 32 0.7793343077204956 0.8837151016885368 -0.07335881990235293 -0.07699992798259814
7.368062997280774 31 33 0.780645215808843 0.8864052604279183 0.21839656720491263 0.2202698943102135
7.368062997280774 32 34 0.780645215808843 0.8864052604279183 0.13862887814426017 0.1516878179074581
7.368062997280774 33 35 0.778021190852237 0.8837151016885368 0.0389393559918787 0.04760254360802918
7.368062997280774 34 36 0.778021190852237 0.8837151016885368 -0.1906557454945741 -0.20314981307756597
7.368062997280774 35 37 0.780645215808843 0.8864052604279183 0.3510434058380483 0.3351000563291606
7.368062997280774 36 38 0.7858669811523066 0.8783100656536799 0.13312090043124414 0.15928304492033618
7.368062997280774 x 39 0.7858669811523066 0.8783100656536799 -46.46802582260255 -0.07497429084582308
7.368062997280774 37 40 0.7845647980188689 0.8783100656536799 0.04281941203416295 0.036973179292715486
7.368062997280774 38 41 0.787167010132215 0.8783100656536799 -0.047813822908338466 -0.03515842437435879
7.368062997280774 39 42 0.7923457963166683 0.8783100656536799 0.008959732806602005 0.00015193090641218987
7.368062997280774 40 43 0.7858669811523066 0.8783100656536799 -0.004629469057263691 0.0013778974231826169
7.368062997280774 41 44 0.7819539262260189 0.8864052604279183 -0.1388598688706466 -0.13930864039256363
7.368062997280774 42 45 0.778021190852237 0.8837151016885368 -0.11301045502170126 -0.12086343703781921
7.368062997280774 43 46 0.778021190852237 0.8837151016885368 -0.05898744408883516 -0.06965228207845797
7.368062997280774 44 47 0.778021190852237 0.8837151016885368 0.11838845679244514 0.10789260543427304
7.368062997280774 45 48 0.7793343077204956 0.8864052604279183 0.2924913342382567 0.29077020489736327
7.368062997280774 46 49 0.7819539262260189 0.8783100656536799 0.2300588825931058 0.23725783657413757
7.368062997280774 47 50 0.7832604499879573 0.8783100656536799 0.023951207262157936 0.034393657224612184
7.368062997280774 48 51 0.7819539262260189 0.8864052604279183 -0.1351241753957595 -0.1419440105887304
7.368062997280774 49 52 0.780645215808843 0.8864052604279183 -0.19857928235618516 -0.1865856746075636
7.368062997280774 50 53 0.778021190852237 0.8837151016885368 -0.16467244674901593 -0.16345510412295283
7.368062997280774 51 54 0.778021190852237 0.8837151016885368 -0.14096200502827827 -0.14026642307219817
7.368062997280774 52 55 0.778021190852237 0.8837151016885368 -0.1430121105598019 -0.13651484263596814
7.368062997280774 53 56 0.778021190852237 0.8837151016885368 0.061607512336379955 0.05044019381644205
7.368062997280774 54 57 0.7767058540014243 0.8810167286666447 -0.17892936755543332 -0.15666465728963175
7.368062997280774 55 58 0.7767058540014243 0.8810167286666447 -0.046859541593114784 -0.04265328651647593
7.368062997280774 56 59 0.7767058540014243 0.8810167286666447 -0.11692997996518528 -0.11425708571814397
7.368062997280774 57 60 0.778021190852237 0.8810167286666447 0.13838247587727182 0.15523655357215915
7.368062997280774 58 61 0.778021190852237 0.8864052604279183 0.1958974994430065 0.18376196030051517
7.368062997280774 59 62 0.7793343077204956 0.8864052604279183 -0.007501515472782216 0.00700568093110121
7.368062997280774 60 63 0.778021190852237 0.8810167286666447 -0.01864172461743152 0.0031267343292071814
7.368062997280774 61 64 0.7767058540014243 0.8810167286666447 -0.20733000400313273 -0.20954444396034688
7.368062997280774 62 65 0.7767058540014243 0.8810167286666447 0.055691817007861744 0.0303131358084201
7.368062997280774 63 66 0.778021190852237 0.8810167286666447 0.30549385178233734 0.2962267472750071
7.368062997280774 64 67 0.7767058540014243 0.8810167286666447 0.20256490327238197 0.18293635254382679
7.368062997280774 65 68 0.778021190852237 0.8837151016885368 0.036154440838807034 0.04116453709443846
7.368062997280774 66 69 0.7767058540014243 0.8810167286666447 0.08583812042495254 0.09330017290169224
7.368062997280774 x 70 0.778021190852237 0.8810167286666447 -46.391569389135725 -0.2663197613328876
7.368062997280774 67 71 0.7767058540014243 0.8810167286666447 0.08335922819318853 0.09567043676216258
7.368062997280774 68 72 0.7767058540014243 0.8810167286666447 -0.1901974117242773 -0.16694445050475082
7.368062997280774 69 73 0.7767058540014243 0.8810167286666447 -0.018926501597121614 -0.018290264131934464
7.368062997280774 70 74 0.7767058540014243 0.8810167286666447 -0.11691218099963407 -0.09825018610777647
7.368062997280774 71 75 0.778021190852237 0.8810167286666447 -0.14875403787048924 -0.14323416407366096
7.368062997280774 72 76 0.7767058540014243 0.8810167286666447 0.2497557543505664 0.2229379375506042
7.368062997280774 73 77 0.778021190852237 0.8810167286666447 -0.15059179421643876 -0.14479770754942933
7.368062997280774 74 78 0.778021190852237 0.8810167286666447 0.09632393910344916 0.09380542310199047
7.368062997280774 75 79 0.7767058540014243 0.8810167286666447 0.04951051394808559 0.05128444891158068
7.368062997280774 76 80 0.778021190852237 0.8864052604279183 0.10095139708116108 0.0988569079041497
7.368062997280774 77 81 0.7832604499879573 0.8864052604279183 0.16342183529256715 0.1397633237109659
7.368062997280774 78 82 0.778021190852237 0.8864052604279183 -0.19194990320558247 -0.20276293774234944
7.368062997280774 79 83 0.778021190852237 0.8864052604279183 0.09773568595255 0.09313410147765211
7.368062997280774 80 84 0.778021190852237 0.8810167286666447 -0.13500373220211515 -0.14267323736820714
7.368062997280774 81 85 0.778021190852237 0.8810167286666447 -0.17839901565273664 -0.182099220824945
7.368062997280774 82 86 0.778021190852237 0.8810167286666447 0.17054133277207484 0.1820047381359018
7.368062997280774 83 87 0.778021190852237 0.8810167286666447 -0.153945498468822 -0.15935780019562884
7.368062997280774 84 88 0.7767058540014243 0.8810167286666447 -0.12485273877739189 -0.12225522494672703
7.368062997280774 x 89 0.7767058540014243 0.8810167286666447 -46.78950251715669 -0.19334618765208944
7.368062997280774 85 90 0.778021190852237 0.8810167286666447 -0.055951203166941355 -0.06299259281458092
7.368062997280774 86 91 0.778021190852237 0.8810167286666447 0.11683178783319192 0.10561189678601579
7.368062997280774 87 92 0.778021190852237 0.8810167286666447 -0.19425681640792192 -0.2148339627892213
7.368062997280774 88 93 0.778021190852237 0.8810167286666447 0.12108765737460203 0.12061325478336471
7.368062997280774 89 94 0.778021190852237 0.8810167286666447 -0.1340666576316707 -0.11527037695918096
7.368062997280774 90 95 0.7767058540014243 0.8810167286666447 0.2676989837201731 0.2588114034828024
7.368062997280774 91 96 0.7767058540014243 0.8810167286666447 -0.11240894683689362 -0.12747711412919216
7.368062997280774 92 97 0.7767058540014243 0.8810167286666447 -0.02640842839238644 -0.03223761171167894
7.368062997280774 93 98 0.778021190852237 0.8810167286666447 -0.01399405491838479 -0.01619550122950386
7.368062997280774 94 99 0.778021190852237 0.8810167286666447 -0.15011080904876195 -0.14219657155332044
7.368062997280774 95 100 0.778021190852237 0.8810167286666447 -0.06715512012847569 -0.09607398514792465
7.368062997280774 96 101 0.7767058540014243 0.8810167286666447 0.14674433172431378 0.14684140534550494
7.368062997280774 97 102 0.7793343077204956 0.8864052604279183 0.188874617908958 0.19519891461771266
7.368062997280774 98 103 0.7793343077204956 0.8864052604279183 0.09227488076568591 0.10499677667688445
7.368062997280774 99 104 0.7793343077204956 0.8864052604279183 -0.227325034851539 -0.2183063319348051
7.368062997280774 100 105 0.7767058540014243 0.8864052604279183 -0.08535682615076468 -0.07895147663894164
7.368062997280774 101 106 0.7845647980188689 0.8837151016885368 0.08266008547226278 0.09383885337970099
7.368062997280774 102 107 0.787167010132215 0.8837151016885368 0.17034334834921339 0.18299702931307849
7.368062997280774 103 108 0.7884648956139658 0.8837151016885368 -0.06354213787555096 -0.06620691167660908
7.368062997280774 104 109 0.7858669811523066 0.8810167286666447 0.17578011643907843 0.16116351565263898
7.368062997280774 x 110 0.7884648956139658 0.8810167286666447 -46.5577827429785 -0.08125181459097774
7.368062997280774 105 111 0.7897606481653748 0.870139561876632 0.16252577320116046 0.16074010948610606
7.368062997280774 106 112 0.7897606481653748 0.8563488385776752 -0.01622736771892619 -0.03088831782773127
7.368062997280774 107 113 0.7936352126233729 0.870139561876632 -0.060647904327325364 -0.04538794529180734
7.368062997280774 108 114 0.780645215808843 0.7898161329129229 0.2816390549981804 0.29982355745960376
7.368062997280774 x 115 0.7949225374153116 0.8251983888449983 -46.190493186825414 -0.25877499417827465
7.368062997280774 109 116 0.7793343077204956 0.7807200583588266 -0.0036190412789025572 -0.007409311187721812
7.368062997280774 110 117 0.780645215808843 0.7988086367179802 -0.0881358890333459 -0.08391363561285203
7.368062997280774 111 118 0.7819539262260189 0.8077010290825142 -0.018513623760057385 -0.03298159555031077
7.368062997280774 112 119 0.7832604499879573 0.816496580927726 -0.05562437932007924 -0.057627473870354606
7.368062997280774 113 120 0.780645215808843 0.7867957924694432 0.11423513521820894 0.11357100469324166
7.368062997280774 114 121 0.770095471201348 0.7653197277702214 0.07908949798639497 0.07082139926914266
7.368062997280774 115 122 0.7674353752692952 0.7400128699009549 0.08244610981938649 0.07723531015221852
7.368062997280774 116 123 0.7512770314032703 0.7171371656006361 0.0704506834682519 0.05937983076169928
7.368062997280774 117 124 0.7620873284043761 0.7367883976130072 -0.042723563384605256 -0.038424516087438576
7.368062997280774 118 125 0.7485500640331334 0.720449595077698 -0.019315389544779293 -0.0233188902751138
7.368062997280774 119 126 0.7539941362266769 0.7237468644557459 -0.000869780251981922 -0.003990227858515993
7.368062997280774 120 127 0.7444408835084588 0.6935073041809877 0.22532558048605722 0.21847210384147786
7.368062997280774 121 128 0.7471828481629895 0.7003400534570263 -0.08715905987401129 -0.08456407096909402
7.368062997280774 122 129 0.743066106927105 0.7138093649734567 -0.06283388090586328 -0.0758921443061027
7.368062997280774 123 130 0.7471828481629895 0.720449595077698 -0.07768734254922549 -0.1015951592944333
7.368062997280774 124 131 0.7444408835084588 0.7071067811865476 0.10848284836757927 0.11705356024888403
7.368062997280774 125 132 0.743066106927105 0.7138093649734567 -0.017764175977248442 -0.015681354747130172
7.368062997280774 126 133 0.743066106927105 0.7171371656006361 0.07212628183487624 0.07072209704094945
7.368062997280774 127 134 0.7277721839547328 0.6725927091345493 0.1028630484014883 0.10568369025351387
7.368062997280774 128 135 0.7416887820971493 0.7071067811865476 -0.007351125222662347 0.0035991496355975983
7.368062997280774 129 136 0.7305767114330592 0.6725927091345493 -0.00122682342160374 0.011697340541331869
7.368062997280774 130 137 0.743066106927105 0.7037315505489968 -0.010751301691151127 -0.02234067662819683
7.368062997280774 131 138 0.7444408835084588 0.6969320524371696 -0.03308617370107214 -0.043878333216703425
7.368062997280774 132 139 0.731974945652783 0.6796357567879738 0.036637053532814434 0.020930907665672294
7.368062997280774 133 140 0.7277721839547328 0.6761234037828132 -0.09983904293894597 -0.10365325331587627
7.368062997280774 134 141 0.713584230478596 0.6133436852128472 0.18717358970074827 0.21281844424403573
7.368062997280774 135 142 0.7333705140230591 0.6761234037828132 -0.13565117253263992 -0.14588934900003636
7.368062997280774 136 143 0.7092725038111775 0.5855400437691199 0.20926541963272882 0.1997135184943346
7.368062997280774 137 144 0.6615344373960744 0.5255382728122436 0.2912370134895923 0.2663923027048156
7.368062997280774 138 145 0.6584358984068521 0.5255382728122436 0.01745916062007069 0.009001646709982936
7.368062997280774 139 146 0.6630782771558663 0.5255382728122436 -0.002863088712672379 -0.0027853940372608577
7.368062997280774 140 147 0.6615344373960744 0.5563486402641868 -0.02104924314937051 -0.008559883583068029
7.368062997280774 141 148 0.6646185307460536 0.5023753102820165 0.17297872837446704 0.18209767266160526
7.368062997280774 142 149 0.5630039210635431 0.3450327796711771 0.19635771324871598 0.17303108129263478
7.368062997280774 143 150 0.5175844477297374 0.31622776601683794 0.27705894278506804 0.30034278498460054
7.368062997280774 144 151 0.5136182249313151 0.3086066999241838 0.08956267811163343 0.10486767695621779
7.368062997280774 145 152 0.5195562051469971 0.30079260375911915 -0.03855543867880584 -0.041527720416645764
7.368062997280774 146 153 0.5195562051469971 0.30079260375911915 0.03747401620350388 0.020235964471055468
7.368062997280774 147 154 0.5096211351891646 0.3086066999241838 0.09562852041254644 0.08557573560467802
7.368062997280774 148 155 0.48914599423994226 0.29277002188455997 0.1262289150873599 0.10164043280600055
7.368062997280774 149 156 0.5519995257992688 0.3651483716701107 -0.18240162182856778 -0.19042757242637975
7.368062997280774 150 157 0.5096211351891646 0.3518657752744984 -0.002171063476041013 -0.0002550715772287049
7.368062997280774 x 158 0.5096211351891646 0.33094381626464864 -44.607604471277554 -0.06082434236592604
7.368062997280774 151 159 0.5896170466995431 0.3903600291794133 0.016869220784101913 0.0016987362750882085
7.368062997280774 152 160 0.6134151274703021 0.511766315719159 -0.016637070637820273 -0.012925523064133415
7.368062997280774 153 161 0.6568811479527993 0.5690426379538917 -0.2027680189569736 -0.2255952652928812
7.368062997280774 154 162 0.6722668668663498 0.5690426379538917 -0.20919117235587947 -0.19523951913291882
7.368062997280774 155 163 0.659986986300404 0.5690426379538917 -0.029456035744871656 -0.012500930705428459
7.368062997280774 156 164 0.6568811479527993 0.5477225575051661 -0.03838243997068247 -0.04016235660161982
7.368062997280774 157 165 0.6798291617469452 0.5936168397046637 -0.20438001959121266 -0.19261973546687727
7.368062997280774 158 166 0.6961771158887058 0.6133436852128472 0.0826149193675434 0.056383044201382404
7.368062997280774 159 167 0.7249568071189753 0.7071067811865476 -0.2265109636722329 -0.22477542187069588
7.368062997280774 160 168 0.7291757960281542 0.7003400534570263 -0.08104889308629737 -0.06037765849868748
7.368062997280774 161 169 0.7291757960281542 0.7071067811865476 -0.012487394026202026 0.002851088553263992
7.368062997280774 162 170 0.7221304540303205 0.6969320524371696 0.026682517177718523 0.04707798085821935
7.368062997280774 163 171 0.6961771158887058 0.5976143046671968 0.02029512948683987 0.0323391224970635
7.368062997280774 164 172 0.6783234474692019 0.5773502691896257 0.08195597736544613 0.07118168169741779
7.368062997280774 165 173 0.6737861159606583 0.5563486402641868 0.12554591106690793 0.1060247660659428
7.368062997280774 166 174 0.6722668668663498 0.5563486402641868 -0.018885618944750604 -0.023920863429964356
7.368062997280774 167 175 0.6722668668663498 0.5648430038936652 0.02134532855578186 0.02364753956138088
7.368062997280774 168 176 0.6722668668663498 0.5690426379538917 -0.04409607170288865 -0.06156191244270559
7.368062997280774 x 177 0.7249568071189753 0.7071067811865476 -45.316139166163026 -0.2136544472692563
7.368062997280774 169 178 0.6347148853501637 0.5255382728122436 0.30703193908994564 0.2973760741580591
7.368062997280774 170 179 0.6347148853501637 0.5345224838248488 -0.034805011044539924 -0.009003628556200738
7.368062997280774 171 180 0.6363237976534609 0.5345224838248488 -0.04008682094453064 -0.03446020338471811
7.368062997280774 172 181 0.659986986300404 0.5520524474738834 -0.04859507402726848 -0.059976314326227964
7.368062997280774 173 182 0.5501440599584498 0.3518657752744984 0.31219034126041123 0.3026622825216734
7.368062997280774 174 183 0.5096211351891646 0.31622776601683794 0.009121395656670472 -0.004605727696890938
7.368062997280774 175 184 0.5215205078247639 0.3236694374850748 -0.08522886697945609 -0.0841433085039327
7.368062997280774 176 185 0.5312330834549512 0.3236694374850748 -0.003731569402887658 -0.01639429793353031
7.368062997280774 177 186 0.5331543667007768 0.3236694374850748 0.005973098505137386 -0.012927357579599175
7.368062997280774 178 187 0.5175844477297374 0.3086066999241838 0.17230321861461562 0.16582717835424887
7.368062997280774 179 188 0.5273695188451386 0.3086066999241838 0.11923817556554184 0.1267853948826172
7.368062997280774 180 189 0.5273695188451386 0.3236694374850748 -0.028357061996551636 -0.03481059725958602
7.368062997280774 181 190 0.5254270830780441 0.3086066999241838 -0.18497107520668976 -0.18524026784915293
7.368062997280774 182 191 0.5331543667007768 0.33094381626464864 0.14854949260202233 0.12328132760341504
7.368062997280774 183 192 0.5312330834549512 0.3236694374850748 -0.02450219921816199 -0.012714195595705746
7.368062997280774 184 193 0.5234774396827916 0.33094381626464864 0.08430881590554407 0.06402428715880149
7.368062997280774 185 194 0.5096211351891646 0.31622776601683794 -0.11259686585555073 -0.1304075703765193
7.368062997280774 186 195 0.5156051500486066 0.3236694374850748 0.04099971943097103 0.031954448661593915
7.368062997280774 187 196 0.48494723850216875 0.29277002188455997 0.18052246340233324 0.17517205697533456
7.368062997280774 x 197 0.48705114095537283 0.3086066999241838 -44.49877505080547 -0.009925995663074616
7.368062997280774 188 198 0.507610787569021 0.30079260375911915 -0.038059653630959644 -0.03289322192579647
7.368062997280774 189 199 0.5035660156388033 0.30079260375911915 0.24962411417198638 0.24781561528389062
7.368062997280774 190 200 0.5035660156388033 0.29277002188455997 0.008571687431718544 -0.00206560154499158
7.368062997280774 191 201 0.478580040124665 0.29277002188455997 -0.052534487991160006 -0.047067624465491065
7.368062997280774 192 202 0.4994884909146929 0.2845213189769458 0.24127172294077326 0.249236400673162
7.368062997280774 193 203 0.4994884909146929 0.2845213189769458 -0.04253323260711994 -0.050171774426779336
7.368062997280774 194 204 0.5035660156388033 0.3086066999241838 -0.21519774515739698 -0.19950223358135588
7.368062997280774 195 205 0.5096211351891646 0.3086066999241838 -0.0720459481288458 -0.06999775564455035
7.368062997280774 196 206 0.4994884909146929 0.3086066999241838 -0.08530290697939336 -0.08604439629561966
7.368062997280774 197 207 0.5015313971540449 0.3086066999241838 0.11690351989148695 0.1354690786410302
7.368062997280774 198 208 0.493309013936583 0.30079260375911915 0.032693148796731464 0.027557818441060533
7.368062997280774 199 209 0.5035660156388033 0.2760262237369417 0.18353400732016212 0.17087470099815505
7.368062997280774 x 210 0.5035660156388033 0.30079260375911915 -44.17185082474749 -0.13179065203492257
7.368062997280774 200 211 0.507610787569021 0.29277002188455997 0.07308199301495932 0.06596501608171224
7.368062997280774 201 212 0.5055924464243811 0.29277002188455997 0.10678051327129623 0.11391784054955423
7.368062997280774 202 213 0.5055924464243811 0.30079260375911915 -0.06357348106038074 -0.0577676128547111
7.368062997280774 203 214 0.493309013936583 0.2845213189769458 -0.06276122531816952 -0.07361112878318465
7.368062997280774 x 215 0.49537740461806995 0.30079260375911915 -44.11832302483978 -0.10793386673601191
7.368062997280774 204 216 0.493309013936583 0.30079260375911915 -0.22617818116813737 -0.23623244469692395
7.368062997280774 205 217 0.49537740461806995 0.30079260375911915 0.011780852576109169 0.012539088852847158
7.368062997280774 206 218 0.49743719481074805 0.3086066999241838 0.10309179200816487 0.08975074186050591
7.368062997280774 207 219 0.48914599423994226 0.30079260375911915 -0.028048826972145946 -0.03083139717089267
7.368062997280774 208 220 0.5015313971540449 0.2845213189769458 0.1945784163237434 0.1819657914379107
7.368062997280774 209 221 0.5096211351891646 0.30079260375911915 -0.0703526066004514 -0.053393674402443025
7.368062997280774 210 222 0.5312330834549512 0.3086066999241838 0.10629547208379364 0.08491143254821765
7.368062997280774 211 223 0.5156051500486066 0.3086066999241838 -0.027584085049092266 -0.04727400700262052
7.368062997280774 212 224 0.5055924464243811 0.30079260375911915 0.08154311367069766 0.0832947849267427
7.368062997280774 x 225 0.5035660156388033 0.30079260375911915 -43.9731970779671 -0.03319551803893006
7.368062997280774 213 226 0.48494723850216875 0.2760262237369417 -0.013900806992857895 -0.006079719686646001
7.368062997280774 214 227 0.4807118103196312 0.29277002188455997 -0.07936305425906909 -0.08686068657375046
7.368062997280774 215 228 0.478580040124665 0.29277002188455997 -0.06917041564874893 -0.10058445678497918
7.368062997280774 216 229 0.48705114095537283 0.3086066999241838 -0.13446195391157545 -0.12771594397683117
7.368062997280774 217 230 0.48914599423994226 0.3086066999241838 0.0034186841455081662 0.024365061546909317
7.368062997280774 218 231 0.6067109357092572 0.511766315719159 -0.1463629306563945 -0.16539400331605236
7.368062997280774 219 232 0.616739895060721 0.5023753102820165 -0.09757615202110514 -0.09209529817499629
7.368062997280774 220 233 0.5611848406344145 0.3842122429322726 0.10071654343039427 0.08858759294818697
7.368062997280774 221 234 0.478580040124665 0.29277002188455997 0.23517919338829074 0.243973999710704
7.368062997280774 222 235 0.49743719481074805 0.3236694374850748 -0.20068731659957706 -0.1908340208269621
7.368062997280774 223 236 0.48705114095537283 0.30079260375911915 0.06916004633762185 0.06735151696411634
7.368062997280774 224 237 0.49123191412614137 0.29277002188455997 -0.09796994584681329 -0.07712183671247885
7.368062997280774 1 0 0.8976223991022857 0.9586697132212006 -0.1169448681784715 -0.10401735792935796
7.368062997280774 2 1 0.895341271147511 0.9561828874675149 -0.1297899415711612 -0.13740531002987666
7.368062997280774 3 2 0.895341271147511 0.9536895771286428 -0.237373262179581 -0.2672792556967707
7.368062997280774 4 3 0.8941985249624324 0.9536895771286428 0.3222923816654344 0.3301173160904938
7.368062997280774 5 4 0.8976223991022857 0.9586697132212006 0.1649840940834011 0.1626310351208602
7.368062997280774 x 5 0.8803698795076853 0.9461702252967461 -52.781470868443996 -0.41986032470349954
7.368062997280774 6 6 0.8964825606753831 0.9586697132212006 0.1532103430407119 0.15494246328901795
7.368062997280774 7 7 0.8792076745395966 0.9411239481143202 0.009211692084299727 -0.005776039418755374
7.368062997280774 8 8 0.8850034371936534 0.9511897312113419 0.3754912088309226 0.39040014295595427
7.368062997280774 9 9 0.8873111423816805 0.9511897312113419 -0.15276938980598231 -0.16548816108088715
7.368062997280774 10 10 0.8884627472042562 0.9486832980505138 -0.26329734483745426 -0.24855881170434202
7.368062997280774 11 11 0.8896128612743778 0.9461702252967461 0.05407737700203086 0.038935295662597014
7.368062997280774 12 12 0.8639567511708329 0.9309493362512627 -0.08480433854136749 -0.08731872798073681
7.368062997280774 13 13 0.8568263121796352 0.9283882603225667 0.0022811437942706903 0.0008313694510420078
7.368062997280774 14 14 0.8592097001276557 0.9283882603225667 0.1581148266317527 0.15362513507204056
7.368062997280774 x 15 0.8520395355516956 0.9258200997725514 -52.52995535024481 -0.29242462274680747
7.368062997280774 15 16 0.8508386335657886 0.9258200997725514 -0.45205398348554127 -0.46455945099887686
7.368062997280774 16 17 0.8615864949867531 0.9309493362512627 -0.2754637247483984 -0.2618525121969597
7.368062997280774 17 18 0.8556321285858208 0.9283882603225667 -0.19394160732458232 -0.22205654528713836
7.368062997280774 18 19 0.8532387473141386 0.9258200997725514 0.11202268517936176 0.0863021110981137
7.368062997280774 19 20 0.8580188337201025 0.9283882603225667 -0.017154714523961445 -0.032258193046082795
7.368062997280774 20 21 0.8592097001276557 0.9283882603225667 -0.12660820583572274 -0.13822673399486973
7.368062997280774 21 22 0.8651394440601536 0.9360504666899516 0.01871082399900814 0.03498318150774793
7.368062997280774 22 23 0.8615864949867531 0.9360504666899516 -0.447268076061512 -0.44767999133339487
7.368062997280774 23 24 0.8698541353404697 0.9385906354489059 -0.07615249990400486 -0.06501151063313415
7.368062997280774 24 25 0.8884627472042562 0.9461702252967461 -0.020897703874510398 -0.017494655297866757
7.368062997280774 25 26 0.8757118051300735 0.9411239481143202 -0.37641451178490826 -0.396288205244538
7.368062997280774 26 27 0.8757118051300735 0.9436504599035548 -0.03932893685760064 -0.009773969479795142
7.368062997280774 27 28 0.8722019240514312 0.9385906354489059 0.09110473518079942 0.08528349328917528
7.368062997280774 28 29 0.8745434099397928 0.9411239481143202 0.13010564170699723 0.10246217405555313
7.368062997280774 29 30 0.8884627472042562 0.9486832980505138 0.15994312705681324 0.15192762882930566
7.368062997280774 30 31 0.886158040994738 0.9436504599035548 0.1897048679917006 0.1861402857851644
7.368062997280774 31 32 0.886158040994738 0.9436504599035548 0.06843240138838524 0.07919697506589074
7.368062997280774 32 33 0.8838473250904421 0.9411239481143202 0.12202909102805393 0.11188474748720978
7.368062997280774 33 34 0.886158040994738 0.9436504599035548 0.31213282214739024 0.30690413403652883
7.368062997280774 34 35 0.8815305522325516 0.9411239481143202 -0.18779726449579925 -0.19253118255093682
7.368062997280774 35 36 0.8838473250904421 0.9461702252967461 0.32514408009031115 0.3042348847136367
7.368062997280774 36 37 0.886158040994738 0.9486832980505138 0.21581099646907376 0.23126343088172518
7.368062997280774 37 38 0.8850034371936534 0.9436504599035548 -0.3748476977156159 -0.36970604951776664
7.368062997280774 38 39 0.8815305522325516 0.9436504599035548 -0.09056703830916035 -0.07923350641635807
7.368062997280774 39 40 0.8757118051300735 0.933503385868831 0.04301880606525543 0.038935189284195815
7.368062997280774 40 41 0.8780439312439179 0.9360504666899516 0.053793606478564016 0.040609067933843335
7.368062997280774 41 42 0.8651394440601536 0.9309493362512627 -0.2668655645417459 -0.28299159926123707
7.368062997280774 42 43 0.8780439312439179 0.9385906354489059 0.4330411012406117 0.46259211484866825
7.368062997280774 43 44 0.8768786434959075 0.933503385868831 0.09120005785881347 0.06896216243582387
7.368062997280774 44 45 0.8768786434959075 0.933503385868831 0.07035660602603144 0.057328518041380505
7.368062997280774 45 46 0.8780439312439179 0.9360504666899516 0.31376868870552244 0.2965295988421417
7.368062997280774 46 47 0.8792076745395966 0.9385906354489059 0.07243946643018262 0.04965141014994856
7.368062997280774 47 48 0.8792076745395966 0.9385906354489059 -0.01490580179881107 -0.02145984664402789
7.368062997280774 48 49 0.8792076745395966 0.9385906354489059 -0.16763378624508363 -0.17445668322366004
7.368062997280774 49 50 0.8745434099397928 0.9283882603225667 0.02396354934808187 0.03383881081813911
7.368062997280774 50 51 0.8651394440601536 0.9283882603225667 -0.08337667781473357 -0.08784466435478322
7.368062997280774 51 52 0.8663205223494147 0.9283882603225667 0.1987966858119279 0.1864046853443
7.368062997280774 52 53 0.8651394440601536 0.9283882603225667 -0.07062126636019883 -0.06912162156108792
7.368062997280774 x 54 0.8698541353404697 0.9283882603225667 -52.76633457172382 -0.27408423500482826
7.368062997280774 53 55 0.8639567511708329 0.9258200997725514 -0.3306888160482586 -0.3223821453691542
7.368062997280774 54 56 0.8603989182748355 0.9232447954800246 -0.20650386795459497 -0.2201445812720948
7.368062997280774 55 57 0.8484317302046146 0.9180725150319787 -8.832992787688454e-05 0.005715124259666027
7.368062997280774 56 58 0.8472257143423734 0.9180725150319787 -0.05749359625914252 -0.06068145441704331
7.368062997280774 57 59 0.8289249449842717 0.9128709291752769 -0.37907369418338277 -0.357970811577907
7.368062997280774 58 60 0.827690506555516 0.9128709291752769 0.17095357144226853 0.14785451659751914
7.368062997280774 x 61 0.8064159897139055 0.9050124966251124 -53.569229304654804 -0.4263794828980778
7.368062997280774 59 62 0.8326172792720142 0.9128709291752769 -0.06000749798791105 -0.04739842396453753
7.368062997280774 60 63 0.8338444240488644 0.9128709291752769 0.02292526406872497 0.009637377206097142
7.368062997280774 61 64 0.8435973220190967 0.9180725150319787 -0.03758864907619852 -0.04212278079948817
7.368062997280774 62 65 0.8387350491171731 0.9180725150319787 0.06513949118907192 0.08039323688275601
7.368062997280774 x 66 0.8338444240488644 0.9180725150319787 -53.57876069646112 -0.01938509341746908
7.368062997280774 63 67 0.8448085176493206 0.9180725150319787 0.09137475506927473 0.11086341053758275
7.368062997280774 64 68 0.8375150702181637 0.9180725150319787 -0.027843387031346367 -0.03839975850267052
7.368062997280774 65 69 0.8375150702181637 0.9180725150319787 0.058338274585402417 0.05054580710362444
7.368062997280774 66 70 0.8301575478138045 0.9102589898327995 0.17052426733220472 0.17514922239174524
7.368062997280774 67 71 0.8411696987931087 0.9180725150319787 0.16473244497941408 0.1687893808774774
7.368062997280774 68 72 0.8264542243022753 0.9102589898327995 -0.12474474284585568 -0.13434198941906317
7.368062997280774 69 73 0.815243323733237 0.9050124966251124 -0.3263806352347487 -0.3224273728540581
7.368062997280774 70 74 0.816496580927726 0.9076395340714968 0.21987047978469576 0.21828996847505522
7.368062997280774 71 75 0.8214904903691042 0.9102589898327995 -0.03586660508427997 -0.04506669199771807
7.368062997280774 72 76 0.8301575478138045 0.9102589898327995 -0.22235216128569846 -0.22869907917478827
7.368062997280774 73 77 0.8227342314149341 0.9102589898327995 0.29349143581350035 0.30336766557595496
7.368062997280774 x 78 0.816496580927726 0.9076395340714968 -53.317616570378554 -0.2849395564585251
7.368062997280774 74 79 0.816496580927726 0.9076395340714968 0.2589880809395311 0.2787887540569898
7.368062997280774 75 80 0.8139881369630422 0.9023778112773575 0.09559632671397367 0.08425425299671474
7.368062997280774 76 81 0.8038760905240032 0.9023778112773575 -0.11236832389317897 -0.11581144667982812
7.368062997280774 77 82 0.8026031267949959 0.9023778112773575 -0.3401349281817474 -0.314170193115352
7.368062997280774 78 83 0.8127310116769959 0.9050124966251124 0.130159682800425 0.14625802529199916
7.368062997280774 x 84 0.8051470416583585 0.9023778112773575 -53.28537573199955 -0.4352666108470089
7.368062997280774 79 85 0.8252160899376747 0.9102589898327995 0.26773887815473074 0.26410018604339314
7.368062997280774 80 86 0.835069765524075 0.9102589898327995 -0.2271274078161909 -0.2526272618493337
7.368062997280774 81 87 0.8484317302046146 0.9206622874969125 0.4842931091794256 0.4803557889199297
7.368062997280774 82 88 0.8399532560759784 0.9154754164341269 0.0042214287307871246 -0.021104658044990288
7.368062997280774 83 89 0.827690506555516 0.9102589898327995 0.09488585295228802 0.08142148106647085
7.368062997280774 84 90 0.8411696987931087 0.9154754164341269 0.012284598112650258 0.01854438939754033
7.368062997280774 x 91 0.827690506555516 0.9102589898327995 -52.64907927268586 -0.15885729597083298
7.368062997280774 85 92 0.8338444240488644 0.9128709291752769 0.03329892755526487 0.017181044244708232
7.368062997280774 86 93 0.8399532560759784 0.9154754164341269 -0.03897256211853062 -0.06116476282481642
7.368062997280774 87 94 0.8411696987931087 0.9128709291752769 0.355818804803242 0.3484098460149525
7.368062997280774 88 95 0.8423843849115084 0.9180725150319787 0.04821142710075321 0.050110643899458296
7.368062997280774 89 96 0.8435973220190967 0.9180725150319787 0.4087044309504293 0.4120997056831257
7.368062997280774 90 97 0.849636034189374 0.9180725150319787 0.06831826164732036 0.08602869514537304
7.368062997280774 91 98 0.8448085176493206 0.9180725150319787 -0.3931364290168915 -0.40315897377422516
7.368062997280774 92 99 0.8435973220190967 0.9154754164341269 -0.017454719367727023 -0.00650367245217609
7.368062997280774 93 100 0.8520395355516956 0.9232447954800246 0.007870887344779476 0.03776964387029125
7.368062997280774 94 101 0.8423843849115084 0.9180725150319787 -0.44132062980644804 -0.4359819884775149
7.368062997280774 95 102 0.849636034189374 0.9206622874969125 -0.17213987527335917 -0.18090826996427722
7.368062997280774 96 103 0.8556321285858208 0.9258200997725514 0.08890644412352344 0.06760630884437546
7.368062997280774 97 104 0.8615864949867531 0.9258200997725514 0.22213515416792262 0.2338211304464508
7.368062997280774 98 105 0.8639567511708329 0.9283882603225667 0.11568398201879404 0.11347978262560332
7.368062997280774 99 106 0.8592097001276557 0.9258200997725514 0.2265193139268291 0.2473320931591303
7.368062997280774 100 107 0.8651394440601536 0.9283882603225667 -0.09173247358192071 -0.06520081655589394
7.368062997280774 101 108 0.8698541353404697 0.9283882603225667 -0.22880373535623733 -0.25805298608439386
7.368062997280774 102 109 0.873373451676927 0.9309493362512627 0.04193768008763499 0.042217054608464366
7.368062997280774 103 110 0.8768786434959075 0.9309493362512627 -0.15118829093298558 -0.15349449824420702
7.368062997280774 104 111 0.8663205223494147 0.9309493362512627 0.5398806465520423 0.5401932339405349
7.368062997280774 105 112 0.8710288207309602 0.9309493362512627 0.18184913710419437 0.18615768090214146
7.368062997280774 106 113 0.873373451676927 0.9309493362512627 0.11572846079264565 0.12755191745132066
7.368062997280774 107 114 0.873373451676927 0.9309493362512627 -0.16497887994870553 -0.1813924690240185
7.368062997280774 108 115 0.873373451676927 0.9309493362512627 -0.36833321435501887 -0.3645401003302169
7.368062997280774 109 116 0.8815305522325516 0.9309493362512627 0.11307310795321968 0.09717492117052728
7.368062997280774 110 117 0.8930543165283613 0.9360504666899516 -0.10899599286937445 -0.12206722888978305
7.368062997280774 x 118 0.8919086402176445 0.9360504666899516 -52.25819940918446 -0.3518893458201333
7.368062997280774 111 119 0.895341271147511 0.9436504599035548 0.1861841108079787 0.178559610639617
7.368062997280774 112 120 0.8850034371936534 0.9309493362512627 -0.04252727271353507 -0.061814424535391765
7.368062997280774 113 121 0.8919086402176445 0.9360504666899516 0.18222111275684227 0.18671371015090443
7.368062997280774 114 122 0.8826896987585606 0.933503385868831 -0.010808180722754912 0.0024262354535053987
7.368062997280774 115 123 0.8826896987585606 0.933503385868831 0.06800659712862256 0.041741257155102574
7.368062997280774 116 124 0.873373451676927 0.9309493362512627 0.19863942847465665 0.19297943019848418
7.368062997280774 117 125 0.8815305522325516 0.933503385868831 -0.20281764909005062 -0.2034680270876521
7.368062997280774 118 126 0.8803698795076853 0.9309493362512627 -0.049345496306173686 -0.022303468992546982
7.368062997280774 119 127 0.8826896987585606 0.933503385868831 0.08915126902073212 0.07497255189386465
7.368062997280774 120 128 0.8768786434959075 0.9309493362512627 -0.043194848556773024 -0.057471527806036704
7.368062997280774 121 129 0.8873111423816805 0.9360504666899516 0.15569921221585048 0.14473089988719323
7.368062997280774 122 130 0.8780439312439179 0.9309493362512627 -0.2667787771563397 -0.2553913070607976
7.368062997280774 123 131 0.8838473250904421 0.933503385868831 -0.03940200307835795 -0.04977908090692296
7.368062997280774 x 132 0.8815305522325516 0.933503385868831 -52.033171906403766 -0.128362337859123
7.368062997280774 124 133 0.8907614903664373 0.9360504666899516 -0.18384867568681784 -0.175824299203299
7.368062997280774 125 134 0.8964825606753831 0.9411239481143202 -0.045966662519539625 -0.043489867344113975
7.368062997280774 126 135 0.8930543165283613 0.9385906354489059 -0.3186800308748161 -0.3420522109468891
7.368062997280774 127 136 0.895341271147511 0.9436504599035548 -0.16966602088783134 -0.19393748192860016
7.368062997280774 128 137 0.8964825606753831 0.9411239481143202 0.03484290840903981 0.040044342055374216
7.368062997280774 129 138 0.8964825606753831 0.9436504599035548 -0.08939159337619174 -0.08168631380003433
7.368062997280774 130 139 0.886158040994738 0.933503385868831 -0.18628111543536363 -0.19277142400149216
7.368062997280774 131 140 0.8987607919492229 0.9511897312113419 0.003216215534301625 -0.004775496287471981
7.368062997280774 132 141 0.8964825606753831 0.9486832980505138 -0.07097178712945862 -0.06741591970834548
7.368062997280774 133 142 0.895341271147511 0.9436504599035548 -0.10370447770997515 -0.0963166851415096
7.368062997280774 134 143 0.8850034371936534 0.9309493362512627 0.07534259405150578 0.052670015364014944
7.368062997280774 x 144 0.8850034371936534 0.933503385868831 -53.08828055202891 -0.5107540892766451
7.368062997280774 135 145 0.8873111423816805 0.933503385868831 0.09235767787781413 0.1260868867625362
7.368062997280774 136 146 0.8838473250904421 0.9309493362512627 -0.3662406505355875 -0.37744889479182575
7.368062997280774 137 147 0.8780439312439179 0.9309493362512627 -0.19399127958295992 -0.18504544452873972
7.368062997280774 138 148 0.8757118051300735 0.9309493362512627 -0.24398097360054294 -0.2322446085083243
7.368062997280774 139 149 0.8745434099397928 0.9309493362512627 -0.06739666978266712 -0.05579508617169893
7.368062997280774 x 150 0.8710288207309602 0.9309493362512627 -53.867532447652856 -0.20589359447200195
7.368062997280774 140 151 0.8674999926333221 0.9309493362512627 -0.22738941287622794 -0.2365738066242855
7.368062997280774 141 152 0.8592097001276557 0.9283882603225667 0.10128820485437018 0.10376200675551672
7.368062997280774 142 153 0.8639567511708329 0.9309493362512627 -0.07536899398484564 -0.042247215548506745
7.368062997280774 143 154 0.8651394440601536 0.9309493362512627 0.20729098109570998 0.1903331167022344
7.368062997280774 144 155 0.8615864949867531 0.9283882603225667 0.23795706519664606 0.23452463157241965
7.368062997280774 145 156 0.8580188337201025 0.9283882603225667 0.06888852689689173 0.07286912389994171
7.368062997280774 146 157 0.8710288207309602 0.9309493362512627 0.33596493958513207 0.3490078086582358
7.368062997280774 147 158 0.8745434099397928 0.9309493362512627 0.3014786063770387 0.31608493193756004
7.368062997280774 148 159 0.8850034371936534 0.933503385868831 -0.36768117185852844 -0.32384677280936813
7.368062997280774 149 160 0.8873111423816805 0.933503385868831 0.11740259011651943 0.09970834953657715
7.368062997280774 150 161 0.8884627472042562 0.9360504666899516 -0.2477745277392387 -0.25145465700012437
7.368062997280774 151 162 0.8757118051300735 0.9309493362512627 -0.3140322621093361 -0.3094332035767735
7.368062997280774 152 163 0.8745434099397928 0.9309493362512627 -0.021099309721833492 -0.03590056482117632
7.368062997280774 153 164 0.8884627472042562 0.9360504666899516 0.1411788116550241 0.1260789174811947
7.368062997280774 154 165 0.895341271147511 0.9486832980505138 0.07864062512976489 0.09655057114062515
7.368062997280774 155 166 0.895341271147511 0.9511897312113419 -0.22079243192666098 -0.20373770355831056
7.368062997280774 156 167 0.8998977447022775 0.9561828874675149 0.4554727257027267 0.45722922804853994
7.368062997280774 157 168 0.9021673516983131 0.9561828874675149 0.07666614465816224 0.08947988910594518
7.368062997280774 158 169 0.8907614903664373 0.9385906354489059 -0.23545022951830674 -0.2465515430359062
7.368062997280774 159 170 0.8815305522325516 0.9360504666899516 0.006856582348483187 -0.01918710789482958
7.368062997280774 160 171 0.873373451676927 0.9309493362512627 0.11384373930857095 0.1061734508728236
7.368062997280774 161 172 0.8722019240514312 0.9309493362512627 -0.25799473390675587 -0.2733468862520141
7.368062997280774 162 173 0.8674999926333221 0.9283882603225667 -0.07603359134146359 -0.05844673067208106
7.368062997280774 163 174 0.8686778614618108 0.9283882603225667 0.2619730154455908 0.25615476853289465
7.368062997280774 164 175 0.8615864949867531 0.9283882603225667 -0.35217887364861866 -0.34553741277513694
7.368062997280774 165 176 0.8710288207309602 0.9283882603225667 -0.17070455992673317 -0.1580055026300471
7.368062997280774 166 177 0.8722019240514312 0.9283882603225667 0.5872436472245184 0.5841132903803512
7.368062997280774 167 178 0.8568263121796352 0.9232447954800246 0.16707156585260208 0.17478509726966962
7.368062997280774 168 179 0.849636034189374 0.9232447954800246 0.010408077671208105 0.005277389667305954
7.368062997280774 169 180 0.8508386335657886 0.9232447954800246 -0.11306588470177559 -0.09637691705311369
7.368062997280774 170 181 0.8448085176493206 0.9154754164341269 0.15143441433516358 0.1558937807777383
7.368062997280774 171 182 0.8544362759698652 0.9232447954800246 0.15034920598888846 0.14466786298997647
7.368062997280774 172 183 0.8603989182748355 0.9283882603225667 -0.22874053454943777 -0.22546547461382005
7.368062997280774 173 184 0.8663205223494147 0.9309493362512627 0.06975953880699137 0.06019893228035755
7.368062997280774 174 185 0.8930543165283613 0.9461702252967461 0.12280564651308623 0.1214618822035618
7.368062997280774 175 186 0.8941985249624324 0.9461702252967461 -0.24503690633941488 -0.2459461888943011
7.368062997280774 x 187 0.8896128612743778 0.9411239481143202 -53.256901217038944 -0.4947161381877976
7.368062997280774 176 188 0.905561096666316 0.9561828874675149 0.07193883120287836 0.07253601388600117
7.368062997280774 177 189 0.905561096666316 0.9561828874675149 0.1560811373002977 0.14443738041276077
7.368062997280774 178 190 0.9078165449834031 0.9611501047232549 -0.02179467367006538 -0.0029623354536809643
7.368062997280774 179 191 0.905561096666316 0.9586697132212006 0.2954234206375048 0.3069510603088901
7.368062997280774 x 192 0.905561096666316 0.9561828874675149 -52.75525250156833 -0.13570299466260138
7.368062997280774 x 193 0.9021673516983131 0.9561828874675149 -52.75525250156833 -0.0838892082839564
7.368062997280774 x 194 0.9100664035638858 0.9586697132212006 -52.75525250156833 -0.33501022396674074
7.368062997280774 180 195 0.9089421703940546 0.9586697132212006 -0.02677179568117083 -0.022751126598151927
7.368062997280774 181 196 0.9123107137624812 0.9660917830792959 0.5857213340149698 0.5966894932811542
7.368062997280774 182 197 0.9156668650611756 0.9561828874675149 0.44620811588342946 0.45247236504938115
7.368062997280774 183 198 0.9167828519044258 0.9611501047232549 -0.2484308852245718 -0.25863665552862614
7.368062997280774 184 199 0.9201226912054531 0.9561828874675149 -0.10618773392972969 -0.11426140806800333
7.368062997280774 185 200 0.9212332802532791 0.9561828874675149 0.280070032744554 0.29058326392065936
7.368062997280774 x 201 0.9201226912054531 0.9561828874675149 -51.82464343376085 -0.2500532425387618
7.368062997280774 186 202 0.92455704311382 0.9561828874675149 0.08966482581926272 0.10967043047504177
7.368062997280774 187 203 0.9223425320461308 0.9561828874675149 -0.16222597486341783 -0.15721094355885157
7.368062997280774 188 204 0.9333625470157773 0.9586697132212006 0.1738719989293287 0.19131083040916508
7.368062997280774 189 205 0.9344574008197647 0.9586697132212006 -0.1708754177263785 -0.17872191035671392
7.368062997280774 190 206 0.9311689774802836 0.9586697132212006 0.1946874859749883 0.22695248895022502
7.368062997280774 191 207 0.9256623119401703 0.9586697132212006 -0.12562461261988744 -0.12963339368882032
7.368062997280774 192 208 0.9201226912054531 0.9586697132212006 0.0314265980600581 0.034546203506899076
7.368062997280774 193 209 0.9201226912054531 0.9561828874675149 0.1928813309920301 0.19863864896267813
7.368062997280774 194 210 0.9167828519044258 0.9561828874675149 0.005735609499559757 0.022835748959714408
7.368062997280774 x 211 0.927868899843358 0.9561828874675149 -51.595101589695304 -0.3535971882494806
7.368062997280774 195 212 0.9145495164264809 0.9561828874675149 0.5218738845715691 0.5070072154046912
7.368062997280774 196 213 0.9123107137624812 0.9536895771286428 -0.1833247174560455 -0.19243321768412613
7.368062997280774 x 214 0.9167828519044258 0.9561828874675149 -51.25655242257978 -0.30088672179581266
7.368062997280774 197 215 0.9123107137624812 0.9611501047232549 -0.24223678423369677 -0.23547017385449465
7.368062997280774 198 216 0.9100664035638858 0.9636241116594315 0.08797563586598045 0.10563486196227956
7.368062997280774 199 217 0.9134308010029325 0.9636241116594315 -0.20626111302256334 -0.20458443978110097
7.368062997280774 200 218 0.9190107600545897 0.9561828874675149 0.15814691196850816 0.1680868454168305
7.368062997280774 201 219 0.9111892496461735 0.9536895771286428 0.21555816995785904 0.2122465694060054
7.368062997280774 202 220 0.9134308010029325 0.9536895771286428 0.13651519550857216 0.12473117123531807
7.368062997280774 203 221 0.917897481923261 0.9561828874675149 -0.08061726689845727 -0.05711948245826193
7.368062997280774 204 222 0.9167828519044258 0.9586697132212006 -0.05586412841509514 -0.06058263802592023
7.368062997280774 205 223 0.9134308010029325 0.9611501047232549 -0.21684831685438866 -0.20923676312391848
7.368062997280774 206 224 0.9134308010029325 0.9536895771286428 0.13350042873406665 0.1277848886516324
7.368062997280774 x 225 0.9156668650611756 0.9536895771286428 -51.326683689968995 -0.07799533228548938
7.368062997280774 207 226 0.9212332802532791 0.9536895771286428 0.08313523824595137 0.06889328786929383
7.368062997280774 208 227 0.9111892496461735 0.9561828874675149 -0.23357582290555 -0.22040549970779466
7.368062997280774 209 228 0.9145495164264809 0.9611501047232549 -0.1454241416227049 -0.1379791951334326
7.368062997280774 210 229 0.9100664035638858 0.9586697132212006 -0.3034016962028403 -0.309751776583326
7.368062997280774 211 230 0.9156668650611756 0.9636241116594315 -0.11298511293203006 -0.13404356567676956
7.368062997280774 212 231 0.9156668650611756 0.9636241116594315 0.14073239711147778 0.10402126006756873
7.368062997280774 213 232 0.9134308010029325 0.9611501047232549 -0.31603317470072767 -0.3449547930113752
7.368062997280774 214 233 0.9134308010029325 0.9636241116594315 0.08078113082305549 0.09252235840546064
7.368062997280774 215 234 0.9111892496461735 0.9636241116594315 -0.15028640981201136 -0.15426760736322365
7.368062997280774 216 235 0.9111892496461735 0.9660917830792959 0.1927830101245931 0.1845732121992043
7.368062997280774 x 236 0.9123107137624812 0.9660917830792959 -52.09095827183978 -0.27907662546683554
7.368062997280774 217 237 0.9145495164264809 0.9611501047232549 0.60628567903494 0.608168989027817
7.368062997280774 218 238 0.9190107600545897 0.9611501047232549 -0.09511277406829777 -0.09644143188640442
7.368062997280774 219 239 0.9123107137624812 0.9636241116594315 -0.25775764684392755 -0.25701041913482925
7.368062997280774 220 240 0.9201226912054531 0.9660917830792959 0.20487253234177416 0.19316420594953598
7.368062997280774 221 241 0.917897481923261 0.9660917830792959 -0.011223323674499852 0.0023770345642617485
7.368062997280774 222 242 0.9134308010029325 0.9611501047232549 0.25030492828651063 0.25511847444656155
7.368062997280774 223 243 0.9123107137624812 0.9586697132212006 -0.04747988143505211 -0.03874058854260909
7.368062997280774 224 244 0.9100664035638858 0.9561828874675149 -0.40706154439782694 -0.4276013502624423
7.368062997280774 225 245 0.9078165449834031 0.9561828874675149 -0.08235475186376817 -0.09791156365424314
7.368062997280774 226 246 0.9100664035638858 0.9561828874675149 -0.15554023644289572 -0.13297821485993921
7.368062997280774 227 247 0.9134308010029325 0.9611501047232549 0.18586237824270313 0.16408524850903916
7.368062997280774 228 248 0.9021673516983131 0.9561828874675149 -0.18933185219693627 -0.1956948442877362
7.368062997280774 229 249 0.9066895221466674 0.9561828874675149 -0.04871691171747017 -0.059254942951845635
7.368062997280774 1 0 0.6050232803241139 0.4680252333449758 0.1171794322515538 0.13683838475062515
7.368062997280774 2 1 0.6100722408529212 0.4680252333449758 -0.008155769658124257 -0.02086506676301525
7.368062997280774 3 2 0.5999318298015184 0.4680252333449758 0.136905695562632 0.11611358594572607
7.368062997280774 4 3 0.5965133869905148 0.4629100498862757 0.0466570953876726 0.04721567970210572
7.368062997280774 x 4 0.5947967981452528 0.45773770821706344 -40.895546956256695 -0.06757827924987936
7.368062997280774 5 5 0.5965133869905148 0.45773770821706344 0.10679354409402464 0.10859893077410021
7.368062997280774 6 6 0.5999318298015184 0.4680252333449758 -0.01187451022170194 -0.016403143750977733
7.368062997280774 7 7 0.5999318298015184 0.4680252333449758 0.007036082834261492 -0.009697093034972681
7.368062997280774 8 8 0.5999318298015184 0.4629100498862757 0.08464896563753399 0.07645110051446835
7.368062997280774 x 9 0.6033309041969425 0.4680252333449758 -40.70894287391258 -0.1770233304202833
7.368062997280774 9 10 0.5965133869905148 0.4629100498862757 -0.002250285788328199 0.004277783170842042
7.368062997280774 10 11 0.5982250501558313 0.4629100498862757 0.05367155958492731 0.0612215997843748
7.368062997280774 11 12 0.5930752408495852 0.45773770821706344 0.11406606133715513 0.12950858084539618
7.368062997280774 12 13 0.5843913863444069 0.45773770821706344 0.1644462613967903 0.1653641973190645
7.368062997280774 13 14 0.5896170466995431 0.45773770821706344 -0.07582009437369663 -0.06592532549423424
7.368062997280774 14 15 0.5861384496930644 0.45773770821706344 -0.03917419164671543 -0.019924204047278238
7.368062997280774 15 16 0.5982250501558313 0.4629100498862757 -0.12090120596374021 -0.11139060282405211
7.368062997280774 16 17 0.5999318298015184 0.4629100498862757 0.053460587829881945 0.058020116186391135
7.368062997280774 17 18 0.5808814964202558 0.4525062483125562 0.08005759685067204 0.06820316367775803
7.368062997280774 18 19 0.5773502691896257 0.4525062483125562 0.0021843779786792084 -0.007870953350632703
7.368062997280774 19 20 0.5593598444497264 0.4525062483125562 -0.024372415041682416 -0.05303266776340365
7.368062997280774 20 21 0.5755765314519714 0.4525062483125562 -0.04321930640813321 -0.032929875167099
7.368062997280774 21 22 0.587880321139975 0.45773770821706344 -0.09941497695091073 -0.09989898644060702
7.368062997280774 22 23 0.5720125558134017 0.4525062483125562 0.04249062476364429 0.05694195657213186
7.368062997280774 23 24 0.5630039210635431 0.4525062483125562 0.04698570611802211 0.06753106564698896
7.368062997280774 24 25 0.5593598444497264 0.4525062483125562 -0.20356609152792515 -0.18910866022974204
7.368062997280774 25 26 0.5755765314519714 0.4525062483125562 -0.09902084715826476 -0.0776130785094935
7.368062997280774 26 27 0.5755765314519714 0.4525062483125562 -0.009816568102301915 -0.015368541388305346
7.368062997280774 27 28 0.5702222147839637 0.4525062483125562 -0.15359168256774325 -0.14269223621801785
7.368062997280774 28 29 0.5826390843897161 0.4525062483125562 -0.11279588998628753 -0.11275303833384953
7.368062997280774 29 30 0.5947967981452528 0.4629100498862757 0.01629114926408448 0.013745262090402832
7.368062997280774 30 31 0.6016337674898651 0.4629100498862757 0.01629439010309852 -0.0022581164915607133
7.368062997280774 31 32 0.5896170466995431 0.45773770821706344 -0.02373364565490732 -0.02057679607298013
7.368062997280774 32 33 0.5982250501558313 0.4629100498862757 -0.11951492215566617 -0.10575803189072275
7.368062997280774 33 34 0.5896170466995431 0.45773770821706344 0.11048527444823009 0.13427977379499367
7.368062997280774 34 35 0.5930752408495852 0.45773770821706344 0.12042690291149682 0.11894229836288872
7.368062997280774 35 36 0.6033309041969425 0.4629100498862757 0.050628807803853704 0.050428458950612765
7.368062997280774 36 37 0.6050232803241139 0.4629100498862757 -0.039310554697159716 -0.039070508518172176
7.368062997280774 37 38 0.6067109357092572 0.4629100498862757 -0.021916268798442218 -0.05339602472540861
7.368062997280774 38 39 0.6033309041969425 0.4629100498862757 0.12730856884819275 0.11328244498962192
7.368062997280774 x 40 0.615079757742407 0.4680252333449758 -40.89856395149575 -0.07161098905699248
7.368062997280774 39 41 0.6083939096377063 0.4680252333449758 -0.015843084804238572 -0.019094152236966977
7.368062997280774 40 42 0.6067109357092572 0.4680252333449758 -0.04500396255747319 -0.04844795299200655
7.368062997280774 41 43 0.5965133869905148 0.4629100498862757 0.08879696136544624 0.09246950224000727
7.368062997280774 42 44 0.6016337674898651 0.4680252333449758 0.09029140316363282 0.09901462639257375
7.368062997280774 43 45 0.6117459675668944 0.4680252333449758 0.01131292950059759 0.02362344838279995
7.368062997280774 44 46 0.6100722408529212 0.4680252333449758 -0.1763694136609928 -0.1715471419928889
7.368062997280774 45 47 0.6100722408529212 0.4680252333449758 0.022495871756703423 0.02868886047447461
7.368062997280774 46 48 0.6117459675668944 0.4680252333449758 0.025714747246240677 0.02318203897604576
7.368062997280774 47 49 0.6016337674898651 0.4629100498862757 0.22813770428142988 0.23254257413861268
7.368062997280774 48 50 0.6117459675668944 0.4680252333449758 0.12105657244138968 0.09744406131149219
7.368062997280774 49 51 0.6050232803241139 0.4680252333449758 0.2286789962510909 0.2179958210926145
7.368062997280774 50 52 0.6050232803241139 0.4680252333449758 -0.001312020834291161 -0.017227531415073827
7.368062997280774 51 53 0.6067109357092572 0.4680252333449758 0.020518430744971283 0.020036655136124182
7.368062997280774 52 54 0.6183955756104342 0.47308511264837305 -0.09422143240411884 -0.11506631020467495
7.368062997280774 53 55 0.6117459675668944 0.4680252333449758 -0.054681878316557686 -0.05787533879407647
7.368062997280774 54 56 0.6083939096377063 0.4680252333449758 -0.08322761045850058 -0.0749222976690831
7.368062997280774 55 57 0.6100722408529212 0.4680252333449758 -0.0012675529064054558 -0.01089437508418456
7.368062997280774 56 58 0.6117459675668944 0.4680252333449758 -0.012818126436386024 -0.027448855385742377
7.368062997280774 57 59 0.6067109357092572 0.4680252333449758 -0.026126273228541663 -0.045331504902392794
7.368062997280774 58 60 0.6067109357092572 0.4680252333449758 0.1476154260169693 0.1516974827438986
7.368062997280774 59 61 0.6100722408529212 0.4680252333449758 -0.05437053542384973 -0.08166325929422413
7.368062997280774 60 62 0.615079757742407 0.4680252333449758 -0.1079228604832494 -0.10787870538734268
7.368062997280774 61 63 0.616739895060721 0.47308511264837305 -0.014205539176487036 -0.031919728082556276
7.368062997280774 62 64 0.6117459675668944 0.4680252333449758 0.03577488905192894 0.02634115468583076
7.368062997280774 63 65 0.6050232803241139 0.4680252333449758 -0.1165973030279801 -0.11861922371877398
7.368062997280774 64 66 0.6033309041969425 0.4680252333449758 -0.05992118146952663 -0.06868215216599793
7.368062997280774 65 67 0.6083939096377063 0.4680252333449758 0.05112382604716004 0.07632451069395074
7.368062997280774 66 68 0.5999318298015184 0.45773770821706344 -0.008123660293918533 0.019479903912426266
7.368062997280774 67 69 0.5982250501558313 0.4629100498862757 0.0679420716798873 0.04834456702480594
7.368062997280774 68 70 0.6050232803241139 0.4680252333449758 0.07207419362427459 0.07581638899790732
7.368062997280774 69 71 0.6050232803241139 0.4680252333449758 0.03942881040801893 0.03973523565243653
7.368062997280774 70 72 0.6083939096377063 0.4680252333449758 0.0827217274479608 0.05761061902856568
7.368062997280774 71 73 0.615079757742407 0.47308511264837305 -0.24865115911604363 -0.24470481598141447
7.368062997280774 72 74 0.6083939096377063 0.4680252333449758 -0.19194205789715113 -0.18327267423460114
7.368062997280774 73 75 0.6117459675668944 0.4680252333449758 0.12436099920380883 0.13006291986584273
7.368062997280774 74 76 0.6249744371050426 0.47308511264837305 0.02988204797082261 0.026816847924798992
7.368062997280774 75 77 0.6249744371050426 0.47308511264837305 -0.032012093718066126 -0.03469068760483651
7.368062997280774 76 78 0.6282380333797589 0.47308511264837305 0.05437997624940749 0.0431423616786617
7.368062997280774 77 79 0.6266083599903659 0.47308511264837305 0.03171032475056279 0.03034319766557303
7.368062997280774 78 80 0.6282380333797589 0.47308511264837305 -0.011862765594905511 -0.015445720851509748
7.368062997280774 79 81 0.6282380333797589 0.47308511264837305 0.09317010448115326 0.09363757439184184
7.368062997280774 80 82 0.6282380333797589 0.47308511264837305 -0.00710515640693643 -0.017378290312393574
7.368062997280774 81 83 0.6200468350936172 0.47308511264837305 -0.006504880054677642 -0.008667158981552348
7.368062997280774 82 84 0.6083939096377063 0.47308511264837305 0.042543875767727 0.05775616232107694
7.368062997280774 83 85 0.5982250501558313 0.4629100498862757 0.05076143309647563 0.04201034000734438
7.368062997280774 84 86 0.5896170466995431 0.4629100498862757 -0.03932771180125627 -0.03713894597338907
7.368062997280774 85 87 0.5826390843897161 0.45773770821706344 -0.0601798580201347 -0.06923631169284761
7.368062997280774 86 88 0.5755765314519714 0.4525062483125562 0.10729339712862895 0.08040569751760529
7.368062997280774 87 89 0.5861384496930644 0.4629100498862757 0.06988797260463286 0.05742999573455165
7.368062997280774 88 90 0.587880321139975 0.4629100498862757 -0.07707840686828149 -0.06756019945606795
7.368062997280774 89 91 0.5445397298475227 0.4364357804719847 -0.14857867454064433 -0.15460142283681932
7.368062997280774 90 92 0.5501440599584498 0.4418575508442684 -0.16844266808480768 -0.1654085952949771
7.368062997280774 91 93 0.5666245623717936 0.4525062483125562 0.005516429093923136 0.002711592599844437
7.368062997280774 92 94 0.6083939096377063 0.47308511264837305 0.20400876166446835 0.21399980859668233
7.368062997280774 93 95 0.6033309041969425 0.4680252333449758 0.06763343255678933 0.09425805876009008
7.368062997280774 94 96 0.5791185743078738 0.4525062483125562 -0.05579778045613892 -0.07022428618096654
7.368062997280774 95 97 0.5755765314519714 0.4525062483125562 0.016921414477636176 0.025462383859618853
7.368062997280774 96 98 0.5611848406344145 0.4525062483125562 0.02037925722491707 0.03668660027371118
7.368062997280774 97 99 0.5755765314519714 0.4525062483125562 -0.06130288005491735 -0.058626641618367614
7.368062997280774 98 100 0.5965133869905148 0.4680252333449758 -0.0012379029366300642 0.00774915358626771
7.368062997280774 99 101 0.5965133869905148 0.4680252333449758 0.04257883121024264 0.04429880406933506
7.368062997280774 100 102 0.6100722408529212 0.47308511264837305 0.011312817924817864 0.022649377754675015
7.368062997280774 101 103 0.6033309041969425 0.4680252333449758 0.07465448745661973 0.06484289030307622
7.368062997280774 102 104 0.5702222147839637 0.4525062483125562 0.09143001720843813 0.10011207702905267
7.368062997280774 103 105 0.5575288744161785 0.4418575508442684 -0.1037087676307209 -0.10115615010541035
7.368062997280774 104 106 0.5445397298475227 0.4197504927816955 -0.050756735028613775 -0.0445935895534717
7.368062997280774 105 107 0.5630039210635431 0.4525062483125562 -0.033728273103733386 -0.037764863655880276
7.368062997280774 106 108 0.5501440599584498 0.42538497969766276 0.1110932160707847 0.09447262598739314
7.368062997280774 107 109 0.5843913863444069 0.45773770821706344 -0.10506508198962905 -0.09973701114747513
7.368062997280774 x 110 0.5930752408495852 0.4629100498862757 -40.590655883112 -0.26905310377090075
7.368062997280774 108 111 0.5826390843897161 0.45773770821706344 0.13092030402183497 0.11477313398965094
7.368062997280774 109 112 0.5861384496930644 0.45773770821706344 -0.07528077170710645 -0.09011006051145642
7.368062997280774 110 113 0.5913486717104743 0.4629100498862757 0.18341415349236456 0.18244645011866112
7.368062997280774 111 114 0.5913486717104743 0.4629100498862757 0.16171205117083076 0.1589502918081891
7.368062997280774 112 115 0.5755765314519714 0.45773770821706344 -0.10174993649929576 -0.12853026517201016
7.368062997280774 113 116 0.5702222147839637 0.45773770821706344 -0.02872512467151722 -0.03824334674467167
7.368062997280774 114 117 0.5861384496930644 0.4629100498862757 0.07181498871506165 0.08014227669147544
7.368062997280774 115 118 0.5773502691896257 0.45773770821706344 0.013764421995155374 0.0026035104054713543
7.368062997280774 116 119 0.5896170466995431 0.4629100498862757 0.008082554176972678 0.0012507106028394332
7.368062997280774 117 120 0.5930752408495852 0.4680252333449758 0.27786831713062554 0.2758621378261381
7.368062997280774 118 121 0.5861384496930644 0.4629100498862757 -0.02142055465888859 -0.0382439604690461
7.368062997280774 119 122 0.5737973107145337 0.4525062483125562 -0.021823290372417148 -0.021761750959193193
7.368062997280774 120 123 0.5896170466995431 0.4629100498862757 -0.01988826638076091 -0.013168539807637103
7.368062997280774 121 124 0.5861384496930644 0.45773770821706344 -0.18642110076019947 -0.1853082934402579
7.368062997280774 122 125 0.5913486717104743 0.4680252333449758 0.07689807207496102 0.07732674474844003
7.368062997280774 123 126 0.6016337674898651 0.47308511264837305 0.09499844455930884 0.10056152024125709
7.368062997280774 124 127 0.6117459675668944 0.47308511264837305 0.02629906412522587 0.0436961303670671
7.368062997280774 125 128 0.6083939096377063 0.47308511264837305 -0.00212666838987019 0.008229488798811246
7.368062997280774 126 129 0.5896170466995431 0.4629100498862757 0.14566769705263738 0.13731859003784308
7.368062997280774 127 130 0.5773502691896257 0.45773770821706344 -0.031741110969228714 -0.01021477578289165
7.368062997280774 128 131 0.587880321139975 0.45773770821706344 0.045648259289201576 0.05691066468821049
7.368062997280774 129 132 0.5755765314519714 0.4525062483125562 0.014827355783623375 -0.016997339838255243
7.368062997280774 130 133 0.5965133869905148 0.4629100498862757 -0.028993121733940086 -0.017903531634765102
7.368062997280774 131 134 0.5826390843897161 0.45773770821706344 0.03482666921214417 0.04409644057809459
7.368062997280774 132 135 0.5666245623717936 0.4525062483125562 -0.08098389162481823 -0.09433334894564638
7.368062997280774 133 136 0.5482823149915701 0.4309458036856673 -0.02325502037466265 -0.03049638183902914
7.368062997280774 134 137 0.5930752408495852 0.45773770821706344 -0.058088235556908785 -0.06424462770323203
7.368062997280774 135 138 0.5947967981452528 0.4680252333449758 -0.044768101809438576 -0.031770132806201445
7.368062997280774 136 139 0.6067109357092572 0.4680252333449758 -0.07298797800165602 -0.07524420374621599
7.368062997280774 137 140 0.5913486717104743 0.4680252333449758 0.05621288101079358 0.06120970232154832
7.368062997280774 138 141 0.5519995257992688 0.4418575508442684 -0.055354484841458884 -0.05097140813715839
7.368062997280774 139 142 0.5684262348432536 0.4525062483125562 0.018613958454395174 0.013954803642704405
7.368062997280774 140 143 0.5464142267158353 0.4364357804719847 -0.020763040255793896 -0.02863958205308137
7.368062997280774 141 144 0.529304826335453 0.4309458036856673 0.07820563334797015 0.08710673382378076
7.368062997280774 x 145 0.5630039210635431 0.4525062483125562 -40.025251756106854 -0.2036310259696137
7.368062997280774 142 146 0.5369763107272132 0.4309458036856673 -0.11919223120704459 -0.1076355816455461
7.368062997280774 143 147 0.5426587579753616 0.4364357804719847 0.11070054498942028 0.07445417861246284
7.368062997280774 144 148 0.5156051500486066 0.40237390808147827 0.24350396996874224 0.24748782277006853
7.368062997280774 145 149 0.478580040124665 0.3903600291794133 -0.036150362742056075 -0.05980186319148828
7.368062997280774 146 150 0.47428775575131993 0.3842122429322726 -0.07913951306717593 -0.06670536016044082
7.368062997280774 147 151 0.47643873166512696 0.3903600291794133 -0.17088698361049381 -0.16892050531708236
7.368062997280774 148 152 0.478580040124665 0.3903600291794133 -0.05356631664290035 -0.04697483432750005
7.368062997280774 149 153 0.47643873166512696 0.3903600291794133 0.08423808251664866 0.08962237521247118
7.368062997280774 150 154 0.535068751196664 0.42538497969766276 0.0979673223835178 0.09300924848378855
7.368062997280774 151 155 0.5426587579753616 0.4309458036856673 0.010906646755096006 0.020016572752687978
7.368062997280774 152 156 0.5482823149915701 0.4364357804719847 -0.015932064083884256 -0.025732716103661346
7.368062997280774 153 157 0.5445397298475227 0.4364357804719847 0.08858297029569684 0.07342913415137531
7.368062997280774 154 158 0.48705114095537283 0.3903600291794133 0.09541923027995125 0.09319959704892966
7.368062997280774 155 159 0.4807118103196312 0.3903600291794133 -0.13712920295158426 -0.12883252889808716
7.368062997280774 156 160 0.47643873166512696 0.3903600291794133 -0.14139330282152685 -0.13278337997014944
7.368062997280774 157 161 0.47643873166512696 0.3903600291794133 -0.13132814935823944 -0.12443685655605918
7.368062997280774 158 162 0.4522156316461346 0.3842122429322726 0.09669419262508683 0.09155391743852448
7.368062997280774 159 163 0.47643873166512696 0.3842122429322726 -0.01857863471305876 -0.02223820849282987
7.368062997280774 160 164 0.49537740461806995 0.3903600291794133 -0.08534583045378952 -0.08007316792067343
7.368062997280774 161 165 0.5215205078247639 0.4140393356054125 -0.01161445151419116 -0.02729216836763726
7.368062997280774 162 166 0.4807118103196312 0.3903600291794133 0.0242640706264865 0.019882464936102906
7.368062997280774 163 167 0.4699562699927744 0.3779644730092272 0.10213510250459024 0.0846960142082338
7.368062997280774 164 168 0.4522156316461346 0.3779644730092272 -0.12548738471748777 -0.1498243132513295
7.368062997280774 165 169 0.4313862185207733 0.37161167647860327 -0.06183957432433118 -0.0699141037611426
7.368062997280774 166 170 0.43374999631666106 0.37161167647860327 -0.07790747242085416 -0.06746916282613569
7.368062997280774 167 171 0.4266193736570693 0.3651483716701107 -0.16407904503539328 -0.16711920978731598
7.368062997280774 168 172 0.48494723850216875 0.3842122429322726 -0.07114765940657009 -0.05753704845847807
7.368062997280774 169 173 0.4589487409616305 0.3779644730092272 0.05260104742450977 0.048764442774377414
7.368062997280774 170 174 0.5464142267158353 0.4309458036856673 0.049860859213239905 0.03887279709128677
7.368062997280774 171 175 0.5611848406344145 0.4472135954999579 0.11435382050070331 0.11145842792246441
7.368062997280774 172 176 0.5116235835128635 0.3964124835860459 -0.04546470699227001 -0.027262125850306518
7.368062997280774 173 177 0.5407712435330774 0.42538497969766276 -0.05508457603978201 -0.05272035383990925
7.368062997280774 174 178 0.5773502691896257 0.45773770821706344 0.16135810294960606 0.16050602523284851
7.368062997280774 175 179 0.5611848406344145 0.4525062483125562 -0.04010254093910959 -0.03801556341787915
7.368062997280774 176 180 0.5407712435330774 0.4197504927816955 -0.09370766511190709 -0.0919708611694432
7.368062997280774 177 181 0.5388771177710738 0.4364357804719847 -0.06945389067266916 -0.0763493351818525
7.368062997280774 178 182 0.5273695188451386 0.4197504927816955 -0.2045298627235681 -0.19610162530425868
7.368062997280774 179 183 0.44994887235113873 0.3842122429322726 -0.1963507345559563 -0.19537047781418693
7.368062997280774 180 184 0.48494723850216875 0.40237390808147827 0.0034900732668603496 0.017836996742047972
7.368062997280774 181 185 0.5195562051469971 0.4140393356054125 0.028730009270034884 0.022671065144905356
7.368062997280774 182 186 0.478580040124665 0.40237390808147827 0.08897324181693023 0.09752400000756722
7.368062997280774 x 187 0.4242158651023073 0.35856858280031806 -40.77688462482558 -0.1855990703469388
7.368062997280774 183 188 0.5116235835128635 0.4197504927816955 0.11254173300685721 0.1014924178770471
7.368062997280774 184 189 0.5254270830780441 0.42538497969766276 0.033400958019534244 0.02924120295329402
7.368062997280774 185 190 0.5156051500486066 0.42538497969766276 -0.13149254587379033 -0.15010938898058868
7.368062997280774 186 191 0.5096211351891646 0.42538497969766276 -0.017959216085216667 -0.027029424724531737
7.368062997280774 187 192 0.47428775575131993 0.3964124835860459 0.0996443240134397 0.08613428497250197
7.368062997280774 188 193 0.443079020497369 0.3903600291794133 -0.190526946057183 -0.19129920146738044
7.368062997280774 189 194 0.45671540050146625 0.3903600291794133 -0.05049823306463708 -0.07097794426274362
7.368062997280774 190 195 0.43374999631666106 0.3903600291794133 -0.24986037542114303 -0.2389913764677587
7.368062997280774 191 196 0.4361009620257156 0.3903600291794133 0.04430459576123269 0.06183344897452514
7.368062997280774 192 197 0.47643873166512696 0.408248290463863 0.09759645251453009 0.09174435614898613
7.368062997280774 193 198 0.4677754866711918 0.408248290463863 -0.07759907067212168 -0.08205601091380288
7.368062997280774 194 199 0.49123191412614137 0.4197504927816955 0.11129709414642264 0.10020103886436971
7.368062997280774 195 200 0.47428775575131993 0.408248290463863 0.07247406166534631 0.06790060674951803
7.368062997280774 196 201 0.4721269802506235 0.408248290463863 -0.07996688274226926 -0.0780948525473093
7.368062997280774 197 202 0.4699562699927744 0.40237390808147827 0.14626139809088556 0.1294511020669944
7.368062997280774 198 203 0.47428775575131993 0.408248290463863 -0.11112189897102809 -0.1258115219573952
7.368062997280774 199 204 0.46338313130752623 0.3903600291794133 0.0461898823330813 0.06386013988900174
7.368062997280774 200 205 0.44994887235113873 0.3903600291794133 -0.30634480793707297 -0.3140668361061145
7.368062997280774 201 206 0.478580040124665 0.408248290463863 0.20573607819797246 0.197375276225344
7.368062997280774 202 207 0.48705114095537283 0.4197504927816955 -0.007939779240835776 -0.014894852444506057
7.368062997280774 203 208 0.493309013936583 0.4197504927816955 0.1079723097835057 0.10873900194788177
7.368062997280774 204 209 0.49123191412614137 0.4197504927816955 0.046147769797983074 0.04353908983628685
7.368062997280774 205 210 0.5136182249313151 0.4309458036856673 0.1702912119553659 0.18000924143068886
7.368062997280774 206 211 0.5195562051469971 0.4364357804719847 0.046354494144651426 0.04442432137196306
7.368062997280774 207 212 0.5331543667007768 0.4418575508442684 -0.0029144096196702662 -0.02261561112316457
7.368062997280774 208 213 0.5501440599584498 0.4525062483125562 -0.05532598685622503 -0.09537272923450502
7.368062997280774 209 214 0.5861384496930644 0.4629100498862757 -0.04704746317850805 -0.03968219573497578
7.368062997280774 210 215 0.5482823149915701 0.4525062483125562 -0.14797085702945623 -0.1371866407831348
7.368062997280774 211 216 0.5234774396827916 0.4418575508442684 -0.15808710097604006 -0.1504575041649261
7.368062997280774 212 217 0.5556918714833967 0.4525062483125562 -0.10041271447017408 -0.12292824835990501
7.368062997280774 213 218 0.5755765314519714 0.45773770821706344 0.20753548332186256 0.19726152750030224
7.368062997280774 214 219 0.5648171428949156 0.45773770821706344 -0.13219493430825935 -0.11246957963852822
7.368062997280774 215 220 0.5593598444497264 0.45773770821706344 -0.04839572538658388 -0.04632749986900819
7.368062997280774 216 221 0.5737973107145337 0.4629100498862757 -0.1917858479221053 -0.16688103926973952
7.368062997280774 217 222 0.5755765314519714 0.4629100498862757 0.07075540802906488 0.06022949364440677
7.368062997280774 218 223 0.5791185743078738 0.4629100498862757 0.09776988075778803 0.10445767456834432
7.368062997280774 219 224 0.5175844477297374 0.4309458036856673 0.0017067944454254302 -0.014293690821688187
7.368062997280774 220 225 0.5116235835128635 0.42538497969766276 -0.058552057035406335 -0.05894014418962712
7.368062997280774 221 226 0.5096211351891646 0.4197504927816955 0.14580687081814858 0.1413647799438138
7.368062997280774 222 227 0.48494723850216875 0.4197504927816955 -0.10655583329694451 -0.09711668522692918
7.368062997280774 223 228 0.47428775575131993 0.4140393356054125 -0.17483914596723338 -0.16507091442542077
7.368062997280774 224 229 0.4677754866711918 0.4140393356054125 0.20995868205976365 0.21580672893905728
7.368062997280774 225 230 0.4721269802506235 0.4140393356054125 -0.0011227886507114704 -0.00597279556125585
7.368062997280774 226 231 0.48494723850216875 0.4140393356054125 0.19924192872460367 0.21170894158092324
7.368062997280774 227 232 0.5116235835128635 0.4197504927816955 0.4344317379112326 0.44681484804331006
7.368062997280774 228 233 0.4828341685877546 0.4197504927816955 -0.06305832932873301 -0.05346385600507375
7.368062997280774 229 234 0.507610787569021 0.4197504927816955 0.12998503843441256 0.1467836980275905
7.368062997280774 230 235 0.47643873166512696 0.4140393356054125 -0.18555032856043852 -0.17743332569425263
7.368062997280774 231 236 0.5096211351891646 0.4197504927816955 0.11737625768314075 0.13729770901452554
7.368062997280774 232 237 0.5331543667007768 0.45773770821706344 0.2224030897767335 0.20919302146431562
7.368062997280774 233 238 0.5234774396827916 0.4418575508442684 -0.053786975467581044 -0.06585143671248517
7.368062997280774 234 239 0.5388771177710738 0.4525062483125562 -0.09079317613557691 -0.10547061297830851
7.368062997280774 235 240 0.5388771177710738 0.4472135954999579 0.08548264923172866 0.06372609433538656
7.368062997280774 236 241 0.5630039210635431 0.4629100498862757 0.16230749296756386 0.16001827482507025
7.368062997280774 237 242 0.5501440599584498 0.4629100498862757 0.007114299658532275 0.002367210177716572
7.368062997280774 238 243 0.5808814964202558 0.4680252333449758 0.2103655972549774 0.21643395750056982
7.368062997280774 239 244 0.5593598444497264 0.4629100498862757 0.11661189066916222 0.11210409339710736
7.368062997280774 240 245 0.5519995257992688 0.4629100498862757 -0.04623918441524211 -0.051196384791978744
7.368062997280774 241 246 0.5501440599584498 0.4629100498862757 0.05585389222574122 0.057490801347626075
7.368062997280774 242 247 0.5312330834549512 0.4525062483125562 0.017689808619046232 0.026678851198361997
7.368062997280774 243 248 0.5136182249313151 0.42538497969766276 -0.02174920821059345 -0.016352684651820937
7.368062997280774 244 249 0.4994884909146929 0.42538497969766276 -0.0032453644415184613 -0.01713611825582717
