1.945887717576389 x 0 0.7767058540014243 0.8837151016885368 -178.9142181171774 -0.4245495549856457
1.945887717576389 x 1 0.778021190852237 0.8837151016885368 -178.9142181171774 -0.23590211593048593
1.945887717576389 1 2 0.7767058540014243 0.8810167286666447 -0.017654107514289308 -0.0327691693958343
1.945887717576389 2 3 0.7767058540014243 0.8810167286666447 0.33915501721105556 0.3410666387611627
1.945887717576389 3 4 0.7767058540014243 0.8810167286666447 -0.007199449115603329 0.004398510889302543
1.945887717576389 4 5 0.7767058540014243 0.8810167286666447 -0.5141985593181175 -0.4977117694494382
1.945887717576389 5 6 0.7767058540014243 0.8810167286666447 -0.04741695560286985 -0.0525760222857059
1.945887717576389 6 7 0.7767058540014243 0.8810167286666447 -0.485385638341711 -0.4909000101036156
1.945887717576389 7 8 0.7767058540014243 0.8810167286666447 -0.06619408670695748 -0.06798690419068976
1.945887717576389 8 9 0.7767058540014243 0.8810167286666447 0.053623947329128896 0.04715404324286965
1.945887717576389 9 10 0.7767058540014243 0.8810167286666447 0.3958001085894409 0.40509841636716715
1.945887717576389 x 11 0.7767058540014243 0.8810167286666447 -179.26368784064732 -0.5996139069510491
1.945887717576389 10 12 0.7767058540014243 0.8810167286666447 0.38227455779872344 0.3967670857427663
1.945887717576389 11 13 0.7767058540014243 0.8810167286666447 0.07715594740614051 0.08116288977387853
1.945887717576389 12 14 0.7767058540014243 0.8810167286666447 -0.2544343183587898 -0.2569586914441402
1.945887717576389 13 15 0.7767058540014243 0.8810167286666447 -0.0011441067080113498 -0.009185334870664974
1.945887717576389 14 16 0.7767058540014243 0.8810167286666447 0.9134281576457965 0.9017167338441539
1.945887717576389 15 17 0.7767058540014243 0.8810167286666447 -0.22765541640788456 -0.2247161899604464
1.945887717576389 16 18 0.7767058540014243 0.8810167286666447 0.20090898676460256 0.19387376414934465
1.945887717576389 17 19 0.778021190852237 0.8837151016885368 1.0465728587022909 1.0510550394677978
1.945887717576389 18 20 0.780645215808843 0.8864052604279183 -0.002838735765550382 0.019141602175523076
1.945887717576389 19 21 0.778021190852237 0.8837151016885368 -0.42801617373706335 -0.4406685180655643
1.945887717576389 x 22 0.7767058540014243 0.8810167286666447 -177.55743608330707 -0.7592317932891319
1.945887717576389 20 23 0.780645215808843 0.8864052604279183 0.04735585068863202 0.05290551331296456
1.945887717576389 21 24 0.7858669811523066 0.8864052604279183 0.4617902418559936 0.45341690630164067
1.945887717576389 x 25 0.7845647980188689 0.8864052604279183 -177.04828999076244 -1.1347974047802722
1.945887717576389 22 26 0.7858669811523066 0.8864052604279183 0.3076102068715727 0.32148277324645846
1.945887717576389 23 27 0.7884648956139658 0.8837151016885368 -0.24281681381182807 -0.23874741937518706
1.945887717576389 24 28 0.7858669811523066 0.8783100656536799 0.22098175863297342 0.2099302200471982
1.945887717576389 25 29 0.7884648956139658 0.8783100656536799 0.06888585334252184 0.06107316668899898
1.945887717576389 26 30 0.787167010132215 0.8864052604279183 -0.14035431320175462 -0.1520155549134472
1.945887717576389 27 31 0.780645215808843 0.8864052604279183 -0.4571323316760356 -0.46830306680158174
1.945887717576389 28 32 0.7832604499879573 0.8864052604279183 -0.24636443345659131 -0.2483580496226523
1.945887717576389 29 33 0.787167010132215 0.8783100656536799 0.747370549557445 0.7491461705463394
1.945887717576389 30 34 0.787167010132215 0.8783100656536799 0.48577591219441274 0.49893090985167987
1.945887717576389 31 35 0.7819539262260189 0.8837151016885368 0.1960658968843063 0.2047207305251959
1.945887717576389 32 36 0.7819539262260189 0.8864052604279183 -0.6275862167275363 -0.6409828728794764
1.945887717576389 33 37 0.787167010132215 0.8783100656536799 1.1541234621282968 1.1386415144416162
1.945887717576389 34 38 0.7923457963166683 0.8728715609439694 0.38804843255599053 0.4136960953995015
1.945887717576389 x 39 0.7910542782677079 0.8728715609439694 -175.19368202746867 -0.20758623211150962
1.945887717576389 35 40 0.7923457963166683 0.8673989580239029 0.17152388121746753 0.1651521718943627
1.945887717576389 36 41 0.7923457963166683 0.8728715609439694 -0.1719960336514248 -0.1587477289879189
1.945887717576389 37 42 0.7845647980188689 0.8591246929842246 0.04101950687223166 0.03166188920442892
1.945887717576389 38 43 0.787167010132215 0.8728715609439694 -0.06077210016974277 -0.053755764714139787
1.945887717576389 39 44 0.787167010132215 0.8783100656536799 -0.42821849183616223 -0.4284190306262303
1.945887717576389 x 45 0.780645215808843 0.8864052604279183 -175.6421252650363 -0.36383403120896673
1.945887717576389 40 46 0.7884648956139658 0.8783100656536799 -0.17339084191470988 -0.18362830163721355
1.945887717576389 41 47 0.7910542782677079 0.8755950357709131 0.3873158028570174 0.3768596362917549
1.945887717576389 42 48 0.7832604499879573 0.8535639569308374 1.0530214949279753 1.0512913110688373
1.945887717576389 43 49 0.7607444422008407 0.7958224257542215 0.7116919508604269 0.7180092635501012
1.945887717576389 44 50 0.7512770314032703 0.7837638128197258 0.11992494375493834 0.13001680515023395
1.945887717576389 45 51 0.7674353752692952 0.8135752957807666 -0.4407131029397249 -0.4469511147898402
1.945887717576389 x 52 0.780645215808843 0.8535639569308374 -173.98427501749038 -0.5782970716545606
1.945887717576389 x 53 0.7819539262260189 0.8535639569308374 -173.98427501749038 -0.45048652334548933
1.945887717576389 46 54 0.7767058540014243 0.828078671210825 -0.45897295417904616 -0.4583793245140839
1.945887717576389 47 55 0.778021190852237 0.8251983888449983 -0.4684311802697039 -0.46179286794728114
1.945887717576389 48 56 0.7727464100951413 0.8135752957807666 0.21240409074141553 0.20147539176485907
1.945887717576389 49 57 0.7845647980188689 0.8755950357709131 -0.44689140641693825 -0.42444532245914957
1.945887717576389 x 58 0.7832604499879573 0.8673989580239029 -175.14616646761465 -0.1707429839281076
1.945887717576389 50 59 0.7832604499879573 0.8755950357709131 -0.2605438443541175 -0.2581252959730591
1.945887717576389 51 60 0.7832604499879573 0.8728715609439694 0.46666533838100577 0.48257263989364674
1.945887717576389 52 61 0.770095471201348 0.8251983888449983 0.5581280884554474 0.54531893233181
1.945887717576389 53 62 0.7714220793702221 0.8251983888449983 -0.10762161979042162 -0.09358619827892767
1.945887717576389 54 63 0.7819539262260189 0.8673989580239029 0.03127306526781126 0.054158629550244086
1.945887717576389 x 64 0.780645215808843 0.8810167286666447 -174.45826543965492 -0.6135645285740452
1.945887717576389 55 65 0.7819539262260189 0.8673989580239029 0.1086248086060948 0.08211308123634353
1.945887717576389 56 66 0.7539941362266769 0.8047478161629565 0.9151135581148253 0.9058891640436002
1.945887717576389 57 67 0.7403088947957477 0.733549751615552 0.43701643421877634 0.4168122836885573
1.945887717576389 58 68 0.7389264306672555 0.7138093649734567 0.0264782135980397 0.030554549015363364
1.945887717576389 59 69 0.7333705140230591 0.7171371656006361 0.129571063610598 0.13662560376329225
1.945887717576389 60 70 0.7567014847443574 0.8106434833777776 -0.7423390402447296 -0.7405983521717587
1.945887717576389 61 71 0.7444408835084588 0.7745966692414834 0.16864605538569322 0.18141058962334
1.945887717576389 62 72 0.7714220793702221 0.828078671210825 -0.4782443118626247 -0.4542923791446185
1.945887717576389 63 73 0.7647660267458418 0.8135752957807666 -0.12473270077970255 -0.1235174297244157
1.945887717576389 64 74 0.7687665737984288 0.8106434833777776 -0.295007159684161 -0.2772331129360168
1.945887717576389 65 75 0.780645215808843 0.870139561876632 -0.40008423430734297 -0.3928623312632169
1.945887717576389 66 76 0.7634278524455147 0.8135752957807666 0.6710597996273862 0.6426399438765884
1.945887717576389 67 77 0.7767058540014243 0.8535639569308374 -0.5302092386149297 -0.5252279124655388
1.945887717576389 68 78 0.7714220793702221 0.8251983888449983 0.3286714578523515 0.32606303017479377
1.945887717576389 69 79 0.7674353752692952 0.8135752957807666 0.19051844679174224 0.19297808715609222
1.945887717576389 70 80 0.7593991813034942 0.7745966692414834 0.17499233164670613 0.17206122948860525
1.945887717576389 71 81 0.7539941362266769 0.7171371656006361 0.3401313958809453 0.3161113244966316
1.945887717576389 x 82 0.7687665737984288 0.816496580927726 -173.53805855981525 -0.5863368205564541
1.945887717576389 72 83 0.7458131259329686 0.7104659772022196 0.3685824156936519 0.36346952196927873
1.945887717576389 73 84 0.7634278524455147 0.7867957924694432 -0.32660811749761365 -0.3351372684115006
1.945887717576389 74 85 0.7620873284043761 0.816496580927726 -0.3885162575990364 -0.3897389702912051
1.945887717576389 75 86 0.7634278524455147 0.7807200583588266 0.49406982018987833 0.504922229863638
1.945887717576389 76 87 0.7661018636184569 0.8135752957807666 -0.225741911499739 -0.23045321719251888
1.945887717576389 x 88 0.780645215808843 0.8563488385776752 -173.6162726105281 -0.1472991191595554
1.945887717576389 x 89 0.780645215808843 0.8535639569308374 -173.6162726105281 -0.5760963858804189
1.945887717576389 x 90 0.7661018636184569 0.8017837257372732 -173.6162726105281 -0.37373044238808006
1.945887717576389 77 91 0.7580515330697288 0.7898161329129229 0.5504126992009333 0.539335347179474
1.945887717576389 78 92 0.7661018636184569 0.8194074514114278 -0.6180675760010388 -0.6382982982708256
1.945887717576389 79 93 0.7674353752692952 0.7928249671720918 0.363175463977484 0.3620417067076289
1.945887717576389 x 94 0.7634278524455147 0.8047478161629565 -173.32075202335074 -0.46331911185183117
1.945887717576389 80 95 0.743066106927105 0.7138093649734567 0.7559621507164991 0.7490308375784593
1.945887717576389 81 96 0.7458131259329686 0.7302967433402214 -0.31348821483317124 -0.32961707610016333
1.945887717576389 82 97 0.7526368099483054 0.7400128699009549 -0.08686397900422094 -0.09259481704199857
1.945887717576389 83 98 0.7607444422008407 0.7684244858645451 0.04845718930403109 0.048184530741167464
1.945887717576389 84 99 0.7674353752692952 0.7928249671720918 -0.4301135615152418 -0.42089271902867154
1.945887717576389 x 100 0.7714220793702221 0.7837638128197258 -173.34679843868284 -0.21586783522664632
1.945887717576389 85 101 0.7458131259329686 0.7171371656006361 0.3837066807529652 0.3826381925123883
1.945887717576389 86 102 0.7416887820971493 0.7138093649734567 0.5536092019511614 0.5616829615649408
1.945887717576389 87 103 0.7020274466054166 0.6248809410409238 0.26743555720588574 0.28021982756044395
1.945887717576389 x 104 0.7403088947957477 0.7138093649734567 -172.14204699877283 -0.682128300302054
1.945887717576389 88 105 0.7375413752214849 0.7104659772022196 -0.25453164223236513 -0.2478053297287488
1.945887717576389 89 106 0.6932334362514653 0.5814595756329395 0.11609544516628034 0.1267747962982071
1.945887717576389 90 107 0.6411263095406989 0.5209880722517277 0.45928252264590697 0.47257028511384647
1.945887717576389 x 108 0.6537605547795654 0.5300494136893097 -171.821200673193 -0.15137673186811185
1.945887717576389 91 109 0.6395294793910793 0.5209880722517277 0.4177950066753908 0.40212325826746564
1.945887717576389 92 110 0.6443080973690912 0.5163977794943222 -0.2964596007083742 -0.2990789133647809
1.945887717576389 93 111 0.5896170466995431 0.3964124835860459 0.3728826978534414 0.3704069705834172
1.945887717576389 94 112 0.5254270830780441 0.31622776601683794 -0.10496958562322334 -0.12041519898625097
1.945887717576389 95 113 0.5556918714833967 0.3779644730092272 -0.018451263131908036 -0.0007773666281138958
1.945887717576389 96 114 0.5369763107272132 0.3236694374850748 0.6432021272000839 0.6596351289673237
1.945887717576389 x 115 0.5312330834549512 0.3236694374850748 -170.8072012909276 -0.648611478026794
1.945887717576389 97 116 0.5407712435330774 0.3380617018914066 0.08465086302464897 0.08245609809321763
1.945887717576389 x 117 0.5501440599584498 0.3380617018914066 -170.72255042790295 -0.20177875313117966
1.945887717576389 98 118 0.5426587579753616 0.31622776601683794 -0.007014126381818642 -0.02235960042665397
1.945887717576389 99 119 0.5331543667007768 0.29277002188455997 -0.1279218939870077 -0.1294670716020221
1.945887717576389 100 120 0.5388771177710738 0.3086066999241838 0.14401824509451444 0.14248939476442501
1.945887717576389 101 121 0.5388771177710738 0.3236694374850748 0.01679681209049022 0.007778382855605059
1.945887717576389 102 122 0.535068751196664 0.31622776601683794 0.38486859956159947 0.3803411233105862
1.945887717576389 103 123 0.5407712435330774 0.30079260375911915 0.001981482407131807 -0.011406687471293253
1.945887717576389 104 124 0.5331543667007768 0.3086066999241838 0.0755663084357252 0.07803939207209964
1.945887717576389 105 125 0.5445397298475227 0.3086066999241838 -0.3784072764608766 -0.3840612258623537
1.945887717576389 106 126 0.5388771177710738 0.3236694374850748 0.011526556468083982 0.0065430121636893546
1.945887717576389 107 127 0.5426587579753616 0.3236694374850748 0.6392033236823806 0.6316687638174585
1.945887717576389 108 128 0.5464142267158353 0.3236694374850748 -0.195452693548674 -0.19258104741550142
1.945887717576389 109 129 0.5426587579753616 0.33094381626464864 -0.011852274149589448 -0.02519101196412521
1.945887717576389 110 130 0.5426587579753616 0.3236694374850748 -0.18881259537539563 -0.21114422375526942
1.945887717576389 111 131 0.5482823149915701 0.33094381626464864 0.43251990120569417 0.44101148176599736
1.945887717576389 112 132 0.5426587579753616 0.33094381626464864 -0.013192196936159917 -0.010415669858929277
1.945887717576389 113 133 0.5426587579753616 0.33094381626464864 0.12939544921388801 0.12676143928931083
1.945887717576389 114 134 0.5482823149915701 0.31622776601683794 0.02825266370064128 0.03030641175902815
1.945887717576389 115 135 0.5331543667007768 0.31622776601683794 0.10864780820764963 0.11938505869375149
1.945887717576389 116 136 0.5426587579753616 0.31622776601683794 -0.1347011690635327 -0.12286493618208283
1.945887717576389 117 137 0.5331543667007768 0.31622776601683794 0.3095500123251895 0.2974649427985412
1.945887717576389 118 138 0.5426587579753616 0.3380617018914066 -0.10878055745402548 -0.11848942133511287
1.945887717576389 119 139 0.5426587579753616 0.3086066999241838 0.11201436265599796 0.09814812206829515
1.945887717576389 120 140 0.5556918714833967 0.31622776601683794 -0.5242889169665546 -0.5289057106903101
1.945887717576389 121 141 0.5445397298475227 0.31622776601683794 0.6453168174031987 0.6692522455244614
1.945887717576389 x 142 0.5482823149915701 0.3236694374850748 -169.3733157857744 -0.34751039256724425
1.945887717576389 122 143 0.5611848406344145 0.3380617018914066 0.463457844249092 0.45435197639488933
1.945887717576389 123 144 0.5930752408495852 0.37161167647860327 0.7156755367156507 0.6924413353946761
1.945887717576389 124 145 0.5930752408495852 0.3651483716701107 0.08303812510854414 0.07346333922524195
1.945887717576389 125 146 0.5965133869905148 0.3651483716701107 -0.06632039371169185 -0.06840644858255018
1.945887717576389 126 147 0.5648171428949156 0.3518657752744984 0.14354529848790776 0.15524653087456386
1.945887717576389 127 148 0.5982250501558313 0.37161167647860327 0.1891592262398092 0.19755552584618385
1.945887717576389 128 149 0.5965133869905148 0.37161167647860327 0.6780117047052272 0.654823831175861
1.945887717576389 129 150 0.5896170466995431 0.37161167647860327 0.8732891832346468 0.8930974963473659
1.945887717576389 130 151 0.6016337674898651 0.3842122429322726 0.05899053764963469 0.07121012967553497
1.945887717576389 131 152 0.6067109357092572 0.3903600291794133 -0.1384160446420708 -0.14261045991150922
1.945887717576389 132 153 0.6067109357092572 0.3903600291794133 0.18110421251685693 0.163600302221937
1.945887717576389 133 154 0.5999318298015184 0.3779644730092272 0.44076674036216446 0.43140779639270477
1.945887717576389 134 155 0.5791185743078738 0.37161167647860327 0.42946837148528516 0.4042163949696942
1.945887717576389 135 156 0.5426587579753616 0.3236694374850748 -0.3226802930910253 -0.3296814470690492
1.945887717576389 136 157 0.5482823149915701 0.3236694374850748 0.009294855620368025 0.013091047866595318
1.945887717576389 137 158 0.5648171428949156 0.3380617018914066 -0.10090238336982793 -0.12283062406166323
1.945887717576389 138 159 0.5501440599584498 0.3236694374850748 0.10666046443137134 0.0929008786938823
1.945887717576389 139 160 0.5215205078247639 0.2845213189769458 0.08668030943064764 0.0920703349910923
1.945887717576389 x 161 0.5175844477297374 0.2845213189769458 -165.5424924903518 -0.5453809505861216
1.945887717576389 x 162 0.5331543667007768 0.29277002188455997 -165.5424924903518 -0.663910521101343
1.945887717576389 140 163 0.535068751196664 0.2845213189769458 -0.014129164532164395 0.002265442668317519
1.945887717576389 141 164 0.535068751196664 0.3086066999241838 -0.2444362584348312 -0.24509095075529785
1.945887717576389 x 165 0.5156051500486066 0.2845213189769458 -165.8010579133188 -0.30130031524319634
1.945887717576389 142 166 0.5312330834549512 0.2845213189769458 0.24552699005496947 0.21968956552711916
1.945887717576389 x 167 0.5055924464243811 0.2760262237369417 -165.55553092326383 -0.6208290792473576
1.945887717576389 143 168 0.5331543667007768 0.29277002188455997 -0.038137566593064776 -0.016215657961993202
1.945887717576389 144 169 0.5312330834549512 0.29277002188455997 -0.03263533288290432 -0.016253535040647193
1.945887717576389 145 170 0.5501440599584498 0.31622776601683794 -0.28436363117003793 -0.26385558126818864
1.945887717576389 146 171 0.5808814964202558 0.3450327796711771 -0.32026847745061104 -0.30693500329115864
1.945887717576389 147 172 0.5896170466995431 0.3651483716701107 0.12536413842792626 0.11252961241510206
1.945887717576389 148 173 0.5965133869905148 0.3651483716701107 0.14999614925554283 0.12963037994546767
1.945887717576389 149 174 0.5982250501558313 0.37161167647860327 -0.16251957115321147 -0.16791365151348714
1.945887717576389 150 175 0.5982250501558313 0.37161167647860327 0.09631464262434974 0.09817094824239803
1.945887717576389 151 176 0.5843913863444069 0.3651483716701107 0.2130996528111666 0.19436593938530677
1.945887717576389 152 177 0.5482823149915701 0.31622776601683794 -0.47384389609445066 -0.48527206920434196
1.945887717576389 153 178 0.5826390843897161 0.3518657752744984 0.7076212978646765 0.698498007409114
1.945887717576389 154 179 0.5826390843897161 0.3518657752744984 -0.08771772232984176 -0.06360709662513386
1.945887717576389 155 180 0.5861384496930644 0.35856858280031806 -0.14982242026798076 -0.14359413145876943
1.945887717576389 156 181 0.5611848406344145 0.3236694374850748 -0.17244239481891555 -0.18379871144173876
1.945887717576389 157 182 0.5947967981452528 0.3779644730092272 0.7337242344752042 0.7226267698280822
1.945887717576389 158 183 0.6016337674898651 0.3779644730092272 0.09297195989233842 0.07740075183286876
1.945887717576389 159 184 0.6117459675668944 0.3964124835860459 -0.31845178908670846 -0.315603852599736
1.945887717576389 x 185 0.6134151274703021 0.40237390808147827 -165.47664164976035 -0.07710454817888035
1.945887717576389 160 186 0.6083939096377063 0.3964124835860459 0.28076704134139163 0.2613280106020568
1.945887717576389 161 187 0.615079757742407 0.40237390808147827 0.3985082529951569 0.3888436254389944
1.945887717576389 162 188 0.615079757742407 0.40237390808147827 0.2805219123505651 0.2886264587712617
1.945887717576389 163 189 0.6183955756104342 0.40237390808147827 -0.1482461309288965 -0.1528923671424991
1.945887717576389 x 190 0.615079757742407 0.40237390808147827 -164.66509057400214 -0.6427969383637446
1.945887717576389 164 191 0.6216937087382038 0.4197504927816955 0.28376270436731943 0.26326224054429304
1.945887717576389 165 192 0.6200468350936172 0.4140393356054125 -0.030339377197918793 -0.017000979110548542
1.945887717576389 166 193 0.6216937087382038 0.4140393356054125 0.4884496180640667 0.46860713303777857
1.945887717576389 167 194 0.6134151274703021 0.40237390808147827 -0.00346110717040915 -0.02104095962712904
1.945887717576389 168 195 0.6033309041969425 0.3842122429322726 0.31457179869968854 0.3053193015450404
1.945887717576389 169 196 0.6134151274703021 0.3964124835860459 0.30442283059625197 0.3002529440624926
1.945887717576389 170 197 0.6016337674898651 0.3842122429322726 -0.0814576841723067 -0.07375327994861891
1.945887717576389 171 198 0.6100722408529212 0.3903600291794133 -0.24151379838829712 -0.23635791685549634
1.945887717576389 172 199 0.6100722408529212 0.3903600291794133 0.7023359034096757 0.6998496612422969
1.945887717576389 173 200 0.6100722408529212 0.3842122429322726 0.042129587019474 0.03156832240046015
1.945887717576389 174 201 0.5913486717104743 0.3779644730092272 -0.13052415019041064 -0.12654689784824313
1.945887717576389 175 202 0.6067109357092572 0.3842122429322726 0.5193710551893957 0.5238475087431596
1.945887717576389 176 203 0.6033309041969425 0.3842122429322726 -0.022291690490192195 -0.030244347458790344
1.945887717576389 x 204 0.6083939096377063 0.3779644730092272 -162.5196348842658 -0.6296372745171084
1.945887717576389 177 205 0.5999318298015184 0.3779644730092272 -0.316856669554511 -0.3114087305792168
1.945887717576389 178 206 0.5913486717104743 0.37161167647860327 -0.1952100309938487 -0.19568691678736627
1.945887717576389 179 207 0.6117459675668944 0.3842122429322726 0.21149482615342663 0.22679281875380752
1.945887717576389 180 208 0.5913486717104743 0.3779644730092272 0.24779543734950948 0.2443782620209447
1.945887717576389 181 209 0.5965133869905148 0.3842122429322726 0.4502061986283934 0.43754432666452203
1.945887717576389 182 210 0.5999318298015184 0.3842122429322726 -0.4615734044014914 -0.4356805784793778
1.945887717576389 183 211 0.6050232803241139 0.3842122429322726 -0.00871646931000214 -0.017668024822768302
1.945887717576389 184 212 0.6016337674898651 0.3842122429322726 0.29227621577885543 0.2973608800054137
1.945887717576389 185 213 0.6100722408529212 0.3842122429322726 -0.22097325791145295 -0.21626572927362986
1.945887717576389 186 214 0.5913486717104743 0.3651483716701107 0.01949673726420542 0.008244537691865617
1.945887717576389 187 215 0.5913486717104743 0.3651483716701107 -0.2543896176252929 -0.2603265572578266
1.945887717576389 x 216 0.5913486717104743 0.3450327796711771 -162.756084918888 -0.6331976588347175
1.945887717576389 188 217 0.5913486717104743 0.3779644730092272 0.14292255458596514 0.14473510395299627
1.945887717576389 189 218 0.5982250501558313 0.3779644730092272 0.2565805061947799 0.24311855286038053
1.945887717576389 190 219 0.5913486717104743 0.37161167647860327 0.11761525237969295 0.11636736879455611
1.945887717576389 191 220 0.5965133869905148 0.3842122429322726 0.44470994318484713 0.43226813321817303
1.945887717576389 192 221 0.6083939096377063 0.3842122429322726 -0.37300352163157413 -0.35666264843351314
1.945887717576389 193 222 0.616739895060721 0.408248290463863 -0.04617017994132766 -0.06742592640452472
1.945887717576389 194 223 0.6134151274703021 0.3903600291794133 0.0588778624692452 0.036366241825930956
1.945887717576389 195 224 0.6033309041969425 0.3842122429322726 0.5400890845483843 0.5443411875558013
1.945887717576389 x 225 0.6067109357092572 0.3842122429322726 -161.614463417098 -0.1391391422230015
1.945887717576389 196 226 0.5913486717104743 0.3779644730092272 0.1265643315819318 0.13418239064529303
1.945887717576389 197 227 0.5896170466995431 0.3651483716701107 0.01213803923354817 0.0053670965295395945
1.945887717576389 198 228 0.5913486717104743 0.37161167647860327 -0.2014610423111094 -0.23260784346891228
1.945887717576389 199 229 0.5773502691896257 0.3380617018914066 0.014725279072195008 0.02323960451229823
1.945887717576389 200 230 0.5611848406344145 0.3236694374850748 0.00045949441704351557 0.021409996157274236
1.945887717576389 201 231 0.5312330834549512 0.3086066999241838 -0.19023074735198975 -0.20746368519314728
1.945887717576389 202 232 0.5482823149915701 0.31622776601683794 -0.5171464559024628 -0.5121960286293756
1.945887717576389 203 233 0.5556918714833967 0.33094381626464864 0.3354547892367634 0.32430204007025054
1.945887717576389 204 234 0.587880321139975 0.3518657752744984 0.259188193223963 0.26840807576934367
1.945887717576389 x 235 0.5826390843897161 0.3450327796711771 -161.7747715358981 -0.41777477840150823
1.945887717576389 205 236 0.5896170466995431 0.3651483716701107 -0.008732550030231323 -0.011561472900126546
1.945887717576389 206 237 0.5999318298015184 0.3842122429322726 -0.5559032023467125 -0.5336863698581737
1.945887717576389 207 238 0.5947967981452528 0.3779644730092272 0.5068871243555293 0.5041682422814802
1.945887717576389 208 239 0.5913486717104743 0.37161167647860327 0.21922208195766757 0.211506048300663
1.945887717576389 x 240 0.6050232803241139 0.3842122429322726 -161.61329808196186 -0.19616197826434245
1.945887717576389 x 241 0.5913486717104743 0.3779644730092272 -161.61329808196186 -0.06793560419691858
1.945887717576389 209 242 0.5930752408495852 0.35856858280031806 0.0734570032798274 0.0759994184609809
1.945887717576389 210 243 0.5930752408495852 0.35856858280031806 -0.3380614524141379 -0.34243472409025344
1.945887717576389 x 244 0.5930752408495852 0.3518657752744984 -161.87790253109617 -0.14601128095975469
1.945887717576389 211 245 0.5999318298015184 0.3842122429322726 0.18412459238430756 0.18511229657195827
1.945887717576389 212 246 0.5965133869905148 0.3842122429322726 0.16342378550680792 0.1512979382843298
1.945887717576389 213 247 0.5982250501558313 0.3842122429322726 -0.10417046882548675 -0.09852780702087216
1.945887717576389 214 248 0.5913486717104743 0.3779644730092272 -0.4285476603079701 -0.4255160810833445
1.945887717576389 x 249 0.6067109357092572 0.3842122429322726 -162.0630722823385 -0.4698385897605135
1.945887717576389 1 0 0.8976223991022857 0.9586697132212006 -0.44280928861655866 -0.4298817783674451
1.945887717576389 2 1 0.895341271147511 0.9561828874675149 -0.49144688939236403 -0.4990622578510795
1.945887717576389 3 2 0.895341271147511 0.9536895771286428 -0.8988088746392577 -0.9287148681564474
1.945887717576389 4 3 0.8941985249624324 0.9536895771286428 1.2203533380704243 1.2281782724954837
1.945887717576389 5 4 0.8976223991022857 0.9586697132212006 0.6247088091340913 0.6223557501715504
1.945887717576389 x 5 0.8803698795076853 0.9461702252967461 -199.85593152939387 -1.584815436836891
1.945887717576389 6 6 0.8964825606753831 0.9586697132212006 0.5801277479488647 0.5818598681971707
1.945887717576389 7 7 0.8792076745395966 0.9411239481143202 0.03487987871838527 0.01989214721533017
1.945887717576389 8 8 0.8850034371936534 0.9511897312113419 1.421789580458011 1.4366985145830427
1.945887717576389 9 9 0.8873111423816805 0.9511897312113419 -0.5784580877814278 -0.5911768590563327
1.945887717576389 10 10 0.8884627472042562 0.9486832980505138 -0.9969698694616227 -0.9822313363285105
1.945887717576389 11 11 0.8896128612743778 0.9461702252967461 0.20476285290240526 0.1896207715629714
1.945887717576389 12 12 0.8639567511708329 0.9309493362512627 -0.3211098477942187 -0.323624237233588
1.945887717576389 13 13 0.8568263121796352 0.9283882603225667 0.00863750309449074 0.007187728751262057
1.945887717576389 14 14 0.8592097001276557 0.9283882603225667 0.5986984721183717 0.5942087805586596
1.945887717576389 x 15 0.8520395355516956 0.9258200997725514 -198.9035732991906 -1.1936970653759431
1.945887717576389 x 16 0.8508386335657886 0.9258200997725514 -198.9035732991906 -1.7241983871036268
1.945887717576389 x 17 0.8698541353404697 0.9360504666899516 -198.9035732991906 -1.0341716110900734
1.945887717576389 x 18 0.8532387473141386 0.9283882603225667 -198.9035732991906 -0.7653226457244386
1.945887717576389 15 19 0.8580188337201025 0.9283882603225667 0.409711017044458 0.3844092693048822
1.945887717576389 16 20 0.8615864949867531 0.9309493362512627 -0.10337364628617252 -0.1169774984838341
1.945887717576389 x 21 0.8603989182748355 0.9309493362512627 -198.59723592843233 -0.5107812019093103
1.945887717576389 17 22 0.8674999926333221 0.933503385868831 0.06766876620832818 0.08439000447322087
1.945887717576389 x 23 0.8674999926333221 0.9360504666899516 -198.529567162224 -1.6305099158448684
1.945887717576389 18 24 0.8745434099397928 0.9411239481143202 -0.2780307108552904 -0.2660930977270084
1.945887717576389 19 25 0.8907614903664373 0.9511897312113419 0.0019970549964227757 0.00500823921552751
1.945887717576389 x 26 0.8873111423816805 0.9436504599035548 -198.80560081808287 -1.4882079407874471
1.945887717576389 x 27 0.8919086402176445 0.9511897312113419 -198.80560081808287 -0.0679132055156515
1.945887717576389 20 28 0.8896128612743778 0.9486832980505138 0.2892844558126626 0.2827362097160062
1.945887717576389 21 29 0.8907614903664373 0.9511897312113419 0.4901810265178028 0.46193736639102667
1.945887717576389 22 30 0.8976223991022857 0.9586697132212006 0.7098573093365985 0.7008378331902634
1.945887717576389 23 31 0.8964825606753831 0.9536895771286428 0.6569527559838946 0.6512740192811179
1.945887717576389 24 32 0.895341271147511 0.9536895771286428 0.3802235219444299 0.3920883794421286
1.945887717576389 25 33 0.8941985249624324 0.9536895771286428 0.500846080515629 0.490777710572587
1.945887717576389 26 34 0.895341271147511 0.9586697132212006 1.2165349870080604 1.212198571481025
1.945887717576389 x 35 0.8941985249624324 0.9561828874675149 -194.5617206809638 -0.7539457336527278
1.945887717576389 27 36 0.8976223991022857 0.9561828874675149 1.190405606701603 1.168603977768015
1.945887717576389 28 37 0.895341271147511 0.9561828874675149 0.7627147874245566 0.7782519533150776
1.945887717576389 29 38 0.895341271147511 0.9586697132212006 -1.2892269372897829 -1.2832854834592524
1.945887717576389 30 39 0.8941985249624324 0.9536895771286428 -0.5071610558877921 -0.4952508415084651
1.945887717576389 31 40 0.8884627472042562 0.9486832980505138 0.2260167217204696 0.22053133069286446
1.945887717576389 32 41 0.8919086402176445 0.9486832980505138 -0.01602723935050676 -0.031313612452407824
1.945887717576389 x 42 0.8826896987585606 0.9385906354489059 -194.19499879764524 -1.0611672995958372
1.945887717576389 33 43 0.8964825606753831 0.9586697132212006 1.6432399348465196 1.671244937085504
1.945887717576389 34 44 0.8930543165283613 0.9586697132212006 0.269080721972216 0.24546639366138834
1.945887717576389 35 45 0.895341271147511 0.9561828874675149 0.23711521260838708 0.22399367772558776
1.945887717576389 36 46 0.8964825606753831 0.9536895771286428 1.0181206218154557 1.0016387009316077
1.945887717576389 37 47 0.8964825606753831 0.9561828874675149 0.18078386274481772 0.15855984890606578
1.945887717576389 38 48 0.8964825606753831 0.9561828874675149 -0.038791194399180995 -0.04493744035818281
1.945887717576389 39 49 0.8964825606753831 0.9536895771286428 -0.48733370831450884 -0.4935574081924301
1.945887717576389 40 50 0.895341271147511 0.9511897312113419 0.17622219672352912 0.1862894134978319
1.945887717576389 41 51 0.8919086402176445 0.9486832980505138 -0.34020644094479735 -0.34409722295913525
1.945887717576389 42 52 0.8919086402176445 0.9486832980505138 0.6948376784451114 0.6836055844779025
1.945887717576389 43 53 0.8907614903664373 0.9486832980505138 -0.17667745686492253 -0.17664449709360497
1.945887717576389 44 54 0.8941985249624324 0.9511897312113419 -1.0793167582689023 -1.078333272391177
1.945887717576389 45 55 0.8941985249624324 0.9486832980505138 -1.1866770833471492 -1.1790740669456454
1.945887717576389 x 56 0.8919086402176445 0.9461702252967461 -193.28460121062867 -0.9832502562777847
1.945887717576389 46 57 0.8838473250904421 0.9385906354489059 -0.11362486826399731 -0.10803738641212135
1.945887717576389 x 58 0.8873111423816805 0.9461702252967461 -193.39822607889266 -0.3496395293196315
1.945887717576389 47 59 0.8722019240514312 0.9309493362512627 -1.373376808137749 -1.354072125814696
1.945887717576389 48 60 0.8698541353404697 0.933503385868831 0.5967091024257343 0.5738414289318996
1.945887717576389 x 61 0.8580188337201025 0.9258200997725514 -194.17489378460468 -1.5014374531963028
1.945887717576389 49 62 0.8722019240514312 0.9385906354489059 -0.10083490894305669 -0.08570641605473384
1.945887717576389 50 63 0.8722019240514312 0.9360504666899516 0.07241170622606319 0.05759957355579104
1.945887717576389 x 64 0.8826896987585606 0.9385906354489059 -194.20331698732167 -0.33891035976014905
1.945887717576389 51 65 0.8710288207309602 0.933503385868831 0.2919561967635502 0.30635727193742923
1.945887717576389 52 66 0.8698541353404697 0.9309493362512627 -0.04408115193029971 -0.04023872910315163
1.945887717576389 53 67 0.8745434099397928 0.9309493362512627 0.2902995213760846 0.3102342926092092
1.945887717576389 54 68 0.8686778614618108 0.9309493362512627 -0.20269727099073975 -0.21577665832012372
1.945887717576389 55 69 0.8686778614618108 0.9309493362512627 0.10738758452077946 0.10131650314204421
1.945887717576389 56 70 0.8674999926333221 0.9309493362512627 0.6701722775659107 0.673961219854732
1.945887717576389 57 71 0.8768786434959075 0.9309493362512627 0.5081896261796146 0.510518675266951
1.945887717576389 58 72 0.8686778614618108 0.9309493362512627 -0.5289019807361797 -0.5358674294016623
1.945887717576389 x 73 0.8508386335657886 0.9258200997725514 -193.11099218457295 -1.0318492352362796
1.945887717576389 59 74 0.8710288207309602 0.9309493362512627 0.6908721025057503 0.6883346660844154
1.945887717576389 60 75 0.8757118051300735 0.9309493362512627 -0.1357442906006554 -0.1449180627338933
1.945887717576389 61 76 0.8803698795076853 0.9309493362512627 -0.9900368113356137 -0.9970247197340427
1.945887717576389 62 77 0.8757118051300735 0.9309493362512627 1.0962204232239117 1.1047769317327152
1.945887717576389 63 78 0.8722019240514312 0.9309493362512627 -1.013780523272544 -1.008580975355727
1.945887717576389 64 79 0.8674999926333221 0.9309493362512627 1.084700967716202 1.103070498276054
1.945887717576389 65 80 0.8639567511708329 0.9309493362512627 0.20321577610440045 0.1907859300674204
1.945887717576389 66 81 0.8544362759698652 0.9258200997725514 -0.3111277146237228 -0.3138240835459385
1.945887717576389 x 82 0.8532387473141386 0.9232447954800246 -192.48667225485522 -1.186817519342867
1.945887717576389 67 83 0.8627724370415466 0.9283882603225667 0.640402193231381 0.6572585367561601
1.945887717576389 x 84 0.8556321285858208 0.9258200997725514 -191.84627006162384 -1.4921199240704652
1.945887717576389 68 85 0.8698541353404697 0.9309493362512627 0.8550162780742312 0.8505173412475813
1.945887717576389 x 86 0.8780439312439179 0.9309493362512627 -190.9912537835496 -0.9512759695201396
1.945887717576389 69 87 0.8838473250904421 0.9436504599035548 1.7528185425650236 1.7502356308568494
1.945887717576389 70 88 0.8757118051300735 0.933503385868831 -0.16659888460628736 -0.19106866317662252
1.945887717576389 71 89 0.8674999926333221 0.9309493362512627 0.23868417564250421 0.2248038603018756
1.945887717576389 72 90 0.8745434099397928 0.9309493362512627 0.007520097783725532 0.012933085096449304
1.945887717576389 73 91 0.8686778614618108 0.9309493362512627 -0.5088124206620819 -0.4958825042289732
1.945887717576389 74 92 0.8651394440601536 0.9283882603225667 0.27345287231807447 0.25739241157549486
1.945887717576389 75 93 0.8686778614618108 0.9309493362512627 -0.18760970776639851 -0.2094160328126975
1.945887717576389 76 94 0.8674999926333221 0.9309493362512627 1.2223965988075918 1.2128970704617075
1.945887717576389 77 95 0.8698541353404697 0.933503385868831 0.2634854869009473 0.2630786249666528
1.945887717576389 78 96 0.8686778614618108 0.933503385868831 1.548120748212881 1.5504342604460248
1.945887717576389 79 97 0.8745434099397928 0.9309493362512627 0.20479868873724172 0.22318230250076
1.945887717576389 x 98 0.8710288207309602 0.933503385868831 -186.3429975856164 -1.4857627867736767
1.945887717576389 80 99 0.873373451676927 0.933503385868831 0.12915147806910454 0.1383530794541059
1.945887717576389 81 100 0.8815305522325516 0.9436504599035548 0.11106242736750005 0.1419053365171692
1.945887717576389 x 101 0.8803698795076853 0.933503385868831 -186.10278368017978 -1.5811207162301173
1.945887717576389 x 102 0.886158040994738 0.9436504599035548 -186.10278368017978 -0.35856026145339115
1.945887717576389 82 103 0.8850034371936534 0.9411239481143202 0.4002533033872737 0.38108320809979546
1.945887717576389 83 104 0.8884627472042562 0.9385906354489059 0.8275204756940298 0.8398906711938423
1.945887717576389 84 105 0.8884627472042562 0.9360504666899516 0.3995600692041421 0.3995896762098994
1.945887717576389 85 106 0.8826896987585606 0.9385906354489059 0.6108292008615308 0.6315388474058352
1.945887717576389 86 107 0.8907614903664373 0.9385906354489059 -0.20468892137097328 -0.17954164960792696
1.945887717576389 87 108 0.8930543165283613 0.9436504599035548 -0.9546500722030942 -0.9808311506714631
1.945887717576389 88 109 0.8919086402176445 0.9385906354489059 0.33388334607721504 0.33415684093262144
1.945887717576389 89 110 0.895341271147511 0.9385906354489059 -0.5068444068569136 -0.5074287196600267
1.945887717576389 90 111 0.8873111423816805 0.9309493362512627 1.6607330651715984 1.6593398091280562
1.945887717576389 91 112 0.8850034371936534 0.933503385868831 0.26847686286564 0.27327304746751224
1.945887717576389 92 113 0.8826896987585606 0.9360504666899516 0.3292878499560459 0.3407106125162045
1.945887717576389 x 114 0.8838473250904421 0.9360504666899516 -182.9384229073933 -0.42978460440917843
1.945887717576389 x 115 0.886158040994738 0.9385906354489059 -182.9384229073933 -1.3530097117811977
1.945887717576389 x 116 0.8884627472042562 0.9411239481143202 -182.9384229073933 -0.27498142671365144
1.945887717576389 93 117 0.8850034371936534 0.9436504599035548 -0.13592407238800774 -0.15113071699417446
1.945887717576389 94 118 0.8896128612743778 0.9436504599035548 -1.1777601525894568 -1.190820942437341
1.945887717576389 95 119 0.8651394440601536 0.933503385868831 0.9571830315454974 0.9492491945208883
1.945887717576389 96 120 0.8850034371936534 0.9385906354489059 -0.11051094265124561 -0.13040049827705502
1.945887717576389 97 121 0.8838473250904421 0.9385906354489059 0.3291471132568802 0.33293105497952524
1.945887717576389 98 122 0.8850034371936534 0.9385906354489059 0.016972278376812255 0.03242019924803685
1.945887717576389 99 123 0.8568263121796352 0.9309493362512627 0.4606301934703936 0.43564482356634926
1.945887717576389 100 124 0.8815305522325516 0.933503385868831 0.35293726345938126 0.3484839120172296
1.945887717576389 x 125 0.8592097001276557 0.9309493362512627 -182.24574819491303 -0.3060908339242303
1.945887717576389 101 126 0.8803698795076853 0.933503385868831 -0.1451291839083808 -0.11813888573669828
1.945887717576389 102 127 0.8815305522325516 0.933503385868831 0.12675492030464852 0.11317518089140322
1.945887717576389 103 128 0.8803698795076853 0.9309493362512627 -0.35641019611819047 -0.36971188266153376
1.945887717576389 104 129 0.8568263121796352 0.9258200997725514 0.6527496521895841 0.6420179012631593
1.945887717576389 105 130 0.8815305522325516 0.933503385868831 -0.657067900323483 -0.6468811138500428
1.945887717576389 106 131 0.8884627472042562 0.9360504666899516 -0.12236622278371101 -0.1308744122820542
1.945887717576389 x 132 0.8873111423816805 0.933503385868831 -182.74721712555257 -0.7084865516611103
1.945887717576389 107 133 0.8850034371936534 0.9385906354489059 -0.3334030301433586 -0.32389898059781785
1.945887717576389 108 134 0.8850034371936534 0.9411239481143202 -0.03898575553805017 -0.0365133282410568
1.945887717576389 x 135 0.8873111423816805 0.9385906354489059 -183.11960591123398 -0.9899328012780586
1.945887717576389 109 136 0.8873111423816805 0.9411239481143202 -0.25663575208844236 -0.2794958455811809
1.945887717576389 110 137 0.8873111423816805 0.9411239481143202 0.009938193658825867 0.014360306466130623
1.945887717576389 111 138 0.8907614903664373 0.9436504599035548 -0.5912407006781848 -0.5814764849770313
1.945887717576389 112 139 0.886158040994738 0.9360504666899516 -0.19288519907553336 -0.1977300201811829
1.945887717576389 113 140 0.8896128612743778 0.9436504599035548 0.05095273631457076 0.04209937122800511
1.945887717576389 x 141 0.886158040994738 0.9461702252967461 -184.09947663310274 -0.048107953524066716
1.945887717576389 114 142 0.8884627472042562 0.9411239481143202 -0.24077486663503578 -0.2326055831097733
1.945887717576389 115 143 0.8873111423816805 0.933503385868831 0.0020438590307492177 -0.023849692396709088
1.945887717576389 116 144 0.8930543165283613 0.9385906354489059 -1.8923511656306289 -1.9145241732091733
1.945887717576389 117 145 0.8896128612743778 0.9411239481143202 0.19187155145795032 0.22793564729792593
1.945887717576389 x 146 0.8964825606753831 0.9486832980505138 -186.0386872548797 -1.4001967813007923
1.945887717576389 118 147 0.8964825606753831 0.9486832980505138 -0.7393609987248908 -0.7278343629111248
1.945887717576389 x 148 0.8941985249624324 0.9486832980505138 -186.7780482536046 -0.5256484228743545
1.945887717576389 119 149 0.895341271147511 0.9461702252967461 0.11695835161927448 0.12990710468923794
1.945887717576389 120 150 0.8930543165283613 0.9486832980505138 -0.36697843260560603 -0.3660510400678447
1.945887717576389 x 151 0.8896128612743778 0.9461702252967461 -187.02806833459093 -0.655127809711189
1.945887717576389 121 152 0.8884627472042562 0.9411239481143202 0.21846640979825338 0.2201501269187247
1.945887717576389 122 153 0.8896128612743778 0.9411239481143202 -0.017380095292253372 0.01378884166118155
1.945887717576389 123 154 0.8884627472042562 0.9411239481143202 0.5060569822360605 0.48859588759961525
1.945887717576389 124 155 0.8884627472042562 0.9411239481143202 0.9281257454040599 0.9276055006222919
1.945887717576389 125 156 0.8838473250904421 0.9360504666899516 0.34387419267514474 0.3500834451224648
1.945887717576389 126 157 0.8873111423816805 0.9309493362512627 1.0953764702275635 1.1097372087728559
1.945887717576389 127 158 0.8815305522325516 0.933503385868831 1.0706272519608149 1.0858278923131763
1.945887717576389 x 159 0.8919086402176445 0.9411239481143202 -182.88292137758128 -1.1399842682692167
1.945887717576389 128 160 0.8792076745395966 0.9360504666899516 0.27854441755528114 0.258454276489573
1.945887717576389 129 161 0.8826896987585606 0.9385906354489059 -0.8917044728646886 -0.8966276171471463
1.945887717576389 x 162 0.8873111423816805 0.933503385868831 -183.4960814328907 -1.0067493972518093
1.945887717576389 x 163 0.8838473250904421 0.9360504666899516 -183.4960814328907 -0.3622811385593536
1.945887717576389 130 164 0.8076829441317359 0.8864052604279183 0.5355819359319298 0.520350236340704
1.945887717576389 131 165 0.7512770314032703 0.7653197277702214 0.15478380154411298 0.171055928412585
1.945887717576389 x 166 0.780645215808843 0.870139561876632 -182.80571569541465 -0.8816659738701844
1.945887717576389 132 167 0.6537605547795654 0.5648430038936652 1.0585721305352536 1.0628831358723687
1.945887717576389 133 168 0.6537605547795654 0.560611910581388 0.04587307105859395 0.05867780294079239
1.945887717576389 x 169 0.7593991813034942 0.7928249671720918 -181.7012704938208 -0.5484285378495031
1.945887717576389 134 170 0.6692180218256203 0.6133436852128472 0.15098378847076788 0.128551868485431
1.945887717576389 135 171 0.7277721839547328 0.733549751615552 0.2815347590434669 0.27721076557782
1.945887717576389 136 172 0.7444408835084588 0.7590721152765896 -0.7420765891853875 -0.7555726814596824
1.945887717576389 137 173 0.7647660267458418 0.8251983888449983 0.028496922775019584 0.04458193632399343
1.945887717576389 138 174 0.7485500640331334 0.7559289460184544 0.18146285134747586 0.17257703366175292
1.945887717576389 x 175 0.8114719388657023 0.8890872794479687 -181.80086876136946 -0.9990112546330465
1.945887717576389 x 176 0.7674353752692952 0.8251983888449983 -181.80086876136946 -0.9043121930377254
1.945887717576389 139 177 0.6411263095406989 0.560611910581388 1.7498222320570846 1.7438689591969023
1.945887717576389 140 178 0.7164442989778286 0.7302967433402214 0.7107170544523456 0.7165962957034537
1.945887717576389 141 179 0.7263658595798609 0.7270291799999699 0.1743550042577624 0.16987413148282826
1.945887717576389 142 180 0.7249568071189753 0.7302967433402214 -0.20826086345775252 -0.19205187326645046
1.945887717576389 143 181 0.7249568071189753 0.7270291799999699 0.6192499807212641 0.6200424362411638
1.945887717576389 144 182 0.6521946589865897 0.5814595756329395 0.5103135088919544 0.5044353660857723
1.945887717576389 x 183 0.6584358984068521 0.5855400437691199 -178.2446718444468 -0.5573580752677287
1.945887717576389 145 184 0.615079757742407 0.5255382728122436 0.37779583233364633 0.36917396990577345
1.945887717576389 146 185 0.5913486717104743 0.4364357804719847 0.13717032311274124 0.13049724085408343
1.945887717576389 x 186 0.587880321139975 0.4525062483125562 -177.7297056890004 -0.5056839635016672
1.945887717576389 147 187 0.6083939096377063 0.47308511264837305 -1.4970421826865277 -1.4891728543043712
1.945887717576389 148 188 0.6050232803241139 0.4472135954999579 0.06560751023158673 0.06418637818651973
1.945887717576389 149 189 0.6016337674898651 0.4418575508442684 0.7664311970881386 0.7558813842507561
1.945887717576389 x 190 0.6083939096377063 0.4472135954999579 -178.3947091643672 -0.14852396512841892
1.945887717576389 150 191 0.5930752408495852 0.4309458036856673 1.1835277296540312 1.1914644769749998
1.945887717576389 x 192 0.5947967981452528 0.42538497969766276 -177.21118143471318 -0.508176715712807
1.945887717576389 151 193 0.5826390843897161 0.4418575508442684 -0.29301869654602797 -0.32601371392212286
1.945887717576389 152 194 0.587880321139975 0.4472135954999579 -0.418694351027483 -0.43892008373009617
1.945887717576389 153 195 0.5896170466995431 0.4418575508442684 -0.17856132595380814 -0.17374187821476994
1.945887717576389 154 196 0.5913486717104743 0.4309458036856673 1.4272470273699298 1.4381829386799154
1.945887717576389 155 197 0.5982250501558313 0.4418575508442684 1.0684754791149658 1.0696813559699478
1.945887717576389 156 198 0.5999318298015184 0.4472135954999579 -0.5402061019952384 -0.5523065945145902
1.945887717576389 157 199 0.6083939096377063 0.4525062483125562 -0.2501905687416297 -0.2573129324698584
1.945887717576389 158 200 0.6083939096377063 0.45773770821706344 0.8228405840385165 0.8360748024568636
1.945887717576389 x 201 0.6083939096377063 0.4525062483125562 -175.57328938845396 -0.8146482321077713
1.945887717576389 159 202 0.6050232803241139 0.45773770821706344 0.23949943955059894 0.2608390589132057
1.945887717576389 x 203 0.6050232803241139 0.45773770821706344 -175.33378994890336 -0.6101161297309261
1.945887717576389 160 204 0.6117459675668944 0.4629100498862757 0.31855266230056145 0.3344701916514339
1.945887717576389 161 205 0.615079757742407 0.4680252333449758 -0.850110453136125 -0.8578336398751389
1.945887717576389 162 206 0.6117459675668944 0.4629100498862757 0.5914646143881157 0.6236357761201532
1.945887717576389 x 207 0.6083939096377063 0.45773770821706344 -175.2738831253508 -0.4682975148745925
1.945887717576389 163 208 0.6067109357092572 0.45773770821706344 0.29090141873803077 0.2950240757708684
1.945887717576389 164 209 0.6067109357092572 0.45773770821706344 0.08139197539333054 0.09075180634826552
1.945887717576389 165 210 0.6083939096377063 0.45773770821706344 0.3137032789070133 0.3309483007600704
1.945887717576389 x 211 0.6083939096377063 0.4629100498862757 -174.58788645231243 -1.206369762166446
1.945887717576389 166 212 0.6067109357092572 0.45773770821706344 1.2064896771532858 1.1889477915882765
1.945887717576389 167 213 0.6050232803241139 0.45773770821706344 -0.10452906560445285 -0.1154060466519411
1.945887717576389 x 214 0.6067109357092572 0.45773770821706344 -173.4859258407636 -0.6264522419265575
1.945887717576389 168 215 0.6016337674898651 0.4472135954999579 -0.12830962173859461 -0.12482876298258816
1.945887717576389 169 216 0.6050232803241139 0.4472135954999579 0.1837565312721381 0.1975686377990371
1.945887717576389 170 217 0.6050232803241139 0.4472135954999579 -0.47918707176052067 -0.47599626161732544
1.945887717576389 171 218 0.6067109357092572 0.45773770821706344 0.3951597749404243 0.4037187306571184
1.945887717576389 172 219 0.6067109357092572 0.4525062483125562 0.8001024861060273 0.7992212875223004
1.945887717576389 173 220 0.6067109357092572 0.45773770821706344 0.4117394706053119 0.39770382481194133
1.945887717576389 174 221 0.6083939096377063 0.45773770821706344 -0.638553238186546 -0.6155811783758338
1.945887717576389 175 222 0.6083939096377063 0.45773770821706344 0.016018262062118538 0.011170254435285187
1.945887717576389 x 223 0.6067109357092572 0.4525062483125562 -172.92519924746324 -0.754277616123403
1.945887717576389 176 224 0.6083939096377063 0.45773770821706344 0.4491182907570703 0.4466743120014769
1.945887717576389 177 225 0.6083939096377063 0.45773770821706344 -0.007941801693675643 -0.010619069955964733
1.945887717576389 178 226 0.6083939096377063 0.45773770821706344 0.13037862469408878 0.1148013235547296
1.945887717576389 179 227 0.6067109357092572 0.4472135954999579 -0.1463720480416839 -0.1340997639494219
1.945887717576389 180 228 0.5999318298015184 0.4472135954999579 -0.09130103211785467 -0.08634312673504496
1.945887717576389 181 229 0.5999318298015184 0.4472135954999579 -0.9132877584219727 -0.9194030285469523
1.945887717576389 x 230 0.6033309041969425 0.4525062483125562 -173.50460497228727 -0.7549448154312586
1.945887717576389 182 231 0.5999318298015184 0.4472135954999579 0.20240399607033055 0.16528826399539298
1.945887717576389 183 232 0.5913486717104743 0.4418575508442684 -0.7897996933533307 -0.8197589230581173
1.945887717576389 184 233 0.5913486717104743 0.4364357804719847 0.2698452019613171 0.2831795005199922
1.945887717576389 185 234 0.5947967981452528 0.4418575508442684 -0.474486460996701 -0.47650370298387656
1.945887717576389 186 235 0.5896170466995431 0.4418575508442684 0.4856935540443885 0.48013191498671404
1.945887717576389 x 236 0.5965133869905148 0.4418575508442684 -173.81094837456126 -0.5809545627649868
1.945887717576389 187 237 0.5982250501558313 0.4525062483125562 1.416457339465751 1.4145319232181066
1.945887717576389 188 238 0.5965133869905148 0.4525062483125562 -0.4571727587386647 -0.45609001584699627
1.945887717576389 189 239 0.5930752408495852 0.4364357804719847 -0.5846207570266699 -0.5787027056600493
1.945887717576389 190 240 0.5965133869905148 0.4472135954999579 0.37521371793511094 0.3627201760571097
1.945887717576389 191 241 0.5999318298015184 0.4525062483125562 -0.21117094907995693 -0.20161013934739458
1.945887717576389 192 242 0.587880321139975 0.4418575508442684 0.9761359305737756 0.9789339505445298
1.945887717576389 1 0 0.6050232803241139 0.4680252333449758 0.44369746055562587 0.4633564130546972
1.945887717576389 2 1 0.6100722408529212 0.4680252333449758 -0.030881650616095158 -0.04359094772098615
1.945887717576389 3 2 0.5999318298015184 0.4680252333449758 0.51839054251721 0.49759843290030403
1.945887717576389 4 3 0.5965133869905148 0.4629100498862757 0.17666611232567675 0.17722469664010987
1.945887717576389 5 4 0.5947967981452528 0.45773770821706344 -0.25535521469751643 -0.25549479586862844
1.945887717576389 6 5 0.5930752408495852 0.45773770821706344 0.4054940362193804 0.4072912039113419
1.945887717576389 7 6 0.5999318298015184 0.4680252333449758 -0.00962648179879011 -0.01396765359200458
1.945887717576389 8 7 0.5999318298015184 0.4680252333449758 0.052861192859325 0.0359029260990269
1.945887717576389 9 8 0.5947967981452528 0.45773770821706344 0.34015046757210143 0.3325098403691129
1.945887717576389 10 9 0.5982250501558313 0.4629100498862757 -0.7283432640574858 -0.7134025012673249
1.945887717576389 11 10 0.5965133869905148 0.4629100498862757 -0.01731178767477104 -0.011171062423329658
1.945887717576389 12 11 0.5965133869905148 0.4629100498862757 0.2152139867885694 0.22303249510983392
1.945887717576389 13 12 0.5947967981452528 0.4629100498862757 0.4403278071878276 0.4567686245206062
1.945887717576389 14 13 0.5913486717104743 0.45773770821706344 0.6607595661238008 0.6627882763022512
1.945887717576389 15 14 0.5947967981452528 0.4629100498862757 -0.29227615344794344 -0.2815768117884261
1.945887717576389 x 15 0.5896170466995431 0.45773770821706344 -154.03823597332254 -0.16221888321047118
1.945887717576389 16 16 0.6016337674898651 0.4629100498862757 -0.4592656840255245 -0.4510192346316444
1.945887717576389 17 17 0.6067109357092572 0.4680252333449758 0.2561111310523927 0.25927560275201245
1.945887717576389 18 18 0.5896170466995431 0.45773770821706344 0.31247530935178247 0.3004873904442036
1.945887717576389 19 19 0.5861384496930644 0.45773770821706344 0.01707880555775887 0.0071618473291152895
1.945887717576389 20 20 0.5684262348432536 0.4472135954999579 -0.07501681226148094 -0.10330899092750201
1.945887717576389 21 21 0.5843913863444069 0.45773770821706344 -0.18033841002335294 -0.17068709371844193
1.945887717576389 22 22 0.5947967981452528 0.4629100498862757 -0.38991383994491 -0.39024731080172614
1.945887717576389 23 23 0.5826390843897161 0.45773770821706344 0.1768674116906368 0.19168329390379313
1.945887717576389 24 24 0.5702222147839637 0.4525062483125562 0.16819960882304485 0.18877739360135593
1.945887717576389 x 25 0.5702222147839637 0.4525062483125562 -154.2120384531022 -0.7530725955608943
1.945887717576389 x 26 0.587880321139975 0.4629100498862757 -154.2120384531022 -0.3894067480524086
1.945887717576389 25 27 0.5684262348432536 0.4525062483125562 -0.12023825118629361 -0.1269147241405335
1.945887717576389 26 28 0.5684262348432536 0.4525062483125562 -0.5567062801301006 -0.5455204533348876
1.945887717576389 x 29 0.5861384496930644 0.45773770821706344 -154.8889829844186 -0.4461191254659127
1.945887717576389 27 30 0.5843913863444069 0.45773770821706344 0.08705835338213319 0.08582693660082441
1.945887717576389 28 31 0.5896170466995431 0.4629100498862757 0.06865274869375071 0.0502019915441565
1.945887717576389 29 32 0.5720125558134017 0.4525062483125562 -0.07501674130381275 -0.07173551516370935
1.945887717576389 30 33 0.587880321139975 0.45773770821706344 -0.47522534830227414 -0.46081574800598446
1.945887717576389 31 34 0.5737973107145337 0.45773770821706344 0.39897523327786644 0.42183198713823344
1.945887717576389 32 35 0.5773502691896257 0.45773770821706344 0.4211363404110102 0.42105478925373063
1.945887717576389 33 36 0.5913486717104743 0.4629100498862757 0.10698892893452694 0.10601490872690533
1.945887717576389 34 37 0.5930752408495852 0.4629100498862757 -0.1249077080192933 -0.1247784802162073
1.945887717576389 35 38 0.5947967981452528 0.4629100498862757 -0.13901795397137562 -0.171492759198145
1.945887717576389 36 39 0.5913486717104743 0.4629100498862757 0.5142278131050091 0.500559559306339
1.945887717576389 37 40 0.6033309041969425 0.4629100498862757 -0.35751295396576666 -0.36351668792514147
1.945887717576389 38 41 0.6134151274703021 0.4629100498862757 -0.09242818315672707 -0.0948451859170234
1.945887717576389 39 42 0.6117459675668944 0.4629100498862757 -0.11614203314317706 -0.11921601982024299
1.945887717576389 40 43 0.5947967981452528 0.4629100498862757 0.3854392405486067 0.3897896033487882
1.945887717576389 41 44 0.5982250501558313 0.4629100498862757 0.31765132492381554 0.3256285126265652
1.945887717576389 42 45 0.6117459675668944 0.4680252333449758 -0.09471877895103376 -0.08324945762373659
1.945887717576389 43 46 0.6083939096377063 0.4680252333449758 -0.6290884014248093 -0.6233629084196082
1.945887717576389 44 47 0.6083939096377063 0.4680252333449758 0.1372358748529905 0.14559885648051818
1.945887717576389 45 48 0.6117459675668944 0.4680252333449758 0.07236051565863022 0.07025985585812577
1.945887717576389 46 49 0.5999318298015184 0.4629100498862757 0.8392534132799483 0.84224064532836
1.945887717576389 47 50 0.6117459675668944 0.4680252333449758 0.40861528414839654 0.38552402522699936
1.945887717576389 48 51 0.6016337674898651 0.4629100498862757 0.8912452748780311 0.8804245130841082
1.945887717576389 49 52 0.6033309041969425 0.4629100498862757 -0.07919148994841407 -0.0953386636818152
1.945887717576389 50 53 0.6083939096377063 0.4629100498862757 0.09050062089903577 0.08881671760349263
1.945887717576389 51 54 0.6216937087382038 0.47308511264837305 -0.33600204076776663 -0.35623428341526164
1.945887717576389 52 55 0.6117459675668944 0.4680252333449758 -0.13052103368298162 -0.1329441708450645
1.945887717576389 53 56 0.6050232803241139 0.4629100498862757 -0.33168309677927255 -0.3239313963761674
1.945887717576389 54 57 0.6083939096377063 0.4680252333449758 -0.022368684028094776 -0.03138010636979516
1.945887717576389 55 58 0.6134151274703021 0.4680252333449758 -0.15912103520301457 -0.1750641097964376
1.945887717576389 56 59 0.6050232803241139 0.4629100498862757 -0.08651483134511295 -0.10631505427127763
1.945887717576389 57 60 0.6050232803241139 0.4629100498862757 0.6323140357631303 0.63580682764578
1.945887717576389 58 61 0.6117459675668944 0.4680252333449758 -0.19362078002993144 -0.22135826975539885
1.945887717576389 x 62 0.6216937087382038 0.47308511264837305 -152.96040907568457 -0.4457069295608562
1.945887717576389 59 63 0.6117459675668944 0.4680252333449758 -0.015537233804053585 -0.033740304028100354
1.945887717576389 60 64 0.5999318298015184 0.4629100498862757 0.1122862120888044 0.10426791226291243
1.945887717576389 61 65 0.5947967981452528 0.4629100498862757 -0.5077267009120874 -0.5088951752194077
1.945887717576389 62 66 0.5913486717104743 0.45773770821706344 -0.20022363779415286 -0.20798269293737803
1.945887717576389 63 67 0.5982250501558313 0.4629100498862757 0.2519326599089595 0.27578162718066324
1.945887717576389 64 68 0.5861384496930644 0.45773770821706344 -0.05009022249731743 -0.02238402760346503
1.945887717576389 65 69 0.587880321139975 0.45773770821706344 0.24518873698244192 0.2253974931498135
1.945887717576389 66 70 0.5896170466995431 0.4629100498862757 0.33322992461631884 0.3369367789976252
1.945887717576389 67 71 0.5861384496930644 0.4629100498862757 0.10684907412147027 0.107526663999721
1.945887717576389 68 72 0.5965133869905148 0.4629100498862757 0.2676735811386095 0.24327938577866348
1.945887717576389 x 73 0.6100722408529212 0.47308511264837305 -152.41682668183557 -0.9341796736112258
1.945887717576389 69 74 0.5808814964202558 0.45773770821706344 -0.6748034543138317 -0.6664580395332962
1.945887717576389 70 75 0.5861384496930644 0.4629100498862757 0.42117552502634226 0.42611320585200474
1.945887717576389 71 76 0.6117459675668944 0.47308511264837305 0.0770105093172333 0.07337518927195674
1.945887717576389 72 77 0.6067109357092572 0.47308511264837305 -0.1286472936850771 -0.13058818670540973
1.945887717576389 73 78 0.6134151274703021 0.47308511264837305 0.15612647287392178 0.14449025757994605
1.945887717576389 74 79 0.6134151274703021 0.47308511264837305 0.1367463911752509 0.13453251077504547
1.945887717576389 75 80 0.6266083599903659 0.47308511264837305 -0.14026081776415822 -0.1445242117823966
1.945887717576389 76 81 0.6266083599903659 0.47308511264837305 0.3632147683176754 0.36357489458231385
1.945887717576389 77 82 0.6216937087382038 0.47308511264837305 -0.012268790538627172 -0.02325407982485217
1.945887717576389 78 83 0.6117459675668944 0.47308511264837305 0.0036798126673147635 0.0015336800387046878
1.945887717576389 79 84 0.5896170466995431 0.4629100498862757 0.21695287875581926 0.23097498345018153
1.945887717576389 80 85 0.5702222147839637 0.45773770821706344 0.3083822730037298 0.2997171822788971
1.945887717576389 81 86 0.5611848406344145 0.45773770821706344 -0.12098548507995588 -0.11789036480720938
1.945887717576389 82 87 0.5556918714833967 0.4418575508442684 -0.15402510966060845 -0.16314933104021634
1.945887717576389 83 88 0.5501440599584498 0.4418575508442684 0.388003064005062 0.36252313186332685
1.945887717576389 84 89 0.5593598444497264 0.4525062483125562 0.2816457077489929 0.26995710639729964
1.945887717576389 85 90 0.5593598444497264 0.4525062483125562 -0.25323751769326464 -0.24457146407456776
1.945887717576389 x 91 0.5254270830780441 0.4309458036856673 -151.54811774767975 -0.5840830749447719
1.945887717576389 x 92 0.5702222147839637 0.45773770821706344 -151.54811774767975 -0.618354824703431
1.945887717576389 86 93 0.5737973107145337 0.4629100498862757 -0.05781463220932892 -0.060820792201866425
1.945887717576389 87 94 0.616739895060721 0.47308511264837305 0.3370670194202319 0.34735708123977815
1.945887717576389 88 95 0.6134151274703021 0.47308511264837305 0.27350145020378136 0.3005033922665632
1.945887717576389 x 96 0.5930752408495852 0.4629100498862757 -150.99536391026507 -0.07058273369221979
1.945887717576389 89 97 0.6083939096377063 0.47308511264837305 0.2067318276303638 0.21467339399936236
1.945887717576389 90 98 0.5826390843897161 0.4629100498862757 0.20324736492028705 0.21926433022633773
1.945887717576389 91 99 0.6083939096377063 0.47308511264837305 -0.3348053686292758 -0.33084823096552896
1.945887717576389 92 100 0.616739895060721 0.47308511264837305 -0.14319289719708195 -0.13376568743154849
1.945887717576389 93 101 0.615079757742407 0.47308511264837305 0.2056513591113287 0.2086911878040496
1.945887717576389 94 102 0.6200468350936172 0.47308511264837305 -0.017524906337342827 -0.006821014767950828
1.945887717576389 95 103 0.616739895060721 0.47308511264837305 0.32237793995221864 0.313652824907507
1.945887717576389 96 104 0.5947967981452528 0.47308511264837305 0.5160928890381058 0.5238229999378632
1.945887717576389 x 105 0.5896170466995431 0.4629100498862757 -150.03678570177647 -0.23763954855857605
1.945887717576389 97 106 0.5791185743078738 0.4629100498862757 0.040317956073948835 0.047342828146014426
1.945887717576389 x 107 0.6033309041969425 0.47308511264837305 -149.99646774570252 -0.3314785951311876
1.945887717576389 98 108 0.5684262348432536 0.4525062483125562 0.48749495414227795 0.4705008902687382
1.945887717576389 x 109 0.5965133869905148 0.47308511264837305 -149.50897279156024 -0.6599935549214138
1.945887717576389 x 110 0.5737973107145337 0.45773770821706344 -149.50897279156024 -0.9500406534426418
1.945887717576389 99 111 0.5684262348432536 0.4525062483125562 0.4494593974622205 0.43185156090177657
1.945887717576389 100 112 0.5666245623717936 0.4472135954999579 -0.23088952106982674 -0.24670847425022657
1.945887717576389 101 113 0.5773502691896257 0.45773770821706344 0.521219653642305 0.5185618160108447
1.945887717576389 102 114 0.5773502691896257 0.45773770821706344 0.44114112767491065 0.4377857445072948
1.945887717576389 103 115 0.5575288744161785 0.4472135954999579 -0.18598198182351666 -0.21023116512478168
1.945887717576389 104 116 0.5482823149915701 0.4418575508442684 0.017210228244380232 0.007064951473381598
1.945887717576389 105 117 0.5684262348432536 0.4525062483125562 0.03880077556519268 0.046387296367896624
1.945887717576389 106 118 0.5519995257992688 0.4472135954999579 0.2190364547540753 0.2101945060741457
1.945887717576389 107 119 0.5773502691896257 0.45773770821706344 -0.0989406729607083 -0.1053894545975993
1.945887717576389 108 120 0.5861384496930644 0.45773770821706344 0.8585156706592443 0.8557449472827727
1.945887717576389 109 121 0.5720125558134017 0.4525062483125562 0.07642328379949959 0.060889233453821134
1.945887717576389 110 122 0.5593598444497264 0.4418575508442684 0.11073665401733024 0.11046134950464648
1.945887717576389 111 123 0.5755765314519714 0.4525062483125562 -0.18517887006734668 -0.17981973876507595
1.945887717576389 x 124 0.5593598444497264 0.4525062483125562 -147.47742059166248 -0.597491318187167
1.945887717576389 112 125 0.5843913863444069 0.45773770821706344 0.08272113576737183 0.08344086992494226
1.945887717576389 113 126 0.5913486717104743 0.47308511264837305 0.2118226665519103 0.21751324580492337
1.945887717576389 x 127 0.6067109357092572 0.47308511264837305 -147.1828767893432 -0.09089075623057852
1.945887717576389 114 128 0.5861384496930644 0.4629100498862757 0.09050788631361684 0.10107776461512685
1.945887717576389 115 129 0.5666245623717936 0.4472135954999579 0.7136480794677311 0.7042326323809789
1.945887717576389 116 130 0.5482823149915701 0.4364357804719847 0.1406451515531444 0.16109024537720984
1.945887717576389 117 131 0.5519995257992688 0.4472135954999579 0.030882415143395292 0.04013543381674367
1.945887717576389 118 132 0.5482823149915701 0.4309458036856673 0.21655393663314726 0.18453727828534738
1.945887717576389 119 133 0.5648171428949156 0.4525062483125562 -0.3583876811925393 -0.3474687320694443
1.945887717576389 120 134 0.5538487756217113 0.4418575508442684 0.26062822667446994 0.2695813734642627
1.945887717576389 121 135 0.5407712435330774 0.4309458036856673 -0.19420001288295907 -0.2060701786111565
1.945887717576389 122 136 0.5254270830780441 0.42538497969766276 0.12818035951269735 0.12084669019540684
1.945887717576389 x 137 0.5519995257992688 0.4418575508442684 -146.1544184281205 -0.5913009565431082
1.945887717576389 123 138 0.5273695188451386 0.42538497969766276 -0.2599623285624375 -0.2467054926316905
1.945887717576389 124 139 0.5369763107272132 0.4309458036856673 -0.27613565467396484 -0.27937798797853475
1.945887717576389 125 140 0.5175844477297374 0.408248290463863 0.3120824501750974 0.3168628150829136
1.945887717576389 126 141 0.46338313130752623 0.3842122429322726 -0.016830146098726573 -0.010135832671494427
1.945887717576389 127 142 0.4655844887401418 0.3903600291794133 -0.03297600186462546 -0.03716147303299522
1.945887717576389 128 143 0.43843932174795375 0.3651483716701107 0.03396993040263396 0.024421821911545294
1.945887717576389 129 144 0.4313862185207733 0.3518657752744984 0.27493482300573646 0.2824666722968914
1.945887717576389 x 145 0.45671540050146625 0.3903600291794133 -146.11933535573678 -0.8621044620674638
1.945887717576389 x 146 0.4313862185207733 0.37161167647860327 -146.11933535573678 -0.3383984736830712
1.945887717576389 130 147 0.4266193736570693 0.3518657752744984 0.3738344790207577 0.3375203949143213
1.945887717576389 131 148 0.3942324478069829 0.30079260375911915 1.1237920553774075 1.1266557105311108
1.945887717576389 132 149 0.37563851570163515 0.2845213189769458 -0.016384208588817728 -0.040768163902242804
1.945887717576389 x 150 0.36738171586699064 0.2845213189769458 -144.63809302992743 -0.19255648991565977
1.945887717576389 133 151 0.37563851570163515 0.2760262237369417 -0.6365526567664119 -0.6309823254600815
1.945887717576389 134 152 0.3783507423721787 0.2760262237369417 -0.37709284798637555 -0.3714472146819787
1.945887717576389 135 153 0.37563851570163515 0.2760262237369417 0.24011402655457914 0.2453142444611558
1.945887717576389 136 154 0.40447395713950485 0.3086066999241838 0.0602877890585205 0.05529917394852646
1.945887717576389 137 155 0.40949867100418313 0.3236694374850748 -0.0009548699805179695 0.009597795886435279
1.945887717576389 138 156 0.41198804755628937 0.3236694374850748 -0.043873959950190056 -0.0533525720853163
1.945887717576389 139 157 0.40949867100418313 0.3380617018914066 0.08162854279078147 0.06534044449367116
1.945887717576389 140 158 0.3783507423721787 0.2845213189769458 0.5871872100537416 0.5853490619889499
1.945887717576389 141 159 0.3617725053169077 0.2760262237369417 -0.6043621920896953 -0.5955902693406188
1.945887717576389 142 160 0.35893503009349875 0.2672612419124244 -0.24163957073810138 -0.23039254352667626
1.945887717576389 x 161 0.3617725053169077 0.2760262237369417 -145.5733515589811 -0.5390661949732021
1.945887717576389 143 162 0.35893503009349875 0.2581988897471611 0.3925878910712015 0.38699376456682444
1.945887717576389 144 163 0.3617725053169077 0.2672612419124244 -0.025775855614938337 -0.027932422123228662
1.945887717576389 145 164 0.36738171586699064 0.2760262237369417 -0.24085093616625386 -0.23531320473429673
1.945887717576389 146 165 0.3890105954261185 0.31622776601683794 -0.24160950362821154 -0.25721204702287537
1.945887717576389 147 166 0.3645878980140771 0.2672612419124244 0.12874788181579788 0.1214429695981778
1.945887717576389 148 167 0.35607494443328885 0.2581988897471611 0.5741830886688035 0.5554591341747539
1.945887717576389 x 168 0.3531916990504146 0.2581988897471611 -144.9860689928347 -0.3283701692547254
1.945887717576389 x 169 0.34141531479696996 0.24880667576405965 -144.9860689928347 -0.2730830492368739
1.945887717576389 149 170 0.3617725053169077 0.2581988897471611 -0.38102324303577007 -0.3710295275137696
1.945887717576389 150 171 0.3531916990504146 0.24880667576405965 -0.41594071221928175 -0.42062166309602844
1.945887717576389 151 172 0.3729065629664843 0.2845213189769458 -0.4935457466478965 -0.47941051180788463
1.945887717576389 152 173 0.36738171586699064 0.2760262237369417 0.5201795848895188 0.517499701623052
1.945887717576389 x 174 0.46338313130752623 0.37161167647860327 -145.75639910984813 -0.34919912609558423
1.945887717576389 153 175 0.3783507423721787 0.2845213189769458 0.26120638643300254 0.25876155629600817
1.945887717576389 154 176 0.33840719171268063 0.23904572186687872 0.20118472193709636 0.21702670533224477
1.945887717576389 155 177 0.3645878980140771 0.2581988897471611 -0.22417491889979146 -0.22214441081197833
1.945887717576389 156 178 0.399386031871406 0.30079260375911915 0.20937092778081023 0.20854962059254945
1.945887717576389 157 179 0.3890105954261185 0.30079260375911915 0.02433869753119211 0.025582303772580417
1.945887717576389 158 180 0.37015444739787384 0.2672612419124244 -0.21748685143018065 -0.21748269009796672
1.945887717576389 159 181 0.37563851570163515 0.2760262237369417 -0.26423928834822163 -0.2699265634423398
1.945887717576389 160 182 0.35607494443328885 0.2760262237369417 -0.6458703976116453 -0.6383242380448166
1.945887717576389 x 183 0.3165509421522942 0.22886885410853172 -146.41206983245587 -0.2823190824130677
1.945887717576389 x 184 0.3837176876346476 0.29277002188455997 -146.41206983245587 -0.21645102286751694
1.945887717576389 161 185 0.38104366420218805 0.29277002188455997 -0.03201370886003474 -0.036764802243737904
1.945887717576389 162 186 0.3531916990504146 0.2760262237369417 0.43547317921655804 0.4427345885023328
1.945887717576389 163 187 0.31976473969553965 0.23904572186687872 -0.10776364087075763 -0.11579727292354391
1.945887717576389 164 188 0.3353720883255073 0.2672612419124244 0.23079932276047543 0.2173809882984301
1.945887717576389 165 189 0.34141531479696996 0.2760262237369417 -0.024537036184852923 -0.02916077554610297
1.945887717576389 166 190 0.33840719171268063 0.2760262237369417 -0.3347268842816504 -0.35065024319547433
1.945887717576389 167 191 0.34141531479696996 0.2760262237369417 -0.060017492213404466 -0.06925397419490764
1.945887717576389 168 192 0.3165509421522942 0.24880667576405965 0.5881796264376931 0.5714036584078315
1.945887717576389 169 193 0.30670756373515107 0.23904572186687872 -0.5148971815593484 -0.5142590659294797
1.945887717576389 170 194 0.3100234175468086 0.23904572186687872 -0.19704252310313564 -0.2157453256570534
1.945887717576389 x 195 0.2999659149007592 0.22886885410853172 -146.42861617111433 -0.769716571384663
1.945887717576389 171 196 0.3165509421522942 0.24880667576405965 0.18244397594486372 0.198294172903843
1.945887717576389 172 197 0.33840719171268063 0.2760262237369417 0.23253052970548538 0.22462833005488392
1.945887717576389 173 198 0.3323092653730268 0.2760262237369417 -0.3499811685938994 -0.3539534508478539
1.945887717576389 174 199 0.3502847220520294 0.2760262237369417 0.20658744903062143 0.19517895347195235
1.945887717576389 175 200 0.32921794920342606 0.2760262237369417 0.31472815091422035 0.3098571731181039
1.945887717576389 176 201 0.3323092653730268 0.2760262237369417 -0.13947001516115165 -0.1361363422740851
1.945887717576389 177 202 0.3229465567669167 0.2760262237369417 0.6076554804436114 0.5912013716258855
1.945887717576389 178 203 0.3353720883255073 0.2760262237369417 -0.524059225887413 -0.5380403313891691
1.945887717576389 179 204 0.32921794920342606 0.2760262237369417 0.09159403000637667 0.10787973816155727
1.945887717576389 x 205 0.32609732949329484 0.2672612419124244 -145.8065869647116 -1.0130429144920186
1.945887717576389 180 206 0.33840719171268063 0.2760262237369417 0.6766837666064305 0.6673173989025258
1.945887717576389 181 207 0.3531916990504146 0.2845213189769458 -0.3151286602612231 -0.32297516850928787
1.945887717576389 182 208 0.35893503009349875 0.2845213189769458 0.1716083590884807 0.17231872647676028
1.945887717576389 183 209 0.35893503009349875 0.2845213189769458 0.31479912062539483 0.3115458196253087
1.945887717576389 184 210 0.3783507423721787 0.30079260375911915 0.1596485095390392 0.1685274499390914
1.945887717576389 185 211 0.3837176876346476 0.3086066999241838 0.1734523200514957 0.17041621189520129
1.945887717576389 x 212 0.39681760631168644 0.31622776601683794 -144.625523549062 -0.2526316325730704
1.945887717576389 186 213 0.4019380452620016 0.31622776601683794 -0.19101876605006396 -0.23331953237749303
1.945887717576389 187 214 0.43843932174795375 0.3842122429322726 -0.6172898096871506 -0.608438815941355
1.945887717576389 188 215 0.40447395713950485 0.3236694374850748 -0.1882132987863656 -0.1794303918532023
1.945887717576389 189 216 0.3837176876346476 0.3086066999241838 -0.37559903564158503 -0.367595850609149
1.945887717576389 x 217 0.41198804755628937 0.33094381626464864 -145.99764445922716 -0.6249208022907737
1.945887717576389 190 218 0.40447395713950485 0.31622776601683794 0.4719454156890208 0.4612982858050998
1.945887717576389 191 219 0.39681760631168644 0.31622776601683794 -0.4850404692328141 -0.4653335751864347
1.945887717576389 192 220 0.3837176876346476 0.3086066999241838 -0.09422168052634561 -0.09357692368328685
1.945887717576389 193 221 0.399386031871406 0.3236694374850748 -0.7233665111282335 -0.6986869809211385
1.945887717576389 194 222 0.4069940684815211 0.3450327796711771 0.06588718887820733 0.05563401797144252
1.945887717576389 195 223 0.40949867100418313 0.3380617018914066 0.17788387427350472 0.18431612308461354
1.945887717576389 196 224 0.3645878980140771 0.2760262237369417 0.3592278732378418 0.34394510102305276
1.945887717576389 197 225 0.3502847220520294 0.2672612419124244 -0.1085992090147272 -0.11186341726525484
1.945887717576389 198 226 0.3502847220520294 0.2672612419124244 0.5234199038908116 0.5163968406521349
1.945887717576389 199 227 0.3323092653730268 0.2672612419124244 -0.09532820139978071 -0.08467955036709895
1.945887717576389 x 228 0.31976473969553965 0.2672612419124244 -145.90583627455968 -0.3909707098551962
1.945887717576389 200 229 0.32921794920342606 0.2581988897471611 0.8432809103295824 0.849511795889839
1.945887717576389 201 230 0.32609732949329484 0.2581988897471611 0.12530433466596946 0.12161035264952602
1.945887717576389 202 231 0.33840719171268063 0.2672612419124244 0.1666595452212789 0.18127728231633
1.945887717576389 203 232 0.36738171586699064 0.29277002188455997 1.0264000495305083 1.0385652500885385
1.945887717576389 204 233 0.3443971645541891 0.2672612419124244 -0.3353758413811363 -0.3285049718984965
1.945887717576389 205 234 0.3617725053169077 0.2760262237369417 -0.09183711276639883 -0.07354885738178041
1.945887717576389 x 235 0.3323092653730268 0.2672612419124244 -144.17140438895987 -0.13886840322055605
1.945887717576389 206 236 0.3942324478069829 0.3236694374850748 -0.5499100682963274 -0.5319992796275415
1.945887717576389 207 237 0.4242158651023073 0.35856858280031806 0.21475472322163114 0.2034066747654606
1.945887717576389 208 238 0.4217986610095483 0.3518657752744984 -0.085274938953944 -0.09874427985150191
